Engine,Cycles,Sensor1,Sensor2,Sensor3,Sensor4,Sensor5,Sensor6,Sensor7,Sensor8,Sensor9,Sensor10,Sensor11,Sensor12,Sensor13,Sensor14,Sensor15,Sensor16,Sensor17,Sensor18,Sensor19,Sensor20,Sensor21,Sensor22,Sensor23,Sensor24,Remaining Cycles
1,1,-0.0007,-0.0004,100.0,518.67,641.82,1589.7,1400.6,14.62,21.61,554.36,2388.06,9046.19,1.3,47.47,521.66,2388.02,8138.62,8.4195,0.03,392,2388,100.0,39.06,23.419,191
1,2,0.0019,-0.0003,100.0,518.67,642.15,1591.82,1403.14,14.62,21.61,553.75,2388.04,9044.07,1.3,47.49,522.28,2388.07,8131.49,8.4318,0.03,392,2388,100.0,39.0,23.4236,190
1,3,-0.0043,0.0003,100.0,518.67,642.35,1587.99,1404.2,14.62,21.61,554.26,2388.08,9052.94,1.3,47.27,522.42,2388.03,8133.23,8.4178,0.03,390,2388,100.0,38.95,23.3442,189
1,4,0.0007,0.0,100.0,518.67,642.35,1582.79,1401.87,14.62,21.61,554.45,2388.11,9049.48,1.3,47.13,522.86,2388.08,8133.83,8.3682,0.03,392,2388,100.0,38.88,23.3739,188
1,5,-0.0019,-0.0002,100.0,518.67,642.37,1582.85,1406.22,14.62,21.61,554.0,2388.06,9055.15,1.3,47.28,522.19,2388.04,8133.8,8.4294,0.03,393,2388,100.0,38.9,23.4044,187
1,6,-0.0043,-0.0001,100.0,518.67,642.1,1584.47,1398.37,14.62,21.61,554.67,2388.02,9049.68,1.3,47.16,521.68,2388.03,8132.85,8.4108,0.03,391,2388,100.0,38.98,23.3669,186
1,7,0.001,0.0001,100.0,518.67,642.48,1592.32,1397.77,14.62,21.61,554.34,2388.02,9059.13,1.3,47.36,522.32,2388.03,8132.32,8.3974,0.03,392,2388,100.0,39.1,23.3774,185
1,8,-0.0034,0.0003,100.0,518.67,642.56,1582.96,1400.97,14.62,21.61,553.85,2388.0,9040.8,1.3,47.24,522.47,2388.03,8131.07,8.4076,0.03,391,2388,100.0,38.97,23.3106,184
1,9,0.0008,0.0001,100.0,518.67,642.12,1590.98,1394.8,14.62,21.61,553.69,2388.05,9046.46,1.3,47.29,521.79,2388.05,8125.69,8.3728,0.03,392,2388,100.0,39.05,23.4066,183
1,10,-0.0033,0.0001,100.0,518.67,641.71,1591.24,1400.46,14.62,21.61,553.59,2388.05,9051.7,1.3,47.03,521.79,2388.06,8129.38,8.4286,0.03,393,2388,100.0,38.95,23.4694,182
1,11,0.0018,-0.0003,100.0,518.67,642.28,1581.75,1400.64,14.62,21.61,554.54,2388.05,9049.61,1.3,47.15,521.4,2388.01,8140.58,8.434,0.03,392,2388,100.0,38.94,23.4787,181
1,12,0.0016,0.0002,100.0,518.67,642.06,1583.41,1400.15,14.62,21.61,554.52,2388.09,9049.37,1.3,47.18,521.8,2388.02,8134.25,8.3938,0.03,391,2388,100.0,39.06,23.366,180
1,13,-0.0019,0.0004,100.0,518.67,643.07,1582.19,1400.83,14.62,21.61,553.44,2388.12,9046.82,1.3,47.38,521.85,2388.08,8128.1,8.4152,0.03,393,2388,100.0,38.93,23.2757,179
1,14,0.0009,-0.0,100.0,518.67,642.35,1592.95,1399.16,14.62,21.61,554.48,2388.09,9047.37,1.3,47.44,521.67,2388.0,8134.43,8.3964,0.03,393,2388,100.0,39.18,23.3826,178
1,15,-0.0018,-0.0003,100.0,518.67,642.43,1583.82,1402.13,14.62,21.61,553.64,2388.11,9052.22,1.3,47.3,522.5,2388.08,8127.56,8.4199,0.03,391,2388,100.0,38.99,23.35,177
1,16,0.0006,0.0005,100.0,518.67,642.13,1587.98,1404.5,14.62,21.61,553.94,2388.05,9049.34,1.3,47.24,521.49,2388.07,8136.11,8.3936,0.03,392,2388,100.0,38.97,23.455,176
1,17,0.0002,0.0002,100.0,518.67,642.58,1584.96,1399.95,14.62,21.61,553.8,2388.06,9054.92,1.3,47.12,521.89,2388.04,8137.27,8.4542,0.03,392,2388,100.0,38.81,23.3319,175
1,18,-0.0031,-0.0001,100.0,518.67,642.62,1591.04,1396.12,14.62,21.61,554.2,2388.05,9049.55,1.3,47.21,521.76,2388.07,8132.73,8.4028,0.03,392,2388,100.0,38.89,23.3987,174
1,19,0.0032,-0.0003,100.0,518.67,641.79,1587.56,1400.35,14.62,21.61,554.18,2388.04,9053.99,1.3,47.4,521.89,2388.03,8129.13,8.4321,0.03,391,2388,100.0,38.8,23.3464,173
1,20,-0.0037,0.0001,100.0,518.67,643.04,1581.11,1405.23,14.62,21.61,554.81,2388.05,9045.9,1.3,47.22,522.07,2388.02,8129.71,8.421,0.03,392,2388,100.0,39.03,23.422,172
1,21,-0.0012,0.0001,100.0,518.67,642.37,1586.07,1398.13,14.62,21.61,554.08,2388.11,9048.15,1.3,47.15,522.42,2388.08,8134.02,8.4049,0.03,392,2388,100.0,39.09,23.3101,171
1,22,0.0002,0.0,100.0,518.67,642.77,1592.93,1400.57,14.62,21.61,553.63,2388.04,9061.21,1.3,47.24,522.0,2388.03,8130.41,8.4034,0.03,392,2388,100.0,38.92,23.3792,170
1,23,0.0034,-0.0003,100.0,518.67,642.14,1588.19,1394.75,14.62,21.61,553.98,2388.05,9046.28,1.3,47.25,521.52,2388.05,8127.9,8.424,0.03,392,2388,100.0,38.94,23.4562,169
1,24,-0.001,0.0003,100.0,518.67,642.38,1590.83,1398.81,14.62,21.61,553.49,2388.12,9043.76,1.3,47.44,522.13,2388.03,8133.88,8.3891,0.03,392,2388,100.0,39.0,23.3696,168
1,25,0.0023,-0.0004,100.0,518.67,642.77,1594.1,1399.39,14.62,21.61,554.0,2388.02,9054.16,1.3,47.36,522.56,2388.02,8136.61,8.3917,0.03,393,2388,100.0,38.95,23.4288,167
1,26,0.0,0.0002,100.0,518.67,642.16,1589.08,1396.07,14.62,21.61,554.11,2388.07,9047.11,1.3,47.26,522.28,2388.06,8131.15,8.426,0.03,394,2388,100.0,38.86,23.4149,166
1,27,-0.0012,-0.0004,100.0,518.67,642.44,1590.47,1401.84,14.62,21.61,554.07,2388.02,9047.96,1.3,47.37,522.0,2388.13,8134.6,8.4046,0.03,393,2388,100.0,38.99,23.4472,165
1,28,-0.0024,0.0005,100.0,518.67,642.35,1582.84,1399.13,14.62,21.61,554.68,2388.12,9049.84,1.3,47.41,522.57,2388.08,8127.3,8.4323,0.03,390,2388,100.0,39.01,23.2841,164
1,29,0.0012,-0.0001,100.0,518.67,641.91,1584.83,1400.99,14.62,21.61,554.25,2388.05,9050.47,1.3,47.24,522.41,2388.06,8133.06,8.4189,0.03,393,2388,100.0,38.93,23.3597,163
1,30,-0.0022,0.0,100.0,518.67,642.2,1593.52,1396.08,14.62,21.61,554.37,2388.07,9045.62,1.3,47.4,522.19,2388.0,8137.86,8.4065,0.03,390,2388,100.0,39.05,23.411,162
1,31,0.0014,0.0005,100.0,518.67,642.02,1584.18,1396.9,14.62,21.61,554.13,2388.08,9058.78,1.3,47.41,521.95,2388.06,8125.28,8.4104,0.03,392,2388,100.0,38.94,23.3353,161
1,32,0.0005,-0.0003,100.0,518.67,642.33,1591.38,1400.36,14.62,21.61,554.96,2388.04,9050.97,1.3,47.25,521.92,2388.07,8129.7,8.4148,0.03,392,2388,100.0,39.02,23.4999,160
1,33,-0.0042,-0.0004,100.0,518.67,642.71,1588.4,1402.43,14.62,21.61,554.61,2388.04,9047.13,1.3,47.28,521.91,2388.08,8134.42,8.3753,0.03,392,2388,100.0,38.83,23.3506,159
1,34,0.0015,-0.0001,100.0,518.67,642.54,1581.47,1400.48,14.62,21.61,554.3,2388.03,9046.46,1.3,47.47,521.7,2388.09,8126.61,8.4349,0.03,392,2388,100.0,38.81,23.3092,158
1,35,0.0003,0.0002,100.0,518.67,642.44,1590.0,1403.0,14.62,21.61,554.3,2388.04,9045.76,1.3,47.31,521.75,2388.01,8140.17,8.443,0.03,391,2388,100.0,39.13,23.4164,157
1,36,-0.0004,-0.0002,100.0,518.67,642.54,1581.72,1405.54,14.62,21.61,554.53,2388.01,9044.56,1.3,47.25,522.32,2388.04,8132.48,8.4246,0.03,392,2388,100.0,38.86,23.4308,156
1,37,-0.0004,-0.0,100.0,518.67,641.99,1579.11,1398.9,14.62,21.61,554.63,2388.07,9055.44,1.3,47.29,522.29,2388.04,8131.95,8.4142,0.03,392,2388,100.0,38.99,23.4352,155
1,38,-0.0018,-0.0002,100.0,518.67,641.93,1589.6,1399.5,14.62,21.61,554.7,2388.08,9055.27,1.3,47.27,522.42,2388.08,8136.61,8.4158,0.03,392,2388,100.0,39.06,23.4768,154
1,39,-0.003,-0.0001,100.0,518.67,642.01,1583.21,1400.69,14.62,21.61,553.97,2388.02,9051.76,1.3,47.12,522.23,2388.05,8131.81,8.414,0.03,392,2388,100.0,38.7,23.3699,153
1,40,-0.0,-0.0004,100.0,518.67,642.24,1582.08,1401.77,14.62,21.61,554.57,2388.06,9052.98,1.3,47.33,521.84,2388.01,8131.03,8.3784,0.03,392,2388,100.0,38.84,23.3769,152
1,41,0.0033,0.0004,100.0,518.67,642.4,1591.31,1403.21,14.62,21.61,553.72,2388.06,9048.99,1.3,47.09,522.07,2388.03,8138.08,8.437,0.03,392,2388,100.0,39.13,23.4444,151
1,42,0.0005,-0.0004,100.0,518.67,642.12,1584.66,1401.38,14.62,21.61,553.94,2388.08,9057.06,1.3,47.49,522.23,2388.05,8130.88,8.4137,0.03,392,2388,100.0,39.0,23.375,150
1,43,-0.0027,0.0005,100.0,518.67,642.24,1591.52,1406.05,14.62,21.61,553.68,2388.03,9057.88,1.3,47.32,522.74,2388.09,8127.22,8.4068,0.03,392,2388,100.0,38.99,23.3148,149
1,44,-0.0001,0.0002,100.0,518.67,641.93,1586.94,1401.2,14.62,21.61,554.15,2388.04,9046.87,1.3,47.45,522.3,2388.0,8131.45,8.4201,0.03,392,2388,100.0,39.06,23.4753,148
1,45,-0.0013,-0.0,100.0,518.67,642.53,1582.42,1399.16,14.62,21.61,553.83,2388.08,9060.32,1.3,47.45,521.73,2388.05,8128.31,8.4099,0.03,393,2388,100.0,38.79,23.3943,147
1,46,0.0003,0.0001,100.0,518.67,642.43,1588.29,1401.27,14.62,21.61,553.76,2388.06,9060.38,1.3,47.2,522.02,2388.08,8128.71,8.3977,0.03,393,2388,100.0,38.93,23.3745,146
1,47,0.0,0.0005,100.0,518.67,642.21,1580.32,1402.89,14.62,21.61,554.38,2388.06,9052.04,1.3,47.22,521.84,2388.05,8126.21,8.3973,0.03,392,2388,100.0,38.99,23.4873,145
1,48,0.0019,0.0001,100.0,518.67,641.89,1588.51,1399.16,14.62,21.61,554.02,2388.08,9045.26,1.3,47.4,521.91,2388.06,8129.99,8.4376,0.03,392,2388,100.0,38.94,23.365,144
1,49,-0.0014,0.0005,100.0,518.67,642.23,1584.35,1397.76,14.62,21.61,554.23,2388.07,9050.64,1.3,47.22,521.37,2388.04,8135.48,8.4151,0.03,392,2388,100.0,39.06,23.4498,143
1,50,-0.0032,-0.0001,100.0,518.67,642.77,1588.49,1403.62,14.62,21.61,553.92,2388.06,9048.6,1.3,47.47,522.33,2388.09,8127.3,8.4116,0.03,392,2388,100.0,38.85,23.4106,142
1,51,-0.001,0.0003,100.0,518.67,642.81,1585.54,1400.42,14.62,21.61,553.73,2388.02,9047.09,1.3,47.12,521.91,2388.05,8134.36,8.4504,0.03,393,2388,100.0,38.94,23.3651,141
1,52,0.0018,-0.0001,100.0,518.67,642.76,1583.77,1395.57,14.62,21.61,553.04,2388.04,9056.01,1.3,47.07,522.1,2388.07,8132.82,8.4539,0.03,391,2388,100.0,39.0,23.3388,140
1,53,0.0021,-0.0001,100.0,518.67,642.61,1579.82,1402.26,14.62,21.61,554.16,2388.05,9051.15,1.3,47.29,521.96,2388.06,8134.38,8.4418,0.03,392,2388,100.0,38.9,23.3775,139
1,54,-0.0002,0.0005,100.0,518.67,642.42,1592.59,1401.2,14.62,21.61,553.95,2388.04,9056.29,1.3,47.38,522.44,2388.06,8129.95,8.4189,0.03,392,2388,100.0,38.96,23.2348,138
1,55,0.0009,-0.0,100.0,518.67,642.41,1584.95,1401.58,14.62,21.61,554.45,2388.04,9048.94,1.3,47.4,522.11,2388.02,8134.1,8.4071,0.03,392,2388,100.0,39.06,23.3567,137
1,56,0.0007,-0.0002,100.0,518.67,642.49,1586.33,1400.76,14.62,21.61,553.98,2388.01,9042.42,1.3,47.26,522.48,2388.04,8135.4,8.4022,0.03,391,2388,100.0,38.68,23.3408,136
1,57,-0.0033,0.0,100.0,518.67,642.13,1583.67,1402.79,14.62,21.61,553.42,2388.05,9050.8,1.3,47.29,521.62,2388.08,8135.48,8.4263,0.03,392,2388,100.0,38.84,23.3567,135
1,58,-0.0014,0.0001,100.0,518.67,641.9,1590.46,1397.99,14.62,21.61,554.14,2388.09,9050.33,1.3,47.26,522.21,2388.04,8132.08,8.4319,0.03,390,2388,100.0,38.93,23.2893,134
1,59,-0.0006,0.0002,100.0,518.67,642.33,1596.72,1403.51,14.62,21.61,554.62,2388.07,9050.06,1.3,47.26,521.32,2388.02,8128.81,8.4476,0.03,392,2388,100.0,38.92,23.4444,133
1,60,-0.001,-0.0002,100.0,518.67,642.34,1582.75,1403.07,14.62,21.61,554.0,2388.06,9051.69,1.3,47.41,522.49,2388.03,8132.89,8.3878,0.03,393,2388,100.0,38.89,23.387,132
1,61,0.0004,0.0005,100.0,518.67,642.1,1583.55,1405.52,14.62,21.61,554.09,2388.11,9050.58,1.3,47.31,522.34,2388.09,8131.66,8.4264,0.03,391,2388,100.0,38.89,23.3638,131
1,62,0.0004,0.0001,100.0,518.67,642.17,1581.59,1399.54,14.62,21.61,554.45,2388.1,9053.62,1.3,47.28,522.19,2388.1,8132.28,8.4071,0.03,391,2388,100.0,39.03,23.2707,130
1,63,0.0015,0.0002,100.0,518.67,642.6,1592.14,1395.38,14.62,21.61,553.48,2388.06,9049.96,1.3,47.51,521.56,2388.01,8130.73,8.4357,0.03,394,2388,100.0,38.77,23.3436,129
1,64,0.0017,0.0002,100.0,518.67,642.23,1584.51,1400.11,14.62,21.61,553.88,2388.1,9043.67,1.3,47.45,521.82,2388.04,8128.15,8.4066,0.03,391,2388,100.0,38.93,23.384,128
1,65,-0.0,0.0005,100.0,518.67,642.28,1584.72,1403.24,14.62,21.61,553.97,2388.03,9044.01,1.3,47.56,521.54,2388.13,8132.94,8.4406,0.03,392,2388,100.0,38.9,23.3752,127
1,66,-0.0007,-0.0004,100.0,518.67,642.5,1588.5,1399.52,14.62,21.61,554.0,2388.06,9059.45,1.3,47.14,521.76,2388.05,8128.32,8.3911,0.03,391,2388,100.0,38.95,23.3152,126
1,67,0.0016,-0.0004,100.0,518.67,642.33,1590.22,1403.02,14.62,21.61,554.31,2388.1,9050.24,1.3,47.39,522.64,2388.08,8134.07,8.3925,0.03,393,2388,100.0,38.97,23.291,125
1,68,-0.0018,0.0,100.0,518.67,642.51,1582.06,1404.42,14.62,21.61,554.04,2388.1,9051.78,1.3,47.36,521.72,2388.07,8132.39,8.4242,0.03,392,2388,100.0,38.95,23.3174,124
1,69,-0.0022,0.0005,100.0,518.67,642.44,1590.7,1401.24,14.62,21.61,554.65,2388.07,9050.59,1.3,47.41,522.22,2388.1,8129.13,8.4292,0.03,392,2388,100.0,39.0,23.3742,123
1,70,-0.0005,0.0002,100.0,518.67,642.22,1584.02,1402.78,14.62,21.61,554.01,2388.11,9053.43,1.3,47.41,521.93,2388.12,8130.36,8.4279,0.03,392,2388,100.0,38.86,23.4513,122
1,71,0.0016,-0.0003,100.0,518.67,642.21,1580.41,1403.09,14.62,21.61,554.06,2388.03,9046.09,1.3,47.3,521.72,2388.09,8134.28,8.423,0.03,391,2388,100.0,38.8,23.3881,121
1,72,-0.0017,0.0001,100.0,518.67,642.41,1579.25,1406.81,14.62,21.61,553.76,2388.07,9054.42,1.3,47.27,521.97,2388.09,8133.95,8.3951,0.03,391,2388,100.0,38.84,23.3085,120
1,73,-0.0012,-0.0002,100.0,518.67,642.29,1592.04,1397.93,14.62,21.61,553.88,2388.03,9049.64,1.3,47.29,522.04,2388.1,8129.85,8.404,0.03,391,2388,100.0,39.03,23.3975,119
1,74,0.0027,0.0001,100.0,518.67,642.96,1584.65,1401.48,14.62,21.61,554.03,2388.07,9045.85,1.3,47.58,522.25,2387.97,8132.67,8.4135,0.03,392,2388,100.0,38.8,23.382,118
1,75,0.0009,-0.0004,100.0,518.67,641.96,1582.32,1394.82,14.62,21.61,553.6,2388.07,9042.32,1.3,47.22,521.77,2388.11,8130.13,8.4621,0.03,392,2388,100.0,38.89,23.3521,117
1,76,-0.0015,0.0002,100.0,518.67,642.21,1589.21,1398.94,14.62,21.61,553.66,2388.02,9056.55,1.3,47.44,521.58,2388.03,8136.44,8.3996,0.03,390,2388,100.0,39.02,23.4428,116
1,77,0.0022,0.0004,100.0,518.67,642.55,1586.3,1400.97,14.62,21.61,554.61,2388.06,9046.44,1.3,47.41,521.6,2388.08,8135.25,8.453,0.03,393,2388,100.0,38.99,23.275,115
1,78,0.004,0.0002,100.0,518.67,641.99,1580.76,1404.1,14.62,21.61,553.47,2388.08,9042.37,1.3,47.4,522.28,2388.16,8133.91,8.3793,0.03,392,2388,100.0,38.88,23.3486,114
1,79,0.0022,-0.0002,100.0,518.67,642.12,1582.46,1403.93,14.62,21.61,553.77,2388.04,9047.86,1.3,47.35,521.85,2388.13,8135.4,8.4132,0.03,394,2388,100.0,38.9,23.3121,113
1,80,-0.0002,-0.0004,100.0,518.67,641.94,1591.96,1393.58,14.62,21.61,553.91,2388.06,9043.67,1.3,47.64,521.52,2388.1,8134.66,8.4235,0.03,392,2388,100.0,38.89,23.3613,112
1,81,-0.0018,-0.0004,100.0,518.67,642.73,1584.82,1402.04,14.62,21.61,553.88,2388.1,9045.31,1.3,47.43,521.66,2388.05,8128.87,8.4247,0.03,392,2388,100.0,38.77,23.373,111
1,82,-0.0012,0.0001,100.0,518.67,642.04,1589.07,1399.17,14.62,21.61,554.18,2388.1,9048.22,1.3,47.25,521.95,2388.03,8134.04,8.3986,0.03,393,2388,100.0,38.89,23.2713,110
1,83,0.0004,0.0005,100.0,518.67,642.66,1588.05,1406.38,14.62,21.61,553.49,2388.08,9049.08,1.3,47.22,521.93,2388.05,8131.32,8.4128,0.03,391,2388,100.0,38.8,23.3274,109
1,84,0.0005,0.0002,100.0,518.67,642.64,1585.52,1406.6,14.62,21.61,553.91,2388.05,9050.47,1.3,47.38,521.54,2388.06,8131.54,8.4139,0.03,392,2388,100.0,38.73,23.2653,108
1,85,0.0025,0.0003,100.0,518.67,642.28,1590.12,1405.96,14.62,21.61,554.4,2388.01,9056.08,1.3,47.36,522.3,2388.05,8135.31,8.4499,0.03,392,2388,100.0,39.01,23.284,107
1,86,-0.0012,0.0004,100.0,518.67,641.84,1588.8,1403.56,14.62,21.61,553.69,2388.1,9047.26,1.3,47.38,521.82,2388.09,8130.06,8.4173,0.03,394,2388,100.0,38.94,23.3945,106
1,87,0.0,-0.0004,100.0,518.67,642.33,1586.69,1413.1,14.62,21.61,554.1,2388.14,9050.52,1.3,47.34,521.43,2388.06,8130.41,8.4326,0.03,391,2388,100.0,38.88,23.3402,105
1,88,0.0029,0.0003,100.0,518.67,641.96,1581.29,1406.09,14.62,21.61,554.48,2388.07,9046.73,1.3,47.46,522.2,2388.04,8131.47,8.4586,0.03,392,2388,100.0,38.9,23.3086,104
1,89,0.0008,-0.0001,100.0,518.67,642.24,1584.73,1402.22,14.62,21.61,553.91,2388.05,9055.24,1.3,47.46,521.55,2388.08,8135.15,8.4489,0.03,392,2388,100.0,38.95,23.3288,103
1,90,0.0017,-0.0001,100.0,518.67,642.67,1584.38,1412.93,14.62,21.61,552.88,2388.1,9051.27,1.3,47.32,521.49,2388.09,8129.72,8.3961,0.03,391,2388,100.0,38.98,23.4712,102
1,91,0.0025,-0.0004,100.0,518.67,641.98,1584.84,1404.76,14.62,21.61,553.54,2388.04,9050.72,1.3,47.32,521.55,2388.1,8134.4,8.3949,0.03,394,2388,100.0,39.11,23.3842,101
1,92,0.001,-0.0002,100.0,518.67,642.89,1590.03,1400.77,14.62,21.61,553.81,2388.14,9048.36,1.3,47.45,521.91,2388.05,8131.39,8.3982,0.03,392,2388,100.0,38.99,23.3522,100
1,93,0.0032,0.0002,100.0,518.67,642.85,1593.74,1408.48,14.62,21.61,554.07,2388.07,9047.87,1.3,47.46,521.43,2388.08,8133.15,8.421,0.03,392,2388,100.0,38.86,23.2477,99
1,94,-0.0021,0.0002,100.0,518.67,642.45,1583.27,1404.94,14.62,21.61,553.86,2388.15,9045.83,1.3,47.48,521.61,2388.07,8132.4,8.4524,0.03,393,2388,100.0,38.85,23.3758,98
1,95,0.0019,0.0003,100.0,518.67,642.86,1577.6,1410.1,14.62,21.61,553.91,2388.02,9048.85,1.3,47.38,521.92,2388.02,8131.63,8.4575,0.03,394,2388,100.0,38.76,23.3269,97
1,96,-0.0034,0.0001,100.0,518.67,642.19,1584.07,1395.16,14.62,21.61,553.34,2388.07,9048.71,1.3,47.39,521.66,2388.06,8130.69,8.4311,0.03,392,2388,100.0,38.88,23.3255,96
1,97,0.0035,-0.0003,100.0,518.67,642.07,1595.77,1407.81,14.62,21.61,553.4,2388.09,9046.1,1.3,47.46,521.67,2388.06,8128.74,8.4105,0.03,392,2388,100.0,39.01,23.2963,95
1,98,0.0006,0.0004,100.0,518.67,642.0,1591.11,1404.56,14.62,21.61,552.75,2388.06,9045.49,1.3,47.37,522.31,2388.06,8127.89,8.4012,0.03,391,2388,100.0,38.96,23.2554,94
1,99,-0.0005,-0.0,100.0,518.67,642.46,1592.73,1406.13,14.62,21.61,553.76,2388.08,9045.14,1.3,47.4,521.42,2388.1,8131.77,8.4481,0.03,393,2388,100.0,38.82,23.2323,93
1,100,-0.0021,-0.0003,100.0,518.67,642.22,1589.63,1411.35,14.62,21.61,554.22,2388.07,9045.72,1.3,47.64,521.55,2388.08,8132.49,8.4241,0.03,392,2388,100.0,38.93,23.409,92
1,101,0.0012,0.0003,100.0,518.67,642.75,1584.18,1403.41,14.62,21.61,553.37,2388.06,9052.3,1.3,47.62,521.89,2388.08,8125.97,8.4353,0.03,391,2388,100.0,38.75,23.4149,91
1,102,0.0017,0.0005,100.0,518.67,642.85,1589.11,1403.42,14.62,21.61,553.42,2388.15,9051.36,1.3,47.49,521.38,2388.05,8130.4,8.4561,0.03,393,2388,100.0,38.94,23.3653,90
1,103,-0.0013,0.0001,100.0,518.67,642.21,1581.27,1403.21,14.62,21.61,553.64,2388.09,9053.28,1.3,47.57,521.41,2388.1,8124.4,8.4263,0.03,392,2388,100.0,38.69,23.4289,89
1,104,-0.0001,0.0001,100.0,518.67,642.29,1590.63,1406.25,14.62,21.61,553.66,2388.08,9044.73,1.3,47.34,522.38,2388.09,8131.89,8.4021,0.03,392,2388,100.0,38.96,23.3393,88
1,105,0.0024,0.0004,100.0,518.67,642.01,1588.28,1403.22,14.62,21.61,553.11,2388.09,9048.36,1.3,47.31,521.81,2388.08,8134.01,8.4326,0.03,393,2388,100.0,38.77,23.3857,87
1,106,0.0,0.0001,100.0,518.67,642.68,1589.05,1404.45,14.62,21.61,553.6,2388.08,9049.82,1.3,47.44,521.51,2388.09,8126.38,8.4664,0.03,392,2388,100.0,39.08,23.4148,86
1,107,-0.0012,-0.0001,100.0,518.67,642.53,1595.13,1407.73,14.62,21.61,553.74,2388.07,9048.68,1.3,47.35,521.75,2388.07,8132.4,8.4241,0.03,396,2388,100.0,39.01,23.4086,85
1,108,0.0008,0.0001,100.0,518.67,643.49,1585.91,1399.47,14.62,21.61,554.43,2388.14,9047.03,1.3,47.61,521.52,2388.03,8131.52,8.4133,0.03,393,2388,100.0,38.75,23.3032,84
1,109,-0.0011,-0.0003,100.0,518.67,642.49,1586.45,1409.1,14.62,21.61,553.59,2388.1,9051.13,1.3,47.58,521.62,2388.11,8130.97,8.3757,0.03,394,2388,100.0,39.05,23.3561,83
1,110,-0.0,0.0004,100.0,518.67,642.55,1590.01,1401.27,14.62,21.61,554.08,2388.13,9051.4,1.3,47.55,522.01,2388.12,8127.16,8.4638,0.03,393,2388,100.0,39.06,23.2951,82
1,111,0.0008,0.0004,100.0,518.67,642.67,1584.38,1408.11,14.62,21.61,553.49,2388.12,9051.64,1.3,47.62,521.53,2388.14,8132.4,8.4447,0.03,392,2388,100.0,38.92,23.2135,81
1,112,0.0005,0.0003,100.0,518.67,642.66,1586.46,1401.84,14.62,21.61,553.19,2388.06,9051.28,1.3,47.22,521.9,2388.08,8131.52,8.4445,0.03,394,2388,100.0,38.84,23.3207,80
1,113,0.0007,0.0001,100.0,518.67,642.68,1590.85,1406.59,14.62,21.61,552.91,2388.1,9053.15,1.3,47.46,521.75,2388.16,8129.32,8.458,0.03,393,2388,100.0,38.9,23.3101,79
1,114,0.0003,0.0004,100.0,518.67,642.31,1588.42,1402.97,14.62,21.61,554.29,2388.07,9046.58,1.3,47.58,521.68,2388.15,8132.36,8.429,0.03,394,2388,100.0,38.89,23.3754,78
1,115,-0.0017,0.0005,100.0,518.67,642.66,1594.84,1406.6,14.62,21.61,554.13,2388.11,9050.37,1.3,47.43,521.36,2388.12,8127.6,8.4345,0.03,393,2388,100.0,38.93,23.3022,77
1,116,-0.002,-0.0003,100.0,518.67,642.64,1580.31,1401.99,14.62,21.61,554.4,2388.08,9049.71,1.3,47.43,521.6,2388.05,8134.46,8.4059,0.03,394,2388,100.0,39.03,23.3512,76
1,117,0.0005,0.0004,100.0,518.67,642.38,1589.77,1409.35,14.62,21.61,554.59,2388.1,9049.61,1.3,47.52,521.22,2388.1,8126.12,8.4256,0.03,391,2388,100.0,38.73,23.1766,75
1,118,-0.0006,-0.0004,100.0,518.67,642.34,1585.67,1409.34,14.62,21.61,554.25,2388.1,9051.12,1.3,47.55,521.31,2388.12,8135.21,8.4197,0.03,393,2388,100.0,38.88,23.2966,74
1,119,0.0013,0.0005,100.0,518.67,642.67,1596.8,1404.46,14.62,21.61,553.77,2388.1,9045.89,1.3,47.55,521.46,2388.09,8123.85,8.4194,0.03,394,2388,100.0,39.01,23.3188,73
1,120,-0.0024,0.0005,100.0,518.67,642.81,1593.78,1407.68,14.62,21.61,553.66,2388.1,9048.72,1.3,47.6,521.34,2388.1,8125.57,8.4029,0.03,393,2388,100.0,38.81,23.3061,72
1,121,-0.0033,0.0004,100.0,518.67,642.63,1593.56,1411.9,14.62,21.61,553.7,2388.07,9040.97,1.3,47.44,521.3,2388.04,8133.94,8.4263,0.03,394,2388,100.0,38.63,23.422,71
1,122,0.0026,-0.0001,100.0,518.67,643.3,1593.68,1413.97,14.62,21.61,553.43,2388.15,9042.39,1.3,47.6,520.92,2388.12,8131.81,8.4256,0.03,393,2388,100.0,38.86,23.2793,70
1,123,0.0016,-0.0002,100.0,518.67,643.39,1586.66,1403.04,14.62,21.61,552.64,2388.12,9049.44,1.3,47.41,521.6,2388.17,8129.72,8.4396,0.03,392,2388,100.0,38.9,23.292,69
1,124,0.0025,0.0002,100.0,518.67,642.48,1587.14,1402.28,14.62,21.61,552.26,2388.13,9053.03,1.3,47.55,521.4,2388.13,8133.82,8.4416,0.03,393,2388,100.0,38.8,23.2341,68
1,125,-0.0004,0.0005,100.0,518.67,642.96,1585.47,1406.42,14.62,21.61,552.44,2388.13,9046.16,1.3,47.63,521.57,2388.11,8126.33,8.4079,0.03,394,2388,100.0,38.68,23.3039,67
1,126,0.0016,0.0001,100.0,518.67,642.49,1582.64,1418.5,14.62,21.61,553.72,2388.05,9049.11,1.3,47.49,521.35,2388.08,8130.94,8.4378,0.03,392,2388,100.0,38.85,23.2289,66
1,127,-0.001,0.0002,100.0,518.67,642.99,1586.9,1399.49,14.62,21.61,553.81,2388.09,9047.9,1.3,47.63,521.34,2388.1,8133.0,8.4626,0.03,393,2388,100.0,38.91,23.2772,65
1,128,-0.0006,0.0003,100.0,518.67,642.47,1593.87,1407.06,14.62,21.61,552.74,2388.13,9056.59,1.3,47.62,521.96,2388.16,8132.08,8.4413,0.03,393,2388,100.0,38.85,23.2641,64
1,129,-0.0033,0.0003,100.0,518.67,642.41,1591.33,1408.42,14.62,21.61,552.42,2388.09,9046.08,1.3,47.61,522.02,2388.13,8127.33,8.4681,0.03,393,2388,100.0,38.84,23.2656,63
1,130,-0.0007,0.0002,100.0,518.67,642.7,1585.9,1412.25,14.62,21.61,552.66,2388.13,9042.97,1.3,47.46,521.49,2388.07,8125.29,8.3938,0.03,394,2388,100.0,38.71,23.3461,62
1,131,0.0002,-0.0001,100.0,518.67,643.01,1585.78,1413.25,14.62,21.61,553.7,2388.11,9045.1,1.3,47.7,521.45,2388.13,8126.38,8.4328,0.03,391,2388,100.0,38.73,23.3435,61
1,132,0.0032,-0.0001,100.0,518.67,643.19,1596.06,1405.76,14.62,21.61,553.16,2388.17,9044.04,1.3,47.56,521.64,2388.16,8128.92,8.4227,0.03,393,2388,100.0,38.53,23.3186,60
1,133,0.0032,-0.0002,100.0,518.67,642.45,1592.64,1410.11,14.62,21.61,553.82,2388.11,9050.95,1.3,47.57,521.23,2388.09,8130.93,8.4604,0.03,394,2388,100.0,38.95,23.2521,59
1,134,-0.0014,0.0,100.0,518.67,642.85,1583.62,1402.67,14.62,21.61,553.2,2388.11,9046.16,1.3,47.75,521.52,2388.13,8131.3,8.4293,0.03,393,2388,100.0,38.68,23.2833,58
1,135,-0.0017,0.0001,100.0,518.67,642.45,1585.55,1406.83,14.62,21.61,553.09,2388.14,9050.65,1.3,47.34,520.99,2388.12,8129.34,8.4242,0.03,392,2388,100.0,38.85,23.2744,57
1,136,0.003,-0.0001,100.0,518.67,642.84,1584.72,1404.39,14.62,21.61,554.18,2388.06,9040.89,1.3,47.43,521.54,2388.11,8130.43,8.4469,0.03,393,2388,100.0,38.76,23.1699,56
1,137,-0.0011,0.0,100.0,518.67,642.43,1594.69,1405.15,14.62,21.61,553.39,2388.14,9040.55,1.3,47.89,521.63,2388.12,8128.81,8.449,0.03,394,2388,100.0,38.87,23.2593,55
1,138,-0.0011,0.0001,100.0,518.67,642.79,1589.82,1413.34,14.62,21.61,552.91,2388.11,9049.64,1.3,47.4,521.57,2388.18,8129.67,8.4208,0.03,392,2388,100.0,39.0,23.3664,54
1,139,-0.0014,0.0005,100.0,518.67,643.11,1592.28,1412.6,14.62,21.61,553.25,2388.06,9044.81,1.3,47.67,521.03,2388.15,8124.97,8.4621,0.03,394,2388,100.0,38.88,23.3422,53
1,140,-0.0006,-0.0001,100.0,518.67,643.05,1590.89,1408.36,14.62,21.61,552.15,2388.17,9055.85,1.3,47.51,521.27,2388.05,8130.27,8.4397,0.03,393,2388,100.0,38.82,23.3704,52
1,141,-0.0023,0.0005,100.0,518.67,642.39,1590.02,1415.25,14.62,21.61,553.45,2388.13,9050.86,1.3,47.49,521.06,2388.16,8120.93,8.4641,0.03,394,2388,100.0,39.02,23.2382,51
1,142,0.0026,0.0002,100.0,518.67,642.51,1595.29,1413.42,14.62,21.61,553.11,2388.1,9046.61,1.3,47.59,520.44,2388.18,8124.87,8.4291,0.03,392,2388,100.0,38.71,23.2816,50
1,143,-0.0005,-0.0003,100.0,518.67,642.77,1593.1,1404.21,14.62,21.61,553.62,2388.13,9050.63,1.3,47.52,520.98,2388.11,8126.81,8.4419,0.03,393,2388,100.0,38.79,23.2305,49
1,144,0.0025,-0.0004,100.0,518.67,643.09,1591.89,1405.76,14.62,21.61,553.77,2388.17,9049.33,1.3,47.57,521.11,2388.17,8125.47,8.4601,0.03,393,2388,100.0,38.75,23.2249,48
1,145,-0.0004,-0.0001,100.0,518.67,642.95,1594.92,1409.63,14.62,21.61,553.03,2388.13,9046.92,1.3,47.54,521.13,2388.15,8130.91,8.4644,0.03,395,2388,100.0,38.67,23.149,47
1,146,0.0002,-0.0003,100.0,518.67,642.72,1586.75,1408.82,14.62,21.61,552.6,2388.12,9045.99,1.3,47.63,521.13,2388.12,8129.19,8.4312,0.03,392,2388,100.0,38.69,23.3233,46
1,147,0.0047,0.0001,100.0,518.67,642.25,1594.85,1409.96,14.62,21.61,553.09,2388.14,9041.24,1.3,47.8,520.92,2388.12,8126.13,8.4428,0.03,393,2388,100.0,38.77,23.2684,45
1,148,0.001,-0.0004,100.0,518.67,643.02,1590.03,1411.89,14.62,21.61,552.84,2388.16,9040.93,1.3,47.49,521.08,2388.15,8124.48,8.4276,0.03,392,2388,100.0,38.77,23.2498,44
1,149,0.0025,0.0004,100.0,518.67,642.9,1592.78,1410.7,14.62,21.61,552.54,2388.17,9057.24,1.3,47.83,521.13,2388.15,8124.34,8.4731,0.03,394,2388,100.0,38.77,23.2565,43
1,150,0.001,-0.0003,100.0,518.67,643.06,1589.01,1409.22,14.62,21.61,553.57,2388.12,9044.76,1.3,47.6,520.5,2388.21,8122.99,8.4726,0.03,394,2388,100.0,38.68,23.2082,42
1,151,-0.0019,-0.0001,100.0,518.67,642.82,1592.39,1411.94,14.62,21.61,552.41,2388.14,9048.12,1.3,47.58,520.94,2388.22,8127.21,8.4612,0.03,394,2388,100.0,38.56,23.2277,41
1,152,0.0009,-0.0001,100.0,518.67,642.67,1598.6,1420.83,14.62,21.61,552.62,2388.18,9043.9,1.3,47.72,520.39,2388.19,8119.0,8.4572,0.03,395,2388,100.0,38.77,23.2369,40
1,153,0.0011,-0.0004,100.0,518.67,642.99,1589.17,1414.56,14.62,21.61,552.68,2388.14,9049.43,1.3,47.74,520.69,2388.17,8124.14,8.4435,0.03,393,2388,100.0,38.78,23.1719,39
1,154,-0.0012,0.0,100.0,518.67,642.81,1597.03,1416.07,14.62,21.61,552.57,2388.14,9049.08,1.3,47.73,520.72,2388.18,8129.24,8.4794,0.03,394,2388,100.0,38.82,23.2366,38
1,155,-0.0033,0.0002,100.0,518.67,642.83,1590.4,1414.89,14.62,21.61,552.89,2388.16,9049.56,1.3,47.61,521.23,2388.17,8120.41,8.4729,0.03,394,2388,100.0,38.68,23.2749,37
1,156,-0.002,0.0003,100.0,518.67,643.04,1585.61,1421.23,14.62,21.61,553.24,2388.26,9044.21,1.3,47.58,520.75,2388.16,8128.48,8.4432,0.03,395,2388,100.0,38.77,23.2791,36
1,157,-0.0018,0.0002,100.0,518.67,642.2,1598.04,1412.47,14.62,21.61,552.32,2388.14,9053.12,1.3,47.72,520.94,2388.17,8125.07,8.4328,0.03,392,2388,100.0,38.67,23.2354,35
1,158,-0.0023,0.0001,100.0,518.67,642.88,1596.82,1410.09,14.62,21.61,553.19,2388.2,9049.22,1.3,47.68,520.88,2388.22,8126.33,8.4368,0.03,394,2388,100.0,38.75,23.2894,34
1,159,-0.0006,0.0001,100.0,518.67,642.89,1589.54,1420.37,14.62,21.61,552.18,2388.13,9048.06,1.3,47.76,520.65,2388.23,8127.61,8.4403,0.03,394,2388,100.0,38.76,23.253,33
1,160,-0.0006,-0.0004,100.0,518.67,643.45,1590.65,1418.08,14.62,21.61,551.87,2388.21,9045.42,1.3,47.84,520.47,2388.22,8122.68,8.4433,0.03,396,2388,100.0,38.52,23.2817,32
1,161,0.0008,0.0001,100.0,518.67,643.0,1594.2,1417.31,14.62,21.61,552.8,2388.18,9048.06,1.3,47.77,520.47,2388.18,8126.97,8.4405,0.03,394,2388,100.0,38.66,23.2962,31
1,162,-0.0005,0.0004,100.0,518.67,643.15,1592.22,1423.48,14.62,21.61,552.68,2388.15,9044.45,1.3,47.79,520.44,2388.2,8123.77,8.5015,0.03,394,2388,100.0,38.78,23.1538,30
1,163,0.0003,-0.0004,100.0,518.67,642.85,1600.54,1421.09,14.62,21.61,552.41,2388.2,9049.24,1.3,47.89,520.3,2388.2,8124.06,8.5129,0.03,393,2388,100.0,38.65,23.1419,29
1,164,0.0005,-0.0002,100.0,518.67,643.17,1598.96,1416.76,14.62,21.61,551.9,2388.17,9048.92,1.3,47.7,520.63,2388.28,8124.63,8.4803,0.03,394,2388,100.0,38.62,23.1761,28
1,165,0.001,0.0004,100.0,518.67,642.76,1597.03,1408.09,14.62,21.61,552.79,2388.19,9039.09,1.3,47.89,520.69,2388.24,8126.53,8.4922,0.03,393,2388,100.0,38.59,23.2129,27
1,166,-0.0022,-0.0003,100.0,518.67,643.34,1596.72,1422.37,14.62,21.61,552.13,2388.22,9043.11,1.3,47.86,520.02,2388.22,8119.14,8.4663,0.03,395,2388,100.0,38.62,23.145,26
1,167,0.0012,0.0003,100.0,518.67,643.02,1593.83,1414.72,14.62,21.61,552.57,2388.23,9042.05,1.3,47.85,520.49,2388.18,8122.41,8.4632,0.03,394,2388,100.0,38.77,23.3011,25
1,168,-0.0043,0.0002,100.0,518.67,642.68,1591.19,1415.7,14.62,21.61,552.09,2388.22,9036.35,1.3,47.84,520.78,2388.19,8124.44,8.4925,0.03,393,2388,100.0,38.76,23.277,24
1,169,-0.0017,0.0004,100.0,518.67,643.2,1590.16,1418.05,14.62,21.61,552.71,2388.25,9055.18,1.3,47.88,520.44,2388.18,8125.3,8.4767,0.03,394,2388,100.0,38.58,23.187,23
1,170,-0.0017,-0.0002,100.0,518.67,642.92,1592.71,1417.41,14.62,21.61,552.02,2388.21,9044.03,1.3,47.86,520.23,2388.26,8121.76,8.49,0.03,395,2388,100.0,38.66,23.1615,22
1,171,0.0004,-0.0003,100.0,518.67,643.26,1592.06,1414.99,14.62,21.61,552.71,2388.2,9042.12,1.3,48.03,519.85,2388.22,8124.87,8.4922,0.03,395,2388,100.0,38.68,23.2444,21
1,172,-0.0014,-0.0003,100.0,518.67,643.33,1591.71,1413.73,14.62,21.61,551.69,2388.24,9039.1,1.3,48.07,520.54,2388.26,8120.08,8.4595,0.03,393,2388,100.0,38.65,23.1585,20
1,173,-0.0032,0.0002,100.0,518.67,642.97,1590.69,1425.27,14.62,21.61,552.13,2388.22,9048.82,1.3,47.9,520.11,2388.23,8121.64,8.5091,0.03,395,2388,100.0,38.59,23.1789,19
1,174,-0.0001,-0.0002,100.0,518.67,642.64,1599.81,1422.58,14.62,21.61,552.32,2388.22,9041.25,1.3,48.0,520.22,2388.21,8119.17,8.4476,0.03,393,2388,100.0,38.57,23.0357,18
1,175,0.0001,0.0002,100.0,518.67,643.61,1603.29,1422.52,14.62,21.61,551.64,2388.23,9042.66,1.3,47.86,520.38,2388.22,8125.76,8.489,0.03,394,2388,100.0,38.58,23.1573,17
1,176,-0.002,-0.0003,100.0,518.67,642.86,1592.27,1422.73,14.62,21.61,551.91,2388.23,9045.74,1.3,47.84,519.8,2388.2,8123.8,8.4853,0.03,394,2388,100.0,38.72,23.2491,16
1,177,-0.0038,-0.0003,100.0,518.67,643.79,1602.02,1423.99,14.62,21.61,551.93,2388.25,9046.2,1.3,48.03,520.24,2388.23,8120.11,8.4779,0.03,396,2388,100.0,38.63,23.1673,15
1,178,-0.0001,0.0002,100.0,518.67,643.38,1605.33,1424.65,14.62,21.61,552.18,2388.23,9046.17,1.3,48.0,520.2,2388.2,8116.56,8.477,0.03,395,2388,100.0,38.65,23.177,14
1,179,0.0023,-0.0003,100.0,518.67,642.86,1592.56,1429.45,14.62,21.61,551.57,2388.26,9044.23,1.3,48.02,520.38,2388.18,8116.84,8.4947,0.03,395,2388,100.0,38.77,23.1888,13
1,180,-0.0024,0.0,100.0,518.67,643.58,1599.87,1417.14,14.62,21.61,552.91,2388.21,9039.33,1.3,47.85,519.84,2388.28,8122.57,8.4737,0.03,395,2388,100.0,38.86,23.007,12
1,181,-0.0006,0.0005,100.0,518.67,643.44,1596.71,1420.64,14.62,21.61,551.83,2388.23,9038.29,1.3,48.1,520.43,2388.23,8114.79,8.472,0.03,397,2388,100.0,38.34,23.1652,11
1,182,-0.001,0.0003,100.0,518.67,644.21,1602.08,1426.62,14.62,21.61,551.9,2388.26,9041.23,1.3,47.98,520.46,2388.25,8119.67,8.5158,0.03,397,2388,100.0,38.43,23.1787,10
1,183,0.0001,0.0001,100.0,518.67,643.24,1597.23,1419.03,14.62,21.61,551.38,2388.21,9040.94,1.3,48.03,520.05,2388.23,8117.8,8.5041,0.03,396,2388,100.0,38.56,23.1302,9
1,184,0.0004,0.0003,100.0,518.67,644.07,1605.44,1432.52,14.62,21.61,551.0,2388.24,9047.91,1.3,48.07,519.77,2388.28,8115.61,8.5133,0.03,395,2388,100.0,38.43,23.0146,8
1,185,0.0008,0.0001,100.0,518.67,643.8,1603.46,1424.4,14.62,21.61,551.64,2388.29,9043.71,1.3,48.15,519.82,2388.27,8113.69,8.4984,0.03,395,2388,100.0,38.51,23.07,7
1,186,0.0027,-0.0003,100.0,518.67,643.51,1595.16,1426.3,14.62,21.61,552.57,2388.21,9051.37,1.3,48.12,520.08,2388.25,8123.45,8.5227,0.03,397,2388,100.0,38.47,23.0564,6
1,187,-0.0047,-0.0,100.0,518.67,643.32,1592.1,1427.27,14.62,21.61,551.08,2388.29,9037.71,1.3,48.23,519.53,2388.28,8115.67,8.5218,0.03,396,2388,100.0,38.42,23.0822,5
1,188,-0.0067,0.0003,100.0,518.67,643.75,1602.38,1422.78,14.62,21.61,551.94,2388.31,9037.91,1.3,48.0,519.79,2388.23,8117.69,8.5207,0.03,396,2388,100.0,38.51,22.9588,4
1,189,-0.0006,0.0002,100.0,518.67,644.18,1596.17,1428.01,14.62,21.61,550.7,2388.27,9044.55,1.3,48.08,519.58,2388.33,8117.51,8.5183,0.03,395,2388,100.0,38.48,23.1127,3
1,190,-0.0027,0.0001,100.0,518.67,643.64,1599.22,1425.95,14.62,21.61,551.29,2388.29,9040.58,1.3,48.33,520.04,2388.35,8112.58,8.5223,0.03,398,2388,100.0,38.49,23.0675,2
1,191,-0.0,-0.0004,100.0,518.67,643.34,1602.36,1425.77,14.62,21.61,550.92,2388.28,9042.76,1.3,48.15,519.57,2388.3,8114.61,8.5174,0.03,394,2388,100.0,38.45,23.1295,1
1,192,0.0009,-0.0,100.0,518.67,643.54,1601.41,1427.2,14.62,21.61,551.25,2388.32,9033.22,1.3,48.25,520.08,2388.32,8110.93,8.5113,0.03,396,2388,100.0,38.48,22.9649,0
2,1,-0.0018,0.0006,100.0,518.67,641.89,1583.84,1391.28,14.62,21.6,554.53,2388.01,9054.72,1.3,46.93,522.33,2388.06,8137.72,8.3905,0.03,391,2388,100.0,38.94,23.4585,286
2,2,0.0043,-0.0003,100.0,518.67,641.82,1587.05,1393.13,14.62,21.61,554.77,2387.98,9051.31,1.3,47.24,522.7,2387.98,8131.09,8.4167,0.03,392,2388,100.0,39.06,23.4085,285
2,3,0.0018,0.0003,100.0,518.67,641.55,1588.32,1398.96,14.62,21.6,555.14,2388.04,9054.24,1.3,47.22,522.58,2387.99,8140.58,8.3802,0.03,391,2388,100.0,39.11,23.425,284
2,4,0.0035,-0.0004,100.0,518.67,641.68,1584.15,1396.08,14.62,21.61,554.25,2387.98,9058.01,1.3,47.1,522.49,2387.93,8140.44,8.4018,0.03,391,2388,100.0,39.13,23.5027,283
2,5,0.0005,0.0004,100.0,518.67,641.73,1579.03,1402.52,14.62,21.6,555.12,2388.03,9058.15,1.3,47.25,522.27,2387.94,8136.67,8.3867,0.03,390,2388,100.0,39.18,23.4234,282
2,6,-0.001,0.0004,100.0,518.67,641.3,1577.5,1396.76,14.62,21.61,554.98,2388.04,9054.07,1.3,47.05,522.8,2387.99,8133.65,8.38,0.03,392,2388,100.0,39.15,23.427,281
2,7,0.0001,-0.0002,100.0,518.67,642.03,1587.49,1400.65,14.62,21.61,554.84,2388.05,9052.67,1.3,47.1,522.14,2388.04,8136.33,8.3941,0.03,391,2388,100.0,39.1,23.4718,280
2,8,0.0015,-0.0004,100.0,518.67,642.55,1590.41,1395.39,14.62,21.61,554.65,2388.01,9055.82,1.3,47.2,522.77,2387.96,8137.92,8.3861,0.03,391,2388,100.0,39.11,23.4381,279
2,9,0.0017,-0.0004,100.0,518.67,641.98,1581.99,1395.01,14.62,21.6,554.69,2388.02,9051.67,1.3,47.14,522.4,2387.98,8145.29,8.3868,0.03,390,2388,100.0,39.06,23.4875,278
2,10,-0.0045,0.0002,100.0,518.67,641.99,1586.37,1394.86,14.62,21.6,554.63,2387.99,9058.88,1.3,47.21,521.99,2387.97,8138.64,8.3982,0.03,391,2388,100.0,39.2,23.6005,277
2,11,0.0006,0.0004,100.0,518.67,642.26,1589.21,1401.29,14.62,21.61,554.7,2388.01,9053.21,1.3,47.21,522.2,2388.03,8135.85,8.4188,0.03,392,2388,100.0,39.23,23.3888,276
2,12,0.0002,0.0006,100.0,518.67,641.64,1579.99,1401.9,14.62,21.61,554.57,2387.98,9047.89,1.3,47.13,521.94,2387.97,8136.49,8.3925,0.03,392,2388,100.0,39.12,23.4201,275
2,13,0.0007,0.0005,100.0,518.67,641.78,1586.77,1401.53,14.62,21.61,554.69,2387.94,9053.63,1.3,47.03,522.33,2387.99,8140.61,8.3742,0.03,391,2388,100.0,38.88,23.4317,274
2,14,-0.0024,-0.0004,100.0,518.67,641.66,1584.04,1395.46,14.62,21.61,554.47,2388.01,9047.3,1.3,47.12,523.07,2387.98,8140.09,8.3887,0.03,391,2388,100.0,38.93,23.4074,273
2,15,-0.0012,-0.0003,100.0,518.67,642.21,1579.84,1402.11,14.62,21.61,554.17,2388.02,9049.82,1.3,47.17,521.96,2388.02,8137.72,8.3704,0.03,393,2388,100.0,38.94,23.4311,272
2,16,-0.001,0.0003,100.0,518.67,641.81,1581.99,1393.46,14.62,21.61,554.53,2387.99,9051.79,1.3,47.24,522.49,2387.95,8133.45,8.3805,0.03,392,2388,100.0,39.01,23.4462,271
2,17,0.0003,-0.0001,100.0,518.67,642.43,1583.58,1390.27,14.62,21.61,553.62,2388.04,9052.05,1.3,47.13,522.71,2388.08,8134.78,8.3714,0.03,391,2388,100.0,39.04,23.5245,270
2,18,0.0014,0.0001,100.0,518.67,641.95,1588.43,1400.25,14.62,21.61,554.83,2388.0,9051.35,1.3,47.22,522.92,2388.0,8133.2,8.4053,0.03,391,2388,100.0,39.0,23.4203,269
2,19,0.0025,0.0001,100.0,518.67,641.75,1576.84,1401.77,14.62,21.61,555.25,2388.02,9055.07,1.3,47.14,522.38,2387.98,8137.51,8.4035,0.03,392,2388,100.0,39.1,23.4102,268
2,20,0.0042,-0.0004,100.0,518.67,642.34,1582.94,1394.38,14.62,21.61,554.64,2388.0,9050.27,1.3,47.14,522.54,2387.94,8139.83,8.3698,0.03,391,2388,100.0,39.02,23.3821,267
2,21,-0.0023,0.0001,100.0,518.67,642.05,1579.51,1392.28,14.62,21.61,554.72,2388.03,9055.29,1.3,47.04,522.58,2388.01,8136.57,8.3954,0.03,391,2388,100.0,39.24,23.5014,266
2,22,0.0024,0.0006,100.0,518.67,642.16,1580.18,1397.67,14.62,21.61,554.35,2387.96,9053.31,1.3,47.17,521.73,2388.04,8140.79,8.3792,0.03,391,2388,100.0,38.98,23.4241,265
2,23,-0.0013,0.0003,100.0,518.67,642.37,1580.89,1387.5,14.62,21.61,554.69,2387.96,9051.43,1.3,47.21,522.26,2388.07,8131.57,8.3937,0.03,393,2388,100.0,39.1,23.2867,264
2,24,-0.0019,-0.0,100.0,518.67,641.99,1580.97,1398.67,14.62,21.61,553.5,2387.98,9052.35,1.3,47.15,522.25,2387.97,8136.16,8.3866,0.03,391,2388,100.0,39.18,23.3981,263
2,25,0.0063,0.0001,100.0,518.67,641.81,1585.38,1396.62,14.62,21.61,554.14,2388.0,9055.28,1.3,47.19,522.31,2388.03,8136.97,8.3959,0.03,391,2388,100.0,38.99,23.4883,262
2,26,-0.0011,0.0003,100.0,518.67,641.87,1575.38,1392.3,14.62,21.61,554.03,2387.98,9050.81,1.3,47.12,522.8,2388.0,8137.27,8.3472,0.03,391,2388,100.0,38.96,23.4691,261
2,27,0.0006,0.0005,100.0,518.67,642.12,1585.44,1402.31,14.62,21.61,555.16,2388.03,9058.01,1.3,47.03,522.11,2388.06,8137.73,8.4077,0.03,392,2388,100.0,38.96,23.4275,260
2,28,0.0037,0.0005,100.0,518.67,642.04,1581.6,1397.45,14.62,21.61,554.77,2387.99,9053.78,1.3,46.99,522.68,2387.93,8136.55,8.3734,0.03,390,2388,100.0,38.95,23.4395,259
2,29,-0.0032,-0.0003,100.0,518.67,642.08,1583.78,1398.08,14.62,21.61,554.75,2388.0,9055.84,1.3,47.11,522.26,2388.02,8140.77,8.37,0.03,390,2388,100.0,38.97,23.4249,258
2,30,0.0012,0.0,100.0,518.67,641.78,1590.32,1395.07,14.62,21.61,554.62,2387.98,9050.8,1.3,47.2,522.43,2388.0,8136.63,8.419,0.03,391,2388,100.0,39.1,23.3985,257
2,31,-0.0009,0.0005,100.0,518.67,641.97,1579.86,1390.94,14.62,21.61,554.8,2388.0,9049.93,1.3,47.05,522.17,2388.04,8131.62,8.4393,0.03,391,2388,100.0,39.17,23.4154,256
2,32,0.0013,-0.0001,100.0,518.67,641.58,1584.52,1391.11,14.62,21.61,554.56,2387.98,9045.87,1.3,47.12,522.54,2387.98,8138.76,8.3783,0.03,390,2388,100.0,38.97,23.4006,255
2,33,-0.0032,0.0004,100.0,518.67,641.79,1585.17,1396.15,14.62,21.61,553.62,2388.01,9051.18,1.3,47.09,522.26,2387.99,8133.62,8.4102,0.03,392,2388,100.0,39.01,23.4434,254
2,34,0.0042,0.0003,100.0,518.67,642.12,1584.08,1394.24,14.62,21.61,555.09,2388.0,9059.29,1.3,47.22,522.64,2387.96,8139.8,8.4188,0.03,390,2388,100.0,38.87,23.4571,253
2,35,0.002,0.0002,100.0,518.67,641.37,1575.73,1392.55,14.62,21.61,554.73,2388.02,9057.34,1.3,47.25,522.0,2388.0,8142.08,8.4164,0.03,394,2388,100.0,39.06,23.5283,252
2,36,0.0013,0.0004,100.0,518.67,641.27,1581.56,1397.13,14.62,21.61,554.59,2388.02,9055.79,1.3,47.21,522.32,2388.0,8142.06,8.3709,0.03,391,2388,100.0,39.12,23.3881,251
2,37,0.005,0.0005,100.0,518.67,642.1,1585.63,1396.29,14.62,21.61,555.01,2388.04,9058.16,1.3,47.16,522.69,2388.02,8136.08,8.3609,0.03,391,2388,100.0,39.08,23.4047,250
2,38,0.0013,0.0005,100.0,518.67,642.22,1585.15,1397.75,14.62,21.61,554.21,2388.0,9055.35,1.3,47.22,522.13,2388.05,8134.91,8.4069,0.03,390,2388,100.0,39.09,23.4191,249
2,39,-0.0018,0.0005,100.0,518.67,642.0,1585.69,1391.49,14.62,21.61,554.05,2388.0,9061.16,1.3,47.2,522.79,2388.05,8138.78,8.3755,0.03,391,2388,100.0,39.02,23.4489,248
2,40,0.0005,0.0005,100.0,518.67,642.02,1582.69,1398.38,14.62,21.61,554.07,2388.03,9046.96,1.3,47.22,522.3,2388.01,8137.16,8.401,0.03,391,2388,100.0,38.84,23.4402,247
2,41,0.0015,0.0006,100.0,518.67,642.41,1578.97,1398.74,14.62,21.61,554.34,2388.04,9053.6,1.3,47.26,522.22,2388.01,8140.84,8.3856,0.03,392,2388,100.0,38.94,23.3071,246
2,42,0.0016,0.0005,100.0,518.67,642.27,1579.21,1392.13,14.62,21.61,553.98,2387.97,9046.36,1.3,47.14,522.87,2388.0,8135.3,8.3449,0.03,392,2388,100.0,39.08,23.4631,245
2,43,0.0027,0.0,100.0,518.67,642.02,1580.59,1391.6,14.62,21.61,554.14,2388.04,9053.65,1.3,47.08,522.9,2388.02,8135.14,8.4144,0.03,392,2388,100.0,38.92,23.4966,244
2,44,0.0003,0.0003,100.0,518.67,642.01,1584.33,1398.69,14.62,21.61,554.16,2388.04,9057.05,1.3,47.22,522.77,2388.06,8137.23,8.4087,0.03,392,2388,100.0,39.03,23.4546,243
2,45,-0.0014,-0.0002,100.0,518.67,642.05,1586.41,1397.6,14.62,21.61,554.2,2388.05,9060.38,1.3,47.17,522.27,2388.0,8141.93,8.3847,0.03,390,2388,100.0,38.99,23.4284,242
2,46,0.0002,-0.0003,100.0,518.67,642.15,1575.45,1392.6,14.62,21.61,554.54,2388.0,9053.33,1.3,47.19,522.08,2388.05,8140.52,8.3994,0.03,390,2388,100.0,38.93,23.5041,241
2,47,0.0021,0.0003,100.0,518.67,642.4,1583.85,1396.46,14.62,21.61,554.96,2388.04,9046.52,1.3,47.03,522.73,2388.0,8136.97,8.3756,0.03,391,2388,100.0,38.89,23.3447,240
2,48,0.0006,-0.0001,100.0,518.67,642.09,1586.71,1397.95,14.62,21.61,554.67,2387.99,9057.73,1.3,47.18,522.41,2387.98,8134.97,8.3821,0.03,392,2388,100.0,39.23,23.4336,239
2,49,-0.0006,0.0005,100.0,518.67,642.85,1583.86,1396.5,14.62,21.61,554.04,2388.04,9049.11,1.3,47.18,522.83,2387.99,8135.93,8.4024,0.03,390,2388,100.0,39.17,23.4871,238
2,50,-0.0002,-0.0004,100.0,518.67,642.02,1577.86,1399.78,14.62,21.61,554.73,2388.0,9051.65,1.3,47.16,522.16,2388.05,8138.46,8.4042,0.03,391,2388,100.0,39.1,23.353,237
2,51,0.0008,0.0003,100.0,518.67,642.03,1585.34,1393.06,14.62,21.61,555.02,2388.02,9055.92,1.3,47.03,522.34,2388.01,8137.89,8.3731,0.03,392,2388,100.0,38.9,23.3239,236
2,52,-0.001,-0.0001,100.0,518.67,641.52,1588.48,1401.66,14.62,21.6,554.76,2388.0,9056.25,1.3,47.09,522.58,2388.01,8134.22,8.4064,0.03,392,2388,100.0,39.08,23.3668,235
2,53,-0.0023,-0.0001,100.0,518.67,642.0,1584.9,1397.09,14.62,21.61,554.33,2388.05,9051.78,1.3,46.98,522.73,2388.01,8137.95,8.411,0.03,391,2388,100.0,38.95,23.5307,234
2,54,0.0004,-0.0003,100.0,518.67,641.58,1583.46,1405.33,14.62,21.61,554.42,2388.01,9046.85,1.3,47.1,522.48,2387.99,8141.65,8.4057,0.03,392,2388,100.0,39.13,23.3626,233
2,55,-0.0035,-0.0004,100.0,518.67,642.33,1585.59,1387.16,14.62,21.6,554.54,2388.02,9044.62,1.3,47.18,522.7,2388.02,8134.65,8.4077,0.03,392,2388,100.0,39.11,23.3779,232
2,56,-0.0035,0.0002,100.0,518.67,641.84,1587.04,1388.97,14.62,21.61,554.72,2388.02,9052.27,1.3,47.03,522.1,2388.01,8139.72,8.393,0.03,391,2388,100.0,39.1,23.3796,231
2,57,-0.0003,-0.0001,100.0,518.67,642.5,1584.13,1389.62,14.62,21.61,553.87,2388.05,9052.86,1.3,47.17,521.98,2387.96,8136.88,8.4008,0.03,391,2388,100.0,39.23,23.4544,230
2,58,-0.0,-0.0002,100.0,518.67,642.3,1582.93,1389.91,14.62,21.61,554.46,2388.03,9047.75,1.3,47.3,522.24,2387.98,8134.92,8.3731,0.03,391,2388,100.0,39.15,23.3861,229
2,59,0.0032,-0.0,100.0,518.67,642.48,1584.24,1397.95,14.62,21.61,554.6,2388.08,9053.2,1.3,47.17,522.78,2388.0,8136.9,8.4036,0.03,391,2388,100.0,39.04,23.4347,228
2,60,0.0014,-0.0002,100.0,518.67,642.09,1584.57,1396.84,14.62,21.61,554.06,2388.04,9057.57,1.3,47.12,521.93,2388.02,8141.27,8.4003,0.03,393,2388,100.0,39.11,23.3928,227
2,61,-0.0044,0.0001,100.0,518.67,642.41,1585.45,1399.71,14.62,21.61,555.08,2388.03,9057.02,1.3,47.09,522.69,2387.99,8135.88,8.4006,0.03,391,2388,100.0,39.04,23.2745,226
2,62,-0.0017,-0.0001,100.0,518.67,641.81,1577.87,1401.66,14.62,21.61,554.52,2388.03,9048.8,1.3,47.27,521.78,2387.98,8135.86,8.4193,0.03,391,2388,100.0,39.23,23.4442,225
2,63,-0.0014,0.0005,100.0,518.67,641.91,1575.83,1395.05,14.62,21.61,554.63,2388.0,9061.57,1.3,47.17,522.15,2388.01,8134.72,8.3867,0.03,392,2388,100.0,38.98,23.325,224
2,64,-0.0,0.0001,100.0,518.67,641.66,1581.65,1401.46,14.62,21.61,554.93,2388.02,9048.35,1.3,47.11,522.18,2388.05,8136.88,8.4144,0.03,391,2388,100.0,39.07,23.398,223
2,65,0.0008,0.0,100.0,518.67,641.7,1582.59,1395.4,14.62,21.6,554.28,2388.0,9057.07,1.3,47.34,522.52,2387.98,8135.72,8.4128,0.03,391,2388,100.0,38.92,23.3455,222
2,66,0.0005,-0.0002,100.0,518.67,642.26,1584.6,1394.01,14.62,21.61,554.11,2388.06,9054.62,1.3,47.17,522.65,2387.98,8138.89,8.4121,0.03,392,2388,100.0,39.0,23.426,221
2,67,-0.0036,-0.0001,100.0,518.67,642.17,1587.63,1395.44,14.62,21.61,554.99,2388.1,9048.97,1.3,46.96,522.58,2388.0,8138.81,8.3761,0.03,393,2388,100.0,39.02,23.3933,220
2,68,0.0008,0.0001,100.0,518.67,642.5,1577.16,1399.27,14.62,21.61,554.07,2387.97,9054.61,1.3,47.16,522.2,2388.0,8137.75,8.4141,0.03,392,2388,100.0,38.97,23.4076,219
2,69,-0.0004,0.0,100.0,518.67,642.73,1586.47,1399.73,14.62,21.61,554.35,2388.01,9049.25,1.3,47.33,522.21,2387.97,8136.47,8.4116,0.03,392,2388,100.0,39.09,23.3783,218
2,70,0.0005,-0.0002,100.0,518.67,641.76,1593.24,1397.3,14.62,21.61,554.47,2388.05,9049.78,1.3,47.26,522.17,2387.98,8134.06,8.4118,0.03,392,2388,100.0,39.06,23.3894,217
2,71,-0.0004,0.0002,100.0,518.67,642.39,1586.68,1403.09,14.62,21.61,555.01,2388.0,9053.44,1.3,47.24,522.02,2387.94,8131.12,8.3993,0.03,392,2388,100.0,38.92,23.317,216
2,72,-0.0007,-0.0001,100.0,518.67,642.48,1583.11,1393.85,14.62,21.61,554.54,2388.03,9057.61,1.3,47.19,522.4,2388.02,8136.69,8.4012,0.03,392,2388,100.0,39.12,23.4393,215
2,73,-0.0004,-0.0001,100.0,518.67,641.73,1586.57,1400.98,14.62,21.61,554.41,2388.01,9057.35,1.3,47.15,522.95,2388.02,8142.06,8.3896,0.03,390,2388,100.0,38.94,23.4567,214
2,74,-0.0013,0.0001,100.0,518.67,642.39,1584.04,1396.13,14.62,21.6,555.36,2388.01,9060.56,1.3,47.25,521.97,2388.03,8138.8,8.3932,0.03,391,2388,100.0,39.07,23.4015,213
2,75,0.0025,0.0004,100.0,518.67,641.64,1578.27,1390.64,14.62,21.6,555.45,2387.95,9053.52,1.3,47.09,522.54,2388.07,8133.37,8.3944,0.03,392,2388,100.0,38.99,23.421,212
2,76,-0.0037,0.0001,100.0,518.67,642.01,1586.91,1399.66,14.62,21.61,554.05,2388.05,9052.13,1.3,46.99,522.08,2388.07,8136.29,8.3629,0.03,392,2388,100.0,38.88,23.4591,211
2,77,0.0003,0.0,100.0,518.67,641.97,1588.54,1395.38,14.62,21.61,554.06,2388.02,9052.12,1.3,46.95,522.36,2388.02,8138.64,8.4399,0.03,392,2388,100.0,39.01,23.4969,210
2,78,0.0004,-0.0001,100.0,518.67,642.44,1587.2,1394.24,14.62,21.61,554.83,2387.99,9058.82,1.3,47.12,522.57,2387.98,8135.85,8.4018,0.03,391,2388,100.0,38.96,23.5367,209
2,79,0.0021,0.0004,100.0,518.67,641.62,1585.59,1398.51,14.62,21.61,554.19,2388.0,9057.44,1.3,47.23,522.26,2388.09,8135.02,8.3931,0.03,390,2388,100.0,39.15,23.2873,208
2,80,0.0027,-0.0,100.0,518.67,641.37,1588.33,1394.0,14.62,21.61,554.94,2387.99,9056.41,1.3,47.2,523.26,2388.03,8138.12,8.3889,0.03,391,2388,100.0,38.95,23.4198,207
2,81,0.0006,-0.0001,100.0,518.67,641.72,1578.31,1390.12,14.62,21.61,555.25,2388.02,9053.0,1.3,47.25,522.62,2388.07,8135.81,8.4162,0.03,391,2388,100.0,39.08,23.4685,206
2,82,0.0035,-0.0001,100.0,518.67,641.86,1587.24,1402.78,14.62,21.61,554.17,2388.01,9055.28,1.3,47.19,522.3,2388.0,8135.13,8.3428,0.03,391,2388,100.0,39.17,23.4491,205
2,83,0.0,-0.0004,100.0,518.67,641.73,1585.18,1398.81,14.62,21.61,554.18,2388.07,9047.88,1.3,47.13,523.13,2388.04,8135.08,8.3997,0.03,390,2388,100.0,39.0,23.4056,204
2,84,-0.0037,-0.0004,100.0,518.67,642.41,1586.46,1402.26,14.62,21.61,554.86,2388.06,9050.39,1.3,47.29,522.75,2387.92,8138.11,8.394,0.03,392,2388,100.0,38.95,23.4055,203
2,85,0.0002,0.0004,100.0,518.67,641.73,1588.31,1398.33,14.62,21.6,554.5,2387.97,9049.41,1.3,47.19,522.63,2387.96,8137.66,8.3954,0.03,391,2388,100.0,39.13,23.4072,202
2,86,0.0004,-0.0,100.0,518.67,641.85,1579.31,1399.12,14.62,21.61,554.51,2388.02,9050.83,1.3,47.27,522.26,2388.01,8138.02,8.3958,0.03,391,2388,100.0,38.87,23.4982,201
2,87,0.0019,-0.0002,100.0,518.67,642.36,1582.64,1399.51,14.62,21.61,554.77,2387.95,9056.36,1.3,47.26,522.59,2387.96,8140.14,8.3952,0.03,393,2388,100.0,39.1,23.2916,200
2,88,0.0007,-0.0002,100.0,518.67,642.23,1587.88,1398.17,14.62,21.6,554.71,2388.01,9056.67,1.3,47.04,522.62,2388.0,8139.82,8.3851,0.03,391,2388,100.0,39.06,23.4173,199
2,89,0.0017,0.0005,100.0,518.67,641.95,1584.62,1394.07,14.62,21.61,554.18,2388.0,9054.7,1.3,47.18,522.42,2388.08,8135.49,8.4143,0.03,393,2388,100.0,39.18,23.4148,198
2,90,0.0019,-0.0003,100.0,518.67,642.06,1580.77,1405.34,14.62,21.61,554.1,2387.98,9053.58,1.3,47.21,522.04,2388.0,8138.51,8.3922,0.03,390,2388,100.0,38.9,23.4878,197
2,91,-0.0007,-0.0002,100.0,518.67,642.09,1583.57,1399.47,14.62,21.61,553.79,2388.02,9045.94,1.3,47.15,522.48,2388.05,8134.67,8.4026,0.03,391,2388,100.0,39.1,23.3972,196
2,92,-0.0006,0.0005,100.0,518.67,642.36,1584.87,1399.17,14.62,21.6,554.28,2388.02,9050.92,1.3,47.13,522.45,2388.0,8137.35,8.3919,0.03,392,2388,100.0,38.81,23.2772,195
2,93,0.0019,-0.0004,100.0,518.67,642.21,1591.68,1392.48,14.62,21.61,553.92,2388.05,9049.14,1.3,47.24,522.52,2388.0,8137.98,8.4005,0.03,391,2388,100.0,38.94,23.3075,194
2,94,0.0,0.0005,100.0,518.67,642.1,1585.62,1395.39,14.62,21.61,554.53,2388.03,9054.99,1.3,47.38,522.74,2387.99,8141.01,8.4075,0.03,392,2388,100.0,39.15,23.4165,193
2,95,-0.0022,0.0002,100.0,518.67,642.56,1579.26,1402.79,14.62,21.61,553.99,2388.05,9048.27,1.3,47.06,522.37,2388.02,8131.72,8.3773,0.03,392,2388,100.0,38.98,23.4318,192
2,96,-0.0026,0.0006,100.0,518.67,642.42,1576.94,1399.59,14.62,21.61,554.4,2387.97,9059.0,1.3,47.07,521.66,2388.06,8137.78,8.3698,0.03,392,2388,100.0,38.92,23.3285,191
2,97,0.0008,0.0001,100.0,518.67,642.04,1586.12,1400.5,14.62,21.61,554.42,2388.02,9056.26,1.3,47.19,522.22,2388.06,8135.99,8.4202,0.03,391,2388,100.0,39.06,23.3578,190
2,98,-0.0001,0.0003,100.0,518.67,641.73,1587.84,1401.08,14.62,21.61,554.57,2388.04,9056.94,1.3,47.21,522.92,2387.98,8140.08,8.4115,0.03,391,2388,100.0,39.08,23.5011,189
2,99,-0.0034,-0.0004,100.0,518.67,642.04,1585.48,1400.97,14.62,21.61,554.43,2388.05,9054.46,1.3,47.13,522.5,2388.0,8138.18,8.4179,0.03,393,2388,100.0,39.15,23.3414,188
2,100,0.0076,-0.0001,100.0,518.67,642.04,1586.01,1402.72,14.62,21.61,554.48,2388.0,9056.18,1.3,47.21,522.01,2388.05,8135.5,8.4107,0.03,390,2388,100.0,38.85,23.331,187
2,101,0.0031,-0.0,100.0,518.67,641.96,1582.66,1397.81,14.62,21.61,555.07,2387.98,9051.47,1.3,47.37,522.4,2388.01,8140.13,8.3835,0.03,392,2388,100.0,38.93,23.4257,186
2,102,0.0016,0.0001,100.0,518.67,642.44,1590.24,1407.05,14.62,21.6,554.44,2388.03,9052.38,1.3,47.19,522.05,2388.04,8136.45,8.4052,0.03,391,2388,100.0,38.92,23.3453,185
2,103,-0.0022,0.0002,100.0,518.67,642.05,1587.75,1392.16,14.62,21.61,554.44,2388.11,9050.8,1.3,47.23,522.36,2388.02,8144.59,8.4148,0.03,392,2388,100.0,39.12,23.4403,184
2,104,-0.0034,0.0002,100.0,518.67,642.41,1582.04,1397.31,14.62,21.61,554.91,2388.0,9055.21,1.3,47.26,522.18,2388.07,8142.03,8.4037,0.03,390,2388,100.0,39.03,23.4053,183
2,105,-0.005,0.0004,100.0,518.67,641.94,1585.65,1397.45,14.62,21.61,554.81,2388.02,9058.39,1.3,47.32,522.11,2388.05,8140.65,8.4056,0.03,392,2388,100.0,39.0,23.3467,182
2,106,0.0002,-0.0004,100.0,518.67,641.87,1584.61,1402.62,14.62,21.61,553.96,2388.06,9061.94,1.3,47.32,522.11,2387.97,8133.6,8.3727,0.03,393,2388,100.0,39.09,23.4154,181
2,107,0.0011,-0.0001,100.0,518.67,642.52,1581.7,1402.93,14.62,21.61,554.21,2387.96,9058.97,1.3,47.16,522.34,2388.05,8136.62,8.3723,0.03,393,2388,100.0,39.13,23.5191,180
2,108,0.0014,0.0004,100.0,518.67,642.24,1578.45,1396.25,14.62,21.61,554.29,2388.03,9056.31,1.3,47.23,522.27,2388.04,8136.72,8.3978,0.03,391,2388,100.0,38.75,23.4441,179
2,109,0.0014,0.0,100.0,518.67,642.12,1590.41,1392.9,14.62,21.61,553.72,2388.12,9053.21,1.3,47.28,522.0,2387.99,8145.36,8.4061,0.03,391,2388,100.0,39.1,23.3497,178
2,110,-0.0013,-0.0002,100.0,518.67,642.29,1583.3,1398.47,14.62,21.61,554.5,2388.07,9053.81,1.3,47.31,522.27,2388.02,8140.04,8.3723,0.03,391,2388,100.0,39.06,23.3997,177
2,111,0.0039,0.0,100.0,518.67,642.24,1576.85,1393.76,14.62,21.61,554.42,2387.99,9062.68,1.3,47.18,522.32,2387.99,8137.95,8.4437,0.03,392,2388,100.0,39.16,23.4703,176
2,112,-0.0023,-0.0002,100.0,518.67,642.49,1588.35,1397.2,14.62,21.61,554.33,2388.01,9063.33,1.3,47.37,522.23,2388.0,8138.79,8.4025,0.03,392,2388,100.0,39.06,23.3444,175
2,113,-0.003,0.0,100.0,518.67,641.95,1584.21,1404.74,14.62,21.61,554.07,2388.01,9049.1,1.3,47.23,522.1,2387.99,8141.12,8.3994,0.03,391,2388,100.0,39.12,23.5029,174
2,114,-0.0005,-0.0002,100.0,518.67,642.13,1576.56,1397.05,14.62,21.61,555.1,2388.01,9055.66,1.3,47.19,522.13,2388.02,8138.67,8.4119,0.03,391,2388,100.0,39.06,23.3784,173
2,115,-0.0041,-0.0001,100.0,518.67,642.16,1583.27,1401.33,14.62,21.61,554.37,2388.01,9055.06,1.3,47.14,522.1,2388.03,8138.48,8.395,0.03,390,2388,100.0,38.89,23.313,172
2,116,-0.001,0.0004,100.0,518.67,642.38,1577.87,1398.39,14.62,21.61,554.45,2387.97,9053.87,1.3,47.01,522.48,2388.02,8145.28,8.3895,0.03,391,2388,100.0,38.96,23.4542,171
2,117,-0.0031,-0.0,100.0,518.67,641.97,1583.84,1395.4,14.62,21.61,554.6,2388.02,9056.45,1.3,47.23,522.39,2388.03,8139.95,8.4365,0.03,392,2388,100.0,39.05,23.432,170
2,118,-0.0013,0.0004,100.0,518.67,641.95,1580.49,1400.99,14.62,21.61,553.96,2388.01,9055.61,1.3,47.11,522.23,2388.05,8141.01,8.3735,0.03,392,2388,100.0,39.04,23.2912,169
2,119,0.0,-0.0002,100.0,518.67,642.67,1585.06,1401.87,14.62,21.61,554.32,2388.0,9054.52,1.3,47.24,522.21,2388.0,8141.97,8.4236,0.03,392,2388,100.0,38.74,23.3731,168
2,120,-0.0001,0.0004,100.0,518.67,642.01,1589.61,1394.39,14.62,21.61,554.42,2388.05,9056.54,1.3,47.22,521.62,2388.01,8136.11,8.3666,0.03,391,2388,100.0,39.18,23.4077,167
2,121,0.0027,0.0003,100.0,518.67,642.04,1580.19,1391.52,14.62,21.61,554.51,2387.96,9053.67,1.3,47.28,522.31,2387.97,8140.79,8.4134,0.03,392,2388,100.0,39.09,23.3381,166
2,122,0.0011,0.0003,100.0,518.67,642.08,1585.52,1405.27,14.62,21.61,553.82,2388.01,9051.03,1.3,47.23,521.96,2387.97,8136.04,8.3783,0.03,392,2388,100.0,38.88,23.3284,165
2,123,-0.001,-0.0004,100.0,518.67,642.11,1588.59,1403.23,14.62,21.61,554.31,2388.04,9056.3,1.3,47.21,522.14,2388.03,8134.83,8.3887,0.03,391,2388,100.0,38.86,23.4492,164
2,124,-0.0002,0.0004,100.0,518.67,642.37,1583.12,1399.26,14.62,21.61,554.58,2388.04,9053.57,1.3,47.06,522.64,2387.99,8135.96,8.4049,0.03,392,2388,100.0,39.03,23.3364,163
2,125,-0.0015,0.0001,100.0,518.67,642.71,1586.32,1397.94,14.62,21.61,554.81,2388.01,9060.56,1.3,47.31,522.23,2387.98,8142.91,8.4012,0.03,391,2388,100.0,39.09,23.3785,162
2,126,0.0006,0.0005,100.0,518.67,642.07,1587.45,1403.41,14.62,21.61,554.03,2387.96,9057.08,1.3,47.28,521.95,2387.99,8136.69,8.4243,0.03,392,2388,100.0,38.91,23.3592,161
2,127,-0.0002,-0.0004,100.0,518.67,642.26,1586.65,1400.81,14.62,21.61,554.08,2387.99,9056.25,1.3,47.21,522.2,2388.08,8134.49,8.4476,0.03,391,2388,100.0,39.08,23.34,160
2,128,-0.0008,0.0,100.0,518.67,641.54,1592.2,1397.34,14.62,21.6,554.16,2388.01,9054.43,1.3,47.2,522.36,2388.05,8142.32,8.4098,0.03,392,2388,100.0,39.05,23.3966,159
2,129,0.0007,0.0004,100.0,518.67,641.66,1590.59,1400.25,14.62,21.6,554.6,2388.07,9052.79,1.3,47.23,522.19,2387.99,8139.65,8.3986,0.03,392,2388,100.0,38.96,23.4331,158
2,130,0.0035,-0.0003,100.0,518.67,642.06,1584.83,1409.98,14.62,21.61,554.42,2387.99,9060.71,1.3,47.26,522.4,2388.05,8137.8,8.4145,0.03,391,2388,100.0,38.92,23.3645,157
2,131,-0.0001,0.0001,100.0,518.67,641.96,1587.61,1394.26,14.62,21.61,554.88,2388.01,9055.73,1.3,47.36,522.37,2387.98,8141.5,8.4074,0.03,392,2388,100.0,39.02,23.4016,156
2,132,0.0002,0.0006,100.0,518.67,642.01,1586.66,1398.78,14.62,21.61,554.4,2388.13,9059.84,1.3,47.12,522.25,2388.03,8140.33,8.4102,0.03,390,2388,100.0,38.91,23.313,155
2,133,-0.0016,-0.0004,100.0,518.67,642.84,1581.22,1393.87,14.62,21.61,554.21,2388.04,9060.79,1.3,47.18,521.71,2388.05,8140.53,8.4054,0.03,392,2388,100.0,38.89,23.2668,154
2,134,0.0026,0.0001,100.0,518.67,642.76,1586.44,1406.2,14.62,21.6,553.88,2388.02,9061.2,1.3,47.17,521.95,2388.02,8142.84,8.381,0.03,390,2388,100.0,38.95,23.3367,153
2,135,0.0009,-0.0002,100.0,518.67,642.02,1580.12,1404.56,14.62,21.61,554.52,2388.01,9051.53,1.3,47.34,522.13,2388.03,8129.68,8.4108,0.03,392,2388,100.0,38.91,23.3992,152
2,136,0.001,-0.0003,100.0,518.67,642.06,1582.91,1402.67,14.62,21.61,554.5,2388.05,9056.59,1.3,47.09,521.86,2387.99,8142.13,8.3889,0.03,389,2388,100.0,39.0,23.4236,151
2,137,0.0044,-0.0004,100.0,518.67,642.46,1585.36,1406.79,14.62,21.61,554.42,2388.01,9057.59,1.3,47.39,522.21,2388.0,8135.55,8.369,0.03,391,2388,100.0,38.98,23.3517,150
2,138,0.0012,0.0004,100.0,518.67,642.34,1585.19,1398.95,14.62,21.61,555.03,2387.99,9063.57,1.3,47.16,521.73,2388.04,8137.5,8.4125,0.03,392,2388,100.0,38.82,23.4346,149
2,139,-0.0003,0.0005,100.0,518.67,642.63,1590.88,1400.87,14.62,21.61,554.24,2388.06,9057.55,1.3,47.3,522.61,2388.03,8139.9,8.3919,0.03,391,2388,100.0,38.94,23.4316,148
2,140,0.0014,-0.0001,100.0,518.67,642.29,1593.7,1403.14,14.62,21.61,554.86,2388.09,9051.91,1.3,47.32,522.49,2387.95,8139.78,8.4243,0.03,392,2388,100.0,39.01,23.474,147
2,141,0.0019,0.0003,100.0,518.67,642.07,1585.09,1403.25,14.62,21.61,554.7,2388.05,9057.75,1.3,47.43,522.5,2388.05,8137.35,8.4254,0.03,393,2388,100.0,39.02,23.4038,146
2,142,-0.0007,0.0004,100.0,518.67,641.91,1586.41,1401.27,14.62,21.61,554.18,2388.08,9060.33,1.3,47.3,522.18,2388.04,8134.04,8.3936,0.03,391,2388,100.0,39.0,23.4716,145
2,143,0.0001,0.0004,100.0,518.67,642.31,1588.88,1400.49,14.62,21.61,554.05,2388.03,9057.74,1.3,47.3,521.73,2388.05,8138.17,8.423,0.03,393,2388,100.0,38.82,23.4197,144
2,144,-0.0005,0.0002,100.0,518.67,642.02,1584.35,1401.21,14.62,21.61,553.96,2388.03,9060.12,1.3,47.32,522.11,2388.01,8141.03,8.3836,0.03,392,2388,100.0,39.19,23.3494,143
2,145,-0.0021,0.0001,100.0,518.67,642.01,1582.72,1403.53,14.62,21.61,554.1,2387.97,9059.1,1.3,47.33,521.93,2388.08,8146.37,8.3967,0.03,393,2388,100.0,38.83,23.5167,142
2,146,0.0043,-0.0001,100.0,518.67,642.52,1590.06,1405.09,14.62,21.61,554.25,2388.05,9051.0,1.3,47.3,522.0,2388.04,8140.25,8.4074,0.03,391,2388,100.0,38.97,23.4017,141
2,147,0.0004,-0.0001,100.0,518.67,642.27,1588.78,1394.58,14.62,21.61,554.16,2388.05,9055.27,1.3,47.48,521.91,2388.06,8134.58,8.3896,0.03,393,2388,100.0,38.89,23.3356,140
2,148,0.0018,0.0004,100.0,518.67,642.65,1584.5,1398.3,14.62,21.61,554.32,2388.02,9055.59,1.3,47.31,522.57,2388.06,8140.37,8.4128,0.03,393,2388,100.0,39.13,23.3971,139
2,149,-0.002,-0.0003,100.0,518.67,642.03,1587.88,1404.41,14.62,21.61,553.84,2388.04,9057.81,1.3,47.31,521.87,2388.0,8138.62,8.387,0.03,391,2388,100.0,38.89,23.4024,138
2,150,-0.0021,0.0004,100.0,518.67,642.62,1585.43,1393.74,14.62,21.61,554.13,2388.01,9056.95,1.3,47.15,522.22,2388.02,8138.55,8.4175,0.03,391,2388,100.0,39.03,23.2996,137
2,151,0.0051,-0.0004,100.0,518.67,642.54,1590.21,1398.31,14.62,21.61,553.66,2387.98,9055.31,1.3,47.33,522.28,2388.04,8143.3,8.4173,0.03,390,2388,100.0,38.92,23.3831,136
2,152,-0.0004,0.0003,100.0,518.67,642.38,1583.49,1400.9,14.62,21.61,553.86,2388.06,9052.6,1.3,47.25,522.06,2388.07,8136.96,8.4123,0.03,391,2388,100.0,38.86,23.3666,135
2,153,0.0043,0.0002,100.0,518.67,641.96,1594.33,1397.52,14.62,21.61,553.78,2388.09,9058.68,1.3,47.29,521.82,2388.07,8134.54,8.4262,0.03,392,2388,100.0,38.71,23.3222,134
2,154,0.0012,0.0001,100.0,518.67,642.34,1591.3,1413.28,14.62,21.6,554.45,2388.01,9055.03,1.3,47.23,522.21,2388.02,8137.22,8.4161,0.03,391,2388,100.0,38.89,23.4216,133
2,155,-0.0022,-0.0003,100.0,518.67,642.17,1580.93,1397.45,14.62,21.61,553.84,2388.06,9054.82,1.3,47.23,521.91,2388.07,8146.25,8.4029,0.03,392,2388,100.0,38.99,23.3634,132
2,156,-0.0045,0.0004,100.0,518.67,642.15,1578.73,1399.13,14.62,21.61,554.7,2388.04,9057.22,1.3,47.31,522.14,2388.07,8139.57,8.4075,0.03,391,2388,100.0,39.07,23.3474,131
2,157,-0.0014,-0.0004,100.0,518.67,642.04,1588.7,1400.63,14.62,21.61,553.71,2388.07,9065.16,1.3,47.45,522.25,2388.06,8143.04,8.4137,0.03,394,2388,100.0,38.97,23.2225,130
2,158,0.0014,0.0001,100.0,518.67,641.99,1586.95,1404.68,14.62,21.61,554.67,2388.02,9057.68,1.3,47.45,522.32,2388.03,8140.57,8.4324,0.03,392,2388,100.0,39.03,23.422,129
2,159,-0.0018,-0.0003,100.0,518.67,641.81,1593.89,1399.71,14.62,21.61,553.7,2388.04,9058.8,1.3,47.26,522.2,2388.0,8138.61,8.4138,0.03,393,2388,100.0,38.89,23.3979,128
2,160,0.0033,-0.0003,100.0,518.67,642.53,1585.65,1409.72,14.62,21.61,554.65,2388.07,9059.7,1.3,47.46,521.96,2388.05,8144.03,8.4012,0.03,393,2388,100.0,38.92,23.4119,127
2,161,-0.0031,0.0003,100.0,518.67,642.08,1586.65,1396.32,14.62,21.61,554.18,2388.05,9057.22,1.3,47.19,521.96,2388.04,8140.21,8.4601,0.03,393,2388,100.0,38.83,23.4036,126
2,162,0.0028,0.0003,100.0,518.67,641.71,1588.83,1401.23,14.62,21.61,553.95,2388.06,9062.65,1.3,47.42,522.09,2388.01,8134.78,8.3739,0.03,392,2388,100.0,39.05,23.4045,125
2,163,0.0007,0.0004,100.0,518.67,642.88,1589.56,1396.2,14.62,21.61,553.96,2388.08,9059.47,1.3,47.29,521.55,2388.05,8142.54,8.3904,0.03,392,2388,100.0,38.94,23.4442,124
2,164,0.0043,0.0003,100.0,518.67,642.82,1588.23,1405.5,14.62,21.61,554.31,2387.99,9055.65,1.3,47.32,521.74,2388.04,8138.6,8.4304,0.03,391,2388,100.0,38.97,23.4381,123
2,165,-0.0043,0.0004,100.0,518.67,642.17,1588.55,1402.96,14.62,21.61,553.71,2388.03,9060.97,1.3,47.39,522.28,2387.97,8134.48,8.4068,0.03,392,2388,100.0,38.93,23.4707,122
2,166,-0.0068,0.0002,100.0,518.67,641.79,1589.09,1394.26,14.62,21.61,553.71,2388.03,9060.46,1.3,47.43,521.96,2388.01,8142.11,8.4111,0.03,392,2388,100.0,38.87,23.4352,121
2,167,0.0005,-0.0001,100.0,518.67,642.25,1588.74,1395.35,14.62,21.61,553.62,2388.01,9056.24,1.3,47.39,522.11,2388.03,8148.57,8.4261,0.03,393,2388,100.0,38.84,23.3977,120
2,168,-0.0026,-0.0003,100.0,518.67,642.55,1593.95,1404.01,14.62,21.61,554.32,2388.04,9055.88,1.3,47.3,521.89,2388.04,8135.51,8.4329,0.03,391,2388,100.0,38.84,23.3787,119
2,169,-0.0004,0.0003,100.0,518.67,642.26,1581.85,1406.06,14.62,21.61,553.06,2388.06,9059.37,1.3,47.33,521.77,2388.09,8141.96,8.4214,0.03,391,2388,100.0,38.93,23.3766,118
2,170,0.0025,0.0004,100.0,518.67,642.14,1577.26,1405.93,14.62,21.61,553.84,2388.03,9065.67,1.3,47.35,522.36,2388.07,8140.59,8.4079,0.03,394,2388,100.0,38.88,23.3532,117
2,171,0.0012,0.0005,100.0,518.67,642.21,1587.94,1410.34,14.62,21.61,553.84,2388.03,9060.51,1.3,47.34,521.89,2388.02,8143.29,8.4027,0.03,392,2388,100.0,38.91,23.287,116
2,172,-0.0041,0.0004,100.0,518.67,642.07,1589.42,1398.26,14.62,21.61,553.69,2388.06,9055.7,1.3,47.25,521.42,2388.09,8134.03,8.4109,0.03,392,2388,100.0,39.09,23.3496,115
2,173,0.0003,-0.0002,100.0,518.67,642.66,1589.0,1403.22,14.62,21.61,554.64,2388.04,9058.55,1.3,47.27,521.4,2388.05,8140.73,8.4288,0.03,392,2388,100.0,38.92,23.3576,114
2,174,-0.0009,-0.0003,100.0,518.67,642.34,1588.01,1403.24,14.62,21.61,553.76,2388.08,9066.4,1.3,47.31,521.85,2388.04,8144.79,8.3994,0.03,394,2388,100.0,39.02,23.3513,113
2,175,-0.0005,0.0005,100.0,518.67,642.46,1584.58,1398.37,14.62,21.61,554.01,2388.02,9067.91,1.3,47.45,522.2,2388.08,8140.85,8.417,0.03,393,2388,100.0,38.88,23.3065,112
2,176,-0.001,-0.0004,100.0,518.67,642.32,1585.73,1405.47,14.62,21.61,554.15,2388.04,9058.59,1.3,47.22,521.54,2388.07,8147.04,8.4189,0.03,392,2388,100.0,39.08,23.4372,111
2,177,0.0004,-0.0001,100.0,518.67,642.35,1586.88,1400.31,14.62,21.61,554.59,2388.06,9057.99,1.3,47.42,521.95,2388.04,8139.0,8.4153,0.03,393,2388,100.0,38.74,23.3538,110
2,178,0.0031,0.0003,100.0,518.67,642.43,1590.29,1404.39,14.62,21.61,553.83,2388.04,9056.85,1.3,47.56,521.97,2388.07,8146.93,8.3914,0.03,391,2388,100.0,38.85,23.353,109
2,179,-0.0024,-0.0001,100.0,518.67,642.33,1584.55,1399.3,14.62,21.61,553.86,2388.03,9060.98,1.3,47.37,522.48,2388.03,8140.62,8.4462,0.03,394,2388,100.0,38.91,23.3329,108
2,180,-0.0011,0.0,100.0,518.67,642.5,1593.51,1402.27,14.62,21.61,554.21,2388.11,9058.3,1.3,47.52,521.76,2388.05,8139.98,8.4404,0.03,392,2388,100.0,39.04,23.3712,107
2,181,0.0003,-0.0002,100.0,518.67,642.01,1585.87,1399.24,14.62,21.61,554.29,2388.03,9057.86,1.3,47.27,522.19,2388.01,8134.52,8.4148,0.03,393,2388,100.0,38.92,23.3777,106
2,182,-0.0,-0.0002,100.0,518.67,642.39,1586.42,1406.61,14.62,21.61,553.63,2388.03,9069.4,1.3,47.52,522.39,2388.09,8143.47,8.4072,0.03,392,2388,100.0,39.04,23.2931,105
2,183,-0.0015,-0.0002,100.0,518.67,642.6,1584.95,1406.15,14.62,21.61,554.35,2388.08,9064.12,1.3,47.24,521.84,2388.06,8142.25,8.4225,0.03,392,2388,100.0,38.85,23.3851,104
2,184,0.0037,0.0,100.0,518.67,642.43,1585.66,1408.13,14.62,21.61,554.99,2388.04,9067.28,1.3,47.47,521.86,2388.06,8142.27,8.3996,0.03,394,2388,100.0,38.85,23.4003,103
2,185,-0.002,0.0004,100.0,518.67,642.66,1581.09,1407.11,14.62,21.61,554.53,2388.02,9059.27,1.3,47.23,522.22,2388.05,8143.76,8.42,0.03,392,2388,100.0,38.94,23.2801,102
2,186,-0.0004,0.0002,100.0,518.67,642.8,1582.46,1404.35,14.62,21.61,554.42,2388.05,9063.38,1.3,47.47,521.82,2388.16,8145.64,8.4131,0.03,393,2388,100.0,38.75,23.3416,101
2,187,0.0019,0.0002,100.0,518.67,642.69,1588.88,1407.54,14.62,21.61,553.32,2388.08,9060.97,1.3,47.51,521.09,2388.05,8136.8,8.4101,0.03,392,2388,100.0,38.93,23.3926,100
2,188,0.0024,0.0002,100.0,518.67,642.64,1582.97,1402.72,14.62,21.61,554.26,2388.07,9062.7,1.3,47.37,522.34,2388.04,8139.36,8.4124,0.03,392,2388,100.0,38.82,23.306,99
2,189,0.0003,0.0002,100.0,518.67,642.81,1583.54,1403.09,14.62,21.61,554.03,2388.03,9069.79,1.3,47.42,521.7,2388.04,8141.68,8.4253,0.03,393,2388,100.0,39.02,23.2923,98
2,190,0.0013,0.0004,100.0,518.67,642.48,1592.5,1405.73,14.62,21.61,554.4,2388.06,9059.23,1.3,47.2,521.73,2388.03,8139.4,8.4128,0.03,393,2388,100.0,39.04,23.2623,97
2,191,-0.0009,0.0004,100.0,518.67,642.23,1584.59,1407.64,14.62,21.61,553.42,2388.04,9064.99,1.3,47.4,521.92,2388.05,8142.41,8.4694,0.03,393,2388,100.0,38.93,23.3507,96
2,192,0.0003,0.0002,100.0,518.67,642.18,1589.95,1404.07,14.62,21.6,553.09,2388.03,9071.88,1.3,47.49,521.7,2388.09,8141.81,8.4309,0.03,392,2388,100.0,38.87,23.3049,95
2,193,-0.0021,-0.0003,100.0,518.67,642.13,1588.28,1399.59,14.62,21.61,553.54,2388.09,9063.55,1.3,47.3,521.16,2388.08,8144.36,8.4143,0.03,393,2388,100.0,38.73,23.2606,94
2,194,-0.0003,-0.0003,100.0,518.67,643.1,1592.38,1404.64,14.62,21.61,553.86,2388.05,9065.99,1.3,47.69,522.17,2388.1,8142.38,8.4304,0.03,393,2388,100.0,38.9,23.3282,93
2,195,-0.0026,0.0004,100.0,518.67,643.24,1591.55,1410.18,14.62,21.61,553.22,2388.01,9060.17,1.3,47.32,521.92,2388.07,8147.43,8.4224,0.03,393,2388,100.0,39.09,23.3326,92
2,196,0.0003,0.0004,100.0,518.67,642.64,1591.39,1408.59,14.62,21.61,554.31,2388.15,9054.2,1.3,47.43,522.02,2388.06,8139.28,8.4614,0.03,393,2388,100.0,39.04,23.3682,91
2,197,0.0018,0.0005,100.0,518.67,642.55,1588.64,1403.29,14.62,21.61,554.07,2388.07,9061.28,1.3,47.36,521.47,2388.06,8148.8,8.4387,0.03,390,2388,100.0,38.79,23.3426,90
2,198,-0.0051,0.0003,100.0,518.67,643.21,1596.17,1402.91,14.62,21.61,553.94,2388.05,9059.21,1.3,47.14,521.5,2388.05,8146.21,8.441,0.03,392,2388,100.0,38.9,23.2813,89
2,199,0.0026,0.0001,100.0,518.67,642.44,1587.17,1409.39,14.62,21.61,554.06,2388.09,9061.54,1.3,47.49,521.22,2388.08,8144.69,8.429,0.03,394,2388,100.0,39.08,23.2433,88
2,200,-0.0017,0.0,100.0,518.67,642.74,1589.73,1406.28,14.62,21.61,553.13,2388.08,9065.78,1.3,47.44,521.69,2388.07,8144.69,8.4143,0.03,394,2388,100.0,38.95,23.4101,87
2,201,0.0021,0.0002,100.0,518.67,642.31,1595.57,1400.92,14.62,21.61,554.25,2388.04,9062.65,1.3,47.44,521.88,2388.1,8144.5,8.4458,0.03,392,2388,100.0,38.93,23.3551,86
2,202,-0.0001,0.0003,100.0,518.67,642.56,1589.47,1408.72,14.62,21.61,554.14,2388.14,9070.71,1.3,47.45,522.01,2388.03,8148.95,8.4287,0.03,392,2388,100.0,38.68,23.1814,85
2,203,0.0048,0.0001,100.0,518.67,641.95,1593.02,1410.33,14.62,21.61,553.2,2388.05,9070.42,1.3,47.58,521.41,2388.12,8137.27,8.4197,0.03,393,2388,100.0,38.7,23.1596,84
2,204,0.0012,0.0003,100.0,518.67,642.46,1591.84,1404.01,14.62,21.61,553.94,2388.02,9064.87,1.3,47.43,521.33,2388.06,8145.46,8.4779,0.03,393,2388,100.0,38.93,23.3788,83
2,205,-0.0021,0.0003,100.0,518.67,642.65,1586.59,1409.11,14.62,21.61,552.83,2388.07,9065.07,1.3,47.42,521.48,2388.09,8144.24,8.4298,0.03,393,2388,100.0,39.01,23.3266,82
2,206,-0.0004,-0.0003,100.0,518.67,642.51,1588.18,1411.14,14.62,21.61,553.86,2388.03,9059.13,1.3,47.24,521.37,2388.08,8145.04,8.4086,0.03,391,2388,100.0,38.8,23.3974,81
2,207,-0.0003,-0.0004,100.0,518.67,642.73,1591.04,1402.94,14.62,21.61,553.06,2388.05,9067.79,1.3,47.39,521.55,2388.04,8146.73,8.4175,0.03,392,2388,100.0,38.87,23.308,80
2,208,0.0004,0.0004,100.0,518.67,642.6,1590.29,1407.93,14.62,21.61,553.09,2388.05,9061.96,1.3,47.51,521.64,2388.11,8140.99,8.458,0.03,394,2388,100.0,38.75,23.2931,79
2,209,0.004,0.0002,100.0,518.67,642.27,1590.92,1409.2,14.62,21.61,553.66,2388.09,9065.23,1.3,47.43,520.72,2388.11,8147.1,8.4281,0.03,391,2388,100.0,38.97,23.3362,78
2,210,-0.005,0.0001,100.0,518.67,642.88,1583.56,1396.99,14.62,21.61,553.5,2388.1,9064.68,1.3,47.51,521.77,2388.08,8141.12,8.4317,0.03,393,2388,100.0,38.92,23.2484,77
2,211,-0.0017,-0.0002,100.0,518.67,642.8,1584.65,1409.23,14.62,21.61,552.47,2388.08,9066.43,1.3,47.48,521.67,2388.08,8143.14,8.452,0.03,392,2388,100.0,38.86,23.2252,76
2,212,0.0005,-0.0004,100.0,518.67,642.54,1586.71,1406.43,14.62,21.61,553.32,2388.13,9068.2,1.3,47.51,521.74,2388.16,8148.07,8.461,0.03,391,2388,100.0,39.03,23.2138,75
2,213,-0.0039,-0.0,100.0,518.67,642.39,1594.64,1407.38,14.62,21.61,554.04,2388.09,9066.07,1.3,47.56,521.65,2388.05,8144.0,8.4354,0.03,392,2388,100.0,38.73,23.3246,74
2,214,0.0017,-0.0002,100.0,518.67,642.39,1588.17,1402.21,14.62,21.61,553.86,2388.09,9062.68,1.3,47.49,521.81,2388.13,8148.16,8.4428,0.03,390,2388,100.0,38.82,23.2857,73
2,215,-0.0004,0.0005,100.0,518.67,642.97,1591.44,1411.63,14.62,21.61,553.75,2388.09,9071.14,1.3,47.57,521.02,2388.09,8141.9,8.4192,0.03,395,2388,100.0,38.72,23.117,72
2,216,-0.0021,0.0005,100.0,518.67,642.46,1583.46,1408.68,14.62,21.61,553.01,2388.08,9063.95,1.3,47.53,522.19,2388.06,8144.7,8.452,0.03,393,2388,100.0,38.97,23.3221,71
2,217,0.0023,0.0005,100.0,518.67,643.3,1585.11,1407.97,14.62,21.61,553.22,2388.1,9061.1,1.3,47.51,521.29,2388.08,8148.52,8.4982,0.03,392,2388,100.0,38.94,23.2658,70
2,218,0.0033,-0.0002,100.0,518.67,642.91,1592.69,1412.7,14.62,21.61,553.09,2388.12,9070.12,1.3,47.56,521.7,2388.02,8146.85,8.4763,0.03,394,2388,100.0,38.87,23.2734,69
2,219,0.0029,0.0001,100.0,518.67,642.88,1592.52,1412.91,14.62,21.61,553.28,2388.02,9074.41,1.3,47.71,521.74,2388.12,8147.72,8.46,0.03,393,2388,100.0,38.78,23.371,68
2,220,-0.0036,-0.0002,100.0,518.67,642.87,1600.76,1406.68,14.62,21.61,552.92,2388.09,9068.44,1.3,47.54,520.77,2388.11,8148.15,8.4123,0.03,392,2388,100.0,38.86,23.3541,67
2,221,0.0032,-0.0001,100.0,518.67,643.09,1586.57,1408.21,14.62,21.61,553.77,2388.12,9072.45,1.3,47.47,521.46,2388.11,8145.66,8.4446,0.03,394,2388,100.0,38.99,23.3309,66
2,222,0.001,0.0001,100.0,518.67,643.16,1590.78,1411.66,14.62,21.61,553.56,2388.1,9068.24,1.3,47.52,521.46,2388.1,8144.87,8.4414,0.03,393,2388,100.0,38.75,23.3147,65
2,223,-0.0002,0.0003,100.0,518.67,643.06,1596.47,1406.28,14.62,21.61,553.91,2388.06,9068.95,1.3,47.62,520.84,2388.12,8152.25,8.4348,0.03,393,2388,100.0,38.84,23.2077,64
2,224,-0.001,0.0001,100.0,518.67,642.86,1592.47,1414.63,14.62,21.61,553.17,2388.13,9070.23,1.3,47.74,521.16,2388.12,8148.63,8.4495,0.03,394,2388,100.0,38.79,23.2336,63
2,225,0.0014,-0.0,100.0,518.67,642.68,1590.59,1409.87,14.62,21.61,553.96,2388.12,9069.7,1.3,47.67,521.33,2388.15,8150.97,8.4357,0.03,393,2388,100.0,38.75,23.209,62
2,226,-0.0018,0.0002,100.0,518.67,643.23,1601.02,1408.9,14.62,21.61,553.45,2388.05,9063.54,1.3,47.46,521.59,2388.11,8143.41,8.4744,0.03,394,2388,100.0,38.83,23.3575,61
2,227,0.0014,0.0004,100.0,518.67,642.8,1587.46,1410.4,14.62,21.61,553.73,2388.11,9070.71,1.3,47.66,521.28,2388.09,8148.82,8.4472,0.03,393,2388,100.0,38.8,23.2895,60
2,228,-0.0017,0.0001,100.0,518.67,642.67,1592.83,1406.88,14.62,21.61,553.35,2388.11,9069.67,1.3,47.46,521.18,2388.1,8152.87,8.4493,0.03,394,2388,100.0,38.72,23.2553,59
2,229,0.0008,-0.0001,100.0,518.67,642.32,1593.83,1407.69,14.62,21.61,553.0,2388.13,9071.15,1.3,47.65,521.66,2388.11,8144.84,8.4447,0.03,393,2388,100.0,38.82,23.1824,58
2,230,-0.0002,0.0004,100.0,518.67,642.68,1593.67,1412.71,14.62,21.61,553.43,2388.09,9077.18,1.3,47.69,520.94,2388.09,8148.9,8.4482,0.03,394,2388,100.0,38.71,23.2213,57
2,231,-0.0004,-0.0001,100.0,518.67,642.99,1593.78,1404.68,14.62,21.61,552.61,2388.13,9071.48,1.3,47.64,521.73,2388.11,8144.02,8.462,0.03,394,2388,100.0,38.81,23.2847,56
2,232,0.0027,0.0004,100.0,518.67,642.98,1590.33,1411.66,14.62,21.61,553.53,2388.11,9070.67,1.3,47.56,520.9,2388.07,8151.93,8.4395,0.03,394,2388,100.0,38.7,23.2459,55
2,233,-0.0023,-0.0004,100.0,518.67,642.96,1599.65,1413.34,14.62,21.61,553.49,2388.07,9070.71,1.3,47.66,521.63,2388.11,8146.92,8.448,0.03,392,2388,100.0,38.63,23.3894,54
2,234,-0.0022,-0.0002,100.0,518.67,643.49,1588.68,1412.07,14.62,21.61,553.31,2388.12,9070.14,1.3,47.58,521.42,2388.1,8150.84,8.4341,0.03,394,2388,100.0,38.87,23.2635,53
2,235,0.0019,0.0002,100.0,518.67,642.63,1594.54,1406.42,14.62,21.61,552.42,2388.12,9073.86,1.3,47.85,521.66,2388.12,8149.47,8.4699,0.03,394,2388,100.0,38.82,23.2137,52
2,236,-0.0044,0.0003,100.0,518.67,643.01,1598.16,1410.66,14.62,21.61,553.52,2388.15,9068.9,1.3,47.63,521.17,2388.11,8147.85,8.4679,0.03,394,2388,100.0,38.63,23.275,51
2,237,0.0027,0.0004,100.0,518.67,643.14,1593.05,1419.76,14.62,21.61,552.78,2388.11,9069.61,1.3,47.65,520.7,2388.12,8152.81,8.4742,0.03,394,2388,100.0,38.57,23.2618,50
2,238,-0.0018,-0.0,100.0,518.67,643.13,1599.64,1413.73,14.62,21.61,552.98,2388.11,9072.97,1.3,47.52,521.34,2388.12,8152.62,8.4681,0.03,394,2388,100.0,38.67,23.1829,49
2,239,0.0026,-0.0003,100.0,518.67,642.73,1598.37,1417.49,14.62,21.61,553.05,2388.13,9072.08,1.3,47.83,520.66,2388.12,8143.53,8.4318,0.03,394,2388,100.0,38.68,23.2728,48
2,240,-0.0017,-0.0002,100.0,518.67,642.61,1599.71,1406.54,14.62,21.61,553.18,2388.11,9077.79,1.3,47.66,521.18,2388.11,8152.44,8.482,0.03,393,2388,100.0,38.76,23.314,47
2,241,-0.0026,0.0001,100.0,518.67,643.14,1598.65,1418.33,14.62,21.61,552.36,2388.16,9075.94,1.3,47.7,521.1,2388.13,8151.05,8.4423,0.03,396,2388,100.0,38.8,23.1703,46
2,242,-0.0008,0.0004,100.0,518.67,643.77,1593.7,1408.71,14.62,21.61,553.07,2388.13,9078.67,1.3,47.54,521.6,2388.08,8155.17,8.4377,0.03,393,2388,100.0,38.78,23.2157,45
2,243,0.0042,-0.0002,100.0,518.67,643.04,1593.98,1411.41,14.62,21.61,552.71,2388.09,9078.11,1.3,47.55,521.05,2388.06,8152.43,8.4661,0.03,395,2388,100.0,38.57,23.2729,44
2,244,-0.0013,0.0005,100.0,518.67,642.88,1595.99,1413.04,14.62,21.61,552.68,2388.13,9072.86,1.3,47.71,520.6,2388.14,8156.27,8.4785,0.03,393,2388,100.0,38.57,23.3427,43
2,245,-0.0016,0.0005,100.0,518.67,642.7,1590.93,1418.05,14.62,21.61,552.75,2388.15,9081.05,1.3,47.75,521.03,2388.12,8152.57,8.4748,0.03,395,2388,100.0,38.73,23.2067,42
2,246,0.0001,0.0003,100.0,518.67,642.85,1589.74,1420.2,14.62,21.61,552.57,2388.12,9075.07,1.3,47.72,521.27,2388.11,8149.52,8.4702,0.03,396,2388,100.0,38.66,23.27,41
2,247,-0.0013,-0.0002,100.0,518.67,642.88,1601.2,1413.56,14.62,21.61,552.46,2388.1,9074.98,1.3,47.7,520.61,2388.14,8149.5,8.4745,0.03,394,2388,100.0,38.58,23.2229,40
2,248,0.0048,0.0001,100.0,518.67,643.06,1599.41,1417.22,14.62,21.61,552.52,2388.08,9088.08,1.3,47.75,520.49,2388.12,8156.5,8.5015,0.03,392,2388,100.0,38.8,23.19,39
2,249,0.0013,-0.0004,100.0,518.67,643.79,1599.77,1419.19,14.62,21.61,551.56,2388.17,9076.61,1.3,47.66,520.7,2388.13,8153.91,8.4615,0.03,395,2388,100.0,38.88,23.2251,38
2,250,-0.0029,0.0004,100.0,518.67,643.15,1598.28,1415.35,14.62,21.61,553.0,2388.16,9076.4,1.3,47.79,520.37,2388.07,8153.25,8.4495,0.03,394,2388,100.0,38.71,23.1868,37
2,251,-0.0017,-0.0003,100.0,518.67,642.47,1598.68,1418.61,14.62,21.61,552.01,2388.16,9077.39,1.3,47.92,520.99,2388.1,8149.06,8.467,0.03,394,2388,100.0,38.54,23.2506,36
2,252,-0.004,0.0004,100.0,518.67,642.83,1596.89,1422.69,14.62,21.61,552.51,2388.11,9077.59,1.3,47.7,519.98,2388.14,8155.19,8.4779,0.03,394,2388,100.0,38.5,23.2033,35
2,253,0.0009,-0.0002,100.0,518.67,643.01,1596.43,1416.12,14.62,21.61,553.07,2388.14,9084.1,1.3,47.69,520.7,2388.12,8159.27,8.4662,0.03,394,2388,100.0,38.72,23.17,34
2,254,-0.0009,0.0005,100.0,518.67,643.31,1593.88,1423.55,14.62,21.61,551.99,2388.15,9084.75,1.3,47.95,520.83,2388.15,8157.22,8.4604,0.03,393,2388,100.0,38.78,23.1766,33
2,255,0.0012,0.0006,100.0,518.67,643.48,1598.25,1412.73,14.62,21.61,553.26,2388.15,9082.41,1.3,47.67,520.85,2388.12,8156.91,8.4829,0.03,395,2388,100.0,38.67,23.2282,32
2,256,-0.0044,0.0004,100.0,518.67,642.92,1598.83,1421.46,14.62,21.61,552.68,2388.12,9083.63,1.3,47.77,520.67,2388.12,8153.87,8.5297,0.03,395,2388,100.0,38.62,23.2518,31
2,257,0.0,-0.0002,100.0,518.67,643.06,1593.17,1426.94,14.62,21.61,552.19,2388.14,9086.82,1.3,48.02,520.95,2388.14,8158.12,8.4847,0.03,395,2388,100.0,38.64,23.2133,30
2,258,0.0007,-0.0,100.0,518.67,642.93,1599.77,1421.07,14.62,21.61,552.71,2388.11,9082.16,1.3,47.66,520.79,2388.18,8156.39,8.4796,0.03,394,2388,100.0,38.49,23.1194,29
2,259,0.0006,-0.0003,100.0,518.67,642.78,1597.65,1416.63,14.62,21.61,552.58,2388.12,9088.69,1.3,47.91,520.52,2388.13,8153.52,8.5312,0.03,395,2388,100.0,38.48,23.1053,28
2,260,0.0027,0.0001,100.0,518.67,642.94,1593.51,1419.41,14.62,21.61,552.02,2388.17,9078.61,1.3,47.94,520.54,2388.04,8158.73,8.4766,0.03,392,2388,100.0,38.44,23.153,27
2,261,-0.0009,0.0003,100.0,518.67,643.69,1594.0,1419.92,14.62,21.61,552.31,2388.09,9086.97,1.3,48.03,519.98,2388.13,8157.24,8.4775,0.03,393,2388,100.0,38.58,23.1426,26
2,262,0.0068,-0.0002,100.0,518.67,643.05,1588.3,1418.2,14.62,21.61,553.01,2388.14,9079.59,1.3,47.82,520.68,2388.12,8157.1,8.467,0.03,395,2388,100.0,38.4,23.1573,25
2,263,-0.0023,0.0001,100.0,518.67,643.16,1592.32,1422.82,14.62,21.61,552.81,2388.2,9079.99,1.3,47.91,521.04,2388.14,8159.57,8.5205,0.03,395,2388,100.0,38.81,23.1446,24
2,264,-0.0017,0.0005,100.0,518.67,643.47,1610.1,1424.48,14.62,21.61,552.17,2388.18,9086.82,1.3,48.07,520.47,2388.15,8154.78,8.522,0.03,395,2388,100.0,38.67,23.2342,23
2,265,-0.0035,0.0004,100.0,518.67,643.03,1593.48,1420.27,14.62,21.61,552.45,2388.18,9085.7,1.3,47.66,520.27,2388.12,8160.3,8.5185,0.03,395,2388,100.0,38.66,23.0402,22
2,266,0.002,-0.0001,100.0,518.67,643.14,1591.54,1422.54,14.62,21.61,551.84,2388.1,9083.55,1.3,47.84,520.52,2388.16,8158.06,8.461,0.03,397,2388,100.0,38.51,23.1815,21
2,267,-0.0,0.0003,100.0,518.67,642.96,1602.23,1422.12,14.62,21.61,552.61,2388.11,9091.67,1.3,47.8,520.2,2388.15,8161.44,8.4596,0.03,395,2388,100.0,38.49,23.1591,20
2,268,0.0006,-0.0,100.0,518.67,643.1,1602.53,1419.61,14.62,21.61,552.1,2388.16,9085.07,1.3,47.96,520.93,2388.15,8161.33,8.5129,0.03,395,2388,100.0,38.55,23.1937,19
2,269,-0.0002,-0.0002,100.0,518.67,643.11,1594.52,1419.23,14.62,21.61,551.28,2388.2,9086.7,1.3,48.09,519.74,2388.14,8159.05,8.5043,0.03,395,2388,100.0,38.71,22.9897,18
2,270,0.0005,-0.0002,100.0,518.67,643.12,1604.32,1424.27,14.62,21.61,551.75,2388.2,9083.41,1.3,48.04,520.35,2388.12,8158.1,8.5204,0.03,395,2388,100.0,38.59,23.1713,17
2,271,0.0001,0.0002,100.0,518.67,643.87,1607.43,1425.06,14.62,21.61,551.73,2388.22,9088.84,1.3,48.14,519.97,2388.21,8158.97,8.5014,0.03,395,2388,100.0,38.49,22.9721,16
2,272,-0.0004,0.0001,100.0,518.67,643.27,1600.02,1426.7,14.62,21.61,552.44,2388.22,9085.04,1.3,47.96,520.56,2388.2,8155.61,8.5126,0.03,395,2388,100.0,38.48,23.1781,15
2,273,-0.0036,-0.0003,100.0,518.67,643.71,1598.88,1418.55,14.62,21.61,552.47,2388.15,9094.09,1.3,47.88,519.72,2388.2,8163.69,8.5098,0.03,394,2388,100.0,38.53,23.1182,14
2,274,-0.0,0.0004,100.0,518.67,643.18,1598.98,1427.83,14.62,21.61,551.25,2388.2,9089.3,1.3,48.07,519.73,2388.18,8161.62,8.488,0.03,396,2388,100.0,38.27,23.1046,13
2,275,0.001,0.0001,100.0,518.67,643.67,1595.3,1421.8,14.62,21.61,551.86,2388.21,9094.94,1.3,48.02,520.0,2388.17,8157.59,8.5136,0.03,396,2388,100.0,38.67,23.198,12
2,276,-0.0018,0.0004,100.0,518.67,643.82,1605.46,1429.66,14.62,21.61,551.43,2388.16,9087.19,1.3,47.98,520.09,2388.17,8163.22,8.5177,0.03,396,2388,100.0,38.41,23.0895,11
2,277,0.0017,-0.0004,100.0,518.67,643.91,1601.47,1424.78,14.62,21.61,552.45,2388.22,9092.92,1.3,48.03,519.93,2388.17,8171.9,8.5206,0.03,395,2388,100.0,38.68,23.0609,10
2,278,-0.0,-0.0003,100.0,518.67,643.44,1597.61,1423.67,14.62,21.61,551.49,2388.19,9096.47,1.3,47.99,519.72,2388.24,8160.69,8.5285,0.03,396,2388,100.0,38.49,23.0702,9
2,279,0.0006,0.0005,100.0,518.67,643.64,1594.8,1426.95,14.62,21.61,551.16,2388.19,9096.6,1.3,48.13,519.66,2388.26,8164.77,8.5237,0.03,395,2388,100.0,38.51,23.046,8
2,280,-0.0061,-0.0,100.0,518.67,643.63,1594.21,1422.89,14.62,21.61,551.84,2388.24,9101.42,1.3,48.12,519.91,2388.21,8163.77,8.4889,0.03,396,2388,100.0,38.56,23.1462,7
2,281,-0.0009,-0.0003,100.0,518.67,643.6,1598.25,1424.36,14.62,21.61,551.44,2388.18,9089.18,1.3,48.17,519.48,2388.15,8167.57,8.5377,0.03,398,2388,100.0,38.52,23.0385,6
2,282,0.0012,-0.0,100.0,518.67,643.94,1598.56,1426.87,14.62,21.61,552.29,2388.23,9092.2,1.3,48.27,520.05,2388.18,8168.43,8.5149,0.03,397,2388,100.0,38.44,23.094,5
2,283,0.0046,0.0002,100.0,518.67,643.78,1602.03,1429.67,14.62,21.61,551.46,2388.16,9084.13,1.3,48.21,520.07,2388.2,8174.85,8.5199,0.03,398,2388,100.0,38.42,23.0358,4
2,284,-0.0006,0.0001,100.0,518.67,643.91,1601.35,1430.04,14.62,21.61,551.96,2388.22,9089.87,1.3,48.18,519.95,2388.21,8166.83,8.5291,0.03,395,2388,100.0,38.23,23.1196,3
2,285,-0.0007,0.0004,100.0,518.67,643.67,1596.84,1431.17,14.62,21.61,550.85,2388.2,9098.67,1.3,48.27,519.91,2388.22,8164.83,8.5242,0.03,396,2388,100.0,38.39,23.1155,2
2,286,-0.001,-0.0003,100.0,518.67,643.44,1603.63,1429.57,14.62,21.61,551.61,2388.18,9102.01,1.3,48.14,519.51,2388.22,8169.97,8.4932,0.03,395,2388,100.0,38.33,23.0169,1
2,287,-0.0005,0.0006,100.0,518.67,643.85,1608.5,1430.84,14.62,21.61,551.66,2388.2,9109.36,1.3,48.12,519.81,2388.21,8175.57,8.5365,0.03,398,2388,100.0,38.43,23.0848,0
3,1,0.0008,0.0005,100.0,518.67,642.04,1584.2,1398.13,14.62,21.61,553.96,2388.06,9056.95,1.3,47.14,522.24,2388.0,8138.4,8.4207,0.03,391,2388,100.0,38.96,23.3205,178
3,2,-0.001,0.0,100.0,518.67,642.66,1587.04,1398.62,14.62,21.61,554.76,2388.05,9059.67,1.3,47.35,522.03,2388.01,8137.38,8.3949,0.03,390,2388,100.0,39.07,23.4369,177
3,3,0.0013,-0.0002,100.0,518.67,642.07,1580.75,1401.1,14.62,21.61,554.51,2388.03,9050.43,1.3,46.94,522.16,2388.01,8137.2,8.382,0.03,393,2388,100.0,39.03,23.3162,176
3,4,0.0008,-0.0002,100.0,518.67,642.5,1580.12,1395.76,14.62,21.61,554.48,2388.07,9060.43,1.3,47.44,522.31,2388.07,8139.35,8.394,0.03,391,2388,100.0,38.94,23.4901,175
3,5,0.002,0.0004,100.0,518.67,641.97,1581.48,1394.05,14.62,21.61,554.14,2388.01,9054.36,1.3,47.16,522.0,2388.03,8135.99,8.4233,0.03,391,2388,100.0,38.9,23.419,174
3,6,-0.001,-0.0003,100.0,518.67,642.65,1581.26,1397.98,14.62,21.61,554.86,2388.08,9048.62,1.3,47.12,522.58,2388.08,8137.99,8.4126,0.03,392,2388,100.0,39.04,23.4656,173
3,7,-0.0018,-0.0003,100.0,518.67,642.62,1583.68,1405.76,14.62,21.61,554.29,2388.06,9051.91,1.3,47.26,522.08,2388.01,8141.85,8.4369,0.03,393,2388,100.0,39.03,23.4051,172
3,8,0.0017,-0.0005,100.0,518.67,642.23,1581.6,1401.86,14.62,21.61,554.11,2388.0,9059.59,1.3,47.13,521.87,2388.06,8141.47,8.4197,0.03,392,2388,100.0,38.85,23.3564,171
3,9,0.0,0.0003,100.0,518.67,642.6,1581.04,1398.3,14.62,21.61,554.61,2387.99,9060.04,1.3,47.16,522.47,2388.09,8136.84,8.4151,0.03,392,2388,100.0,39.02,23.3873,170
3,10,-0.0009,0.0003,100.0,518.67,642.72,1582.2,1400.07,14.62,21.61,554.28,2388.0,9053.42,1.3,47.22,522.4,2388.05,8130.42,8.4063,0.03,392,2388,100.0,38.96,23.3129,169
3,11,-0.0009,0.0002,100.0,518.67,641.94,1591.43,1400.59,14.62,21.61,554.88,2388.03,9051.86,1.3,47.4,522.02,2388.01,8138.08,8.4237,0.03,391,2388,100.0,38.8,23.4161,168
3,12,-0.0029,0.0003,100.0,518.67,642.61,1583.92,1404.93,14.62,21.61,553.45,2388.06,9049.23,1.3,47.17,522.07,2388.02,8141.09,8.3779,0.03,393,2388,100.0,38.9,23.3028,167
3,13,0.0002,0.0003,100.0,518.67,642.63,1583.25,1403.52,14.62,21.61,555.25,2388.03,9057.09,1.3,47.25,522.26,2388.06,8138.75,8.3743,0.03,390,2388,100.0,39.16,23.3372,166
3,14,0.0,0.0004,100.0,518.67,642.16,1591.03,1396.35,14.62,21.61,554.31,2388.02,9056.59,1.3,47.27,521.69,2387.99,8141.57,8.4339,0.03,391,2388,100.0,38.9,23.3506,165
3,15,-0.0015,0.0001,100.0,518.67,641.83,1585.29,1398.77,14.62,21.61,554.36,2388.05,9058.29,1.3,47.15,522.0,2388.06,8138.07,8.4311,0.03,390,2388,100.0,39.02,23.2825,164
3,16,-0.0064,-0.0002,100.0,518.67,642.65,1589.05,1392.15,14.62,21.61,554.17,2388.05,9051.12,1.3,47.26,522.25,2387.97,8137.26,8.4147,0.03,391,2388,100.0,38.94,23.4078,163
3,17,-0.0018,-0.0001,100.0,518.67,642.78,1588.94,1395.76,14.62,21.61,553.74,2388.0,9051.79,1.3,47.35,522.37,2387.99,8140.24,8.4018,0.03,393,2388,100.0,39.13,23.4031,162
3,18,-0.0013,-0.0005,100.0,518.67,642.26,1584.36,1402.3,14.62,21.61,554.52,2388.0,9055.82,1.3,47.38,521.8,2388.05,8141.53,8.4244,0.03,390,2388,100.0,39.0,23.3709,161
3,19,0.0029,-0.0004,100.0,518.67,642.05,1580.67,1402.82,14.62,21.61,553.99,2388.03,9051.22,1.3,47.23,522.18,2387.99,8144.32,8.413,0.03,391,2388,100.0,39.12,23.4505,160
3,20,-0.002,-0.0002,100.0,518.67,642.25,1580.73,1394.57,14.62,21.61,554.54,2388.06,9047.08,1.3,47.1,522.29,2388.03,8135.13,8.398,0.03,391,2388,100.0,38.93,23.3357,159
3,21,-0.0006,0.0004,100.0,518.67,642.18,1586.78,1398.83,14.62,21.61,554.32,2388.02,9052.89,1.3,47.27,522.67,2387.98,8138.16,8.4302,0.03,392,2388,100.0,39.13,23.3923,158
3,22,-0.0052,-0.0001,100.0,518.67,642.34,1589.55,1405.28,14.62,21.61,554.71,2388.06,9060.66,1.3,47.3,522.53,2388.02,8141.91,8.432,0.03,392,2388,100.0,39.09,23.4213,157
3,23,-0.0004,-0.0002,100.0,518.67,642.07,1585.2,1395.59,14.62,21.61,554.04,2387.99,9058.17,1.3,47.12,522.22,2388.05,8133.61,8.3839,0.03,392,2388,100.0,38.94,23.3791,156
3,24,-0.0038,-0.0002,100.0,518.67,642.24,1585.08,1395.73,14.62,21.61,554.65,2388.05,9047.82,1.3,47.26,521.66,2388.05,8140.94,8.3768,0.03,391,2388,100.0,38.81,23.3903,155
3,25,-0.0005,-0.0004,100.0,518.67,642.24,1579.4,1390.93,14.62,21.61,554.21,2388.05,9055.08,1.3,47.17,522.15,2387.98,8134.79,8.3845,0.03,391,2388,100.0,38.9,23.4004,154
3,26,-0.0023,-0.0005,100.0,518.67,641.61,1586.92,1401.63,14.62,21.61,553.9,2388.04,9047.81,1.3,47.28,521.93,2388.05,8140.65,8.4062,0.03,391,2388,100.0,39.01,23.2767,153
3,27,0.001,0.0002,100.0,518.67,642.36,1581.83,1400.85,14.62,21.61,554.67,2388.03,9058.62,1.3,47.17,521.69,2388.04,8138.31,8.4095,0.03,392,2388,100.0,38.97,23.3769,152
3,28,0.0001,-0.0,100.0,518.67,641.48,1590.59,1400.68,14.62,21.61,553.51,2388.04,9054.91,1.3,47.22,522.27,2388.03,8131.13,8.3998,0.03,392,2388,100.0,38.91,23.4092,151
3,29,0.0038,0.0004,100.0,518.67,642.01,1584.71,1396.05,14.62,21.61,554.94,2388.03,9056.29,1.3,47.24,522.15,2387.99,8135.88,8.4387,0.03,392,2388,100.0,39.15,23.3378,150
3,30,0.0012,0.0004,100.0,518.67,642.21,1584.95,1398.1,14.62,21.61,554.05,2388.01,9051.75,1.3,47.23,522.35,2388.04,8140.32,8.3927,0.03,392,2388,100.0,39.01,23.3824,149
3,31,0.0039,0.0001,100.0,518.67,642.33,1588.68,1393.95,14.62,21.61,553.06,2388.04,9056.38,1.3,47.33,521.92,2388.05,8143.37,8.393,0.03,391,2388,100.0,38.98,23.3272,148
3,32,0.0018,0.0002,100.0,518.67,642.55,1583.7,1400.58,14.62,21.61,554.32,2388.04,9052.73,1.3,47.3,522.11,2388.08,8135.67,8.392,0.03,393,2388,100.0,39.1,23.3545,147
3,33,0.0004,0.0002,100.0,518.67,641.82,1583.55,1403.93,14.62,21.61,554.27,2388.0,9055.13,1.3,47.31,522.1,2387.96,8134.74,8.4086,0.03,392,2388,100.0,38.98,23.4537,146
3,34,-0.0014,0.0005,100.0,518.67,642.83,1584.17,1397.47,14.62,21.61,554.42,2388.01,9058.0,1.3,47.2,522.34,2388.05,8142.72,8.4035,0.03,393,2388,100.0,39.0,23.3728,145
3,35,-0.0013,0.0001,100.0,518.67,642.08,1584.57,1396.92,14.62,21.61,554.1,2388.04,9058.14,1.3,47.26,522.19,2388.0,8136.27,8.3924,0.03,391,2388,100.0,39.03,23.343,144
3,36,-0.0018,0.0001,100.0,518.67,642.06,1580.96,1399.12,14.62,21.61,554.11,2388.05,9059.15,1.3,47.33,522.77,2388.05,8144.61,8.3794,0.03,393,2388,100.0,38.84,23.3414,143
3,37,0.0058,0.0001,100.0,518.67,641.68,1582.96,1396.65,14.62,21.61,555.28,2388.02,9055.79,1.3,47.17,522.14,2388.05,8140.71,8.4142,0.03,394,2388,100.0,38.78,23.2711,142
3,38,0.0006,0.0001,100.0,518.67,641.72,1577.99,1401.83,14.62,21.61,554.11,2388.09,9062.07,1.3,47.44,521.81,2388.05,8134.72,8.4094,0.03,393,2388,100.0,38.98,23.3501,141
3,39,0.0011,0.0004,100.0,518.67,641.94,1580.42,1400.8,14.62,21.61,554.18,2388.05,9056.99,1.3,47.1,522.0,2388.08,8139.81,8.3738,0.03,392,2388,100.0,38.79,23.3514,140
3,40,-0.0038,0.0001,100.0,518.67,641.97,1579.38,1403.24,14.62,21.61,553.75,2388.03,9056.52,1.3,47.09,521.84,2388.05,8131.57,8.3987,0.03,392,2388,100.0,39.09,23.4079,139
3,41,0.0009,-0.0002,100.0,518.67,642.79,1586.38,1394.92,14.62,21.61,554.68,2388.02,9060.55,1.3,47.32,522.69,2388.07,8143.58,8.3682,0.03,392,2388,100.0,38.99,23.3774,138
3,42,0.0027,-0.0003,100.0,518.67,642.61,1586.25,1404.49,14.62,21.6,554.31,2387.97,9058.97,1.3,47.31,522.02,2388.01,8140.13,8.3828,0.03,390,2388,100.0,39.11,23.4412,137
3,43,0.0044,-0.0003,100.0,518.67,642.58,1587.9,1401.51,14.62,21.61,554.18,2388.0,9061.97,1.3,47.35,521.7,2388.06,8138.47,8.4397,0.03,392,2388,100.0,39.03,23.3024,136
3,44,-0.0022,-0.0005,100.0,518.67,642.21,1586.83,1395.48,14.62,21.61,554.45,2388.0,9060.44,1.3,47.17,522.47,2388.03,8144.65,8.4259,0.03,391,2388,100.0,39.14,23.448,135
3,45,-0.0025,-0.0005,100.0,518.67,642.15,1582.99,1398.33,14.62,21.61,554.43,2388.04,9055.97,1.3,47.06,522.17,2388.06,8138.89,8.4342,0.03,392,2388,100.0,39.23,23.4284,134
3,46,0.0015,0.0004,100.0,518.67,642.42,1590.25,1401.55,14.62,21.61,554.0,2388.05,9067.35,1.3,47.38,521.88,2388.03,8141.07,8.4024,0.03,392,2388,100.0,38.81,23.3352,133
3,47,-0.0013,-0.0004,100.0,518.67,642.26,1587.55,1395.3,14.62,21.61,554.82,2388.04,9055.04,1.3,47.29,522.2,2388.02,8139.29,8.4134,0.03,393,2388,100.0,39.01,23.4428,132
3,48,0.0002,0.0001,100.0,518.67,642.01,1587.21,1392.94,14.62,21.61,554.41,2388.05,9054.47,1.3,47.32,521.88,2387.95,8138.95,8.4199,0.03,392,2388,100.0,38.92,23.406,131
3,49,-0.0002,-0.0,100.0,518.67,642.16,1583.53,1396.11,14.62,21.61,554.28,2388.03,9051.92,1.3,47.33,522.28,2388.05,8138.36,8.3716,0.03,392,2388,100.0,39.0,23.3813,130
3,50,0.0012,-0.0004,100.0,518.67,642.51,1586.16,1402.64,14.62,21.61,553.87,2388.03,9056.79,1.3,47.27,522.07,2388.03,8140.55,8.4054,0.03,391,2388,100.0,39.02,23.4013,129
3,51,0.0022,0.0001,100.0,518.67,642.39,1592.16,1401.05,14.62,21.61,554.15,2387.94,9054.5,1.3,47.14,522.18,2388.04,8135.1,8.4004,0.03,392,2388,100.0,39.02,23.3874,128
3,52,0.0042,-0.0,100.0,518.67,642.29,1582.66,1404.99,14.62,21.61,554.39,2387.99,9061.17,1.3,47.36,522.73,2388.07,8142.51,8.3954,0.03,392,2388,100.0,39.14,23.4006,127
3,53,0.0032,0.0002,100.0,518.67,642.02,1588.04,1399.78,14.62,21.61,554.54,2388.06,9065.15,1.3,47.21,522.54,2388.03,8141.43,8.4046,0.03,391,2388,100.0,38.99,23.3824,126
3,54,0.0003,0.0002,100.0,518.67,642.03,1585.66,1407.04,14.62,21.61,554.28,2388.04,9054.67,1.3,47.45,522.19,2388.05,8143.47,8.3958,0.03,391,2388,100.0,38.85,23.4086,125
3,55,-0.0001,0.0002,100.0,518.67,642.41,1594.2,1399.08,14.62,21.61,554.34,2388.03,9058.13,1.3,47.22,522.09,2388.03,8141.34,8.4135,0.03,393,2388,100.0,38.9,23.4306,124
3,56,-0.0001,-0.0002,100.0,518.67,642.73,1586.08,1403.97,14.62,21.61,554.47,2388.07,9057.83,1.3,47.14,522.08,2388.02,8136.63,8.4042,0.03,394,2388,100.0,39.1,23.4319,123
3,57,0.0004,-0.0005,100.0,518.67,642.56,1581.97,1398.55,14.62,21.61,553.99,2388.06,9058.76,1.3,47.28,522.06,2388.09,8137.58,8.4128,0.03,392,2388,100.0,38.92,23.366,122
3,58,0.004,-0.0005,100.0,518.67,642.52,1581.31,1403.99,14.62,21.61,553.58,2388.06,9055.97,1.3,47.35,521.85,2388.04,8130.67,8.4032,0.03,392,2388,100.0,38.88,23.3982,121
3,59,0.0011,0.0002,100.0,518.67,642.31,1587.46,1397.56,14.62,21.61,553.88,2388.03,9056.23,1.3,47.22,522.85,2388.07,8142.01,8.4039,0.03,390,2388,100.0,39.15,23.388,120
3,60,0.0011,0.0003,100.0,518.67,641.8,1586.82,1405.66,14.62,21.61,553.34,2388.05,9051.65,1.3,47.47,522.23,2388.05,8136.68,8.4616,0.03,394,2388,100.0,38.94,23.2905,119
3,61,-0.0006,0.0002,100.0,518.67,642.5,1585.5,1392.35,14.62,21.61,554.01,2388.07,9063.57,1.3,47.26,521.8,2388.06,8138.34,8.4046,0.03,393,2388,100.0,38.83,23.3697,118
3,62,0.0009,0.0002,100.0,518.67,642.18,1591.5,1403.57,14.62,21.61,553.67,2388.07,9058.94,1.3,47.28,522.16,2388.04,8143.24,8.417,0.03,393,2388,100.0,38.96,23.4182,117
3,63,0.0018,0.0004,100.0,518.67,642.1,1583.42,1398.98,14.62,21.61,554.61,2388.07,9052.2,1.3,47.27,522.27,2388.03,8149.09,8.4241,0.03,393,2388,100.0,39.01,23.3903,116
3,64,0.0004,0.0001,100.0,518.67,642.53,1590.04,1404.68,14.62,21.61,553.9,2388.04,9061.33,1.3,47.24,522.24,2388.07,8143.14,8.4227,0.03,393,2388,100.0,39.13,23.3791,115
3,65,-0.0024,-0.0003,100.0,518.67,641.69,1586.21,1400.69,14.62,21.61,554.63,2388.03,9057.61,1.3,47.29,522.25,2387.98,8139.64,8.4379,0.03,392,2388,100.0,39.12,23.4958,114
3,66,-0.0003,0.0,100.0,518.67,642.25,1577.22,1397.9,14.62,21.61,553.79,2388.01,9059.8,1.3,47.31,522.15,2388.03,8141.08,8.4032,0.03,391,2388,100.0,38.92,23.432,113
3,67,-0.004,-0.0005,100.0,518.67,642.0,1584.55,1403.87,14.62,21.61,553.84,2388.1,9060.7,1.3,47.29,521.81,2388.03,8139.27,8.419,0.03,392,2388,100.0,39.04,23.4697,112
3,68,0.0034,-0.0002,100.0,518.67,642.94,1587.27,1400.37,14.62,21.61,554.43,2388.04,9056.56,1.3,47.31,522.14,2387.99,8141.67,8.4005,0.03,392,2388,100.0,39.08,23.3725,111
3,69,0.0051,-0.0001,100.0,518.67,642.05,1581.93,1404.2,14.62,21.61,555.14,2388.05,9061.76,1.3,47.24,521.69,2388.03,8139.2,8.4404,0.03,392,2388,100.0,39.07,23.3595,110
3,70,-0.0011,0.0004,100.0,518.67,642.54,1587.02,1397.09,14.62,21.61,553.8,2387.99,9067.14,1.3,47.44,521.88,2387.97,8137.91,8.4183,0.03,392,2388,100.0,39.12,23.4527,109
3,71,0.0002,0.0001,100.0,518.67,642.9,1579.41,1401.19,14.62,21.61,554.59,2388.1,9063.98,1.3,47.43,522.0,2388.07,8139.03,8.3895,0.03,392,2388,100.0,38.89,23.3944,108
3,72,-0.0014,-0.0002,100.0,518.67,642.25,1590.21,1389.86,14.62,21.61,554.25,2388.06,9052.95,1.3,47.48,521.66,2388.03,8138.14,8.4042,0.03,392,2388,100.0,38.88,23.293,107
3,73,0.0009,0.0002,100.0,518.67,642.42,1585.01,1400.06,14.62,21.6,554.31,2388.07,9062.66,1.3,47.23,523.18,2388.04,8139.97,8.406,0.03,392,2388,100.0,38.89,23.4922,106
3,74,0.0023,-0.0001,100.0,518.67,642.75,1589.64,1405.76,14.62,21.61,554.4,2388.03,9060.23,1.3,47.14,521.78,2388.04,8142.13,8.4211,0.03,392,2388,100.0,38.93,23.3845,105
3,75,-0.0007,-0.0002,100.0,518.67,642.25,1592.23,1406.98,14.62,21.61,553.73,2388.05,9059.09,1.3,47.25,522.24,2387.99,8144.98,8.4043,0.03,392,2388,100.0,39.1,23.41,104
3,76,-0.0032,-0.0001,100.0,518.67,642.52,1589.35,1405.34,14.62,21.61,553.91,2388.0,9062.69,1.3,47.35,522.25,2388.06,8140.33,8.3813,0.03,392,2388,100.0,38.95,23.4065,103
3,77,-0.0001,0.0001,100.0,518.67,642.98,1584.13,1405.99,14.62,21.61,554.08,2388.02,9069.75,1.3,47.16,522.52,2388.06,8143.62,8.4375,0.03,393,2388,100.0,38.78,23.4131,102
3,78,-0.0003,-0.0005,100.0,518.67,642.43,1579.52,1400.53,14.62,21.61,553.62,2388.06,9064.15,1.3,47.38,521.57,2388.09,8140.42,8.4174,0.03,390,2388,100.0,38.97,23.3301,101
3,79,0.0006,0.0004,100.0,518.67,642.31,1582.4,1403.49,14.62,21.61,553.6,2388.03,9063.54,1.3,47.28,522.72,2388.0,8144.12,8.384,0.03,393,2388,100.0,38.92,23.3451,100
3,80,-0.0003,-0.0003,100.0,518.67,641.74,1580.95,1405.37,14.62,21.61,553.21,2388.03,9062.23,1.3,47.34,521.97,2387.99,8148.72,8.3935,0.03,392,2388,100.0,39.03,23.5181,99
3,81,-0.0007,0.0002,100.0,518.67,642.55,1581.73,1402.65,14.62,21.61,553.88,2388.1,9056.0,1.3,47.46,521.34,2387.96,8144.95,8.4145,0.03,391,2388,100.0,38.86,23.3728,98
3,82,-0.003,-0.0003,100.0,518.67,642.24,1583.69,1400.4,14.62,21.61,553.7,2388.05,9071.16,1.3,47.22,522.16,2388.05,8148.16,8.4089,0.03,393,2388,100.0,38.87,23.3822,97
3,83,-0.0007,-0.0004,100.0,518.67,642.27,1591.3,1398.73,14.62,21.61,553.79,2388.0,9062.92,1.3,47.51,522.02,2388.01,8143.8,8.3789,0.03,393,2388,100.0,39.0,23.4426,96
3,84,-0.0031,0.0004,100.0,518.67,642.18,1593.32,1400.62,14.62,21.61,554.01,2388.03,9062.78,1.3,47.51,522.19,2388.06,8141.69,8.3901,0.03,392,2388,100.0,38.89,23.3873,95
3,85,0.0043,-0.0001,100.0,518.67,641.95,1587.14,1414.11,14.62,21.61,554.09,2388.01,9067.15,1.3,47.25,521.84,2388.07,8144.64,8.3949,0.03,391,2388,100.0,38.87,23.314,94
3,86,-0.0018,0.0003,100.0,518.67,642.69,1586.09,1401.01,14.62,21.61,553.83,2387.99,9067.61,1.3,47.37,522.19,2388.06,8145.65,8.4188,0.03,393,2388,100.0,39.03,23.3333,93
3,87,-0.0005,0.0,100.0,518.67,642.32,1588.25,1402.17,14.62,21.61,554.11,2388.01,9063.48,1.3,47.32,522.1,2388.02,8145.39,8.3939,0.03,391,2388,100.0,39.01,23.3373,92
3,88,0.0031,-0.0,100.0,518.67,642.27,1585.9,1400.09,14.62,21.61,553.59,2388.02,9067.17,1.3,47.33,521.9,2388.01,8146.69,8.4078,0.03,393,2388,100.0,39.04,23.2656,91
3,89,0.0006,0.0004,100.0,518.67,642.33,1582.29,1404.14,14.62,21.61,555.01,2388.05,9066.64,1.3,47.39,521.93,2388.02,8146.55,8.4044,0.03,394,2388,100.0,38.81,23.3864,90
3,90,-0.0008,-0.0002,100.0,518.67,642.36,1597.84,1406.26,14.62,21.61,554.58,2388.06,9068.61,1.3,47.4,521.92,2388.08,8146.94,8.3972,0.03,393,2388,100.0,38.81,23.2711,89
3,91,0.0051,-0.0004,100.0,518.67,641.99,1582.81,1399.5,14.62,21.61,553.72,2388.03,9058.01,1.3,47.38,521.83,2388.01,8139.12,8.4327,0.03,393,2388,100.0,38.95,23.3909,88
3,92,0.0022,-0.0004,100.0,518.67,642.29,1590.07,1400.27,14.62,21.61,553.5,2387.99,9066.58,1.3,47.39,521.96,2387.97,8152.49,8.373,0.03,391,2388,100.0,38.87,23.4344,87
3,93,0.0002,-0.0001,100.0,518.67,642.1,1593.66,1409.21,14.62,21.61,553.83,2387.99,9070.02,1.3,47.43,521.6,2388.09,8146.23,8.4032,0.03,392,2388,100.0,39.21,23.2352,86
3,94,0.0023,0.0005,100.0,518.67,642.58,1588.9,1401.08,14.62,21.6,554.76,2388.0,9069.01,1.3,47.48,521.94,2388.01,8147.33,8.4166,0.03,392,2388,100.0,39.0,23.4437,85
3,95,-0.0006,-0.0001,100.0,518.67,642.37,1585.69,1406.13,14.62,21.61,554.41,2388.09,9063.16,1.3,47.32,521.79,2388.05,8146.34,8.4012,0.03,392,2388,100.0,38.89,23.4594,84
3,96,-0.0003,0.0001,100.0,518.67,642.89,1582.86,1400.62,14.62,21.61,554.08,2388.0,9065.97,1.3,47.31,521.48,2388.0,8146.97,8.4333,0.03,393,2388,100.0,38.87,23.378,83
3,97,0.0008,-0.0005,100.0,518.67,642.94,1587.51,1408.05,14.62,21.61,554.13,2388.05,9066.74,1.3,47.41,522.71,2388.05,8152.99,8.4313,0.03,393,2388,100.0,38.79,23.3339,82
3,98,0.0006,-0.0004,100.0,518.67,642.4,1586.19,1403.62,14.62,21.61,553.85,2388.03,9066.24,1.3,47.35,521.93,2388.06,8148.92,8.4405,0.03,392,2388,100.0,38.96,23.2921,81
3,99,0.0005,-0.0001,100.0,518.67,642.67,1589.42,1398.72,14.62,21.61,553.82,2388.0,9067.95,1.3,47.37,522.06,2388.06,8147.73,8.4388,0.03,392,2388,100.0,38.91,23.3834,80
3,100,0.0008,-0.0004,100.0,518.67,642.29,1579.98,1404.16,14.62,21.61,554.94,2388.01,9071.46,1.3,47.3,522.01,2388.05,8148.27,8.4212,0.03,390,2388,100.0,38.88,23.3073,79
3,101,0.0002,-0.0003,100.0,518.67,642.24,1587.77,1405.55,14.62,21.61,554.34,2388.03,9067.93,1.3,47.42,522.6,2388.07,8146.15,8.4112,0.03,392,2388,100.0,38.75,23.3883,78
3,102,0.0003,0.0,100.0,518.67,642.63,1579.35,1408.84,14.62,21.61,553.87,2388.04,9068.94,1.3,47.39,521.95,2388.03,8154.61,8.3913,0.03,392,2388,100.0,38.97,23.3669,77
3,103,0.0003,-0.0003,100.0,518.67,642.28,1585.62,1395.4,14.62,21.61,553.38,2388.05,9075.57,1.3,47.48,522.05,2388.03,8154.38,8.4025,0.03,391,2388,100.0,38.96,23.3251,76
3,104,0.0051,0.0,100.0,518.67,642.46,1586.74,1403.37,14.62,21.61,554.63,2388.05,9070.59,1.3,47.44,521.66,2388.04,8146.65,8.4345,0.03,393,2388,100.0,38.93,23.2958,75
3,105,-0.0022,0.0004,100.0,518.67,641.85,1591.89,1397.73,14.62,21.61,553.69,2388.08,9062.39,1.3,47.32,521.73,2388.04,8145.37,8.4312,0.03,392,2388,100.0,38.93,23.321,74
3,106,-0.0014,-0.0001,100.0,518.67,642.51,1586.44,1405.62,14.62,21.61,554.31,2388.04,9074.76,1.3,47.32,522.11,2388.04,8157.87,8.4098,0.03,392,2388,100.0,38.93,23.3755,73
3,107,0.0004,0.0003,100.0,518.67,642.36,1586.96,1410.67,14.62,21.61,553.57,2388.07,9071.53,1.3,47.45,521.79,2388.04,8146.39,8.4326,0.03,392,2388,100.0,38.89,23.3666,72
3,108,-0.0005,-0.0002,100.0,518.67,642.98,1583.29,1405.94,14.62,21.61,553.52,2388.08,9068.9,1.3,47.25,521.48,2388.05,8147.9,8.4371,0.03,392,2388,100.0,38.89,23.4032,71
3,109,-0.0006,-0.0003,100.0,518.67,642.48,1588.21,1402.77,14.62,21.6,554.91,2388.05,9073.77,1.3,47.32,521.59,2388.05,8149.98,8.4285,0.03,392,2388,100.0,38.9,23.2637,70
3,110,-0.0008,0.0001,100.0,518.67,642.92,1592.41,1403.14,14.62,21.61,554.15,2388.04,9075.03,1.3,47.41,521.46,2388.05,8150.96,8.4157,0.03,393,2388,100.0,38.88,23.2577,69
3,111,0.001,-0.0005,100.0,518.67,642.25,1583.83,1401.73,14.62,21.61,553.74,2388.04,9070.35,1.3,47.41,522.09,2387.99,8152.99,8.4242,0.03,394,2388,100.0,38.77,23.3791,68
3,112,-0.0007,0.0002,100.0,518.67,642.65,1584.14,1400.61,14.62,21.61,553.64,2388.03,9067.74,1.3,47.41,521.35,2388.03,8155.89,8.4176,0.03,393,2388,100.0,39.0,23.314,67
3,113,0.0029,-0.0,100.0,518.67,642.5,1590.74,1408.52,14.62,21.61,554.0,2388.05,9071.48,1.3,47.41,522.28,2388.05,8152.76,8.4318,0.03,393,2388,100.0,38.95,23.3993,66
3,114,0.0019,-0.0005,100.0,518.67,642.46,1588.4,1407.81,14.62,21.61,554.04,2388.04,9076.18,1.3,47.18,521.68,2388.02,8154.99,8.4222,0.03,392,2388,100.0,38.78,23.3687,65
3,115,-0.001,0.0001,100.0,518.67,642.22,1588.97,1400.56,14.62,21.61,553.54,2388.02,9076.34,1.3,47.53,521.6,2388.08,8152.31,8.4566,0.03,393,2388,100.0,39.01,23.3428,64
3,116,0.0008,0.0002,100.0,518.67,642.62,1591.56,1407.84,14.62,21.61,553.54,2388.06,9068.22,1.3,47.36,521.91,2387.99,8145.08,8.4083,0.03,392,2388,100.0,38.77,23.4147,63
3,117,0.0012,0.0001,100.0,518.67,642.76,1587.74,1402.28,14.62,21.61,553.84,2388.05,9086.93,1.3,47.48,521.74,2388.04,8152.14,8.423,0.03,391,2388,100.0,38.84,23.4284,62
3,118,0.0004,0.0,100.0,518.67,642.26,1590.05,1408.53,14.62,21.61,553.52,2388.03,9076.02,1.3,47.44,522.37,2388.05,8152.0,8.4675,0.03,392,2388,100.0,38.92,23.2813,61
3,119,0.0022,-0.0002,100.0,518.67,642.0,1588.1,1398.22,14.62,21.61,553.47,2388.05,9075.77,1.3,47.53,521.72,2388.05,8157.34,8.4442,0.03,393,2388,100.0,38.85,23.2826,60
3,120,-0.0012,0.0005,100.0,518.67,642.6,1585.58,1408.79,14.62,21.61,553.63,2388.06,9075.42,1.3,47.35,521.47,2388.03,8161.18,8.4458,0.03,391,2388,100.0,38.83,23.3816,59
3,121,-0.0036,-0.0003,100.0,518.67,642.27,1585.86,1413.79,14.62,21.61,553.75,2388.03,9082.5,1.3,47.48,521.77,2388.01,8162.35,8.4103,0.03,392,2388,100.0,38.92,23.2834,58
3,122,0.0011,-0.0002,100.0,518.67,642.72,1586.83,1406.06,14.62,21.61,553.77,2388.02,9084.14,1.3,47.43,521.94,2388.05,8160.58,8.413,0.03,393,2388,100.0,38.72,23.2005,57
3,123,-0.0009,0.0001,100.0,518.67,642.49,1594.72,1408.04,14.62,21.61,554.28,2388.04,9079.55,1.3,47.56,522.27,2388.03,8164.19,8.4506,0.03,394,2388,100.0,39.0,23.4,56
3,124,-0.0048,-0.0003,100.0,518.67,642.0,1588.41,1405.29,14.62,21.61,553.12,2388.04,9083.78,1.3,47.31,521.32,2388.1,8161.91,8.4264,0.03,394,2388,100.0,39.09,23.3056,55
3,125,-0.0007,0.0002,100.0,518.67,642.82,1580.5,1405.04,14.62,21.61,553.25,2388.01,9081.3,1.3,47.34,521.86,2388.06,8161.3,8.464,0.03,394,2388,100.0,38.8,23.2509,54
3,126,0.0013,0.0004,100.0,518.67,642.76,1583.13,1409.96,14.62,21.61,554.41,2388.02,9076.07,1.3,47.41,521.56,2388.11,8156.2,8.4597,0.03,394,2388,100.0,38.9,23.2845,53
3,127,0.0029,0.0001,100.0,518.67,642.67,1593.61,1395.95,14.62,21.61,554.01,2388.05,9088.03,1.3,47.54,521.42,2388.09,8164.96,8.437,0.03,392,2388,100.0,38.91,23.2823,52
3,128,-0.0008,-0.0003,100.0,518.67,642.22,1592.24,1409.32,14.62,21.61,553.67,2388.02,9084.04,1.3,47.55,522.15,2388.07,8169.19,8.4587,0.03,394,2388,100.0,38.89,23.3247,51
3,129,0.0003,0.0005,100.0,518.67,643.1,1597.5,1405.91,14.62,21.61,553.56,2388.07,9091.26,1.3,47.33,522.43,2388.04,8163.03,8.43,0.03,393,2388,100.0,38.87,23.2454,50
3,130,-0.0006,0.0,100.0,518.67,642.57,1584.08,1410.11,14.62,21.61,553.51,2388.1,9089.67,1.3,47.53,521.55,2388.09,8168.38,8.4656,0.03,392,2388,100.0,38.85,23.322,49
3,131,-0.0042,0.0002,100.0,518.67,642.5,1589.91,1406.13,14.62,21.61,553.7,2388.09,9085.91,1.3,47.44,521.22,2388.02,8166.86,8.4311,0.03,394,2388,100.0,38.77,23.2491,48
3,132,-0.0013,-0.0001,100.0,518.67,642.35,1592.88,1408.51,14.62,21.61,553.0,2388.07,9095.25,1.3,47.57,521.22,2388.03,8166.4,8.4631,0.03,394,2388,100.0,38.82,23.3883,47
3,133,-0.001,-0.0003,100.0,518.67,642.62,1589.14,1409.48,14.62,21.61,553.52,2388.01,9089.42,1.3,47.47,521.44,2388.0,8167.34,8.4447,0.03,394,2388,100.0,38.75,23.3143,46
3,134,0.0005,-0.0005,100.0,518.67,642.45,1586.99,1406.61,14.62,21.61,554.21,2388.05,9091.09,1.3,47.64,521.6,2388.07,8169.28,8.4601,0.03,393,2388,100.0,38.84,23.208,45
3,135,0.0012,-0.0,100.0,518.67,642.52,1588.65,1407.5,14.62,21.61,553.69,2387.99,9089.64,1.3,47.54,521.63,2388.06,8163.38,8.4512,0.03,393,2388,100.0,38.79,23.3407,44
3,136,0.0015,-0.0001,100.0,518.67,642.6,1592.25,1405.41,14.62,21.61,553.83,2388.08,9097.15,1.3,47.6,521.37,2388.09,8166.47,8.4234,0.03,395,2388,100.0,38.66,23.272,43
3,137,-0.0039,0.0004,100.0,518.67,642.75,1589.57,1409.77,14.62,21.61,554.36,2388.08,9097.8,1.3,47.33,521.66,2388.03,8173.71,8.4339,0.03,394,2388,100.0,38.74,23.244,42
3,138,0.0013,-0.0,100.0,518.67,642.3,1599.56,1407.3,14.62,21.61,553.57,2388.01,9097.97,1.3,47.52,521.91,2388.05,8166.72,8.4614,0.03,393,2388,100.0,38.88,23.2957,41
3,139,-0.0022,0.0005,100.0,518.67,643.08,1594.87,1415.14,14.62,21.61,553.81,2388.08,9089.36,1.3,47.53,521.71,2388.07,8173.47,8.4823,0.03,393,2388,100.0,38.86,23.3022,40
3,140,-0.0009,0.0002,100.0,518.67,642.87,1589.67,1414.46,14.62,21.61,553.12,2388.04,9089.2,1.3,47.39,521.33,2388.0,8175.9,8.4544,0.03,394,2388,100.0,38.89,23.2051,39
3,141,0.0025,0.0003,100.0,518.67,643.08,1584.87,1412.02,14.62,21.61,553.08,2388.11,9098.7,1.3,47.66,521.7,2388.04,8177.5,8.4394,0.03,394,2388,100.0,38.77,23.2201,38
3,142,-0.0012,0.0003,100.0,518.67,643.03,1587.35,1413.05,14.62,21.61,552.85,2388.02,9098.87,1.3,47.69,521.23,2388.06,8177.01,8.4786,0.03,394,2388,100.0,38.91,23.3298,37
3,143,0.0012,0.0004,100.0,518.67,642.48,1594.94,1402.45,14.62,21.61,553.0,2388.05,9101.3,1.3,47.56,521.36,2388.08,8177.99,8.4217,0.03,394,2388,100.0,38.73,23.3126,36
3,144,0.004,-0.0001,100.0,518.67,642.48,1593.19,1416.18,14.62,21.61,552.94,2388.06,9101.55,1.3,47.49,521.33,2388.07,8179.98,8.4587,0.03,391,2388,100.0,38.71,23.2089,35
3,145,-0.0022,-0.0003,100.0,518.67,642.65,1591.66,1403.51,14.62,21.61,553.55,2388.06,9105.53,1.3,47.47,521.27,2388.03,8179.92,8.4219,0.03,394,2388,100.0,38.88,23.2711,34
3,146,0.0017,0.0004,100.0,518.67,643.71,1589.2,1413.64,14.62,21.61,553.85,2388.07,9109.59,1.3,47.43,521.16,2388.03,8183.78,8.458,0.03,393,2388,100.0,38.74,23.331,33
3,147,0.0023,0.0001,100.0,518.67,643.07,1590.59,1411.55,14.62,21.61,553.79,2388.09,9109.19,1.3,47.62,521.37,2388.02,8183.29,8.4965,0.03,396,2388,100.0,38.92,23.3225,32
3,148,-0.0013,0.0003,100.0,518.67,642.69,1589.28,1421.05,14.62,21.61,553.37,2388.05,9112.94,1.3,47.5,521.1,2388.09,8177.05,8.4426,0.03,394,2388,100.0,38.77,23.2463,31
3,149,0.0014,-0.0,100.0,518.67,643.26,1594.66,1414.51,14.62,21.61,552.71,2388.09,9113.8,1.3,47.64,521.18,2388.06,8183.53,8.4499,0.03,394,2388,100.0,38.8,23.3094,30
3,150,0.0002,-0.0003,100.0,518.67,643.08,1591.34,1407.58,14.62,21.61,553.35,2388.04,9108.76,1.3,47.78,521.77,2388.12,8185.67,8.4995,0.03,393,2388,100.0,38.84,23.2518,29
3,151,0.0009,-0.0,100.0,518.67,643.04,1594.47,1420.87,14.62,21.61,552.82,2388.05,9117.82,1.3,47.61,521.26,2388.04,8192.2,8.442,0.03,393,2388,100.0,38.74,23.2479,28
3,152,-0.002,-0.0003,100.0,518.67,643.34,1599.53,1411.65,14.62,21.61,553.59,2388.06,9116.1,1.3,47.66,520.99,2388.02,8186.26,8.4818,0.03,395,2388,100.0,38.86,23.3026,27
3,153,-0.001,0.0004,100.0,518.67,642.89,1594.75,1416.95,14.62,21.61,553.63,2388.08,9114.32,1.3,47.63,521.06,2388.14,8191.86,8.4479,0.03,395,2388,100.0,38.72,23.1607,26
3,154,0.0021,-0.0001,100.0,518.67,643.15,1599.04,1414.53,14.62,21.61,553.26,2388.03,9123.01,1.3,47.63,521.48,2388.0,8191.96,8.4483,0.03,393,2388,100.0,38.63,23.1781,25
3,155,0.0006,0.0002,100.0,518.67,642.83,1588.51,1413.92,14.62,21.61,553.47,2388.05,9130.48,1.3,47.69,521.28,2388.01,8193.56,8.462,0.03,395,2388,100.0,38.71,23.2262,24
3,156,-0.0002,-0.0003,100.0,518.67,643.52,1597.3,1411.91,14.62,21.61,553.03,2388.09,9121.93,1.3,47.67,521.1,2388.04,8196.33,8.4749,0.03,396,2388,100.0,38.7,23.1933,23
3,157,-0.0006,0.0004,100.0,518.67,642.84,1599.31,1414.01,14.62,21.61,552.54,2388.11,9126.88,1.3,47.82,521.11,2388.07,8195.97,8.4683,0.03,395,2388,100.0,38.6,23.0792,22
3,158,-0.0003,-0.0003,100.0,518.67,643.19,1593.16,1421.83,14.62,21.61,553.21,2388.1,9134.44,1.3,47.74,521.26,2388.07,8204.2,8.4977,0.03,394,2388,100.0,38.56,23.1803,21
3,159,-0.0005,-0.0004,100.0,518.67,642.71,1597.8,1415.2,14.62,21.61,553.19,2388.11,9127.25,1.3,47.72,521.08,2388.04,8198.23,8.4882,0.03,394,2388,100.0,38.6,23.1906,20
3,160,0.0058,0.0002,100.0,518.67,642.48,1595.61,1415.88,14.62,21.61,553.16,2388.1,9131.44,1.3,47.76,521.16,2388.13,8203.54,8.4458,0.03,393,2388,100.0,38.69,23.2144,19
3,161,-0.0015,-0.0001,100.0,518.67,643.6,1594.41,1416.4,14.62,21.61,552.82,2388.06,9146.21,1.3,47.68,520.48,2388.09,8202.48,8.4779,0.03,394,2388,100.0,38.62,23.19,18
3,162,0.0022,0.0002,100.0,518.67,643.11,1594.78,1420.33,14.62,21.61,552.97,2388.12,9134.86,1.3,47.89,521.51,2388.04,8204.85,8.4726,0.03,393,2388,100.0,38.67,23.0617,17
3,163,-0.0016,0.0,100.0,518.67,643.0,1597.51,1422.22,14.62,21.61,553.11,2388.13,9142.78,1.3,47.58,521.34,2388.13,8209.22,8.4766,0.03,394,2388,100.0,38.64,23.1448,16
3,164,0.0007,-0.0003,100.0,518.67,643.09,1601.99,1416.56,14.62,21.61,552.81,2388.09,9143.64,1.3,47.81,520.78,2388.06,8209.0,8.5019,0.03,395,2388,100.0,38.74,23.0846,15
3,165,-0.0005,-0.0001,100.0,518.67,642.96,1601.94,1416.31,14.62,21.61,552.94,2388.09,9150.46,1.3,47.97,521.1,2388.09,8215.68,8.4846,0.03,396,2388,100.0,38.69,23.123,14
3,166,0.003,-0.0002,100.0,518.67,642.9,1598.82,1419.27,14.62,21.61,552.56,2388.04,9153.66,1.3,47.79,520.98,2388.08,8218.07,8.5133,0.03,395,2388,100.0,38.52,23.1578,13
3,167,0.0027,0.0004,100.0,518.67,643.38,1605.41,1415.96,14.62,21.61,551.95,2388.17,9149.93,1.3,47.97,520.47,2388.11,8223.46,8.4815,0.03,396,2388,100.0,38.68,23.147,12
3,168,-0.0012,0.0002,100.0,518.67,643.46,1593.72,1422.59,14.62,21.61,552.04,2388.11,9154.65,1.3,47.93,520.75,2388.1,8221.68,8.5141,0.03,395,2388,100.0,38.49,23.2036,11
3,169,0.0016,-0.0001,100.0,518.67,643.55,1602.9,1424.39,14.62,21.61,552.76,2388.13,9157.05,1.3,47.9,520.19,2388.14,8230.54,8.4936,0.03,395,2388,100.0,38.52,23.1723,10
3,170,-0.0015,-0.0003,100.0,518.67,643.35,1606.1,1428.52,14.62,21.61,553.34,2388.12,9159.3,1.3,48.14,520.62,2388.13,8230.71,8.4758,0.03,395,2388,100.0,38.48,23.1829,9
3,171,-0.0011,-0.0003,100.0,518.67,643.36,1603.48,1419.33,14.62,21.61,551.57,2388.16,9170.51,1.3,47.91,520.75,2388.15,8233.24,8.5011,0.03,395,2388,100.0,38.7,23.1225,8
3,172,-0.0017,-0.0004,100.0,518.67,643.62,1597.73,1426.38,14.62,21.61,552.89,2388.08,9168.78,1.3,47.64,520.25,2388.06,8235.35,8.5219,0.03,396,2388,100.0,38.85,23.2086,7
3,173,0.0028,-0.0002,100.0,518.67,643.64,1604.78,1417.29,14.62,21.61,552.16,2388.14,9174.85,1.3,48.16,520.7,2388.11,8234.4,8.4763,0.03,394,2388,100.0,38.51,23.1498,6
3,174,0.0034,-0.0005,100.0,518.67,643.46,1602.86,1424.79,14.62,21.61,552.29,2388.13,9179.87,1.3,47.84,520.02,2388.14,8234.96,8.5363,0.03,396,2388,100.0,38.53,23.0144,5
3,175,-0.003,0.0004,100.0,518.67,643.15,1603.74,1424.17,14.62,21.61,551.47,2388.06,9172.76,1.3,48.12,520.34,2388.14,8238.86,8.5066,0.03,396,2388,100.0,38.49,22.9909,4
3,176,-0.0008,0.0002,100.0,518.67,643.93,1595.61,1438.51,14.62,21.61,551.93,2388.18,9185.88,1.3,47.98,520.91,2388.12,8251.82,8.5245,0.03,396,2388,100.0,38.49,23.0656,3
3,177,-0.0041,-0.0002,100.0,518.67,643.68,1601.21,1423.5,14.62,21.61,552.17,2388.13,9191.53,1.3,48.1,520.19,2388.16,8249.86,8.5286,0.03,397,2388,100.0,38.37,23.0336,2
3,178,-0.001,0.0001,100.0,518.67,643.66,1606.5,1430.55,14.62,21.61,551.31,2388.19,9193.98,1.3,48.38,520.14,2388.12,8253.84,8.5351,0.03,399,2388,100.0,38.57,23.1323,1
3,179,0.0012,0.0,100.0,518.67,643.51,1604.8,1428.23,14.62,21.61,551.91,2388.14,9197.52,1.3,48.09,519.53,2388.2,8255.34,8.5056,0.03,398,2388,100.0,38.4,22.9562,0
4,1,0.0025,0.0005,100.0,518.67,642.6,1585.4,1402.85,14.62,21.61,553.97,2388.06,9051.1,1.3,47.29,521.94,2388.07,8131.5,8.42,0.03,393,2388,100.0,39.04,23.3814,188
4,2,0.0002,-0.0004,100.0,518.67,642.45,1583.54,1410.36,14.62,21.61,554.62,2388.06,9048.41,1.3,47.35,521.7,2388.04,8129.53,8.3999,0.03,391,2388,100.0,39.02,23.4437,187
4,3,-0.0025,-0.0,100.0,518.67,642.16,1586.59,1398.65,14.62,21.61,553.52,2388.08,9052.57,1.3,47.4,521.35,2388.09,8131.24,8.415,0.03,391,2388,100.0,38.96,23.3314,186
4,4,0.0024,-0.0003,100.0,518.67,642.73,1583.96,1400.32,14.62,21.61,553.58,2388.08,9047.7,1.3,47.39,522.0,2388.01,8132.9,8.4309,0.03,392,2388,100.0,38.87,23.4338,185
4,5,0.0012,-0.0002,100.0,518.67,642.11,1590.62,1399.42,14.62,21.61,552.91,2388.1,9046.98,1.3,47.26,521.35,2388.11,8126.94,8.4164,0.03,393,2388,100.0,38.91,23.2896,184
4,6,0.0023,0.0005,100.0,518.67,642.46,1588.76,1407.78,14.62,21.61,553.12,2388.04,9048.78,1.3,47.18,521.9,2388.09,8136.69,8.4313,0.03,392,2388,100.0,38.94,23.3491,183
4,7,-0.002,0.0002,100.0,518.67,642.26,1586.91,1404.44,14.62,21.61,554.42,2388.06,9053.53,1.3,47.45,521.96,2388.08,8130.68,8.4372,0.03,393,2388,100.0,38.87,23.4134,182
4,8,0.0014,-0.0004,100.0,518.67,641.97,1584.18,1406.22,14.62,21.61,553.93,2388.05,9048.79,1.3,47.24,521.77,2388.06,8134.3,8.4169,0.03,393,2388,100.0,38.91,23.4044,181
4,9,0.0059,0.0005,100.0,518.67,642.59,1584.78,1403.51,14.62,21.61,553.78,2388.06,9051.3,1.3,47.43,522.23,2388.0,8132.18,8.388,0.03,393,2388,100.0,38.88,23.3179,180
4,10,0.0006,-0.0003,100.0,518.67,642.78,1586.0,1400.12,14.62,21.61,553.54,2388.06,9050.49,1.3,47.5,521.54,2388.09,8131.5,8.4233,0.03,392,2388,100.0,38.94,23.3154,179
4,11,0.0034,0.0003,100.0,518.67,642.21,1588.75,1395.79,14.62,21.61,553.58,2388.07,9049.29,1.3,47.31,522.35,2388.06,8130.08,8.4134,0.03,394,2388,100.0,39.21,23.4153,178
4,12,0.0014,-0.0001,100.0,518.67,642.63,1584.33,1403.67,14.62,21.61,554.39,2388.09,9053.08,1.3,47.35,521.77,2388.05,8129.83,8.4208,0.03,394,2388,100.0,38.93,23.2962,177
4,13,-0.0018,0.0005,100.0,518.67,642.24,1587.74,1395.23,14.62,21.61,553.5,2388.06,9053.94,1.3,47.29,521.78,2388.06,8127.22,8.433,0.03,392,2388,100.0,38.87,23.3162,176
4,14,-0.0019,0.0005,100.0,518.67,642.62,1583.38,1407.62,14.62,21.61,553.65,2388.05,9045.65,1.3,47.49,521.91,2388.07,8134.1,8.4236,0.03,393,2388,100.0,38.92,23.4073,175
4,15,-0.0021,-0.0001,100.0,518.67,642.47,1592.08,1401.13,14.62,21.61,554.7,2388.03,9050.65,1.3,47.35,521.98,2388.05,8132.16,8.4369,0.03,392,2388,100.0,38.91,23.3439,174
4,16,0.0014,-0.0001,100.0,518.67,642.17,1585.39,1409.84,14.62,21.61,554.72,2388.09,9049.49,1.3,47.3,521.66,2388.08,8125.32,8.4203,0.03,393,2388,100.0,39.04,23.313,173
4,17,0.0014,0.0004,100.0,518.67,642.06,1587.82,1406.43,14.62,21.61,553.57,2388.1,9050.63,1.3,47.39,522.35,2388.06,8129.65,8.4309,0.03,392,2388,100.0,38.95,23.2397,172
4,18,0.0002,-0.0002,100.0,518.67,642.36,1589.62,1403.75,14.62,21.61,554.23,2388.08,9047.81,1.3,47.52,521.96,2388.09,8132.26,8.4229,0.03,393,2388,100.0,39.01,23.2961,171
4,19,-0.0029,0.0005,100.0,518.67,643.02,1589.9,1406.34,14.62,21.61,553.62,2388.02,9051.51,1.3,47.28,521.95,2388.08,8138.08,8.4111,0.03,392,2388,100.0,39.1,23.2799,170
4,20,0.0022,-0.0003,100.0,518.67,642.53,1589.76,1401.19,14.62,21.61,553.97,2388.05,9047.8,1.3,47.26,521.62,2388.08,8128.24,8.3897,0.03,392,2388,100.0,38.91,23.3725,169
4,21,-0.0029,-0.0001,100.0,518.67,642.49,1593.11,1398.49,14.62,21.61,554.01,2388.05,9056.58,1.3,47.33,521.5,2388.07,8139.62,8.4263,0.03,393,2388,100.0,38.97,23.2878,168
4,22,0.0025,-0.0003,100.0,518.67,642.68,1594.65,1405.05,14.62,21.61,554.28,2388.09,9047.38,1.3,47.7,521.78,2388.05,8131.9,8.3904,0.03,391,2388,100.0,39.17,23.2002,167
4,23,0.0022,0.0,100.0,518.67,642.41,1592.74,1401.8,14.62,21.61,554.49,2388.14,9049.85,1.3,47.44,521.97,2388.03,8134.54,8.4255,0.03,395,2388,100.0,39.12,23.3787,166
4,24,0.0022,-0.0002,100.0,518.67,642.51,1589.01,1400.24,14.62,21.61,553.74,2388.08,9056.76,1.3,47.46,522.11,2388.09,8127.73,8.4394,0.03,390,2388,100.0,38.69,23.2943,165
4,25,0.0011,-0.0004,100.0,518.67,642.05,1592.65,1399.14,14.62,21.61,554.33,2388.04,9052.67,1.3,47.52,521.87,2388.13,8129.9,8.3954,0.03,391,2388,100.0,38.81,23.3862,164
4,26,0.0031,0.0001,100.0,518.67,642.35,1589.28,1399.54,14.62,21.61,553.62,2388.07,9049.02,1.3,47.21,521.71,2388.08,8138.85,8.4235,0.03,393,2388,100.0,38.95,23.338,163
4,27,0.0022,0.0001,100.0,518.67,642.08,1582.09,1402.27,14.62,21.61,553.71,2388.05,9056.66,1.3,47.37,522.37,2388.1,8135.0,8.4328,0.03,392,2388,100.0,38.85,23.3876,162
4,28,-0.0002,0.0001,100.0,518.67,642.59,1583.69,1400.85,14.62,21.61,553.79,2388.09,9049.03,1.3,47.61,521.72,2388.11,8131.59,8.4004,0.03,390,2388,100.0,38.84,23.2796,161
4,29,-0.0002,0.0,100.0,518.67,642.34,1585.53,1401.61,14.62,21.61,554.14,2388.07,9049.24,1.3,47.42,521.56,2388.08,8131.82,8.418,0.03,393,2388,100.0,38.91,23.3161,160
4,30,-0.0011,-0.0002,100.0,518.67,642.7,1584.4,1403.21,14.62,21.61,554.09,2388.1,9055.69,1.3,47.57,521.68,2388.08,8131.94,8.4294,0.03,391,2388,100.0,38.79,23.357,159
4,31,-0.001,0.0001,100.0,518.67,642.42,1580.87,1400.49,14.62,21.61,554.05,2388.05,9051.85,1.3,47.4,521.84,2388.12,8129.66,8.4268,0.03,392,2388,100.0,38.96,23.3364,158
4,32,-0.0012,0.0004,100.0,518.67,642.1,1589.33,1406.42,14.62,21.61,553.8,2388.08,9047.22,1.3,47.3,521.76,2388.1,8133.15,8.4672,0.03,392,2388,100.0,38.85,23.4112,157
4,33,-0.0002,-0.0004,100.0,518.67,642.79,1590.98,1405.72,14.62,21.61,554.62,2388.11,9052.54,1.3,47.34,521.7,2388.02,8136.37,8.4295,0.03,393,2388,100.0,38.86,23.349,156
4,34,0.0006,-0.0002,100.0,518.67,642.29,1587.97,1396.73,14.62,21.61,553.61,2388.06,9051.75,1.3,47.5,521.65,2388.06,8130.49,8.4369,0.03,392,2388,100.0,38.88,23.2764,155
4,35,0.0003,-0.0002,100.0,518.67,642.42,1587.89,1398.89,14.62,21.61,553.72,2388.05,9054.05,1.3,47.38,521.49,2388.09,8135.26,8.4134,0.03,393,2388,100.0,38.94,23.3307,154
4,36,-0.0004,0.0,100.0,518.67,642.08,1589.48,1406.77,14.62,21.61,552.71,2388.13,9050.82,1.3,47.32,522.12,2388.08,8132.53,8.4194,0.03,393,2388,100.0,38.87,23.3539,153
4,37,0.0011,0.0001,100.0,518.67,642.62,1582.75,1411.83,14.62,21.61,553.92,2388.06,9050.21,1.3,47.28,521.23,2388.07,8133.01,8.4065,0.03,391,2388,100.0,38.85,23.4505,152
4,38,-0.0015,-0.0004,100.0,518.67,642.69,1591.19,1400.63,14.62,21.61,553.4,2388.08,9051.77,1.3,47.36,521.87,2388.05,8131.17,8.4118,0.03,393,2388,100.0,39.07,23.4142,151
4,39,-0.0002,-0.0003,100.0,518.67,642.14,1581.05,1406.06,14.62,21.61,553.06,2388.08,9057.41,1.3,47.56,521.81,2388.09,8133.67,8.4111,0.03,393,2388,100.0,38.76,23.3571,150
4,40,0.0026,0.0003,100.0,518.67,642.77,1596.22,1407.38,14.62,21.61,553.77,2388.04,9053.55,1.3,47.38,522.2,2388.09,8134.81,8.3846,0.03,391,2388,100.0,38.79,23.3047,149
4,41,0.0029,-0.0001,100.0,518.67,642.44,1588.31,1403.4,14.62,21.61,553.44,2388.02,9057.66,1.3,47.27,521.95,2388.05,8132.78,8.3683,0.03,393,2388,100.0,39.11,23.3804,148
4,42,-0.0003,-0.0003,100.0,518.67,642.62,1587.0,1401.08,14.62,21.61,553.94,2388.05,9046.9,1.3,47.42,521.83,2388.06,8137.1,8.4684,0.03,390,2388,100.0,39.04,23.5074,147
4,43,-0.0029,-0.0002,100.0,518.67,642.12,1589.99,1407.47,14.62,21.61,553.71,2388.09,9056.77,1.3,47.47,521.67,2388.09,8132.67,8.4196,0.03,393,2388,100.0,38.89,23.4416,146
4,44,-0.0003,0.0005,100.0,518.67,641.81,1585.87,1403.08,14.62,21.61,553.47,2388.13,9054.81,1.3,47.29,522.07,2388.1,8131.23,8.4386,0.03,391,2388,100.0,39.03,23.4158,145
4,45,-0.0023,0.0001,100.0,518.67,642.58,1587.46,1403.12,14.62,21.61,553.89,2388.08,9050.89,1.3,47.3,521.96,2388.08,8133.1,8.4115,0.03,392,2388,100.0,38.98,23.3737,144
4,46,-0.0007,-0.0003,100.0,518.67,642.99,1584.18,1415.57,14.62,21.6,553.59,2388.03,9052.66,1.3,47.54,521.66,2388.06,8135.14,8.4334,0.03,393,2388,100.0,38.7,23.3137,143
4,47,-0.0035,-0.0003,100.0,518.67,642.15,1591.57,1409.99,14.62,21.61,553.8,2388.02,9057.44,1.3,47.51,521.69,2388.08,8132.89,8.4093,0.03,393,2388,100.0,38.74,23.2122,142
4,48,0.0028,-0.0004,100.0,518.67,642.33,1586.8,1405.17,14.62,21.61,554.54,2388.08,9056.15,1.3,47.46,522.02,2388.08,8131.02,8.3869,0.03,392,2388,100.0,38.97,23.3181,141
4,49,-0.0006,-0.0002,100.0,518.67,642.82,1590.52,1408.42,14.62,21.61,553.87,2388.09,9050.03,1.3,47.52,521.75,2388.11,8130.35,8.3928,0.03,392,2388,100.0,38.98,23.3336,140
4,50,0.004,-0.0002,100.0,518.67,642.05,1586.99,1403.54,14.62,21.61,552.53,2388.12,9058.09,1.3,47.35,521.85,2388.1,8137.83,8.4348,0.03,391,2388,100.0,38.93,23.2186,139
4,51,-0.0007,0.0005,100.0,518.67,642.3,1584.29,1407.61,14.62,21.61,553.63,2388.07,9057.14,1.3,47.22,521.8,2388.07,8138.87,8.3844,0.03,392,2388,100.0,38.85,23.4029,138
4,52,-0.0022,-0.0001,100.0,518.67,642.82,1593.22,1407.67,14.62,21.61,553.9,2388.11,9053.23,1.3,47.31,521.99,2388.13,8137.16,8.4321,0.03,394,2388,100.0,38.89,23.3655,137
4,53,0.0023,-0.0,100.0,518.67,642.41,1586.77,1407.4,14.62,21.61,554.5,2388.1,9055.97,1.3,47.38,521.19,2388.07,8134.39,8.4154,0.03,393,2388,100.0,39.04,23.4327,136
4,54,-0.0002,-0.0001,100.0,518.67,642.54,1592.6,1405.04,14.62,21.61,553.9,2388.06,9053.65,1.3,47.28,521.34,2388.11,8130.82,8.4348,0.03,393,2388,100.0,38.93,23.2384,135
4,55,0.0004,0.0002,100.0,518.67,642.02,1587.01,1406.46,14.62,21.61,554.03,2388.06,9053.51,1.3,47.16,521.4,2388.09,8139.57,8.401,0.03,393,2388,100.0,38.82,23.3281,134
4,56,-0.0035,0.0001,100.0,518.67,642.8,1594.24,1403.34,14.62,21.61,553.93,2388.03,9052.37,1.3,47.35,521.47,2388.05,8134.14,8.42,0.03,390,2388,100.0,39.01,23.3547,133
4,57,0.0018,0.0003,100.0,518.67,642.3,1585.96,1404.0,14.62,21.61,553.5,2388.08,9051.38,1.3,47.43,521.84,2388.11,8132.78,8.4312,0.03,392,2388,100.0,38.73,23.4221,132
4,58,0.0002,0.0003,100.0,518.67,642.66,1590.94,1405.24,14.62,21.61,553.27,2388.07,9047.2,1.3,47.39,522.02,2388.09,8135.85,8.4203,0.03,393,2388,100.0,38.87,23.2575,131
4,59,-0.0002,0.0,100.0,518.67,642.32,1600.12,1398.12,14.62,21.61,554.75,2388.07,9048.52,1.3,47.46,522.35,2388.07,8134.77,8.383,0.03,391,2388,100.0,38.8,23.3164,130
4,60,-0.0024,-0.0003,100.0,518.67,642.31,1576.64,1404.66,14.62,21.61,553.49,2388.08,9050.23,1.3,47.29,521.94,2388.08,8130.55,8.4349,0.03,392,2388,100.0,38.96,23.3673,129
4,61,-0.0012,0.0003,100.0,518.67,642.56,1587.51,1407.15,14.62,21.61,553.77,2388.1,9059.18,1.3,47.39,521.79,2388.04,8138.03,8.4231,0.03,392,2388,100.0,38.95,23.3748,128
4,62,0.0003,0.0004,100.0,518.67,642.69,1588.08,1407.72,14.62,21.61,553.74,2388.06,9045.33,1.3,47.16,521.39,2388.07,8135.29,8.4133,0.03,391,2388,100.0,38.88,23.2919,127
4,63,0.0015,0.0002,100.0,518.67,642.45,1587.6,1410.95,14.62,21.61,553.89,2388.02,9052.34,1.3,47.39,522.11,2388.11,8135.39,8.4424,0.03,393,2388,100.0,38.86,23.3359,126
4,64,-0.003,0.0,100.0,518.67,642.68,1591.76,1403.8,14.62,21.61,554.25,2388.06,9049.6,1.3,47.33,521.61,2388.06,8139.28,8.4002,0.03,393,2388,100.0,38.84,23.2918,125
4,65,0.0002,0.0005,100.0,518.67,642.8,1590.85,1407.01,14.62,21.61,554.03,2388.04,9048.79,1.3,47.24,522.14,2388.08,8130.59,8.4314,0.03,392,2388,100.0,39.04,23.4812,124
4,66,0.0023,0.0,100.0,518.67,642.9,1583.9,1402.56,14.62,21.61,554.13,2388.06,9061.64,1.3,47.35,521.43,2388.08,8134.65,8.405,0.03,394,2388,100.0,38.89,23.3588,123
4,67,0.0029,-0.0003,100.0,518.67,642.21,1592.37,1395.74,14.62,21.61,553.47,2388.08,9051.73,1.3,47.43,521.63,2388.0,8137.62,8.4517,0.03,393,2388,100.0,38.87,23.4225,122
4,68,0.0041,-0.0001,100.0,518.67,642.44,1587.83,1408.43,14.62,21.61,554.03,2388.09,9054.44,1.3,47.53,521.92,2388.02,8131.88,8.433,0.03,390,2388,100.0,38.85,23.4063,121
4,69,-0.0002,-0.0003,100.0,518.67,642.74,1588.44,1409.93,14.62,21.61,553.75,2388.06,9060.71,1.3,47.33,521.74,2388.06,8137.23,8.4094,0.03,391,2388,100.0,38.97,23.3788,120
4,70,0.0002,0.0003,100.0,518.67,642.42,1590.37,1403.68,14.62,21.61,553.6,2388.1,9054.66,1.3,47.37,521.9,2388.04,8136.58,8.4232,0.03,392,2388,100.0,38.96,23.2755,119
4,71,-0.0022,-0.0003,100.0,518.67,642.63,1585.71,1410.7,14.62,21.61,554.23,2388.11,9053.94,1.3,47.37,521.71,2388.12,8135.4,8.417,0.03,393,2388,100.0,38.8,23.3652,118
4,72,-0.0021,0.0002,100.0,518.67,642.69,1584.72,1408.21,14.62,21.61,553.62,2388.07,9052.99,1.3,47.27,521.5,2388.09,8140.48,8.4053,0.03,394,2388,100.0,38.89,23.3367,117
4,73,0.0001,0.0001,100.0,518.67,642.35,1588.43,1409.32,14.62,21.61,554.1,2388.15,9058.6,1.3,47.4,521.85,2388.08,8137.42,8.4666,0.03,394,2388,100.0,39.17,23.2982,116
4,74,0.0044,0.0001,100.0,518.67,642.6,1588.1,1407.74,14.62,21.61,553.31,2388.11,9056.63,1.3,47.31,521.67,2388.06,8139.0,8.431,0.03,394,2388,100.0,38.74,23.3864,115
4,75,-0.0003,-0.0003,100.0,518.67,642.42,1593.17,1400.47,14.62,21.61,554.13,2388.08,9057.3,1.3,47.43,521.95,2388.14,8138.83,8.4095,0.03,393,2388,100.0,38.85,23.3053,114
4,76,0.0055,0.0,100.0,518.67,641.86,1588.78,1405.44,14.62,21.61,553.56,2388.04,9061.17,1.3,47.42,521.95,2388.1,8140.73,8.4142,0.03,392,2388,100.0,38.82,23.2617,113
4,77,0.002,0.0004,100.0,518.67,642.77,1588.91,1398.16,14.62,21.61,553.43,2388.03,9062.96,1.3,47.32,521.22,2388.07,8137.46,8.423,0.03,394,2388,100.0,38.95,23.2448,112
4,78,-0.0014,0.0001,100.0,518.67,642.66,1587.09,1408.49,14.62,21.61,554.03,2388.06,9053.78,1.3,47.46,521.53,2388.04,8137.48,8.4084,0.03,392,2388,100.0,38.78,23.3512,111
4,79,0.0014,0.0004,100.0,518.67,642.14,1592.26,1407.47,14.62,21.61,553.13,2388.1,9056.85,1.3,47.39,521.93,2388.1,8136.08,8.4384,0.03,393,2388,100.0,39.05,23.4146,110
4,80,-0.0,0.0001,100.0,518.67,642.98,1588.2,1405.22,14.62,21.61,554.66,2388.05,9059.21,1.3,47.36,521.78,2388.06,8136.75,8.3982,0.03,394,2388,100.0,38.92,23.2887,109
4,81,-0.0003,0.0,100.0,518.67,642.26,1582.27,1408.32,14.62,21.61,553.51,2388.04,9052.44,1.3,47.39,521.35,2388.06,8135.47,8.4252,0.03,392,2388,100.0,38.82,23.34,108
4,82,-0.0003,0.0004,100.0,518.67,642.66,1582.04,1404.73,14.62,21.61,553.76,2388.05,9053.33,1.3,47.3,521.87,2388.1,8136.0,8.4169,0.03,392,2388,100.0,38.93,23.2496,107
4,83,-0.0002,0.0005,100.0,518.67,642.13,1588.16,1406.59,14.62,21.61,554.25,2388.08,9057.38,1.3,47.34,521.82,2388.09,8134.95,8.4433,0.03,393,2388,100.0,38.98,23.3686,106
4,84,-0.0029,0.0006,100.0,518.67,642.91,1589.92,1403.9,14.62,21.61,553.48,2388.09,9053.78,1.3,47.52,521.63,2388.09,8134.57,8.4081,0.03,392,2388,100.0,38.72,23.4161,105
4,85,-0.0001,0.0001,100.0,518.67,642.29,1579.9,1399.07,14.62,21.61,553.85,2388.05,9063.79,1.3,47.27,521.6,2388.09,8143.55,8.4401,0.03,394,2388,100.0,38.94,23.3839,104
4,86,0.0016,-0.0,100.0,518.67,642.21,1591.36,1407.58,14.62,21.61,553.52,2388.08,9060.26,1.3,47.42,521.74,2388.0,8140.42,8.4306,0.03,393,2388,100.0,38.8,23.3293,103
4,87,-0.0015,0.0005,100.0,518.67,642.7,1587.37,1406.05,14.62,21.61,553.83,2388.09,9053.77,1.3,47.5,522.01,2388.1,8137.57,8.4359,0.03,393,2388,100.0,38.92,23.3269,102
4,88,0.0001,-0.0003,100.0,518.67,642.68,1584.7,1398.74,14.62,21.61,554.23,2388.1,9067.32,1.3,47.32,521.36,2388.0,8141.36,8.4428,0.03,394,2388,100.0,38.87,23.2128,101
4,89,0.0006,-0.0002,100.0,518.67,641.97,1578.65,1394.77,14.62,21.61,553.55,2388.09,9058.52,1.3,47.56,522.15,2388.07,8140.68,8.4233,0.03,392,2388,100.0,38.74,23.3807,100
4,90,0.0001,0.0003,100.0,518.67,643.32,1586.92,1408.45,14.62,21.61,553.98,2388.05,9063.48,1.3,47.32,522.22,2388.06,8143.04,8.4484,0.03,393,2388,100.0,38.98,23.322,99
4,91,0.0018,0.0002,100.0,518.67,642.79,1589.6,1404.18,14.62,21.61,553.48,2388.07,9062.96,1.3,47.15,522.23,2388.07,8144.13,8.4301,0.03,393,2388,100.0,38.87,23.2897,98
4,92,0.0015,0.0004,100.0,518.67,642.41,1590.17,1403.99,14.62,21.61,554.49,2388.08,9055.76,1.3,47.55,521.56,2388.12,8143.49,8.4255,0.03,393,2388,100.0,38.79,23.284,97
4,93,-0.003,0.0005,100.0,518.67,642.24,1588.28,1398.67,14.62,21.61,554.07,2388.09,9054.9,1.3,47.58,521.54,2388.1,8140.33,8.3856,0.03,392,2388,100.0,38.77,23.3528,96
4,94,-0.0036,0.0004,100.0,518.67,642.5,1588.54,1406.69,14.62,21.61,553.76,2388.16,9056.18,1.3,47.34,521.82,2388.07,8138.34,8.4313,0.03,392,2388,100.0,38.85,23.3703,95
4,95,0.0041,0.0004,100.0,518.67,642.48,1586.25,1398.8,14.62,21.61,553.44,2388.08,9060.39,1.3,47.5,521.88,2388.02,8142.43,8.4065,0.03,392,2388,100.0,39.05,23.3431,94
4,96,-0.0015,0.0003,100.0,518.67,642.18,1578.8,1406.96,14.62,21.61,554.08,2388.05,9059.77,1.3,47.36,521.8,2388.07,8137.86,8.4226,0.03,392,2388,100.0,38.9,23.3729,93
4,97,0.0001,0.0006,100.0,518.67,642.95,1586.68,1411.12,14.62,21.61,553.05,2388.03,9065.08,1.3,47.5,521.96,2388.06,8139.63,8.4375,0.03,393,2388,100.0,38.84,23.2882,92
4,98,-0.0011,0.0001,100.0,518.67,643.06,1583.61,1403.34,14.62,21.61,553.68,2388.07,9063.37,1.3,47.3,521.65,2388.07,8144.29,8.4055,0.03,392,2388,100.0,38.87,23.2429,91
4,99,-0.0005,-0.0004,100.0,518.67,642.79,1592.78,1405.64,14.62,21.61,554.62,2388.11,9063.53,1.3,47.28,521.35,2388.11,8133.9,8.4113,0.03,392,2388,100.0,38.98,23.1897,90
4,100,-0.0005,-0.0003,100.0,518.67,642.67,1588.11,1406.26,14.62,21.61,553.72,2388.07,9061.39,1.3,47.25,521.77,2388.08,8140.27,8.4332,0.03,392,2388,100.0,38.91,23.3289,89
4,101,0.0005,0.0003,100.0,518.67,642.29,1590.1,1412.21,14.62,21.61,553.91,2388.08,9065.91,1.3,47.42,521.3,2388.08,8140.2,8.4383,0.03,392,2388,100.0,38.89,23.3956,88
4,102,0.0002,0.0002,100.0,518.67,642.5,1593.07,1400.79,14.62,21.61,553.63,2388.06,9064.33,1.3,47.54,521.4,2388.04,8142.87,8.435,0.03,393,2388,100.0,38.75,23.2938,87
4,103,-0.0024,0.0001,100.0,518.67,642.83,1596.05,1400.74,14.62,21.61,553.62,2388.06,9056.6,1.3,47.39,521.69,2388.03,8138.22,8.4328,0.03,393,2388,100.0,38.8,23.4523,86
4,104,0.0012,0.0005,100.0,518.67,642.27,1593.03,1403.56,14.62,21.61,553.84,2388.09,9058.91,1.3,47.39,522.48,2388.04,8145.23,8.4194,0.03,394,2388,100.0,38.95,23.3294,85
4,105,0.0001,0.0002,100.0,518.67,642.48,1587.15,1406.58,14.62,21.61,553.9,2388.06,9064.82,1.3,47.31,521.63,2388.09,8143.33,8.4449,0.03,394,2388,100.0,38.93,23.3576,84
4,106,-0.0032,-0.0004,100.0,518.67,642.24,1588.91,1402.75,14.62,21.61,553.63,2388.07,9061.75,1.3,47.53,521.62,2388.11,8143.18,8.444,0.03,393,2388,100.0,38.88,23.2776,83
4,107,0.0,-0.0002,100.0,518.67,642.55,1585.56,1400.45,14.62,21.61,553.78,2388.09,9066.51,1.3,47.4,521.19,2388.11,8147.26,8.4383,0.03,392,2388,100.0,38.93,23.3614,82
4,108,-0.0026,0.0,100.0,518.67,642.13,1585.18,1412.75,14.62,21.61,553.97,2388.07,9068.42,1.3,47.44,521.99,2388.07,8144.81,8.4316,0.03,394,2388,100.0,38.93,23.3725,81
4,109,0.0007,-0.0004,100.0,518.67,642.89,1586.34,1407.61,14.62,21.61,553.4,2388.06,9073.67,1.3,47.36,522.15,2388.11,8142.55,8.4531,0.03,393,2388,100.0,38.87,23.364,80
4,110,-0.0009,0.0004,100.0,518.67,642.47,1581.85,1401.8,14.62,21.61,553.86,2388.07,9068.93,1.3,47.37,521.74,2388.05,8147.39,8.428,0.03,393,2388,100.0,39.06,23.4095,79
4,111,-0.0013,-0.0003,100.0,518.67,642.16,1584.52,1405.22,14.62,21.61,554.14,2388.06,9058.48,1.3,47.31,521.69,2388.1,8147.19,8.4456,0.03,393,2388,100.0,38.81,23.2463,78
4,112,0.0016,0.0002,100.0,518.67,642.15,1597.05,1400.11,14.62,21.61,552.93,2388.04,9072.19,1.3,47.42,522.25,2388.12,8143.21,8.4411,0.03,394,2388,100.0,38.86,23.3104,77
4,113,0.0004,0.0,100.0,518.67,642.41,1592.69,1416.04,14.62,21.61,552.71,2388.02,9062.6,1.3,47.43,521.8,2388.1,8148.24,8.4388,0.03,393,2388,100.0,38.97,23.3268,76
4,114,0.0011,0.0001,100.0,518.67,642.5,1585.29,1404.61,14.62,21.61,553.9,2388.03,9070.88,1.3,47.61,521.65,2388.0,8148.18,8.4342,0.03,394,2388,100.0,38.84,23.3543,75
4,115,0.0017,0.0,100.0,518.67,643.11,1584.82,1399.39,14.62,21.61,552.89,2388.04,9064.63,1.3,47.61,521.77,2388.05,8149.17,8.4147,0.03,394,2388,100.0,38.83,23.3361,74
4,116,0.0015,0.0003,100.0,518.67,642.57,1587.97,1409.77,14.62,21.61,553.1,2388.07,9063.99,1.3,47.49,521.75,2388.11,8143.24,8.427,0.03,394,2388,100.0,38.88,23.2845,73
4,117,-0.0047,-0.0,100.0,518.67,642.97,1588.0,1409.2,14.62,21.61,552.71,2388.06,9070.89,1.3,47.32,521.82,2388.09,8149.32,8.4302,0.03,394,2388,100.0,38.9,23.2139,72
4,118,-0.0015,0.0,100.0,518.67,642.45,1595.31,1404.31,14.62,21.61,554.2,2388.06,9065.88,1.3,47.6,521.78,2388.04,8144.55,8.4114,0.03,393,2388,100.0,39.05,23.3721,71
4,119,0.0005,-0.0002,100.0,518.67,642.81,1587.57,1411.87,14.62,21.61,553.91,2388.05,9061.66,1.3,47.56,521.37,2388.1,8145.98,8.4816,0.03,393,2388,100.0,38.72,23.2425,70
4,120,0.0015,0.0001,100.0,518.67,642.13,1590.46,1405.88,14.62,21.61,553.5,2388.07,9069.1,1.3,47.52,521.55,2388.1,8146.54,8.4146,0.03,393,2388,100.0,39.01,23.1853,69
4,121,-0.0022,-0.0003,100.0,518.67,642.58,1598.61,1403.36,14.62,21.61,553.35,2388.09,9070.9,1.3,47.59,521.67,2388.03,8144.47,8.4659,0.03,393,2388,100.0,38.97,23.341,68
4,122,0.0003,-0.0004,100.0,518.67,643.12,1594.36,1405.56,14.62,21.61,553.28,2388.06,9063.29,1.3,47.42,521.2,2388.08,8150.73,8.4275,0.03,393,2388,100.0,38.73,23.2929,67
4,123,0.0007,0.0004,100.0,518.67,642.56,1586.4,1411.81,14.62,21.61,553.42,2388.1,9067.29,1.3,47.59,521.67,2388.07,8144.19,8.4384,0.03,393,2388,100.0,38.89,23.3391,66
4,124,-0.0019,0.0001,100.0,518.67,642.64,1587.87,1400.87,14.62,21.61,552.7,2388.03,9073.32,1.3,47.49,521.33,2388.06,8152.25,8.4403,0.03,394,2388,100.0,38.99,23.3158,65
4,125,0.0002,0.0002,100.0,518.67,642.59,1580.17,1404.02,14.62,21.61,554.55,2388.05,9070.65,1.3,47.41,521.68,2388.08,8148.95,8.4458,0.03,395,2388,100.0,38.96,23.3211,64
4,126,0.0012,-0.0003,100.0,518.67,642.56,1592.43,1405.07,14.62,21.61,553.81,2388.12,9072.48,1.3,47.58,521.34,2388.06,8149.92,8.4565,0.03,394,2388,100.0,38.91,23.3087,63
4,127,0.0027,-0.0001,100.0,518.67,641.87,1591.59,1410.29,14.62,21.61,553.36,2388.05,9074.47,1.3,47.49,521.72,2388.07,8152.75,8.4477,0.03,393,2388,100.0,38.61,23.309,62
4,128,0.0008,0.0001,100.0,518.67,642.77,1592.21,1417.91,14.62,21.61,553.31,2388.04,9078.47,1.3,47.79,521.41,2388.07,8153.2,8.4198,0.03,396,2388,100.0,38.86,23.3167,61
4,129,0.0026,0.0001,100.0,518.67,642.3,1589.44,1403.6,14.62,21.61,553.88,2388.02,9068.1,1.3,47.45,521.31,2388.07,8154.04,8.4495,0.03,393,2388,100.0,38.74,23.372,60
4,130,-0.002,0.0002,100.0,518.67,642.28,1593.61,1406.21,14.62,21.61,553.45,2388.1,9075.76,1.3,47.48,521.63,2388.06,8148.92,8.4323,0.03,392,2388,100.0,38.92,23.4297,59
4,131,-0.0022,-0.0003,100.0,518.67,642.81,1593.8,1399.75,14.62,21.61,553.55,2388.08,9071.08,1.3,47.5,521.17,2388.07,8155.09,8.4256,0.03,394,2388,100.0,38.79,23.2136,58
4,132,0.0007,0.0004,100.0,518.67,642.41,1591.45,1409.15,14.62,21.61,552.95,2388.07,9086.47,1.3,47.75,521.67,2388.06,8153.64,8.4385,0.03,394,2388,100.0,38.76,23.2413,57
4,133,-0.0006,0.0,100.0,518.67,642.95,1592.11,1412.36,14.62,21.61,553.82,2388.09,9072.61,1.3,47.62,521.53,2388.11,8154.88,8.4652,0.03,393,2388,100.0,38.8,23.1877,56
4,134,-0.0001,0.0006,100.0,518.67,642.82,1590.54,1413.59,14.62,21.61,553.25,2388.1,9082.5,1.3,47.61,521.45,2388.09,8152.47,8.43,0.03,394,2388,100.0,38.77,23.3469,55
4,135,-0.0009,-0.0002,100.0,518.67,642.8,1586.98,1406.54,14.62,21.61,553.14,2388.1,9086.62,1.3,47.67,521.43,2388.03,8155.68,8.4922,0.03,393,2388,100.0,38.62,23.2783,54
4,136,-0.0009,0.0001,100.0,518.67,642.88,1588.88,1410.65,14.62,21.61,553.84,2388.1,9080.72,1.3,47.76,521.58,2388.11,8156.39,8.4835,0.03,393,2388,100.0,38.72,23.2597,53
4,137,0.0021,0.0004,100.0,518.67,642.35,1585.35,1408.59,14.62,21.61,553.73,2388.09,9085.86,1.3,47.39,521.1,2388.09,8163.63,8.477,0.03,393,2388,100.0,38.77,23.2531,52
4,138,0.0001,-0.0003,100.0,518.67,642.62,1589.11,1403.15,14.62,21.61,553.42,2388.09,9079.96,1.3,47.46,521.47,2388.09,8159.62,8.4499,0.03,394,2388,100.0,38.9,23.1688,51
4,139,0.002,-0.0001,100.0,518.67,642.51,1590.51,1411.62,14.62,21.61,553.22,2388.06,9084.37,1.3,47.45,521.29,2388.1,8160.55,8.4225,0.03,391,2388,100.0,38.74,23.3399,50
4,140,-0.0014,0.0005,100.0,518.67,642.43,1589.98,1410.55,14.62,21.61,553.09,2388.09,9084.41,1.3,47.56,521.39,2388.11,8166.82,8.4522,0.03,393,2388,100.0,38.95,23.2221,49
4,141,0.0051,0.0004,100.0,518.67,642.78,1586.02,1408.52,14.62,21.61,553.54,2388.1,9082.87,1.3,47.65,521.74,2388.06,8162.37,8.4545,0.03,394,2388,100.0,38.75,23.2515,48
4,142,-0.0003,0.0002,100.0,518.67,642.15,1595.19,1409.14,14.62,21.61,553.18,2388.11,9084.27,1.3,47.69,521.28,2388.08,8157.58,8.4665,0.03,394,2388,100.0,38.83,23.1726,47
4,143,-0.0012,0.0003,100.0,518.67,642.74,1586.75,1406.34,14.62,21.61,553.08,2388.07,9090.71,1.3,47.54,520.98,2388.08,8169.05,8.4173,0.03,393,2388,100.0,38.79,23.3044,46
4,144,-0.0008,0.0003,100.0,518.67,642.6,1588.23,1411.01,14.62,21.61,552.42,2388.06,9091.62,1.3,47.69,521.76,2388.02,8163.6,8.4334,0.03,394,2388,100.0,38.71,23.2699,45
4,145,0.0006,0.0005,100.0,518.67,643.07,1594.62,1405.43,14.62,21.61,553.62,2388.09,9090.55,1.3,47.57,521.38,2388.1,8164.83,8.4518,0.03,393,2388,100.0,38.74,23.2125,44
4,146,0.0005,0.0003,100.0,518.67,642.72,1595.94,1417.08,14.62,21.61,553.21,2388.01,9097.65,1.3,47.61,521.18,2388.09,8168.06,8.4524,0.03,394,2388,100.0,38.84,23.1458,43
4,147,-0.0004,0.0004,100.0,518.67,642.82,1590.96,1411.57,14.62,21.61,552.95,2388.06,9090.6,1.3,47.66,520.91,2388.13,8166.29,8.4496,0.03,394,2388,100.0,38.71,23.1977,42
4,148,-0.0018,-0.0001,100.0,518.67,643.09,1593.59,1418.28,14.62,21.61,553.32,2388.1,9092.25,1.3,47.67,521.91,2388.07,8171.39,8.4355,0.03,393,2388,100.0,38.88,23.2993,41
4,149,-0.0008,0.0004,100.0,518.67,642.58,1595.24,1414.42,14.62,21.61,553.21,2388.09,9094.94,1.3,47.76,520.79,2388.03,8165.4,8.4816,0.03,394,2388,100.0,38.89,23.2122,40
4,150,-0.0007,-0.0003,100.0,518.67,642.46,1598.82,1407.68,14.62,21.61,553.14,2388.03,9096.18,1.3,47.64,521.43,2388.03,8178.72,8.4365,0.03,395,2388,100.0,38.75,23.1649,39
4,151,0.0013,0.0003,100.0,518.67,643.25,1594.25,1410.11,14.62,21.61,552.94,2388.09,9097.14,1.3,47.65,521.43,2388.07,8171.6,8.4765,0.03,395,2388,100.0,38.66,23.3152,38
4,152,-0.0026,-0.0002,100.0,518.67,642.68,1588.06,1415.81,14.62,21.61,552.63,2388.05,9096.41,1.3,47.55,521.42,2387.99,8172.77,8.461,0.03,394,2388,100.0,38.75,23.2845,37
4,153,-0.0003,0.0001,100.0,518.67,643.02,1589.96,1410.75,14.62,21.61,553.13,2388.1,9106.73,1.3,47.64,520.97,2388.1,8174.74,8.43,0.03,392,2388,100.0,38.79,23.2261,36
4,154,0.0038,0.0002,100.0,518.67,642.87,1596.48,1407.58,14.62,21.61,553.0,2388.04,9105.93,1.3,47.76,521.02,2388.08,8174.36,8.4262,0.03,395,2388,100.0,38.7,23.3318,35
4,155,0.0022,0.0001,100.0,518.67,643.05,1591.94,1406.1,14.62,21.61,552.85,2388.11,9109.24,1.3,47.84,520.72,2388.07,8172.07,8.4545,0.03,395,2388,100.0,38.74,23.2332,34
4,156,-0.0002,-0.0001,100.0,518.67,642.54,1594.01,1414.19,14.62,21.61,552.21,2388.08,9100.84,1.3,47.65,521.36,2388.07,8172.29,8.4546,0.03,393,2388,100.0,38.73,23.2384,33
4,157,0.0027,0.0,100.0,518.67,642.8,1597.71,1413.68,14.62,21.61,553.49,2388.09,9112.83,1.3,47.6,521.41,2388.05,8184.87,8.43,0.03,394,2388,100.0,38.66,23.277,32
4,158,-0.003,-0.0004,100.0,518.67,643.0,1593.74,1420.79,14.62,21.61,553.11,2388.12,9114.81,1.3,47.63,520.95,2388.11,8184.25,8.46,0.03,393,2388,100.0,38.6,23.3178,31
4,159,0.002,0.0005,100.0,518.67,642.82,1590.08,1417.62,14.62,21.61,552.63,2388.07,9098.78,1.3,47.61,520.9,2388.12,8182.09,8.475,0.03,395,2388,100.0,38.57,23.276,30
4,160,-0.0004,0.0005,100.0,518.67,643.24,1597.66,1412.93,14.62,21.61,553.83,2388.07,9108.85,1.3,47.7,520.75,2388.11,8185.01,8.4473,0.03,393,2388,100.0,38.71,23.2558,29
4,161,-0.0,0.0004,100.0,518.67,643.02,1590.53,1413.51,14.62,21.61,552.28,2388.08,9116.28,1.3,47.64,521.19,2388.11,8184.82,8.4741,0.03,397,2388,100.0,38.72,23.1832,28
4,162,-0.0028,0.0004,100.0,518.67,642.91,1589.2,1419.09,14.62,21.61,553.87,2388.1,9127.02,1.3,47.63,520.91,2388.05,8190.55,8.4931,0.03,394,2388,100.0,38.52,23.3013,27
4,163,-0.0041,-0.0002,100.0,518.67,643.32,1596.69,1417.32,14.62,21.61,552.17,2388.13,9119.48,1.3,47.92,520.94,2388.09,8188.26,8.4594,0.03,395,2388,100.0,38.53,23.1648,26
4,164,-0.0029,-0.0002,100.0,518.67,643.2,1588.21,1411.81,14.62,21.61,552.75,2388.09,9124.06,1.3,47.91,520.75,2388.14,8189.67,8.4816,0.03,394,2388,100.0,38.76,23.1351,25
4,165,0.0037,0.0003,100.0,518.67,643.38,1598.42,1413.9,14.62,21.61,552.16,2388.08,9125.58,1.3,47.56,521.46,2388.1,8189.3,8.4613,0.03,394,2388,100.0,38.71,23.2052,24
4,166,-0.0043,-0.0003,100.0,518.67,642.83,1595.07,1410.18,14.62,21.61,552.22,2388.15,9127.24,1.3,47.82,520.54,2388.08,8195.14,8.4633,0.03,395,2388,100.0,38.73,23.1746,23
4,167,-0.0006,0.0,100.0,518.67,642.97,1596.98,1410.22,14.62,21.61,552.3,2388.09,9130.81,1.3,47.91,521.24,2388.13,8198.35,8.4678,0.03,395,2388,100.0,38.72,23.1656,22
4,168,-0.0028,0.0002,100.0,518.67,642.86,1594.46,1416.01,14.62,21.61,552.58,2388.06,9124.84,1.3,47.83,521.13,2388.12,8194.73,8.4806,0.03,396,2388,100.0,38.62,23.2878,21
4,169,0.0011,0.0001,100.0,518.67,643.25,1592.7,1419.62,14.62,21.61,552.91,2388.05,9136.79,1.3,47.8,521.24,2388.15,8200.08,8.4926,0.03,398,2388,100.0,38.63,23.1847,20
4,170,0.0023,0.0002,100.0,518.67,643.6,1595.73,1412.94,14.62,21.61,552.45,2388.12,9138.79,1.3,47.8,520.77,2388.15,8202.15,8.492,0.03,396,2388,100.0,38.68,23.2325,19
4,171,0.002,-0.0003,100.0,518.67,643.69,1594.79,1416.71,14.62,21.61,552.21,2388.14,9133.85,1.3,47.74,520.85,2388.12,8204.3,8.49,0.03,396,2388,100.0,38.66,23.2471,18
4,172,0.0015,-0.0002,100.0,518.67,643.28,1597.1,1417.89,14.62,21.61,552.65,2388.14,9129.92,1.3,47.88,520.72,2388.06,8208.53,8.5017,0.03,395,2388,100.0,38.66,23.0502,17
4,173,-0.0033,-0.0,100.0,518.67,642.87,1598.3,1422.56,14.62,21.61,552.08,2388.12,9142.07,1.3,47.61,520.53,2388.1,8208.18,8.4829,0.03,396,2388,100.0,38.66,23.1664,16
4,174,0.0021,-0.0003,100.0,518.67,643.09,1600.79,1423.58,14.62,21.61,552.74,2388.08,9150.69,1.3,47.85,520.61,2388.1,8212.15,8.4928,0.03,395,2388,100.0,38.52,23.2417,15
4,175,0.0027,0.0004,100.0,518.67,643.17,1598.28,1419.52,14.62,21.61,552.39,2388.1,9143.78,1.3,47.95,520.47,2388.14,8221.41,8.4826,0.03,396,2388,100.0,38.73,23.1571,14
4,176,0.0033,0.0003,100.0,518.67,643.36,1601.11,1427.72,14.62,21.61,552.62,2388.12,9149.82,1.3,47.83,520.61,2388.11,8219.43,8.4822,0.03,395,2388,100.0,38.81,23.1426,13
4,177,0.0034,-0.0001,100.0,518.67,643.15,1603.1,1424.69,14.62,21.61,552.77,2388.14,9155.26,1.3,47.99,520.82,2388.12,8219.59,8.5026,0.03,396,2388,100.0,38.5,23.1635,12
4,178,0.0006,0.0003,100.0,518.67,643.38,1606.48,1431.78,14.62,21.61,551.71,2388.17,9164.28,1.3,47.86,520.28,2388.11,8221.61,8.4992,0.03,394,2388,100.0,38.67,23.1181,11
4,179,0.0014,0.0,100.0,518.67,643.6,1604.11,1424.1,14.62,21.61,552.19,2388.18,9156.61,1.3,48.0,520.52,2388.15,8223.02,8.5289,0.03,397,2388,100.0,38.55,23.0599,10
4,180,0.0001,-0.0002,100.0,518.67,643.58,1610.29,1425.23,14.62,21.61,551.7,2388.15,9163.18,1.3,47.95,520.33,2388.15,8228.25,8.4966,0.03,398,2388,100.0,38.36,23.1739,9
4,181,0.0004,-0.0002,100.0,518.67,643.34,1597.16,1413.99,14.62,21.61,551.82,2388.11,9168.97,1.3,47.95,520.24,2388.16,8230.94,8.4821,0.03,396,2388,100.0,38.57,23.1169,8
4,182,0.0007,-0.0,100.0,518.67,643.42,1603.95,1429.48,14.62,21.61,551.77,2388.12,9166.16,1.3,47.96,520.55,2388.17,8229.71,8.5069,0.03,395,2388,100.0,38.29,23.0709,7
4,183,0.0034,0.0002,100.0,518.67,644.5,1602.97,1426.55,14.62,21.61,551.6,2388.12,9175.69,1.3,48.08,520.17,2388.12,8239.91,8.5034,0.03,399,2388,100.0,38.47,23.0511,6
4,184,-0.001,0.0003,100.0,518.67,643.44,1608.22,1426.27,14.62,21.61,552.01,2388.12,9174.67,1.3,48.04,520.07,2388.14,8242.61,8.5011,0.03,395,2388,100.0,38.39,23.0651,5
4,185,-0.0031,0.0005,100.0,518.67,643.27,1607.57,1429.22,14.62,21.61,551.91,2388.1,9184.41,1.3,48.19,520.12,2388.12,8246.77,8.5254,0.03,396,2388,100.0,38.47,23.118,4
4,186,-0.0003,-0.0001,100.0,518.67,643.45,1608.24,1427.17,14.62,21.61,551.9,2388.13,9187.57,1.3,48.21,520.26,2388.16,8241.99,8.4873,0.03,396,2388,100.0,38.55,23.1353,3
4,187,-0.0005,0.0005,100.0,518.67,643.69,1603.04,1422.74,14.62,21.61,552.02,2388.14,9203.22,1.3,48.08,519.6,2388.12,8253.53,8.5283,0.03,396,2388,100.0,38.49,23.0135,2
4,188,0.0006,0.0001,100.0,518.67,643.48,1602.23,1434.12,14.62,21.61,551.81,2388.16,9192.89,1.3,48.15,520.12,2388.17,8251.11,8.5462,0.03,398,2388,100.0,38.45,23.071,1
4,189,-0.0024,-0.0002,100.0,518.67,644.53,1612.11,1432.55,14.62,21.61,551.93,2388.13,9198.32,1.3,48.15,519.84,2388.16,8259.42,8.5246,0.03,398,2388,100.0,38.44,23.1006,0
5,1,0.0031,0.0002,100.0,518.67,641.77,1583.59,1395.26,14.62,21.61,554.39,2387.98,9066.49,1.3,47.19,522.34,2388.0,8152.22,8.4102,0.03,393,2388,100.0,38.98,23.4468,268
5,2,0.0002,0.0003,100.0,518.67,642.42,1589.69,1394.88,14.62,21.61,555.57,2388.01,9063.03,1.3,47.09,522.6,2387.99,8153.04,8.4053,0.03,392,2388,100.0,39.12,23.4075,267
5,3,0.0002,-0.0005,100.0,518.67,642.07,1582.45,1396.29,14.62,21.61,554.49,2388.01,9068.21,1.3,47.11,522.85,2388.02,8148.42,8.399,0.03,393,2388,100.0,39.18,23.3298,266
5,4,0.0017,-0.0004,100.0,518.67,642.08,1586.84,1397.94,14.62,21.61,555.16,2387.96,9070.56,1.3,47.29,522.11,2387.99,8148.81,8.3876,0.03,390,2388,100.0,39.22,23.4306,265
5,5,-0.0007,0.0001,100.0,518.67,642.03,1581.45,1394.28,14.62,21.61,554.59,2387.98,9069.25,1.3,47.09,522.6,2387.95,8147.69,8.4129,0.03,390,2388,100.0,39.17,23.3331,264
5,6,0.0018,0.0002,100.0,518.67,642.32,1586.1,1390.56,14.62,21.61,554.53,2388.03,9062.14,1.3,47.16,522.87,2388.02,8148.03,8.4204,0.03,393,2388,100.0,39.0,23.3878,263
5,7,0.0019,0.0001,100.0,518.67,642.78,1585.21,1399.1,14.62,21.6,554.85,2387.92,9069.18,1.3,47.14,522.52,2388.0,8151.1,8.3913,0.03,393,2388,100.0,39.2,23.382,262
5,8,-0.0016,-0.0002,100.0,518.67,642.49,1585.88,1393.41,14.62,21.61,554.33,2387.98,9073.13,1.3,47.03,522.41,2387.98,8145.43,8.4054,0.03,391,2388,100.0,39.11,23.4495,261
5,9,0.0029,0.0002,100.0,518.67,641.69,1581.46,1394.2,14.62,21.61,554.67,2388.0,9062.62,1.3,47.34,522.58,2388.03,8148.79,8.3796,0.03,392,2388,100.0,39.12,23.3762,260
5,10,0.0001,0.0003,100.0,518.67,642.18,1583.92,1390.3,14.62,21.6,554.84,2388.02,9071.57,1.3,47.32,522.67,2388.01,8146.61,8.4089,0.03,390,2388,100.0,39.06,23.4213,259
5,11,-0.0026,-0.0003,100.0,518.67,641.9,1585.25,1393.09,14.62,21.61,554.2,2387.96,9064.45,1.3,47.3,522.0,2388.01,8146.73,8.4091,0.03,391,2388,100.0,39.12,23.4847,258
5,12,-0.0009,-0.0001,100.0,518.67,641.97,1583.89,1394.07,14.62,21.6,554.27,2388.02,9070.86,1.3,47.12,522.96,2388.01,8147.24,8.4233,0.03,391,2388,100.0,38.87,23.3806,257
5,13,-0.0051,-0.0005,100.0,518.67,641.9,1579.55,1402.31,14.62,21.61,554.75,2388.03,9056.42,1.3,47.11,522.42,2387.94,8149.69,8.386,0.03,392,2388,100.0,38.96,23.4476,256
5,14,-0.0,0.0004,100.0,518.67,641.93,1578.03,1396.28,14.62,21.61,554.52,2387.97,9062.88,1.3,47.26,522.19,2388.03,8153.4,8.4214,0.03,393,2388,100.0,39.07,23.3733,255
5,15,0.0011,-0.0001,100.0,518.67,641.88,1589.42,1394.11,14.62,21.61,554.45,2388.07,9066.3,1.3,47.09,522.74,2388.03,8144.15,8.4073,0.03,391,2388,100.0,38.96,23.4795,254
5,16,-0.0037,0.0004,100.0,518.67,641.56,1578.43,1390.29,14.62,21.61,555.11,2388.0,9065.46,1.3,47.08,522.24,2388.02,8144.59,8.4266,0.03,391,2388,100.0,39.12,23.4884,253
5,17,-0.0008,-0.0001,100.0,518.67,642.0,1581.87,1400.59,14.62,21.61,554.31,2387.98,9066.79,1.3,47.11,522.89,2388.02,8153.44,8.4072,0.03,391,2388,100.0,39.04,23.4556,252
5,18,-0.0027,0.0001,100.0,518.67,642.05,1584.71,1391.09,14.62,21.61,554.25,2388.07,9066.52,1.3,46.98,522.64,2387.97,8143.8,8.4151,0.03,392,2388,100.0,39.02,23.461,251
5,19,-0.0009,-0.0002,100.0,518.67,642.36,1588.06,1397.43,14.62,21.61,554.38,2387.95,9071.5,1.3,46.98,522.65,2387.99,8151.75,8.3674,0.03,392,2388,100.0,38.97,23.3752,250
5,20,0.0019,0.0002,100.0,518.67,642.27,1582.85,1393.07,14.62,21.61,554.69,2387.98,9060.46,1.3,47.13,522.0,2387.99,8147.39,8.3831,0.03,391,2388,100.0,38.86,23.3702,249
5,21,-0.0017,-0.0003,100.0,518.67,642.05,1581.71,1397.41,14.62,21.6,554.37,2387.99,9061.69,1.3,47.23,522.4,2388.01,8150.0,8.4071,0.03,391,2388,100.0,38.94,23.3812,248
5,22,0.0014,-0.0002,100.0,518.67,642.38,1581.33,1399.59,14.62,21.61,554.31,2387.99,9071.71,1.3,47.16,522.75,2388.01,8148.04,8.3886,0.03,392,2388,100.0,39.05,23.4457,247
5,23,0.0052,-0.0001,100.0,518.67,641.57,1582.59,1399.12,14.62,21.6,554.48,2387.97,9067.58,1.3,47.18,522.7,2388.03,8155.34,8.3548,0.03,391,2388,100.0,39.05,23.3328,246
5,24,0.0002,0.0002,100.0,518.67,642.13,1592.43,1400.89,14.62,21.61,554.1,2388.01,9066.39,1.3,47.25,522.21,2387.96,8156.04,8.4095,0.03,391,2388,100.0,39.14,23.4933,245
5,25,0.0026,-0.0005,100.0,518.67,642.05,1582.82,1397.33,14.62,21.61,554.78,2387.98,9067.26,1.3,47.19,522.81,2387.97,8144.37,8.4151,0.03,392,2388,100.0,39.19,23.4193,244
5,26,0.0012,0.0,100.0,518.67,641.61,1578.77,1398.19,14.62,21.61,554.93,2388.03,9065.14,1.3,47.17,522.41,2387.99,8146.04,8.3536,0.03,393,2388,100.0,39.05,23.5227,243
5,27,-0.0001,-0.0002,100.0,518.67,642.22,1582.69,1394.22,14.62,21.6,554.27,2388.01,9070.7,1.3,47.01,522.5,2387.98,8153.92,8.4066,0.03,390,2388,100.0,38.97,23.3803,242
5,28,-0.0015,-0.0005,100.0,518.67,641.97,1575.77,1402.43,14.62,21.61,554.6,2388.05,9069.66,1.3,47.3,522.4,2387.95,8148.49,8.3934,0.03,392,2388,100.0,39.04,23.3974,241
5,29,0.0037,-0.0005,100.0,518.67,642.48,1576.5,1392.82,14.62,21.61,554.63,2387.97,9068.63,1.3,46.97,522.78,2387.99,8147.67,8.3735,0.03,390,2388,100.0,39.01,23.41,240
5,30,0.0007,-0.0004,100.0,518.67,642.66,1574.8,1397.69,14.62,21.6,555.05,2387.96,9059.85,1.3,47.24,522.87,2388.02,8150.15,8.4038,0.03,392,2388,100.0,38.81,23.4437,239
5,31,-0.0014,-0.0003,100.0,518.67,642.06,1585.84,1402.33,14.62,21.61,554.3,2387.97,9064.3,1.3,47.08,522.24,2387.99,8146.32,8.3824,0.03,391,2388,100.0,39.12,23.5503,238
5,32,0.0043,-0.0001,100.0,518.67,642.41,1582.76,1397.12,14.62,21.61,554.32,2387.98,9059.42,1.3,47.39,522.4,2387.94,8146.33,8.3851,0.03,390,2388,100.0,39.01,23.4547,237
5,33,0.0017,-0.0002,100.0,518.67,641.76,1591.02,1402.42,14.62,21.61,554.4,2388.03,9074.12,1.3,47.13,522.07,2387.98,8149.73,8.3967,0.03,392,2388,100.0,39.0,23.433,236
5,34,0.0017,-0.0,100.0,518.67,641.68,1581.62,1392.22,14.62,21.6,554.29,2387.96,9070.3,1.3,47.21,522.15,2388.03,8151.21,8.395,0.03,392,2388,100.0,38.93,23.3981,235
5,35,0.0039,0.0001,100.0,518.67,642.16,1580.02,1395.31,14.62,21.61,553.66,2387.98,9070.45,1.3,47.14,522.45,2388.02,8143.52,8.4074,0.03,391,2388,100.0,39.18,23.4449,234
5,36,-0.0032,0.0001,100.0,518.67,641.3,1586.91,1394.4,14.62,21.61,554.14,2387.98,9067.67,1.3,47.09,521.96,2387.96,8150.11,8.4091,0.03,391,2388,100.0,38.97,23.4607,233
5,37,-0.0011,0.0001,100.0,518.67,642.04,1585.52,1394.71,14.62,21.61,554.97,2387.96,9068.05,1.3,47.06,522.39,2388.06,8154.54,8.397,0.03,392,2388,100.0,39.0,23.4577,232
5,38,0.002,-0.0002,100.0,518.67,642.38,1584.21,1396.82,14.62,21.61,554.48,2388.02,9068.83,1.3,47.22,522.25,2387.99,8148.21,8.3893,0.03,392,2388,100.0,39.09,23.458,231
5,39,-0.0,-0.0002,100.0,518.67,641.82,1578.77,1396.39,14.62,21.61,555.04,2388.0,9066.55,1.3,47.2,522.43,2387.98,8148.35,8.4239,0.03,391,2388,100.0,39.03,23.5068,230
5,40,0.0001,-0.0002,100.0,518.67,642.76,1583.56,1402.27,14.62,21.61,554.38,2387.97,9066.78,1.3,47.25,522.25,2387.97,8151.02,8.4272,0.03,390,2388,100.0,38.97,23.3585,229
5,41,0.0011,-0.0001,100.0,518.67,642.82,1585.13,1399.13,14.62,21.6,554.75,2388.0,9073.97,1.3,47.22,522.21,2388.0,8149.98,8.398,0.03,392,2388,100.0,38.93,23.4126,228
5,42,0.0001,-0.0002,100.0,518.67,641.92,1589.59,1394.97,14.62,21.61,554.13,2387.96,9070.52,1.3,47.37,522.62,2387.97,8154.04,8.3654,0.03,392,2388,100.0,38.87,23.4851,227
5,43,-0.0015,-0.0004,100.0,518.67,641.78,1587.27,1394.26,14.62,21.61,554.64,2387.97,9071.84,1.3,47.01,522.37,2388.0,8155.95,8.3975,0.03,392,2388,100.0,39.06,23.442,226
5,44,-0.0011,-0.0001,100.0,518.67,641.77,1583.83,1395.7,14.62,21.61,555.48,2387.99,9067.4,1.3,47.32,522.68,2387.99,8148.03,8.4219,0.03,391,2388,100.0,39.06,23.3576,225
5,45,0.0028,0.0004,100.0,518.67,642.32,1584.3,1399.71,14.62,21.61,554.7,2387.97,9064.28,1.3,47.0,522.54,2387.97,8146.26,8.3735,0.03,393,2388,100.0,39.2,23.3398,224
5,46,-0.0023,-0.0003,100.0,518.67,642.24,1586.87,1400.55,14.62,21.61,554.49,2388.02,9065.41,1.3,47.27,521.62,2387.94,8147.77,8.4055,0.03,392,2388,100.0,38.89,23.3304,223
5,47,0.0002,-0.0002,100.0,518.67,641.95,1579.17,1397.44,14.62,21.6,554.74,2388.0,9068.21,1.3,47.05,522.57,2388.0,8147.3,8.4182,0.03,391,2388,100.0,39.06,23.4378,222
5,48,0.0037,0.0,100.0,518.67,641.38,1576.29,1395.62,14.62,21.61,554.93,2387.98,9072.03,1.3,47.24,522.65,2388.04,8146.91,8.3869,0.03,392,2388,100.0,38.89,23.4698,221
5,49,0.0004,-0.0004,100.0,518.67,642.11,1583.18,1394.48,14.62,21.61,554.64,2388.03,9069.21,1.3,47.07,522.5,2387.94,8153.73,8.398,0.03,392,2388,100.0,38.99,23.311,220
5,50,-0.0011,-0.0001,100.0,518.67,642.2,1586.48,1403.06,14.62,21.61,554.98,2387.97,9067.24,1.3,47.37,522.56,2388.03,8148.17,8.4228,0.03,390,2388,100.0,39.13,23.3994,219
5,51,-0.0037,0.0,100.0,518.67,642.32,1580.84,1393.67,14.62,21.61,555.05,2388.03,9071.92,1.3,47.27,521.92,2387.97,8149.73,8.4279,0.03,390,2388,100.0,39.03,23.513,218
5,52,0.0006,-0.0,100.0,518.67,641.86,1585.97,1403.88,14.62,21.6,554.94,2387.98,9066.99,1.3,47.06,522.03,2387.99,8140.95,8.431,0.03,393,2388,100.0,39.04,23.3502,217
5,53,0.0008,0.0001,100.0,518.67,642.2,1582.71,1393.24,14.62,21.61,554.25,2388.03,9077.51,1.3,47.2,522.72,2388.03,8156.34,8.3814,0.03,392,2388,100.0,38.86,23.5408,216
5,54,-0.0023,0.0005,100.0,518.67,642.14,1577.1,1399.58,14.62,21.61,554.19,2387.99,9062.69,1.3,47.25,522.25,2387.96,8150.69,8.3797,0.03,392,2388,100.0,38.99,23.4374,215
5,55,-0.0004,-0.0005,100.0,518.67,641.98,1586.8,1394.57,14.62,21.61,555.17,2387.96,9061.38,1.3,47.11,522.39,2387.96,8147.61,8.4043,0.03,391,2388,100.0,39.1,23.4353,214
5,56,-0.0016,0.0003,100.0,518.67,642.12,1581.49,1397.74,14.62,21.61,554.59,2387.98,9069.99,1.3,47.2,522.7,2387.92,8148.97,8.3772,0.03,391,2388,100.0,39.05,23.4661,213
5,57,-0.0002,0.0001,100.0,518.67,641.95,1578.24,1394.93,14.62,21.61,554.47,2388.01,9066.62,1.3,47.18,522.61,2387.96,8145.61,8.4152,0.03,393,2388,100.0,39.1,23.458,212
5,58,-0.0008,0.0004,100.0,518.67,642.61,1581.9,1399.9,14.62,21.61,554.31,2388.01,9066.63,1.3,47.18,522.44,2388.0,8151.52,8.4093,0.03,391,2388,100.0,39.01,23.3758,211
5,59,0.001,0.0005,100.0,518.67,642.05,1589.45,1400.43,14.62,21.6,554.4,2387.96,9066.93,1.3,47.24,522.46,2388.0,8149.3,8.4024,0.03,391,2388,100.0,38.98,23.4878,210
5,60,-0.0008,-0.0005,100.0,518.67,642.0,1582.34,1396.08,14.62,21.61,554.45,2388.06,9058.23,1.3,47.0,522.22,2388.04,8149.18,8.4251,0.03,393,2388,100.0,39.29,23.3856,209
5,61,-0.0024,0.0001,100.0,518.67,642.36,1586.95,1396.92,14.62,21.61,554.64,2388.01,9074.25,1.3,47.12,522.82,2388.03,8148.27,8.3844,0.03,391,2388,100.0,38.97,23.3773,208
5,62,0.0025,-0.0001,100.0,518.67,641.94,1581.42,1406.63,14.62,21.61,554.57,2388.01,9065.88,1.3,47.33,522.33,2388.01,8150.99,8.4145,0.03,390,2388,100.0,38.98,23.4888,207
5,63,0.003,0.0003,100.0,518.67,642.18,1585.76,1392.17,14.62,21.61,554.81,2388.01,9071.42,1.3,47.31,522.15,2387.95,8150.35,8.3846,0.03,392,2388,100.0,38.93,23.4232,206
5,64,0.0001,-0.0002,100.0,518.67,642.4,1586.2,1396.45,14.62,21.61,554.12,2387.98,9065.47,1.3,47.15,522.26,2388.0,8151.37,8.3905,0.03,391,2388,100.0,39.04,23.4054,205
5,65,0.0006,-0.0001,100.0,518.67,641.96,1578.21,1389.19,14.62,21.61,554.64,2388.02,9071.71,1.3,47.02,522.18,2387.95,8152.49,8.4485,0.03,392,2388,100.0,39.12,23.5078,204
5,66,0.005,0.0004,100.0,518.67,642.16,1582.39,1402.35,14.62,21.61,554.21,2387.98,9069.46,1.3,47.0,522.25,2388.0,8151.26,8.3881,0.03,391,2388,100.0,38.92,23.3782,203
5,67,0.0005,-0.0004,100.0,518.67,641.67,1582.01,1396.82,14.62,21.61,555.49,2388.02,9074.04,1.3,47.11,522.57,2387.94,8151.21,8.4105,0.03,391,2388,100.0,38.91,23.3088,202
5,68,-0.0018,0.0001,100.0,518.67,642.0,1579.94,1395.59,14.62,21.6,554.06,2388.05,9069.6,1.3,47.27,522.92,2387.99,8146.84,8.425,0.03,393,2388,100.0,39.06,23.3948,201
5,69,-0.0017,-0.0002,100.0,518.67,641.9,1589.43,1390.32,14.62,21.61,554.63,2388.04,9069.58,1.3,47.1,522.89,2388.02,8152.11,8.4083,0.03,391,2388,100.0,38.93,23.414,200
5,70,0.0009,-0.0004,100.0,518.67,641.86,1583.3,1389.87,14.62,21.61,554.51,2387.97,9071.62,1.3,47.1,522.38,2387.99,8146.12,8.3582,0.03,390,2388,100.0,39.05,23.3696,199
5,71,0.0011,0.0004,100.0,518.67,642.35,1581.52,1401.7,14.62,21.6,554.13,2388.01,9068.96,1.3,47.26,521.97,2388.03,8155.12,8.3996,0.03,393,2388,100.0,39.21,23.3416,198
5,72,0.0036,-0.0003,100.0,518.67,641.76,1580.74,1399.84,14.62,21.61,554.47,2388.04,9073.58,1.3,47.06,522.41,2388.03,8151.47,8.4018,0.03,391,2388,100.0,39.08,23.4505,197
5,73,-0.0012,-0.0002,100.0,518.67,642.28,1586.66,1396.49,14.62,21.61,554.24,2388.01,9067.91,1.3,47.45,522.42,2387.95,8153.71,8.4145,0.03,390,2388,100.0,38.97,23.5003,196
5,74,-0.005,-0.0002,100.0,518.67,642.05,1576.18,1403.57,14.62,21.61,553.43,2388.01,9074.26,1.3,47.22,523.04,2387.98,8149.65,8.3815,0.03,393,2388,100.0,39.0,23.4514,195
5,75,0.0011,-0.0004,100.0,518.67,642.34,1576.87,1395.05,14.62,21.61,554.16,2388.03,9072.57,1.3,47.08,522.12,2387.97,8150.97,8.4485,0.03,390,2388,100.0,38.8,23.3528,194
5,76,0.0014,0.0005,100.0,518.67,642.29,1585.43,1402.8,14.62,21.61,554.33,2388.05,9061.47,1.3,47.46,522.81,2387.94,8154.44,8.3913,0.03,392,2388,100.0,38.86,23.4149,193
5,77,-0.0016,-0.0001,100.0,518.67,642.99,1582.03,1400.14,14.62,21.61,554.69,2388.02,9069.5,1.3,47.43,522.21,2387.99,8144.93,8.3842,0.03,391,2388,100.0,38.95,23.4504,192
5,78,0.0011,-0.0005,100.0,518.67,642.15,1593.61,1407.48,14.62,21.61,554.27,2387.97,9064.12,1.3,47.16,521.77,2387.99,8151.45,8.3796,0.03,390,2388,100.0,39.02,23.3962,191
5,79,-0.0004,-0.0001,100.0,518.67,642.16,1583.08,1401.35,14.62,21.61,554.27,2388.02,9066.15,1.3,47.2,522.78,2387.99,8159.16,8.4122,0.03,392,2388,100.0,39.1,23.4195,190
5,80,-0.0032,0.0003,100.0,518.67,642.18,1582.73,1396.24,14.62,21.61,554.33,2388.01,9067.12,1.3,47.34,522.68,2387.95,8152.08,8.422,0.03,391,2388,100.0,39.08,23.4154,189
5,81,0.0009,-0.0005,100.0,518.67,642.38,1592.17,1400.48,14.62,21.61,554.47,2388.02,9073.63,1.3,47.26,522.34,2387.98,8148.93,8.4031,0.03,392,2388,100.0,39.08,23.4464,188
5,82,-0.0001,-0.0001,100.0,518.67,642.5,1584.27,1400.08,14.62,21.61,555.48,2387.98,9063.76,1.3,47.19,522.64,2388.04,8153.87,8.4127,0.03,392,2388,100.0,38.86,23.333,187
5,83,0.0018,-0.0003,100.0,518.67,642.19,1588.18,1395.2,14.62,21.61,554.3,2388.04,9068.21,1.3,47.29,522.79,2387.99,8150.81,8.3695,0.03,392,2388,100.0,38.91,23.4349,186
5,84,-0.0018,0.0001,100.0,518.67,642.59,1587.38,1396.86,14.62,21.61,554.86,2388.02,9066.3,1.3,47.2,522.1,2388.01,8151.33,8.4186,0.03,392,2388,100.0,39.02,23.41,185
5,85,0.0015,-0.0003,100.0,518.67,642.42,1582.86,1403.16,14.62,21.61,554.41,2388.0,9079.41,1.3,47.24,522.75,2387.94,8148.5,8.425,0.03,394,2388,100.0,38.83,23.359,184
5,86,0.0017,-0.0002,100.0,518.67,642.21,1585.24,1402.72,14.62,21.6,554.86,2388.01,9074.78,1.3,47.29,522.21,2388.0,8148.28,8.4018,0.03,393,2388,100.0,38.97,23.362,183
5,87,-0.0001,-0.0005,100.0,518.67,642.39,1588.63,1399.65,14.62,21.6,554.98,2387.99,9064.05,1.3,47.2,522.54,2387.96,8157.7,8.4232,0.03,391,2388,100.0,39.01,23.4197,182
5,88,0.0014,-0.0005,100.0,518.67,642.38,1588.61,1400.56,14.62,21.61,554.18,2388.02,9065.71,1.3,47.09,522.95,2388.0,8149.73,8.3992,0.03,393,2388,100.0,38.97,23.3229,181
5,89,-0.0028,0.0003,100.0,518.67,642.54,1580.0,1399.09,14.62,21.61,554.3,2387.93,9063.81,1.3,47.18,522.33,2388.01,8152.02,8.3848,0.03,393,2388,100.0,38.9,23.3537,180
5,90,0.0025,0.0001,100.0,518.67,641.75,1587.26,1398.29,14.62,21.61,554.88,2387.98,9074.24,1.3,47.18,522.32,2387.98,8151.57,8.4278,0.03,392,2388,100.0,39.17,23.4179,179
5,91,-0.0052,-0.0001,100.0,518.67,642.4,1584.88,1397.86,14.62,21.61,554.37,2388.0,9066.54,1.3,47.3,522.69,2387.98,8151.87,8.4312,0.03,391,2388,100.0,38.99,23.476,178
5,92,-0.0015,-0.0002,100.0,518.67,641.96,1584.87,1397.48,14.62,21.61,554.48,2387.99,9073.5,1.3,47.19,522.91,2388.02,8155.93,8.3722,0.03,392,2388,100.0,39.19,23.3706,177
5,93,-0.0028,0.0001,100.0,518.67,642.14,1586.11,1407.84,14.62,21.61,554.78,2387.97,9067.04,1.3,47.23,522.39,2387.99,8147.16,8.3897,0.03,391,2388,100.0,39.08,23.3175,176
5,94,0.0021,-0.0003,100.0,518.67,642.44,1589.66,1402.46,14.62,21.61,554.69,2388.04,9071.3,1.3,47.26,522.37,2388.0,8148.07,8.4148,0.03,393,2388,100.0,39.06,23.4094,175
5,95,0.0002,0.0001,100.0,518.67,642.27,1580.93,1394.89,14.62,21.61,554.31,2387.97,9069.86,1.3,47.35,522.12,2388.04,8151.57,8.396,0.03,391,2388,100.0,39.07,23.3527,174
5,96,0.0004,-0.0001,100.0,518.67,642.62,1580.17,1403.38,14.62,21.61,554.06,2388.03,9071.89,1.3,47.17,522.42,2387.99,8147.04,8.4102,0.03,391,2388,100.0,38.91,23.3657,173
5,97,-0.0029,0.0004,100.0,518.67,641.94,1580.56,1403.69,14.62,21.61,554.62,2388.02,9078.81,1.3,47.14,522.36,2388.0,8149.62,8.4089,0.03,393,2388,100.0,39.13,23.5044,172
5,98,0.0028,-0.0002,100.0,518.67,641.62,1581.93,1395.22,14.62,21.61,554.37,2388.02,9063.1,1.3,47.2,522.18,2388.01,8155.02,8.4027,0.03,392,2388,100.0,39.03,23.4596,171
5,99,-0.0012,-0.0002,100.0,518.67,642.17,1591.08,1391.43,14.62,21.61,554.22,2387.95,9078.41,1.3,47.18,522.54,2388.0,8150.57,8.4152,0.03,391,2388,100.0,39.01,23.4228,170
5,100,-0.0027,-0.0003,100.0,518.67,641.92,1585.75,1397.44,14.62,21.6,553.54,2387.94,9071.49,1.3,47.17,522.76,2388.0,8154.36,8.4161,0.03,392,2388,100.0,38.97,23.3163,169
5,101,0.0004,-0.0002,100.0,518.67,642.7,1579.62,1397.41,14.62,21.61,553.76,2387.99,9076.44,1.3,47.42,522.09,2388.05,8149.76,8.4371,0.03,393,2388,100.0,39.19,23.3793,168
5,102,0.0027,-0.0002,100.0,518.67,642.63,1579.47,1393.14,14.62,21.61,554.64,2388.02,9072.16,1.3,47.25,521.98,2388.01,8148.2,8.3718,0.03,391,2388,100.0,38.92,23.3448,167
5,103,0.0027,-0.0003,100.0,518.67,641.39,1585.05,1397.75,14.62,21.61,553.78,2388.03,9072.66,1.3,47.18,522.33,2388.02,8160.43,8.4155,0.03,393,2388,100.0,38.97,23.3841,166
5,104,-0.0001,-0.0002,100.0,518.67,642.13,1588.35,1405.5,14.62,21.61,553.94,2388.04,9073.26,1.3,47.32,522.53,2387.96,8152.78,8.4004,0.03,391,2388,100.0,38.86,23.4793,165
5,105,0.0034,-0.0001,100.0,518.67,642.52,1582.74,1399.72,14.62,21.61,554.3,2387.97,9071.75,1.3,47.32,522.66,2388.03,8155.55,8.4357,0.03,391,2388,100.0,38.98,23.3791,164
5,106,0.0022,-0.0,100.0,518.67,642.42,1585.81,1399.66,14.62,21.61,554.65,2387.97,9072.5,1.3,47.33,521.77,2387.98,8151.48,8.402,0.03,390,2388,100.0,38.98,23.4664,163
5,107,-0.0009,0.0002,100.0,518.67,642.12,1580.22,1403.27,14.62,21.61,554.18,2388.01,9075.77,1.3,47.03,521.47,2388.03,8149.95,8.4003,0.03,390,2388,100.0,38.92,23.3522,162
5,108,-0.0004,0.0002,100.0,518.67,642.61,1592.57,1406.74,14.62,21.61,554.05,2388.01,9077.89,1.3,47.16,522.49,2388.01,8148.33,8.4056,0.03,392,2388,100.0,39.15,23.3899,161
5,109,0.0012,0.0002,100.0,518.67,642.03,1581.03,1391.38,14.62,21.61,554.31,2388.03,9071.55,1.3,47.35,521.91,2387.99,8148.45,8.3903,0.03,392,2388,100.0,38.93,23.3034,160
5,110,0.003,-0.0005,100.0,518.67,641.57,1580.4,1400.61,14.62,21.61,554.33,2388.01,9068.93,1.3,47.11,522.08,2387.96,8150.05,8.4118,0.03,392,2388,100.0,39.03,23.428,159
5,111,0.0008,-0.0001,100.0,518.67,642.12,1588.25,1399.03,14.62,21.61,553.91,2387.97,9067.07,1.3,47.31,521.67,2387.96,8158.69,8.3775,0.03,393,2388,100.0,39.06,23.3769,158
5,112,0.0035,0.0,100.0,518.67,642.18,1578.36,1398.63,14.62,21.61,553.6,2387.98,9077.06,1.3,47.22,522.31,2388.02,8150.06,8.4042,0.03,392,2388,100.0,38.97,23.472,157
5,113,-0.0047,-0.0005,100.0,518.67,642.47,1581.8,1397.04,14.62,21.61,554.59,2387.99,9070.64,1.3,47.33,522.01,2387.97,8155.45,8.4125,0.03,392,2388,100.0,38.97,23.4274,156
5,114,0.0023,-0.0004,100.0,518.67,642.12,1586.53,1399.95,14.62,21.61,554.2,2387.98,9074.92,1.3,47.42,522.84,2387.98,8148.49,8.4299,0.03,391,2388,100.0,38.97,23.4386,155
5,115,-0.0003,0.0,100.0,518.67,642.77,1582.08,1402.61,14.62,21.61,555.09,2388.02,9072.51,1.3,47.24,522.32,2388.01,8151.54,8.3732,0.03,390,2388,100.0,39.02,23.5323,154
5,116,0.0029,-0.0003,100.0,518.67,641.54,1578.3,1397.36,14.62,21.61,554.95,2388.01,9067.42,1.3,47.24,522.38,2388.01,8148.67,8.4089,0.03,392,2388,100.0,38.95,23.4573,153
5,117,0.0002,0.0001,100.0,518.67,642.57,1585.3,1406.58,14.62,21.61,554.4,2388.05,9076.87,1.3,47.23,521.54,2388.01,8151.23,8.3931,0.03,391,2388,100.0,39.19,23.3632,152
5,118,-0.0023,0.0004,100.0,518.67,642.04,1589.99,1394.96,14.62,21.61,554.57,2388.0,9077.8,1.3,47.36,522.24,2388.02,8149.68,8.4122,0.03,391,2388,100.0,39.1,23.369,151
5,119,0.0028,-0.0002,100.0,518.67,642.25,1585.03,1391.47,14.62,21.61,554.5,2388.04,9068.59,1.3,47.35,522.22,2387.99,8154.15,8.4193,0.03,392,2388,100.0,38.84,23.3717,150
5,120,0.0003,-0.0002,100.0,518.67,641.96,1587.16,1405.61,14.62,21.61,554.14,2388.0,9078.96,1.3,47.33,521.61,2388.01,8157.1,8.4223,0.03,391,2388,100.0,38.97,23.3627,149
5,121,0.0007,-0.0004,100.0,518.67,642.57,1584.87,1402.45,14.62,21.61,554.38,2388.05,9069.61,1.3,47.31,522.52,2388.04,8150.71,8.4385,0.03,393,2388,100.0,39.01,23.4894,148
5,122,0.0015,0.0003,100.0,518.67,641.78,1580.36,1396.67,14.62,21.61,554.41,2387.98,9062.8,1.3,47.26,522.73,2388.02,8151.99,8.4298,0.03,391,2388,100.0,38.97,23.2826,147
5,123,0.0015,-0.0004,100.0,518.67,641.65,1588.78,1401.27,14.62,21.61,554.09,2387.99,9076.71,1.3,47.19,522.02,2388.01,8156.92,8.3626,0.03,389,2388,100.0,38.9,23.3777,146
5,124,0.0045,0.0003,100.0,518.67,642.63,1589.31,1397.74,14.62,21.61,554.24,2387.99,9078.22,1.3,47.37,522.08,2388.0,8151.19,8.4326,0.03,392,2388,100.0,38.81,23.3583,145
5,125,-0.0017,0.0001,100.0,518.67,641.73,1578.0,1406.98,14.62,21.61,554.33,2388.01,9074.98,1.3,47.3,522.24,2388.0,8149.66,8.3917,0.03,391,2388,100.0,38.97,23.355,144
5,126,-0.0009,-0.0001,100.0,518.67,641.86,1582.79,1410.79,14.62,21.61,553.99,2388.02,9077.51,1.3,47.17,522.12,2388.01,8151.84,8.4112,0.03,392,2388,100.0,39.07,23.4284,143
5,127,-0.0006,-0.0,100.0,518.67,642.43,1583.6,1408.51,14.62,21.61,554.6,2388.01,9073.53,1.3,47.33,522.54,2387.97,8152.34,8.3721,0.03,393,2388,100.0,38.9,23.4354,142
5,128,-0.005,0.0002,100.0,518.67,642.35,1589.76,1404.39,14.62,21.61,553.89,2388.05,9074.18,1.3,47.41,521.77,2388.04,8151.24,8.3979,0.03,394,2388,100.0,38.86,23.315,141
5,129,0.0023,-0.0003,100.0,518.67,642.68,1588.84,1397.11,14.62,21.61,554.65,2387.97,9069.92,1.3,47.19,522.49,2388.02,8159.84,8.3929,0.03,391,2388,100.0,39.06,23.3206,140
5,130,0.0021,0.0001,100.0,518.67,643.07,1586.07,1408.21,14.62,21.61,553.76,2388.04,9073.87,1.3,47.27,522.11,2388.01,8154.97,8.4067,0.03,392,2388,100.0,38.96,23.363,139
5,131,0.0001,-0.0002,100.0,518.67,642.21,1586.16,1397.93,14.62,21.61,554.12,2387.99,9078.24,1.3,47.38,522.6,2387.97,8154.99,8.4124,0.03,393,2388,100.0,38.85,23.2558,138
5,132,0.0021,-0.0002,100.0,518.67,642.43,1591.74,1399.12,14.62,21.61,554.63,2388.02,9067.58,1.3,47.26,522.04,2387.98,8156.38,8.4106,0.03,391,2388,100.0,38.97,23.2871,137
5,133,-0.0037,-0.0003,100.0,518.67,642.28,1589.63,1404.86,14.62,21.61,553.91,2387.97,9070.01,1.3,47.3,521.62,2387.96,8151.26,8.4125,0.03,392,2388,100.0,38.9,23.2596,136
5,134,-0.0029,-0.0003,100.0,518.67,641.32,1585.83,1399.74,14.62,21.61,554.34,2388.01,9065.89,1.3,47.38,521.86,2387.98,8153.79,8.4053,0.03,391,2388,100.0,39.09,23.4019,135
5,135,0.0007,0.0001,100.0,518.67,641.98,1587.28,1402.53,14.62,21.61,554.09,2388.04,9069.11,1.3,47.23,522.34,2388.02,8154.79,8.4215,0.03,391,2388,100.0,39.01,23.4529,134
5,136,-0.0021,-0.0002,100.0,518.67,641.52,1578.2,1402.29,14.62,21.61,554.81,2388.0,9072.7,1.3,47.2,521.98,2388.03,8153.25,8.4259,0.03,391,2388,100.0,39.1,23.3288,133
5,137,-0.0024,-0.0002,100.0,518.67,642.24,1584.09,1401.1,14.62,21.61,554.89,2388.07,9081.28,1.3,47.4,522.14,2387.97,8161.82,8.4328,0.03,392,2388,100.0,38.92,23.3137,132
5,138,-0.0025,0.0003,100.0,518.67,641.67,1583.46,1399.78,14.62,21.61,554.45,2388.04,9069.11,1.3,47.18,521.86,2388.03,8153.44,8.3749,0.03,392,2388,100.0,39.0,23.4072,131
5,139,-0.0009,0.0003,100.0,518.67,642.33,1584.72,1401.56,14.62,21.61,555.09,2388.0,9082.51,1.3,47.27,522.2,2388.07,8153.89,8.4223,0.03,392,2388,100.0,38.92,23.3578,130
5,140,0.003,0.0,100.0,518.67,642.83,1585.38,1401.41,14.62,21.61,553.73,2388.0,9075.25,1.3,47.21,522.32,2388.03,8154.65,8.4191,0.03,394,2388,100.0,38.87,23.2958,129
5,141,0.0013,0.0004,100.0,518.67,641.74,1588.78,1399.09,14.62,21.61,554.44,2388.01,9070.37,1.3,47.33,521.88,2388.02,8151.24,8.4425,0.03,394,2388,100.0,38.69,23.4524,128
5,142,-0.0006,0.0004,100.0,518.67,642.36,1585.52,1402.08,14.62,21.61,554.61,2388.0,9076.68,1.3,47.2,522.07,2388.03,8153.84,8.4021,0.03,392,2388,100.0,38.9,23.3333,127
5,143,0.0004,-0.0003,100.0,518.67,642.4,1587.63,1397.69,14.62,21.61,554.91,2387.94,9075.83,1.3,47.28,522.06,2388.06,8153.38,8.3784,0.03,392,2388,100.0,38.92,23.4932,126
5,144,0.0006,0.0001,100.0,518.67,642.35,1580.32,1398.33,14.62,21.61,554.21,2388.04,9084.63,1.3,47.32,522.06,2387.93,8155.64,8.3952,0.03,392,2388,100.0,38.85,23.3937,125
5,145,0.0015,-0.0003,100.0,518.67,642.31,1592.74,1402.0,14.62,21.61,554.58,2388.02,9075.61,1.3,47.32,522.15,2388.01,8154.49,8.4079,0.03,391,2388,100.0,38.77,23.3737,124
5,146,0.0009,0.0001,100.0,518.67,642.77,1593.16,1407.3,14.62,21.61,553.9,2388.04,9076.16,1.3,47.24,521.91,2388.0,8155.61,8.396,0.03,393,2388,100.0,38.95,23.2991,123
5,147,0.0022,-0.0004,100.0,518.67,642.01,1591.29,1400.0,14.62,21.61,553.86,2388.0,9073.84,1.3,47.33,522.35,2387.96,8155.31,8.3754,0.03,389,2388,100.0,38.97,23.3927,122
5,148,-0.002,-0.0001,100.0,518.67,642.24,1583.74,1397.13,14.62,21.61,554.64,2388.01,9072.42,1.3,47.35,522.37,2388.02,8158.97,8.4175,0.03,390,2388,100.0,38.97,23.4523,121
5,149,-0.0008,-0.0002,100.0,518.67,642.53,1585.65,1401.78,14.62,21.61,553.95,2388.01,9075.63,1.3,47.12,521.78,2388.03,8158.85,8.4133,0.03,392,2388,100.0,38.95,23.3417,120
5,150,0.0004,0.0001,100.0,518.67,641.86,1583.1,1410.38,14.62,21.61,553.81,2388.01,9082.24,1.3,47.44,522.02,2388.05,8154.12,8.4127,0.03,392,2388,100.0,38.88,23.3477,119
5,151,0.001,-0.0,100.0,518.67,642.03,1588.2,1406.3,14.62,21.61,554.4,2388.03,9070.81,1.3,47.28,521.81,2388.01,8154.79,8.4232,0.03,393,2388,100.0,38.95,23.3254,118
5,152,0.0002,-0.0003,100.0,518.67,641.87,1583.85,1395.92,14.62,21.61,553.55,2388.05,9085.33,1.3,47.36,522.37,2388.02,8158.8,8.4163,0.03,392,2388,100.0,38.68,23.3302,117
5,153,0.0019,0.0002,100.0,518.67,642.62,1589.26,1406.59,14.62,21.61,554.39,2387.99,9073.55,1.3,47.44,522.07,2388.03,8155.84,8.425,0.03,391,2388,100.0,38.85,23.3812,116
5,154,-0.0019,-0.0001,100.0,518.67,642.24,1581.11,1394.88,14.62,21.61,554.47,2387.99,9072.68,1.3,47.44,521.91,2388.02,8152.63,8.4069,0.03,394,2388,100.0,39.13,23.4176,115
5,155,0.0005,-0.0002,100.0,518.67,642.32,1584.17,1399.99,14.62,21.61,554.56,2388.01,9079.84,1.3,47.32,521.83,2387.99,8155.6,8.4703,0.03,393,2388,100.0,38.76,23.3817,114
5,156,-0.0012,-0.0003,100.0,518.67,642.24,1590.06,1401.26,14.62,21.61,553.05,2388.05,9077.82,1.3,47.37,522.19,2388.03,8155.77,8.4005,0.03,393,2388,100.0,38.99,23.2654,113
5,157,0.0006,0.0001,100.0,518.67,642.13,1589.32,1404.11,14.62,21.61,554.02,2388.02,9076.39,1.3,47.44,521.76,2388.0,8159.66,8.412,0.03,393,2388,100.0,39.05,23.3554,112
5,158,-0.0001,-0.0005,100.0,518.67,641.88,1592.3,1400.2,14.62,21.61,553.82,2388.06,9078.0,1.3,47.23,521.6,2388.0,8162.37,8.4106,0.03,393,2388,100.0,38.96,23.2331,111
5,159,-0.0007,-0.0001,100.0,518.67,642.42,1585.25,1410.83,14.62,21.61,553.99,2387.99,9079.84,1.3,47.45,521.64,2388.04,8149.84,8.3972,0.03,392,2388,100.0,39.09,23.3098,110
5,160,0.0022,0.0004,100.0,518.67,642.28,1589.77,1407.02,14.62,21.61,553.84,2388.02,9082.33,1.3,47.11,521.65,2388.01,8156.5,8.4285,0.03,394,2388,100.0,38.7,23.3987,109
5,161,0.0019,-0.0005,100.0,518.67,642.04,1587.84,1408.28,14.62,21.61,553.85,2387.97,9076.65,1.3,47.47,522.19,2388.04,8154.94,8.4065,0.03,392,2388,100.0,38.94,23.3001,108
5,162,-0.0017,0.0004,100.0,518.67,642.07,1586.84,1401.45,14.62,21.61,554.61,2388.05,9078.05,1.3,47.29,522.25,2388.0,8160.48,8.4047,0.03,392,2388,100.0,38.9,23.3782,107
5,163,-0.001,0.0004,100.0,518.67,642.63,1594.42,1403.54,14.62,21.61,553.72,2388.03,9072.23,1.3,47.49,521.72,2388.0,8164.66,8.4168,0.03,392,2388,100.0,38.94,23.2216,106
5,164,-0.0019,-0.0001,100.0,518.67,642.56,1591.76,1397.82,14.62,21.61,554.5,2388.05,9081.97,1.3,47.55,521.95,2388.06,8154.55,8.431,0.03,392,2388,100.0,38.9,23.3994,105
5,165,0.0007,0.0003,100.0,518.67,642.53,1592.1,1405.58,14.62,21.61,553.89,2388.1,9086.9,1.3,47.38,522.03,2388.04,8158.97,8.3896,0.03,392,2388,100.0,38.99,23.2691,104
5,166,-0.0021,-0.0004,100.0,518.67,642.7,1587.64,1398.78,14.62,21.61,554.41,2388.05,9079.54,1.3,47.41,522.02,2388.03,8160.35,8.4194,0.03,392,2388,100.0,38.94,23.3141,103
5,167,-0.0004,0.0003,100.0,518.67,642.54,1585.36,1398.88,14.62,21.61,554.44,2388.02,9076.45,1.3,47.3,522.33,2388.01,8157.53,8.4001,0.03,393,2388,100.0,38.97,23.3531,102
5,168,-0.0004,-0.0004,100.0,518.67,642.22,1584.33,1406.51,14.62,21.61,553.71,2388.04,9085.1,1.3,47.22,521.54,2388.05,8153.73,8.4284,0.03,395,2388,100.0,39.02,23.3666,101
5,169,-0.003,0.0001,100.0,518.67,642.61,1584.53,1404.83,14.62,21.61,553.94,2388.01,9087.43,1.3,47.51,521.47,2387.99,8158.85,8.4577,0.03,393,2388,100.0,38.89,23.3704,100
5,170,0.0009,-0.0004,100.0,518.67,642.8,1590.51,1406.09,14.62,21.61,553.83,2388.06,9088.19,1.3,47.57,521.96,2388.01,8163.73,8.3779,0.03,392,2388,100.0,39.03,23.4814,99
5,171,-0.0032,0.0003,100.0,518.67,642.41,1585.41,1405.3,14.62,21.61,553.62,2387.99,9079.76,1.3,47.53,521.62,2388.07,8156.6,8.4307,0.03,391,2388,100.0,38.85,23.3103,98
5,172,0.0019,0.0001,100.0,518.67,642.05,1581.11,1409.15,14.62,21.61,554.47,2388.03,9079.47,1.3,47.48,521.97,2388.0,8159.87,8.4525,0.03,393,2388,100.0,38.98,23.2871,97
5,173,0.0055,0.0,100.0,518.67,642.61,1578.99,1399.72,14.62,21.61,554.43,2388.02,9077.68,1.3,47.38,522.11,2388.01,8164.74,8.4031,0.03,394,2388,100.0,38.81,23.3066,96
5,174,0.001,0.0,100.0,518.67,642.28,1585.0,1405.4,14.62,21.61,553.46,2388.04,9080.43,1.3,47.37,521.69,2387.98,8155.5,8.3928,0.03,391,2388,100.0,38.91,23.4187,95
5,175,-0.0002,0.0004,100.0,518.67,642.07,1591.64,1407.55,14.62,21.61,553.65,2388.06,9078.61,1.3,47.45,521.74,2388.02,8156.4,8.4409,0.03,391,2388,100.0,38.73,23.263,94
5,176,-0.0029,-0.0,100.0,518.67,642.25,1587.02,1406.02,14.62,21.61,553.7,2388.05,9080.61,1.3,47.39,521.87,2388.06,8157.38,8.4462,0.03,394,2388,100.0,39.01,23.2718,93
5,177,-0.0043,-0.0002,100.0,518.67,642.32,1593.2,1404.8,14.62,21.61,554.05,2388.04,9078.66,1.3,47.49,522.42,2388.07,8163.89,8.4426,0.03,392,2388,100.0,38.91,23.4318,92
5,178,-0.0022,-0.0004,100.0,518.67,642.19,1584.35,1400.44,14.62,21.61,553.8,2388.05,9088.18,1.3,47.28,521.81,2388.05,8158.21,8.4278,0.03,392,2388,100.0,38.89,23.3663,91
5,179,0.001,0.0002,100.0,518.67,642.66,1585.57,1404.91,14.62,21.61,553.92,2388.03,9083.4,1.3,47.33,521.72,2388.06,8163.93,8.4047,0.03,393,2388,100.0,38.94,23.3704,90
5,180,-0.0023,0.0003,100.0,518.67,642.93,1589.16,1401.28,14.62,21.61,554.39,2387.99,9087.2,1.3,47.3,521.83,2387.98,8168.65,8.4082,0.03,392,2388,100.0,38.83,23.3568,89
5,181,0.0012,-0.0,100.0,518.67,642.13,1585.09,1406.41,14.62,21.6,553.92,2388.05,9090.1,1.3,47.24,521.95,2388.0,8157.49,8.4198,0.03,392,2388,100.0,38.63,23.37,88
5,182,-0.0015,0.0001,100.0,518.67,641.97,1587.0,1410.72,14.62,21.61,553.43,2388.04,9085.98,1.3,47.5,522.09,2388.01,8160.78,8.4283,0.03,393,2388,100.0,38.84,23.3856,87
5,183,0.0004,-0.0003,100.0,518.67,642.35,1587.85,1414.51,14.62,21.61,554.04,2388.03,9082.04,1.3,47.57,521.88,2388.05,8162.34,8.446,0.03,392,2388,100.0,38.86,23.2491,86
5,184,0.0018,-0.0005,100.0,518.67,642.56,1590.2,1405.85,14.62,21.61,553.53,2388.11,9079.23,1.3,47.45,522.23,2388.04,8165.19,8.4128,0.03,393,2388,100.0,38.74,23.3167,85
5,185,-0.0014,-0.0004,100.0,518.67,642.49,1589.31,1409.3,14.62,21.61,553.25,2387.98,9090.79,1.3,47.38,521.81,2388.02,8167.26,8.4278,0.03,393,2388,100.0,38.89,23.3935,84
5,186,0.0002,-0.0004,100.0,518.67,641.84,1589.4,1403.46,14.62,21.61,554.15,2388.08,9081.96,1.3,47.47,521.63,2388.03,8164.25,8.4043,0.03,392,2388,100.0,38.9,23.3886,83
5,187,-0.0003,0.0004,100.0,518.67,642.99,1586.12,1401.97,14.62,21.61,553.8,2388.09,9081.99,1.3,47.52,521.82,2388.02,8162.51,8.4362,0.03,392,2388,100.0,38.71,23.322,82
5,188,0.0004,-0.0004,100.0,518.67,642.91,1587.14,1406.65,14.62,21.61,553.35,2388.06,9093.76,1.3,47.32,521.95,2388.03,8159.18,8.4366,0.03,393,2388,100.0,38.87,23.2728,81
5,189,0.0005,-0.0004,100.0,518.67,643.18,1582.91,1411.05,14.62,21.61,553.77,2387.99,9082.07,1.3,47.32,521.53,2387.96,8163.51,8.4415,0.03,394,2388,100.0,38.79,23.3599,80
5,190,-0.0063,-0.0005,100.0,518.67,641.95,1592.58,1405.86,14.62,21.61,552.91,2388.09,9090.69,1.3,47.41,521.8,2388.03,8164.86,8.44,0.03,394,2388,100.0,38.91,23.3148,79
5,191,-0.0042,0.0002,100.0,518.67,642.4,1580.79,1401.97,14.62,21.61,553.1,2388.06,9083.96,1.3,47.46,521.68,2388.03,8163.78,8.4429,0.03,394,2388,100.0,38.95,23.4181,78
5,192,-0.0008,0.0004,100.0,518.67,643.06,1589.78,1408.25,14.62,21.61,553.33,2388.04,9085.64,1.3,47.43,521.74,2388.03,8160.47,8.4332,0.03,394,2388,100.0,38.96,23.3124,77
5,193,-0.0003,0.0001,100.0,518.67,642.55,1589.42,1414.49,14.62,21.61,552.88,2388.09,9088.74,1.3,47.57,521.71,2388.02,8166.44,8.4162,0.03,393,2388,100.0,38.72,23.2404,76
5,194,0.0003,0.0004,100.0,518.67,642.47,1592.41,1405.27,14.62,21.61,553.82,2387.99,9091.05,1.3,47.53,521.62,2388.03,8166.57,8.4461,0.03,392,2388,100.0,38.83,23.2218,75
5,195,-0.0005,-0.0,100.0,518.67,642.4,1590.34,1421.88,14.62,21.61,553.55,2388.08,9084.23,1.3,47.36,521.68,2388.04,8163.14,8.4053,0.03,394,2388,100.0,38.77,23.215,74
5,196,0.0025,0.0,100.0,518.67,642.36,1596.19,1412.29,14.62,21.61,553.47,2388.05,9088.43,1.3,47.57,521.4,2388.03,8161.26,8.4615,0.03,394,2388,100.0,38.74,23.3996,73
5,197,0.0021,-0.0003,100.0,518.67,642.43,1590.01,1403.3,14.62,21.61,553.4,2388.04,9081.19,1.3,47.33,521.47,2388.04,8160.68,8.4338,0.03,394,2388,100.0,38.7,23.3149,72
5,198,0.0039,-0.0004,100.0,518.67,642.75,1591.13,1409.6,14.62,21.61,553.37,2388.07,9084.44,1.3,47.49,521.25,2388.06,8169.31,8.434,0.03,393,2388,100.0,38.95,23.3705,71
5,199,0.0001,-0.0005,100.0,518.67,642.77,1595.73,1399.32,14.62,21.61,553.35,2388.07,9083.02,1.3,47.66,521.76,2388.06,8171.46,8.4662,0.03,395,2388,100.0,38.82,23.1856,70
5,200,0.0028,0.0,100.0,518.67,642.45,1585.8,1404.94,14.62,21.61,553.35,2388.0,9088.92,1.3,47.43,521.18,2388.02,8166.87,8.4308,0.03,392,2388,100.0,38.99,23.1455,69
5,201,-0.0025,0.0003,100.0,518.67,642.26,1589.08,1407.48,14.62,21.61,553.72,2388.05,9093.9,1.3,47.51,521.6,2388.07,8172.32,8.4336,0.03,393,2388,100.0,38.87,23.1862,68
5,202,-0.0019,-0.0,100.0,518.67,642.63,1592.03,1418.05,14.62,21.61,553.57,2388.07,9088.82,1.3,47.53,521.42,2388.1,8164.59,8.4207,0.03,392,2388,100.0,38.83,23.281,67
5,203,0.0015,0.0004,100.0,518.67,643.22,1589.02,1406.81,14.62,21.61,552.99,2388.06,9092.01,1.3,47.52,521.88,2388.07,8164.43,8.4343,0.03,395,2388,100.0,38.89,23.2729,66
5,204,-0.0005,-0.0,100.0,518.67,642.67,1595.31,1414.63,14.62,21.61,553.85,2388.08,9094.49,1.3,47.5,520.88,2388.07,8172.21,8.4085,0.03,394,2388,100.0,38.72,23.354,65
5,205,-0.001,-0.0005,100.0,518.67,642.58,1584.22,1402.8,14.62,21.61,553.92,2388.1,9087.74,1.3,47.47,521.79,2388.03,8168.65,8.4667,0.03,393,2388,100.0,38.66,23.3226,64
5,206,0.0012,-0.0004,100.0,518.67,642.6,1589.26,1412.15,14.62,21.61,553.33,2388.07,9091.94,1.3,47.53,521.6,2388.1,8166.21,8.4329,0.03,393,2388,100.0,38.81,23.2004,63
5,207,0.0008,-0.0003,100.0,518.67,642.59,1585.09,1418.64,14.62,21.61,553.19,2388.05,9089.76,1.3,47.69,521.33,2388.08,8166.66,8.4453,0.03,394,2388,100.0,38.84,23.3964,62
5,208,-0.0006,-0.0001,100.0,518.67,643.29,1598.96,1410.31,14.62,21.61,553.17,2388.09,9099.3,1.3,47.42,521.75,2388.03,8171.3,8.4586,0.03,393,2388,100.0,38.92,23.2974,61
5,209,-0.0002,0.0001,100.0,518.67,642.75,1588.4,1407.83,14.62,21.61,552.95,2388.02,9094.19,1.3,47.79,521.94,2388.03,8171.8,8.4047,0.03,394,2388,100.0,38.83,23.3604,60
5,210,0.0015,0.0004,100.0,518.67,643.25,1601.16,1414.9,14.62,21.61,553.48,2388.01,9097.87,1.3,47.56,521.56,2388.02,8171.74,8.4438,0.03,394,2388,100.0,38.75,23.3408,59
5,211,0.0004,-0.0001,100.0,518.67,642.81,1593.96,1410.44,14.62,21.61,553.41,2388.05,9102.5,1.3,47.45,520.91,2388.05,8172.92,8.4713,0.03,394,2388,100.0,38.66,23.2832,58
5,212,-0.0026,-0.0001,100.0,518.67,643.46,1588.53,1407.63,14.62,21.61,553.14,2388.04,9092.25,1.3,47.74,521.0,2388.08,8171.49,8.4559,0.03,394,2388,100.0,38.65,23.17,57
5,213,-0.0027,0.0001,100.0,518.67,642.61,1592.49,1411.76,14.62,21.61,553.11,2388.01,9101.41,1.3,47.64,521.22,2388.03,8169.99,8.4424,0.03,394,2388,100.0,38.81,23.2581,56
5,214,-0.0007,-0.0,100.0,518.67,642.41,1590.22,1415.59,14.62,21.61,553.06,2388.04,9100.18,1.3,47.56,521.9,2388.02,8175.95,8.41,0.03,394,2388,100.0,38.75,23.2393,55
5,215,0.003,-0.0,100.0,518.67,643.25,1598.9,1414.35,14.62,21.61,552.63,2388.01,9095.98,1.3,47.58,521.17,2388.02,8178.3,8.4817,0.03,393,2388,100.0,38.81,23.1971,54
5,216,0.0014,-0.0004,100.0,518.67,642.33,1597.02,1419.51,14.62,21.61,553.25,2388.04,9099.24,1.3,47.6,520.88,2388.08,8171.42,8.4257,0.03,394,2388,100.0,38.67,23.2079,53
5,217,-0.001,0.0004,100.0,518.67,642.69,1590.44,1411.58,14.62,21.61,553.41,2388.09,9103.2,1.3,47.58,521.49,2388.1,8174.26,8.4691,0.03,395,2388,100.0,38.59,23.2088,52
5,218,-0.0014,0.0001,100.0,518.67,643.14,1593.78,1412.19,14.62,21.61,553.2,2388.04,9096.54,1.3,47.55,521.84,2388.12,8174.29,8.4446,0.03,393,2388,100.0,38.77,23.0964,51
5,219,-0.0027,-0.0002,100.0,518.67,642.85,1591.7,1410.72,14.62,21.61,552.88,2388.11,9100.47,1.3,47.71,521.26,2388.11,8177.08,8.4295,0.03,394,2388,100.0,38.49,23.2752,50
5,220,-0.0011,-0.0,100.0,518.67,642.63,1591.54,1412.16,14.62,21.61,553.48,2388.13,9102.11,1.3,47.59,521.68,2388.11,8173.86,8.4664,0.03,395,2388,100.0,38.78,23.1496,49
5,221,0.0034,0.0001,100.0,518.67,642.84,1599.89,1411.56,14.62,21.61,553.3,2388.04,9102.51,1.3,47.68,520.67,2388.1,8179.15,8.4499,0.03,393,2388,100.0,38.75,23.2008,48
5,222,-0.0009,0.0003,100.0,518.67,642.6,1593.52,1413.57,14.62,21.61,553.17,2388.09,9103.0,1.3,47.7,520.92,2388.09,8173.81,8.4755,0.03,396,2388,100.0,38.81,23.253,47
5,223,0.0015,-0.0003,100.0,518.67,642.33,1598.78,1414.61,14.62,21.61,553.29,2388.06,9101.35,1.3,47.72,520.86,2388.06,8173.18,8.4987,0.03,394,2388,100.0,38.82,23.2127,46
5,224,0.0017,0.0005,100.0,518.67,642.94,1594.2,1409.75,14.62,21.61,553.0,2388.03,9105.9,1.3,47.47,521.18,2388.08,8180.08,8.4638,0.03,396,2388,100.0,38.88,23.3276,45
5,225,0.0009,-0.0004,100.0,518.67,642.92,1592.04,1420.41,14.62,21.61,553.01,2388.08,9102.44,1.3,47.71,520.41,2388.1,8179.37,8.4576,0.03,394,2388,100.0,38.7,23.1596,44
5,226,-0.0031,-0.0001,100.0,518.67,642.71,1595.56,1410.58,14.62,21.61,553.43,2388.07,9107.22,1.3,47.59,521.33,2388.07,8177.69,8.4653,0.03,395,2388,100.0,38.8,23.3102,43
5,227,0.0013,-0.0001,100.0,518.67,642.72,1597.53,1409.96,14.62,21.61,552.61,2388.09,9111.64,1.3,47.85,521.23,2388.05,8181.18,8.4805,0.03,394,2388,100.0,38.66,23.2685,42
5,228,0.0011,-0.0001,100.0,518.67,642.73,1595.91,1416.9,14.62,21.61,553.26,2388.14,9097.12,1.3,47.75,520.64,2388.12,8173.52,8.4462,0.03,395,2388,100.0,38.91,23.2278,41
5,229,-0.0018,-0.0004,100.0,518.67,643.36,1599.17,1410.49,14.62,21.61,552.54,2388.07,9102.33,1.3,47.64,521.14,2388.05,8178.67,8.4722,0.03,395,2388,100.0,38.76,23.245,40
5,230,-0.0011,0.0003,100.0,518.67,643.4,1595.61,1422.13,14.62,21.61,552.73,2388.15,9107.89,1.3,47.69,521.21,2388.09,8181.46,8.4637,0.03,393,2388,100.0,38.6,23.2551,39
5,231,0.0022,0.0003,100.0,518.67,642.73,1585.5,1418.89,14.62,21.61,552.79,2388.1,9097.5,1.3,47.82,521.18,2388.04,8181.82,8.4484,0.03,395,2388,100.0,38.68,23.2363,38
5,232,-0.0011,-0.0001,100.0,518.67,642.72,1599.3,1412.06,14.62,21.61,552.8,2388.1,9103.71,1.3,47.8,520.94,2388.16,8185.5,8.4974,0.03,392,2388,100.0,38.56,23.2672,37
5,233,0.0002,-0.0004,100.0,518.67,643.7,1596.32,1410.89,14.62,21.61,553.12,2388.15,9110.31,1.3,47.78,521.04,2388.09,8181.22,8.4873,0.03,393,2388,100.0,38.55,23.2345,36
5,234,0.0019,0.0002,100.0,518.67,642.34,1603.24,1414.62,14.62,21.61,552.73,2388.14,9118.34,1.3,47.67,521.07,2388.12,8182.23,8.4239,0.03,393,2388,100.0,38.78,23.1835,35
5,235,-0.0026,-0.0002,100.0,518.67,643.17,1597.63,1414.36,14.62,21.61,552.8,2388.11,9117.65,1.3,47.73,520.52,2388.13,8183.27,8.4749,0.03,394,2388,100.0,38.75,23.2203,34
5,236,0.0016,-0.0002,100.0,518.67,643.25,1593.6,1413.45,14.62,21.61,553.3,2388.09,9114.68,1.3,47.78,521.03,2388.09,8182.36,8.4957,0.03,394,2388,100.0,38.67,23.1579,33
5,237,0.0003,-0.0002,100.0,518.67,643.68,1589.94,1416.89,14.62,21.61,553.0,2388.06,9117.53,1.3,47.98,521.55,2388.06,8185.55,8.4604,0.03,396,2388,100.0,38.71,23.17,32
5,238,0.0011,-0.0004,100.0,518.67,643.14,1595.09,1420.25,14.62,21.61,553.35,2388.08,9114.28,1.3,47.77,520.63,2388.06,8178.71,8.4438,0.03,395,2388,100.0,38.67,23.0958,31
5,239,-0.0038,0.0002,100.0,518.67,643.05,1601.15,1418.73,14.62,21.61,553.54,2388.16,9120.67,1.3,47.85,521.51,2388.09,8185.64,8.4813,0.03,394,2388,100.0,38.72,23.192,30
5,240,0.001,0.0001,100.0,518.67,643.41,1587.88,1420.74,14.62,21.61,552.8,2388.06,9125.04,1.3,47.84,521.47,2388.15,8187.08,8.4942,0.03,395,2388,100.0,38.67,23.1828,29
5,241,0.0007,0.0,100.0,518.67,642.99,1592.89,1428.4,14.62,21.61,552.57,2388.1,9117.35,1.3,47.57,521.03,2388.07,8187.67,8.487,0.03,395,2388,100.0,38.66,23.2378,28
5,242,0.0021,-0.0005,100.0,518.67,643.07,1603.83,1416.36,14.62,21.61,552.37,2388.13,9116.12,1.3,47.91,521.5,2388.06,8186.92,8.5047,0.03,395,2388,100.0,38.47,23.2526,27
5,243,0.0029,0.0001,100.0,518.67,643.25,1599.63,1418.14,14.62,21.61,552.95,2388.12,9125.43,1.3,47.95,520.69,2388.18,8187.52,8.4759,0.03,395,2388,100.0,38.78,23.0681,26
5,244,0.0002,-0.0001,100.0,518.67,642.95,1591.37,1422.41,14.62,21.61,553.16,2388.11,9123.41,1.3,47.83,520.75,2388.13,8189.79,8.481,0.03,396,2388,100.0,38.46,23.0463,25
5,245,0.001,0.0001,100.0,518.67,643.13,1599.31,1421.8,14.62,21.61,552.46,2388.13,9114.21,1.3,47.96,520.54,2388.18,8195.26,8.4866,0.03,393,2388,100.0,38.68,23.2506,24
5,246,-0.0003,-0.0001,100.0,518.67,643.49,1600.21,1422.59,14.62,21.61,552.52,2388.15,9130.35,1.3,47.79,520.38,2388.12,8193.04,8.4931,0.03,396,2388,100.0,38.58,23.2279,23
5,247,0.0005,0.0,100.0,518.67,643.4,1601.11,1416.75,14.62,21.61,551.86,2388.12,9124.41,1.3,47.87,520.01,2388.11,8190.88,8.482,0.03,395,2388,100.0,38.76,23.1255,22
5,248,0.0001,0.0001,100.0,518.67,643.45,1594.09,1422.62,14.62,21.61,552.66,2388.07,9122.01,1.3,48.03,520.51,2388.1,8192.6,8.4656,0.03,395,2388,100.0,38.6,23.196,21
5,249,-0.0041,0.0002,100.0,518.67,643.56,1597.93,1423.94,14.62,21.61,551.98,2388.16,9127.54,1.3,47.9,520.36,2388.13,8197.28,8.5371,0.03,395,2388,100.0,38.57,23.2299,20
5,250,0.0004,0.0004,100.0,518.67,643.14,1596.58,1425.52,14.62,21.61,552.79,2388.14,9121.08,1.3,47.85,520.57,2388.12,8197.41,8.4391,0.03,396,2388,100.0,38.55,23.0257,19
5,251,-0.0031,0.0002,100.0,518.67,643.59,1599.58,1423.26,14.62,21.61,551.47,2388.13,9130.2,1.3,47.72,520.49,2388.16,8195.27,8.4868,0.03,396,2388,100.0,38.67,23.125,18
5,252,-0.0013,-0.0001,100.0,518.67,643.71,1598.85,1419.15,14.62,21.61,551.81,2388.12,9128.7,1.3,47.82,520.42,2388.1,8191.41,8.4737,0.03,396,2388,100.0,38.61,23.239,17
5,253,0.0032,-0.0004,100.0,518.67,643.59,1602.52,1423.22,14.62,21.61,551.61,2388.11,9129.89,1.3,48.08,520.82,2388.16,8193.67,8.509,0.03,396,2388,100.0,38.48,23.1336,16
5,254,0.0043,-0.0005,100.0,518.67,643.3,1591.58,1424.36,14.62,21.61,551.48,2388.11,9133.91,1.3,47.85,520.07,2388.18,8198.61,8.516,0.03,396,2388,100.0,38.38,23.0446,15
5,255,-0.0015,-0.0003,100.0,518.67,643.46,1594.11,1428.03,14.62,21.61,551.73,2388.18,9134.42,1.3,48.19,520.38,2388.16,8199.45,8.4968,0.03,396,2388,100.0,38.67,23.2145,14
5,256,0.0007,0.0005,100.0,518.67,643.66,1602.29,1431.89,14.62,21.61,551.4,2388.12,9129.24,1.3,47.82,520.46,2388.09,8203.61,8.5036,0.03,396,2388,100.0,38.49,23.0656,13
5,257,0.0011,0.0004,100.0,518.67,643.22,1604.25,1424.27,14.62,21.61,552.21,2388.05,9122.22,1.3,48.27,519.88,2388.16,8202.02,8.5263,0.03,395,2388,100.0,38.61,23.2326,12
5,258,0.0007,-0.0002,100.0,518.67,643.44,1596.35,1427.69,14.62,21.61,552.5,2388.16,9137.48,1.3,48.06,520.59,2388.11,8200.61,8.5105,0.03,396,2388,100.0,38.4,23.1169,11
5,259,-0.0018,-0.0003,100.0,518.67,643.78,1608.65,1420.14,14.62,21.61,551.42,2388.21,9136.26,1.3,48.05,520.12,2388.15,8203.36,8.539,0.03,397,2388,100.0,38.34,23.0195,10
5,260,0.0046,-0.0004,100.0,518.67,643.25,1607.39,1425.28,14.62,21.61,552.24,2388.17,9129.69,1.3,47.96,520.06,2388.11,8205.66,8.4948,0.03,396,2388,100.0,38.74,23.1449,9
5,261,0.0014,0.0005,100.0,518.67,643.27,1600.6,1421.13,14.62,21.61,552.07,2388.16,9133.37,1.3,48.13,520.63,2388.14,8201.38,8.495,0.03,396,2388,100.0,38.52,23.1152,8
5,262,-0.001,0.0001,100.0,518.67,643.56,1601.82,1424.81,14.62,21.61,552.49,2388.16,9134.01,1.3,47.86,519.95,2388.23,8205.75,8.4983,0.03,395,2388,100.0,38.54,23.0929,7
5,263,-0.0013,-0.0003,100.0,518.67,643.95,1608.2,1421.15,14.62,21.61,551.57,2388.14,9140.04,1.3,48.04,520.05,2388.15,8211.55,8.5201,0.03,397,2388,100.0,38.42,23.1361,6
5,264,0.004,-0.0005,100.0,518.67,643.77,1606.55,1425.39,14.62,21.61,551.7,2388.17,9149.72,1.3,48.26,519.83,2388.19,8207.19,8.5297,0.03,397,2388,100.0,38.37,23.1132,5
5,265,0.0028,-0.0003,100.0,518.67,643.8,1605.53,1424.57,14.62,21.61,551.37,2388.16,9148.96,1.3,48.03,519.8,2388.1,8203.89,8.541,0.03,395,2388,100.0,38.35,23.0857,4
5,266,0.0,-0.0002,100.0,518.67,643.38,1609.33,1434.4,14.62,21.61,552.35,2388.2,9147.43,1.3,48.24,519.57,2388.14,8208.49,8.5254,0.03,398,2388,100.0,38.55,23.1621,3
5,267,0.0018,0.0001,100.0,518.67,643.73,1609.41,1430.25,14.62,21.61,551.55,2388.1,9147.65,1.3,48.26,519.66,2388.17,8206.86,8.5292,0.03,397,2388,100.0,38.49,23.0566,2
5,268,0.0033,-0.0002,100.0,518.67,644.02,1608.65,1434.59,14.62,21.61,552.22,2388.15,9146.01,1.3,48.15,520.1,2388.14,8215.19,8.5196,0.03,397,2388,100.0,38.52,23.118,1
5,269,0.0022,0.0003,100.0,518.67,643.46,1597.28,1430.74,14.62,21.61,550.77,2388.18,9157.05,1.3,48.26,519.86,2388.16,8212.75,8.5209,0.03,397,2388,100.0,38.45,23.0296,0
6,1,-0.0019,0.0003,100.0,518.67,642.73,1584.4,1412.34,14.62,21.61,552.99,2388.12,9037.26,1.3,47.56,521.69,2388.12,8116.86,8.4286,0.03,394,2388,100.0,38.94,23.3086,187
6,2,0.0021,-0.0004,100.0,518.67,642.07,1590.38,1401.1,14.62,21.61,553.02,2388.09,9045.95,1.3,47.65,521.03,2388.07,8126.01,8.4343,0.03,393,2388,100.0,38.89,23.2645,186
6,3,-0.0031,0.0001,100.0,518.67,642.57,1588.18,1405.86,14.62,21.61,552.76,2388.13,9044.75,1.3,47.49,521.68,2388.11,8125.49,8.4072,0.03,392,2388,100.0,38.79,23.2163,185
6,4,0.0006,0.0,100.0,518.67,641.97,1589.4,1401.21,14.62,21.61,553.1,2388.1,9036.97,1.3,47.38,521.84,2388.14,8117.06,8.4012,0.03,394,2388,100.0,38.83,23.3215,184
6,5,0.0029,-0.0005,100.0,518.67,642.62,1595.13,1409.67,14.62,21.61,553.27,2388.15,9040.85,1.3,47.49,521.37,2388.18,8124.1,8.4583,0.03,394,2388,100.0,38.87,23.324,183
6,6,0.0038,0.0002,100.0,518.67,642.33,1589.59,1408.46,14.62,21.61,553.91,2388.15,9039.36,1.3,47.49,521.29,2388.15,8121.04,8.4994,0.03,393,2388,100.0,38.88,23.2869,182
6,7,-0.0003,0.0005,100.0,518.67,642.44,1586.65,1403.63,14.62,21.61,553.28,2388.11,9049.25,1.3,47.49,521.38,2388.08,8121.85,8.4163,0.03,395,2388,100.0,38.85,23.2894,181
6,8,0.0004,-0.0003,100.0,518.67,642.33,1586.78,1404.99,14.62,21.61,553.89,2388.16,9041.47,1.3,47.69,521.71,2388.17,8123.6,8.4739,0.03,393,2388,100.0,38.93,23.287,180
6,9,0.0012,-0.0004,100.0,518.67,643.36,1585.15,1407.48,14.62,21.61,553.54,2388.15,9040.9,1.3,47.6,522.21,2388.1,8126.08,8.4614,0.03,393,2388,100.0,38.73,23.3138,179
6,10,0.0,-0.0003,100.0,518.67,642.81,1587.89,1414.99,14.62,21.61,553.28,2388.15,9034.79,1.3,47.45,521.08,2388.14,8122.22,8.4129,0.03,391,2388,100.0,38.75,23.2454,178
6,11,0.0039,-0.0005,100.0,518.67,642.5,1586.81,1401.78,14.62,21.61,552.84,2388.19,9046.12,1.3,47.67,521.55,2388.15,8123.31,8.4694,0.03,394,2388,100.0,38.98,23.3941,177
6,12,-0.0033,-0.0,100.0,518.67,642.28,1594.5,1404.65,14.62,21.61,552.36,2388.13,9040.82,1.3,47.4,521.25,2388.07,8122.73,8.4313,0.03,394,2388,100.0,38.86,23.3945,176
6,13,0.002,0.0002,100.0,518.67,642.37,1589.99,1409.91,14.62,21.61,553.67,2388.12,9044.29,1.3,47.6,520.78,2388.11,8122.02,8.4537,0.03,394,2388,100.0,38.93,23.3845,175
6,14,-0.0035,0.0003,100.0,518.67,642.91,1592.99,1406.48,14.62,21.61,553.98,2388.15,9039.81,1.3,47.61,521.79,2388.15,8123.95,8.4495,0.03,393,2388,100.0,38.84,23.3262,174
6,15,-0.001,-0.0004,100.0,518.67,642.55,1584.5,1410.62,14.62,21.61,553.84,2388.11,9037.5,1.3,47.59,521.53,2388.15,8117.53,8.4468,0.03,394,2388,100.0,38.64,23.3293,173
6,16,0.0003,0.0002,100.0,518.67,643.02,1589.35,1411.03,14.62,21.61,553.15,2388.1,9045.23,1.3,47.68,521.48,2388.1,8124.29,8.4485,0.03,394,2388,100.0,38.88,23.3919,172
6,17,0.0015,-0.0005,100.0,518.67,643.11,1588.67,1411.59,14.62,21.61,552.85,2388.08,9042.32,1.3,47.49,521.35,2388.12,8122.36,8.445,0.03,392,2388,100.0,38.87,23.2692,171
6,18,0.003,0.0005,100.0,518.67,642.68,1587.04,1410.2,14.62,21.61,552.43,2388.1,9036.7,1.3,47.7,521.41,2388.17,8118.77,8.4504,0.03,392,2388,100.0,38.9,23.4346,170
6,19,0.0031,-0.0,100.0,518.67,642.19,1588.21,1408.93,14.62,21.61,552.77,2388.13,9048.39,1.3,47.59,522.16,2388.08,8126.26,8.4358,0.03,394,2388,100.0,38.87,23.2571,169
6,20,0.0002,-0.0004,100.0,518.67,642.63,1590.31,1405.84,14.62,21.61,553.16,2388.12,9045.94,1.3,47.47,521.32,2388.1,8122.53,8.4163,0.03,393,2388,100.0,38.76,23.2654,168
6,21,0.0014,0.0005,100.0,518.67,642.41,1587.62,1411.2,14.62,21.61,553.52,2388.08,9037.73,1.3,47.51,521.03,2388.12,8120.2,8.4108,0.03,393,2388,100.0,38.94,23.2284,167
6,22,0.0001,0.0004,100.0,518.67,642.75,1586.8,1412.36,14.62,21.61,553.78,2388.14,9038.39,1.3,47.53,521.78,2388.16,8124.21,8.4461,0.03,393,2388,100.0,38.71,23.2824,166
6,23,-0.0035,0.0,100.0,518.67,642.65,1592.61,1405.78,14.62,21.61,552.93,2388.19,9039.07,1.3,47.49,521.47,2388.15,8122.56,8.4343,0.03,395,2388,100.0,38.71,23.2665,165
6,24,0.0013,-0.0002,100.0,518.67,642.64,1587.84,1408.88,14.62,21.61,552.66,2388.1,9042.18,1.3,47.54,521.47,2388.14,8119.7,8.4512,0.03,394,2388,100.0,38.77,23.2691,164
6,25,-0.0025,-0.0005,100.0,518.67,642.6,1588.2,1404.17,14.62,21.61,553.01,2388.12,9041.67,1.3,47.37,521.51,2388.16,8119.54,8.4449,0.03,393,2388,100.0,38.81,23.2809,163
6,26,0.0023,0.0003,100.0,518.67,643.19,1591.45,1409.38,14.62,21.61,553.53,2388.13,9045.49,1.3,47.59,521.75,2388.14,8121.5,8.4876,0.03,392,2388,100.0,38.76,23.3463,162
6,27,-0.002,0.0002,100.0,518.67,642.91,1587.33,1408.41,14.62,21.61,553.68,2388.13,9043.31,1.3,47.56,521.33,2388.14,8126.84,8.4485,0.03,392,2388,100.0,38.83,23.4141,161
6,28,0.0024,0.0003,100.0,518.67,642.68,1590.93,1407.17,14.62,21.61,553.42,2388.13,9040.91,1.3,47.58,521.25,2388.13,8122.7,8.4252,0.03,394,2388,100.0,38.83,23.27,160
6,29,0.0036,-0.0003,100.0,518.67,642.02,1587.92,1411.63,14.62,21.61,552.83,2388.18,9045.71,1.3,47.36,521.17,2388.1,8120.58,8.414,0.03,393,2388,100.0,38.88,23.1688,159
6,30,-0.0012,-0.0001,100.0,518.67,642.1,1583.0,1409.32,14.62,21.61,553.29,2388.1,9040.37,1.3,47.46,521.46,2388.15,8115.3,8.4518,0.03,393,2388,100.0,38.97,23.388,158
6,31,-0.0013,-0.0002,100.0,518.67,642.36,1591.59,1402.06,14.62,21.61,553.17,2388.11,9044.26,1.3,47.48,521.13,2388.11,8123.97,8.4004,0.03,393,2388,100.0,38.79,23.3245,157
6,32,-0.0002,-0.0005,100.0,518.67,643.03,1588.4,1407.94,14.62,21.61,553.34,2388.13,9039.21,1.3,47.53,521.57,2388.15,8125.27,8.4248,0.03,394,2388,100.0,38.75,23.4517,156
6,33,0.0027,-0.0003,100.0,518.67,642.59,1590.24,1400.61,14.62,21.61,553.47,2388.14,9037.23,1.3,47.51,521.73,2388.19,8122.74,8.4597,0.03,393,2388,100.0,38.66,23.3406,155
6,34,-0.001,0.0005,100.0,518.67,642.41,1593.18,1412.46,14.62,21.61,553.22,2388.14,9039.33,1.3,47.53,520.92,2388.11,8121.72,8.3972,0.03,395,2388,100.0,38.97,23.2439,154
6,35,-0.0021,0.0002,100.0,518.67,642.81,1581.62,1406.36,14.62,21.61,553.45,2388.15,9037.87,1.3,47.44,521.76,2388.19,8122.51,8.4314,0.03,393,2388,100.0,38.98,23.2475,153
6,36,-0.0032,0.0003,100.0,518.67,642.88,1587.89,1410.89,14.62,21.61,553.71,2388.14,9038.05,1.3,47.55,520.89,2388.17,8119.95,8.4222,0.03,394,2388,100.0,38.82,23.2876,152
6,37,-0.001,0.0002,100.0,518.67,642.47,1591.16,1409.57,14.62,21.61,553.08,2388.13,9048.27,1.3,47.57,521.27,2388.14,8116.95,8.4108,0.03,394,2388,100.0,38.9,23.3248,151
6,38,0.0013,-0.0001,100.0,518.67,642.47,1586.16,1407.91,14.62,21.61,553.28,2388.1,9051.18,1.3,47.55,521.36,2388.12,8120.98,8.439,0.03,394,2388,100.0,38.76,23.3234,150
6,39,-0.0035,-0.0003,100.0,518.67,642.68,1588.69,1410.96,14.62,21.61,553.47,2388.13,9044.21,1.3,47.5,521.12,2388.15,8122.82,8.4124,0.03,392,2388,100.0,39.1,23.2799,149
6,40,0.0016,-0.0,100.0,518.67,642.67,1584.77,1414.82,14.62,21.61,553.58,2388.11,9040.44,1.3,47.4,521.46,2388.14,8121.14,8.4366,0.03,394,2388,100.0,38.78,23.3596,148
6,41,0.0032,0.0001,100.0,518.67,643.18,1586.37,1409.15,14.62,21.61,552.81,2388.18,9046.52,1.3,47.43,520.88,2388.22,8122.0,8.4154,0.03,392,2388,100.0,38.76,23.2997,147
6,42,-0.001,0.0003,100.0,518.67,641.82,1583.49,1409.75,14.62,21.61,553.23,2388.1,9039.62,1.3,47.51,521.5,2388.13,8118.08,8.4311,0.03,394,2388,100.0,38.8,23.24,146
6,43,0.004,0.0004,100.0,518.67,642.98,1587.55,1403.0,14.62,21.61,552.65,2388.16,9039.51,1.3,47.55,520.8,2388.07,8119.96,8.4261,0.03,393,2388,100.0,38.85,23.3042,145
6,44,0.0022,0.0005,100.0,518.67,642.42,1594.67,1406.01,14.62,21.61,553.21,2388.15,9043.7,1.3,47.62,521.45,2388.15,8123.94,8.4426,0.03,392,2388,100.0,38.65,23.3354,144
6,45,-0.0008,0.0,100.0,518.67,642.41,1588.48,1409.32,14.62,21.61,553.61,2388.15,9046.21,1.3,47.54,520.93,2388.18,8123.77,8.4607,0.03,393,2388,100.0,38.79,23.2485,143
6,46,-0.0001,0.0004,100.0,518.67,642.94,1587.34,1403.16,14.62,21.61,553.37,2388.12,9042.49,1.3,47.5,521.49,2388.15,8121.11,8.5029,0.03,394,2388,100.0,39.06,23.2163,142
6,47,-0.0002,-0.0,100.0,518.67,642.06,1587.53,1405.63,14.62,21.61,552.47,2388.16,9041.69,1.3,47.54,521.19,2388.12,8119.87,8.4127,0.03,393,2388,100.0,38.89,23.3982,141
6,48,0.0027,0.0004,100.0,518.67,642.64,1586.67,1405.29,14.62,21.61,552.99,2388.11,9043.89,1.3,47.54,521.21,2388.13,8124.11,8.4406,0.03,392,2388,100.0,38.87,23.3222,140
6,49,-0.0005,0.0002,100.0,518.67,642.85,1592.36,1412.66,14.62,21.61,553.58,2388.1,9031.97,1.3,47.7,521.57,2388.18,8122.04,8.4796,0.03,394,2388,100.0,38.66,23.3686,139
6,50,-0.0027,0.0001,100.0,518.67,642.55,1591.46,1401.18,14.62,21.61,553.22,2388.15,9046.78,1.3,47.62,521.01,2388.12,8123.57,8.4519,0.03,394,2388,100.0,38.82,23.2389,138
6,51,0.0023,-0.0004,100.0,518.67,643.18,1587.6,1411.46,14.62,21.61,553.58,2388.09,9044.0,1.3,47.54,521.57,2388.15,8122.02,8.4422,0.03,394,2388,100.0,38.73,23.2563,137
6,52,-0.0011,-0.0001,100.0,518.67,642.81,1591.54,1407.97,14.62,21.61,553.58,2388.11,9036.51,1.3,47.52,521.32,2388.21,8124.78,8.4499,0.03,393,2388,100.0,38.65,23.3049,136
6,53,-0.0025,0.0001,100.0,518.67,642.72,1587.56,1411.47,14.62,21.61,553.47,2388.12,9037.0,1.3,47.61,521.41,2388.13,8119.78,8.4628,0.03,392,2388,100.0,38.83,23.3784,135
6,54,-0.0023,-0.0004,100.0,518.67,643.0,1594.48,1408.17,14.62,21.61,553.57,2388.12,9037.25,1.3,47.37,520.91,2388.13,8122.97,8.452,0.03,393,2388,100.0,38.82,23.3575,134
6,55,0.001,-0.0001,100.0,518.67,642.62,1593.8,1410.73,14.62,21.61,553.6,2388.12,9038.34,1.3,47.49,521.44,2388.15,8116.16,8.4378,0.03,394,2388,100.0,38.74,23.3015,133
6,56,-0.0037,0.0004,100.0,518.67,642.53,1589.29,1411.17,14.62,21.61,553.4,2388.16,9039.3,1.3,47.49,521.11,2388.1,8120.19,8.4589,0.03,393,2388,100.0,38.93,23.2232,132
6,57,0.0032,-0.0001,100.0,518.67,642.4,1592.85,1409.82,14.62,21.61,553.45,2388.13,9036.78,1.3,47.53,521.1,2388.11,8117.74,8.4325,0.03,394,2388,100.0,38.96,23.3324,131
6,58,-0.0052,-0.0004,100.0,518.67,642.83,1585.97,1414.39,14.62,21.61,553.0,2388.16,9040.97,1.3,47.61,521.14,2388.14,8124.15,8.4269,0.03,393,2388,100.0,38.9,23.1848,130
6,59,0.0014,0.0005,100.0,518.67,642.99,1588.01,1410.16,14.62,21.61,552.76,2388.11,9037.86,1.3,47.58,521.25,2388.11,8123.31,8.4444,0.03,393,2388,100.0,38.78,23.2489,129
6,60,-0.0026,-0.0002,100.0,518.67,642.75,1590.14,1406.9,14.62,21.61,552.75,2388.15,9040.18,1.3,47.47,521.5,2388.15,8122.11,8.4205,0.03,392,2388,100.0,38.71,23.2712,128
6,61,0.0,0.0002,100.0,518.67,643.24,1595.27,1413.96,14.62,21.61,553.3,2388.12,9040.45,1.3,47.87,521.17,2388.12,8118.39,8.4707,0.03,394,2388,100.0,38.89,23.2791,127
6,62,-0.0007,-0.0001,100.0,518.67,642.59,1593.19,1404.16,14.62,21.61,553.03,2388.1,9040.55,1.3,47.37,520.97,2388.15,8120.01,8.431,0.03,393,2388,100.0,38.82,23.2902,126
6,63,0.0015,-0.0005,100.0,518.67,642.55,1597.51,1412.65,14.62,21.61,553.6,2388.13,9041.28,1.3,47.49,521.93,2388.2,8119.94,8.4408,0.03,394,2388,100.0,38.91,23.4008,125
6,64,0.0006,-0.0004,100.0,518.67,643.19,1589.76,1407.19,14.62,21.61,553.58,2388.12,9038.75,1.3,47.52,520.57,2388.14,8125.42,8.4561,0.03,393,2388,100.0,38.8,23.3289,124
6,65,-0.0017,-0.0004,100.0,518.67,642.56,1591.75,1411.47,14.62,21.61,553.4,2388.12,9038.59,1.3,47.68,521.23,2388.14,8121.92,8.4261,0.03,392,2388,100.0,38.77,23.2611,123
6,66,0.0038,0.0003,100.0,518.67,642.7,1594.43,1408.8,14.62,21.61,553.41,2388.2,9040.03,1.3,47.47,521.27,2388.1,8122.76,8.4617,0.03,394,2388,100.0,38.74,23.2412,122
6,67,-0.0005,0.0005,100.0,518.67,642.87,1588.19,1412.54,14.62,21.61,553.11,2388.15,9040.94,1.3,47.45,521.5,2388.17,8119.46,8.4238,0.03,394,2388,100.0,38.91,23.314,121
6,68,0.002,-0.0002,100.0,518.67,642.66,1587.59,1413.13,14.62,21.61,553.19,2388.16,9040.5,1.3,47.61,521.15,2388.08,8123.1,8.4473,0.03,392,2388,100.0,38.79,23.2079,120
6,69,-0.0037,0.0001,100.0,518.67,642.48,1592.19,1406.96,14.62,21.61,553.28,2388.17,9039.42,1.3,47.68,521.25,2388.16,8125.43,8.445,0.03,393,2388,100.0,38.9,23.2988,119
6,70,0.0022,-0.0003,100.0,518.67,643.06,1599.27,1409.21,14.62,21.61,553.1,2388.18,9038.52,1.3,47.5,521.09,2388.17,8122.54,8.4269,0.03,395,2388,100.0,38.77,23.2539,118
6,71,-0.0019,-0.0002,100.0,518.67,642.89,1594.41,1412.36,14.62,21.61,553.41,2388.15,9038.86,1.3,47.59,521.14,2388.21,8118.76,8.4253,0.03,392,2388,100.0,38.64,23.2522,117
6,72,0.0002,0.0003,100.0,518.67,642.92,1586.94,1415.8,14.62,21.61,553.13,2388.14,9042.84,1.3,47.42,521.11,2388.13,8125.71,8.466,0.03,392,2388,100.0,38.79,23.2914,116
6,73,-0.0005,0.0003,100.0,518.67,643.07,1590.53,1410.2,14.62,21.61,552.74,2388.15,9042.42,1.3,47.7,521.03,2388.1,8123.17,8.4582,0.03,392,2388,100.0,38.64,23.1547,115
6,74,0.0021,0.0004,100.0,518.67,642.53,1588.12,1409.58,14.62,21.61,552.94,2388.1,9037.56,1.3,47.65,521.41,2388.13,8125.89,8.4368,0.03,393,2388,100.0,38.96,23.2868,114
6,75,-0.0003,-0.0002,100.0,518.67,642.69,1583.72,1410.5,14.62,21.61,552.67,2388.23,9043.39,1.3,47.66,520.65,2388.19,8128.37,8.4528,0.03,391,2388,100.0,38.98,23.1768,113
6,76,-0.0002,0.0003,100.0,518.67,642.28,1592.11,1412.11,14.62,21.61,552.24,2388.14,9036.63,1.3,47.52,522.03,2388.14,8127.15,8.4406,0.03,395,2388,100.0,39.05,23.2793,112
6,77,-0.0025,0.0003,100.0,518.67,643.32,1587.84,1416.71,14.62,21.61,553.91,2388.13,9045.17,1.3,47.76,521.18,2388.15,8121.46,8.3731,0.03,393,2388,100.0,38.67,23.2879,111
6,78,-0.0009,0.0001,100.0,518.67,643.26,1586.98,1411.31,14.62,21.61,553.99,2388.13,9045.66,1.3,47.44,520.99,2388.13,8118.31,8.4405,0.03,394,2388,100.0,38.66,23.2259,110
6,79,-0.0004,0.0004,100.0,518.67,643.12,1593.19,1414.85,14.62,21.61,553.54,2388.12,9044.06,1.3,47.83,521.2,2388.17,8122.79,8.453,0.03,393,2388,100.0,38.72,23.2171,109
6,80,0.0012,0.0002,100.0,518.67,642.86,1593.18,1409.06,14.62,21.61,552.67,2388.11,9043.31,1.3,47.53,521.16,2388.14,8126.68,8.4183,0.03,393,2388,100.0,38.77,23.3326,108
6,81,-0.0007,-0.0002,100.0,518.67,642.38,1595.09,1411.1,14.62,21.61,553.81,2388.12,9043.46,1.3,47.51,520.97,2388.12,8118.93,8.4261,0.03,392,2388,100.0,38.8,23.2556,107
6,82,0.0019,-0.0002,100.0,518.67,642.48,1588.5,1410.57,14.62,21.61,552.88,2388.16,9047.64,1.3,47.66,521.26,2388.19,8119.97,8.461,0.03,394,2388,100.0,38.71,23.1779,106
6,83,0.0003,-0.0002,100.0,518.67,642.74,1593.02,1415.45,14.62,21.61,552.77,2388.11,9039.56,1.3,47.67,521.04,2388.06,8124.93,8.4679,0.03,394,2388,100.0,38.69,23.149,105
6,84,-0.0003,0.0002,100.0,518.67,643.14,1584.71,1409.65,14.62,21.61,553.22,2388.13,9040.29,1.3,47.66,520.92,2388.17,8121.79,8.4291,0.03,392,2388,100.0,38.91,23.3213,104
6,85,0.0004,-0.0001,100.0,518.67,642.75,1600.84,1405.68,14.62,21.61,552.61,2388.17,9040.25,1.3,47.55,520.75,2388.16,8120.67,8.4785,0.03,394,2388,100.0,38.85,23.1478,103
6,86,0.0003,0.0003,100.0,518.67,642.72,1595.44,1416.17,14.62,21.61,552.66,2388.12,9041.27,1.3,47.48,521.23,2388.18,8119.66,8.4256,0.03,393,2388,100.0,38.65,23.2822,102
6,87,-0.0052,-0.0004,100.0,518.67,642.6,1588.86,1409.65,14.62,21.61,553.3,2388.15,9040.56,1.3,47.53,521.71,2388.19,8123.4,8.4544,0.03,392,2388,100.0,38.65,23.2917,101
6,88,-0.0008,-0.0001,100.0,518.67,642.92,1590.45,1404.54,14.62,21.61,553.89,2388.18,9032.12,1.3,47.52,520.81,2388.17,8125.1,8.4613,0.03,391,2388,100.0,38.91,23.3254,100
6,89,-0.0006,0.0003,100.0,518.67,643.03,1596.52,1417.55,14.62,21.61,552.79,2388.18,9042.3,1.3,47.62,521.21,2388.18,8123.6,8.4588,0.03,392,2388,100.0,38.63,23.2402,99
6,90,0.0021,-0.0003,100.0,518.67,642.61,1593.37,1413.78,14.62,21.61,553.14,2388.18,9031.92,1.3,47.73,520.96,2388.14,8125.22,8.4425,0.03,394,2388,100.0,38.79,23.2619,98
6,91,-0.0007,-0.0001,100.0,518.67,643.24,1585.21,1406.95,14.62,21.61,552.88,2388.12,9048.37,1.3,47.7,521.83,2388.16,8119.5,8.4328,0.03,393,2388,100.0,38.82,23.3813,97
6,92,-0.003,-0.0004,100.0,518.67,642.8,1591.9,1407.76,14.62,21.61,552.35,2388.16,9032.39,1.3,47.63,520.89,2388.18,8121.11,8.4485,0.03,395,2388,100.0,38.85,23.2665,96
6,93,0.0017,-0.0004,100.0,518.67,642.76,1597.36,1414.44,14.62,21.61,553.4,2388.13,9040.06,1.3,47.69,520.97,2388.18,8122.17,8.4366,0.03,395,2388,100.0,38.67,23.3089,95
6,94,-0.0004,-0.0002,100.0,518.67,642.65,1587.86,1409.07,14.62,21.61,553.14,2388.2,9041.52,1.3,47.75,521.28,2388.13,8118.58,8.441,0.03,392,2388,100.0,38.78,23.1543,94
6,95,0.001,0.0001,100.0,518.67,643.05,1594.11,1412.55,14.62,21.61,553.76,2388.14,9041.13,1.3,47.53,521.31,2388.14,8123.95,8.44,0.03,394,2388,100.0,38.61,23.2977,93
6,96,0.0018,-0.0004,100.0,518.67,642.87,1593.96,1415.55,14.62,21.61,552.97,2388.16,9038.96,1.3,47.77,521.04,2388.21,8119.23,8.4585,0.03,393,2388,100.0,38.57,23.2981,92
6,97,-0.001,0.0005,100.0,518.67,642.89,1590.23,1408.62,14.62,21.61,552.68,2388.13,9035.83,1.3,47.67,520.83,2388.15,8120.5,8.4826,0.03,393,2388,100.0,38.77,23.2104,91
6,98,0.0039,0.0003,100.0,518.67,642.82,1597.14,1416.6,14.62,21.61,553.32,2388.18,9040.58,1.3,47.72,521.27,2388.17,8124.59,8.4042,0.03,393,2388,100.0,38.64,23.2394,90
6,99,-0.0021,-0.0005,100.0,518.67,643.16,1597.69,1412.9,14.62,21.61,552.68,2388.18,9043.45,1.3,47.78,521.51,2388.16,8124.62,8.4578,0.03,394,2388,100.0,38.78,23.3449,89
6,100,0.0016,-0.0005,100.0,518.67,642.73,1592.11,1406.43,14.62,21.61,552.83,2388.13,9039.34,1.3,47.58,521.31,2388.16,8124.35,8.4534,0.03,394,2388,100.0,38.74,23.247,88
6,101,0.0017,0.0005,100.0,518.67,642.49,1594.92,1419.53,14.62,21.61,553.13,2388.19,9034.71,1.3,47.68,521.22,2388.17,8121.86,8.4841,0.03,395,2388,100.0,38.79,23.2526,87
6,102,-0.0,0.0005,100.0,518.67,642.84,1596.24,1412.98,14.62,21.61,552.57,2388.18,9038.46,1.3,47.51,520.73,2388.12,8117.68,8.4427,0.03,395,2388,100.0,38.72,23.3435,86
6,103,-0.0026,0.0001,100.0,518.67,642.46,1588.07,1414.95,14.62,21.61,553.43,2388.15,9032.68,1.3,47.63,521.1,2388.18,8122.79,8.4697,0.03,393,2388,100.0,38.86,23.1537,85
6,104,0.0013,-0.0004,100.0,518.67,642.87,1590.41,1415.34,14.62,21.61,553.22,2388.21,9040.49,1.3,47.62,521.3,2388.14,8119.77,8.4603,0.03,392,2388,100.0,38.76,23.3138,84
6,105,0.0035,0.0003,100.0,518.67,641.96,1587.32,1411.0,14.62,21.61,552.88,2388.19,9040.44,1.3,47.55,521.47,2388.15,8116.47,8.4821,0.03,393,2388,100.0,38.62,23.2931,83
6,106,0.0029,-0.0001,100.0,518.67,643.18,1592.66,1405.57,14.62,21.61,553.47,2388.15,9043.74,1.3,47.77,521.06,2388.23,8121.34,8.4704,0.03,394,2388,100.0,38.81,23.3,82
6,107,-0.0004,-0.0004,100.0,518.67,642.85,1590.97,1409.77,14.62,21.61,553.18,2388.15,9039.82,1.3,47.73,521.58,2388.12,8123.82,8.4887,0.03,393,2388,100.0,38.77,23.2435,81
6,108,0.0007,0.0004,100.0,518.67,643.17,1589.04,1410.71,14.62,21.61,552.89,2388.17,9045.14,1.3,47.69,520.74,2388.16,8121.3,8.4718,0.03,393,2388,100.0,38.89,23.161,80
6,109,-0.0022,0.0001,100.0,518.67,642.92,1590.02,1411.74,14.62,21.61,552.94,2388.13,9038.86,1.3,47.57,521.54,2388.16,8123.68,8.4538,0.03,394,2388,100.0,38.77,23.264,79
6,110,0.001,0.0,100.0,518.67,642.61,1587.91,1409.73,14.62,21.61,553.39,2388.17,9040.57,1.3,47.59,520.66,2388.18,8118.24,8.408,0.03,394,2388,100.0,38.85,23.2346,78
6,111,0.0033,0.0002,100.0,518.67,642.8,1593.61,1415.82,14.62,21.61,553.26,2388.17,9046.03,1.3,47.67,521.47,2388.18,8120.03,8.4459,0.03,394,2388,100.0,38.62,23.1654,77
6,112,-0.0023,0.0005,100.0,518.67,642.52,1599.51,1415.13,14.62,21.61,552.97,2388.17,9038.92,1.3,47.59,520.79,2388.15,8121.05,8.4752,0.03,394,2388,100.0,38.7,23.3133,76
6,113,-0.0032,-0.0002,100.0,518.67,643.26,1596.12,1415.38,14.62,21.61,552.35,2388.14,9038.58,1.3,47.47,520.61,2388.16,8120.35,8.4536,0.03,393,2388,100.0,38.62,23.2642,75
6,114,-0.0011,0.0005,100.0,518.67,643.31,1590.48,1411.76,14.62,21.61,552.62,2388.2,9046.25,1.3,47.58,521.3,2388.17,8115.41,8.4292,0.03,393,2388,100.0,38.68,23.2137,74
6,115,-0.0013,-0.0005,100.0,518.67,643.01,1598.31,1408.65,14.62,21.61,552.68,2388.14,9046.07,1.3,47.69,521.42,2388.16,8118.47,8.4618,0.03,392,2388,100.0,38.75,23.2763,73
6,116,0.0034,0.0,100.0,518.67,642.85,1594.33,1413.04,14.62,21.61,553.41,2388.13,9043.45,1.3,47.72,520.72,2388.1,8117.11,8.4525,0.03,392,2388,100.0,38.75,23.1882,72
6,117,-0.0006,-0.0004,100.0,518.67,643.36,1593.99,1411.06,14.62,21.61,553.51,2388.19,9045.74,1.3,47.69,520.81,2388.2,8123.53,8.4787,0.03,391,2388,100.0,38.86,23.2211,71
6,118,-0.004,-0.0,100.0,518.67,642.68,1593.66,1420.65,14.62,21.61,552.54,2388.18,9033.72,1.3,47.77,520.91,2388.2,8119.29,8.4578,0.03,395,2388,100.0,38.59,23.326,70
6,119,-0.0006,0.0003,100.0,518.67,643.15,1598.18,1417.57,14.62,21.61,553.83,2388.18,9045.46,1.3,47.64,520.88,2388.24,8122.8,8.4266,0.03,392,2388,100.0,38.83,23.2015,69
6,120,-0.0023,-0.0005,100.0,518.67,642.88,1591.39,1411.38,14.62,21.61,553.03,2388.18,9038.35,1.3,47.79,520.86,2388.18,8117.44,8.4439,0.03,394,2388,100.0,38.76,23.1803,68
6,121,0.0037,-0.0,100.0,518.67,642.64,1588.74,1411.89,14.62,21.61,552.17,2388.16,9041.43,1.3,47.66,520.7,2388.16,8121.6,8.4645,0.03,393,2388,100.0,38.63,23.261,67
6,122,0.0009,0.0005,100.0,518.67,642.8,1600.48,1415.47,14.62,21.61,553.1,2388.18,9041.95,1.3,47.65,521.3,2388.15,8119.97,8.471,0.03,394,2388,100.0,38.79,23.3114,66
6,123,-0.0005,-0.0003,100.0,518.67,642.93,1591.88,1411.83,14.62,21.61,552.6,2388.18,9038.22,1.3,47.87,520.61,2388.16,8120.84,8.4667,0.03,396,2388,100.0,38.65,23.2467,65
6,124,0.0008,0.0004,100.0,518.67,642.77,1587.78,1412.33,14.62,21.61,552.94,2388.19,9032.18,1.3,47.85,520.24,2388.19,8111.71,8.4617,0.03,393,2388,100.0,38.75,23.1654,64
6,125,0.0038,-0.0005,100.0,518.67,643.0,1595.44,1410.66,14.62,21.61,552.75,2388.21,9035.2,1.3,47.74,520.87,2388.18,8117.13,8.4444,0.03,395,2388,100.0,38.78,23.2842,63
6,126,-0.0003,0.0004,100.0,518.67,643.38,1601.09,1413.47,14.62,21.61,552.44,2388.28,9038.71,1.3,47.86,520.49,2388.25,8120.48,8.4416,0.03,394,2388,100.0,38.57,23.1861,62
6,127,-0.0011,-0.0001,100.0,518.67,643.4,1589.95,1413.29,14.62,21.61,552.63,2388.14,9040.44,1.3,47.92,520.53,2388.22,8118.97,8.4305,0.03,396,2388,100.0,38.73,23.2081,61
6,128,0.0009,0.0002,100.0,518.67,642.91,1598.04,1412.09,14.62,21.61,552.66,2388.22,9039.38,1.3,47.59,521.33,2388.22,8113.73,8.4582,0.03,392,2388,100.0,38.64,23.169,60
6,129,0.0025,-0.0004,100.0,518.67,643.04,1586.2,1410.4,14.62,21.61,552.98,2388.19,9043.58,1.3,47.74,520.96,2388.23,8118.05,8.4189,0.03,393,2388,100.0,38.65,23.2023,59
6,130,0.0044,-0.0001,100.0,518.67,642.85,1593.74,1421.59,14.62,21.61,552.63,2388.2,9043.59,1.3,47.72,520.85,2388.2,8121.84,8.4902,0.03,393,2388,100.0,38.54,23.2272,58
6,131,0.001,-0.0004,100.0,518.67,643.31,1594.83,1420.65,14.62,21.61,552.31,2388.17,9040.93,1.3,47.87,520.76,2388.17,8119.82,8.4566,0.03,395,2388,100.0,38.64,23.2274,57
6,132,-0.0021,0.0002,100.0,518.67,642.87,1590.0,1406.78,14.62,21.61,553.06,2388.23,9037.44,1.3,47.76,520.99,2388.17,8124.03,8.4882,0.03,394,2388,100.0,38.76,23.1832,56
6,133,0.001,0.0004,100.0,518.67,642.92,1592.53,1415.54,14.62,21.61,551.83,2388.18,9044.63,1.3,47.69,521.01,2388.21,8119.55,8.4459,0.03,393,2388,100.0,38.76,23.1887,55
6,134,-0.0047,0.0005,100.0,518.67,643.28,1596.67,1419.29,14.62,21.61,552.27,2388.19,9045.36,1.3,47.8,521.0,2388.18,8111.06,8.4316,0.03,394,2388,100.0,38.76,23.1851,54
6,135,-0.0011,0.0003,100.0,518.67,643.1,1591.43,1417.4,14.62,21.61,552.97,2388.17,9043.58,1.3,47.69,520.91,2388.21,8121.32,8.4711,0.03,394,2388,100.0,38.71,23.259,53
6,136,-0.0051,-0.0,100.0,518.67,643.32,1586.81,1413.17,14.62,21.61,552.54,2388.13,9035.33,1.3,47.77,520.77,2388.16,8115.7,8.4686,0.03,394,2388,100.0,38.73,23.1808,52
6,137,-0.0001,0.0002,100.0,518.67,643.11,1588.99,1411.43,14.62,21.61,552.93,2388.18,9036.33,1.3,47.72,520.35,2388.17,8121.17,8.481,0.03,396,2388,100.0,38.56,23.2665,51
6,138,0.0034,-0.0002,100.0,518.67,643.02,1590.59,1416.62,14.62,21.61,552.7,2388.22,9039.61,1.3,47.83,521.26,2388.2,8117.16,8.4617,0.03,394,2388,100.0,38.77,23.1353,50
6,139,0.0009,-0.0005,100.0,518.67,643.28,1591.23,1418.23,14.62,21.61,552.38,2388.14,9039.41,1.3,47.94,521.03,2388.12,8117.46,8.4807,0.03,393,2388,100.0,38.61,23.152,49
6,140,-0.0003,0.0001,100.0,518.67,643.86,1590.28,1414.25,14.62,21.61,552.22,2388.17,9037.57,1.3,47.87,520.66,2388.2,8116.9,8.4614,0.03,393,2388,100.0,38.75,23.2593,48
6,141,0.0023,-0.0004,100.0,518.67,642.88,1593.21,1418.38,14.62,21.61,552.61,2388.19,9040.16,1.3,47.86,520.65,2388.23,8116.34,8.4774,0.03,393,2388,100.0,38.64,23.2356,47
6,142,-0.0017,-0.0,100.0,518.67,642.64,1596.49,1422.25,14.62,21.61,552.21,2388.24,9035.47,1.3,47.73,520.64,2388.26,8113.06,8.494,0.03,393,2388,100.0,38.53,23.2209,46
6,143,0.0003,0.0,100.0,518.67,643.22,1592.7,1415.86,14.62,21.61,552.52,2388.16,9035.2,1.3,48.05,520.36,2388.14,8115.63,8.4654,0.03,395,2388,100.0,38.66,23.1573,45
6,144,-0.0001,-0.0005,100.0,518.67,643.15,1595.07,1415.58,14.62,21.61,552.47,2388.25,9033.21,1.3,47.93,520.94,2388.16,8116.37,8.5124,0.03,396,2388,100.0,38.5,23.1998,44
6,145,-0.0019,0.0003,100.0,518.67,643.09,1595.65,1415.82,14.62,21.61,552.24,2388.14,9037.48,1.3,47.84,520.56,2388.18,8119.97,8.4829,0.03,392,2388,100.0,38.61,23.1925,43
6,146,0.0024,-0.0001,100.0,518.67,642.69,1596.92,1417.09,14.62,21.61,552.1,2388.26,9041.75,1.3,47.82,520.25,2388.24,8118.47,8.4998,0.03,394,2388,100.0,38.56,23.1448,42
6,147,0.0008,-0.0003,100.0,518.67,642.99,1595.61,1416.96,14.62,21.61,552.76,2388.24,9035.42,1.3,48.09,520.6,2388.27,8116.14,8.4471,0.03,394,2388,100.0,38.51,23.1658,41
6,148,-0.0003,0.0005,100.0,518.67,642.95,1604.49,1418.66,14.62,21.61,552.83,2388.23,9041.95,1.3,47.94,520.07,2388.28,8118.99,8.4855,0.03,394,2388,100.0,38.64,23.2531,40
6,149,-0.0013,0.0002,100.0,518.67,643.28,1599.29,1421.19,14.62,21.61,552.23,2388.23,9041.98,1.3,47.86,520.73,2388.23,8120.16,8.5238,0.03,395,2388,100.0,38.85,23.1125,39
6,150,0.0039,0.0,100.0,518.67,643.0,1599.67,1420.07,14.62,21.61,553.03,2388.22,9028.11,1.3,48.01,520.39,2388.21,8110.47,8.4504,0.03,394,2388,100.0,38.66,23.1979,38
6,151,0.0014,-0.0003,100.0,518.67,643.16,1592.0,1423.27,14.62,21.61,552.71,2388.21,9036.02,1.3,47.76,520.24,2388.22,8117.87,8.4897,0.03,395,2388,100.0,38.8,23.1737,37
6,152,0.0001,-0.0004,100.0,518.67,643.34,1600.51,1424.84,14.62,21.61,552.56,2388.2,9031.9,1.3,47.91,520.33,2388.24,8120.52,8.4706,0.03,394,2388,100.0,38.59,23.1844,36
6,153,-0.0069,0.0003,100.0,518.67,643.05,1590.37,1420.74,14.62,21.61,551.51,2388.23,9034.77,1.3,47.8,520.46,2388.2,8119.23,8.479,0.03,393,2388,100.0,38.64,23.2475,35
6,154,-0.001,-0.0002,100.0,518.67,643.4,1600.39,1419.33,14.62,21.61,552.4,2388.22,9034.53,1.3,47.95,520.47,2388.22,8114.66,8.4693,0.03,395,2388,100.0,38.75,23.2128,34
6,155,-0.0013,0.0005,100.0,518.67,642.67,1589.15,1419.23,14.62,21.61,551.6,2388.22,9043.17,1.3,47.96,520.22,2388.26,8111.29,8.4829,0.03,395,2388,100.0,38.55,23.1345,33
6,156,-0.004,-0.0003,100.0,518.67,643.45,1595.36,1417.31,14.62,21.61,552.31,2388.25,9031.69,1.3,47.99,519.98,2388.22,8122.7,8.4754,0.03,396,2388,100.0,38.55,23.1299,32
6,157,-0.0004,-0.0002,100.0,518.67,642.35,1590.18,1419.84,14.62,21.61,551.98,2388.3,9037.1,1.3,47.82,520.51,2388.25,8112.24,8.4886,0.03,394,2388,100.0,38.6,23.1102,31
6,158,-0.0028,0.0004,100.0,518.67,643.66,1596.43,1422.25,14.62,21.61,552.5,2388.2,9031.25,1.3,48.12,520.5,2388.22,8117.24,8.4734,0.03,395,2388,100.0,38.64,23.1349,30
6,159,-0.001,-0.0,100.0,518.67,642.93,1592.5,1417.03,14.62,21.61,552.26,2388.2,9039.84,1.3,47.82,520.73,2388.24,8117.71,8.492,0.03,395,2388,100.0,38.49,23.1826,29
6,160,-0.002,-0.0002,100.0,518.67,643.61,1603.1,1423.05,14.62,21.61,551.56,2388.24,9032.88,1.3,47.87,520.61,2388.22,8117.63,8.489,0.03,396,2388,100.0,38.63,23.1757,28
6,161,-0.0011,0.0001,100.0,518.67,643.77,1593.28,1422.93,14.62,21.61,552.35,2388.24,9029.95,1.3,47.89,520.42,2388.26,8106.4,8.4941,0.03,395,2388,100.0,38.53,23.1045,27
6,162,0.002,-0.0005,100.0,518.67,643.25,1592.09,1420.87,14.62,21.61,552.15,2388.21,9042.03,1.3,47.94,519.93,2388.22,8113.88,8.498,0.03,395,2388,100.0,38.55,23.2763,26
6,163,0.0043,0.0003,100.0,518.67,643.29,1602.42,1423.01,14.62,21.61,551.51,2388.25,9037.4,1.3,48.03,520.22,2388.21,8113.05,8.504,0.03,394,2388,100.0,38.72,23.0995,25
6,164,0.0021,0.0002,100.0,518.67,643.45,1605.92,1423.29,14.62,21.61,552.42,2388.27,9038.27,1.3,48.04,520.36,2388.21,8118.93,8.4686,0.03,395,2388,100.0,38.67,23.1184,24
6,165,0.0002,-0.0005,100.0,518.67,644.03,1603.61,1423.5,14.62,21.61,551.82,2388.26,9039.79,1.3,48.06,520.42,2388.29,8115.25,8.4762,0.03,395,2388,100.0,38.54,23.0665,23
6,166,0.0027,-0.0005,100.0,518.67,644.05,1602.62,1422.7,14.62,21.61,551.68,2388.29,9045.6,1.3,48.03,520.29,2388.25,8106.29,8.4985,0.03,395,2388,100.0,38.5,23.1018,22
6,167,0.0,-0.0005,100.0,518.67,643.48,1599.22,1425.97,14.62,21.61,551.98,2388.18,9039.15,1.3,48.03,520.23,2388.28,8116.64,8.4969,0.03,396,2388,100.0,38.52,23.0509,21
6,168,-0.0014,0.0004,100.0,518.67,642.87,1590.83,1425.2,14.62,21.61,552.38,2388.27,9028.0,1.3,48.06,520.17,2388.29,8113.82,8.5203,0.03,396,2388,100.0,38.55,23.0854,20
6,169,-0.0002,-0.0001,100.0,518.67,644.12,1597.11,1426.68,14.62,21.61,552.08,2388.27,9032.33,1.3,48.07,520.27,2388.23,8113.93,8.4835,0.03,394,2388,100.0,38.52,23.2095,19
6,170,0.0009,-0.0003,100.0,518.67,643.91,1599.73,1425.87,14.62,21.61,551.35,2388.32,9029.79,1.3,47.92,519.77,2388.31,8112.59,8.4852,0.03,396,2388,100.0,38.66,23.1057,18
6,171,-0.0027,-0.0002,100.0,518.67,643.82,1601.73,1423.31,14.62,21.61,551.38,2388.25,9034.84,1.3,48.09,520.44,2388.23,8112.98,8.5219,0.03,396,2388,100.0,38.69,23.1045,17
6,172,-0.0026,-0.0003,100.0,518.67,643.18,1593.7,1432.3,14.62,21.61,551.45,2388.26,9033.2,1.3,48.07,520.31,2388.28,8115.76,8.4793,0.03,396,2388,100.0,38.34,23.1505,16
6,173,-0.0029,0.0002,100.0,518.67,643.45,1597.11,1423.89,14.62,21.61,551.37,2388.26,9032.51,1.3,48.05,519.93,2388.24,8111.88,8.4775,0.03,396,2388,100.0,38.6,23.1312,15
6,174,0.0011,0.0004,100.0,518.67,643.21,1602.11,1426.34,14.62,21.61,551.65,2388.27,9032.1,1.3,48.05,520.5,2388.24,8106.85,8.4756,0.03,394,2388,100.0,38.67,23.1942,14
6,175,0.0017,0.0003,100.0,518.67,643.84,1602.72,1427.35,14.62,21.61,551.53,2388.32,9035.16,1.3,48.17,520.12,2388.27,8109.68,8.5266,0.03,396,2388,100.0,38.64,23.1005,13
6,176,0.001,0.0003,100.0,518.67,643.71,1604.31,1423.22,14.62,21.61,551.47,2388.25,9035.85,1.3,48.06,519.41,2388.25,8112.7,8.4994,0.03,395,2388,100.0,38.44,23.1595,12
6,177,0.0,0.0002,100.0,518.67,643.5,1590.96,1421.52,14.62,21.61,551.5,2388.27,9031.6,1.3,48.21,520.17,2388.28,8114.14,8.4993,0.03,397,2388,100.0,38.52,23.0286,11
6,178,-0.0025,0.0004,100.0,518.67,643.78,1603.27,1424.84,14.62,21.61,551.24,2388.29,9032.87,1.3,48.09,519.7,2388.31,8113.92,8.5091,0.03,395,2388,100.0,38.46,23.0738,10
6,179,-0.0026,-0.0003,100.0,518.67,643.58,1607.63,1424.83,14.62,21.61,551.62,2388.33,9021.73,1.3,48.11,519.37,2388.3,8106.25,8.5102,0.03,397,2388,100.0,38.4,23.1191,9
6,180,0.0038,-0.0002,100.0,518.67,643.76,1598.73,1426.72,14.62,21.61,551.27,2388.31,9030.67,1.3,48.06,519.81,2388.34,8110.86,8.4948,0.03,396,2388,100.0,38.48,23.1165,8
6,181,-0.0022,-0.0002,100.0,518.67,643.44,1603.07,1430.56,14.62,21.61,551.46,2388.28,9033.9,1.3,48.15,519.71,2388.32,8110.96,8.48,0.03,396,2388,100.0,38.5,23.1337,7
6,182,0.0035,-0.0004,100.0,518.67,644.0,1596.51,1423.81,14.62,21.61,551.95,2388.32,9032.36,1.3,48.34,519.84,2388.35,8107.33,8.5167,0.03,396,2388,100.0,38.63,22.9966,6
6,183,0.001,0.0005,100.0,518.67,644.01,1597.82,1430.47,14.62,21.61,551.7,2388.32,9035.7,1.3,48.05,519.66,2388.31,8108.33,8.5294,0.03,396,2388,100.0,38.33,23.0273,5
6,184,0.0022,0.0004,100.0,518.67,643.52,1598.05,1432.22,14.62,21.61,551.31,2388.25,9031.12,1.3,48.07,519.42,2388.3,8110.1,8.4857,0.03,397,2388,100.0,38.58,22.9949,4
6,185,0.0022,0.0001,100.0,518.67,643.78,1603.37,1434.09,14.62,21.61,551.33,2388.35,9035.51,1.3,48.21,519.5,2388.28,8110.79,8.5261,0.03,396,2388,100.0,38.45,23.1199,3
6,186,-0.0054,-0.0001,100.0,518.67,644.01,1603.59,1430.37,14.62,21.61,550.59,2388.31,9029.07,1.3,48.27,519.8,2388.36,8108.26,8.5013,0.03,395,2388,100.0,38.25,22.9396,2
6,187,-0.002,0.0003,100.0,518.67,643.76,1602.69,1423.45,14.62,21.61,551.45,2388.29,9035.79,1.3,48.21,519.03,2388.33,8109.59,8.5324,0.03,396,2388,100.0,38.51,23.0449,1
6,188,0.0014,-0.0004,100.0,518.67,643.47,1600.63,1434.92,14.62,21.61,550.7,2388.34,9027.96,1.3,48.21,518.98,2388.34,8102.82,8.5358,0.03,397,2388,100.0,38.42,22.9577,0
7,1,-0.0005,0.0004,100.0,518.67,642.38,1589.49,1395.48,14.62,21.61,554.76,2387.97,9071.27,1.3,47.24,522.19,2387.99,8141.69,8.4081,0.03,390,2388,100.0,38.97,23.4073,258
7,2,0.0008,-0.0003,100.0,518.67,642.57,1583.11,1395.97,14.62,21.61,553.97,2388.0,9078.21,1.3,47.0,522.3,2388.02,8148.24,8.4216,0.03,391,2388,100.0,38.85,23.5043,257
7,3,-0.0014,-0.0002,100.0,518.67,642.25,1589.44,1397.74,14.62,21.61,554.95,2387.95,9063.37,1.3,47.18,522.36,2387.98,8148.83,8.4258,0.03,392,2388,100.0,39.07,23.4113,256
7,4,-0.002,0.0001,100.0,518.67,642.31,1585.59,1397.85,14.62,21.61,553.3,2388.06,9068.16,1.3,47.07,522.09,2388.06,8150.3,8.4175,0.03,392,2388,100.0,39.12,23.4616,255
7,5,0.0016,0.0,100.0,518.67,642.25,1587.23,1402.54,14.62,21.61,554.64,2388.04,9066.99,1.3,47.31,522.0,2388.01,8149.4,8.4099,0.03,391,2388,100.0,38.94,23.4781,254
7,6,0.0011,-0.0005,100.0,518.67,642.49,1586.12,1403.1,14.62,21.61,553.89,2388.07,9067.91,1.3,47.29,521.89,2388.0,8151.48,8.406,0.03,392,2388,100.0,39.07,23.394,253
7,7,-0.0038,0.0002,100.0,518.67,642.45,1588.36,1391.19,14.62,21.61,554.66,2387.98,9069.13,1.3,47.21,522.54,2388.0,8153.91,8.3984,0.03,392,2388,100.0,38.91,23.349,252
7,8,-0.0007,-0.0005,100.0,518.67,642.41,1586.97,1401.42,14.62,21.61,554.05,2388.01,9064.8,1.3,47.19,522.26,2388.08,8146.34,8.402,0.03,392,2388,100.0,38.95,23.381,251
7,9,-0.0026,0.0,100.0,518.67,642.22,1582.13,1401.77,14.62,21.61,554.31,2387.97,9069.41,1.3,47.23,521.78,2388.04,8153.01,8.3848,0.03,392,2388,100.0,38.93,23.4429,250
7,10,0.0019,-0.0002,100.0,518.67,642.29,1588.96,1393.25,14.62,21.61,554.14,2387.96,9065.28,1.3,47.14,522.09,2388.02,8151.36,8.4222,0.03,392,2388,100.0,38.96,23.3398,249
7,11,0.0026,-0.0002,100.0,518.67,642.74,1585.25,1393.96,14.62,21.61,554.11,2388.01,9074.91,1.3,47.39,522.12,2387.98,8144.89,8.3948,0.03,392,2388,100.0,39.14,23.3074,248
7,12,-0.0036,-0.0004,100.0,518.67,642.08,1590.55,1397.36,14.62,21.61,554.21,2387.99,9071.72,1.3,47.28,522.13,2387.99,8149.4,8.3766,0.03,393,2388,100.0,38.92,23.3777,247
7,13,-0.0011,0.0001,100.0,518.67,642.47,1584.88,1392.15,14.62,21.61,554.61,2387.95,9065.52,1.3,47.17,522.55,2388.01,8144.81,8.4199,0.03,391,2388,100.0,39.01,23.4383,246
7,14,0.0009,0.0001,100.0,518.67,641.76,1579.88,1390.48,14.62,21.61,554.47,2388.05,9067.42,1.3,47.18,521.98,2388.01,8148.8,8.4196,0.03,391,2388,100.0,39.02,23.4888,245
7,15,-0.005,0.0004,100.0,518.67,642.29,1582.42,1398.41,14.62,21.61,554.02,2388.08,9068.28,1.3,47.24,521.89,2388.0,8146.48,8.3901,0.03,393,2388,100.0,39.07,23.3772,244
7,16,0.0024,0.0003,100.0,518.67,642.3,1588.69,1405.02,14.62,21.61,554.14,2387.97,9073.41,1.3,47.04,522.54,2388.02,8153.29,8.4122,0.03,391,2388,100.0,39.08,23.3613,243
7,17,-0.0019,0.0001,100.0,518.67,642.08,1588.75,1397.63,14.62,21.61,554.94,2387.94,9071.39,1.3,47.34,522.02,2387.99,8151.04,8.419,0.03,390,2388,100.0,38.93,23.404,242
7,18,-0.0036,0.0002,100.0,518.67,642.47,1583.49,1394.65,14.62,21.61,553.92,2387.98,9073.12,1.3,47.21,522.31,2388.04,8149.43,8.388,0.03,392,2388,100.0,38.87,23.4165,241
7,19,-0.001,-0.0,100.0,518.67,642.01,1586.11,1397.51,14.62,21.61,554.2,2388.0,9065.77,1.3,47.16,522.26,2388.0,8153.83,8.4216,0.03,392,2388,100.0,39.02,23.4083,240
7,20,-0.0028,0.0004,100.0,518.67,641.99,1585.03,1395.92,14.62,21.61,554.26,2388.02,9068.68,1.3,47.22,522.61,2388.02,8149.54,8.4111,0.03,392,2388,100.0,38.87,23.3776,239
7,21,0.0001,-0.0002,100.0,518.67,641.77,1589.77,1404.33,14.62,21.61,554.69,2388.03,9071.68,1.3,47.23,521.78,2387.97,8148.23,8.3926,0.03,393,2388,100.0,38.79,23.3863,238
7,22,0.0011,0.0004,100.0,518.67,641.44,1578.03,1394.58,14.62,21.61,554.63,2388.0,9071.1,1.3,47.25,522.02,2388.0,8145.29,8.3609,0.03,393,2388,100.0,39.01,23.2512,237
7,23,-0.0057,-0.0001,100.0,518.67,641.76,1586.41,1398.09,14.62,21.61,554.38,2388.01,9067.09,1.3,47.21,522.48,2388.01,8146.64,8.4143,0.03,391,2388,100.0,39.06,23.3937,236
7,24,0.0057,0.0002,100.0,518.67,642.44,1583.32,1398.75,14.62,21.61,553.84,2387.99,9066.23,1.3,47.3,522.65,2388.02,8151.81,8.4022,0.03,391,2388,100.0,39.03,23.4204,235
7,25,-0.0009,-0.0004,100.0,518.67,641.79,1578.13,1397.07,14.62,21.61,554.2,2388.07,9072.66,1.3,47.26,522.27,2387.97,8149.05,8.4361,0.03,392,2388,100.0,39.05,23.3838,234
7,26,0.0009,-0.0001,100.0,518.67,641.87,1585.88,1401.19,14.62,21.6,554.88,2388.0,9071.55,1.3,47.12,522.7,2388.01,8146.94,8.3712,0.03,393,2388,100.0,39.01,23.3981,233
7,27,0.0005,-0.0001,100.0,518.67,642.68,1585.5,1397.39,14.62,21.61,553.65,2388.05,9069.54,1.3,47.27,522.38,2387.95,8156.32,8.4167,0.03,391,2388,100.0,38.85,23.4148,232
7,28,-0.0006,0.0004,100.0,518.67,642.68,1586.11,1405.38,14.62,21.61,553.65,2388.02,9071.83,1.3,47.21,521.65,2388.02,8148.06,8.4114,0.03,392,2388,100.0,39.07,23.376,231
7,29,-0.0012,-0.0001,100.0,518.67,641.9,1589.95,1396.71,14.62,21.61,555.01,2388.01,9073.64,1.3,47.13,522.52,2388.01,8151.06,8.3806,0.03,393,2388,100.0,39.08,23.4833,230
7,30,-0.0016,-0.0004,100.0,518.67,642.18,1585.13,1396.49,14.62,21.6,554.78,2388.03,9069.39,1.3,47.19,522.06,2387.98,8147.52,8.4228,0.03,391,2388,100.0,39.01,23.4269,229
7,31,-0.0004,0.0001,100.0,518.67,641.99,1589.16,1402.76,14.62,21.61,554.51,2387.98,9071.21,1.3,47.14,522.51,2388.01,8147.99,8.4266,0.03,393,2388,100.0,38.97,23.3568,228
7,32,0.0018,-0.0005,100.0,518.67,642.15,1589.46,1397.4,14.62,21.61,554.74,2387.97,9075.17,1.3,47.18,522.37,2388.01,8144.37,8.3815,0.03,393,2388,100.0,38.84,23.359,227
7,33,0.0026,-0.0003,100.0,518.67,642.19,1585.17,1399.12,14.62,21.61,554.47,2387.98,9065.57,1.3,47.28,522.75,2388.01,8149.86,8.387,0.03,392,2388,100.0,38.97,23.2902,226
7,34,-0.0024,-0.0002,100.0,518.67,642.09,1583.36,1402.93,14.62,21.61,554.36,2388.02,9054.44,1.3,47.19,521.87,2388.02,8153.09,8.4168,0.03,392,2388,100.0,39.21,23.4113,225
7,35,-0.0055,0.0003,100.0,518.67,642.67,1591.02,1409.12,14.62,21.61,554.6,2387.99,9065.34,1.3,47.3,522.72,2387.96,8152.36,8.4014,0.03,392,2388,100.0,39.14,23.3942,224
7,36,0.0012,-0.0004,100.0,518.67,642.54,1581.96,1393.49,14.62,21.61,554.98,2387.96,9066.31,1.3,47.32,522.31,2388.06,8146.1,8.4154,0.03,394,2388,100.0,38.9,23.4273,223
7,37,-0.004,-0.0001,100.0,518.67,642.4,1584.97,1400.55,14.62,21.61,554.36,2387.95,9062.36,1.3,47.12,522.42,2387.99,8147.06,8.4042,0.03,394,2388,100.0,39.12,23.4181,222
7,38,0.004,-0.0004,100.0,518.67,642.41,1590.3,1393.57,14.62,21.61,554.52,2388.0,9068.9,1.3,47.13,522.53,2388.03,8148.72,8.4168,0.03,391,2388,100.0,38.99,23.4189,221
7,39,0.0065,-0.0,100.0,518.67,642.39,1582.33,1403.52,14.62,21.61,554.04,2387.96,9076.57,1.3,47.35,522.05,2388.01,8150.14,8.4314,0.03,392,2388,100.0,39.15,23.3436,220
7,40,0.0007,-0.0002,100.0,518.67,642.14,1587.0,1393.32,14.62,21.61,554.96,2387.99,9063.64,1.3,47.32,522.63,2387.95,8153.55,8.3988,0.03,390,2388,100.0,39.11,23.4054,219
7,41,-0.0014,-0.0002,100.0,518.67,642.39,1590.4,1406.12,14.62,21.61,554.64,2387.99,9063.5,1.3,47.08,522.49,2388.05,8145.41,8.401,0.03,392,2388,100.0,39.06,23.3194,218
7,42,0.0018,-0.0002,100.0,518.67,642.7,1580.26,1398.14,14.62,21.61,554.05,2387.98,9078.32,1.3,47.21,522.68,2388.01,8151.03,8.4047,0.03,393,2388,100.0,39.05,23.3355,217
7,43,0.0009,0.0004,100.0,518.67,642.32,1582.93,1397.5,14.62,21.61,555.01,2388.01,9066.91,1.3,47.2,521.93,2388.0,8149.53,8.4454,0.03,391,2388,100.0,39.21,23.3467,216
7,44,0.002,0.0001,100.0,518.67,642.64,1587.5,1398.15,14.62,21.61,554.95,2388.0,9073.91,1.3,47.31,522.52,2387.98,8148.41,8.4042,0.03,392,2388,100.0,38.87,23.4205,215
7,45,0.0019,0.0001,100.0,518.67,642.25,1587.23,1399.97,14.62,21.61,554.07,2388.0,9071.53,1.3,47.17,522.39,2387.99,8151.49,8.3894,0.03,392,2388,100.0,39.13,23.4295,214
7,46,-0.0037,0.0003,100.0,518.67,642.37,1586.17,1405.02,14.62,21.61,554.9,2387.98,9067.1,1.3,47.42,522.22,2387.97,8148.61,8.3882,0.03,392,2388,100.0,39.02,23.4833,213
7,47,-0.0019,0.0003,100.0,518.67,641.94,1587.72,1401.47,14.62,21.61,553.74,2387.99,9058.35,1.3,47.2,522.02,2387.98,8148.97,8.407,0.03,391,2388,100.0,38.98,23.2798,212
7,48,0.0003,0.0,100.0,518.67,641.94,1585.35,1398.81,14.62,21.61,554.05,2387.99,9066.88,1.3,47.11,522.33,2388.05,8146.56,8.4164,0.03,391,2388,100.0,38.93,23.3583,211
7,49,0.003,-0.0004,100.0,518.67,642.43,1586.42,1396.88,14.62,21.61,554.21,2387.98,9063.5,1.3,47.33,522.03,2387.99,8146.5,8.4129,0.03,391,2388,100.0,38.93,23.4089,210
7,50,-0.0008,0.0004,100.0,518.67,642.41,1590.47,1400.31,14.62,21.61,553.68,2388.04,9073.14,1.3,47.22,522.43,2387.98,8150.6,8.4159,0.03,393,2388,100.0,38.86,23.5133,209
7,51,-0.0012,-0.0,100.0,518.67,642.17,1580.05,1397.42,14.62,21.61,553.66,2388.01,9075.92,1.3,47.41,522.55,2388.03,8149.63,8.4323,0.03,392,2388,100.0,38.81,23.3101,208
7,52,0.0002,0.0003,100.0,518.67,641.91,1585.51,1402.13,14.62,21.6,555.14,2388.0,9071.36,1.3,47.18,522.42,2387.95,8143.99,8.414,0.03,392,2388,100.0,39.18,23.4335,207
7,53,0.0006,-0.0002,100.0,518.67,642.38,1582.33,1395.45,14.62,21.61,553.87,2388.06,9068.45,1.3,47.31,522.3,2388.05,8152.02,8.4169,0.03,393,2388,100.0,39.11,23.3092,206
7,54,0.0007,-0.0004,100.0,518.67,641.8,1590.77,1400.98,14.62,21.61,553.78,2387.99,9073.05,1.3,47.41,522.21,2387.98,8150.8,8.4129,0.03,392,2388,100.0,39.01,23.4177,205
7,55,0.0002,0.0004,100.0,518.67,642.19,1585.93,1399.74,14.62,21.61,554.13,2387.98,9069.34,1.3,47.09,522.02,2387.94,8144.65,8.3869,0.03,392,2388,100.0,38.99,23.42,204
7,56,0.0008,0.0,100.0,518.67,642.53,1584.43,1395.08,14.62,21.61,554.66,2388.02,9064.3,1.3,47.37,522.45,2388.01,8143.72,8.4122,0.03,391,2388,100.0,38.94,23.2743,203
7,57,-0.0024,-0.0003,100.0,518.67,643.02,1585.71,1398.43,14.62,21.61,553.87,2387.99,9069.75,1.3,47.25,522.5,2388.08,8152.99,8.41,0.03,392,2388,100.0,39.12,23.3419,202
7,58,-0.0043,-0.0001,100.0,518.67,642.09,1587.14,1400.97,14.62,21.6,555.14,2387.99,9066.81,1.3,47.19,523.0,2388.0,8151.29,8.383,0.03,392,2388,100.0,39.06,23.2486,201
7,59,0.0002,-0.0,100.0,518.67,642.29,1585.96,1397.92,14.62,21.61,554.73,2388.0,9070.86,1.3,47.29,521.81,2387.99,8152.7,8.433,0.03,390,2388,100.0,39.22,23.4702,200
7,60,-0.0001,-0.0003,100.0,518.67,642.19,1581.21,1396.21,14.62,21.61,554.44,2388.01,9074.64,1.3,47.24,521.99,2388.0,8152.6,8.3696,0.03,390,2388,100.0,39.11,23.2723,199
7,61,0.003,-0.0004,100.0,518.67,642.08,1586.13,1402.82,14.62,21.61,553.9,2387.98,9068.88,1.3,47.26,522.32,2388.02,8149.72,8.4018,0.03,392,2388,100.0,39.06,23.4476,198
7,62,0.0031,-0.0004,100.0,518.67,642.15,1585.67,1390.39,14.62,21.61,553.81,2388.0,9073.22,1.3,47.29,522.74,2387.97,8144.15,8.4175,0.03,391,2388,100.0,38.99,23.3247,197
7,63,0.0008,-0.0002,100.0,518.67,642.36,1578.24,1400.55,14.62,21.6,554.64,2388.03,9062.13,1.3,47.17,521.82,2388.01,8151.83,8.4172,0.03,391,2388,100.0,39.21,23.3449,196
7,64,-0.0006,0.0002,100.0,518.67,642.54,1589.13,1399.36,14.62,21.61,554.43,2388.03,9065.16,1.3,47.28,521.96,2387.98,8149.32,8.4112,0.03,392,2388,100.0,39.1,23.4167,195
7,65,-0.0035,-0.0003,100.0,518.67,642.31,1578.07,1396.6,14.62,21.61,554.11,2388.01,9071.37,1.3,47.28,522.18,2387.98,8150.85,8.4259,0.03,390,2388,100.0,39.0,23.5043,194
7,66,0.0,-0.0002,100.0,518.67,642.54,1586.72,1399.23,14.62,21.61,554.53,2387.98,9062.81,1.3,47.42,522.88,2387.94,8148.32,8.4027,0.03,393,2388,100.0,39.05,23.3637,193
7,67,0.0005,0.0,100.0,518.67,642.61,1582.7,1402.68,14.62,21.61,554.02,2388.0,9070.66,1.3,47.35,522.2,2388.01,8149.89,8.3811,0.03,391,2388,100.0,38.94,23.2758,192
7,68,0.0006,-0.0005,100.0,518.67,641.8,1586.66,1395.57,14.62,21.61,554.02,2388.03,9072.02,1.3,47.17,521.64,2388.05,8144.9,8.393,0.03,391,2388,100.0,39.09,23.4418,191
7,69,0.0002,0.0001,100.0,518.67,642.22,1593.46,1403.5,14.62,21.6,554.47,2388.04,9070.6,1.3,47.36,522.14,2387.97,8154.01,8.4268,0.03,392,2388,100.0,38.96,23.3819,190
7,70,-0.002,-0.0005,100.0,518.67,642.09,1583.19,1399.04,14.62,21.61,554.01,2388.05,9063.46,1.3,47.25,521.82,2388.05,8151.95,8.363,0.03,391,2388,100.0,39.01,23.447,189
7,71,0.0032,0.0004,100.0,518.67,641.53,1584.6,1398.9,14.62,21.61,554.66,2387.95,9068.88,1.3,47.37,522.31,2388.01,8155.14,8.3882,0.03,391,2388,100.0,39.03,23.406,188
7,72,0.0012,0.0002,100.0,518.67,641.78,1582.54,1406.47,14.62,21.61,554.88,2387.98,9066.14,1.3,47.1,522.54,2388.01,8146.52,8.4404,0.03,391,2388,100.0,38.98,23.3463,187
7,73,-0.0004,-0.0004,100.0,518.67,642.12,1588.4,1401.72,14.62,21.61,554.39,2388.03,9066.59,1.3,47.12,521.77,2388.06,8151.89,8.4095,0.03,392,2388,100.0,39.15,23.4238,186
7,74,-0.0004,-0.0001,100.0,518.67,642.1,1587.52,1407.77,14.62,21.61,553.65,2388.01,9073.81,1.3,47.28,522.51,2388.01,8151.1,8.41,0.03,394,2388,100.0,39.07,23.4331,185
7,75,-0.001,0.0004,100.0,518.67,642.29,1582.94,1402.11,14.62,21.61,554.73,2388.05,9068.74,1.3,47.52,522.01,2388.01,8148.23,8.3808,0.03,392,2388,100.0,38.93,23.372,184
7,76,0.0017,-0.0,100.0,518.67,642.11,1585.7,1407.16,14.62,21.61,554.14,2387.98,9075.29,1.3,47.36,522.26,2388.01,8148.71,8.3883,0.03,390,2388,100.0,39.02,23.4115,183
7,77,-0.0072,-0.0001,100.0,518.67,642.36,1588.83,1400.6,14.62,21.61,554.47,2388.06,9072.36,1.3,47.29,522.27,2387.99,8151.03,8.4149,0.03,392,2388,100.0,38.91,23.3784,182
7,78,-0.0,0.0001,100.0,518.67,642.14,1583.3,1399.64,14.62,21.61,554.86,2388.07,9065.49,1.3,47.33,522.03,2388.05,8156.05,8.4278,0.03,392,2388,100.0,38.94,23.501,181
7,79,0.0008,0.0003,100.0,518.67,642.48,1588.28,1404.99,14.62,21.61,553.91,2388.02,9070.11,1.3,47.2,521.78,2388.01,8144.19,8.45,0.03,392,2388,100.0,38.97,23.3182,180
7,80,0.0028,0.0003,100.0,518.67,642.07,1585.35,1402.29,14.62,21.61,553.99,2388.02,9067.14,1.3,47.28,522.23,2388.05,8149.84,8.4374,0.03,392,2388,100.0,39.01,23.4108,179
7,81,0.0021,0.0,100.0,518.67,641.57,1585.23,1408.11,14.62,21.61,554.77,2387.98,9072.96,1.3,47.3,522.41,2388.01,8147.82,8.402,0.03,392,2388,100.0,38.91,23.4851,178
7,82,-0.0018,-0.0005,100.0,518.67,642.13,1588.93,1398.88,14.62,21.61,554.92,2388.05,9072.86,1.3,47.27,522.36,2388.02,8146.19,8.4272,0.03,392,2388,100.0,38.88,23.3642,177
7,83,-0.0053,-0.0004,100.0,518.67,641.94,1588.35,1406.01,14.62,21.61,554.04,2388.02,9062.67,1.3,47.32,522.3,2388.01,8151.0,8.4268,0.03,392,2388,100.0,38.82,23.3892,176
7,84,0.0035,0.0001,100.0,518.67,642.9,1586.44,1400.85,14.62,21.61,553.75,2388.02,9072.09,1.3,47.13,522.25,2388.03,8150.99,8.4321,0.03,392,2388,100.0,39.07,23.3648,175
7,85,0.0003,-0.0004,100.0,518.67,642.75,1583.4,1402.17,14.62,21.61,554.85,2388.0,9068.09,1.3,47.22,522.29,2388.05,8145.23,8.3837,0.03,393,2388,100.0,38.98,23.3774,174
7,86,-0.0012,0.0003,100.0,518.67,641.85,1590.03,1397.76,14.62,21.6,555.11,2388.0,9070.16,1.3,47.34,522.19,2388.04,8151.41,8.3789,0.03,392,2388,100.0,39.07,23.2998,173
7,87,-0.004,0.0001,100.0,518.67,642.23,1578.42,1404.01,14.62,21.61,554.16,2387.99,9074.03,1.3,47.37,522.15,2388.0,8143.4,8.404,0.03,392,2388,100.0,38.83,23.43,172
7,88,0.0006,0.0004,100.0,518.67,642.9,1593.15,1402.65,14.62,21.61,553.25,2387.99,9073.29,1.3,47.31,522.26,2388.02,8147.3,8.4294,0.03,392,2388,100.0,38.78,23.2949,171
7,89,0.0001,-0.0002,100.0,518.67,642.34,1593.84,1397.17,14.62,21.61,554.59,2387.97,9066.73,1.3,47.4,521.95,2388.03,8146.74,8.4486,0.03,392,2388,100.0,38.92,23.416,170
7,90,-0.0011,-0.0002,100.0,518.67,641.88,1580.81,1402.41,14.62,21.61,554.92,2388.01,9067.93,1.3,47.22,522.44,2388.05,8154.66,8.4045,0.03,393,2388,100.0,38.96,23.3656,169
7,91,-0.002,-0.0004,100.0,518.67,641.75,1592.03,1396.28,14.62,21.61,553.72,2388.04,9072.14,1.3,47.22,521.88,2387.94,8151.57,8.3933,0.03,393,2388,100.0,39.02,23.2491,168
7,92,0.0016,-0.0004,100.0,518.67,642.45,1587.27,1397.32,14.62,21.61,554.28,2388.02,9067.38,1.3,47.35,521.89,2388.02,8147.47,8.3913,0.03,392,2388,100.0,39.07,23.4673,167
7,93,0.0019,-0.0001,100.0,518.67,642.7,1587.11,1402.29,14.62,21.61,554.17,2388.02,9076.52,1.3,47.43,522.23,2388.05,8151.3,8.4343,0.03,393,2388,100.0,38.93,23.3579,166
7,94,0.0029,0.0002,100.0,518.67,642.43,1588.87,1401.99,14.62,21.61,554.2,2387.96,9067.34,1.3,47.31,522.37,2388.0,8150.18,8.4131,0.03,393,2388,100.0,39.0,23.2955,165
7,95,0.0027,-0.0001,100.0,518.67,642.19,1583.66,1400.37,14.62,21.61,554.65,2388.03,9066.23,1.3,47.31,522.32,2388.0,8151.27,8.4025,0.03,391,2388,100.0,38.95,23.4575,164
7,96,-0.0028,0.0003,100.0,518.67,641.78,1582.22,1392.46,14.62,21.61,554.1,2388.04,9072.33,1.3,47.39,522.64,2388.04,8148.17,8.4236,0.03,392,2388,100.0,38.99,23.4586,163
7,97,0.0007,-0.0004,100.0,518.67,641.91,1584.35,1401.32,14.62,21.61,553.96,2388.03,9070.45,1.3,47.2,522.02,2388.05,8141.88,8.4003,0.03,392,2388,100.0,39.03,23.3957,162
7,98,-0.0009,0.0003,100.0,518.67,642.46,1587.27,1400.02,14.62,21.61,553.65,2388.05,9069.65,1.3,47.14,522.52,2387.98,8145.74,8.4259,0.03,392,2388,100.0,38.73,23.2952,161
7,99,0.0012,0.0003,100.0,518.67,642.55,1586.95,1402.16,14.62,21.61,554.15,2388.0,9074.67,1.3,47.51,521.81,2388.0,8154.63,8.4309,0.03,392,2388,100.0,38.74,23.4321,160
7,100,0.0011,0.0,100.0,518.67,642.15,1582.66,1402.89,14.62,21.61,554.86,2388.02,9070.04,1.3,47.32,521.84,2387.98,8149.23,8.4359,0.03,391,2388,100.0,39.08,23.3657,159
7,101,-0.0026,0.0005,100.0,518.67,642.05,1593.77,1400.18,14.62,21.61,553.94,2388.04,9070.62,1.3,47.31,522.53,2388.04,8144.28,8.4318,0.03,392,2388,100.0,38.8,23.3621,158
7,102,0.0019,-0.0002,100.0,518.67,642.78,1592.88,1395.88,14.62,21.61,554.68,2388.04,9071.56,1.3,47.34,522.4,2388.03,8149.04,8.4509,0.03,392,2388,100.0,38.96,23.3109,157
7,103,0.0023,-0.0004,100.0,518.67,642.7,1583.74,1405.56,14.62,21.61,554.22,2388.01,9068.31,1.3,47.31,521.74,2388.09,8149.51,8.3895,0.03,392,2388,100.0,39.03,23.4005,156
7,104,-0.0005,0.0005,100.0,518.67,642.23,1582.98,1394.15,14.62,21.61,553.65,2388.0,9063.86,1.3,47.27,522.0,2388.02,8146.09,8.43,0.03,392,2388,100.0,38.94,23.2999,155
7,105,0.0001,0.0004,100.0,518.67,642.35,1583.76,1401.92,14.62,21.61,554.37,2388.01,9079.02,1.3,47.3,522.04,2388.06,8153.23,8.3575,0.03,393,2388,100.0,38.92,23.3385,154
7,106,0.0043,0.0001,100.0,518.67,642.63,1583.08,1409.0,14.62,21.61,554.22,2387.97,9068.99,1.3,47.19,522.88,2388.01,8155.25,8.4244,0.03,392,2388,100.0,38.82,23.4925,153
7,107,0.0048,-0.0001,100.0,518.67,642.16,1587.77,1402.69,14.62,21.61,554.15,2388.07,9072.66,1.3,47.26,522.24,2388.01,8151.87,8.4425,0.03,393,2388,100.0,38.93,23.3755,152
7,108,-0.0006,-0.0005,100.0,518.67,642.39,1587.75,1401.06,14.62,21.61,554.13,2388.01,9075.56,1.3,47.34,522.64,2387.96,8147.96,8.3605,0.03,391,2388,100.0,38.93,23.1841,151
7,109,0.0014,0.0003,100.0,518.67,642.71,1586.93,1395.74,14.62,21.61,554.65,2387.97,9072.98,1.3,47.27,522.46,2388.03,8153.36,8.3714,0.03,392,2388,100.0,39.04,23.3796,150
7,110,-0.0066,-0.0004,100.0,518.67,642.65,1592.97,1414.46,14.62,21.61,554.33,2388.07,9072.55,1.3,47.27,522.15,2388.06,8151.43,8.4191,0.03,391,2388,100.0,38.92,23.3376,149
7,111,-0.0028,-0.0005,100.0,518.67,642.1,1590.37,1402.57,14.62,21.61,554.17,2387.98,9070.54,1.3,47.07,522.13,2388.04,8150.91,8.4636,0.03,392,2388,100.0,38.72,23.4173,148
7,112,0.0017,-0.0001,100.0,518.67,642.28,1578.72,1399.47,14.62,21.61,554.46,2388.05,9070.71,1.3,47.08,521.74,2387.98,8148.43,8.3952,0.03,392,2388,100.0,38.95,23.2612,147
7,113,0.001,-0.0005,100.0,518.67,642.56,1580.83,1402.84,14.62,21.61,554.2,2388.09,9071.13,1.3,47.41,521.62,2388.08,8151.61,8.4005,0.03,392,2388,100.0,38.92,23.402,146
7,114,0.0005,0.0002,100.0,518.67,642.44,1588.32,1405.78,14.62,21.61,554.95,2388.01,9074.17,1.3,47.27,522.17,2388.02,8151.74,8.4296,0.03,393,2388,100.0,39.05,23.3857,145
7,115,-0.0006,-0.0004,100.0,518.67,642.14,1579.89,1405.25,14.62,21.61,553.3,2387.98,9065.46,1.3,47.49,521.37,2388.02,8147.37,8.4168,0.03,394,2388,100.0,38.97,23.3281,144
7,116,-0.001,0.0,100.0,518.67,642.18,1590.92,1400.08,14.62,21.61,554.0,2388.03,9069.41,1.3,47.36,522.25,2388.03,8152.87,8.3865,0.03,394,2388,100.0,38.81,23.348,143
7,117,-0.0015,0.0003,100.0,518.67,642.51,1595.71,1396.29,14.62,21.61,554.1,2388.01,9065.86,1.3,47.41,522.23,2388.1,8151.27,8.3981,0.03,394,2388,100.0,38.87,23.3375,142
7,118,0.0029,-0.0004,100.0,518.67,642.33,1589.6,1396.89,14.62,21.61,554.32,2388.03,9072.27,1.3,47.38,521.46,2388.09,8152.08,8.416,0.03,391,2388,100.0,38.89,23.2085,141
7,119,0.0007,-0.0005,100.0,518.67,641.84,1579.78,1400.87,14.62,21.61,553.82,2388.04,9068.05,1.3,47.27,522.02,2388.02,8151.27,8.4061,0.03,392,2388,100.0,38.65,23.3169,140
7,120,0.0017,0.0003,100.0,518.67,642.02,1588.45,1397.46,14.62,21.61,553.51,2388.03,9071.64,1.3,47.26,522.0,2388.02,8149.76,8.4042,0.03,390,2388,100.0,38.95,23.3628,139
7,121,-0.006,-0.0004,100.0,518.67,642.21,1587.33,1408.25,14.62,21.61,554.3,2387.99,9067.31,1.3,47.27,522.07,2388.06,8156.61,8.4364,0.03,393,2388,100.0,38.87,23.4142,138
7,122,0.0028,-0.0004,100.0,518.67,642.58,1592.39,1403.24,14.62,21.61,554.64,2388.02,9063.65,1.3,47.46,521.76,2388.05,8150.76,8.4226,0.03,393,2388,100.0,38.82,23.4416,137
7,123,-0.0018,0.0,100.0,518.67,642.56,1582.1,1400.06,14.62,21.61,553.78,2388.03,9067.19,1.3,47.33,522.12,2388.05,8150.27,8.411,0.03,391,2388,100.0,39.02,23.3709,136
7,124,-0.0007,-0.0,100.0,518.67,642.25,1592.99,1408.2,14.62,21.61,553.23,2388.04,9072.88,1.3,47.42,521.63,2388.02,8149.35,8.4018,0.03,392,2388,100.0,38.92,23.3578,135
7,125,0.0019,-0.0003,100.0,518.67,642.62,1584.19,1402.5,14.62,21.61,553.96,2387.94,9067.53,1.3,47.43,521.7,2388.08,8154.28,8.3899,0.03,392,2388,100.0,38.78,23.3456,134
7,126,0.0053,0.0002,100.0,518.67,642.37,1582.3,1397.52,14.62,21.61,553.59,2388.02,9070.67,1.3,47.42,522.16,2388.02,8152.25,8.3736,0.03,393,2388,100.0,38.87,23.34,133
7,127,-0.0009,0.0001,100.0,518.67,642.6,1581.37,1402.39,14.62,21.61,553.71,2388.04,9069.47,1.3,47.41,521.89,2388.03,8150.03,8.4232,0.03,392,2388,100.0,39.05,23.4135,132
7,128,-0.0007,0.0001,100.0,518.67,642.51,1588.19,1396.92,14.62,21.61,553.9,2388.04,9072.15,1.3,47.39,521.6,2388.01,8150.53,8.4411,0.03,391,2388,100.0,38.96,23.3882,131
7,129,-0.0018,0.0001,100.0,518.67,642.42,1584.1,1400.77,14.62,21.61,553.95,2388.01,9069.0,1.3,47.26,521.83,2388.01,8154.95,8.4104,0.03,391,2388,100.0,39.02,23.2436,130
7,130,0.0008,-0.0,100.0,518.67,642.08,1580.49,1406.97,14.62,21.61,554.12,2387.96,9070.22,1.3,47.24,521.91,2388.01,8148.93,8.3917,0.03,392,2388,100.0,38.93,23.3635,129
7,131,0.0021,-0.0001,100.0,518.67,642.88,1591.82,1403.05,14.62,21.61,554.21,2388.03,9070.12,1.3,47.31,522.42,2388.03,8147.75,8.3861,0.03,392,2388,100.0,38.95,23.3784,128
7,132,0.0011,0.0004,100.0,518.67,642.89,1582.94,1408.8,14.62,21.61,553.78,2388.04,9066.72,1.3,47.43,521.71,2388.06,8153.77,8.401,0.03,393,2388,100.0,38.67,23.3978,127
7,133,-0.0005,0.0002,100.0,518.67,642.69,1591.77,1398.76,14.62,21.61,554.34,2388.03,9069.62,1.3,47.37,521.91,2388.05,8151.98,8.4459,0.03,393,2388,100.0,39.08,23.2516,126
7,134,-0.0033,0.0003,100.0,518.67,642.76,1587.73,1406.99,14.62,21.61,554.34,2388.07,9077.65,1.3,47.14,521.67,2388.09,8147.45,8.443,0.03,393,2388,100.0,39.0,23.3091,125
7,135,0.0035,-0.0004,100.0,518.67,642.28,1584.28,1405.56,14.62,21.61,553.93,2388.04,9077.44,1.3,47.39,521.74,2388.03,8155.39,8.3877,0.03,392,2388,100.0,38.95,23.3403,124
7,136,0.0002,-0.0005,100.0,518.67,642.34,1586.39,1405.32,14.62,21.61,553.76,2388.1,9076.53,1.3,47.46,521.98,2388.02,8147.06,8.4344,0.03,393,2388,100.0,38.9,23.4535,123
7,137,0.0024,0.0004,100.0,518.67,642.02,1587.49,1399.57,14.62,21.61,553.59,2388.03,9070.37,1.3,47.44,521.78,2388.06,8151.84,8.3974,0.03,393,2388,100.0,38.87,23.3354,122
7,138,0.0012,-0.0002,100.0,518.67,642.54,1586.83,1410.62,14.62,21.61,553.56,2388.07,9088.71,1.3,47.28,521.56,2388.06,8150.35,8.4162,0.03,393,2388,100.0,38.81,23.3105,121
7,139,0.0026,-0.0004,100.0,518.67,642.07,1582.49,1407.34,14.62,21.61,554.32,2388.0,9069.66,1.3,47.38,521.52,2388.03,8149.37,8.3992,0.03,392,2388,100.0,38.91,23.3539,120
7,140,-0.0002,-0.0002,100.0,518.67,641.71,1588.01,1397.47,14.62,21.61,554.19,2388.09,9071.97,1.3,47.53,521.99,2387.99,8152.41,8.4104,0.03,392,2388,100.0,38.72,23.3992,119
7,141,0.0026,0.0004,100.0,518.67,642.56,1584.06,1405.95,14.62,21.61,554.37,2387.99,9062.63,1.3,47.49,522.03,2388.08,8147.09,8.4209,0.03,392,2388,100.0,38.88,23.3839,118
7,142,0.0026,0.0004,100.0,518.67,642.22,1589.54,1408.17,14.62,21.61,554.43,2388.03,9067.92,1.3,47.5,522.12,2388.02,8150.58,8.4346,0.03,393,2388,100.0,38.76,23.2755,117
7,143,-0.0008,-0.0002,100.0,518.67,642.17,1591.24,1411.66,14.62,21.61,553.98,2388.08,9062.89,1.3,47.41,521.4,2388.04,8146.2,8.4113,0.03,393,2388,100.0,39.01,23.3028,116
7,144,-0.0006,-0.0003,100.0,518.67,642.63,1586.99,1401.53,14.62,21.61,553.87,2388.04,9072.82,1.3,47.51,521.75,2388.09,8151.97,8.4157,0.03,394,2388,100.0,38.87,23.3975,115
7,145,0.0034,-0.0001,100.0,518.67,642.17,1584.67,1398.66,14.62,21.61,554.4,2388.07,9068.35,1.3,47.44,521.96,2388.08,8149.4,8.3993,0.03,393,2388,100.0,39.0,23.2129,114
7,146,-0.0003,0.0,100.0,518.67,642.78,1586.7,1404.55,14.62,21.61,554.03,2388.04,9072.51,1.3,47.38,521.78,2388.05,8155.41,8.419,0.03,394,2388,100.0,38.87,23.2878,113
7,147,-0.0013,-0.0002,100.0,518.67,642.68,1589.94,1408.84,14.62,21.61,553.91,2388.11,9073.7,1.3,47.38,521.46,2388.06,8148.28,8.4228,0.03,392,2388,100.0,38.91,23.3109,112
7,148,0.0017,-0.0005,100.0,518.67,642.4,1587.34,1405.2,14.62,21.61,552.93,2388.02,9074.11,1.3,47.45,522.17,2388.07,8152.79,8.4309,0.03,393,2388,100.0,38.9,23.3841,111
7,149,0.0001,0.0001,100.0,518.67,642.77,1589.04,1406.22,14.62,21.61,553.88,2388.07,9073.7,1.3,47.46,521.6,2388.07,8149.44,8.4117,0.03,393,2388,100.0,38.77,23.3419,110
7,150,0.0018,0.0004,100.0,518.67,642.53,1586.93,1408.45,14.62,21.61,553.38,2388.1,9067.38,1.3,47.46,521.91,2388.05,8152.07,8.4593,0.03,393,2388,100.0,38.81,23.3603,109
7,151,0.0001,-0.0001,100.0,518.67,642.46,1587.8,1399.54,14.62,21.61,553.87,2388.06,9076.04,1.3,47.61,521.64,2388.01,8145.89,8.4323,0.03,392,2388,100.0,38.86,23.3556,108
7,152,-0.0002,-0.0005,100.0,518.67,642.56,1586.09,1397.99,14.62,21.61,553.85,2388.09,9072.73,1.3,47.36,521.89,2388.01,8152.18,8.4056,0.03,392,2388,100.0,38.93,23.3601,107
7,153,-0.0003,-0.0002,100.0,518.67,642.4,1587.05,1402.57,14.62,21.61,554.08,2388.05,9069.91,1.3,47.54,521.54,2388.0,8155.54,8.4617,0.03,394,2388,100.0,38.82,23.3405,106
7,154,0.0001,-0.0004,100.0,518.67,642.29,1592.89,1415.0,14.62,21.61,553.96,2388.11,9067.68,1.3,47.41,522.12,2388.04,8153.17,8.4617,0.03,393,2388,100.0,38.86,23.4095,105
7,155,-0.0034,0.0002,100.0,518.67,642.76,1587.23,1405.93,14.62,21.61,554.02,2388.01,9074.46,1.3,47.42,521.87,2388.04,8144.73,8.438,0.03,393,2388,100.0,39.0,23.3537,104
7,156,-0.0006,0.0001,100.0,518.67,642.48,1583.91,1401.34,14.62,21.61,553.66,2388.06,9072.19,1.3,47.59,521.92,2388.04,8148.75,8.4213,0.03,395,2388,100.0,38.96,23.2509,103
7,157,-0.0032,-0.0005,100.0,518.67,642.3,1589.61,1404.74,14.62,21.61,553.46,2388.04,9071.29,1.3,47.54,521.3,2388.06,8147.32,8.4561,0.03,393,2388,100.0,38.96,23.3419,102
7,158,-0.0,0.0001,100.0,518.67,642.44,1588.62,1403.17,14.62,21.61,553.79,2388.09,9070.42,1.3,47.59,521.71,2388.07,8141.94,8.4214,0.03,392,2388,100.0,38.97,23.2451,101
7,159,0.0025,0.0,100.0,518.67,642.88,1587.63,1405.59,14.62,21.61,553.68,2388.08,9062.7,1.3,47.62,521.97,2388.04,8148.8,8.4538,0.03,393,2388,100.0,38.86,23.2677,100
7,160,0.0002,0.0001,100.0,518.67,642.12,1587.0,1408.8,14.62,21.61,553.73,2388.06,9076.13,1.3,47.27,521.81,2388.03,8150.01,8.4317,0.03,393,2388,100.0,39.0,23.2458,99
7,161,0.0001,0.0004,100.0,518.67,642.2,1592.83,1407.45,14.62,21.61,554.02,2388.05,9068.22,1.3,47.45,521.95,2388.02,8144.47,8.4413,0.03,393,2388,100.0,39.02,23.3433,98
7,162,-0.0016,0.0001,100.0,518.67,642.17,1585.91,1416.62,14.62,21.61,554.24,2388.09,9072.74,1.3,47.64,522.26,2388.08,8148.64,8.4535,0.03,393,2388,100.0,38.67,23.3432,97
7,163,0.0001,0.0002,100.0,518.67,642.44,1594.92,1410.41,14.62,21.61,553.87,2388.06,9074.77,1.3,47.56,521.35,2388.04,8151.31,8.4294,0.03,393,2388,100.0,38.89,23.3671,96
7,164,0.0008,-0.0003,100.0,518.67,642.3,1581.71,1413.34,14.62,21.61,553.68,2388.06,9074.82,1.3,47.59,521.42,2388.1,8145.76,8.4141,0.03,395,2388,100.0,39.16,23.3462,95
7,165,-0.0034,0.0002,100.0,518.67,642.48,1586.57,1408.63,14.62,21.61,553.88,2388.05,9067.5,1.3,47.34,521.74,2388.11,8152.62,8.4178,0.03,393,2388,100.0,39.01,23.3804,94
7,166,-0.0024,0.0004,100.0,518.67,643.11,1585.7,1408.71,14.62,21.61,553.31,2388.06,9070.34,1.3,47.3,521.61,2388.04,8152.91,8.4383,0.03,393,2388,100.0,38.74,23.3879,93
7,167,0.0017,-0.0005,100.0,518.67,642.65,1583.62,1401.69,14.62,21.61,554.11,2388.11,9072.18,1.3,47.67,521.65,2388.08,8150.26,8.4419,0.03,393,2388,100.0,38.9,23.2703,92
7,168,-0.0013,0.0,100.0,518.67,642.23,1591.62,1406.7,14.62,21.61,553.21,2388.03,9068.51,1.3,47.43,521.35,2388.05,8154.1,8.4295,0.03,393,2388,100.0,38.78,23.2428,91
7,169,0.0036,-0.0003,100.0,518.67,642.73,1591.4,1405.6,14.62,21.61,554.35,2388.07,9078.0,1.3,47.63,522.64,2388.02,8153.92,8.4133,0.03,390,2388,100.0,38.93,23.3726,90
7,170,0.0011,-0.0003,100.0,518.67,642.52,1585.68,1410.37,14.62,21.61,553.16,2388.08,9067.29,1.3,47.26,521.78,2388.05,8148.34,8.4452,0.03,393,2388,100.0,38.87,23.3247,89
7,171,0.0032,-0.0004,100.0,518.67,642.58,1589.16,1405.96,14.62,21.61,553.5,2388.13,9067.28,1.3,47.35,521.78,2388.13,8143.23,8.4461,0.03,393,2388,100.0,38.73,23.3403,88
7,172,-0.0019,-0.0003,100.0,518.67,642.92,1595.4,1406.01,14.62,21.61,553.69,2388.06,9081.88,1.3,47.62,521.78,2388.1,8153.61,8.445,0.03,393,2388,100.0,38.76,23.3599,87
7,173,0.0008,-0.0005,100.0,518.67,643.01,1587.73,1414.03,14.62,21.61,552.99,2388.07,9076.38,1.3,47.5,521.48,2388.08,8149.05,8.4491,0.03,393,2388,100.0,38.87,23.2075,86
7,174,-0.004,-0.0001,100.0,518.67,642.49,1586.42,1397.74,14.62,21.61,553.78,2388.07,9067.96,1.3,47.57,521.19,2388.03,8148.94,8.4332,0.03,391,2388,100.0,38.72,23.2779,85
7,175,-0.0017,-0.0004,100.0,518.67,642.68,1595.55,1412.11,14.62,21.61,553.42,2388.08,9077.87,1.3,47.66,521.59,2388.13,8151.3,8.4237,0.03,394,2388,100.0,38.62,23.1631,84
7,176,-0.0036,0.0001,100.0,518.67,642.28,1597.97,1415.24,14.62,21.61,553.17,2388.13,9072.06,1.3,47.48,521.06,2388.04,8148.21,8.428,0.03,393,2388,100.0,38.91,23.2682,83
7,177,0.0015,0.0003,100.0,518.67,642.84,1591.36,1410.93,14.62,21.61,553.6,2388.06,9071.16,1.3,47.38,521.66,2388.07,8149.93,8.4442,0.03,394,2388,100.0,38.81,23.3785,82
7,178,-0.0012,0.0002,100.0,518.67,642.67,1588.09,1411.27,14.62,21.61,553.2,2388.09,9076.86,1.3,47.49,521.47,2388.09,8157.58,8.3954,0.03,391,2388,100.0,38.66,23.3998,81
7,179,0.0035,-0.0003,100.0,518.67,643.0,1591.3,1400.94,14.62,21.61,553.07,2388.04,9072.62,1.3,47.7,521.34,2388.1,8151.75,8.4465,0.03,393,2388,100.0,38.7,23.3864,80
7,180,0.0038,0.0,100.0,518.67,642.74,1591.0,1405.0,14.62,21.61,553.18,2388.06,9068.39,1.3,47.45,522.0,2388.05,8144.06,8.4947,0.03,393,2388,100.0,39.0,23.2174,79
7,181,0.0001,-0.0001,100.0,518.67,642.36,1588.42,1412.01,14.62,21.61,553.78,2388.08,9074.8,1.3,47.54,521.47,2388.12,8147.04,8.47,0.03,394,2388,100.0,38.77,23.2754,78
7,182,0.002,0.0001,100.0,518.67,642.8,1587.9,1408.38,14.62,21.61,553.55,2388.07,9063.63,1.3,47.54,521.48,2388.08,8151.06,8.4141,0.03,394,2388,100.0,38.94,23.2421,77
7,183,0.0005,0.0003,100.0,518.67,642.8,1593.35,1410.52,14.62,21.61,552.82,2388.07,9075.35,1.3,47.54,521.5,2388.05,8147.77,8.4391,0.03,392,2388,100.0,38.92,23.2958,76
7,184,-0.0,-0.0001,100.0,518.67,642.51,1598.98,1411.6,14.62,21.61,553.19,2388.1,9068.83,1.3,47.31,521.22,2388.08,8152.73,8.4299,0.03,393,2388,100.0,38.88,23.2048,75
7,185,0.0009,-0.0002,100.0,518.67,642.78,1592.49,1404.86,14.62,21.61,553.48,2388.04,9072.38,1.3,47.61,521.51,2388.05,8154.66,8.4591,0.03,394,2388,100.0,38.89,23.3153,74
7,186,-0.0005,0.0002,100.0,518.67,642.48,1590.97,1403.32,14.62,21.61,553.17,2388.08,9076.96,1.3,47.7,521.22,2388.07,8146.38,8.4367,0.03,393,2388,100.0,38.76,23.2934,73
7,187,0.0012,0.0004,100.0,518.67,642.86,1592.09,1411.99,14.62,21.61,553.52,2388.08,9069.43,1.3,47.7,521.34,2388.11,8151.22,8.4262,0.03,393,2388,100.0,38.84,23.2253,72
7,188,0.0014,0.0,100.0,518.67,642.9,1595.07,1412.29,14.62,21.61,553.51,2388.13,9070.92,1.3,47.67,521.14,2388.1,8147.71,8.4576,0.03,394,2388,100.0,38.8,23.2395,71
7,189,-0.0054,-0.0003,100.0,518.67,642.8,1591.28,1412.55,14.62,21.61,553.24,2388.07,9077.06,1.3,47.42,521.13,2388.08,8151.59,8.4633,0.03,393,2388,100.0,38.63,23.1979,70
7,190,0.0006,-0.0003,100.0,518.67,642.69,1587.13,1415.28,14.62,21.61,553.74,2388.1,9068.88,1.3,47.58,521.61,2388.07,8152.4,8.4669,0.03,394,2388,100.0,38.96,23.257,69
7,191,0.0036,0.0004,100.0,518.67,642.46,1591.4,1411.57,14.62,21.61,553.03,2388.12,9076.52,1.3,47.58,520.54,2388.07,8155.78,8.4436,0.03,394,2388,100.0,38.7,23.2104,68
7,192,0.0011,0.0003,100.0,518.67,642.86,1591.21,1410.83,14.62,21.61,552.67,2388.06,9071.04,1.3,47.47,521.58,2388.05,8150.92,8.436,0.03,393,2388,100.0,38.69,23.3127,67
7,193,-0.0024,-0.0004,100.0,518.67,642.13,1588.41,1409.17,14.62,21.61,553.42,2388.13,9067.94,1.3,47.81,521.3,2388.06,8145.04,8.4052,0.03,394,2388,100.0,38.75,23.2723,66
7,194,-0.0,-0.0002,100.0,518.67,642.53,1596.68,1405.47,14.62,21.61,552.63,2388.07,9076.56,1.3,47.47,521.59,2388.13,8151.29,8.4198,0.03,395,2388,100.0,38.86,23.2208,65
7,195,-0.0003,-0.0004,100.0,518.67,642.42,1590.85,1412.3,14.62,21.61,552.33,2388.06,9072.35,1.3,47.66,521.07,2388.09,8151.7,8.4353,0.03,395,2388,100.0,38.8,23.2506,64
7,196,0.0005,0.0003,100.0,518.67,642.89,1592.59,1414.59,14.62,21.61,553.03,2388.12,9069.95,1.3,47.64,520.89,2388.07,8150.56,8.5004,0.03,394,2388,100.0,38.67,23.2805,63
7,197,0.002,-0.0002,100.0,518.67,642.72,1596.21,1411.61,14.62,21.61,553.37,2388.06,9070.76,1.3,47.54,521.09,2388.1,8158.37,8.4694,0.03,395,2388,100.0,38.77,23.2351,62
7,198,0.0023,-0.0002,100.0,518.67,642.67,1593.2,1407.03,14.62,21.61,552.71,2388.15,9074.19,1.3,47.59,521.46,2388.13,8140.93,8.4257,0.03,395,2388,100.0,38.63,23.2046,61
7,199,0.0023,0.0002,100.0,518.67,642.5,1595.0,1406.95,14.62,21.61,553.53,2388.16,9069.99,1.3,47.62,521.57,2388.11,8150.49,8.4145,0.03,395,2388,100.0,38.72,23.3473,60
7,200,-0.0036,0.0002,100.0,518.67,642.33,1595.56,1415.32,14.62,21.61,553.4,2388.1,9079.46,1.3,47.71,520.7,2388.09,8142.49,8.4652,0.03,394,2388,100.0,38.85,23.317,59
7,201,-0.0036,-0.0004,100.0,518.67,642.44,1596.61,1410.91,14.62,21.61,553.07,2388.08,9073.47,1.3,47.44,521.37,2388.11,8158.87,8.4671,0.03,393,2388,100.0,38.85,23.1116,58
7,202,-0.0043,0.0003,100.0,518.67,642.91,1598.4,1417.06,14.62,21.61,553.13,2388.06,9072.36,1.3,47.55,521.1,2388.11,8148.87,8.4857,0.03,393,2388,100.0,38.72,23.3375,57
7,203,0.0033,-0.0004,100.0,518.67,642.88,1596.16,1411.74,14.62,21.61,552.47,2388.1,9079.01,1.3,47.66,521.47,2388.07,8151.4,8.4414,0.03,393,2388,100.0,38.89,23.288,56
7,204,0.0007,-0.0004,100.0,518.67,642.8,1597.85,1417.15,14.62,21.61,552.96,2388.14,9080.23,1.3,47.59,521.02,2388.14,8150.38,8.5011,0.03,394,2388,100.0,38.65,23.3043,55
7,205,-0.0022,-0.0001,100.0,518.67,642.78,1590.98,1415.44,14.62,21.61,552.95,2388.11,9076.54,1.3,47.58,521.62,2388.1,8147.95,8.4619,0.03,393,2388,100.0,38.79,23.2074,54
7,206,0.0009,-0.0002,100.0,518.67,643.48,1586.96,1403.14,14.62,21.61,553.47,2388.1,9077.9,1.3,47.42,520.93,2388.16,8149.08,8.4322,0.03,395,2388,100.0,38.8,23.2442,53
7,207,-0.0003,0.0001,100.0,518.67,642.98,1593.97,1413.89,14.62,21.61,552.98,2388.1,9075.3,1.3,47.81,521.11,2388.08,8151.96,8.4815,0.03,395,2388,100.0,38.88,23.3537,52
7,208,-0.0007,0.0002,100.0,518.67,642.81,1590.43,1407.37,14.62,21.61,553.58,2388.13,9074.26,1.3,47.65,520.94,2388.09,8142.49,8.4694,0.03,395,2388,100.0,38.92,23.2286,51
7,209,0.002,-0.0005,100.0,518.67,642.67,1595.73,1418.83,14.62,21.61,552.4,2388.13,9074.58,1.3,47.72,520.96,2388.09,8152.83,8.4664,0.03,396,2388,100.0,38.65,23.3284,50
7,210,0.0021,-0.0003,100.0,518.67,643.04,1595.21,1418.31,14.62,21.61,553.14,2388.11,9077.56,1.3,47.76,521.08,2388.17,8147.82,8.461,0.03,394,2388,100.0,38.77,23.2624,49
7,211,-0.0006,0.0002,100.0,518.67,642.97,1593.87,1419.64,14.62,21.61,553.14,2388.08,9070.89,1.3,47.58,521.24,2388.14,8146.19,8.4667,0.03,394,2388,100.0,38.49,23.2027,48
7,212,0.0019,-0.0001,100.0,518.67,642.93,1594.26,1411.21,14.62,21.61,552.58,2388.08,9081.14,1.3,47.84,521.24,2388.09,8151.5,8.4574,0.03,395,2388,100.0,38.73,23.2246,47
7,213,0.0008,-0.0001,100.0,518.67,642.51,1599.51,1414.91,14.62,21.61,553.05,2388.12,9068.6,1.3,47.96,521.05,2388.11,8147.45,8.4807,0.03,395,2388,100.0,38.56,23.1737,46
7,214,0.0022,0.0002,100.0,518.67,642.87,1586.43,1415.25,14.62,21.61,553.41,2388.14,9070.02,1.3,47.74,521.44,2388.13,8147.08,8.4723,0.03,395,2388,100.0,38.66,23.2265,45
7,215,-0.0012,0.0002,100.0,518.67,642.23,1594.07,1417.42,14.62,21.61,552.95,2388.1,9079.45,1.3,47.94,521.17,2388.07,8149.44,8.4582,0.03,394,2388,100.0,38.66,23.2131,44
7,216,-0.0029,0.0004,100.0,518.67,642.94,1592.54,1418.23,14.62,21.61,553.47,2388.14,9070.43,1.3,47.78,520.7,2388.15,8147.65,8.4858,0.03,396,2388,100.0,38.6,23.2425,43
7,217,-0.0024,-0.0004,100.0,518.67,643.26,1600.79,1418.59,14.62,21.61,552.24,2388.18,9070.89,1.3,47.71,521.18,2388.13,8143.68,8.4958,0.03,396,2388,100.0,38.65,23.1888,42
7,218,0.0021,-0.0002,100.0,518.67,642.93,1583.14,1418.41,14.62,21.61,552.67,2388.16,9076.18,1.3,47.76,521.2,2388.07,8151.08,8.4701,0.03,395,2388,100.0,38.61,23.0657,41
7,219,0.0022,0.0003,100.0,518.67,642.92,1593.78,1417.93,14.62,21.61,552.44,2388.16,9067.62,1.3,47.83,520.96,2388.13,8145.68,8.4666,0.03,395,2388,100.0,38.66,23.182,40
7,220,-0.0037,-0.0,100.0,518.67,642.89,1596.6,1416.42,14.62,21.61,553.2,2388.14,9073.62,1.3,47.75,520.9,2388.16,8145.22,8.4495,0.03,395,2388,100.0,38.72,23.1952,39
7,221,-0.0018,-0.0004,100.0,518.67,643.21,1590.76,1416.66,14.62,21.61,552.35,2388.18,9074.2,1.3,47.76,521.51,2388.16,8149.06,8.4509,0.03,397,2388,100.0,38.72,23.2386,38
7,222,0.0023,-0.0005,100.0,518.67,643.44,1593.45,1416.17,14.62,21.61,552.45,2388.12,9078.43,1.3,47.89,521.0,2388.14,8147.71,8.485,0.03,395,2388,100.0,38.53,23.2318,37
7,223,0.0031,0.0004,100.0,518.67,642.46,1592.69,1411.45,14.62,21.61,553.06,2388.14,9079.03,1.3,47.95,520.98,2388.1,8150.38,8.4877,0.03,395,2388,100.0,38.88,23.1761,36
7,224,-0.0021,0.0004,100.0,518.67,643.34,1599.27,1423.7,14.62,21.61,552.49,2388.17,9073.05,1.3,47.79,521.02,2388.17,8151.27,8.4729,0.03,395,2388,100.0,38.38,23.2119,35
7,225,0.0013,-0.0002,100.0,518.67,643.1,1601.64,1404.63,14.62,21.61,552.11,2388.16,9072.91,1.3,47.58,520.3,2388.15,8147.47,8.4919,0.03,395,2388,100.0,38.67,23.1872,34
7,226,-0.0015,-0.0001,100.0,518.67,642.85,1594.71,1417.37,14.62,21.61,552.49,2388.16,9076.72,1.3,47.77,520.7,2388.17,8150.57,8.4716,0.03,395,2388,100.0,38.57,23.1233,33
7,227,0.0004,-0.0001,100.0,518.67,643.3,1600.96,1416.6,14.62,21.61,551.9,2388.17,9080.86,1.3,47.98,520.73,2388.17,8150.49,8.4869,0.03,395,2388,100.0,38.7,23.2282,32
7,228,-0.0016,0.0003,100.0,518.67,643.59,1592.29,1423.21,14.62,21.61,552.01,2388.1,9068.85,1.3,47.69,520.44,2388.14,8152.24,8.4711,0.03,393,2388,100.0,38.77,23.275,31
7,229,-0.0024,-0.0001,100.0,518.67,643.53,1593.53,1418.82,14.62,21.61,552.58,2388.16,9073.5,1.3,47.76,520.43,2388.17,8147.05,8.5182,0.03,395,2388,100.0,38.69,23.0911,30
7,230,-0.001,-0.0004,100.0,518.67,643.66,1594.24,1418.61,14.62,21.61,551.88,2388.12,9077.31,1.3,47.86,520.55,2388.12,8150.09,8.4526,0.03,395,2388,100.0,38.53,23.1294,29
7,231,0.0068,0.0003,100.0,518.67,643.03,1597.7,1415.67,14.62,21.61,553.04,2388.19,9065.62,1.3,47.8,520.54,2388.17,8150.61,8.477,0.03,395,2388,100.0,38.7,23.1564,28
7,232,-0.002,-0.0001,100.0,518.67,643.48,1596.72,1412.12,14.62,21.61,552.42,2388.21,9076.22,1.3,47.92,520.45,2388.19,8152.96,8.4756,0.03,396,2388,100.0,38.58,23.0741,27
7,233,0.0045,0.0002,100.0,518.67,642.87,1597.06,1420.78,14.62,21.61,551.64,2388.11,9072.86,1.3,47.88,519.43,2388.16,8149.41,8.5079,0.03,394,2388,100.0,38.62,23.2648,26
7,234,-0.0021,-0.0002,100.0,518.67,643.51,1601.02,1424.95,14.62,21.61,552.84,2388.16,9080.03,1.3,47.83,520.55,2388.22,8151.88,8.46,0.03,396,2388,100.0,38.61,23.1713,25
7,235,0.0016,-0.0001,100.0,518.67,643.06,1594.95,1419.33,14.62,21.61,552.44,2388.15,9075.23,1.3,47.84,520.6,2388.19,8148.45,8.4973,0.03,395,2388,100.0,38.68,23.1397,24
7,236,0.0011,-0.0003,100.0,518.67,643.14,1595.7,1417.66,14.62,21.61,552.6,2388.16,9079.14,1.3,47.91,520.92,2388.18,8151.16,8.4736,0.03,395,2388,100.0,38.6,23.1665,23
7,237,0.0006,0.0004,100.0,518.67,643.45,1596.98,1414.51,14.62,21.61,551.59,2388.16,9076.52,1.3,48.03,520.6,2388.15,8141.06,8.5253,0.03,392,2388,100.0,38.47,23.1135,22
7,238,0.0022,-0.0005,100.0,518.67,643.21,1593.11,1419.91,14.62,21.61,552.25,2388.19,9076.16,1.3,47.89,520.49,2388.12,8151.87,8.4559,0.03,395,2388,100.0,38.46,23.1676,21
7,239,-0.0016,-0.0001,100.0,518.67,643.13,1597.49,1427.17,14.62,21.61,552.56,2388.21,9073.46,1.3,47.94,519.61,2388.17,8154.95,8.4994,0.03,396,2388,100.0,38.68,23.2434,20
7,240,-0.0017,-0.0,100.0,518.67,643.32,1597.45,1432.67,14.62,21.61,551.48,2388.22,9067.35,1.3,47.95,520.18,2388.18,8141.72,8.4763,0.03,395,2388,100.0,38.64,23.071,19
7,241,0.0013,-0.0002,100.0,518.67,643.14,1603.37,1431.51,14.62,21.61,552.52,2388.18,9075.25,1.3,47.95,520.26,2388.24,8151.52,8.5086,0.03,396,2388,100.0,38.46,23.1039,18
7,242,-0.0007,-0.0005,100.0,518.67,643.45,1598.75,1420.94,14.62,21.61,551.63,2388.18,9069.47,1.3,47.82,520.3,2388.23,8149.19,8.4831,0.03,394,2388,100.0,38.52,23.1649,17
7,243,0.0016,0.0004,100.0,518.67,643.5,1607.7,1417.37,14.62,21.61,551.88,2388.16,9070.96,1.3,48.05,520.17,2388.16,8145.69,8.517,0.03,396,2388,100.0,38.51,22.9398,16
7,244,-0.0012,-0.0001,100.0,518.67,643.11,1601.18,1428.04,14.62,21.61,551.49,2388.19,9075.06,1.3,47.94,520.26,2388.17,8150.13,8.5106,0.03,397,2388,100.0,38.55,23.1399,15
7,245,0.0027,-0.0001,100.0,518.67,644.0,1596.94,1426.25,14.62,21.61,551.82,2388.2,9080.51,1.3,47.92,519.86,2388.16,8150.09,8.5085,0.03,396,2388,100.0,38.6,23.1415,14
7,246,0.0005,0.0002,100.0,518.67,643.41,1596.23,1433.13,14.62,21.61,552.23,2388.22,9075.19,1.3,48.16,519.97,2388.2,8148.66,8.4742,0.03,395,2388,100.0,38.58,23.0662,13
7,247,0.0012,0.0002,100.0,518.67,643.47,1600.74,1424.71,14.62,21.61,551.26,2388.23,9084.92,1.3,48.13,520.15,2388.21,8154.58,8.5149,0.03,396,2388,100.0,38.62,23.1767,12
7,248,-0.0043,-0.0001,100.0,518.67,643.87,1591.09,1427.14,14.62,21.61,552.06,2388.18,9080.02,1.3,47.9,519.58,2388.24,8149.12,8.5117,0.03,397,2388,100.0,38.38,23.0795,11
7,249,0.0017,0.0004,100.0,518.67,643.13,1598.89,1422.5,14.62,21.61,552.73,2388.21,9082.19,1.3,48.02,520.01,2388.23,8145.07,8.4859,0.03,396,2388,100.0,38.51,23.073,10
7,250,0.0036,0.0001,100.0,518.67,643.94,1598.33,1421.79,14.62,21.61,551.2,2388.21,9071.1,1.3,48.07,519.54,2388.22,8144.56,8.4925,0.03,397,2388,100.0,38.7,23.1371,9
7,251,0.0021,-0.0,100.0,518.67,643.83,1601.42,1427.83,14.62,21.61,551.43,2388.25,9081.49,1.3,48.03,520.21,2388.23,8147.78,8.5101,0.03,396,2388,100.0,38.5,23.0912,8
7,252,-0.0005,-0.0003,100.0,518.67,643.91,1601.87,1436.55,14.62,21.61,551.21,2388.24,9074.07,1.3,48.3,519.47,2388.22,8148.12,8.5229,0.03,396,2388,100.0,38.45,23.1259,7
7,253,0.0012,-0.0004,100.0,518.67,643.53,1596.44,1421.13,14.62,21.61,551.61,2388.2,9070.56,1.3,48.26,519.5,2388.23,8150.7,8.5007,0.03,397,2388,100.0,38.52,23.0652,6
7,254,-0.001,-0.0004,100.0,518.67,643.56,1590.69,1423.7,14.62,21.61,551.12,2388.25,9075.33,1.3,47.98,519.48,2388.27,8141.83,8.5627,0.03,398,2388,100.0,38.63,23.0196,5
7,255,0.005,-0.0004,100.0,518.67,643.45,1606.52,1422.76,14.62,21.61,551.17,2388.21,9076.94,1.3,48.15,519.88,2388.2,8146.81,8.5001,0.03,395,2388,100.0,38.55,23.0458,4
7,256,0.0019,0.0001,100.0,518.67,643.35,1597.88,1428.37,14.62,21.61,551.31,2388.22,9074.79,1.3,47.96,520.21,2388.23,8139.94,8.5104,0.03,395,2388,100.0,38.53,23.126,3
7,257,-0.0032,-0.0002,100.0,518.67,644.27,1602.83,1421.92,14.62,21.61,551.28,2388.24,9077.77,1.3,48.35,519.65,2388.23,8149.6,8.5367,0.03,396,2388,100.0,38.4,23.0286,2
7,258,-0.0005,0.0001,100.0,518.67,643.56,1598.95,1425.91,14.62,21.61,551.59,2388.27,9075.18,1.3,48.05,519.06,2388.23,8149.55,8.5369,0.03,396,2388,100.0,38.5,22.9854,1
7,259,0.0043,-0.0001,100.0,518.67,644.15,1599.33,1435.04,14.62,21.61,551.97,2388.19,9075.94,1.3,47.97,519.1,2388.24,8145.75,8.5162,0.03,396,2388,100.0,38.46,23.0596,0
8,1,-0.0026,-0.0003,100.0,518.67,643.18,1585.17,1409.75,14.62,21.61,552.31,2388.12,9048.66,1.3,47.3,521.23,2388.13,8123.47,8.4808,0.03,393,2388,100.0,38.9,23.3468,149
8,2,-0.0012,-0.0003,100.0,518.67,642.92,1585.97,1410.81,14.62,21.61,552.74,2388.11,9040.66,1.3,47.62,521.82,2388.13,8120.18,8.4209,0.03,392,2388,100.0,38.9,23.2926,148
8,3,0.0001,0.0002,100.0,518.67,642.74,1591.11,1403.29,14.62,21.61,552.79,2388.11,9045.01,1.3,47.51,521.52,2388.12,8122.29,8.4497,0.03,393,2388,100.0,38.88,23.1812,147
8,4,-0.0021,0.0005,100.0,518.67,642.76,1592.22,1406.11,14.62,21.61,552.13,2388.14,9049.45,1.3,47.68,521.25,2388.12,8123.8,8.4405,0.03,393,2388,100.0,38.86,23.2371,146
8,5,-0.0044,0.0003,100.0,518.67,643.13,1596.11,1409.34,14.62,21.61,553.61,2388.13,9043.0,1.3,47.53,521.5,2388.15,8118.15,8.4029,0.03,392,2388,100.0,38.88,23.2975,145
8,6,0.0028,-0.0005,100.0,518.67,642.55,1596.3,1418.06,14.62,21.61,552.32,2388.13,9045.24,1.3,47.55,521.07,2388.14,8126.65,8.4505,0.03,394,2388,100.0,38.86,23.2799,144
8,7,-0.0024,0.0004,100.0,518.67,642.86,1586.88,1404.52,14.62,21.61,553.54,2388.11,9042.79,1.3,47.28,521.14,2388.13,8121.9,8.4438,0.03,392,2388,100.0,38.71,23.3545,143
8,8,-0.0017,-0.0001,100.0,518.67,642.75,1589.06,1407.11,14.62,21.61,552.97,2388.17,9040.27,1.3,47.38,521.9,2388.21,8120.31,8.4281,0.03,394,2388,100.0,38.71,23.2232,142
8,9,-0.0004,0.0002,100.0,518.67,643.01,1594.26,1413.87,14.62,21.61,552.61,2388.1,9037.14,1.3,47.53,521.17,2388.15,8115.49,8.4758,0.03,392,2388,100.0,38.94,23.2721,141
8,10,-0.005,-0.0001,100.0,518.67,642.57,1583.85,1406.7,14.62,21.61,553.56,2388.12,9040.35,1.3,47.59,521.1,2388.14,8128.5,8.4599,0.03,395,2388,100.0,38.76,23.2683,140
8,11,0.0018,0.0004,100.0,518.67,642.3,1589.55,1419.87,14.62,21.61,554.04,2388.2,9040.86,1.3,47.69,521.0,2388.14,8125.93,8.4549,0.03,392,2388,100.0,38.81,23.2842,139
8,12,0.0013,-0.0004,100.0,518.67,643.02,1587.92,1406.39,14.62,21.61,553.47,2388.1,9042.47,1.3,47.65,521.18,2388.11,8121.97,8.4522,0.03,394,2388,100.0,39.04,23.2671,138
8,13,-0.0024,0.0004,100.0,518.67,642.46,1588.36,1407.31,14.62,21.61,553.57,2388.1,9042.18,1.3,47.35,521.36,2388.1,8118.26,8.4268,0.03,395,2388,100.0,38.67,23.357,137
8,14,0.0001,-0.0004,100.0,518.67,642.44,1588.9,1413.77,14.62,21.61,553.13,2388.14,9048.68,1.3,47.53,521.1,2388.15,8126.84,8.4481,0.03,394,2388,100.0,38.82,23.3671,136
8,15,-0.0028,-0.0003,100.0,518.67,642.61,1596.78,1411.97,14.62,21.61,553.06,2388.15,9043.81,1.3,47.62,521.48,2388.16,8126.2,8.4934,0.03,390,2388,100.0,38.6,23.3259,135
8,16,-0.004,0.0004,100.0,518.67,641.82,1592.93,1410.4,14.62,21.61,553.15,2388.06,9039.37,1.3,47.57,522.08,2388.17,8120.23,8.4631,0.03,392,2388,100.0,38.78,23.2899,134
8,17,-0.0019,-0.0003,100.0,518.67,642.61,1592.06,1403.1,14.62,21.61,553.48,2388.16,9038.3,1.3,47.62,521.25,2388.12,8127.19,8.4208,0.03,392,2388,100.0,38.82,23.2522,133
8,18,-0.0001,-0.0001,100.0,518.67,642.2,1593.38,1409.63,14.62,21.61,552.95,2388.17,9042.87,1.3,47.71,521.19,2388.1,8115.54,8.4579,0.03,393,2388,100.0,38.98,23.2242,132
8,19,-0.0048,-0.0004,100.0,518.67,642.32,1590.23,1406.79,14.62,21.61,553.75,2388.1,9037.76,1.3,47.61,521.0,2388.07,8123.53,8.4433,0.03,392,2388,100.0,38.88,23.2057,131
8,20,-0.0003,0.0,100.0,518.67,643.33,1590.41,1405.38,14.62,21.61,553.09,2388.13,9045.77,1.3,47.41,521.75,2388.11,8120.73,8.4265,0.03,395,2388,100.0,38.89,23.2556,130
8,21,-0.0035,-0.0003,100.0,518.67,642.74,1586.57,1400.16,14.62,21.61,553.73,2388.17,9041.03,1.3,47.51,520.86,2388.14,8124.54,8.4506,0.03,392,2388,100.0,38.84,23.3172,129
8,22,0.0045,-0.0001,100.0,518.67,642.68,1589.24,1412.59,14.62,21.61,553.2,2388.17,9050.28,1.3,47.6,521.51,2388.11,8125.91,8.4327,0.03,394,2388,100.0,38.91,23.2675,128
8,23,0.0002,0.0002,100.0,518.67,643.08,1585.98,1415.98,14.62,21.61,553.14,2388.18,9035.26,1.3,47.54,521.28,2388.08,8120.95,8.4517,0.03,392,2388,100.0,38.87,23.1853,127
8,24,0.0022,-0.0004,100.0,518.67,642.92,1584.01,1406.58,14.62,21.61,552.85,2388.14,9048.23,1.3,47.53,521.63,2388.11,8124.29,8.4348,0.03,391,2388,100.0,38.9,23.3129,126
8,25,0.0006,-0.0003,100.0,518.67,642.85,1585.05,1410.56,14.62,21.61,553.29,2388.13,9043.13,1.3,47.73,521.75,2388.09,8125.6,8.4432,0.03,393,2388,100.0,38.78,23.2746,125
8,26,0.0015,0.0002,100.0,518.67,642.23,1589.95,1405.69,14.62,21.61,553.07,2388.07,9045.98,1.3,47.38,521.88,2388.16,8122.28,8.4056,0.03,394,2388,100.0,38.88,23.2902,124
8,27,-0.002,0.0004,100.0,518.67,642.83,1590.91,1413.37,14.62,21.61,553.4,2388.17,9043.12,1.3,47.57,520.65,2388.2,8117.73,8.4211,0.03,393,2388,100.0,38.69,23.2324,123
8,28,-0.0004,0.0001,100.0,518.67,642.14,1584.76,1411.85,14.62,21.61,553.68,2388.1,9045.72,1.3,47.43,520.94,2388.1,8127.55,8.4334,0.03,393,2388,100.0,38.79,23.2601,122
8,29,-0.0006,-0.0004,100.0,518.67,642.89,1592.03,1407.7,14.62,21.61,553.01,2388.16,9044.98,1.3,47.57,521.34,2388.15,8126.46,8.4479,0.03,392,2388,100.0,38.92,23.3099,121
8,30,0.0004,0.0003,100.0,518.67,643.08,1588.55,1400.07,14.62,21.61,552.45,2388.08,9044.89,1.3,47.59,521.26,2388.14,8121.13,8.4222,0.03,393,2388,100.0,38.81,23.3215,120
8,31,0.0003,0.0,100.0,518.67,642.63,1584.36,1410.45,14.62,21.61,553.64,2388.09,9044.91,1.3,47.59,521.59,2388.12,8120.89,8.4893,0.03,393,2388,100.0,38.8,23.3203,119
8,32,0.0001,0.0002,100.0,518.67,642.87,1594.16,1413.85,14.62,21.61,552.92,2388.13,9049.25,1.3,47.42,521.58,2388.17,8125.78,8.4686,0.03,394,2388,100.0,38.73,23.2709,118
8,33,-0.0025,-0.0001,100.0,518.67,642.11,1588.7,1416.52,14.62,21.61,552.9,2388.14,9044.51,1.3,47.59,521.03,2388.14,8124.0,8.4675,0.03,394,2388,100.0,38.92,23.3081,117
8,34,-0.003,0.0001,100.0,518.67,642.38,1594.25,1406.27,14.62,21.61,552.76,2388.14,9036.91,1.3,47.67,520.91,2388.14,8123.04,8.4364,0.03,395,2388,100.0,38.85,23.2625,116
8,35,-0.0035,-0.0001,100.0,518.67,642.79,1591.81,1411.73,14.62,21.61,553.56,2388.11,9036.35,1.3,47.64,521.09,2388.1,8123.98,8.471,0.03,393,2388,100.0,38.67,23.2182,115
8,36,-0.0018,0.0001,100.0,518.67,643.05,1588.74,1414.51,14.62,21.61,553.27,2388.08,9044.03,1.3,47.5,521.37,2388.11,8123.2,8.4597,0.03,393,2388,100.0,38.71,23.2801,114
8,37,0.0016,-0.0005,100.0,518.67,642.86,1593.86,1409.9,14.62,21.61,553.36,2388.14,9034.65,1.3,47.65,521.28,2388.11,8124.45,8.4143,0.03,394,2388,100.0,38.83,23.2904,113
8,38,-0.0004,0.0002,100.0,518.67,642.91,1592.65,1403.91,14.62,21.61,552.94,2388.11,9049.72,1.3,47.29,521.18,2388.15,8128.73,8.4479,0.03,393,2388,100.0,38.85,23.2445,112
8,39,-0.0008,0.0004,100.0,518.67,642.67,1594.9,1409.08,14.62,21.61,553.02,2388.16,9045.83,1.3,47.55,522.13,2388.13,8123.46,8.4429,0.03,394,2388,100.0,38.82,23.2915,111
8,40,0.0012,0.0004,100.0,518.67,642.33,1587.05,1409.73,14.62,21.61,553.2,2388.14,9050.57,1.3,47.59,521.64,2388.16,8124.43,8.414,0.03,394,2388,100.0,38.91,23.2884,110
8,41,-0.0021,0.0005,100.0,518.67,643.64,1586.4,1415.03,14.62,21.61,552.39,2388.15,9040.69,1.3,47.58,521.33,2388.17,8124.75,8.4514,0.03,392,2388,100.0,38.82,23.2971,109
8,42,0.0007,-0.0001,100.0,518.67,642.45,1596.61,1413.96,14.62,21.61,553.39,2388.15,9042.79,1.3,47.57,521.01,2388.11,8125.15,8.4001,0.03,393,2388,100.0,38.82,23.2418,108
8,43,0.0043,-0.0,100.0,518.67,642.12,1589.67,1404.92,14.62,21.61,553.1,2388.1,9045.67,1.3,47.53,520.99,2388.13,8129.09,8.4519,0.03,393,2388,100.0,38.8,23.2719,107
8,44,0.001,-0.0,100.0,518.67,642.83,1594.48,1412.23,14.62,21.61,553.81,2388.13,9043.58,1.3,47.47,521.38,2388.17,8123.59,8.4808,0.03,393,2388,100.0,38.81,23.2559,106
8,45,0.0022,0.0005,100.0,518.67,642.7,1594.39,1406.87,14.62,21.61,553.18,2388.1,9050.41,1.3,47.38,520.97,2388.07,8126.59,8.3967,0.03,391,2388,100.0,38.81,23.2896,105
8,46,-0.001,-0.0004,100.0,518.67,642.66,1582.06,1407.98,14.62,21.61,553.09,2388.11,9036.96,1.3,47.58,521.52,2388.2,8121.42,8.4308,0.03,393,2388,100.0,38.76,23.274,104
8,47,-0.0017,0.0,100.0,518.67,643.19,1597.18,1409.66,14.62,21.61,552.66,2388.14,9044.83,1.3,47.49,521.09,2388.14,8121.72,8.4617,0.03,395,2388,100.0,38.83,23.2846,103
8,48,-0.0011,-0.0003,100.0,518.67,643.16,1592.35,1410.66,14.62,21.61,553.5,2388.15,9044.91,1.3,47.62,521.2,2388.07,8121.14,8.4126,0.03,393,2388,100.0,38.66,23.3099,102
8,49,0.0022,0.0002,100.0,518.67,642.47,1597.28,1408.45,14.62,21.61,553.69,2388.16,9038.38,1.3,47.81,521.69,2388.11,8131.45,8.4282,0.03,394,2388,100.0,38.78,23.2095,101
8,50,0.0009,-0.0,100.0,518.67,642.46,1596.48,1418.47,14.62,21.61,553.05,2388.17,9046.6,1.3,47.58,520.84,2388.2,8129.67,8.4453,0.03,393,2388,100.0,38.71,23.2612,100
8,51,0.0016,-0.0002,100.0,518.67,642.3,1596.71,1408.48,14.62,21.61,552.96,2388.18,9048.73,1.3,47.66,521.17,2388.2,8119.14,8.4715,0.03,395,2388,100.0,38.86,23.2719,99
8,52,0.002,-0.0005,100.0,518.67,642.91,1591.23,1411.15,14.62,21.61,553.42,2388.19,9046.61,1.3,47.58,521.03,2388.15,8121.41,8.4327,0.03,394,2388,100.0,38.87,23.2967,98
8,53,0.0029,0.0,100.0,518.67,642.44,1591.28,1408.73,14.62,21.61,553.37,2388.12,9046.52,1.3,47.54,521.1,2388.2,8124.44,8.4654,0.03,392,2388,100.0,38.77,23.2592,97
8,54,-0.0015,0.0002,100.0,518.67,642.8,1586.86,1408.64,14.62,21.61,553.38,2388.14,9041.94,1.3,47.79,521.49,2388.1,8122.24,8.4623,0.03,394,2388,100.0,38.78,23.2773,96
8,55,0.0011,-0.0,100.0,518.67,642.55,1587.69,1409.0,14.62,21.61,552.31,2388.14,9045.33,1.3,47.61,521.12,2388.13,8121.94,8.4465,0.03,393,2388,100.0,38.76,23.3119,95
8,56,0.0017,-0.0003,100.0,518.67,642.79,1588.22,1412.93,14.62,21.61,553.19,2388.12,9049.54,1.3,47.59,522.12,2388.15,8122.62,8.4121,0.03,394,2388,100.0,38.92,23.367,94
8,57,-0.0018,-0.0004,100.0,518.67,642.51,1587.86,1405.68,14.62,21.61,552.52,2388.08,9045.48,1.3,47.45,520.87,2388.18,8126.86,8.4585,0.03,392,2388,100.0,38.71,23.2328,93
8,58,0.0022,-0.0001,100.0,518.67,642.54,1587.61,1415.49,14.62,21.61,553.74,2388.12,9044.57,1.3,47.66,520.79,2388.16,8130.47,8.5176,0.03,393,2388,100.0,38.62,23.2355,92
8,59,-0.0031,0.0003,100.0,518.67,642.73,1596.47,1403.96,14.62,21.61,552.83,2388.13,9046.28,1.3,47.69,521.76,2388.14,8124.19,8.4526,0.03,393,2388,100.0,38.9,23.3387,91
8,60,0.0026,0.0003,100.0,518.67,642.89,1592.58,1413.38,14.62,21.61,552.45,2388.15,9045.93,1.3,47.7,521.52,2388.11,8123.02,8.4372,0.03,393,2388,100.0,38.75,23.2112,90
8,61,-0.0025,-0.0002,100.0,518.67,642.36,1581.06,1410.45,14.62,21.61,553.78,2388.13,9044.33,1.3,47.51,521.35,2388.13,8122.4,8.4707,0.03,393,2388,100.0,38.77,23.2598,89
8,62,0.0025,0.0005,100.0,518.67,642.93,1588.92,1406.65,14.62,21.61,552.12,2388.11,9048.93,1.3,47.55,520.66,2388.17,8122.81,8.4369,0.03,393,2388,100.0,38.74,23.1837,88
8,63,0.0,0.0004,100.0,518.67,642.38,1593.42,1411.87,14.62,21.61,552.76,2388.11,9043.9,1.3,47.69,520.88,2388.16,8128.93,8.4405,0.03,394,2388,100.0,38.9,23.3115,87
8,64,-0.0004,-0.0003,100.0,518.67,643.04,1587.91,1403.83,14.62,21.61,552.8,2388.15,9042.25,1.3,47.82,521.23,2388.12,8130.97,8.4649,0.03,394,2388,100.0,38.76,23.1794,86
8,65,0.0017,0.0002,100.0,518.67,642.33,1592.63,1411.72,14.62,21.61,553.15,2388.17,9045.47,1.3,47.63,521.07,2388.18,8126.65,8.4577,0.03,393,2388,100.0,38.75,23.3226,85
8,66,-0.0012,0.0004,100.0,518.67,642.65,1589.96,1410.23,14.62,21.61,553.33,2388.18,9052.06,1.3,47.79,520.67,2388.13,8127.1,8.4809,0.03,393,2388,100.0,38.84,23.2782,84
8,67,-0.0025,0.0001,100.0,518.67,643.01,1598.92,1416.24,14.62,21.61,553.62,2388.18,9038.84,1.3,47.79,521.34,2388.14,8125.15,8.4402,0.03,394,2388,100.0,38.8,23.3558,83
8,68,0.0022,-0.0001,100.0,518.67,642.59,1594.01,1409.46,14.62,21.61,554.02,2388.15,9041.41,1.3,47.55,520.95,2388.13,8120.7,8.4435,0.03,394,2388,100.0,38.88,23.2831,82
8,69,-0.0028,0.0002,100.0,518.67,643.06,1590.31,1411.5,14.62,21.61,553.19,2388.19,9046.08,1.3,47.57,520.99,2388.14,8127.49,8.4424,0.03,396,2388,100.0,38.79,23.2364,81
8,70,0.0027,-0.0003,100.0,518.67,643.09,1598.38,1409.85,14.62,21.61,553.02,2388.14,9038.74,1.3,47.59,520.88,2388.12,8122.58,8.4531,0.03,394,2388,100.0,38.68,23.2438,80
8,71,0.0053,-0.0004,100.0,518.67,642.27,1588.04,1411.2,14.62,21.61,553.02,2388.16,9039.96,1.3,47.76,521.64,2388.12,8122.38,8.4414,0.03,393,2388,100.0,38.83,23.2851,79
8,72,0.0024,0.0003,100.0,518.67,642.79,1590.22,1412.92,14.62,21.61,553.02,2388.17,9044.54,1.3,47.55,521.07,2388.15,8122.73,8.4352,0.03,395,2388,100.0,38.8,23.255,78
8,73,0.0035,0.0001,100.0,518.67,642.76,1589.54,1412.9,14.62,21.61,552.98,2388.13,9048.97,1.3,47.7,521.71,2388.2,8124.83,8.4614,0.03,393,2388,100.0,38.81,23.3273,77
8,74,0.0003,0.0003,100.0,518.67,643.27,1589.11,1406.93,14.62,21.61,553.28,2388.17,9044.45,1.3,47.55,520.98,2388.15,8124.58,8.4337,0.03,394,2388,100.0,38.79,23.2157,76
8,75,-0.0026,0.0002,100.0,518.67,642.42,1588.17,1413.75,14.62,21.61,553.24,2388.14,9035.51,1.3,47.46,520.76,2388.14,8122.96,8.4466,0.03,392,2388,100.0,38.77,23.1397,75
8,76,0.0024,0.0001,100.0,518.67,642.69,1587.95,1411.06,14.62,21.61,553.56,2388.14,9042.02,1.3,47.57,521.17,2388.18,8128.53,8.4635,0.03,394,2388,100.0,38.71,23.2871,74
8,77,-0.0007,-0.0001,100.0,518.67,642.83,1594.18,1415.54,14.62,21.61,552.76,2388.17,9053.25,1.3,47.68,520.77,2388.14,8120.54,8.4474,0.03,394,2388,100.0,38.82,23.2749,73
8,78,-0.0001,0.0,100.0,518.67,643.06,1593.86,1412.77,14.62,21.61,553.07,2388.16,9049.31,1.3,47.63,520.97,2388.15,8118.89,8.4951,0.03,393,2388,100.0,38.78,23.2729,72
8,79,-0.002,-0.0001,100.0,518.67,643.18,1590.44,1408.65,14.62,21.61,552.55,2388.19,9039.68,1.3,47.64,520.42,2388.2,8116.35,8.4716,0.03,392,2388,100.0,38.91,23.2468,71
8,80,0.0006,0.0004,100.0,518.67,643.09,1586.49,1421.86,14.62,21.61,552.97,2388.16,9047.5,1.3,47.6,520.82,2388.16,8118.39,8.4046,0.03,394,2388,100.0,38.69,23.1655,70
8,81,0.0015,0.0,100.0,518.67,642.44,1598.81,1418.07,14.62,21.61,553.13,2388.18,9041.18,1.3,47.59,520.64,2388.12,8123.52,8.4418,0.03,394,2388,100.0,38.75,23.1679,69
8,82,0.0017,0.0002,100.0,518.67,643.11,1587.82,1406.94,14.62,21.61,552.63,2388.19,9042.48,1.3,47.77,521.23,2388.18,8125.37,8.4673,0.03,395,2388,100.0,38.67,23.3798,68
8,83,-0.0017,-0.0002,100.0,518.67,642.79,1588.27,1406.93,14.62,21.61,553.02,2388.17,9040.09,1.3,47.66,521.38,2388.23,8117.09,8.4569,0.03,394,2388,100.0,38.88,23.1633,67
8,84,0.0007,0.0002,100.0,518.67,642.91,1600.62,1416.91,14.62,21.61,553.39,2388.2,9041.17,1.3,47.68,520.84,2388.15,8124.57,8.4446,0.03,394,2388,100.0,38.68,23.3456,66
8,85,-0.002,-0.0001,100.0,518.67,643.53,1586.9,1419.03,14.62,21.61,553.03,2388.18,9047.29,1.3,47.71,521.2,2388.17,8124.2,8.4391,0.03,394,2388,100.0,38.51,23.2252,65
8,86,0.0014,-0.0003,100.0,518.67,643.57,1595.92,1411.11,14.62,21.61,552.65,2388.21,9045.77,1.3,47.73,521.32,2388.18,8131.35,8.5072,0.03,395,2388,100.0,38.8,23.2706,64
8,87,-0.0011,0.0004,100.0,518.67,643.13,1594.3,1419.41,14.62,21.61,553.26,2388.17,9041.86,1.3,47.69,521.01,2388.18,8121.4,8.4485,0.03,394,2388,100.0,38.7,23.1939,63
8,88,-0.0005,0.0003,100.0,518.67,643.0,1592.27,1413.99,14.62,21.61,552.58,2388.15,9045.3,1.3,47.78,520.49,2388.15,8124.14,8.4636,0.03,395,2388,100.0,38.85,23.2395,62
8,89,-0.0027,-0.0004,100.0,518.67,642.89,1588.92,1414.77,14.62,21.61,552.99,2388.18,9043.81,1.3,47.53,521.37,2388.19,8122.98,8.4684,0.03,393,2388,100.0,38.75,23.2629,61
8,90,-0.0018,-0.0003,100.0,518.67,643.04,1597.06,1419.66,14.62,21.61,553.63,2388.21,9041.63,1.3,47.76,520.86,2388.25,8120.59,8.4657,0.03,395,2388,100.0,38.75,23.175,60
8,91,0.0024,0.0004,100.0,518.67,642.85,1597.12,1418.09,14.62,21.61,553.31,2388.14,9047.15,1.3,47.61,521.1,2388.15,8121.46,8.4363,0.03,392,2388,100.0,38.81,23.1856,59
8,92,0.004,-0.0003,100.0,518.67,643.22,1587.73,1406.32,14.62,21.61,553.52,2388.21,9049.57,1.3,47.68,520.76,2388.15,8122.02,8.4885,0.03,393,2388,100.0,38.64,23.2741,58
8,93,0.0012,-0.0002,100.0,518.67,642.64,1600.04,1412.99,14.62,21.61,553.25,2388.16,9040.84,1.3,47.59,521.29,2388.16,8122.66,8.4484,0.03,394,2388,100.0,38.68,23.2533,57
8,94,0.0011,-0.0001,100.0,518.67,642.83,1598.04,1413.58,14.62,21.61,553.19,2388.2,9047.56,1.3,47.68,520.82,2388.2,8122.33,8.4551,0.03,394,2388,100.0,38.72,23.2282,56
8,95,0.0023,-0.0002,100.0,518.67,643.23,1593.41,1414.15,14.62,21.61,552.31,2388.21,9038.83,1.3,47.74,520.93,2388.15,8125.25,8.4869,0.03,395,2388,100.0,38.72,23.3197,55
8,96,0.0032,0.0004,100.0,518.67,642.87,1597.95,1410.75,14.62,21.61,553.64,2388.13,9050.75,1.3,47.69,521.23,2388.19,8129.38,8.4842,0.03,393,2388,100.0,38.81,23.1988,54
8,97,0.0011,-0.0003,100.0,518.67,643.24,1589.77,1414.96,14.62,21.61,552.79,2388.17,9048.65,1.3,47.89,521.04,2388.2,8128.03,8.4235,0.03,392,2388,100.0,38.85,23.2346,53
8,98,-0.0048,0.0003,100.0,518.67,642.84,1591.64,1414.43,14.62,21.61,552.63,2388.17,9039.9,1.3,47.59,520.74,2388.17,8124.19,8.4813,0.03,393,2388,100.0,38.71,23.2744,52
8,99,0.0043,-0.0001,100.0,518.67,642.14,1596.36,1416.42,14.62,21.61,552.48,2388.16,9040.52,1.3,47.82,520.74,2388.16,8124.1,8.4653,0.03,394,2388,100.0,38.73,23.1774,51
8,100,0.0008,0.0004,100.0,518.67,642.33,1595.63,1418.78,14.62,21.61,552.73,2388.16,9051.11,1.3,47.72,520.59,2388.21,8126.0,8.4532,0.03,394,2388,100.0,38.75,23.1026,50
8,101,-0.0012,0.0002,100.0,518.67,643.11,1591.38,1421.21,14.62,21.61,552.64,2388.16,9043.7,1.3,47.75,520.9,2388.16,8125.97,8.4646,0.03,395,2388,100.0,38.61,23.2687,49
8,102,0.0005,0.0004,100.0,518.67,643.14,1582.62,1413.48,14.62,21.61,552.27,2388.19,9044.0,1.3,47.73,520.79,2388.19,8121.88,8.4561,0.03,394,2388,100.0,38.85,23.2557,48
8,103,-0.0021,0.0,100.0,518.67,642.76,1593.92,1411.03,14.62,21.61,553.11,2388.21,9044.49,1.3,47.78,521.19,2388.21,8124.0,8.4837,0.03,395,2388,100.0,38.76,23.2683,47
8,104,0.0005,0.0004,100.0,518.67,642.77,1590.73,1418.79,14.62,21.61,552.61,2388.21,9038.88,1.3,47.78,520.55,2388.14,8120.49,8.4563,0.03,393,2388,100.0,38.87,23.1385,46
8,105,-0.0024,-0.0001,100.0,518.67,642.64,1592.44,1411.94,14.62,21.61,552.67,2388.22,9047.64,1.3,47.88,521.02,2388.14,8121.4,8.4851,0.03,393,2388,100.0,38.7,23.1946,45
8,106,-0.0022,0.0004,100.0,518.67,642.74,1587.49,1412.29,14.62,21.61,551.51,2388.15,9046.6,1.3,47.95,520.45,2388.23,8120.94,8.4651,0.03,394,2388,100.0,38.67,23.2594,44
8,107,0.0028,-0.0,100.0,518.67,642.93,1598.31,1420.11,14.62,21.61,552.75,2388.18,9051.93,1.3,47.62,520.88,2388.2,8123.43,8.4555,0.03,395,2388,100.0,38.8,23.2435,43
8,108,-0.0022,0.0003,100.0,518.67,642.82,1590.36,1422.19,14.62,21.61,552.51,2388.2,9037.13,1.3,47.79,520.9,2388.16,8129.4,8.4884,0.03,394,2388,100.0,38.74,23.326,42
8,109,-0.0057,0.0001,100.0,518.67,642.9,1596.7,1412.1,14.62,21.61,553.13,2388.26,9047.05,1.3,47.71,520.22,2388.22,8120.3,8.4915,0.03,394,2388,100.0,38.85,23.2791,41
8,110,-0.0005,0.0002,100.0,518.67,643.46,1591.04,1413.93,14.62,21.61,552.65,2388.19,9042.67,1.3,47.76,520.72,2388.15,8122.89,8.4961,0.03,393,2388,100.0,38.54,23.1857,40
8,111,-0.0009,-0.0002,100.0,518.67,643.11,1592.76,1416.05,14.62,21.61,552.42,2388.19,9050.1,1.3,47.75,520.7,2388.2,8122.02,8.4449,0.03,394,2388,100.0,38.53,23.1757,39
8,112,-0.001,0.0002,100.0,518.67,642.9,1603.1,1415.73,14.62,21.61,552.87,2388.2,9045.38,1.3,47.57,520.56,2388.16,8120.36,8.4972,0.03,395,2388,100.0,38.64,23.1456,38
8,113,0.0021,-0.0005,100.0,518.67,643.23,1598.37,1410.46,14.62,21.61,552.1,2388.15,9043.52,1.3,47.87,520.39,2388.21,8118.5,8.4561,0.03,394,2388,100.0,38.76,23.0927,37
8,114,0.001,0.0005,100.0,518.67,642.96,1594.91,1415.05,14.62,21.61,552.75,2388.21,9040.53,1.3,47.76,520.3,2388.16,8124.38,8.4579,0.03,393,2388,100.0,38.58,23.298,36
8,115,-0.002,0.0002,100.0,518.67,642.73,1598.5,1415.49,14.62,21.61,552.46,2388.16,9048.02,1.3,47.8,521.21,2388.19,8119.99,8.4614,0.03,395,2388,100.0,38.66,23.2599,35
8,116,0.0015,-0.0001,100.0,518.67,643.29,1593.72,1419.78,14.62,21.61,552.68,2388.17,9043.47,1.3,47.82,520.71,2388.17,8124.69,8.4766,0.03,395,2388,100.0,38.69,23.135,34
8,117,-0.0049,0.0001,100.0,518.67,643.14,1587.02,1419.89,14.62,21.61,553.04,2388.21,9044.95,1.3,47.9,520.5,2388.18,8121.64,8.4805,0.03,392,2388,100.0,38.45,23.1152,33
8,118,0.0011,-0.0,100.0,518.67,642.94,1585.36,1411.35,14.62,21.61,552.14,2388.24,9047.82,1.3,47.86,520.68,2388.2,8124.81,8.4706,0.03,394,2388,100.0,38.53,23.2868,32
8,119,0.0002,-0.0003,100.0,518.67,643.38,1594.55,1416.89,14.62,21.61,552.61,2388.25,9046.84,1.3,47.85,520.71,2388.21,8127.09,8.4645,0.03,395,2388,100.0,38.68,23.2805,31
8,120,0.0003,-0.0002,100.0,518.67,643.44,1600.04,1417.09,14.62,21.61,552.39,2388.18,9041.32,1.3,47.88,520.37,2388.21,8121.65,8.4552,0.03,395,2388,100.0,38.7,23.1677,30
8,121,-0.0015,0.0002,100.0,518.67,642.98,1594.55,1417.41,14.62,21.61,551.98,2388.18,9045.17,1.3,47.95,520.03,2388.23,8123.03,8.4754,0.03,394,2388,100.0,38.56,23.2132,29
8,122,-0.0027,-0.0003,100.0,518.67,643.37,1593.25,1422.75,14.62,21.61,551.66,2388.23,9045.52,1.3,48.04,520.64,2388.19,8123.3,8.499,0.03,394,2388,100.0,38.77,23.0424,28
8,123,-0.0007,-0.0001,100.0,518.67,643.81,1597.23,1419.95,14.62,21.61,552.67,2388.21,9041.78,1.3,47.9,520.15,2388.22,8120.99,8.5019,0.03,394,2388,100.0,38.74,23.1333,27
8,124,-0.001,-0.0003,100.0,518.67,643.09,1595.92,1419.7,14.62,21.61,552.14,2388.26,9047.47,1.3,48.0,520.3,2388.22,8120.2,8.4902,0.03,396,2388,100.0,38.39,23.1939,26
8,125,0.001,0.0001,100.0,518.67,643.84,1593.45,1424.0,14.62,21.61,552.24,2388.2,9053.79,1.3,47.99,520.68,2388.16,8122.48,8.4807,0.03,396,2388,100.0,38.58,23.1815,25
8,126,0.0001,0.0005,100.0,518.67,643.15,1599.98,1420.01,14.62,21.61,552.09,2388.26,9045.89,1.3,47.9,520.26,2388.19,8123.39,8.5094,0.03,395,2388,100.0,38.51,23.1537,24
8,127,-0.0014,0.0002,100.0,518.67,643.53,1595.04,1416.81,14.62,21.61,551.79,2388.19,9040.86,1.3,48.0,520.69,2388.2,8115.79,8.4798,0.03,395,2388,100.0,38.63,23.2215,23
8,128,0.0004,0.0004,100.0,518.67,643.34,1598.47,1427.67,14.62,21.61,552.07,2388.22,9049.58,1.3,47.82,520.42,2388.23,8115.23,8.5034,0.03,394,2388,100.0,38.66,23.1302,22
8,129,0.0024,0.0003,100.0,518.67,642.87,1593.87,1418.54,14.62,21.61,551.82,2388.27,9041.67,1.3,47.92,520.58,2388.24,8123.2,8.5285,0.03,396,2388,100.0,38.49,23.1441,21
8,130,0.003,0.0005,100.0,518.67,642.95,1600.15,1414.35,14.62,21.61,551.52,2388.22,9039.73,1.3,47.9,520.36,2388.27,8124.26,8.5072,0.03,394,2388,100.0,38.62,23.0666,20
8,131,0.0048,0.0002,100.0,518.67,643.48,1593.32,1425.47,14.62,21.61,552.09,2388.25,9051.84,1.3,48.09,520.13,2388.24,8124.23,8.5098,0.03,395,2388,100.0,38.58,23.0893,19
8,132,-0.0008,-0.0004,100.0,518.67,643.55,1596.48,1419.07,14.62,21.61,551.32,2388.23,9048.83,1.3,47.84,520.05,2388.24,8129.22,8.4999,0.03,392,2388,100.0,38.79,23.1495,18
8,133,0.002,0.0003,100.0,518.67,643.8,1597.34,1416.24,14.62,21.61,551.83,2388.21,9051.3,1.3,48.08,520.16,2388.28,8120.53,8.5008,0.03,395,2388,100.0,38.42,23.176,17
8,134,0.002,0.0003,100.0,518.67,644.02,1597.2,1425.3,14.62,21.61,552.06,2388.27,9049.37,1.3,48.0,520.47,2388.26,8118.91,8.4511,0.03,395,2388,100.0,38.54,23.0978,16
8,135,-0.0018,0.0003,100.0,518.67,643.22,1596.04,1422.09,14.62,21.61,551.91,2388.28,9046.18,1.3,47.89,519.78,2388.18,8121.99,8.4724,0.03,395,2388,100.0,38.55,23.1053,15
8,136,0.0011,0.0003,100.0,518.67,643.55,1601.77,1418.93,14.62,21.61,551.63,2388.24,9044.98,1.3,47.98,519.88,2388.22,8120.39,8.5125,0.03,396,2388,100.0,38.68,23.0878,14
8,137,0.0003,0.0,100.0,518.67,643.38,1598.04,1424.6,14.62,21.61,551.17,2388.25,9045.06,1.3,48.14,520.01,2388.28,8121.14,8.5639,0.03,396,2388,100.0,38.47,23.1214,13
8,138,0.0031,0.0,100.0,518.67,643.68,1597.92,1429.13,14.62,21.61,551.7,2388.2,9052.44,1.3,47.98,519.97,2388.18,8121.42,8.5054,0.03,396,2388,100.0,38.43,23.1086,12
8,139,-0.0014,-0.0004,100.0,518.67,642.78,1597.03,1424.37,14.62,21.61,551.96,2388.23,9046.81,1.3,48.13,520.39,2388.27,8125.33,8.5068,0.03,397,2388,100.0,38.4,23.1321,11
8,140,0.0003,-0.0002,100.0,518.67,643.53,1593.54,1419.01,14.62,21.61,551.5,2388.23,9051.35,1.3,48.07,520.25,2388.26,8116.97,8.4966,0.03,395,2388,100.0,38.61,23.0681,10
8,141,-0.0008,0.0003,100.0,518.67,643.46,1595.97,1422.62,14.62,21.61,551.19,2388.21,9046.67,1.3,48.01,519.45,2388.18,8123.38,8.5023,0.03,395,2388,100.0,38.58,23.0706,9
8,142,-0.0001,-0.0004,100.0,518.67,643.23,1601.14,1427.03,14.62,21.61,551.86,2388.29,9042.15,1.3,48.17,519.92,2388.29,8119.23,8.5348,0.03,395,2388,100.0,38.48,23.0716,8
8,143,0.0014,-0.0005,100.0,518.67,643.44,1610.35,1426.08,14.62,21.61,551.38,2388.24,9046.03,1.3,48.13,519.85,2388.26,8122.02,8.522,0.03,395,2388,100.0,38.29,23.0465,7
8,144,0.0037,0.0002,100.0,518.67,643.95,1603.96,1422.82,14.62,21.61,551.29,2388.3,9050.46,1.3,48.02,519.92,2388.29,8122.11,8.5229,0.03,394,2388,100.0,38.47,23.1225,6
8,145,0.0005,0.0003,100.0,518.67,643.6,1599.71,1427.14,14.62,21.61,551.32,2388.32,9045.26,1.3,47.98,519.47,2388.3,8120.39,8.4846,0.03,395,2388,100.0,38.46,23.1502,5
8,146,0.0001,-0.0004,100.0,518.67,643.49,1605.73,1421.14,14.62,21.61,551.4,2388.31,9053.78,1.3,48.23,520.01,2388.23,8120.84,8.5184,0.03,396,2388,100.0,38.51,22.983,4
8,147,0.0018,-0.0004,100.0,518.67,643.32,1601.4,1429.5,14.62,21.61,551.1,2388.27,9040.98,1.3,48.37,519.62,2388.27,8117.88,8.4701,0.03,396,2388,100.0,38.42,23.1565,3
8,148,-0.0003,-0.0,100.0,518.67,643.43,1605.59,1421.3,14.62,21.61,551.73,2388.31,9038.57,1.3,48.13,519.87,2388.29,8126.2,8.4914,0.03,395,2388,100.0,38.59,23.0631,2
8,149,0.0011,0.0001,100.0,518.67,643.87,1605.12,1428.29,14.62,21.61,550.49,2388.29,9047.3,1.3,48.09,519.31,2388.28,8121.93,8.518,0.03,396,2388,100.0,38.3,23.0808,1
8,150,0.0026,-0.0003,100.0,518.67,643.87,1602.84,1432.31,14.62,21.61,551.08,2388.27,9046.16,1.3,48.24,519.57,2388.26,8121.27,8.5509,0.03,394,2388,100.0,38.24,23.051,0
9,1,0.0005,0.0004,100.0,518.67,642.18,1582.99,1396.22,14.62,21.61,554.35,2387.96,9065.59,1.3,47.09,522.34,2387.95,8149.16,8.402,0.03,391,2388,100.0,39.04,23.5349,200
9,2,0.0001,0.0001,100.0,518.67,641.91,1580.17,1394.7,14.62,21.61,554.85,2387.94,9063.39,1.3,47.12,523.03,2387.98,8148.23,8.4331,0.03,392,2388,100.0,38.97,23.4335,199
9,3,-0.0009,-0.0003,100.0,518.67,642.5,1587.57,1396.79,14.62,21.61,554.75,2388.03,9057.58,1.3,47.12,522.63,2388.05,8140.94,8.4028,0.03,391,2388,100.0,39.09,23.4296,198
9,4,-0.0022,0.0001,100.0,518.67,642.04,1584.66,1406.4,14.62,21.61,555.19,2388.0,9061.97,1.3,47.04,522.85,2388.01,8145.41,8.3741,0.03,392,2388,100.0,38.96,23.5159,197
9,5,-0.0018,-0.0003,100.0,518.67,642.06,1580.0,1400.12,14.62,21.61,554.84,2387.95,9062.05,1.3,47.15,522.51,2387.98,8145.92,8.3664,0.03,390,2388,100.0,39.08,23.45,196
9,6,0.0009,-0.0005,100.0,518.67,641.84,1589.51,1401.32,14.62,21.61,554.42,2388.01,9062.76,1.3,47.07,522.54,2388.04,8147.93,8.3554,0.03,393,2388,100.0,38.79,23.4186,195
9,7,-0.0021,-0.0004,100.0,518.67,641.66,1584.33,1400.27,14.62,21.61,553.55,2388.04,9063.1,1.3,47.28,522.57,2388.01,8148.53,8.3917,0.03,392,2388,100.0,39.07,23.4575,194
9,8,0.0018,0.0,100.0,518.67,641.46,1581.9,1392.49,14.62,21.61,555.66,2388.02,9064.64,1.3,47.37,522.21,2387.94,8145.97,8.4011,0.03,390,2388,100.0,39.27,23.4105,193
9,9,0.0003,-0.0004,100.0,518.67,641.99,1580.58,1394.58,14.62,21.6,554.88,2388.04,9070.86,1.3,47.2,522.35,2388.04,8148.65,8.3858,0.03,391,2388,100.0,39.03,23.5122,192
9,10,0.0009,-0.0002,100.0,518.67,641.77,1580.84,1391.62,14.62,21.61,554.37,2388.02,9068.09,1.3,47.21,522.48,2388.03,8142.56,8.4069,0.03,391,2388,100.0,38.9,23.4672,191
9,11,-0.0012,-0.0004,100.0,518.67,642.33,1581.8,1400.58,14.62,21.61,553.61,2388.0,9067.61,1.3,47.16,522.75,2387.99,8144.65,8.3929,0.03,391,2388,100.0,39.08,23.4228,190
9,12,-0.0001,-0.0001,100.0,518.67,641.63,1584.2,1402.16,14.62,21.61,554.36,2387.98,9066.29,1.3,47.0,522.56,2388.04,8150.53,8.4091,0.03,392,2388,100.0,38.99,23.4246,189
9,13,0.003,-0.0003,100.0,518.67,641.97,1589.32,1399.58,14.62,21.61,553.84,2387.99,9062.77,1.3,47.11,522.67,2388.01,8150.97,8.3998,0.03,392,2388,100.0,38.87,23.516,188
9,14,-0.0022,0.0003,100.0,518.67,642.44,1584.43,1398.28,14.62,21.61,554.68,2387.98,9064.45,1.3,47.26,522.4,2387.97,8141.72,8.4069,0.03,392,2388,100.0,39.01,23.445,187
9,15,-0.0048,-0.0001,100.0,518.67,641.89,1587.29,1394.71,14.62,21.61,555.01,2388.01,9069.84,1.3,47.11,522.55,2387.94,8145.79,8.376,0.03,392,2388,100.0,39.12,23.4519,186
9,16,0.0001,0.0005,100.0,518.67,642.18,1587.42,1400.74,14.62,21.61,554.3,2388.04,9066.31,1.3,47.16,523.12,2387.97,8145.13,8.3869,0.03,390,2388,100.0,38.95,23.393,185
9,17,-0.0043,0.0,100.0,518.67,641.63,1587.14,1395.4,14.62,21.61,554.68,2387.96,9062.97,1.3,47.15,522.69,2387.97,8143.8,8.3998,0.03,392,2388,100.0,39.06,23.3596,184
9,18,-0.0013,-0.0001,100.0,518.67,641.7,1592.2,1396.41,14.62,21.61,553.78,2388.03,9063.77,1.3,47.06,522.48,2388.0,8144.65,8.4065,0.03,391,2388,100.0,39.04,23.3688,183
9,19,0.0012,-0.0001,100.0,518.67,641.73,1579.41,1398.7,14.62,21.61,554.76,2388.02,9065.94,1.3,47.2,522.09,2387.96,8146.81,8.4425,0.03,391,2388,100.0,38.95,23.3515,182
9,20,-0.0023,0.0003,100.0,518.67,642.11,1577.05,1389.2,14.62,21.61,555.07,2387.98,9063.07,1.3,47.31,522.41,2387.96,8145.7,8.4309,0.03,392,2388,100.0,39.09,23.3684,181
9,21,-0.0016,-0.0004,100.0,518.67,642.03,1579.94,1394.42,14.62,21.61,554.75,2388.08,9065.62,1.3,47.29,522.86,2387.95,8150.07,8.3922,0.03,392,2388,100.0,39.06,23.4057,180
9,22,-0.0001,-0.0005,100.0,518.67,642.25,1579.87,1399.51,14.62,21.61,554.39,2387.95,9067.21,1.3,47.12,522.11,2388.0,8146.36,8.404,0.03,391,2388,100.0,38.97,23.4904,179
9,23,0.0015,0.0004,100.0,518.67,641.41,1585.55,1402.96,14.62,21.61,554.57,2388.0,9064.76,1.3,47.24,522.27,2387.98,8147.03,8.3777,0.03,390,2388,100.0,38.89,23.3659,178
9,24,0.0035,0.0003,100.0,518.67,642.04,1585.23,1394.39,14.62,21.61,553.95,2388.0,9051.59,1.3,47.17,522.36,2388.03,8143.34,8.3681,0.03,389,2388,100.0,39.03,23.3478,177
9,25,0.0003,0.0001,100.0,518.67,642.2,1585.38,1397.22,14.62,21.61,554.44,2387.96,9067.31,1.3,47.14,522.29,2388.0,8145.8,8.3869,0.03,390,2388,100.0,39.03,23.4795,176
9,26,0.0021,0.0002,100.0,518.67,642.72,1584.85,1396.74,14.62,21.61,555.45,2388.0,9068.74,1.3,47.15,522.82,2388.07,8150.14,8.3875,0.03,392,2388,100.0,38.94,23.4496,175
9,27,0.0022,0.0004,100.0,518.67,642.55,1593.03,1395.38,14.62,21.61,554.34,2387.97,9073.71,1.3,47.08,522.77,2387.95,8144.51,8.3595,0.03,392,2388,100.0,39.03,23.4669,174
9,28,0.001,-0.0001,100.0,518.67,641.88,1582.39,1396.46,14.62,21.61,555.12,2387.95,9064.43,1.3,47.35,522.24,2388.02,8152.92,8.3847,0.03,390,2388,100.0,39.19,23.494,173
9,29,-0.0009,-0.0005,100.0,518.67,642.17,1578.06,1398.25,14.62,21.61,554.2,2387.99,9067.72,1.3,47.06,522.32,2387.98,8143.39,8.3925,0.03,392,2388,100.0,39.02,23.4314,172
9,30,0.0022,0.0004,100.0,518.67,641.96,1584.82,1396.4,14.62,21.61,554.62,2387.97,9069.3,1.3,47.17,522.49,2388.01,8150.5,8.4135,0.03,391,2388,100.0,39.08,23.4083,171
9,31,-0.0001,0.0001,100.0,518.67,642.33,1589.31,1393.67,14.62,21.61,554.49,2387.99,9067.82,1.3,47.08,522.58,2388.01,8143.69,8.4265,0.03,391,2388,100.0,39.13,23.4235,170
9,32,-0.0018,0.0,100.0,518.67,641.89,1588.4,1390.48,14.62,21.61,554.32,2388.05,9064.15,1.3,47.44,522.74,2387.98,8145.99,8.3919,0.03,391,2388,100.0,38.96,23.4849,169
9,33,0.0019,0.0004,100.0,518.67,642.02,1585.92,1395.64,14.62,21.6,554.07,2387.98,9067.78,1.3,47.19,522.74,2387.97,8145.74,8.3858,0.03,392,2388,100.0,38.84,23.3714,168
9,34,-0.0024,0.0004,100.0,518.67,642.09,1588.32,1405.48,14.62,21.61,553.88,2387.98,9053.45,1.3,47.1,522.59,2387.98,8148.6,8.4059,0.03,391,2388,100.0,39.03,23.4291,167
9,35,0.0016,-0.0001,100.0,518.67,642.02,1589.52,1400.73,14.62,21.61,554.69,2387.98,9066.53,1.3,47.02,522.59,2388.0,8148.51,8.4298,0.03,391,2388,100.0,39.09,23.4587,166
9,36,-0.0022,-0.0,100.0,518.67,641.85,1582.88,1396.31,14.62,21.61,553.95,2387.98,9068.19,1.3,47.12,522.53,2387.96,8149.0,8.4095,0.03,390,2388,100.0,38.94,23.4388,165
9,37,-0.0009,-0.0003,100.0,518.67,642.35,1579.77,1397.08,14.62,21.61,553.84,2388.0,9069.05,1.3,47.26,522.19,2388.01,8147.94,8.392,0.03,391,2388,100.0,38.88,23.3842,164
9,38,-0.0012,0.0002,100.0,518.67,641.74,1590.18,1393.55,14.62,21.61,555.04,2387.96,9061.91,1.3,47.03,521.87,2387.97,8150.74,8.3881,0.03,392,2388,100.0,38.84,23.4311,163
9,39,0.0009,0.0003,100.0,518.67,642.51,1588.38,1400.47,14.62,21.61,554.35,2387.99,9061.31,1.3,47.2,522.19,2387.96,8155.12,8.3689,0.03,391,2388,100.0,39.09,23.425,162
9,40,-0.0049,0.0004,100.0,518.67,642.38,1592.26,1393.79,14.62,21.61,554.12,2388.0,9065.3,1.3,47.05,522.1,2387.94,8143.52,8.3714,0.03,391,2388,100.0,39.07,23.4292,161
9,41,0.0009,-0.0002,100.0,518.67,642.23,1582.98,1392.08,14.62,21.61,554.44,2388.0,9060.49,1.3,47.13,522.4,2388.01,8149.01,8.4108,0.03,392,2388,100.0,39.1,23.3787,160
9,42,0.0029,0.0003,100.0,518.67,642.19,1582.46,1397.76,14.62,21.61,554.15,2388.03,9065.46,1.3,47.45,521.99,2387.98,8149.6,8.4152,0.03,392,2388,100.0,39.14,23.3315,159
9,43,-0.0013,-0.0,100.0,518.67,642.21,1583.62,1395.74,14.62,21.6,554.44,2388.0,9062.97,1.3,47.16,522.39,2388.01,8147.63,8.4003,0.03,392,2388,100.0,39.04,23.4445,158
9,44,0.0008,-0.0005,100.0,518.67,642.03,1576.57,1397.21,14.62,21.61,554.0,2387.97,9065.45,1.3,47.19,522.58,2387.96,8148.19,8.4301,0.03,391,2388,100.0,38.92,23.4561,157
9,45,-0.0017,0.0002,100.0,518.67,641.91,1578.31,1395.2,14.62,21.61,554.05,2388.01,9064.45,1.3,47.09,522.02,2387.93,8147.52,8.3795,0.03,392,2388,100.0,38.99,23.4097,156
9,46,0.0003,0.0002,100.0,518.67,642.02,1576.37,1403.72,14.62,21.61,554.78,2387.96,9062.07,1.3,47.24,523.04,2388.03,8143.48,8.4083,0.03,392,2388,100.0,38.85,23.4921,155
9,47,-0.001,0.0001,100.0,518.67,642.14,1583.6,1401.14,14.62,21.61,554.72,2387.97,9064.76,1.3,47.17,522.58,2388.02,8148.0,8.3744,0.03,390,2388,100.0,38.99,23.4631,154
9,48,0.0009,0.0001,100.0,518.67,642.36,1586.08,1394.15,14.62,21.61,554.9,2388.01,9070.4,1.3,46.88,523.07,2388.0,8147.3,8.3843,0.03,391,2388,100.0,38.92,23.4633,153
9,49,0.0016,0.0004,100.0,518.67,642.42,1580.82,1393.84,14.62,21.61,554.33,2388.05,9058.33,1.3,47.23,522.77,2388.0,8145.27,8.3966,0.03,393,2388,100.0,38.98,23.4048,152
9,50,0.0029,0.0,100.0,518.67,641.95,1585.84,1396.96,14.62,21.61,554.37,2388.02,9066.64,1.3,47.31,523.02,2388.01,8148.66,8.421,0.03,393,2388,100.0,38.99,23.2776,151
9,51,-0.001,0.0005,100.0,518.67,641.85,1590.61,1394.64,14.62,21.61,554.39,2388.0,9068.63,1.3,47.22,521.79,2387.95,8152.32,8.4122,0.03,391,2388,100.0,39.12,23.3401,150
9,52,-0.0016,-0.0005,100.0,518.67,641.79,1586.48,1390.75,14.62,21.6,554.92,2388.02,9072.79,1.3,47.26,522.06,2388.01,8147.73,8.3951,0.03,391,2388,100.0,39.09,23.427,149
9,53,-0.0004,-0.0002,100.0,518.67,641.9,1588.27,1394.15,14.62,21.61,554.88,2387.97,9068.24,1.3,47.09,522.0,2387.99,8141.72,8.3714,0.03,392,2388,100.0,38.99,23.4471,148
9,54,-0.0022,0.0004,100.0,518.67,642.36,1582.51,1389.74,14.62,21.61,554.28,2388.01,9072.89,1.3,47.23,522.81,2387.98,8151.56,8.3968,0.03,391,2388,100.0,39.09,23.4496,147
9,55,0.0024,0.0002,100.0,518.67,642.27,1583.8,1400.69,14.62,21.61,554.74,2387.99,9063.78,1.3,47.15,522.81,2388.02,8145.53,8.4109,0.03,391,2388,100.0,39.02,23.3817,146
9,56,-0.0011,-0.0002,100.0,518.67,642.01,1582.0,1397.74,14.62,21.61,554.13,2388.03,9062.3,1.3,47.18,522.78,2388.0,8146.01,8.4563,0.03,393,2388,100.0,38.92,23.4822,145
9,57,-0.0016,0.0001,100.0,518.67,642.44,1577.63,1398.72,14.62,21.61,554.86,2388.06,9068.03,1.3,47.12,522.45,2387.99,8146.66,8.3993,0.03,392,2388,100.0,39.05,23.3403,144
9,58,-0.0028,-0.0005,100.0,518.67,642.62,1585.2,1402.6,14.62,21.61,554.52,2388.05,9060.94,1.3,47.27,522.41,2388.01,8149.06,8.4227,0.03,392,2388,100.0,38.92,23.4016,143
9,59,-0.003,0.0004,100.0,518.67,642.14,1589.48,1401.5,14.62,21.61,554.46,2388.02,9068.72,1.3,47.06,522.63,2388.04,8151.81,8.4091,0.03,391,2388,100.0,39.11,23.4678,142
9,60,-0.0024,0.0001,100.0,518.67,642.54,1584.68,1398.98,14.62,21.61,553.98,2388.01,9068.77,1.3,47.33,522.21,2388.0,8147.12,8.4107,0.03,391,2388,100.0,38.93,23.4029,141
9,61,-0.001,-0.0004,100.0,518.67,642.27,1582.62,1389.95,14.62,21.61,555.0,2388.03,9060.32,1.3,47.18,522.54,2388.01,8152.77,8.4093,0.03,392,2388,100.0,39.01,23.3036,140
9,62,0.0044,-0.0005,100.0,518.67,642.3,1586.22,1396.13,14.62,21.61,554.45,2388.02,9068.29,1.3,47.34,521.74,2388.04,8150.2,8.3948,0.03,392,2388,100.0,39.05,23.4236,139
9,63,0.0005,-0.0002,100.0,518.67,642.62,1582.67,1393.77,14.62,21.61,554.42,2388.03,9068.46,1.3,47.19,522.27,2387.89,8150.42,8.4121,0.03,391,2388,100.0,38.95,23.3899,138
9,64,-0.001,-0.0003,100.0,518.67,641.99,1584.05,1398.39,14.62,21.61,554.98,2387.95,9069.14,1.3,47.18,521.97,2388.02,8147.58,8.3769,0.03,391,2388,100.0,38.96,23.3703,137
9,65,0.0016,0.0003,100.0,518.67,642.64,1582.06,1400.38,14.62,21.61,554.36,2387.98,9070.65,1.3,47.31,522.63,2387.95,8147.06,8.4003,0.03,391,2388,100.0,39.06,23.3906,136
9,66,0.0003,-0.0001,100.0,518.67,642.2,1585.41,1394.61,14.62,21.61,554.37,2388.02,9068.65,1.3,47.08,522.31,2388.0,8148.44,8.4314,0.03,392,2388,100.0,39.05,23.387,135
9,67,0.0017,0.0002,100.0,518.67,641.9,1586.88,1403.17,14.62,21.61,554.07,2388.04,9068.95,1.3,47.2,522.56,2387.95,8151.98,8.4011,0.03,393,2388,100.0,39.05,23.4275,134
9,68,0.0007,0.0003,100.0,518.67,642.07,1584.94,1399.61,14.62,21.61,554.41,2387.99,9065.31,1.3,47.19,521.7,2387.97,8146.7,8.3892,0.03,391,2388,100.0,38.93,23.4194,133
9,69,-0.0003,0.0003,100.0,518.67,642.04,1584.82,1392.73,14.62,21.61,554.73,2388.02,9066.51,1.3,47.36,521.99,2387.99,8147.94,8.4043,0.03,392,2388,100.0,38.96,23.3616,132
9,70,0.0009,-0.0005,100.0,518.67,641.94,1585.09,1398.8,14.62,21.61,553.79,2388.07,9070.96,1.3,47.34,522.29,2387.98,8148.64,8.3855,0.03,391,2388,100.0,39.17,23.4468,131
9,71,-0.0014,0.0003,100.0,518.67,641.82,1590.96,1407.83,14.62,21.61,554.27,2388.03,9065.51,1.3,47.39,522.06,2388.01,8147.37,8.3736,0.03,391,2388,100.0,38.94,23.3084,130
9,72,0.0022,-0.0,100.0,518.67,641.85,1577.38,1406.79,14.62,21.6,554.34,2387.98,9071.52,1.3,47.17,522.22,2387.98,8155.36,8.4274,0.03,392,2388,100.0,38.9,23.4287,129
9,73,0.0,-0.0,100.0,518.67,641.8,1582.66,1399.71,14.62,21.61,554.45,2388.02,9071.69,1.3,47.27,521.68,2387.98,8151.29,8.3972,0.03,392,2388,100.0,38.96,23.3687,128
9,74,-0.0035,0.0003,100.0,518.67,642.33,1583.15,1400.1,14.62,21.6,554.15,2388.0,9067.25,1.3,47.14,522.13,2387.98,8151.86,8.3887,0.03,392,2388,100.0,38.86,23.5318,127
9,75,0.0,0.0001,100.0,518.67,642.81,1587.78,1406.51,14.62,21.6,554.04,2388.03,9065.02,1.3,47.26,522.57,2387.94,8149.09,8.3924,0.03,391,2388,100.0,39.01,23.3706,126
9,76,-0.0018,-0.0003,100.0,518.67,642.01,1574.3,1400.42,14.62,21.61,554.23,2388.03,9068.44,1.3,47.24,522.24,2388.04,8152.8,8.403,0.03,391,2388,100.0,38.77,23.3159,125
9,77,0.0008,-0.0005,100.0,518.67,642.03,1585.42,1404.25,14.62,21.61,554.24,2387.96,9073.93,1.3,47.2,522.74,2388.03,8153.67,8.4063,0.03,392,2388,100.0,39.03,23.3879,124
9,78,-0.0005,-0.0001,100.0,518.67,641.81,1586.47,1406.3,14.62,21.61,554.52,2387.99,9068.45,1.3,47.18,522.23,2388.08,8151.19,8.3749,0.03,391,2388,100.0,39.09,23.4532,123
9,79,-0.0027,-0.0005,100.0,518.67,642.22,1587.87,1392.83,14.62,21.61,554.18,2388.01,9066.73,1.3,47.25,522.58,2387.95,8152.76,8.4097,0.03,390,2388,100.0,39.0,23.4879,122
9,80,-0.0046,-0.0002,100.0,518.67,641.88,1584.25,1400.68,14.62,21.61,554.89,2387.96,9073.04,1.3,47.33,522.78,2388.01,8156.11,8.4186,0.03,392,2388,100.0,38.99,23.4188,121
9,81,0.0001,0.0004,100.0,518.67,642.16,1586.42,1399.24,14.62,21.61,554.03,2388.02,9072.77,1.3,47.23,522.25,2388.0,8145.57,8.4188,0.03,392,2388,100.0,38.84,23.4484,120
9,82,0.001,0.0003,100.0,518.67,642.17,1585.45,1402.04,14.62,21.61,554.26,2387.96,9069.07,1.3,47.26,522.01,2388.0,8155.38,8.4205,0.03,392,2388,100.0,39.13,23.3747,119
9,83,-0.0021,0.0003,100.0,518.67,641.76,1585.4,1397.5,14.62,21.61,554.15,2387.98,9069.92,1.3,47.17,521.97,2388.0,8150.5,8.4005,0.03,392,2388,100.0,38.83,23.4324,118
9,84,-0.0008,-0.0002,100.0,518.67,642.1,1583.96,1398.43,14.62,21.6,555.01,2388.01,9065.65,1.3,47.34,522.16,2387.99,8149.19,8.3936,0.03,394,2388,100.0,38.87,23.3995,117
9,85,-0.0015,-0.0002,100.0,518.67,641.95,1586.76,1400.9,14.62,21.6,553.89,2388.03,9072.14,1.3,47.21,522.73,2387.98,8154.59,8.4401,0.03,393,2388,100.0,39.02,23.3644,116
9,86,-0.0009,0.0003,100.0,518.67,641.67,1588.86,1403.43,14.62,21.6,553.78,2387.98,9066.2,1.3,47.31,522.22,2387.96,8151.48,8.4162,0.03,392,2388,100.0,39.16,23.4124,115
9,87,0.0005,0.0004,100.0,518.67,642.34,1591.24,1392.08,14.62,21.61,553.78,2388.03,9067.77,1.3,47.24,522.91,2388.02,8150.58,8.3987,0.03,391,2388,100.0,38.99,23.3438,114
9,88,-0.0001,-0.0003,100.0,518.67,641.71,1580.37,1398.54,14.62,21.61,553.98,2387.95,9078.18,1.3,47.36,522.2,2387.93,8152.78,8.3972,0.03,392,2388,100.0,38.97,23.4347,113
9,89,-0.0007,0.0003,100.0,518.67,642.21,1592.17,1399.66,14.62,21.61,554.21,2387.99,9071.3,1.3,47.15,522.37,2387.99,8148.86,8.3678,0.03,392,2388,100.0,39.03,23.3618,112
9,90,0.0024,0.0003,100.0,518.67,642.44,1584.42,1401.57,14.62,21.61,554.56,2388.04,9073.48,1.3,47.13,522.23,2388.03,8149.62,8.3955,0.03,392,2388,100.0,39.06,23.2989,111
9,91,0.0008,-0.0003,100.0,518.67,642.05,1579.7,1405.67,14.62,21.61,554.48,2388.04,9074.45,1.3,47.26,522.54,2388.03,8153.95,8.3967,0.03,391,2388,100.0,38.91,23.3828,110
9,92,-0.0007,0.0,100.0,518.67,642.02,1585.64,1399.92,14.62,21.6,554.41,2387.96,9080.53,1.3,47.36,522.54,2388.03,8152.65,8.3487,0.03,392,2388,100.0,38.97,23.4963,109
9,93,0.0005,0.0003,100.0,518.67,642.08,1591.47,1405.21,14.62,21.61,553.49,2388.03,9077.37,1.3,47.26,522.51,2387.98,8150.27,8.3908,0.03,390,2388,100.0,38.97,23.4075,108
9,94,-0.0027,-0.0003,100.0,518.67,642.05,1593.45,1401.46,14.62,21.61,554.6,2387.99,9075.05,1.3,47.41,522.31,2387.98,8155.41,8.3753,0.03,392,2388,100.0,39.13,23.4523,107
9,95,-0.0017,-0.0003,100.0,518.67,642.38,1585.12,1395.08,14.62,21.61,553.67,2388.02,9074.81,1.3,47.18,522.39,2388.03,8155.83,8.4258,0.03,392,2388,100.0,39.13,23.3849,106
9,96,0.001,-0.0001,100.0,518.67,642.41,1584.72,1397.68,14.62,21.61,554.18,2387.96,9068.23,1.3,47.35,521.87,2388.01,8152.14,8.4256,0.03,391,2388,100.0,39.03,23.4274,105
9,97,-0.0021,0.0003,100.0,518.67,642.41,1586.47,1404.15,14.62,21.61,554.51,2387.99,9069.02,1.3,47.3,521.99,2388.03,8154.01,8.387,0.03,391,2388,100.0,39.09,23.3229,104
9,98,-0.001,0.0005,100.0,518.67,642.75,1586.33,1400.38,14.62,21.61,553.98,2388.02,9069.2,1.3,47.28,522.05,2387.97,8155.49,8.4246,0.03,393,2388,100.0,38.99,23.4708,103
9,99,-0.0041,0.0002,100.0,518.67,642.39,1583.53,1400.32,14.62,21.61,554.47,2388.04,9082.33,1.3,47.19,522.45,2388.01,8151.13,8.4133,0.03,391,2388,100.0,38.79,23.3398,102
9,100,-0.0021,0.0003,100.0,518.67,642.24,1589.51,1394.51,14.62,21.61,553.9,2388.01,9079.17,1.3,47.12,522.18,2387.98,8158.78,8.4205,0.03,393,2388,100.0,38.99,23.4565,101
9,101,0.0033,0.0005,100.0,518.67,642.47,1587.89,1401.94,14.62,21.61,554.71,2388.04,9077.43,1.3,47.33,521.98,2388.06,8151.73,8.4567,0.03,394,2388,100.0,38.99,23.3922,100
9,102,0.0002,-0.0001,100.0,518.67,642.33,1586.42,1396.58,14.62,21.61,554.31,2387.98,9076.51,1.3,47.3,522.19,2387.96,8161.15,8.3901,0.03,391,2388,100.0,38.94,23.3951,99
9,103,-0.0011,0.0004,100.0,518.67,641.93,1590.3,1403.32,14.62,21.61,554.04,2387.99,9068.58,1.3,47.2,521.86,2387.99,8158.97,8.4505,0.03,390,2388,100.0,39.06,23.3906,98
9,104,-0.0008,-0.0003,100.0,518.67,642.35,1588.74,1403.04,14.62,21.61,554.32,2387.99,9076.04,1.3,47.35,522.2,2388.0,8158.55,8.397,0.03,391,2388,100.0,38.9,23.3719,97
9,105,0.0037,0.0001,100.0,518.67,641.81,1590.74,1399.4,14.62,21.61,554.71,2388.05,9077.35,1.3,47.2,522.21,2387.96,8155.38,8.4489,0.03,393,2388,100.0,39.01,23.4281,96
9,106,0.0045,0.0003,100.0,518.67,642.68,1590.52,1401.0,14.62,21.61,554.37,2388.02,9078.93,1.3,47.33,522.04,2388.0,8160.08,8.3934,0.03,393,2388,100.0,38.99,23.5181,95
9,107,-0.0014,0.0002,100.0,518.67,641.9,1582.4,1405.78,14.62,21.61,554.79,2387.98,9065.64,1.3,47.14,522.06,2387.98,8159.11,8.4203,0.03,391,2388,100.0,38.98,23.3048,94
9,108,-0.0028,0.0002,100.0,518.67,642.46,1582.5,1396.02,14.62,21.6,554.53,2388.02,9082.82,1.3,47.18,522.43,2387.97,8152.65,8.444,0.03,394,2388,100.0,38.83,23.5016,93
9,109,0.0024,0.0004,100.0,518.67,642.18,1583.91,1406.15,14.62,21.61,554.2,2388.03,9074.04,1.3,47.51,522.14,2388.0,8152.11,8.4282,0.03,392,2388,100.0,38.88,23.4369,92
9,110,-0.0002,-0.0002,100.0,518.67,642.03,1588.57,1394.19,14.62,21.61,553.57,2387.99,9082.4,1.3,47.19,522.4,2388.01,8156.46,8.3732,0.03,392,2388,100.0,38.88,23.3791,91
9,111,-0.0005,0.0002,100.0,518.67,642.9,1584.82,1398.69,14.62,21.6,554.72,2388.0,9075.53,1.3,47.03,522.63,2388.03,8161.05,8.3941,0.03,391,2388,100.0,38.94,23.3019,90
9,112,0.0029,0.0001,100.0,518.67,642.69,1588.48,1403.69,14.62,21.61,554.19,2388.06,9075.18,1.3,47.36,522.39,2387.98,8161.98,8.3856,0.03,393,2388,100.0,38.85,23.3845,89
9,113,-0.0001,-0.0003,100.0,518.67,642.0,1578.0,1401.6,14.62,21.61,554.66,2388.04,9083.15,1.3,47.18,521.89,2387.96,8160.21,8.4436,0.03,391,2388,100.0,39.0,23.3882,88
9,114,0.005,-0.0003,100.0,518.67,642.03,1588.62,1399.35,14.62,21.61,554.06,2388.02,9077.51,1.3,47.28,522.36,2388.0,8160.97,8.4107,0.03,393,2388,100.0,38.86,23.3366,87
9,115,-0.0024,0.0,100.0,518.67,642.6,1584.83,1400.65,14.62,21.61,554.71,2388.01,9079.4,1.3,47.24,521.72,2387.99,8158.25,8.4247,0.03,391,2388,100.0,38.81,23.4275,86
9,116,0.0025,0.0,100.0,518.67,642.53,1584.24,1386.43,14.62,21.61,553.94,2388.0,9084.13,1.3,47.24,521.82,2388.03,8159.54,8.4003,0.03,394,2388,100.0,38.98,23.3225,85
9,117,-0.0024,0.0002,100.0,518.67,641.76,1588.65,1402.37,14.62,21.61,554.35,2388.02,9076.57,1.3,47.49,521.9,2387.99,8163.99,8.3758,0.03,393,2388,100.0,39.07,23.3912,84
9,118,0.0017,-0.0,100.0,518.67,642.31,1588.73,1412.17,14.62,21.61,554.0,2387.97,9086.7,1.3,47.16,522.19,2388.0,8161.35,8.4304,0.03,393,2388,100.0,38.86,23.3916,83
9,119,-0.0034,-0.0002,100.0,518.67,642.37,1586.73,1397.87,14.62,21.61,554.56,2388.02,9079.72,1.3,47.12,521.91,2388.0,8161.07,8.4293,0.03,393,2388,100.0,38.95,23.4278,82
9,120,-0.0011,0.0001,100.0,518.67,642.01,1580.71,1394.99,14.62,21.6,554.4,2388.02,9087.44,1.3,47.18,521.88,2388.0,8160.93,8.4111,0.03,394,2388,100.0,38.89,23.4211,81
9,121,-0.0012,0.0003,100.0,518.67,642.21,1587.72,1398.53,14.62,21.61,554.55,2387.99,9073.08,1.3,47.48,521.92,2388.03,8158.78,8.4736,0.03,393,2388,100.0,39.03,23.2865,80
9,122,-0.0003,-0.0002,100.0,518.67,642.55,1596.55,1404.44,14.62,21.61,553.64,2388.04,9085.01,1.3,47.22,522.22,2387.99,8161.89,8.4564,0.03,395,2388,100.0,38.92,23.3283,79
9,123,-0.0013,-0.0002,100.0,518.67,642.56,1597.71,1398.36,14.62,21.61,553.52,2387.98,9082.43,1.3,47.41,522.51,2387.98,8160.55,8.3994,0.03,394,2388,100.0,38.93,23.4026,78
9,124,-0.0029,0.0003,100.0,518.67,642.42,1588.05,1396.84,14.62,21.61,553.83,2388.02,9086.53,1.3,47.52,521.79,2387.98,8161.35,8.4077,0.03,392,2388,100.0,38.86,23.3782,77
9,125,-0.0037,-0.0005,100.0,518.67,642.74,1586.93,1402.64,14.62,21.6,554.35,2388.05,9081.28,1.3,47.31,522.01,2388.0,8165.9,8.4323,0.03,392,2388,100.0,38.77,23.4928,76
9,126,-0.0015,0.0,100.0,518.67,642.68,1583.34,1398.03,14.62,21.61,553.9,2387.98,9080.82,1.3,47.28,521.66,2387.96,8163.95,8.4223,0.03,392,2388,100.0,38.99,23.2663,75
9,127,-0.0057,0.0004,100.0,518.67,642.36,1588.29,1403.56,14.62,21.61,554.1,2388.04,9084.48,1.3,47.25,522.3,2387.96,8160.31,8.4028,0.03,393,2388,100.0,39.09,23.3348,74
9,128,-0.0057,0.0001,100.0,518.67,642.43,1589.84,1406.91,14.62,21.61,554.93,2388.03,9086.47,1.3,47.36,521.64,2388.05,8163.24,8.4079,0.03,392,2388,100.0,38.97,23.3642,73
9,129,-0.0049,0.0,100.0,518.67,642.77,1588.02,1399.03,14.62,21.61,553.8,2387.99,9082.14,1.3,47.4,522.08,2388.02,8169.03,8.4154,0.03,393,2388,100.0,38.85,23.4363,72
9,130,-0.0014,0.0002,100.0,518.67,642.6,1589.58,1399.16,14.62,21.61,554.4,2387.98,9089.94,1.3,47.37,522.07,2387.98,8172.39,8.408,0.03,393,2388,100.0,39.02,23.4145,71
9,131,-0.0023,0.0003,100.0,518.67,642.25,1589.06,1395.46,14.62,21.61,553.95,2387.98,9086.07,1.3,47.43,522.04,2388.01,8171.99,8.375,0.03,394,2388,100.0,38.84,23.3274,70
9,132,0.0034,-0.0004,100.0,518.67,642.15,1593.99,1397.84,14.62,21.61,553.57,2388.04,9082.92,1.3,47.38,522.34,2388.04,8168.49,8.416,0.03,392,2388,100.0,38.87,23.306,69
9,133,-0.0001,0.0004,100.0,518.67,642.73,1587.86,1406.84,14.62,21.61,554.48,2387.97,9088.3,1.3,47.28,521.8,2387.97,8162.61,8.4072,0.03,392,2388,100.0,39.06,23.2638,68
9,134,0.0033,-0.0004,100.0,518.67,642.61,1593.65,1408.87,14.62,21.61,553.87,2388.01,9091.7,1.3,47.26,522.42,2388.02,8171.6,8.4193,0.03,391,2388,100.0,38.97,23.3152,67
9,135,0.0006,-0.0,100.0,518.67,642.26,1594.48,1397.92,14.62,21.61,553.79,2388.05,9093.5,1.3,47.49,522.14,2387.98,8172.74,8.3921,0.03,393,2388,100.0,38.95,23.3671,66
9,136,-0.0003,0.0003,100.0,518.67,642.57,1588.21,1405.17,14.62,21.61,554.32,2388.03,9093.1,1.3,47.44,521.96,2388.06,8169.7,8.4226,0.03,392,2388,100.0,38.75,23.3723,65
9,137,-0.0048,-0.0001,100.0,518.67,642.63,1594.85,1404.57,14.62,21.61,554.2,2388.02,9092.35,1.3,47.26,521.37,2387.97,8166.88,8.4244,0.03,392,2388,100.0,38.99,23.3045,64
9,138,-0.0023,0.0005,100.0,518.67,642.6,1590.0,1401.97,14.62,21.61,554.07,2387.94,9096.42,1.3,47.29,521.83,2387.88,8171.26,8.4119,0.03,391,2388,100.0,38.85,23.4244,63
9,139,-0.0045,-0.0003,100.0,518.67,642.67,1593.77,1405.55,14.62,21.61,554.29,2388.04,9100.05,1.3,47.16,522.16,2387.96,8174.39,8.4192,0.03,393,2388,100.0,38.8,23.3646,62
9,140,0.0005,-0.0005,100.0,518.67,642.9,1595.5,1399.53,14.62,21.61,553.82,2388.02,9091.95,1.3,47.37,521.92,2388.03,8169.43,8.4102,0.03,393,2388,100.0,39.06,23.4891,61
9,141,-0.002,-0.0001,100.0,518.67,642.57,1589.27,1402.76,14.62,21.61,554.32,2387.98,9094.64,1.3,47.29,522.24,2387.96,8171.09,8.4445,0.03,394,2388,100.0,38.95,23.2601,60
9,142,0.001,-0.0002,100.0,518.67,642.15,1582.78,1403.63,14.62,21.61,554.09,2388.03,9102.75,1.3,47.31,521.54,2388.03,8174.26,8.4111,0.03,394,2388,100.0,38.87,23.2932,59
9,143,-0.0009,-0.0002,100.0,518.67,642.16,1591.78,1405.24,14.62,21.61,554.33,2388.04,9099.46,1.3,47.43,522.49,2388.03,8175.63,8.4191,0.03,393,2388,100.0,38.86,23.412,58
9,144,0.0003,-0.0005,100.0,518.67,642.58,1593.66,1405.62,14.62,21.61,553.87,2387.99,9091.19,1.3,47.38,521.85,2388.02,8175.2,8.4566,0.03,391,2388,100.0,38.78,23.2728,57
9,145,0.0024,-0.0004,100.0,518.67,642.16,1591.9,1399.45,14.62,21.61,554.12,2387.96,9091.96,1.3,47.35,521.85,2388.03,8175.43,8.4392,0.03,392,2388,100.0,38.86,23.2554,56
9,146,0.0006,-0.0005,100.0,518.67,642.96,1582.97,1405.57,14.62,21.61,553.96,2387.99,9095.13,1.3,47.5,522.19,2387.98,8173.26,8.438,0.03,392,2388,100.0,38.91,23.3391,55
9,147,0.002,0.0003,100.0,518.67,642.18,1588.5,1404.5,14.62,21.61,554.07,2387.96,9100.27,1.3,47.37,522.08,2387.99,8171.61,8.4109,0.03,394,2388,100.0,38.78,23.3047,54
9,148,0.0029,-0.0003,100.0,518.67,641.94,1591.11,1400.75,14.62,21.61,553.62,2388.07,9099.55,1.3,47.47,521.9,2388.04,8177.85,8.3997,0.03,393,2388,100.0,38.77,23.3213,53
9,149,-0.0019,0.0004,100.0,518.67,642.6,1589.07,1401.45,14.62,21.61,554.24,2387.99,9106.83,1.3,47.05,522.38,2388.03,8178.21,8.4184,0.03,392,2388,100.0,38.86,23.3484,52
9,150,0.0008,0.0004,100.0,518.67,642.32,1594.79,1406.44,14.62,21.61,553.97,2388.04,9102.61,1.3,47.33,521.78,2387.99,8178.9,8.4054,0.03,392,2388,100.0,38.98,23.2999,51
9,151,-0.0042,-0.0003,100.0,518.67,641.94,1583.76,1407.19,14.62,21.61,553.95,2388.03,9110.49,1.3,47.41,522.21,2387.94,8179.13,8.4205,0.03,393,2388,100.0,39.1,23.3506,50
9,152,-0.0007,-0.0002,100.0,518.67,642.65,1586.94,1419.46,14.62,21.61,554.41,2388.0,9105.06,1.3,47.56,522.89,2388.0,8182.54,8.4164,0.03,394,2388,100.0,38.89,23.172,49
9,153,0.0016,0.0001,100.0,518.67,642.2,1589.11,1410.85,14.62,21.61,553.88,2388.01,9109.33,1.3,47.48,521.62,2388.02,8179.42,8.418,0.03,394,2388,100.0,38.86,23.2934,48
9,154,-0.0013,-0.0004,100.0,518.67,642.66,1593.14,1405.96,14.62,21.61,554.24,2388.02,9102.94,1.3,47.37,521.6,2388.03,8185.48,8.4437,0.03,395,2388,100.0,38.71,23.2834,47
9,155,0.0008,0.0001,100.0,518.67,642.86,1588.68,1411.51,14.62,21.61,553.61,2388.04,9105.08,1.3,47.46,522.01,2388.03,8182.74,8.4114,0.03,393,2388,100.0,38.89,23.2729,46
9,156,-0.0,0.0002,100.0,518.67,642.68,1585.05,1404.54,14.62,21.61,554.5,2388.07,9106.52,1.3,47.45,521.33,2388.01,8180.85,8.4406,0.03,394,2388,100.0,38.8,23.3428,45
9,157,-0.0005,-0.0,100.0,518.67,642.82,1591.95,1401.39,14.62,21.61,554.36,2388.05,9117.58,1.3,47.5,522.01,2388.01,8180.59,8.4341,0.03,393,2388,100.0,38.86,23.2617,44
9,158,0.003,-0.0004,100.0,518.67,642.61,1594.78,1399.17,14.62,21.6,553.56,2387.97,9116.11,1.3,47.44,521.89,2388.02,8188.3,8.4119,0.03,392,2388,100.0,38.89,23.2962,43
9,159,0.0005,0.0003,100.0,518.67,642.67,1585.67,1401.96,14.62,21.61,554.01,2388.04,9115.42,1.3,47.41,521.28,2388.01,8185.06,8.4398,0.03,394,2388,100.0,38.72,23.4176,42
9,160,-0.0026,-0.0003,100.0,518.67,642.47,1588.7,1407.75,14.62,21.61,555.05,2388.02,9116.9,1.3,47.49,521.52,2387.99,8192.76,8.39,0.03,394,2388,100.0,38.64,23.2255,41
9,161,0.0006,0.0001,100.0,518.67,642.96,1584.58,1412.27,14.62,21.61,554.44,2388.01,9111.74,1.3,47.44,521.51,2388.01,8189.92,8.4236,0.03,393,2388,100.0,38.76,23.2392,40
9,162,-0.0019,-0.0003,100.0,518.67,642.76,1592.35,1411.12,14.62,21.61,553.91,2388.02,9115.02,1.3,47.65,521.97,2388.02,8194.28,8.4316,0.03,394,2388,100.0,39.0,23.2257,39
9,163,0.0012,0.0001,100.0,518.67,642.64,1589.33,1411.84,14.62,21.61,553.2,2388.02,9120.72,1.3,47.48,522.05,2388.04,8190.5,8.4667,0.03,393,2388,100.0,38.75,23.282,38
9,164,0.0041,-0.0001,100.0,518.67,643.05,1596.45,1402.53,14.62,21.61,553.77,2388.08,9122.91,1.3,47.35,522.3,2387.98,8189.68,8.4182,0.03,392,2388,100.0,38.76,23.3422,37
9,165,-0.0004,0.0001,100.0,518.67,642.56,1595.52,1411.15,14.62,21.61,553.75,2388.03,9131.26,1.3,47.65,521.93,2388.06,8189.52,8.4529,0.03,394,2388,100.0,38.9,23.3964,36
9,166,0.0015,0.0003,100.0,518.67,642.96,1592.6,1411.1,14.62,21.61,553.73,2387.99,9123.34,1.3,47.58,521.47,2387.99,8194.4,8.4258,0.03,393,2388,100.0,38.89,23.3474,35
9,167,0.0025,-0.0001,100.0,518.67,642.81,1589.01,1403.24,14.62,21.61,554.35,2388.04,9122.81,1.3,47.51,520.92,2388.09,8197.22,8.4609,0.03,393,2388,100.0,38.8,23.1219,34
9,168,0.0015,-0.0003,100.0,518.67,642.77,1590.97,1411.1,14.62,21.61,553.62,2387.98,9131.74,1.3,47.51,521.1,2388.05,8194.48,8.4335,0.03,395,2388,100.0,38.8,23.3069,33
9,169,-0.0033,-0.0002,100.0,518.67,642.83,1594.76,1404.33,14.62,21.61,554.16,2388.03,9128.49,1.3,47.39,521.84,2388.01,8198.27,8.4545,0.03,395,2388,100.0,38.66,23.2603,32
9,170,0.001,-0.0003,100.0,518.67,642.61,1588.33,1410.55,14.62,21.61,553.2,2388.07,9135.12,1.3,47.69,521.8,2388.14,8209.53,8.4699,0.03,394,2388,100.0,38.8,23.2649,31
9,171,0.0024,0.0002,100.0,518.67,642.34,1587.08,1418.0,14.62,21.61,552.79,2388.1,9142.03,1.3,47.83,521.36,2388.06,8202.43,8.4846,0.03,393,2388,100.0,39.06,23.2852,30
9,172,0.0041,0.0004,100.0,518.67,643.07,1593.98,1410.93,14.62,21.61,553.53,2388.01,9133.2,1.3,47.58,521.37,2388.08,8202.5,8.4565,0.03,393,2388,100.0,38.78,23.2069,29
9,173,-0.0029,-0.0004,100.0,518.67,642.57,1589.82,1403.42,14.62,21.61,553.84,2388.04,9131.44,1.3,47.51,521.43,2388.07,8209.55,8.4393,0.03,394,2388,100.0,38.75,23.2196,28
9,174,0.0002,0.0001,100.0,518.67,642.57,1595.3,1417.95,14.62,21.61,553.52,2388.05,9143.61,1.3,47.57,520.99,2388.03,8210.34,8.4596,0.03,393,2388,100.0,38.73,23.2271,27
9,175,0.0023,0.0001,100.0,518.67,642.89,1595.01,1412.09,14.62,21.61,552.79,2388.02,9137.19,1.3,47.45,521.28,2388.05,8207.79,8.4407,0.03,393,2388,100.0,38.79,23.2424,26
9,176,0.001,-0.0001,100.0,518.67,643.16,1591.56,1408.48,14.62,21.61,553.89,2388.01,9139.98,1.3,47.6,521.38,2388.01,8214.49,8.4672,0.03,395,2388,100.0,38.78,23.2337,25
9,177,-0.0047,0.0003,100.0,518.67,642.83,1595.84,1408.22,14.62,21.61,553.54,2388.07,9147.59,1.3,47.43,521.46,2388.08,8212.23,8.4358,0.03,396,2388,100.0,38.89,23.186,24
9,178,-0.0013,-0.0002,100.0,518.67,643.3,1594.77,1407.18,14.62,21.61,552.79,2388.09,9151.39,1.3,47.72,521.66,2388.05,8217.98,8.4521,0.03,394,2388,100.0,38.72,23.3195,23
9,179,0.0007,0.0003,100.0,518.67,643.01,1600.05,1412.2,14.62,21.61,553.9,2388.09,9156.95,1.3,47.66,521.22,2388.04,8216.9,8.4385,0.03,394,2388,100.0,38.73,23.2207,22
9,180,-0.0008,0.0002,100.0,518.67,643.05,1594.96,1406.19,14.62,21.61,553.86,2388.05,9155.81,1.3,47.5,521.24,2388.1,8227.97,8.4948,0.03,394,2388,100.0,38.48,23.1341,21
9,181,-0.0008,-0.0004,100.0,518.67,643.23,1602.99,1417.63,14.62,21.61,553.83,2388.0,9144.98,1.3,47.59,520.87,2388.08,8223.18,8.4468,0.03,395,2388,100.0,38.91,23.1923,20
9,182,0.0002,-0.0004,100.0,518.67,643.01,1596.98,1416.51,14.62,21.61,552.95,2388.11,9162.89,1.3,47.59,520.88,2388.1,8220.13,8.4763,0.03,395,2388,100.0,38.66,23.1898,19
9,183,0.0015,0.0004,100.0,518.67,643.07,1590.68,1410.37,14.62,21.61,552.94,2388.09,9167.16,1.3,47.68,521.63,2388.09,8229.79,8.4718,0.03,394,2388,100.0,38.61,23.2067,18
9,184,-0.0024,-0.0001,100.0,518.67,643.55,1602.59,1415.55,14.62,21.61,553.87,2388.08,9163.47,1.3,47.76,521.04,2388.08,8230.96,8.4605,0.03,395,2388,100.0,38.62,23.1689,17
9,185,0.002,-0.0004,100.0,518.67,643.2,1601.8,1420.83,14.62,21.61,552.81,2388.07,9162.66,1.3,47.78,521.04,2388.08,8229.33,8.5005,0.03,393,2388,100.0,38.63,23.1598,16
9,186,-0.0004,0.0,100.0,518.67,643.16,1593.59,1415.44,14.62,21.61,552.4,2388.06,9171.18,1.3,47.66,521.29,2388.05,8238.32,8.4461,0.03,395,2388,100.0,38.71,23.1954,15
9,187,-0.0022,-0.0,100.0,518.67,643.55,1607.04,1421.69,14.62,21.61,552.45,2388.07,9164.94,1.3,47.67,520.93,2388.08,8237.87,8.4938,0.03,395,2388,100.0,38.79,23.168,14
9,188,-0.006,0.0003,100.0,518.67,642.83,1601.88,1417.4,14.62,21.61,552.83,2388.13,9171.99,1.3,47.85,520.79,2388.07,8240.06,8.4992,0.03,395,2388,100.0,38.46,23.2898,13
9,189,0.0025,-0.0002,100.0,518.67,642.84,1596.03,1418.62,14.62,21.61,552.84,2388.04,9178.37,1.3,47.9,521.39,2388.11,8243.94,8.4522,0.03,396,2388,100.0,38.64,23.0994,12
9,190,-0.0016,0.0002,100.0,518.67,643.73,1595.56,1417.78,14.62,21.61,553.36,2388.12,9188.49,1.3,47.92,520.98,2388.1,8242.41,8.4987,0.03,396,2388,100.0,38.52,23.1614,11
9,191,-0.0001,-0.0001,100.0,518.67,643.38,1602.92,1423.1,14.62,21.61,552.52,2388.12,9183.92,1.3,47.89,520.79,2388.1,8248.3,8.4932,0.03,395,2388,100.0,38.68,23.2104,10
9,192,0.0015,0.0004,100.0,518.67,643.23,1598.22,1420.21,14.62,21.61,552.31,2388.15,9189.49,1.3,47.91,520.11,2388.08,8251.76,8.5037,0.03,396,2388,100.0,38.68,23.1819,9
9,193,-0.0011,-0.0004,100.0,518.67,643.32,1602.15,1427.4,14.62,21.61,552.36,2388.12,9191.59,1.3,47.91,520.78,2388.17,8255.79,8.498,0.03,396,2388,100.0,38.67,23.0226,8
9,194,-0.0001,-0.0,100.0,518.67,643.13,1599.34,1418.42,14.62,21.61,552.36,2388.16,9207.36,1.3,48.08,521.07,2388.07,8257.19,8.4414,0.03,396,2388,100.0,38.39,23.2319,7
9,195,0.0007,0.0001,100.0,518.67,642.7,1602.99,1431.01,14.62,21.61,552.15,2388.09,9205.71,1.3,48.04,520.71,2388.13,8262.08,8.4908,0.03,396,2388,100.0,38.54,23.1513,6
9,196,-0.0018,-0.0001,100.0,518.67,643.24,1597.81,1424.02,14.62,21.61,551.75,2388.12,9199.59,1.3,47.85,520.59,2388.07,8262.57,8.4898,0.03,396,2388,100.0,38.55,23.0542,5
9,197,0.0006,0.0005,100.0,518.67,643.42,1596.7,1417.01,14.62,21.61,552.63,2388.15,9206.31,1.3,47.94,520.35,2388.09,8266.83,8.5095,0.03,396,2388,100.0,38.51,23.181,4
9,198,0.0022,-0.0002,100.0,518.67,643.46,1599.45,1433.83,14.62,21.61,552.86,2388.15,9214.62,1.3,47.85,519.86,2388.13,8271.39,8.5206,0.03,397,2388,100.0,38.49,23.1286,3
9,199,-0.0026,0.0002,100.0,518.67,643.69,1603.7,1429.19,14.62,21.61,551.71,2388.09,9220.88,1.3,47.82,520.5,2388.1,8272.83,8.5282,0.03,396,2388,100.0,38.4,23.0677,2
9,200,-0.0014,-0.0004,100.0,518.67,643.4,1602.89,1431.95,14.62,21.61,552.29,2388.44,9224.87,1.3,47.98,520.35,2388.44,8279.79,8.4968,0.03,397,2388,100.0,38.43,23.1008,1
9,201,-0.0016,0.0004,100.0,518.67,644.04,1595.36,1428.43,14.62,21.61,552.3,2388.5,9239.76,1.3,48.11,520.28,2388.56,8289.63,8.5156,0.03,399,2388,100.0,38.45,23.0284,0
10,1,-0.0014,0.0004,100.0,518.67,641.92,1587.93,1392.2,14.62,21.61,554.37,2388.0,9051.46,1.3,47.05,522.54,2388.01,8137.61,8.4039,0.03,391,2388,100.0,39.04,23.5309,221
10,2,0.0009,0.0005,100.0,518.67,642.22,1586.81,1392.03,14.62,21.61,554.76,2388.06,9057.03,1.3,47.2,523.04,2388.04,8142.57,8.3868,0.03,390,2388,100.0,39.05,23.3106,220
10,3,0.0009,-0.0,100.0,518.67,642.16,1581.06,1395.51,14.62,21.61,554.42,2388.01,9047.45,1.3,47.19,522.22,2387.97,8136.85,8.4422,0.03,392,2388,100.0,39.01,23.5053,219
10,4,0.001,0.0004,100.0,518.67,642.14,1590.17,1388.15,14.62,21.61,554.19,2387.99,9057.43,1.3,47.11,522.51,2388.03,8136.62,8.3928,0.03,391,2388,100.0,38.83,23.3314,218
10,5,-0.002,-0.0003,100.0,518.67,642.13,1581.09,1396.37,14.62,21.6,554.26,2387.96,9046.16,1.3,47.2,522.29,2388.01,8138.95,8.3879,0.03,392,2388,100.0,39.06,23.4651,217
10,6,0.0032,0.0004,100.0,518.67,641.99,1585.13,1394.91,14.62,21.61,554.48,2388.02,9054.59,1.3,47.03,522.36,2388.02,8142.12,8.383,0.03,390,2388,100.0,39.08,23.3655,216
10,7,-0.0017,0.0002,100.0,518.67,642.44,1582.96,1394.26,14.62,21.61,555.06,2388.01,9051.7,1.3,47.22,522.87,2388.03,8139.16,8.3977,0.03,391,2388,100.0,38.99,23.4053,215
10,8,0.0011,-0.0003,100.0,518.67,641.61,1584.53,1392.39,14.62,21.61,554.28,2388.03,9055.99,1.3,47.24,522.29,2388.0,8136.8,8.3813,0.03,391,2388,100.0,39.18,23.4135,214
10,9,0.0019,0.0003,100.0,518.67,641.78,1580.52,1401.27,14.62,21.61,554.27,2388.03,9055.41,1.3,47.04,522.29,2387.97,8136.08,8.3836,0.03,392,2388,100.0,38.98,23.4868,213
10,10,-0.0025,-0.0001,100.0,518.67,642.02,1581.9,1398.55,14.62,21.61,555.23,2388.0,9052.61,1.3,47.12,522.25,2388.0,8138.6,8.3644,0.03,392,2388,100.0,38.93,23.3787,212
10,11,0.0002,0.0005,100.0,518.67,642.48,1585.62,1400.69,14.62,21.61,553.8,2388.02,9047.32,1.3,47.16,522.62,2387.97,8135.34,8.3862,0.03,391,2388,100.0,38.86,23.4401,211
10,12,0.0017,0.0001,100.0,518.67,642.2,1591.59,1396.26,14.62,21.61,554.67,2388.0,9049.4,1.3,46.99,522.68,2387.99,8137.7,8.3809,0.03,392,2388,100.0,39.03,23.4179,210
10,13,0.0022,0.0,100.0,518.67,641.98,1578.1,1395.18,14.62,21.6,554.77,2387.99,9048.49,1.3,47.18,522.03,2387.99,8135.65,8.3773,0.03,391,2388,100.0,38.89,23.3528,209
10,14,0.0013,0.0005,100.0,518.67,642.03,1583.94,1400.37,14.62,21.61,553.95,2388.06,9043.1,1.3,47.09,522.28,2388.02,8138.34,8.3997,0.03,393,2388,100.0,39.12,23.3564,208
10,15,-0.0074,0.0001,100.0,518.67,642.3,1586.21,1393.99,14.62,21.61,554.72,2388.02,9050.98,1.3,47.18,522.69,2388.02,8138.43,8.4346,0.03,393,2388,100.0,39.0,23.4487,207
10,16,0.0027,-0.0003,100.0,518.67,641.87,1589.94,1397.33,14.62,21.6,554.65,2388.01,9052.18,1.3,47.06,522.35,2388.02,8138.18,8.3577,0.03,392,2388,100.0,39.0,23.4001,206
10,17,-0.0014,0.0003,100.0,518.67,641.79,1585.44,1400.99,14.62,21.61,554.62,2387.99,9053.78,1.3,47.03,522.61,2388.03,8141.13,8.4136,0.03,392,2388,100.0,39.05,23.403,205
10,18,-0.002,0.0001,100.0,518.67,641.87,1580.13,1395.47,14.62,21.61,554.67,2388.03,9053.77,1.3,47.32,522.07,2388.0,8140.58,8.3947,0.03,392,2388,100.0,39.12,23.3682,204
10,19,0.001,0.0002,100.0,518.67,642.29,1589.25,1396.14,14.62,21.6,554.48,2387.99,9058.24,1.3,47.11,522.27,2388.01,8139.5,8.3858,0.03,391,2388,100.0,39.14,23.4496,203
10,20,0.0009,0.0002,100.0,518.67,641.88,1583.88,1397.1,14.62,21.61,554.12,2387.98,9047.22,1.3,47.23,522.42,2388.05,8138.14,8.3966,0.03,392,2388,100.0,39.04,23.4002,202
10,21,0.0047,-0.0004,100.0,518.67,642.14,1580.79,1399.2,14.62,21.61,554.68,2388.01,9050.5,1.3,47.17,522.0,2388.0,8138.72,8.4168,0.03,391,2388,100.0,38.88,23.4053,201
10,22,0.001,-0.0001,100.0,518.67,642.28,1588.92,1397.3,14.62,21.61,554.96,2387.99,9048.1,1.3,47.14,522.04,2388.01,8137.55,8.3823,0.03,393,2388,100.0,39.07,23.5493,200
10,23,-0.0035,0.0003,100.0,518.67,642.36,1589.48,1395.85,14.62,21.61,554.58,2388.0,9047.9,1.3,47.18,522.35,2387.98,8137.34,8.4085,0.03,392,2388,100.0,38.87,23.4251,199
10,24,-0.0047,-0.0004,100.0,518.67,642.0,1583.85,1393.75,14.62,21.61,554.92,2388.06,9062.47,1.3,47.33,522.84,2387.99,8140.26,8.3758,0.03,391,2388,100.0,39.11,23.4183,198
10,25,-0.0036,0.0003,100.0,518.67,642.76,1581.08,1406.96,14.62,21.61,555.22,2388.01,9060.43,1.3,47.13,522.04,2387.96,8137.99,8.4141,0.03,391,2388,100.0,39.05,23.4275,197
10,26,0.0008,0.0002,100.0,518.67,642.48,1590.13,1392.6,14.62,21.6,555.23,2388.06,9065.05,1.3,47.12,522.41,2388.03,8138.93,8.4004,0.03,392,2388,100.0,39.05,23.4433,196
10,27,0.0013,0.0004,100.0,518.67,642.17,1582.59,1396.89,14.62,21.61,553.83,2388.05,9057.19,1.3,47.19,522.54,2387.99,8131.25,8.4325,0.03,392,2388,100.0,38.84,23.3362,195
10,28,0.0007,0.0001,100.0,518.67,641.74,1585.77,1392.56,14.62,21.61,555.02,2387.98,9062.96,1.3,47.13,522.41,2387.99,8133.56,8.3943,0.03,391,2388,100.0,39.43,23.4076,194
10,29,-0.0002,0.0003,100.0,518.67,641.47,1583.06,1396.87,14.62,21.61,555.42,2388.03,9056.01,1.3,47.01,521.41,2388.03,8143.37,8.3982,0.03,391,2388,100.0,39.19,23.4753,193
10,30,0.0052,-0.0002,100.0,518.67,641.9,1587.36,1402.48,14.62,21.61,554.46,2388.02,9050.98,1.3,47.31,522.49,2388.0,8137.85,8.3667,0.03,390,2388,100.0,38.96,23.4173,192
10,31,0.0024,0.0003,100.0,518.67,642.2,1586.25,1398.36,14.62,21.61,554.78,2388.0,9060.45,1.3,47.07,522.6,2387.98,8141.18,8.4126,0.03,391,2388,100.0,38.94,23.53,191
10,32,-0.0016,-0.0002,100.0,518.67,641.84,1586.55,1392.5,14.62,21.61,554.77,2388.04,9052.01,1.3,47.09,522.38,2388.04,8136.92,8.3925,0.03,391,2388,100.0,38.87,23.3929,190
10,33,0.0013,0.0001,100.0,518.67,642.55,1582.9,1396.54,14.62,21.61,554.63,2387.97,9057.24,1.3,47.16,522.44,2388.06,8141.19,8.3916,0.03,392,2388,100.0,39.13,23.4095,189
10,34,0.0028,0.0002,100.0,518.67,642.52,1582.14,1397.64,14.62,21.61,554.21,2388.02,9049.47,1.3,47.3,522.3,2388.06,8137.06,8.4214,0.03,390,2388,100.0,39.0,23.5233,188
10,35,-0.0017,0.0001,100.0,518.67,642.0,1585.28,1399.6,14.62,21.6,554.18,2388.0,9050.98,1.3,47.01,522.79,2388.03,8140.4,8.404,0.03,392,2388,100.0,38.89,23.4587,187
10,36,-0.0021,0.0001,100.0,518.67,641.46,1580.69,1396.29,14.62,21.61,554.43,2388.01,9055.77,1.3,47.12,521.94,2388.01,8139.7,8.3686,0.03,392,2388,100.0,38.99,23.4019,186
10,37,0.0026,0.0002,100.0,518.67,641.97,1575.6,1398.36,14.62,21.61,554.34,2388.0,9050.57,1.3,47.19,522.0,2387.99,8138.71,8.3769,0.03,392,2388,100.0,39.08,23.4904,185
10,38,-0.0003,0.0004,100.0,518.67,642.2,1589.84,1397.83,14.62,21.61,555.12,2388.01,9054.18,1.3,47.29,522.7,2388.02,8141.1,8.4265,0.03,390,2388,100.0,39.13,23.3119,184
10,39,-0.0019,-0.0002,100.0,518.67,642.78,1586.67,1390.9,14.62,21.61,554.76,2388.04,9051.09,1.3,47.09,522.74,2388.01,8131.66,8.434,0.03,390,2388,100.0,39.11,23.4868,183
10,40,-0.0009,-0.0002,100.0,518.67,642.12,1583.04,1393.76,14.62,21.61,554.21,2388.07,9057.71,1.3,47.15,522.46,2388.02,8134.34,8.4005,0.03,391,2388,100.0,39.24,23.4566,182
10,41,-0.0044,0.0003,100.0,518.67,641.64,1589.84,1393.32,14.62,21.61,554.62,2387.99,9060.44,1.3,47.2,522.13,2388.04,8137.48,8.3954,0.03,392,2388,100.0,39.02,23.4643,181
10,42,0.0001,0.0002,100.0,518.67,641.48,1579.48,1398.05,14.62,21.61,554.76,2388.04,9053.26,1.3,47.11,522.59,2387.99,8138.49,8.4149,0.03,392,2388,100.0,39.09,23.4383,180
10,43,0.002,-0.0,100.0,518.67,642.67,1571.04,1401.83,14.62,21.6,554.0,2388.06,9058.96,1.3,47.1,522.41,2388.0,8140.62,8.3808,0.03,390,2388,100.0,39.08,23.4559,179
10,44,-0.0003,0.0003,100.0,518.67,642.14,1580.44,1399.42,14.62,21.61,554.22,2388.01,9048.6,1.3,47.16,522.19,2388.02,8129.38,8.4043,0.03,391,2388,100.0,39.08,23.4762,178
10,45,-0.0002,0.0005,100.0,518.67,642.03,1580.26,1398.18,14.62,21.61,554.73,2388.01,9051.45,1.3,47.21,522.61,2388.06,8136.47,8.4005,0.03,391,2388,100.0,38.87,23.5226,177
10,46,-0.0035,-0.0002,100.0,518.67,642.03,1587.64,1398.27,14.62,21.61,555.18,2387.99,9058.83,1.3,47.15,522.55,2388.0,8138.17,8.4128,0.03,393,2388,100.0,38.9,23.4497,176
10,47,0.0018,-0.0004,100.0,518.67,642.08,1577.61,1393.94,14.62,21.61,554.03,2388.06,9056.99,1.3,47.08,522.52,2388.0,8144.46,8.3769,0.03,390,2388,100.0,38.87,23.4684,175
10,48,0.0016,-0.0003,100.0,518.67,641.97,1583.8,1402.0,14.62,21.61,554.64,2387.98,9056.79,1.3,47.05,522.61,2387.99,8137.98,8.3727,0.03,391,2388,100.0,39.04,23.3365,174
10,49,0.0035,0.0,100.0,518.67,642.24,1580.77,1398.39,14.62,21.6,554.84,2387.97,9054.18,1.3,47.22,522.46,2387.98,8134.84,8.4097,0.03,392,2388,100.0,38.99,23.4203,173
10,50,0.001,0.0005,100.0,518.67,641.87,1585.37,1400.5,14.62,21.61,554.45,2388.0,9053.16,1.3,46.96,521.95,2388.04,8140.56,8.4012,0.03,392,2388,100.0,39.08,23.284,172
10,51,0.0009,0.0004,100.0,518.67,642.2,1581.49,1395.73,14.62,21.61,554.68,2388.05,9054.29,1.3,47.21,521.94,2387.99,8131.68,8.3834,0.03,392,2388,100.0,38.95,23.4952,171
10,52,0.0004,-0.0002,100.0,518.67,641.76,1588.52,1401.12,14.62,21.61,554.26,2387.99,9051.13,1.3,47.19,522.62,2388.04,8141.23,8.4213,0.03,392,2388,100.0,38.97,23.3672,170
10,53,-0.002,0.0,100.0,518.67,641.76,1590.49,1397.38,14.62,21.61,554.83,2387.99,9051.82,1.3,47.37,521.88,2388.01,8140.24,8.4318,0.03,391,2388,100.0,39.04,23.4324,169
10,54,0.0014,0.0004,100.0,518.67,641.84,1584.1,1402.76,14.62,21.61,554.51,2388.02,9051.83,1.3,47.08,522.11,2388.04,8142.09,8.4085,0.03,393,2388,100.0,39.02,23.5017,168
10,55,-0.0007,0.0003,100.0,518.67,641.76,1577.97,1398.77,14.62,21.61,553.48,2388.0,9057.54,1.3,47.19,522.52,2388.07,8137.62,8.4008,0.03,390,2388,100.0,39.15,23.411,167
10,56,-0.0013,0.0003,100.0,518.67,642.21,1586.45,1396.86,14.62,21.61,555.25,2388.01,9053.77,1.3,47.34,522.74,2388.02,8140.16,8.3742,0.03,391,2388,100.0,39.01,23.4886,166
10,57,-0.0006,0.0004,100.0,518.67,641.82,1586.01,1400.77,14.62,21.61,554.07,2388.01,9054.63,1.3,47.37,522.27,2387.97,8134.75,8.3279,0.03,391,2388,100.0,38.99,23.5059,165
10,58,-0.0009,-0.0001,100.0,518.67,642.15,1582.48,1398.42,14.62,21.61,554.3,2387.96,9062.29,1.3,47.11,521.66,2388.05,8136.08,8.4264,0.03,391,2388,100.0,39.06,23.4623,164
10,59,0.0005,0.0002,100.0,518.67,642.3,1592.5,1401.01,14.62,21.6,553.85,2388.02,9058.17,1.3,47.16,522.12,2388.04,8136.87,8.4061,0.03,392,2388,100.0,38.96,23.3828,163
10,60,-0.0003,0.0004,100.0,518.67,642.04,1584.0,1402.06,14.62,21.61,554.41,2388.09,9055.46,1.3,47.16,521.63,2387.94,8139.41,8.3983,0.03,391,2388,100.0,39.11,23.3808,162
10,61,-0.0019,0.0004,100.0,518.67,642.28,1581.82,1393.03,14.62,21.6,554.39,2388.03,9057.65,1.3,47.17,522.37,2387.98,8143.78,8.3614,0.03,391,2388,100.0,38.96,23.4592,161
10,62,0.0008,-0.0002,100.0,518.67,642.52,1584.46,1400.1,14.62,21.61,554.15,2388.05,9057.31,1.3,47.1,522.29,2388.03,8139.98,8.4175,0.03,392,2388,100.0,39.14,23.3774,160
10,63,0.0009,-0.0,100.0,518.67,641.54,1584.86,1397.06,14.62,21.61,554.3,2388.01,9054.67,1.3,47.18,521.81,2388.0,8144.26,8.3939,0.03,393,2388,100.0,38.96,23.347,159
10,64,-0.0012,0.0004,100.0,518.67,642.17,1588.3,1398.52,14.62,21.61,554.38,2388.06,9057.56,1.3,47.14,522.32,2387.99,8137.64,8.3747,0.03,389,2388,100.0,39.0,23.3957,158
10,65,-0.0004,-0.0003,100.0,518.67,642.34,1583.08,1400.65,14.62,21.61,554.44,2388.05,9055.08,1.3,47.22,522.2,2388.09,8140.0,8.4073,0.03,390,2388,100.0,39.11,23.4998,157
10,66,0.0009,0.0002,100.0,518.67,641.95,1588.58,1399.24,14.62,21.61,554.45,2388.03,9049.55,1.3,47.35,522.43,2388.01,8135.72,8.3896,0.03,391,2388,100.0,39.08,23.2852,156
10,67,-0.002,0.0002,100.0,518.67,642.04,1589.24,1407.4,14.62,21.6,555.01,2388.03,9053.21,1.3,47.15,522.4,2388.03,8135.54,8.3763,0.03,390,2388,100.0,39.15,23.3072,155
10,68,0.0005,0.0005,100.0,518.67,641.8,1589.24,1404.08,14.62,21.61,554.6,2388.04,9057.53,1.3,47.15,522.45,2388.04,8137.23,8.4128,0.03,393,2388,100.0,39.07,23.4226,154
10,69,0.001,-0.0002,100.0,518.67,642.21,1580.5,1393.64,14.62,21.61,554.58,2388.01,9062.67,1.3,47.35,522.4,2387.99,8138.35,8.3909,0.03,392,2388,100.0,38.98,23.3893,153
10,70,0.0005,0.0004,100.0,518.67,642.01,1581.0,1395.29,14.62,21.61,554.21,2388.01,9051.08,1.3,47.36,522.16,2388.08,8133.15,8.4323,0.03,391,2388,100.0,38.95,23.4108,152
10,71,0.0033,0.0005,100.0,518.67,641.76,1583.8,1394.25,14.62,21.61,554.25,2388.04,9056.84,1.3,47.32,522.16,2388.05,8138.88,8.3968,0.03,392,2388,100.0,38.95,23.4043,151
10,72,-0.0035,0.0005,100.0,518.67,642.18,1589.95,1404.12,14.62,21.61,554.18,2388.07,9051.96,1.3,47.28,522.41,2388.02,8137.76,8.4125,0.03,391,2388,100.0,39.03,23.4884,150
10,73,-0.0012,0.0004,100.0,518.67,641.96,1587.22,1401.15,14.62,21.61,554.78,2387.99,9059.35,1.3,47.13,522.0,2388.07,8136.65,8.4101,0.03,392,2388,100.0,39.03,23.3465,149
10,74,0.0023,-0.0004,100.0,518.67,642.17,1588.49,1399.61,14.62,21.61,553.9,2387.99,9051.02,1.3,47.29,522.39,2388.01,8139.95,8.3907,0.03,391,2388,100.0,39.15,23.4227,148
10,75,-0.0034,0.0005,100.0,518.67,642.01,1583.19,1394.16,14.62,21.6,554.36,2388.06,9052.84,1.3,47.4,522.1,2388.05,8136.24,8.3964,0.03,391,2388,100.0,39.04,23.4063,147
10,76,-0.0016,-0.0004,100.0,518.67,641.99,1584.28,1397.09,14.62,21.61,554.1,2388.03,9059.45,1.3,47.22,522.23,2388.02,8136.7,8.3948,0.03,392,2388,100.0,38.92,23.3491,146
10,77,-0.0023,0.0,100.0,518.67,642.4,1582.58,1405.17,14.62,21.61,553.99,2388.06,9056.4,1.3,47.11,522.27,2388.04,8140.71,8.4383,0.03,390,2388,100.0,39.21,23.4455,145
10,78,-0.001,0.0001,100.0,518.67,642.24,1581.58,1398.63,14.62,21.61,554.52,2388.01,9056.86,1.3,47.08,522.11,2388.0,8138.71,8.3686,0.03,393,2388,100.0,38.96,23.3141,144
10,79,-0.0022,-0.0002,100.0,518.67,642.02,1580.75,1400.71,14.62,21.61,554.43,2388.02,9058.64,1.3,47.15,522.25,2388.09,8138.19,8.3921,0.03,393,2388,100.0,39.06,23.402,143
10,80,0.0005,0.0003,100.0,518.67,642.1,1582.28,1398.55,14.62,21.61,554.4,2387.96,9060.09,1.3,47.25,522.65,2388.01,8145.12,8.3808,0.03,392,2388,100.0,38.99,23.4124,142
10,81,-0.0001,0.0003,100.0,518.67,641.88,1586.24,1398.36,14.62,21.61,555.04,2388.01,9051.93,1.3,47.37,522.78,2388.03,8136.03,8.4191,0.03,392,2388,100.0,39.12,23.3725,141
10,82,-0.0012,-0.0003,100.0,518.67,642.19,1585.16,1397.04,14.62,21.61,554.45,2388.01,9054.58,1.3,47.37,522.23,2388.09,8141.69,8.3831,0.03,393,2388,100.0,38.91,23.4507,140
10,83,0.0049,-0.0,100.0,518.67,641.98,1589.84,1406.27,14.62,21.61,554.32,2388.04,9064.59,1.3,47.25,521.43,2388.01,8139.19,8.405,0.03,393,2388,100.0,39.13,23.3634,139
10,84,0.0062,-0.0001,100.0,518.67,642.27,1585.49,1397.59,14.62,21.61,554.37,2388.02,9049.35,1.3,47.2,522.24,2388.13,8139.26,8.4156,0.03,391,2388,100.0,39.02,23.4405,138
10,85,0.0022,0.0003,100.0,518.67,642.01,1590.1,1391.74,14.62,21.61,553.68,2388.05,9059.52,1.3,47.07,521.95,2388.0,8141.77,8.4053,0.03,393,2388,100.0,38.85,23.3716,137
10,86,-0.0007,0.0004,100.0,518.67,641.96,1583.55,1404.97,14.62,21.61,554.5,2388.05,9057.59,1.3,47.28,522.32,2388.06,8135.08,8.4102,0.03,391,2388,100.0,39.02,23.4268,136
10,87,0.0002,-0.0002,100.0,518.67,642.37,1586.85,1403.75,14.62,21.61,554.47,2388.01,9057.13,1.3,47.34,521.97,2388.06,8139.46,8.3795,0.03,393,2388,100.0,39.08,23.4142,135
10,88,-0.003,0.0001,100.0,518.67,642.71,1585.21,1400.55,14.62,21.61,554.17,2388.12,9055.67,1.3,47.41,521.89,2388.11,8144.07,8.4272,0.03,391,2388,100.0,39.1,23.438,134
10,89,0.0001,0.0005,100.0,518.67,641.38,1590.93,1390.62,14.62,21.61,554.48,2388.05,9063.21,1.3,47.38,522.2,2388.04,8135.79,8.4068,0.03,391,2388,100.0,38.97,23.3878,133
10,90,-0.0011,-0.0003,100.0,518.67,641.95,1592.95,1397.14,14.62,21.6,554.19,2388.02,9061.75,1.3,47.18,522.03,2388.0,8140.64,8.3906,0.03,390,2388,100.0,39.15,23.3961,132
10,91,0.0005,-0.0001,100.0,518.67,642.52,1586.78,1400.69,14.62,21.61,554.7,2388.08,9060.54,1.3,47.34,521.86,2387.99,8137.61,8.3872,0.03,391,2388,100.0,38.87,23.482,131
10,92,0.0041,0.0,100.0,518.67,641.98,1577.63,1399.88,14.62,21.61,554.59,2388.01,9054.93,1.3,47.11,522.0,2388.04,8144.71,8.4008,0.03,390,2388,100.0,38.97,23.3861,130
10,93,-0.0028,0.0005,100.0,518.67,641.98,1584.79,1397.2,14.62,21.61,553.9,2388.07,9054.82,1.3,47.28,521.96,2388.03,8141.26,8.4436,0.03,391,2388,100.0,38.87,23.3703,129
10,94,0.003,-0.0003,100.0,518.67,642.06,1582.08,1393.72,14.62,21.61,554.45,2387.99,9057.54,1.3,47.38,522.49,2387.99,8139.96,8.4245,0.03,391,2388,100.0,39.16,23.3878,128
10,95,0.0016,0.0,100.0,518.67,642.2,1584.36,1403.99,14.62,21.61,554.39,2388.05,9052.77,1.3,47.33,522.26,2388.0,8140.33,8.401,0.03,391,2388,100.0,39.02,23.3446,127
10,96,0.0004,0.0003,100.0,518.67,642.09,1585.58,1411.03,14.62,21.61,554.38,2388.0,9059.49,1.3,47.23,522.21,2388.05,8145.95,8.4467,0.03,393,2388,100.0,39.12,23.4229,126
10,97,0.0013,0.0003,100.0,518.67,641.85,1577.04,1401.74,14.62,21.61,553.86,2388.03,9064.75,1.3,47.31,522.13,2388.08,8138.83,8.3906,0.03,391,2388,100.0,38.97,23.3372,125
10,98,0.0028,0.0003,100.0,518.67,642.17,1584.95,1396.65,14.62,21.61,554.22,2387.97,9058.61,1.3,47.35,522.03,2388.08,8143.37,8.43,0.03,392,2388,100.0,39.03,23.3509,124
10,99,0.0006,-0.0004,100.0,518.67,641.76,1591.08,1396.87,14.62,21.61,554.62,2388.02,9057.57,1.3,47.2,522.05,2388.06,8138.19,8.3935,0.03,390,2388,100.0,38.99,23.4015,123
10,100,-0.004,0.0002,100.0,518.67,641.88,1584.72,1400.67,14.62,21.61,554.61,2388.02,9059.06,1.3,47.33,522.25,2388.05,8141.82,8.4226,0.03,392,2388,100.0,39.0,23.3896,122
10,101,-0.0027,0.0002,100.0,518.67,641.86,1589.45,1400.21,14.62,21.61,554.57,2388.02,9063.24,1.3,47.08,522.56,2388.05,8137.64,8.3962,0.03,391,2388,100.0,39.02,23.3689,121
10,102,0.001,-0.0001,100.0,518.67,642.25,1583.63,1394.62,14.62,21.61,553.74,2387.99,9055.62,1.3,47.27,522.74,2388.07,8136.78,8.4215,0.03,391,2388,100.0,39.13,23.3827,120
10,103,0.0024,0.0005,100.0,518.67,642.16,1582.72,1396.52,14.62,21.61,552.98,2387.96,9059.71,1.3,47.3,522.45,2387.99,8143.06,8.3673,0.03,393,2388,100.0,39.24,23.3669,119
10,104,-0.0011,-0.0003,100.0,518.67,642.3,1580.41,1404.78,14.62,21.61,554.25,2388.02,9059.65,1.3,47.33,521.71,2388.1,8138.77,8.399,0.03,391,2388,100.0,38.99,23.3468,118
10,105,0.002,-0.0003,100.0,518.67,642.75,1586.26,1401.84,14.62,21.61,554.06,2388.01,9045.99,1.3,47.28,522.03,2388.02,8139.95,8.417,0.03,390,2388,100.0,38.92,23.4241,117
10,106,-0.0018,-0.0,100.0,518.67,642.16,1590.2,1402.81,14.62,21.61,554.91,2388.03,9060.78,1.3,47.27,522.21,2388.03,8141.8,8.3985,0.03,393,2388,100.0,38.98,23.434,116
10,107,0.0036,0.0001,100.0,518.67,642.02,1581.22,1397.62,14.62,21.61,554.11,2388.03,9057.01,1.3,47.34,522.07,2388.05,8145.98,8.3942,0.03,393,2388,100.0,38.86,23.4195,115
10,108,-0.0014,-0.0004,100.0,518.67,642.3,1583.84,1401.12,14.62,21.61,554.92,2388.08,9053.29,1.3,47.21,521.88,2388.04,8143.89,8.4003,0.03,392,2388,100.0,38.9,23.3515,114
10,109,-0.0007,0.0004,100.0,518.67,642.28,1587.71,1394.11,14.62,21.61,554.48,2388.08,9061.51,1.3,47.24,521.9,2388.02,8144.39,8.4071,0.03,391,2388,100.0,39.11,23.4203,113
10,110,0.001,0.0001,100.0,518.67,642.12,1579.01,1391.63,14.62,21.61,553.8,2388.02,9064.12,1.3,47.28,522.01,2388.05,8145.31,8.3784,0.03,392,2388,100.0,38.77,23.2628,112
10,111,-0.0064,-0.0001,100.0,518.67,642.72,1587.53,1401.29,14.62,21.61,554.4,2388.06,9053.74,1.3,47.32,521.85,2388.02,8135.61,8.4018,0.03,393,2388,100.0,38.85,23.3332,111
10,112,0.0038,-0.0,100.0,518.67,642.31,1584.42,1395.02,14.62,21.61,554.35,2388.06,9069.51,1.3,47.47,522.16,2388.04,8145.38,8.4453,0.03,391,2388,100.0,38.84,23.3309,110
10,113,-0.0009,0.0004,100.0,518.67,642.25,1583.11,1405.91,14.62,21.61,554.39,2388.08,9061.95,1.3,47.12,522.21,2388.02,8137.17,8.4206,0.03,392,2388,100.0,38.94,23.4222,109
10,114,-0.0017,-0.0002,100.0,518.67,642.21,1584.86,1404.12,14.62,21.61,553.97,2388.02,9056.34,1.3,47.5,521.97,2388.05,8135.85,8.3965,0.03,390,2388,100.0,39.12,23.4305,108
10,115,-0.0029,-0.0001,100.0,518.67,642.38,1581.62,1398.42,14.62,21.61,553.87,2388.08,9057.92,1.3,47.36,521.82,2388.07,8141.92,8.4124,0.03,393,2388,100.0,39.02,23.3331,107
10,116,-0.0045,-0.0004,100.0,518.67,641.97,1590.32,1395.43,14.62,21.61,554.09,2388.04,9065.54,1.3,47.29,522.37,2388.06,8142.28,8.4065,0.03,392,2388,100.0,39.01,23.4308,106
10,117,-0.0005,0.0004,100.0,518.67,642.24,1582.51,1400.54,14.62,21.61,554.26,2388.03,9063.34,1.3,47.41,521.92,2388.06,8145.35,8.3974,0.03,393,2388,100.0,39.02,23.4015,105
10,118,0.0028,-0.0003,100.0,518.67,642.43,1592.63,1398.75,14.62,21.61,554.21,2388.04,9059.45,1.3,47.26,521.83,2388.04,8149.58,8.4064,0.03,394,2388,100.0,38.95,23.3918,104
10,119,0.0006,-0.0001,100.0,518.67,641.95,1582.24,1407.73,14.62,21.61,554.16,2388.05,9062.56,1.3,47.25,522.14,2388.05,8142.47,8.4205,0.03,393,2388,100.0,39.05,23.405,103
10,120,-0.0013,-0.0002,100.0,518.67,641.49,1587.93,1407.15,14.62,21.61,553.94,2388.07,9058.97,1.3,47.33,522.05,2388.07,8141.44,8.4094,0.03,392,2388,100.0,38.78,23.3621,102
10,121,-0.0018,-0.0003,100.0,518.67,642.33,1585.48,1400.88,14.62,21.61,554.63,2388.06,9060.65,1.3,47.23,522.2,2388.05,8144.87,8.3756,0.03,393,2388,100.0,39.07,23.3001,101
10,122,-0.0018,-0.0001,100.0,518.67,642.23,1589.03,1401.57,14.62,21.61,553.27,2388.1,9064.84,1.3,47.39,521.7,2388.05,8145.59,8.4063,0.03,393,2388,100.0,39.04,23.4073,100
10,123,-0.002,-0.0003,100.0,518.67,642.45,1585.48,1398.32,14.62,21.61,553.6,2387.98,9057.61,1.3,47.22,522.01,2388.06,8139.16,8.4217,0.03,392,2388,100.0,38.97,23.349,99
10,124,0.002,-0.0004,100.0,518.67,642.8,1586.84,1398.1,14.62,21.61,553.94,2388.02,9060.64,1.3,47.35,521.85,2388.07,8148.12,8.3927,0.03,394,2388,100.0,39.03,23.4573,98
10,125,-0.0006,-0.0003,100.0,518.67,642.14,1583.06,1403.73,14.62,21.61,554.05,2388.02,9058.95,1.3,47.25,521.14,2388.03,8142.27,8.4294,0.03,392,2388,100.0,39.0,23.4689,97
10,126,0.0009,0.0005,100.0,518.67,642.36,1590.39,1403.2,14.62,21.61,553.62,2388.07,9061.52,1.3,47.29,522.07,2388.08,8145.09,8.4022,0.03,392,2388,100.0,39.05,23.2746,96
10,127,-0.0015,0.0002,100.0,518.67,642.5,1586.52,1407.6,14.62,21.61,553.69,2388.09,9061.29,1.3,47.28,521.77,2388.04,8136.77,8.4408,0.03,391,2388,100.0,38.86,23.4063,95
10,128,-0.0022,0.0003,100.0,518.67,642.54,1590.45,1406.54,14.62,21.61,554.34,2388.08,9062.44,1.3,47.32,522.52,2388.06,8143.38,8.4381,0.03,393,2388,100.0,38.83,23.278,94
10,129,-0.001,-0.0,100.0,518.67,642.4,1588.18,1409.07,14.62,21.61,553.97,2388.0,9064.53,1.3,47.53,522.08,2388.03,8144.17,8.447,0.03,394,2388,100.0,38.77,23.42,93
10,130,0.0033,-0.0003,100.0,518.67,642.68,1593.28,1402.57,14.62,21.61,553.71,2388.02,9060.81,1.3,47.36,521.67,2388.09,8140.19,8.4216,0.03,393,2388,100.0,38.98,23.2849,92
10,131,-0.0038,-0.0,100.0,518.67,642.33,1587.08,1406.11,14.62,21.61,554.29,2388.05,9056.51,1.3,47.31,522.2,2388.04,8143.44,8.4148,0.03,393,2388,100.0,38.91,23.3875,91
10,132,-0.0006,-0.0002,100.0,518.67,642.24,1592.85,1399.05,14.62,21.61,554.65,2388.04,9062.62,1.3,47.28,521.88,2388.03,8139.07,8.4272,0.03,392,2388,100.0,38.91,23.2849,90
10,133,-0.0004,0.0005,100.0,518.67,642.29,1587.36,1401.1,14.62,21.61,554.14,2388.06,9068.2,1.3,47.34,521.5,2388.04,8143.91,8.426,0.03,391,2388,100.0,38.87,23.2754,89
10,134,0.001,0.0002,100.0,518.67,642.39,1579.75,1405.37,14.62,21.61,554.64,2388.03,9068.78,1.3,47.33,521.93,2388.09,8142.45,8.4142,0.03,391,2388,100.0,38.79,23.3171,88
10,135,0.0017,-0.0004,100.0,518.67,643.1,1592.83,1404.34,14.62,21.61,554.09,2388.02,9061.98,1.3,47.25,521.72,2388.04,8146.88,8.4204,0.03,392,2388,100.0,38.94,23.4018,87
10,136,0.0017,-0.0001,100.0,518.67,642.33,1582.1,1406.33,14.62,21.61,554.32,2388.05,9070.58,1.3,47.37,521.64,2388.02,8145.76,8.4042,0.03,392,2388,100.0,38.83,23.2836,86
10,137,0.0005,-0.0003,100.0,518.67,641.63,1586.88,1401.27,14.62,21.61,553.34,2388.08,9064.47,1.3,47.36,522.03,2388.03,8143.05,8.4356,0.03,393,2388,100.0,38.79,23.3492,85
10,138,-0.0005,0.0003,100.0,518.67,642.49,1592.4,1398.91,14.62,21.61,553.86,2388.07,9062.47,1.3,47.39,522.14,2388.06,8142.06,8.4093,0.03,393,2388,100.0,38.97,23.2848,84
10,139,-0.0039,0.0002,100.0,518.67,642.13,1588.71,1398.62,14.62,21.61,553.22,2388.07,9064.67,1.3,47.23,521.7,2388.08,8147.25,8.4271,0.03,393,2388,100.0,39.03,23.365,83
10,140,0.0012,0.0004,100.0,518.67,642.77,1587.24,1404.24,14.62,21.61,554.18,2388.06,9061.54,1.3,47.5,522.31,2388.07,8140.3,8.4322,0.03,392,2388,100.0,38.83,23.2991,82
10,141,-0.0026,-0.0003,100.0,518.67,642.71,1581.51,1403.74,14.62,21.61,554.28,2388.07,9066.81,1.3,47.36,521.84,2388.1,8153.43,8.4452,0.03,393,2388,100.0,38.93,23.2287,81
10,142,0.0023,0.0003,100.0,518.67,642.73,1585.04,1409.85,14.62,21.61,553.99,2388.04,9066.22,1.3,47.42,521.59,2388.09,8144.49,8.4151,0.03,392,2388,100.0,39.19,23.3992,80
10,143,-0.0042,0.0003,100.0,518.67,642.7,1589.44,1396.72,14.62,21.61,553.46,2388.06,9066.46,1.3,47.33,521.63,2388.06,8140.76,8.3714,0.03,392,2388,100.0,38.92,23.3964,79
10,144,-0.0021,-0.0002,100.0,518.67,642.06,1588.22,1408.86,14.62,21.61,553.87,2388.13,9064.7,1.3,47.24,521.68,2388.07,8142.36,8.4367,0.03,393,2388,100.0,38.9,23.3516,78
10,145,0.0013,0.0005,100.0,518.67,641.86,1594.02,1405.49,14.62,21.61,553.08,2388.02,9061.74,1.3,47.25,521.86,2388.08,8145.63,8.4073,0.03,394,2388,100.0,38.86,23.3025,77
10,146,0.0033,0.0003,100.0,518.67,642.52,1590.73,1402.77,14.62,21.61,554.35,2388.1,9063.19,1.3,47.48,521.82,2388.07,8141.56,8.4293,0.03,393,2388,100.0,39.0,23.2802,76
10,147,0.0021,0.0002,100.0,518.67,642.2,1587.83,1406.56,14.62,21.61,553.66,2388.16,9061.32,1.3,47.34,521.91,2388.1,8146.61,8.3949,0.03,393,2388,100.0,38.87,23.272,75
10,148,0.0007,-0.0003,100.0,518.67,642.71,1589.59,1405.34,14.62,21.61,553.95,2388.06,9060.62,1.3,47.5,521.46,2388.07,8146.18,8.4193,0.03,394,2388,100.0,39.01,23.2474,74
10,149,0.0018,-0.0004,100.0,518.67,642.25,1583.78,1412.16,14.62,21.61,553.25,2388.04,9072.53,1.3,47.4,521.75,2388.03,8151.69,8.4226,0.03,392,2388,100.0,39.01,23.3276,73
10,150,0.0006,-0.0,100.0,518.67,642.04,1585.1,1404.69,14.62,21.61,553.27,2388.09,9062.79,1.3,47.14,521.96,2388.01,8147.2,8.4132,0.03,392,2388,100.0,38.9,23.3295,72
10,151,0.0035,-0.0,100.0,518.67,642.24,1585.86,1404.88,14.62,21.61,553.78,2388.06,9069.16,1.3,47.44,521.09,2388.07,8144.22,8.4209,0.03,393,2388,100.0,38.79,23.4082,71
10,152,0.0008,0.0004,100.0,518.67,643.25,1588.78,1405.32,14.62,21.61,553.65,2388.06,9067.22,1.3,47.46,521.32,2388.06,8146.46,8.4394,0.03,391,2388,100.0,38.76,23.3469,70
10,153,0.0035,-0.0,100.0,518.67,641.89,1582.1,1405.5,14.62,21.61,553.75,2388.11,9072.54,1.3,47.39,521.59,2388.01,8149.01,8.4277,0.03,393,2388,100.0,38.74,23.2773,69
10,154,-0.0026,0.0,100.0,518.67,642.02,1581.45,1402.71,14.62,21.61,554.41,2388.03,9076.69,1.3,47.52,521.92,2388.07,8146.31,8.413,0.03,391,2388,100.0,38.94,23.2698,68
10,155,-0.0059,-0.0003,100.0,518.67,642.79,1583.61,1408.72,14.62,21.61,553.47,2388.04,9065.61,1.3,47.54,521.11,2388.05,8150.01,8.3938,0.03,395,2388,100.0,38.79,23.3395,67
10,156,-0.0024,0.0005,100.0,518.67,642.78,1595.17,1407.74,14.62,21.61,552.67,2388.04,9064.99,1.3,47.42,521.56,2388.07,8145.59,8.4413,0.03,392,2388,100.0,38.73,23.317,66
10,157,0.0023,0.0003,100.0,518.67,642.53,1589.43,1416.64,14.62,21.61,553.41,2388.09,9076.68,1.3,47.46,521.88,2388.03,8151.43,8.469,0.03,394,2388,100.0,38.95,23.359,65
10,158,-0.0018,0.0002,100.0,518.67,643.13,1588.54,1408.22,14.62,21.61,552.72,2388.06,9071.61,1.3,47.72,521.22,2388.09,8147.55,8.38,0.03,395,2388,100.0,38.72,23.3428,64
10,159,-0.002,0.0001,100.0,518.67,642.89,1583.15,1402.67,14.62,21.61,553.4,2388.09,9069.98,1.3,47.58,521.42,2388.08,8146.04,8.4525,0.03,394,2388,100.0,38.94,23.2766,63
10,160,0.003,-0.0004,100.0,518.67,642.65,1590.58,1413.52,14.62,21.61,553.69,2388.11,9071.7,1.3,47.64,521.65,2388.05,8152.16,8.4452,0.03,392,2388,100.0,38.75,23.341,62
10,161,-0.0,0.0001,100.0,518.67,642.56,1589.92,1407.85,14.62,21.61,553.41,2388.1,9072.86,1.3,47.49,521.38,2388.08,8147.83,8.4318,0.03,393,2388,100.0,38.93,23.4176,61
10,162,-0.0023,-0.0001,100.0,518.67,642.9,1592.33,1402.84,14.62,21.61,553.92,2388.08,9069.79,1.3,47.65,521.46,2388.11,8153.98,8.4198,0.03,394,2388,100.0,38.89,23.3038,60
10,163,-0.0005,0.0003,100.0,518.67,642.9,1588.41,1408.02,14.62,21.61,553.58,2388.09,9071.34,1.3,47.59,521.69,2388.14,8148.23,8.4272,0.03,394,2388,100.0,38.67,23.2768,59
10,164,0.0009,-0.0003,100.0,518.67,643.22,1590.27,1410.26,14.62,21.61,553.41,2388.12,9074.86,1.3,47.58,521.06,2388.06,8150.6,8.472,0.03,394,2388,100.0,38.66,23.3359,58
10,165,-0.0033,-0.0004,100.0,518.67,642.72,1577.39,1404.07,14.62,21.61,553.15,2388.07,9070.38,1.3,47.75,521.27,2388.07,8149.96,8.4232,0.03,392,2388,100.0,38.93,23.3933,57
10,166,0.0033,0.0,100.0,518.67,643.41,1589.38,1414.65,14.62,21.61,553.55,2388.09,9074.8,1.3,47.52,521.37,2388.09,8148.32,8.4905,0.03,394,2388,100.0,38.89,23.2987,56
10,167,-0.0005,-0.0004,100.0,518.67,642.85,1593.63,1407.49,14.62,21.61,553.53,2388.05,9076.41,1.3,47.69,521.16,2388.11,8150.1,8.449,0.03,392,2388,100.0,38.82,23.1952,55
10,168,0.0011,0.0004,100.0,518.67,642.85,1593.11,1405.85,14.62,21.61,553.0,2388.06,9070.01,1.3,47.63,521.56,2388.02,8157.27,8.4502,0.03,392,2388,100.0,38.83,23.2959,54
10,169,0.0018,-0.0001,100.0,518.67,642.54,1600.91,1414.28,14.62,21.61,553.93,2388.09,9078.46,1.3,47.54,521.03,2388.07,8149.56,8.4788,0.03,393,2388,100.0,38.91,23.2665,53
10,170,0.0004,0.0002,100.0,518.67,642.53,1592.71,1415.82,14.62,21.61,553.9,2388.11,9071.54,1.3,47.68,521.41,2388.07,8145.26,8.4789,0.03,394,2388,100.0,38.79,23.3488,52
10,171,0.002,-0.0004,100.0,518.67,642.5,1597.58,1413.44,14.62,21.61,553.7,2388.01,9067.38,1.3,47.58,521.55,2388.11,8152.38,8.4055,0.03,392,2388,100.0,38.88,23.3681,51
10,172,0.0001,-0.0002,100.0,518.67,642.9,1592.19,1414.09,14.62,21.61,553.12,2388.08,9083.27,1.3,47.49,521.11,2388.11,8156.42,8.4514,0.03,393,2388,100.0,38.8,23.2291,50
10,173,-0.0016,0.0005,100.0,518.67,642.74,1583.96,1414.52,14.62,21.61,552.65,2388.05,9072.45,1.3,47.55,520.94,2388.07,8154.03,8.4217,0.03,396,2388,100.0,38.8,23.3128,49
10,174,0.0019,0.0002,100.0,518.67,642.68,1586.97,1409.5,14.62,21.61,553.71,2388.09,9082.58,1.3,47.63,521.22,2388.1,8151.62,8.4412,0.03,394,2388,100.0,38.78,23.2552,48
10,175,0.0029,0.0001,100.0,518.67,642.78,1593.26,1412.11,14.62,21.61,552.42,2388.13,9075.74,1.3,47.74,521.01,2388.1,8150.0,8.4548,0.03,393,2388,100.0,38.67,23.2985,47
10,176,0.0013,-0.0001,100.0,518.67,643.27,1596.38,1406.76,14.62,21.61,553.49,2388.11,9087.33,1.3,47.36,520.98,2388.11,8156.0,8.4562,0.03,394,2388,100.0,38.67,23.2596,46
10,177,0.0019,-0.0002,100.0,518.67,642.98,1586.66,1414.12,14.62,21.61,552.47,2388.11,9075.33,1.3,47.5,521.37,2388.01,8152.49,8.4152,0.03,395,2388,100.0,38.78,23.1925,45
10,178,0.0018,-0.0003,100.0,518.67,642.93,1581.95,1415.57,14.62,21.61,553.46,2388.09,9075.51,1.3,47.63,520.9,2388.11,8161.47,8.4147,0.03,393,2388,100.0,38.72,23.3584,44
10,179,-0.0018,0.0001,100.0,518.67,643.05,1589.76,1409.71,14.62,21.61,552.67,2388.11,9070.59,1.3,47.58,521.16,2388.06,8153.81,8.4452,0.03,393,2388,100.0,38.74,23.2796,43
10,180,-0.0021,0.0003,100.0,518.67,643.12,1583.34,1407.59,14.62,21.61,553.65,2388.11,9072.54,1.3,47.6,521.3,2388.16,8157.72,8.4777,0.03,394,2388,100.0,38.92,23.2615,42
10,181,0.0027,0.0,100.0,518.67,642.46,1594.21,1416.42,14.62,21.61,553.87,2388.14,9075.92,1.3,47.67,520.66,2388.13,8148.1,8.4533,0.03,394,2388,100.0,38.79,23.2998,41
10,182,-0.0046,-0.0004,100.0,518.67,642.52,1590.76,1402.63,14.62,21.61,551.64,2388.12,9080.27,1.3,47.6,521.46,2388.09,8154.96,8.4713,0.03,394,2388,100.0,38.56,23.2454,40
10,183,-0.0027,-0.0004,100.0,518.67,642.42,1594.6,1413.84,14.62,21.61,553.31,2388.11,9075.68,1.3,47.7,521.23,2388.15,8159.47,8.4669,0.03,393,2388,100.0,38.87,23.2024,39
10,184,-0.0022,-0.0002,100.0,518.67,643.28,1590.97,1411.88,14.62,21.61,552.38,2388.12,9082.15,1.3,47.64,520.96,2388.1,8152.04,8.4488,0.03,392,2388,100.0,38.71,23.1587,38
10,185,0.0026,-0.0003,100.0,518.67,643.29,1588.29,1409.21,14.62,21.61,553.49,2388.04,9076.04,1.3,47.76,521.26,2388.14,8153.39,8.4546,0.03,395,2388,100.0,38.82,23.1941,37
10,186,-0.0026,-0.0001,100.0,518.67,642.89,1591.9,1418.86,14.62,21.61,553.36,2388.07,9078.33,1.3,47.67,521.33,2388.11,8158.02,8.4693,0.03,394,2388,100.0,38.66,23.2836,36
10,187,0.0004,-0.0004,100.0,518.67,643.45,1596.16,1411.57,14.62,21.61,552.18,2388.06,9086.87,1.3,47.66,520.92,2388.13,8159.82,8.4521,0.03,395,2388,100.0,38.68,23.1507,35
10,188,0.0005,0.0001,100.0,518.67,642.95,1590.16,1415.61,14.62,21.61,553.15,2388.1,9079.27,1.3,47.76,520.76,2388.14,8155.74,8.4842,0.03,395,2388,100.0,38.71,23.2227,34
10,189,-0.0032,0.0003,100.0,518.67,643.62,1587.92,1409.61,14.62,21.61,552.27,2388.07,9080.7,1.3,47.55,520.55,2388.11,8160.84,8.4361,0.03,394,2388,100.0,38.69,23.2579,33
10,190,-0.0,-0.0003,100.0,518.67,643.61,1589.45,1422.12,14.62,21.61,552.72,2388.14,9086.03,1.3,47.66,520.36,2388.1,8160.62,8.4489,0.03,393,2388,100.0,38.66,23.2405,32
10,191,-0.001,0.0,100.0,518.67,642.89,1584.8,1413.63,14.62,21.61,553.26,2388.14,9082.74,1.3,47.89,520.82,2388.06,8157.64,8.4584,0.03,395,2388,100.0,38.78,23.2666,31
10,192,0.0005,-0.0003,100.0,518.67,642.54,1598.01,1413.05,14.62,21.61,552.89,2388.12,9089.05,1.3,47.87,520.77,2388.11,8169.25,8.4334,0.03,394,2388,100.0,38.51,23.221,30
10,193,-0.0026,0.0002,100.0,518.67,643.83,1597.95,1416.85,14.62,21.61,552.75,2388.16,9081.41,1.3,47.95,520.99,2388.12,8161.13,8.4283,0.03,394,2388,100.0,38.76,23.1036,29
10,194,0.0007,0.0005,100.0,518.67,643.56,1601.8,1415.76,14.62,21.61,552.45,2388.1,9090.98,1.3,47.75,520.46,2388.16,8156.65,8.4773,0.03,396,2388,100.0,38.74,23.1346,28
10,195,-0.0006,-0.0004,100.0,518.67,642.87,1591.89,1418.29,14.62,21.61,552.44,2388.15,9099.4,1.3,47.82,520.46,2388.11,8169.25,8.4724,0.03,394,2388,100.0,38.9,23.2763,27
10,196,0.0002,-0.0002,100.0,518.67,643.37,1595.69,1415.41,14.62,21.61,552.72,2388.12,9087.8,1.3,47.88,520.1,2388.07,8167.99,8.4474,0.03,395,2388,100.0,38.64,23.2171,26
10,197,-0.0002,0.0002,100.0,518.67,642.87,1598.65,1416.91,14.62,21.61,553.45,2388.08,9096.61,1.3,47.86,520.62,2388.12,8165.24,8.4712,0.03,394,2388,100.0,38.64,23.2308,25
10,198,-0.0028,0.0003,100.0,518.67,642.91,1597.97,1413.88,14.62,21.61,552.9,2388.18,9090.02,1.3,47.95,520.96,2388.16,8162.94,8.4608,0.03,395,2388,100.0,38.65,23.1398,24
10,199,-0.0024,-0.0004,100.0,518.67,642.94,1592.83,1418.63,14.62,21.61,552.79,2388.09,9090.05,1.3,47.67,520.35,2388.11,8164.78,8.454,0.03,394,2388,100.0,38.53,23.1722,23
10,200,-0.0003,0.0001,100.0,518.67,642.72,1600.86,1424.28,14.62,21.61,552.86,2388.16,9090.0,1.3,47.91,520.68,2388.17,8166.02,8.4866,0.03,397,2388,100.0,38.66,23.1687,22
10,201,0.0014,-0.0004,100.0,518.67,643.42,1593.06,1417.62,14.62,21.61,552.7,2388.14,9090.43,1.3,47.71,520.55,2388.18,8164.14,8.4804,0.03,394,2388,100.0,38.8,23.1797,21
10,202,0.0033,0.0003,100.0,518.67,643.03,1597.33,1419.0,14.62,21.61,551.74,2388.14,9087.48,1.3,47.89,520.89,2388.14,8163.8,8.4989,0.03,394,2388,100.0,38.56,23.2298,20
10,203,0.0028,-0.0001,100.0,518.67,643.63,1599.49,1422.41,14.62,21.61,551.85,2388.15,9093.21,1.3,48.13,520.72,2388.17,8164.04,8.4695,0.03,394,2388,100.0,38.65,23.2638,19
10,204,0.0007,-0.0003,100.0,518.67,643.35,1590.73,1420.54,14.62,21.61,552.39,2388.16,9096.36,1.3,47.86,520.35,2388.17,8160.5,8.5224,0.03,396,2388,100.0,38.68,23.0884,18
10,205,0.0012,-0.0,100.0,518.67,643.31,1594.27,1421.8,14.62,21.61,552.2,2388.17,9097.7,1.3,47.88,520.63,2388.18,8172.42,8.4756,0.03,394,2388,100.0,38.68,23.2222,17
10,206,0.0028,-0.0001,100.0,518.67,643.71,1594.82,1417.02,14.62,21.61,552.09,2388.14,9096.83,1.3,47.88,520.3,2388.21,8167.1,8.5098,0.03,394,2388,100.0,38.7,23.1211,16
10,207,-0.0003,0.0004,100.0,518.67,643.78,1594.05,1422.45,14.62,21.61,552.49,2388.15,9098.55,1.3,47.86,520.3,2388.11,8164.65,8.4876,0.03,395,2388,100.0,38.63,23.2049,15
10,208,0.0063,-0.0001,100.0,518.67,643.28,1593.1,1418.13,14.62,21.61,552.12,2388.21,9100.1,1.3,47.98,520.09,2388.2,8171.64,8.485,0.03,396,2388,100.0,38.54,23.3365,14
10,209,-0.0012,0.0,100.0,518.67,643.61,1597.31,1413.32,14.62,21.61,552.65,2388.11,9102.72,1.3,47.71,520.71,2388.12,8168.44,8.499,0.03,395,2388,100.0,38.57,23.148,13
10,210,-0.0007,0.0001,100.0,518.67,643.65,1595.0,1415.11,14.62,21.61,551.86,2388.09,9103.86,1.3,47.89,520.18,2388.14,8175.98,8.502,0.03,396,2388,100.0,38.45,23.0745,12
10,211,-0.0016,0.0002,100.0,518.67,643.47,1597.16,1419.52,14.62,21.61,552.1,2388.19,9105.75,1.3,48.06,520.81,2388.12,8172.44,8.453,0.03,395,2388,100.0,38.42,23.2101,11
10,212,0.0017,-0.0001,100.0,518.67,643.39,1601.69,1417.97,14.62,21.61,552.7,2388.17,9101.86,1.3,47.85,520.66,2388.13,8172.54,8.5234,0.03,397,2388,100.0,38.48,23.1374,10
10,213,-0.0012,-0.0002,100.0,518.67,643.87,1613.62,1422.53,14.62,21.61,552.14,2388.18,9108.91,1.3,48.1,520.09,2388.14,8170.7,8.4907,0.03,396,2388,100.0,38.4,23.1233,9
10,214,-0.0021,-0.0002,100.0,518.67,643.4,1599.62,1427.82,14.62,21.61,552.02,2388.14,9109.36,1.3,47.89,519.95,2388.16,8179.78,8.4933,0.03,394,2388,100.0,38.41,22.9937,8
10,215,-0.0037,0.0002,100.0,518.67,643.01,1600.31,1429.1,14.62,21.61,552.17,2388.17,9102.92,1.3,47.9,519.6,2388.16,8174.12,8.5234,0.03,395,2388,100.0,38.68,23.0892,7
10,216,-0.0008,-0.0002,100.0,518.67,643.36,1602.14,1424.69,14.62,21.61,552.12,2388.2,9104.77,1.3,47.91,520.33,2388.18,8179.96,8.5054,0.03,397,2388,100.0,38.59,23.1391,6
10,217,0.0016,-0.0001,100.0,518.67,644.35,1603.77,1423.45,14.62,21.61,551.76,2388.23,9114.19,1.3,48.03,520.15,2388.16,8172.08,8.526,0.03,395,2388,100.0,38.42,23.1359,5
10,218,-0.0029,0.0004,100.0,518.67,643.7,1598.64,1426.21,14.62,21.61,551.45,2388.16,9108.3,1.3,48.09,520.23,2388.22,8173.14,8.4954,0.03,395,2388,100.0,38.47,23.1209,4
10,219,-0.0018,0.0004,100.0,518.67,643.46,1603.54,1424.54,14.62,21.61,552.03,2388.15,9113.4,1.3,48.06,519.83,2388.23,8177.31,8.523,0.03,396,2388,100.0,38.48,23.234,3
10,220,-0.0013,0.0002,100.0,518.67,643.46,1604.91,1422.76,14.62,21.61,551.73,2388.25,9115.15,1.3,47.95,520.23,2388.25,8181.11,8.5182,0.03,396,2388,100.0,38.53,23.2187,2
10,221,0.0005,-0.0001,100.0,518.67,644.09,1604.4,1432.13,14.62,21.61,551.77,2388.23,9110.37,1.3,48.08,519.22,2388.19,8183.38,8.5312,0.03,395,2388,100.0,38.22,23.1596,1
10,222,0.0002,-0.0003,100.0,518.67,643.66,1599.18,1436.29,14.62,21.61,552.7,2388.22,9115.44,1.3,48.09,520.02,2388.16,8183.55,8.5159,0.03,398,2388,100.0,38.51,23.1434,0
11,1,0.0005,-0.0003,100.0,518.67,642.2,1585.65,1395.39,14.62,21.61,554.78,2388.05,9051.83,1.3,47.13,522.29,2387.97,8135.27,8.3935,0.03,392,2388,100.0,39.03,23.4919,239
11,2,0.0001,-0.0005,100.0,518.67,641.81,1585.63,1389.78,14.62,21.6,554.63,2388.01,9058.18,1.3,47.18,522.33,2388.04,8138.28,8.3643,0.03,391,2388,100.0,39.12,23.4647,238
11,3,-0.0014,-0.0005,100.0,518.67,642.05,1587.83,1392.21,14.62,21.61,554.48,2388.01,9046.18,1.3,47.46,522.31,2388.03,8137.34,8.3758,0.03,392,2388,100.0,39.16,23.3271,237
11,4,-0.0002,0.0002,100.0,518.67,642.19,1577.4,1394.48,14.62,21.6,554.07,2388.05,9054.67,1.3,47.26,521.69,2388.03,8133.88,8.3784,0.03,391,2388,100.0,39.06,23.4017,236
11,5,-0.0008,0.0002,100.0,518.67,642.32,1578.17,1398.36,14.62,21.61,554.73,2388.02,9055.87,1.3,47.15,522.56,2388.0,8135.92,8.4056,0.03,391,2388,100.0,38.98,23.3377,235
11,6,0.0016,0.0002,100.0,518.67,641.88,1587.32,1398.81,14.62,21.61,554.49,2387.98,9056.33,1.3,47.11,522.6,2388.07,8140.17,8.396,0.03,392,2388,100.0,38.99,23.4387,234
11,7,0.0007,-0.0001,100.0,518.67,642.43,1586.23,1400.55,14.62,21.61,553.98,2388.03,9050.13,1.3,47.12,522.38,2388.04,8139.4,8.3946,0.03,391,2388,100.0,38.97,23.4719,233
11,8,-0.0015,-0.0003,100.0,518.67,642.21,1586.81,1400.84,14.62,21.61,554.46,2388.04,9051.0,1.3,47.02,522.67,2388.05,8140.49,8.4047,0.03,391,2388,100.0,39.18,23.422,232
11,9,0.0004,-0.0004,100.0,518.67,641.85,1587.66,1400.39,14.62,21.6,554.83,2388.01,9053.69,1.3,47.29,522.49,2388.03,8139.79,8.3542,0.03,392,2388,100.0,38.93,23.4871,231
11,10,0.0016,-0.0003,100.0,518.67,641.71,1580.18,1399.96,14.62,21.61,554.29,2388.06,9054.77,1.3,47.21,521.98,2387.94,8135.35,8.3836,0.03,390,2388,100.0,38.93,23.3689,230
11,11,-0.002,0.0004,100.0,518.67,642.69,1589.05,1403.4,14.62,21.61,553.97,2388.06,9053.65,1.3,47.17,522.38,2387.98,8135.99,8.4111,0.03,391,2388,100.0,38.92,23.4216,229
11,12,0.0001,0.0003,100.0,518.67,642.24,1581.53,1398.4,14.62,21.61,554.93,2388.0,9051.17,1.3,47.14,521.77,2388.0,8141.64,8.4222,0.03,391,2388,100.0,39.11,23.4267,228
11,13,-0.0001,-0.0001,100.0,518.67,642.53,1582.63,1400.43,14.62,21.6,554.63,2387.98,9051.66,1.3,47.27,522.1,2388.04,8139.41,8.3639,0.03,392,2388,100.0,39.15,23.4336,227
11,14,0.0001,0.0001,100.0,518.67,642.27,1589.27,1391.25,14.62,21.6,554.02,2388.01,9052.24,1.3,47.22,522.44,2387.99,8134.63,8.3427,0.03,394,2388,100.0,39.0,23.3445,226
11,15,-0.0003,-0.0001,100.0,518.67,642.61,1582.4,1406.64,14.62,21.61,554.31,2388.07,9049.2,1.3,47.28,522.36,2387.98,8131.09,8.3758,0.03,392,2388,100.0,39.05,23.2728,225
11,16,0.003,-0.0,100.0,518.67,642.51,1591.74,1400.99,14.62,21.61,554.38,2388.04,9054.0,1.3,47.23,521.95,2388.02,8138.06,8.4237,0.03,391,2388,100.0,39.01,23.4991,224
11,17,-0.0003,-0.0003,100.0,518.67,641.61,1586.2,1397.7,14.62,21.61,554.39,2388.02,9062.16,1.3,47.26,522.45,2388.02,8133.82,8.4331,0.03,390,2388,100.0,38.89,23.3643,223
11,18,0.0012,-0.0005,100.0,518.67,641.92,1587.52,1394.4,14.62,21.61,554.03,2388.03,9051.61,1.3,47.28,522.14,2388.0,8135.83,8.392,0.03,392,2388,100.0,38.98,23.4803,222
11,19,0.0019,0.0001,100.0,518.67,642.79,1582.29,1395.37,14.62,21.61,554.79,2387.96,9053.31,1.3,47.17,522.76,2388.02,8140.49,8.3984,0.03,392,2388,100.0,39.03,23.4238,221
11,20,-0.0023,0.0002,100.0,518.67,642.35,1593.36,1398.75,14.62,21.6,554.19,2388.03,9051.23,1.3,47.21,522.13,2388.0,8138.25,8.3675,0.03,393,2388,100.0,39.03,23.3962,220
11,21,-0.0005,0.0002,100.0,518.67,642.44,1583.42,1391.13,14.62,21.61,554.51,2388.06,9049.83,1.3,47.21,522.54,2388.01,8136.2,8.3857,0.03,392,2388,100.0,39.01,23.4342,219
11,22,0.0011,0.0001,100.0,518.67,642.08,1581.85,1402.4,14.62,21.61,553.57,2388.05,9051.46,1.3,47.28,522.71,2388.07,8141.33,8.3772,0.03,391,2388,100.0,38.99,23.4564,218
11,23,0.0021,-0.0003,100.0,518.67,642.25,1580.18,1399.86,14.62,21.61,554.03,2388.03,9063.79,1.3,47.24,522.05,2387.96,8140.89,8.4163,0.03,392,2388,100.0,38.7,23.3861,217
11,24,0.0005,0.0002,100.0,518.67,642.15,1583.63,1400.31,14.62,21.61,554.11,2388.02,9057.68,1.3,47.15,522.1,2388.01,8142.7,8.4124,0.03,392,2388,100.0,39.02,23.4246,216
11,25,0.0014,-0.0004,100.0,518.67,641.73,1580.23,1403.54,14.62,21.61,555.36,2388.05,9055.87,1.3,47.3,522.64,2387.99,8137.69,8.391,0.03,394,2388,100.0,38.73,23.272,215
11,26,-0.0026,0.0003,100.0,518.67,642.09,1579.34,1396.14,14.62,21.61,554.32,2388.06,9061.19,1.3,47.29,522.42,2388.01,8137.96,8.3937,0.03,391,2388,100.0,38.84,23.2838,214
11,27,0.0023,-0.0003,100.0,518.67,642.13,1588.96,1400.06,14.62,21.61,554.01,2388.01,9050.54,1.3,47.3,522.09,2388.05,8137.91,8.4127,0.03,393,2388,100.0,38.79,23.4566,213
11,28,0.0015,-0.0002,100.0,518.67,642.22,1576.29,1402.92,14.62,21.61,555.28,2388.05,9045.34,1.3,47.34,522.32,2387.98,8137.94,8.4136,0.03,390,2388,100.0,38.94,23.4501,212
11,29,0.0009,-0.0001,100.0,518.67,642.1,1582.76,1397.34,14.62,21.61,555.31,2388.04,9055.78,1.3,47.24,522.47,2387.98,8140.71,8.3926,0.03,392,2388,100.0,38.85,23.4664,211
11,30,0.0004,-0.0003,100.0,518.67,642.01,1582.15,1400.58,14.62,21.61,553.93,2388.0,9045.93,1.3,47.33,522.85,2388.03,8132.18,8.4034,0.03,390,2388,100.0,38.89,23.5179,210
11,31,0.0013,0.0004,100.0,518.67,642.22,1591.95,1390.69,14.62,21.61,553.69,2388.03,9050.34,1.3,47.22,522.2,2387.95,8144.5,8.4041,0.03,393,2388,100.0,39.09,23.4137,209
11,32,-0.0001,-0.0004,100.0,518.67,641.69,1580.75,1401.48,14.62,21.61,554.41,2387.97,9061.06,1.3,47.34,522.05,2388.06,8136.73,8.4134,0.03,393,2388,100.0,38.96,23.3978,208
11,33,-0.0032,0.0003,100.0,518.67,641.98,1584.74,1394.85,14.62,21.61,554.38,2387.99,9050.64,1.3,47.21,522.54,2388.05,8140.03,8.4162,0.03,390,2388,100.0,38.89,23.4365,207
11,34,0.0004,-0.0001,100.0,518.67,642.91,1588.67,1396.78,14.62,21.61,554.29,2388.03,9052.25,1.3,47.2,522.66,2388.01,8139.82,8.3959,0.03,391,2388,100.0,38.97,23.4385,206
11,35,-0.0003,-0.0005,100.0,518.67,642.19,1587.71,1402.56,14.62,21.6,554.35,2388.0,9049.16,1.3,47.15,522.64,2387.96,8133.98,8.4455,0.03,392,2388,100.0,39.14,23.44,205
11,36,0.0001,-0.0005,100.0,518.67,641.99,1586.4,1397.55,14.62,21.61,553.86,2388.02,9055.09,1.3,47.24,521.79,2388.02,8136.82,8.388,0.03,392,2388,100.0,38.96,23.3295,204
11,37,-0.0006,0.0001,100.0,518.67,642.18,1582.02,1392.64,14.62,21.61,554.52,2388.06,9052.78,1.3,47.16,522.52,2388.07,8136.0,8.4105,0.03,392,2388,100.0,38.96,23.3884,203
11,38,-0.0019,0.0004,100.0,518.67,642.18,1584.35,1395.71,14.62,21.61,553.9,2387.96,9056.28,1.3,47.11,522.54,2388.04,8134.16,8.3874,0.03,393,2388,100.0,39.0,23.4518,202
11,39,0.0024,-0.0,100.0,518.67,642.73,1581.9,1398.09,14.62,21.6,554.9,2388.04,9044.26,1.3,47.18,522.18,2388.07,8140.96,8.4254,0.03,392,2388,100.0,39.21,23.4269,201
11,40,0.0022,-0.0001,100.0,518.67,642.26,1584.31,1400.42,14.62,21.61,554.78,2388.03,9050.94,1.3,47.39,522.45,2388.05,8137.52,8.4039,0.03,391,2388,100.0,38.85,23.4185,200
11,41,0.0012,0.0002,100.0,518.67,641.62,1584.46,1397.41,14.62,21.61,554.26,2388.03,9055.59,1.3,47.28,522.26,2388.01,8138.82,8.3796,0.03,392,2388,100.0,39.01,23.4146,199
11,42,0.0026,0.0001,100.0,518.67,641.41,1588.62,1400.52,14.62,21.61,553.96,2388.06,9058.15,1.3,47.24,521.81,2388.03,8140.79,8.4085,0.03,392,2388,100.0,38.96,23.3637,198
11,43,-0.0003,-0.0005,100.0,518.67,642.38,1582.06,1399.23,14.62,21.6,553.95,2388.03,9049.98,1.3,47.18,522.15,2388.05,8134.42,8.3586,0.03,392,2388,100.0,39.02,23.4501,197
11,44,-0.0037,-0.0,100.0,518.67,642.22,1581.61,1405.46,14.62,21.61,554.34,2388.02,9056.38,1.3,47.17,522.52,2388.03,8132.99,8.4236,0.03,391,2388,100.0,39.09,23.4477,196
11,45,0.0011,0.0002,100.0,518.67,642.13,1576.17,1391.03,14.62,21.61,554.41,2388.08,9050.58,1.3,47.1,522.29,2388.01,8135.34,8.395,0.03,392,2388,100.0,39.18,23.4272,195
11,46,0.0011,-0.0003,100.0,518.67,641.7,1581.5,1398.47,14.62,21.61,554.16,2387.96,9061.71,1.3,47.17,522.26,2387.98,8137.83,8.4173,0.03,392,2388,100.0,39.04,23.5197,194
11,47,-0.0018,-0.0003,100.0,518.67,642.39,1587.17,1397.92,14.62,21.61,554.21,2388.04,9055.24,1.3,47.19,522.34,2388.03,8135.6,8.4126,0.03,393,2388,100.0,38.95,23.3655,193
11,48,-0.0031,0.0,100.0,518.67,642.43,1589.74,1400.98,14.62,21.61,554.35,2388.01,9056.68,1.3,47.32,521.97,2388.01,8138.82,8.3858,0.03,393,2388,100.0,39.12,23.426,192
11,49,-0.0016,-0.0002,100.0,518.67,641.96,1575.0,1399.38,14.62,21.61,554.37,2388.02,9055.62,1.3,47.27,522.86,2388.05,8135.44,8.4135,0.03,393,2388,100.0,38.98,23.477,191
11,50,0.0022,-0.0004,100.0,518.67,642.27,1571.84,1403.6,14.62,21.61,553.75,2388.04,9060.87,1.3,47.2,521.92,2388.04,8143.91,8.4526,0.03,390,2388,100.0,39.09,23.4715,190
11,51,0.0014,-0.0004,100.0,518.67,642.34,1584.54,1398.17,14.62,21.61,554.69,2388.01,9058.91,1.3,47.25,522.38,2388.03,8139.98,8.422,0.03,390,2388,100.0,39.0,23.3789,189
11,52,-0.0012,0.0004,100.0,518.67,642.46,1583.06,1403.83,14.62,21.61,555.18,2388.03,9047.21,1.3,47.17,522.66,2388.06,8142.49,8.3852,0.03,392,2388,100.0,38.99,23.4803,188
11,53,0.0005,0.0002,100.0,518.67,642.49,1583.43,1392.95,14.62,21.61,555.13,2388.04,9053.36,1.3,47.2,522.59,2388.04,8140.34,8.4087,0.03,392,2388,100.0,39.1,23.3581,187
11,54,-0.0006,-0.0005,100.0,518.67,642.36,1589.87,1394.84,14.62,21.61,554.59,2388.03,9054.95,1.3,47.23,522.0,2387.99,8142.01,8.4052,0.03,391,2388,100.0,39.02,23.4614,186
11,55,-0.0031,0.0004,100.0,518.67,642.11,1587.89,1391.51,14.62,21.61,554.04,2388.07,9057.67,1.3,47.24,521.96,2388.03,8138.8,8.4011,0.03,392,2388,100.0,39.01,23.4166,185
11,56,-0.0049,-0.0005,100.0,518.67,642.7,1584.42,1400.18,14.62,21.61,554.38,2388.05,9050.18,1.3,47.27,521.92,2388.06,8134.67,8.3797,0.03,392,2388,100.0,39.09,23.3369,184
11,57,-0.0029,-0.0004,100.0,518.67,642.08,1584.82,1402.39,14.62,21.61,554.6,2388.0,9052.35,1.3,47.31,522.42,2388.01,8143.05,8.3852,0.03,392,2388,100.0,39.01,23.5788,183
11,58,0.0029,-0.0002,100.0,518.67,641.79,1581.77,1405.3,14.62,21.61,554.61,2388.04,9051.44,1.3,47.36,522.19,2388.03,8139.04,8.3997,0.03,391,2388,100.0,39.09,23.301,182
11,59,-0.0038,-0.0003,100.0,518.67,642.45,1585.68,1405.2,14.62,21.61,555.21,2388.06,9053.24,1.3,47.17,522.11,2387.98,8139.68,8.4084,0.03,392,2388,100.0,38.87,23.3353,181
11,60,-0.0029,0.0004,100.0,518.67,642.11,1585.22,1398.27,14.62,21.61,554.13,2387.97,9062.2,1.3,47.36,522.27,2388.04,8139.74,8.3992,0.03,393,2388,100.0,38.98,23.2988,180
11,61,-0.0018,0.0004,100.0,518.67,642.06,1595.45,1399.97,14.62,21.61,553.83,2388.01,9053.92,1.3,47.09,522.31,2388.0,8138.19,8.4256,0.03,392,2388,100.0,39.05,23.5049,179
11,62,0.0017,-0.0004,100.0,518.67,642.0,1586.58,1398.58,14.62,21.61,555.3,2387.96,9052.48,1.3,47.17,522.26,2388.0,8143.93,8.4093,0.03,391,2388,100.0,38.83,23.35,178
11,63,0.0025,0.0003,100.0,518.67,641.98,1585.86,1393.16,14.62,21.61,554.07,2388.02,9055.39,1.3,47.31,522.02,2388.0,8137.57,8.3898,0.03,392,2388,100.0,39.09,23.4401,177
11,64,0.0002,-0.0003,100.0,518.67,641.97,1584.22,1398.68,14.62,21.61,555.04,2387.97,9050.78,1.3,47.37,522.12,2388.01,8138.86,8.3873,0.03,391,2388,100.0,39.04,23.2613,176
11,65,-0.0008,0.0004,100.0,518.67,642.43,1588.24,1398.46,14.62,21.61,554.11,2388.07,9057.54,1.3,47.31,522.41,2388.05,8138.34,8.3914,0.03,391,2388,100.0,38.79,23.3453,175
11,66,0.0031,0.0002,100.0,518.67,642.72,1588.41,1397.4,14.62,21.61,554.47,2388.05,9060.31,1.3,47.19,522.14,2387.98,8139.93,8.3816,0.03,392,2388,100.0,39.12,23.4133,174
11,67,-0.0001,0.0002,100.0,518.67,642.3,1585.26,1394.41,14.62,21.61,555.33,2387.96,9061.18,1.3,47.4,522.62,2388.07,8143.57,8.3935,0.03,391,2388,100.0,38.99,23.3399,173
11,68,0.0003,0.0,100.0,518.67,642.23,1583.28,1403.57,14.62,21.61,554.36,2388.04,9057.44,1.3,47.24,522.27,2388.02,8141.13,8.4065,0.03,391,2388,100.0,38.92,23.3509,172
11,69,0.0017,0.0001,100.0,518.67,642.24,1586.27,1400.55,14.62,21.61,554.23,2388.02,9049.58,1.3,47.28,522.23,2388.09,8141.14,8.4009,0.03,392,2388,100.0,38.86,23.461,171
11,70,-0.0006,-0.0004,100.0,518.67,642.34,1580.13,1401.56,14.62,21.61,554.11,2387.98,9050.03,1.3,47.26,522.12,2388.01,8147.07,8.4101,0.03,393,2388,100.0,38.89,23.3699,170
11,71,-0.001,0.0001,100.0,518.67,642.57,1586.2,1394.86,14.62,21.61,554.99,2388.02,9055.94,1.3,47.4,521.88,2388.02,8138.34,8.4211,0.03,391,2388,100.0,39.1,23.4454,169
11,72,-0.0039,-0.0002,100.0,518.67,642.32,1591.12,1400.38,14.62,21.61,553.96,2388.04,9057.21,1.3,47.17,522.0,2388.03,8144.22,8.4049,0.03,393,2388,100.0,38.8,23.3863,168
11,73,-0.0036,0.0,100.0,518.67,642.07,1584.11,1397.97,14.62,21.61,553.95,2387.95,9055.11,1.3,47.19,522.95,2388.03,8141.16,8.3978,0.03,392,2388,100.0,38.94,23.3674,167
11,74,-0.0004,-0.0002,100.0,518.67,642.27,1585.03,1395.96,14.62,21.61,554.51,2388.01,9061.66,1.3,47.44,521.86,2388.03,8144.31,8.412,0.03,392,2388,100.0,38.89,23.5082,166
11,75,-0.0013,-0.0004,100.0,518.67,641.95,1580.27,1391.07,14.62,21.61,554.31,2388.0,9058.23,1.3,47.3,522.08,2388.04,8138.31,8.4128,0.03,392,2388,100.0,38.99,23.3972,165
11,76,0.0018,-0.0001,100.0,518.67,642.07,1584.39,1403.1,14.62,21.61,553.78,2387.96,9058.95,1.3,47.25,521.79,2388.03,8139.11,8.4069,0.03,395,2388,100.0,38.96,23.3912,164
11,77,0.0008,-0.0004,100.0,518.67,642.42,1589.24,1399.83,14.62,21.61,554.46,2388.02,9056.66,1.3,47.19,522.21,2387.94,8143.32,8.3871,0.03,391,2388,100.0,39.04,23.37,163
11,78,-0.0008,0.0002,100.0,518.67,642.0,1588.75,1396.85,14.62,21.61,553.93,2387.98,9058.16,1.3,47.32,522.56,2388.01,8136.36,8.3964,0.03,393,2388,100.0,39.03,23.3964,162
11,79,-0.0011,0.0004,100.0,518.67,642.36,1582.83,1396.23,14.62,21.61,553.95,2388.02,9054.08,1.3,47.14,521.93,2388.07,8138.6,8.425,0.03,392,2388,100.0,38.98,23.3147,161
11,80,0.0007,0.0002,100.0,518.67,641.96,1590.13,1403.0,14.62,21.61,554.07,2388.01,9051.88,1.3,47.21,522.02,2387.98,8139.74,8.4361,0.03,392,2388,100.0,39.11,23.493,160
11,81,0.0002,-0.0001,100.0,518.67,642.54,1583.78,1401.14,14.62,21.61,554.8,2388.0,9055.11,1.3,47.09,522.27,2387.96,8135.51,8.4064,0.03,392,2388,100.0,39.0,23.3403,159
11,82,-0.0016,-0.0003,100.0,518.67,642.37,1590.35,1394.27,14.62,21.61,554.19,2388.04,9056.42,1.3,47.07,522.42,2388.1,8136.87,8.4129,0.03,391,2388,100.0,38.95,23.3266,158
11,83,0.0026,-0.0,100.0,518.67,642.49,1590.06,1402.02,14.62,21.61,554.42,2388.0,9058.86,1.3,47.33,521.66,2388.0,8140.86,8.42,0.03,393,2388,100.0,39.11,23.4632,157
11,84,-0.0007,-0.0001,100.0,518.67,641.99,1590.02,1396.88,14.62,21.61,554.16,2388.02,9059.07,1.3,47.23,521.84,2388.02,8136.31,8.4424,0.03,393,2388,100.0,38.88,23.2796,156
11,85,0.0011,-0.0001,100.0,518.67,642.63,1586.68,1396.96,14.62,21.61,554.29,2387.98,9063.45,1.3,47.24,522.44,2388.06,8140.14,8.3929,0.03,392,2388,100.0,38.95,23.3431,155
11,86,-0.0025,0.0004,100.0,518.67,642.62,1583.63,1402.28,14.62,21.61,553.96,2388.04,9054.39,1.3,47.36,522.43,2388.04,8137.91,8.3961,0.03,394,2388,100.0,38.75,23.4414,154
11,87,0.0028,-0.0004,100.0,518.67,642.3,1579.51,1393.42,14.62,21.61,554.91,2388.04,9065.09,1.3,47.25,522.52,2388.07,8140.06,8.4316,0.03,392,2388,100.0,39.08,23.3275,153
11,88,-0.0051,-0.0002,100.0,518.67,642.14,1589.38,1402.89,14.62,21.61,553.66,2388.02,9057.43,1.3,47.35,522.25,2388.1,8140.75,8.4,0.03,391,2388,100.0,38.9,23.3643,152
11,89,-0.0009,-0.0001,100.0,518.67,642.28,1585.72,1402.26,14.62,21.61,554.28,2388.03,9047.54,1.3,47.23,522.04,2388.05,8140.07,8.418,0.03,394,2388,100.0,38.82,23.4642,151
11,90,-0.0027,0.0003,100.0,518.67,642.14,1591.91,1399.76,14.62,21.61,554.37,2388.02,9061.71,1.3,47.06,522.02,2388.0,8140.94,8.4055,0.03,392,2388,100.0,38.94,23.3496,150
11,91,-0.0022,-0.0,100.0,518.67,642.6,1591.09,1402.13,14.62,21.61,554.54,2388.04,9055.96,1.3,47.22,522.21,2388.01,8146.16,8.4081,0.03,392,2388,100.0,38.92,23.3725,149
11,92,-0.0009,0.0003,100.0,518.67,642.64,1586.27,1397.51,14.62,21.61,554.5,2388.1,9054.0,1.3,47.16,522.14,2388.01,8140.6,8.428,0.03,393,2388,100.0,39.02,23.519,148
11,93,-0.0009,0.0003,100.0,518.67,641.9,1591.55,1403.52,14.62,21.61,553.87,2388.05,9053.77,1.3,47.47,521.95,2388.06,8142.06,8.4103,0.03,390,2388,100.0,38.93,23.3372,147
11,94,-0.0017,-0.0004,100.0,518.67,642.3,1588.6,1407.02,14.62,21.61,553.96,2388.0,9054.9,1.3,47.29,522.83,2388.01,8140.13,8.4094,0.03,390,2388,100.0,38.87,23.4122,146
11,95,-0.0035,0.0002,100.0,518.67,642.67,1587.52,1395.26,14.62,21.61,554.63,2387.98,9053.82,1.3,47.27,522.46,2387.99,8143.04,8.432,0.03,392,2388,100.0,38.98,23.4589,145
11,96,-0.0023,-0.0002,100.0,518.67,642.02,1581.98,1395.03,14.62,21.61,553.94,2387.99,9062.64,1.3,47.34,521.93,2388.07,8139.27,8.4086,0.03,393,2388,100.0,38.9,23.4472,144
11,97,0.0022,0.0005,100.0,518.67,641.98,1588.9,1406.27,14.62,21.61,553.79,2388.03,9056.62,1.3,47.14,522.42,2388.02,8134.87,8.4119,0.03,392,2388,100.0,39.04,23.3906,143
11,98,0.0041,-0.0001,100.0,518.67,642.31,1584.87,1397.71,14.62,21.61,553.83,2388.1,9056.13,1.3,47.27,522.01,2388.03,8142.52,8.4252,0.03,392,2388,100.0,39.07,23.3365,142
11,99,0.0009,0.0001,100.0,518.67,642.13,1581.23,1394.92,14.62,21.61,554.32,2388.07,9056.34,1.3,47.24,521.95,2388.02,8140.06,8.4511,0.03,392,2388,100.0,39.07,23.4178,141
11,100,0.0018,0.0,100.0,518.67,642.32,1587.87,1402.81,14.62,21.61,554.72,2388.04,9055.5,1.3,47.19,521.96,2388.04,8139.44,8.3896,0.03,392,2388,100.0,38.81,23.376,140
11,101,0.0006,0.0004,100.0,518.67,642.28,1584.59,1399.46,14.62,21.61,554.61,2388.01,9062.14,1.3,47.27,522.4,2388.01,8145.75,8.4011,0.03,391,2388,100.0,38.91,23.4353,139
11,102,-0.003,0.0002,100.0,518.67,642.21,1587.73,1394.53,14.62,21.61,555.04,2388.01,9058.48,1.3,47.36,522.0,2388.08,8136.28,8.4309,0.03,393,2388,100.0,38.9,23.4063,138
11,103,0.0012,0.0002,100.0,518.67,642.5,1579.9,1406.52,14.62,21.61,553.79,2388.03,9056.15,1.3,47.27,522.05,2388.02,8143.93,8.4019,0.03,393,2388,100.0,38.8,23.377,137
11,104,0.0016,-0.0003,100.0,518.67,642.28,1586.62,1392.54,14.62,21.61,554.16,2388.06,9053.68,1.3,47.4,521.67,2388.03,8141.03,8.3803,0.03,391,2388,100.0,38.93,23.3845,136
11,105,-0.0039,-0.0003,100.0,518.67,642.49,1590.06,1401.55,14.62,21.61,553.82,2388.03,9066.05,1.3,47.37,522.69,2388.04,8140.08,8.3802,0.03,393,2388,100.0,39.0,23.4192,135
11,106,0.0002,-0.0003,100.0,518.67,642.0,1590.45,1399.65,14.62,21.61,554.57,2388.1,9064.05,1.3,47.13,522.31,2388.07,8139.91,8.3985,0.03,393,2388,100.0,39.07,23.4773,134
11,107,0.0016,0.0004,100.0,518.67,642.27,1580.91,1399.41,14.62,21.61,554.73,2388.07,9058.76,1.3,47.26,522.64,2388.01,8138.8,8.3783,0.03,391,2388,100.0,39.1,23.3214,133
11,108,-0.0002,0.0003,100.0,518.67,642.27,1590.02,1396.72,14.62,21.61,553.26,2387.97,9061.97,1.3,47.37,522.37,2388.09,8146.13,8.4231,0.03,391,2388,100.0,39.02,23.4415,132
11,109,-0.0019,0.0004,100.0,518.67,642.57,1585.26,1396.62,14.62,21.61,553.93,2387.97,9052.23,1.3,47.15,522.39,2388.0,8143.23,8.3793,0.03,394,2388,100.0,39.08,23.3933,131
11,110,0.0008,-0.0001,100.0,518.67,642.18,1592.33,1399.72,14.62,21.61,554.17,2387.99,9057.7,1.3,47.21,521.93,2388.01,8148.94,8.3785,0.03,391,2388,100.0,38.81,23.4207,130
11,111,-0.002,0.0001,100.0,518.67,642.17,1590.1,1391.22,14.62,21.61,554.21,2388.01,9059.87,1.3,47.43,522.14,2388.04,8138.83,8.4374,0.03,392,2388,100.0,39.21,23.4053,129
11,112,0.0009,0.0001,100.0,518.67,642.63,1582.95,1391.29,14.62,21.61,554.04,2388.05,9054.54,1.3,47.37,522.36,2388.07,8136.68,8.3999,0.03,392,2388,100.0,39.01,23.4675,128
11,113,0.0013,-0.0001,100.0,518.67,642.54,1584.52,1399.14,14.62,21.6,553.76,2388.0,9061.16,1.3,47.2,521.84,2387.98,8138.66,8.3729,0.03,393,2388,100.0,39.18,23.3392,127
11,114,0.0008,0.0,100.0,518.67,642.22,1589.45,1401.8,14.62,21.61,554.11,2388.02,9064.9,1.3,47.35,521.73,2388.04,8145.28,8.4027,0.03,393,2388,100.0,38.98,23.4464,126
11,115,0.0004,-0.0001,100.0,518.67,642.08,1577.94,1397.09,14.62,21.61,554.33,2388.04,9065.4,1.3,47.2,521.78,2388.0,8145.89,8.4318,0.03,392,2388,100.0,38.99,23.3886,125
11,116,-0.0019,-0.0,100.0,518.67,642.03,1582.25,1400.27,14.62,21.61,554.89,2388.05,9060.08,1.3,47.47,522.13,2388.02,8144.14,8.4058,0.03,392,2388,100.0,38.84,23.4434,124
11,117,-0.0008,-0.0005,100.0,518.67,642.29,1588.99,1399.08,14.62,21.61,553.72,2388.08,9063.96,1.3,47.27,521.55,2388.02,8145.25,8.4061,0.03,392,2388,100.0,38.86,23.4561,123
11,118,-0.0047,0.0001,100.0,518.67,642.15,1582.3,1410.69,14.62,21.61,554.1,2388.04,9071.59,1.3,47.22,522.05,2387.94,8143.55,8.4245,0.03,393,2388,100.0,38.85,23.2986,122
11,119,0.0023,-0.0001,100.0,518.67,642.35,1582.34,1402.35,14.62,21.61,553.79,2388.04,9058.95,1.3,47.49,522.06,2387.99,8140.54,8.4309,0.03,392,2388,100.0,39.12,23.4008,121
11,120,0.0007,0.0004,100.0,518.67,641.68,1592.75,1398.02,14.62,21.61,554.43,2388.03,9063.51,1.3,47.35,522.05,2388.03,8138.85,8.4613,0.03,391,2388,100.0,38.98,23.4447,120
11,121,0.001,-0.0,100.0,518.67,642.76,1582.4,1402.7,14.62,21.61,553.71,2388.02,9062.42,1.3,47.34,522.31,2388.06,8144.46,8.4059,0.03,393,2388,100.0,38.9,23.316,119
11,122,0.0011,0.0001,100.0,518.67,642.83,1584.81,1405.57,14.62,21.61,553.81,2388.0,9059.84,1.3,47.27,521.99,2388.06,8143.01,8.411,0.03,391,2388,100.0,38.94,23.3843,118
11,123,0.0,-0.0004,100.0,518.67,642.5,1586.47,1397.49,14.62,21.61,554.58,2388.09,9059.05,1.3,47.35,522.04,2388.07,8144.54,8.401,0.03,393,2388,100.0,38.78,23.3174,117
11,124,-0.0008,0.0,100.0,518.67,642.33,1591.74,1404.35,14.62,21.61,553.94,2388.05,9059.65,1.3,47.2,522.32,2388.02,8149.43,8.4334,0.03,392,2388,100.0,38.92,23.3691,116
11,125,0.0009,0.0002,100.0,518.67,642.07,1596.07,1403.9,14.62,21.61,554.18,2387.98,9065.39,1.3,47.5,521.42,2388.02,8146.8,8.4018,0.03,391,2388,100.0,38.93,23.4796,115
11,126,0.0002,0.0004,100.0,518.67,641.9,1587.99,1403.67,14.62,21.61,554.4,2388.06,9058.43,1.3,47.31,522.5,2388.04,8135.78,8.4358,0.03,392,2388,100.0,39.05,23.3785,114
11,127,-0.0016,-0.0,100.0,518.67,641.8,1587.67,1405.37,14.62,21.61,554.2,2388.08,9059.25,1.3,47.44,521.73,2388.03,8139.06,8.4153,0.03,393,2388,100.0,39.12,23.4503,113
11,128,0.003,-0.0003,100.0,518.67,642.21,1583.75,1408.11,14.62,21.61,554.25,2388.05,9068.46,1.3,47.44,522.02,2388.01,8148.41,8.4113,0.03,392,2388,100.0,38.81,23.2457,112
11,129,0.0006,0.0002,100.0,518.67,642.8,1582.18,1401.0,14.62,21.61,554.51,2388.03,9065.13,1.3,47.43,521.67,2388.04,8141.82,8.3722,0.03,394,2388,100.0,38.88,23.2947,111
11,130,-0.0012,0.0005,100.0,518.67,642.17,1586.67,1399.84,14.62,21.61,553.74,2388.05,9060.72,1.3,47.21,521.98,2388.03,8144.99,8.4119,0.03,392,2388,100.0,39.05,23.2464,110
11,131,-0.0002,0.0004,100.0,518.67,642.24,1588.51,1398.91,14.62,21.61,553.87,2387.96,9051.26,1.3,47.35,522.24,2388.05,8151.74,8.4148,0.03,392,2388,100.0,39.08,23.4255,109
11,132,-0.0032,0.0001,100.0,518.67,642.11,1583.51,1398.47,14.62,21.61,554.27,2388.04,9058.57,1.3,47.3,522.17,2388.05,8141.1,8.4236,0.03,392,2388,100.0,38.83,23.4041,108
11,133,0.001,-0.0005,100.0,518.67,642.29,1581.62,1399.55,14.62,21.61,554.49,2388.05,9057.11,1.3,47.39,521.41,2388.0,8141.82,8.4271,0.03,393,2388,100.0,39.02,23.3433,107
11,134,-0.0027,0.0001,100.0,518.67,642.46,1579.85,1411.41,14.62,21.61,553.13,2388.06,9069.31,1.3,47.25,521.79,2388.09,8147.74,8.3899,0.03,392,2388,100.0,38.74,23.4338,106
11,135,-0.0015,0.0001,100.0,518.67,642.63,1589.76,1403.08,14.62,21.61,554.57,2388.06,9064.12,1.3,47.36,521.77,2388.06,8141.01,8.4094,0.03,393,2388,100.0,38.91,23.2903,105
11,136,-0.0005,0.0003,100.0,518.67,642.03,1585.65,1399.82,14.62,21.61,554.85,2388.08,9077.75,1.3,47.36,521.57,2388.0,8140.73,8.4335,0.03,393,2388,100.0,38.97,23.5463,104
11,137,0.0001,-0.0004,100.0,518.67,641.71,1584.31,1403.68,14.62,21.61,553.76,2388.08,9071.44,1.3,47.27,521.84,2388.05,8147.34,8.4173,0.03,392,2388,100.0,38.83,23.2449,103
11,138,0.0023,-0.0005,100.0,518.67,642.78,1578.23,1404.53,14.62,21.61,555.17,2388.06,9067.55,1.3,47.36,521.85,2388.08,8142.0,8.4331,0.03,392,2388,100.0,38.97,23.375,102
11,139,0.0014,0.0004,100.0,518.67,641.96,1583.02,1405.9,14.62,21.61,554.16,2388.0,9068.8,1.3,47.42,521.91,2388.12,8149.41,8.428,0.03,393,2388,100.0,39.09,23.1994,101
11,140,0.0022,-0.0001,100.0,518.67,642.52,1588.37,1401.7,14.62,21.61,554.5,2388.06,9059.87,1.3,47.26,521.56,2387.98,8146.7,8.4184,0.03,394,2388,100.0,39.03,23.3892,100
11,141,0.0006,0.0004,100.0,518.67,642.05,1587.16,1402.05,14.62,21.61,553.79,2388.0,9066.81,1.3,47.45,521.74,2388.04,8145.85,8.4207,0.03,394,2388,100.0,38.89,23.3066,99
11,142,0.0004,0.0,100.0,518.67,642.96,1583.17,1406.78,14.62,21.61,554.77,2388.03,9063.2,1.3,47.35,522.57,2388.0,8146.16,8.4112,0.03,392,2388,100.0,39.14,23.4088,98
11,143,-0.0034,0.0002,100.0,518.67,642.21,1589.4,1399.7,14.62,21.61,554.32,2387.97,9072.83,1.3,47.44,521.55,2387.98,8144.46,8.458,0.03,393,2388,100.0,38.81,23.3783,97
11,144,-0.0035,-0.0005,100.0,518.67,642.61,1584.22,1401.62,14.62,21.61,554.28,2388.03,9072.16,1.3,47.38,522.12,2388.04,8149.35,8.454,0.03,392,2388,100.0,38.79,23.3179,96
11,145,-0.0024,0.0003,100.0,518.67,642.48,1587.0,1409.25,14.62,21.61,554.24,2388.06,9066.6,1.3,47.46,521.02,2388.07,8143.43,8.4027,0.03,393,2388,100.0,38.78,23.3262,95
11,146,-0.0039,-0.0003,100.0,518.67,642.13,1587.19,1403.74,14.62,21.61,553.85,2387.99,9070.61,1.3,47.33,521.96,2388.05,8148.68,8.4312,0.03,393,2388,100.0,39.1,23.2712,94
11,147,0.0036,0.0003,100.0,518.67,642.56,1585.41,1407.81,14.62,21.61,553.39,2388.03,9066.95,1.3,47.57,521.91,2388.07,8151.4,8.4047,0.03,393,2388,100.0,38.87,23.3068,93
11,148,-0.0038,-0.0005,100.0,518.67,642.62,1593.51,1410.15,14.62,21.61,553.41,2388.04,9067.71,1.3,47.47,521.97,2388.07,8153.14,8.4286,0.03,393,2388,100.0,38.86,23.3528,92
11,149,-0.0023,0.0004,100.0,518.67,642.98,1592.98,1411.83,14.62,21.61,553.58,2388.04,9068.98,1.3,47.47,521.56,2388.04,8143.69,8.4166,0.03,392,2388,100.0,38.72,23.3379,91
11,150,-0.0018,0.0003,100.0,518.67,642.06,1584.02,1402.72,14.62,21.61,553.68,2388.06,9065.96,1.3,47.26,521.89,2388.07,8144.14,8.4277,0.03,393,2388,100.0,39.13,23.3631,90
11,151,-0.0018,-0.0001,100.0,518.67,642.89,1589.2,1405.47,14.62,21.61,554.09,2388.06,9064.23,1.3,47.19,521.94,2388.05,8140.75,8.4166,0.03,394,2388,100.0,39.01,23.3398,89
11,152,0.0019,0.0001,100.0,518.67,642.53,1591.83,1401.33,14.62,21.61,553.49,2388.04,9070.58,1.3,47.37,522.04,2388.09,8155.54,8.4052,0.03,393,2388,100.0,38.65,23.3459,88
11,153,0.0003,0.0004,100.0,518.67,642.46,1592.3,1405.94,14.62,21.61,552.73,2388.05,9068.83,1.3,47.32,522.09,2388.07,8146.52,8.4272,0.03,394,2388,100.0,38.87,23.2887,87
11,154,0.0007,-0.0001,100.0,518.67,642.83,1589.3,1400.91,14.62,21.61,553.53,2387.99,9067.95,1.3,47.45,521.98,2388.03,8154.82,8.4356,0.03,392,2388,100.0,39.02,23.3234,86
11,155,-0.0018,0.0002,100.0,518.67,642.23,1587.73,1403.41,14.62,21.61,553.58,2388.05,9068.36,1.3,47.5,522.05,2388.05,8148.98,8.4097,0.03,392,2388,100.0,38.98,23.2446,85
11,156,-0.0023,0.0,100.0,518.67,642.29,1583.59,1402.44,14.62,21.61,553.9,2388.12,9074.93,1.3,47.37,522.0,2388.03,8144.97,8.4318,0.03,393,2388,100.0,38.73,23.3631,84
11,157,-0.0014,0.0002,100.0,518.67,642.61,1590.78,1402.6,14.62,21.61,554.37,2388.11,9070.72,1.3,47.44,522.26,2388.01,8147.69,8.4206,0.03,395,2388,100.0,39.17,23.3007,83
11,158,0.0005,-0.0004,100.0,518.67,642.47,1590.39,1400.72,14.62,21.61,553.43,2388.09,9073.04,1.3,47.36,521.57,2388.02,8151.17,8.4512,0.03,393,2388,100.0,38.77,23.314,82
11,159,-0.0037,-0.0003,100.0,518.67,642.04,1593.59,1412.72,14.62,21.6,553.48,2388.09,9068.39,1.3,47.25,521.82,2388.02,8150.18,8.4349,0.03,392,2388,100.0,38.82,23.4165,81
11,160,-0.0022,0.0002,100.0,518.67,642.82,1587.98,1405.19,14.62,21.61,553.19,2388.05,9072.8,1.3,47.48,521.78,2388.07,8148.46,8.4609,0.03,393,2388,100.0,38.84,23.3837,80
11,161,-0.0017,-0.0003,100.0,518.67,642.28,1585.28,1401.88,14.62,21.61,554.01,2388.05,9070.64,1.3,47.4,521.46,2388.03,8155.92,8.4165,0.03,394,2388,100.0,38.84,23.3048,79
11,162,-0.0037,-0.0002,100.0,518.67,642.42,1593.8,1402.67,14.62,21.61,553.76,2388.12,9070.97,1.3,47.4,521.2,2388.06,8150.12,8.4137,0.03,394,2388,100.0,38.94,23.3716,78
11,163,-0.0022,-0.0004,100.0,518.67,641.95,1590.62,1398.22,14.62,21.61,553.91,2388.06,9075.71,1.3,47.51,521.97,2388.06,8150.8,8.4407,0.03,393,2388,100.0,38.91,23.3253,77
11,164,-0.0014,-0.0003,100.0,518.67,642.71,1590.29,1400.01,14.62,21.61,553.76,2388.06,9077.75,1.3,47.3,521.8,2388.0,8154.65,8.4468,0.03,393,2388,100.0,38.92,23.289,76
11,165,-0.0017,0.0002,100.0,518.67,642.55,1596.82,1411.62,14.62,21.61,553.6,2388.04,9070.25,1.3,47.45,521.63,2388.1,8152.31,8.4446,0.03,393,2388,100.0,38.85,23.3122,75
11,166,0.0022,-0.0005,100.0,518.67,642.68,1587.0,1402.71,14.62,21.61,553.54,2388.09,9078.42,1.3,47.56,521.73,2388.08,8154.6,8.4301,0.03,393,2388,100.0,38.88,23.404,74
11,167,-0.0005,-0.0003,100.0,518.67,642.3,1592.45,1406.61,14.62,21.61,553.65,2388.11,9072.23,1.3,47.55,521.1,2388.02,8148.81,8.4285,0.03,393,2388,100.0,38.84,23.3611,73
11,168,-0.0008,-0.0,100.0,518.67,643.18,1581.81,1405.65,14.62,21.61,553.72,2388.04,9072.98,1.3,47.59,521.45,2388.04,8151.28,8.4594,0.03,393,2388,100.0,38.67,23.29,72
11,169,0.0006,-0.0003,100.0,518.67,642.46,1580.78,1408.07,14.62,21.61,553.3,2388.06,9077.23,1.3,47.47,521.53,2388.01,8157.98,8.4293,0.03,392,2388,100.0,38.86,23.2977,71
11,170,-0.0059,-0.0,100.0,518.67,641.97,1588.75,1399.02,14.62,21.61,553.3,2388.05,9070.72,1.3,47.47,521.77,2388.1,8150.43,8.4334,0.03,394,2388,100.0,38.88,23.321,70
11,171,-0.0024,0.0003,100.0,518.67,643.01,1590.91,1412.85,14.62,21.61,553.31,2388.09,9077.19,1.3,47.33,521.76,2387.99,8152.96,8.4531,0.03,392,2388,100.0,38.93,23.2692,69
11,172,-0.0029,0.0003,100.0,518.67,642.45,1586.91,1401.46,14.62,21.61,554.11,2388.07,9082.17,1.3,47.56,521.67,2388.1,8156.52,8.4425,0.03,393,2388,100.0,38.81,23.4505,68
11,173,0.0029,-0.0004,100.0,518.67,642.22,1591.75,1404.02,14.62,21.61,554.15,2388.06,9077.61,1.3,47.55,521.61,2388.08,8154.79,8.4108,0.03,392,2388,100.0,38.66,23.3108,67
11,174,-0.0007,-0.0004,100.0,518.67,642.52,1592.14,1411.04,14.62,21.61,554.27,2388.09,9079.31,1.3,47.49,521.41,2388.07,8157.32,8.4672,0.03,392,2388,100.0,38.86,23.3877,66
11,175,-0.0013,-0.0004,100.0,518.67,642.9,1587.68,1403.34,14.62,21.61,553.55,2388.02,9077.88,1.3,47.42,521.66,2388.12,8159.93,8.4273,0.03,393,2388,100.0,38.76,23.241,65
11,176,-0.0004,-0.0005,100.0,518.67,642.37,1590.8,1411.16,14.62,21.61,553.45,2388.07,9076.9,1.3,47.13,521.53,2388.05,8153.47,8.453,0.03,394,2388,100.0,38.91,23.4046,64
11,177,-0.0011,0.0002,100.0,518.67,642.82,1589.03,1404.25,14.62,21.61,553.34,2388.05,9081.19,1.3,47.57,521.82,2388.0,8155.88,8.4445,0.03,393,2388,100.0,38.79,23.2483,63
11,178,-0.0011,0.0004,100.0,518.67,642.77,1595.91,1405.88,14.62,21.61,553.62,2388.05,9084.31,1.3,47.54,521.69,2388.03,8161.33,8.4307,0.03,391,2388,100.0,38.8,23.3742,62
11,179,-0.0001,0.0002,100.0,518.67,642.85,1590.33,1412.68,14.62,21.61,553.48,2388.06,9082.79,1.3,47.62,521.09,2388.06,8155.75,8.4718,0.03,392,2388,100.0,38.84,23.3466,61
11,180,0.001,-0.0,100.0,518.67,642.91,1587.71,1407.66,14.62,21.61,553.23,2388.07,9076.45,1.3,47.53,521.72,2388.08,8158.23,8.4323,0.03,393,2388,100.0,38.67,23.2629,60
11,181,-0.0032,-0.0002,100.0,518.67,642.57,1590.02,1406.71,14.62,21.61,553.59,2388.13,9077.44,1.3,47.61,521.66,2388.09,8157.41,8.4414,0.03,394,2388,100.0,38.68,23.2518,59
11,182,0.0024,-0.0003,100.0,518.67,642.59,1588.41,1402.03,14.62,21.61,553.27,2388.03,9081.27,1.3,47.67,521.48,2388.08,8161.89,8.424,0.03,394,2388,100.0,38.89,23.2896,58
11,183,-0.0019,-0.0001,100.0,518.67,642.78,1587.06,1404.72,14.62,21.61,553.33,2388.04,9084.24,1.3,47.35,521.29,2388.07,8159.18,8.444,0.03,393,2388,100.0,38.59,23.2455,57
11,184,0.0022,-0.0001,100.0,518.67,642.91,1595.5,1419.01,14.62,21.61,552.96,2388.06,9089.0,1.3,47.79,521.75,2388.08,8163.45,8.4274,0.03,392,2388,100.0,38.83,23.3222,56
11,185,0.0016,0.0001,100.0,518.67,642.85,1587.53,1414.52,14.62,21.61,553.26,2388.13,9082.19,1.3,47.48,521.41,2388.05,8154.81,8.4508,0.03,394,2388,100.0,38.89,23.2396,55
11,186,-0.0021,-0.0001,100.0,518.67,642.6,1589.21,1409.5,14.62,21.61,553.2,2388.12,9091.9,1.3,47.47,521.49,2388.12,8157.84,8.4316,0.03,394,2388,100.0,38.97,23.204,54
11,187,-0.0029,-0.0002,100.0,518.67,642.32,1587.31,1417.17,14.62,21.61,552.85,2388.02,9083.3,1.3,47.53,521.71,2388.05,8163.86,8.4573,0.03,393,2388,100.0,38.89,23.3545,53
11,188,0.0006,0.0001,100.0,518.67,643.19,1602.38,1412.07,14.62,21.61,553.98,2388.11,9081.55,1.3,47.52,521.42,2388.09,8164.4,8.4663,0.03,393,2388,100.0,38.83,23.3734,52
11,189,0.0008,0.0,100.0,518.67,642.45,1596.93,1404.31,14.62,21.61,552.94,2388.06,9083.66,1.3,47.48,521.06,2388.08,8170.05,8.4781,0.03,394,2388,100.0,38.69,23.3143,51
11,190,0.0017,0.0002,100.0,518.67,642.74,1599.98,1404.18,14.62,21.61,553.33,2388.11,9083.7,1.3,47.64,521.69,2388.06,8163.16,8.4567,0.03,393,2388,100.0,38.93,23.2675,50
11,191,0.0009,0.0002,100.0,518.67,642.44,1590.57,1414.78,14.62,21.61,552.77,2388.03,9082.58,1.3,47.45,521.31,2388.04,8167.05,8.4506,0.03,394,2388,100.0,38.75,23.3386,49
11,192,-0.0055,0.0004,100.0,518.67,642.25,1587.95,1415.89,14.62,21.61,553.41,2388.0,9082.49,1.3,47.53,521.39,2388.1,8166.62,8.4462,0.03,394,2388,100.0,38.86,23.174,48
11,193,-0.0009,0.0003,100.0,518.67,642.62,1594.23,1414.9,14.62,21.61,553.67,2388.07,9089.0,1.3,47.6,521.41,2388.14,8167.06,8.4269,0.03,394,2388,100.0,38.79,23.3255,47
11,194,0.0002,0.0,100.0,518.67,643.09,1591.38,1417.31,14.62,21.61,553.98,2388.06,9093.31,1.3,47.73,521.94,2388.12,8162.99,8.4835,0.03,394,2388,100.0,38.73,23.3257,46
11,195,-0.0025,0.0001,100.0,518.67,643.38,1591.11,1416.86,14.62,21.61,552.92,2388.09,9087.71,1.3,47.73,520.91,2388.14,8164.02,8.5017,0.03,393,2388,100.0,38.81,23.2551,45
11,196,0.0033,0.0004,100.0,518.67,643.24,1593.96,1416.39,14.62,21.61,552.86,2388.1,9090.25,1.3,47.84,521.32,2388.08,8167.88,8.451,0.03,394,2388,100.0,38.83,23.2212,44
11,197,-0.0014,-0.0001,100.0,518.67,642.82,1596.08,1407.81,14.62,21.61,553.82,2388.13,9089.76,1.3,47.65,521.07,2388.01,8168.93,8.4764,0.03,392,2388,100.0,38.78,23.217,43
11,198,-0.0031,-0.0001,100.0,518.67,643.22,1597.7,1412.42,14.62,21.61,553.2,2388.09,9092.56,1.3,47.72,521.35,2388.07,8169.21,8.4667,0.03,394,2388,100.0,38.82,23.269,42
11,199,0.0023,-0.0,100.0,518.67,642.75,1594.39,1407.33,14.62,21.61,552.85,2388.03,9095.73,1.3,47.77,521.56,2388.07,8166.52,8.4817,0.03,394,2388,100.0,38.69,23.1649,41
11,200,0.0002,0.0002,100.0,518.67,642.82,1593.09,1419.89,14.62,21.61,552.74,2388.11,9098.29,1.3,47.61,521.21,2388.07,8173.27,8.4804,0.03,394,2388,100.0,38.98,23.276,40
11,201,-0.0035,-0.0005,100.0,518.67,642.74,1594.0,1409.84,14.62,21.61,552.99,2388.08,9099.23,1.3,47.67,521.59,2388.06,8173.92,8.4573,0.03,394,2388,100.0,38.92,23.2324,39
11,202,-0.0024,-0.0001,100.0,518.67,642.82,1595.43,1416.12,14.62,21.61,553.2,2388.12,9100.5,1.3,47.66,520.75,2388.08,8174.1,8.4582,0.03,395,2388,100.0,38.84,23.2307,38
11,203,0.0028,-0.0,100.0,518.67,643.27,1594.42,1415.68,14.62,21.61,553.71,2388.07,9099.07,1.3,47.59,521.49,2388.09,8172.72,8.4766,0.03,394,2388,100.0,38.65,23.265,37
11,204,-0.0021,-0.0004,100.0,518.67,643.01,1600.78,1413.66,14.62,21.61,552.63,2388.13,9096.62,1.3,47.57,521.15,2388.05,8177.44,8.48,0.03,394,2388,100.0,38.6,23.1804,36
11,205,-0.0008,0.0003,100.0,518.67,643.32,1599.68,1407.48,14.62,21.61,553.86,2388.11,9108.56,1.3,47.75,520.82,2388.06,8175.98,8.4622,0.03,395,2388,100.0,38.64,23.2295,35
11,206,-0.0008,0.0003,100.0,518.67,643.06,1592.38,1416.59,14.62,21.61,552.31,2388.1,9108.93,1.3,47.57,520.64,2388.07,8170.88,8.4492,0.03,394,2388,100.0,38.69,23.2278,34
11,207,0.0005,-0.0003,100.0,518.67,642.53,1592.09,1408.91,14.62,21.61,552.98,2388.03,9104.16,1.3,47.67,520.7,2388.12,8182.03,8.4714,0.03,395,2388,100.0,38.74,23.1952,33
11,208,0.0016,0.0002,100.0,518.67,643.42,1597.0,1410.5,14.62,21.61,553.11,2388.11,9103.42,1.3,47.71,521.36,2388.1,8175.53,8.4832,0.03,392,2388,100.0,38.63,23.2749,32
11,209,-0.0022,0.0004,100.0,518.67,642.79,1592.08,1418.53,14.62,21.61,553.15,2388.09,9105.93,1.3,47.89,521.57,2388.08,8177.4,8.4461,0.03,395,2388,100.0,38.86,23.1302,31
11,210,-0.0015,-0.0002,100.0,518.67,644.09,1595.84,1417.71,14.62,21.61,552.87,2388.08,9104.37,1.3,47.78,520.93,2388.09,8180.88,8.4693,0.03,394,2388,100.0,38.59,23.1738,30
11,211,-0.002,0.0001,100.0,518.67,642.86,1589.33,1411.15,14.62,21.61,553.23,2388.08,9108.45,1.3,47.76,521.2,2388.03,8176.81,8.4749,0.03,396,2388,100.0,38.48,23.2501,29
11,212,0.0017,0.0004,100.0,518.67,643.31,1601.93,1416.11,14.62,21.61,552.67,2388.12,9102.76,1.3,47.81,521.36,2388.11,8182.99,8.4743,0.03,393,2388,100.0,38.85,23.194,28
11,213,0.0023,0.0002,100.0,518.67,642.97,1600.91,1417.44,14.62,21.61,552.92,2388.06,9105.88,1.3,47.82,520.43,2388.17,8180.98,8.4793,0.03,395,2388,100.0,38.67,23.1144,27
11,214,0.0011,0.0002,100.0,518.67,643.24,1598.2,1408.39,14.62,21.61,553.09,2388.15,9105.88,1.3,47.92,520.81,2388.17,8177.98,8.4818,0.03,396,2388,100.0,38.61,23.1432,26
11,215,-0.0012,0.0003,100.0,518.67,643.24,1592.43,1421.25,14.62,21.61,552.73,2388.13,9114.36,1.3,47.74,520.96,2388.12,8184.33,8.4508,0.03,395,2388,100.0,38.73,23.2806,25
11,216,-0.0028,0.0001,100.0,518.67,643.1,1595.6,1419.4,14.62,21.61,552.01,2388.1,9106.96,1.3,47.67,520.79,2388.12,8190.1,8.4468,0.03,395,2388,100.0,38.68,23.1628,24
11,217,0.0022,-0.0005,100.0,518.67,642.94,1595.48,1413.99,14.62,21.61,552.64,2388.1,9108.27,1.3,47.77,520.61,2388.11,8185.43,8.468,0.03,393,2388,100.0,38.51,23.2706,23
11,218,-0.0027,-0.0004,100.0,518.67,643.43,1605.0,1415.34,14.62,21.61,552.37,2388.1,9119.89,1.3,47.86,521.1,2388.12,8186.36,8.4751,0.03,395,2388,100.0,38.72,23.2289,22
11,219,0.0013,-0.0001,100.0,518.67,642.91,1603.37,1419.38,14.62,21.61,552.42,2388.13,9115.1,1.3,47.88,520.43,2388.13,8182.76,8.4657,0.03,395,2388,100.0,38.49,23.0955,21
11,220,0.0028,0.0004,100.0,518.67,643.18,1599.36,1418.16,14.62,21.61,552.28,2388.11,9114.67,1.3,47.92,520.7,2388.09,8191.42,8.4637,0.03,396,2388,100.0,38.6,23.1006,20
11,221,-0.0002,-0.0003,100.0,518.67,643.39,1596.2,1422.01,14.62,21.61,552.64,2388.08,9124.62,1.3,47.83,520.77,2388.12,8193.41,8.4479,0.03,396,2388,100.0,38.47,23.2252,19
11,222,0.0007,0.0002,100.0,518.67,643.38,1596.23,1419.71,14.62,21.61,552.58,2388.07,9126.01,1.3,47.89,521.03,2388.08,8193.99,8.489,0.03,394,2388,100.0,38.56,23.1194,18
11,223,0.0012,0.0001,100.0,518.67,643.27,1594.78,1413.78,14.62,21.61,552.45,2388.07,9131.05,1.3,47.87,520.82,2388.13,8193.97,8.4933,0.03,397,2388,100.0,38.7,23.1471,17
11,224,0.0016,0.0004,100.0,518.67,643.19,1598.12,1424.28,14.62,21.61,552.62,2388.05,9125.89,1.3,47.81,521.26,2388.07,8194.36,8.4721,0.03,396,2388,100.0,38.44,23.2245,16
11,225,0.0006,-0.0004,100.0,518.67,643.28,1604.2,1415.65,14.62,21.61,552.75,2388.11,9126.81,1.3,48.0,520.17,2388.08,8196.21,8.4877,0.03,396,2388,100.0,38.62,23.13,15
11,226,-0.0003,-0.0001,100.0,518.67,643.26,1601.06,1418.47,14.62,21.61,552.49,2388.2,9127.0,1.3,47.97,520.04,2388.12,8196.85,8.5266,0.03,395,2388,100.0,38.57,23.1209,14
11,227,0.0011,-0.0004,100.0,518.67,643.04,1605.96,1431.26,14.62,21.61,551.89,2388.1,9132.23,1.3,48.0,520.36,2388.12,8200.57,8.4435,0.03,396,2388,100.0,38.68,23.2125,13
11,228,0.0006,-0.0001,100.0,518.67,643.24,1605.75,1418.52,14.62,21.61,551.13,2388.17,9131.81,1.3,48.0,520.81,2388.16,8204.7,8.4726,0.03,396,2388,100.0,38.6,23.1412,12
11,229,0.0002,0.0004,100.0,518.67,643.57,1594.52,1418.75,14.62,21.61,552.74,2388.13,9147.23,1.3,47.97,520.54,2388.08,8204.27,8.4909,0.03,396,2388,100.0,38.56,23.1104,11
11,230,-0.001,-0.0004,100.0,518.67,643.45,1600.48,1421.19,14.62,21.61,551.46,2388.1,9137.16,1.3,48.11,520.58,2388.13,8203.44,8.4853,0.03,395,2388,100.0,38.41,23.0951,10
11,231,-0.0006,0.0004,100.0,518.67,643.77,1605.96,1416.66,14.62,21.61,552.66,2388.09,9136.72,1.3,47.99,521.13,2388.1,8207.25,8.5039,0.03,397,2388,100.0,38.51,23.0519,9
11,232,0.0006,-0.0002,100.0,518.67,643.57,1608.8,1415.05,14.62,21.61,552.5,2388.17,9138.91,1.3,48.06,520.3,2388.15,8210.31,8.5408,0.03,395,2388,100.0,38.71,23.0727,8
11,233,0.0002,-0.0002,100.0,518.67,643.4,1605.43,1423.14,14.62,21.61,552.56,2388.12,9138.15,1.3,47.84,520.75,2388.13,8210.46,8.4921,0.03,395,2388,100.0,38.53,23.2003,7
11,234,0.0016,-0.0,100.0,518.67,643.65,1592.79,1420.0,14.62,21.61,551.69,2388.18,9145.42,1.3,47.94,520.86,2388.13,8209.19,8.5148,0.03,397,2388,100.0,38.56,23.0208,6
11,235,0.0065,0.0003,100.0,518.67,643.22,1597.07,1426.16,14.62,21.61,552.6,2388.17,9153.67,1.3,48.01,520.66,2388.14,8209.57,8.5183,0.03,395,2388,100.0,38.37,23.0664,5
11,236,0.0009,0.0004,100.0,518.67,643.6,1609.02,1420.43,14.62,21.61,551.82,2388.12,9145.76,1.3,48.03,519.95,2388.14,8210.25,8.5166,0.03,397,2388,100.0,38.28,23.1657,4
11,237,0.0004,-0.0003,100.0,518.67,643.5,1601.64,1429.22,14.62,21.61,552.54,2388.25,9152.41,1.3,48.16,520.39,2388.18,8208.22,8.5383,0.03,395,2388,100.0,38.49,23.1025,3
11,238,-0.003,0.0002,100.0,518.67,643.27,1607.24,1426.44,14.62,21.61,550.55,2388.18,9150.92,1.3,48.04,520.18,2388.12,8214.81,8.5121,0.03,396,2388,100.0,38.33,23.1283,2
11,239,-0.0001,-0.0004,100.0,518.67,643.68,1608.34,1424.85,14.62,21.61,552.0,2388.23,9151.7,1.3,48.24,520.07,2388.17,8218.6,8.4947,0.03,396,2388,100.0,38.49,23.0304,1
11,240,0.0002,0.0001,100.0,518.67,643.52,1598.71,1432.38,14.62,21.61,552.03,2388.19,9155.67,1.3,48.19,519.94,2388.16,8218.2,8.5135,0.03,397,2388,100.0,38.28,23.0558,0
12,1,0.0017,0.0003,100.0,518.67,642.39,1586.1,1402.11,14.62,21.61,554.1,2388.06,9052.13,1.3,47.54,520.94,2388.09,8130.76,8.4214,0.03,394,2388,100.0,38.78,23.2348,169
12,2,-0.0004,0.0004,100.0,518.67,642.43,1592.56,1406.54,14.62,21.61,553.17,2388.11,9042.55,1.3,47.5,521.81,2388.12,8125.37,8.4005,0.03,393,2388,100.0,38.95,23.3202,168
12,3,-0.0005,-0.0,100.0,518.67,642.35,1587.14,1403.33,14.62,21.61,553.6,2388.1,9033.93,1.3,47.44,521.48,2388.11,8128.94,8.4089,0.03,393,2388,100.0,38.79,23.2922,167
12,4,-0.002,0.0004,100.0,518.67,642.5,1594.4,1409.25,14.62,21.61,552.67,2388.11,9046.28,1.3,47.54,521.43,2388.18,8124.09,8.438,0.03,392,2388,100.0,38.84,23.4524,166
12,5,0.0064,-0.0002,100.0,518.67,642.81,1584.77,1410.35,14.62,21.61,553.07,2388.06,9045.8,1.3,47.68,521.47,2388.11,8126.65,8.4478,0.03,393,2388,100.0,39.04,23.3366,165
12,6,0.0018,-0.0002,100.0,518.67,642.64,1586.47,1409.04,14.62,21.61,553.98,2388.09,9051.29,1.3,47.56,521.61,2388.09,8132.42,8.43,0.03,393,2388,100.0,38.86,23.2776,164
12,7,0.0005,-0.0003,100.0,518.67,642.54,1585.61,1411.32,14.62,21.61,553.46,2388.09,9048.64,1.3,47.62,521.57,2388.1,8129.4,8.4406,0.03,392,2388,100.0,38.8,23.1772,163
12,8,-0.003,0.0002,100.0,518.67,642.37,1590.47,1410.7,14.62,21.61,553.08,2388.12,9049.68,1.3,47.42,521.67,2388.12,8131.46,8.4247,0.03,391,2388,100.0,38.76,23.3676,162
12,9,0.001,-0.0001,100.0,518.67,641.95,1585.75,1399.4,14.62,21.61,553.66,2388.06,9048.35,1.3,47.34,521.28,2388.14,8124.76,8.4223,0.03,393,2388,100.0,38.81,23.3485,161
12,10,-0.0007,-0.0003,100.0,518.67,642.37,1592.2,1402.29,14.62,21.61,553.36,2388.12,9048.97,1.3,47.6,521.14,2388.07,8127.45,8.4531,0.03,392,2388,100.0,38.8,23.2907,160
12,11,-0.001,0.0003,100.0,518.67,642.47,1592.71,1412.44,14.62,21.61,554.14,2388.16,9051.27,1.3,47.69,520.8,2388.07,8125.32,8.4125,0.03,394,2388,100.0,38.82,23.4365,159
12,12,-0.0026,-0.0001,100.0,518.67,643.0,1581.29,1407.38,14.62,21.61,553.55,2388.18,9045.24,1.3,47.57,521.06,2388.15,8128.57,8.4162,0.03,394,2388,100.0,38.87,23.3298,158
12,13,-0.0018,0.0003,100.0,518.67,643.31,1592.33,1405.14,14.62,21.61,553.8,2388.12,9046.7,1.3,47.49,521.54,2388.12,8125.86,8.4265,0.03,393,2388,100.0,38.86,23.2345,157
12,14,-0.0014,-0.0004,100.0,518.67,642.94,1589.91,1408.12,14.62,21.61,553.06,2388.09,9048.72,1.3,47.35,521.11,2388.11,8129.95,8.4531,0.03,393,2388,100.0,38.82,23.3559,156
12,15,0.0013,-0.0001,100.0,518.67,642.22,1592.95,1404.86,14.62,21.61,554.61,2388.18,9050.76,1.3,47.59,521.63,2388.1,8126.32,8.4178,0.03,393,2388,100.0,38.99,23.1797,155
12,16,-0.0021,0.0002,100.0,518.67,642.41,1585.13,1403.71,14.62,21.61,553.97,2388.07,9046.65,1.3,47.58,521.41,2388.15,8130.86,8.4331,0.03,394,2388,100.0,38.67,23.3922,154
12,17,-0.0008,-0.0004,100.0,518.67,642.62,1590.64,1409.69,14.62,21.61,553.95,2388.11,9045.23,1.3,47.49,521.49,2388.13,8125.47,8.4058,0.03,393,2388,100.0,38.94,23.3341,153
12,18,-0.0049,-0.0002,100.0,518.67,642.27,1588.16,1412.6,14.62,21.61,553.81,2388.13,9044.59,1.3,47.52,521.2,2388.13,8128.62,8.4239,0.03,391,2388,100.0,38.78,23.327,152
12,19,0.0007,0.0005,100.0,518.67,642.68,1596.79,1408.97,14.62,21.61,553.24,2388.1,9046.96,1.3,47.55,521.24,2388.14,8128.48,8.4224,0.03,393,2388,100.0,38.9,23.2769,151
12,20,0.0002,-0.0001,100.0,518.67,642.89,1586.86,1407.65,14.62,21.61,553.67,2388.13,9046.24,1.3,47.43,521.67,2388.08,8131.33,8.4372,0.03,394,2388,100.0,39.04,23.2657,150
12,21,0.0016,-0.0004,100.0,518.67,642.86,1594.72,1404.49,14.62,21.61,553.76,2388.13,9049.54,1.3,47.55,521.72,2388.07,8132.32,8.4298,0.03,392,2388,100.0,38.96,23.3372,149
12,22,0.0006,-0.0003,100.0,518.67,642.81,1588.36,1409.01,14.62,21.61,554.01,2388.17,9038.25,1.3,47.54,521.84,2388.09,8123.59,8.4275,0.03,391,2388,100.0,38.87,23.253,148
12,23,0.0012,-0.0003,100.0,518.67,642.64,1593.21,1403.92,14.62,21.61,553.35,2388.08,9045.89,1.3,47.17,521.56,2388.05,8122.02,8.4223,0.03,392,2388,100.0,39.04,23.2086,147
12,24,0.0016,0.0003,100.0,518.67,642.74,1588.51,1407.22,14.62,21.61,553.65,2388.09,9054.16,1.3,47.48,521.38,2388.1,8126.25,8.4551,0.03,391,2388,100.0,38.84,23.3228,146
12,25,-0.0017,0.0005,100.0,518.67,642.37,1589.24,1409.74,14.62,21.61,553.19,2388.14,9047.34,1.3,47.31,521.55,2388.12,8125.17,8.4276,0.03,392,2388,100.0,38.74,23.2553,145
12,26,0.0001,0.0002,100.0,518.67,642.76,1581.49,1410.57,14.62,21.61,553.19,2388.13,9051.64,1.3,47.59,521.54,2388.13,8122.4,8.4273,0.03,394,2388,100.0,38.84,23.3767,144
12,27,0.0004,0.0005,100.0,518.67,642.41,1582.28,1410.61,14.62,21.61,553.87,2388.12,9047.26,1.3,47.51,521.32,2388.1,8129.15,8.449,0.03,393,2388,100.0,39.02,23.3578,143
12,28,-0.0007,0.0005,100.0,518.67,642.12,1590.92,1409.23,14.62,21.61,554.27,2388.1,9056.44,1.3,47.58,521.61,2388.1,8124.24,8.4467,0.03,393,2388,100.0,38.96,23.283,142
12,29,0.0034,-0.0,100.0,518.67,642.79,1583.54,1409.43,14.62,21.61,553.21,2388.11,9047.45,1.3,47.6,521.29,2388.13,8125.26,8.4204,0.03,393,2388,100.0,38.63,23.2957,141
12,30,-0.0016,-0.0003,100.0,518.67,642.86,1594.49,1400.58,14.62,21.61,553.52,2388.15,9048.31,1.3,47.4,521.62,2388.12,8133.57,8.4577,0.03,393,2388,100.0,38.9,23.2759,140
12,31,-0.0004,-0.0001,100.0,518.67,642.62,1585.54,1404.71,14.62,21.61,553.64,2388.09,9043.46,1.3,47.59,521.44,2388.14,8125.29,8.4193,0.03,392,2388,100.0,38.72,23.2314,139
12,32,0.0015,-0.0001,100.0,518.67,642.79,1596.75,1408.2,14.62,21.61,552.8,2388.06,9048.38,1.3,47.52,521.3,2388.1,8125.44,8.4478,0.03,393,2388,100.0,38.7,23.1458,138
12,33,-0.0009,-0.0,100.0,518.67,642.41,1589.35,1406.3,14.62,21.61,553.1,2388.06,9044.7,1.3,47.51,521.33,2388.08,8123.56,8.4577,0.03,393,2388,100.0,38.94,23.3029,137
12,34,0.0015,-0.0004,100.0,518.67,642.57,1591.88,1409.24,14.62,21.61,553.1,2388.1,9036.32,1.3,47.64,521.64,2388.14,8124.01,8.4652,0.03,394,2388,100.0,38.6,23.3334,136
12,35,0.0021,0.0,100.0,518.67,642.79,1588.11,1407.2,14.62,21.61,553.78,2388.14,9048.56,1.3,47.46,521.68,2388.17,8131.01,8.4219,0.03,392,2388,100.0,38.79,23.2092,135
12,36,0.003,-0.0004,100.0,518.67,642.91,1592.47,1400.78,14.62,21.61,553.33,2388.15,9045.66,1.3,47.49,521.59,2388.16,8131.97,8.4437,0.03,392,2388,100.0,38.8,23.1813,134
12,37,0.0013,0.0003,100.0,518.67,642.41,1592.1,1410.24,14.62,21.61,553.22,2388.09,9042.92,1.3,47.62,521.66,2388.11,8123.24,8.461,0.03,393,2388,100.0,38.78,23.2468,133
12,38,-0.0001,0.0005,100.0,518.67,642.73,1595.43,1405.1,14.62,21.61,553.41,2388.09,9048.6,1.3,47.45,521.18,2388.06,8126.77,8.4427,0.03,394,2388,100.0,38.91,23.3641,132
12,39,-0.0002,0.0001,100.0,518.67,642.3,1590.38,1412.85,14.62,21.61,552.59,2388.1,9044.67,1.3,47.39,521.82,2388.13,8126.49,8.4596,0.03,393,2388,100.0,38.8,23.3236,131
12,40,-0.0014,-0.0001,100.0,518.67,642.16,1587.52,1411.14,14.62,21.61,553.14,2388.15,9043.68,1.3,47.63,521.37,2388.18,8127.63,8.4713,0.03,394,2388,100.0,38.89,23.3179,130
12,41,-0.0016,0.0004,100.0,518.67,642.17,1588.32,1412.07,14.62,21.61,553.12,2388.09,9044.54,1.3,47.52,521.75,2388.14,8124.92,8.4289,0.03,393,2388,100.0,38.82,23.2325,129
12,42,-0.0042,0.0005,100.0,518.67,642.97,1594.0,1407.56,14.62,21.61,553.09,2388.09,9044.59,1.3,47.33,521.09,2388.1,8126.9,8.4573,0.03,394,2388,100.0,38.92,23.2672,128
12,43,-0.0009,-0.0001,100.0,518.67,642.35,1590.12,1412.04,14.62,21.61,553.17,2388.12,9042.53,1.3,47.5,521.67,2388.16,8130.51,8.4322,0.03,393,2388,100.0,38.81,23.2876,127
12,44,-0.0031,-0.0,100.0,518.67,642.5,1591.36,1405.39,14.62,21.61,552.98,2388.09,9042.02,1.3,47.36,521.47,2388.08,8130.19,8.4792,0.03,392,2388,100.0,38.98,23.2084,126
12,45,-0.0018,0.0001,100.0,518.67,642.76,1598.73,1409.85,14.62,21.61,553.38,2388.13,9052.92,1.3,47.64,521.07,2388.13,8124.06,8.4452,0.03,395,2388,100.0,38.84,23.2244,125
12,46,-0.0003,-0.0003,100.0,518.67,642.39,1595.76,1407.58,14.62,21.61,553.34,2388.14,9047.42,1.3,47.52,521.51,2388.14,8129.9,8.4562,0.03,392,2388,100.0,38.96,23.2746,124
12,47,0.001,-0.0004,100.0,518.67,642.27,1588.92,1406.25,14.62,21.61,553.29,2388.12,9046.58,1.3,47.4,521.62,2388.11,8127.5,8.4674,0.03,392,2388,100.0,38.7,23.2926,123
12,48,0.0001,-0.0,100.0,518.67,642.47,1588.91,1412.42,14.62,21.61,553.53,2388.13,9041.32,1.3,47.59,522.13,2388.13,8120.26,8.4539,0.03,393,2388,100.0,38.79,23.3173,122
12,49,0.0013,0.0003,100.0,518.67,642.84,1587.07,1400.39,14.62,21.61,553.4,2388.14,9044.57,1.3,47.51,521.8,2388.16,8125.06,8.453,0.03,394,2388,100.0,38.78,23.3632,121
12,50,0.0009,0.0004,100.0,518.67,642.19,1591.98,1409.02,14.62,21.61,554.09,2388.15,9045.83,1.3,47.45,521.52,2388.14,8121.78,8.4323,0.03,391,2388,100.0,39.0,23.3382,120
12,51,-0.0025,0.0004,100.0,518.67,643.1,1587.83,1413.22,14.62,21.61,553.77,2388.14,9046.08,1.3,47.49,521.4,2388.13,8121.37,8.4547,0.03,392,2388,100.0,38.83,23.3548,119
12,52,0.0014,-0.0,100.0,518.67,642.6,1583.57,1408.59,14.62,21.61,553.85,2388.12,9045.76,1.3,47.36,521.26,2388.1,8122.98,8.4275,0.03,394,2388,100.0,38.96,23.3101,118
12,53,0.0019,-0.0004,100.0,518.67,642.66,1592.1,1404.21,14.62,21.61,552.16,2388.16,9044.63,1.3,47.55,521.59,2388.18,8124.69,8.4391,0.03,393,2388,100.0,38.62,23.2922,117
12,54,0.0063,-0.0,100.0,518.67,642.59,1588.31,1411.94,14.62,21.61,554.08,2388.13,9059.27,1.3,47.49,521.4,2388.15,8127.99,8.446,0.03,394,2388,100.0,38.88,23.4037,116
12,55,-0.0005,0.0002,100.0,518.67,642.8,1594.84,1414.35,14.62,21.61,553.39,2388.15,9045.65,1.3,47.8,521.48,2388.11,8127.05,8.4466,0.03,392,2388,100.0,38.72,23.3149,115
12,56,-0.0001,0.0004,100.0,518.67,642.47,1588.91,1408.46,14.62,21.61,552.87,2388.12,9047.98,1.3,47.55,521.49,2388.15,8134.34,8.4174,0.03,394,2388,100.0,38.86,23.3335,114
12,57,0.0027,0.0001,100.0,518.67,643.42,1596.13,1407.61,14.62,21.61,553.22,2388.12,9045.76,1.3,47.59,520.99,2388.12,8132.63,8.4594,0.03,394,2388,100.0,38.91,23.2622,113
12,58,0.0011,0.0005,100.0,518.67,642.18,1592.85,1406.46,14.62,21.61,553.62,2388.07,9046.5,1.3,47.6,521.79,2388.13,8126.91,8.4689,0.03,393,2388,100.0,38.8,23.2417,112
12,59,-0.0032,0.0003,100.0,518.67,643.05,1595.21,1402.56,14.62,21.61,552.63,2388.16,9049.77,1.3,47.45,521.31,2388.11,8120.52,8.4334,0.03,393,2388,100.0,38.82,23.3714,111
12,60,-0.0017,-0.0004,100.0,518.67,642.25,1596.61,1413.02,14.62,21.61,553.21,2388.14,9052.12,1.3,47.72,521.49,2388.12,8129.47,8.4115,0.03,394,2388,100.0,38.75,23.3122,110
12,61,-0.0017,-0.0004,100.0,518.67,642.85,1589.81,1406.41,14.62,21.61,552.96,2388.11,9039.47,1.3,47.65,520.76,2388.15,8127.47,8.4192,0.03,394,2388,100.0,38.69,23.3281,109
12,62,-0.004,-0.0003,100.0,518.67,642.21,1590.03,1409.63,14.62,21.61,552.86,2388.16,9048.09,1.3,47.57,521.38,2388.14,8127.77,8.4393,0.03,392,2388,100.0,38.68,23.3127,108
12,63,-0.001,0.0001,100.0,518.67,642.57,1592.3,1409.09,14.62,21.61,553.21,2388.17,9044.16,1.3,47.54,521.54,2388.16,8127.36,8.4358,0.03,392,2388,100.0,38.83,23.312,107
12,64,0.0025,-0.0001,100.0,518.67,642.72,1592.81,1411.9,14.62,21.61,553.6,2388.17,9053.41,1.3,47.42,521.79,2388.16,8125.3,8.4087,0.03,393,2388,100.0,38.79,23.3106,106
12,65,0.0023,-0.0002,100.0,518.67,642.97,1596.75,1414.56,14.62,21.61,553.78,2388.12,9046.88,1.3,47.59,521.9,2388.09,8131.83,8.4337,0.03,392,2388,100.0,38.83,23.2463,105
12,66,-0.0021,-0.0,100.0,518.67,642.61,1589.21,1406.22,14.62,21.61,553.39,2388.16,9045.86,1.3,47.64,521.41,2388.07,8121.95,8.4691,0.03,394,2388,100.0,38.8,23.222,104
12,67,0.0027,-0.0001,100.0,518.67,642.81,1586.58,1406.37,14.62,21.61,553.17,2388.14,9049.52,1.3,47.58,521.19,2388.14,8132.69,8.4348,0.03,392,2388,100.0,38.63,23.2567,103
12,68,0.002,-0.0004,100.0,518.67,642.62,1590.13,1411.87,14.62,21.61,552.82,2388.21,9047.7,1.3,47.52,521.51,2388.12,8124.68,8.4531,0.03,392,2388,100.0,38.9,23.2913,102
12,69,-0.0002,0.0002,100.0,518.67,642.78,1588.31,1420.36,14.62,21.61,553.19,2388.12,9043.71,1.3,47.52,520.98,2388.11,8125.23,8.4554,0.03,394,2388,100.0,38.88,23.2297,101
12,70,0.0034,0.0001,100.0,518.67,642.93,1588.41,1406.66,14.62,21.61,553.53,2388.14,9046.07,1.3,47.58,521.52,2388.16,8129.31,8.4116,0.03,392,2388,100.0,38.82,23.3584,100
12,71,0.002,0.0001,100.0,518.67,642.3,1587.35,1405.68,14.62,21.61,553.75,2388.08,9051.01,1.3,47.53,521.34,2388.15,8131.16,8.4173,0.03,394,2388,100.0,38.75,23.4068,99
12,72,0.0024,-0.0002,100.0,518.67,642.41,1590.65,1414.47,14.62,21.61,553.17,2388.12,9056.26,1.3,47.52,520.84,2388.17,8126.94,8.4585,0.03,394,2388,100.0,38.72,23.2232,98
12,73,0.0027,-0.0002,100.0,518.67,642.62,1591.9,1405.42,14.62,21.61,553.24,2388.13,9051.4,1.3,47.66,522.18,2388.15,8123.25,8.4597,0.03,395,2388,100.0,38.78,23.328,97
12,74,-0.0021,0.0,100.0,518.67,642.62,1584.62,1406.39,14.62,21.61,553.31,2388.15,9047.56,1.3,47.79,521.47,2388.14,8125.93,8.4208,0.03,393,2388,100.0,38.84,23.3163,96
12,75,-0.0005,-0.0002,100.0,518.67,642.64,1588.03,1406.82,14.62,21.61,553.07,2388.14,9043.55,1.3,47.66,520.75,2388.07,8127.52,8.4235,0.03,394,2388,100.0,38.72,23.2164,95
12,76,0.0024,0.0002,100.0,518.67,642.56,1588.67,1405.95,14.62,21.61,553.32,2388.15,9051.14,1.3,47.69,521.27,2388.11,8123.71,8.4552,0.03,395,2388,100.0,38.75,23.2364,94
12,77,0.0007,-0.0003,100.0,518.67,643.27,1591.27,1406.28,14.62,21.61,554.03,2388.11,9045.54,1.3,47.41,521.33,2388.08,8123.64,8.4669,0.03,391,2388,100.0,38.81,23.2573,93
12,78,-0.0005,0.0001,100.0,518.67,643.25,1591.94,1413.68,14.62,21.61,553.33,2388.1,9044.5,1.3,47.65,521.46,2388.15,8127.91,8.4515,0.03,392,2388,100.0,38.86,23.3066,92
12,79,0.0012,-0.0002,100.0,518.67,642.64,1590.61,1408.29,14.62,21.61,552.69,2388.16,9046.43,1.3,47.47,520.79,2388.13,8124.03,8.4181,0.03,393,2388,100.0,38.87,23.2958,91
12,80,0.0012,0.0004,100.0,518.67,643.14,1586.51,1415.59,14.62,21.61,553.56,2388.16,9040.82,1.3,47.39,521.12,2388.13,8122.86,8.4599,0.03,392,2388,100.0,38.73,23.3178,90
12,81,-0.002,0.0003,100.0,518.67,643.02,1584.68,1412.22,14.62,21.61,553.27,2388.13,9054.63,1.3,47.66,521.53,2388.15,8127.68,8.4732,0.03,393,2388,100.0,38.74,23.284,89
12,82,0.0053,0.0005,100.0,518.67,643.25,1589.34,1404.4,14.62,21.61,553.66,2388.14,9049.13,1.3,47.47,520.85,2388.2,8125.46,8.449,0.03,392,2388,100.0,38.81,23.3187,88
12,83,-0.0018,0.0001,100.0,518.67,642.02,1594.89,1408.9,14.62,21.61,552.5,2388.19,9035.95,1.3,47.69,520.65,2388.11,8122.64,8.4449,0.03,392,2388,100.0,38.98,23.2296,87
12,84,0.0016,0.0004,100.0,518.67,642.47,1594.14,1407.82,14.62,21.61,552.3,2388.09,9051.21,1.3,47.58,521.19,2388.13,8124.38,8.4478,0.03,394,2388,100.0,38.73,23.1737,86
12,85,-0.0009,-0.0002,100.0,518.67,642.6,1585.73,1413.71,14.62,21.61,553.42,2388.13,9045.67,1.3,47.81,521.4,2388.12,8124.29,8.4884,0.03,393,2388,100.0,38.8,23.3388,85
12,86,0.0072,0.0002,100.0,518.67,642.37,1591.1,1415.28,14.62,21.61,552.38,2388.12,9046.37,1.3,47.55,520.79,2388.18,8124.05,8.455,0.03,393,2388,100.0,38.88,23.2544,84
12,87,0.0011,-0.0001,100.0,518.67,642.98,1586.54,1403.94,14.62,21.61,552.21,2388.09,9046.31,1.3,47.43,521.32,2388.15,8123.21,8.4327,0.03,394,2388,100.0,38.84,23.301,83
12,88,0.0017,-0.0004,100.0,518.67,642.96,1592.5,1407.16,14.62,21.61,553.42,2388.18,9043.53,1.3,47.67,521.34,2388.17,8127.67,8.4723,0.03,392,2388,100.0,38.69,23.2846,82
12,89,-0.0039,0.0005,100.0,518.67,642.46,1590.54,1414.97,14.62,21.61,552.86,2388.12,9045.73,1.3,47.48,520.65,2388.12,8127.79,8.4149,0.03,391,2388,100.0,38.9,23.292,81
12,90,0.0004,0.0005,100.0,518.67,642.65,1591.09,1410.93,14.62,21.61,553.61,2388.16,9047.9,1.3,47.75,521.46,2388.15,8123.78,8.4813,0.03,394,2388,100.0,38.81,23.2101,80
12,91,0.0005,-0.0002,100.0,518.67,643.09,1591.52,1412.95,14.62,21.61,553.74,2388.11,9045.83,1.3,47.5,521.12,2388.15,8125.98,8.4604,0.03,393,2388,100.0,38.6,23.1479,79
12,92,0.0021,0.0001,100.0,518.67,643.14,1593.57,1405.97,14.62,21.61,552.31,2388.17,9045.81,1.3,47.87,520.6,2388.12,8132.41,8.4352,0.03,393,2388,100.0,38.6,23.2152,78
12,93,0.0009,-0.0003,100.0,518.67,643.15,1587.64,1414.14,14.62,21.61,553.53,2388.16,9050.01,1.3,47.83,521.57,2388.13,8123.55,8.4402,0.03,393,2388,100.0,38.76,23.2344,77
12,94,-0.0041,0.0,100.0,518.67,642.48,1596.66,1409.75,14.62,21.61,552.98,2388.16,9039.46,1.3,47.65,521.53,2388.18,8128.75,8.4628,0.03,394,2388,100.0,38.85,23.2269,76
12,95,0.0006,0.0003,100.0,518.67,642.9,1590.23,1408.66,14.62,21.61,552.31,2388.11,9042.87,1.3,47.73,521.45,2388.16,8127.39,8.4852,0.03,394,2388,100.0,38.83,23.2761,75
12,96,-0.0021,-0.0004,100.0,518.67,642.54,1584.94,1412.03,14.62,21.61,552.85,2388.14,9050.54,1.3,47.7,521.06,2388.18,8124.55,8.4466,0.03,392,2388,100.0,38.82,23.1321,74
12,97,0.0017,0.0004,100.0,518.67,643.01,1592.11,1409.96,14.62,21.61,552.77,2388.18,9046.68,1.3,47.59,521.21,2388.16,8124.95,8.4595,0.03,394,2388,100.0,38.72,23.3156,73
12,98,-0.0007,0.0,100.0,518.67,642.89,1590.63,1407.46,14.62,21.61,553.0,2388.15,9038.1,1.3,47.49,521.48,2388.09,8132.61,8.4301,0.03,395,2388,100.0,38.92,23.239,72
12,99,0.0027,-0.0001,100.0,518.67,642.65,1592.47,1414.0,14.62,21.61,552.84,2388.12,9046.59,1.3,47.67,521.24,2388.14,8129.29,8.4132,0.03,393,2388,100.0,38.64,23.2527,71
12,100,-0.0032,0.0005,100.0,518.67,642.93,1592.94,1409.98,14.62,21.61,553.38,2388.14,9050.24,1.3,47.65,521.07,2388.13,8122.41,8.448,0.03,392,2388,100.0,38.76,23.3091,70
12,101,0.0014,0.0002,100.0,518.67,641.86,1592.94,1405.95,14.62,21.61,552.88,2388.15,9047.32,1.3,47.66,521.56,2388.09,8129.8,8.4421,0.03,393,2388,100.0,38.91,23.2826,69
12,102,0.0016,-0.0003,100.0,518.67,643.08,1596.33,1416.0,14.62,21.61,553.38,2388.11,9046.83,1.3,47.69,520.93,2388.13,8122.67,8.4379,0.03,393,2388,100.0,38.88,23.2423,68
12,103,0.0027,-0.0001,100.0,518.67,642.77,1597.71,1413.83,14.62,21.61,552.81,2388.12,9051.41,1.3,47.71,521.2,2388.14,8130.39,8.4985,0.03,393,2388,100.0,38.86,23.2156,67
12,104,-0.002,-0.0003,100.0,518.67,642.7,1588.44,1411.71,14.62,21.61,553.52,2388.15,9042.83,1.3,47.73,521.05,2388.14,8122.38,8.4867,0.03,393,2388,100.0,38.76,23.177,66
12,105,-0.0005,0.0003,100.0,518.67,642.89,1597.38,1412.6,14.62,21.61,553.2,2388.2,9041.94,1.3,47.68,520.6,2388.12,8124.19,8.4639,0.03,394,2388,100.0,38.79,23.1808,65
12,106,0.0018,-0.0004,100.0,518.67,643.09,1597.25,1409.57,14.62,21.61,552.82,2388.15,9041.48,1.3,47.5,520.94,2388.17,8128.52,8.4269,0.03,393,2388,100.0,38.99,23.3442,64
12,107,-0.0006,0.0001,100.0,518.67,642.94,1594.02,1417.46,14.62,21.61,553.32,2388.18,9051.61,1.3,47.59,520.62,2388.19,8130.83,8.4534,0.03,394,2388,100.0,38.79,23.2876,63
12,108,0.0012,0.0001,100.0,518.67,642.91,1594.45,1408.39,14.62,21.61,552.79,2388.13,9046.87,1.3,47.74,521.2,2388.14,8126.8,8.4474,0.03,395,2388,100.0,38.7,23.1949,62
12,109,-0.0015,0.0004,100.0,518.67,642.94,1595.94,1419.38,14.62,21.61,552.71,2388.19,9054.21,1.3,47.7,521.76,2388.11,8124.52,8.4799,0.03,395,2388,100.0,38.66,23.2645,61
12,110,0.0013,-0.0002,100.0,518.67,642.84,1592.11,1412.7,14.62,21.61,553.39,2388.17,9051.24,1.3,47.7,521.69,2388.14,8128.89,8.4621,0.03,392,2388,100.0,38.59,23.1781,60
12,111,-0.0018,-0.0003,100.0,518.67,643.07,1589.65,1411.45,14.62,21.61,553.44,2388.17,9060.73,1.3,47.59,520.45,2388.15,8130.39,8.45,0.03,394,2388,100.0,38.59,23.2852,59
12,112,0.0004,0.0003,100.0,518.67,642.74,1595.7,1409.29,14.62,21.61,553.11,2388.17,9048.04,1.3,47.74,520.55,2388.17,8127.24,8.4565,0.03,395,2388,100.0,38.62,23.3082,58
12,113,0.001,0.0005,100.0,518.67,642.79,1595.31,1409.84,14.62,21.61,553.07,2388.18,9055.17,1.3,47.69,521.06,2388.17,8121.59,8.4496,0.03,394,2388,100.0,38.74,23.2764,57
12,114,-0.002,0.0005,100.0,518.67,642.86,1598.13,1419.34,14.62,21.61,552.76,2388.19,9045.08,1.3,47.5,520.59,2388.13,8124.98,8.4382,0.03,392,2388,100.0,38.79,23.1929,56
12,115,-0.0007,-0.0001,100.0,518.67,642.75,1588.68,1416.2,14.62,21.61,553.31,2388.17,9046.25,1.3,47.73,520.83,2388.15,8122.78,8.4409,0.03,394,2388,100.0,38.67,23.19,55
12,116,-0.0026,-0.0004,100.0,518.67,643.05,1594.69,1417.6,14.62,21.61,553.33,2388.19,9047.89,1.3,47.66,521.05,2388.2,8123.49,8.4426,0.03,393,2388,100.0,38.62,23.242,54
12,117,-0.0002,0.0001,100.0,518.67,643.16,1592.66,1413.56,14.62,21.61,552.82,2388.18,9046.91,1.3,47.75,520.63,2388.14,8121.09,8.481,0.03,392,2388,100.0,38.64,23.1807,53
12,118,0.0011,-0.0003,100.0,518.67,643.7,1585.24,1415.05,14.62,21.61,552.76,2388.18,9050.59,1.3,47.78,521.02,2388.19,8126.15,8.4605,0.03,395,2388,100.0,38.91,23.2145,52
12,119,0.0025,-0.0001,100.0,518.67,643.28,1594.82,1410.41,14.62,21.61,552.8,2388.23,9050.16,1.3,47.81,521.3,2388.19,8126.45,8.4725,0.03,394,2388,100.0,38.71,23.239,51
12,120,-0.002,0.0001,100.0,518.67,643.18,1587.28,1412.59,14.62,21.61,551.93,2388.17,9045.56,1.3,47.9,521.01,2388.18,8131.78,8.4773,0.03,393,2388,100.0,38.75,23.3242,50
12,121,0.0013,-0.0004,100.0,518.67,642.84,1586.95,1414.21,14.62,21.61,553.05,2388.19,9051.54,1.3,47.55,521.15,2388.13,8128.04,8.4551,0.03,394,2388,100.0,38.55,23.2929,49
12,122,0.0001,0.0004,100.0,518.67,643.26,1590.54,1416.51,14.62,21.61,551.64,2388.19,9040.01,1.3,47.73,520.38,2388.19,8124.48,8.478,0.03,392,2388,100.0,38.78,23.1837,48
12,123,0.0006,0.0003,100.0,518.67,642.76,1593.18,1412.84,14.62,21.61,552.58,2388.17,9052.98,1.3,47.84,520.49,2388.18,8131.92,8.4807,0.03,394,2388,100.0,38.85,23.2708,47
12,124,-0.0012,0.0003,100.0,518.67,643.11,1602.74,1420.25,14.62,21.61,552.98,2388.17,9050.51,1.3,47.59,521.09,2388.17,8130.74,8.4259,0.03,393,2388,100.0,38.51,23.292,46
12,125,0.0,0.0005,100.0,518.67,643.59,1606.24,1414.66,14.62,21.61,552.36,2388.25,9046.11,1.3,47.76,520.91,2388.17,8130.83,8.4549,0.03,394,2388,100.0,38.8,23.2558,45
12,126,-0.0004,0.0005,100.0,518.67,642.94,1591.82,1418.62,14.62,21.61,552.88,2388.14,9050.58,1.3,47.87,520.93,2388.2,8129.45,8.4351,0.03,394,2388,100.0,38.8,23.2132,44
12,127,-0.0035,-0.0,100.0,518.67,643.41,1598.83,1413.99,14.62,21.61,552.62,2388.17,9051.97,1.3,47.88,520.21,2388.19,8127.3,8.4668,0.03,395,2388,100.0,38.72,23.2237,43
12,128,0.0002,0.0002,100.0,518.67,642.93,1592.17,1417.31,14.62,21.61,553.26,2388.13,9045.0,1.3,47.87,520.14,2388.22,8128.25,8.4577,0.03,394,2388,100.0,38.59,23.2346,42
12,129,-0.0021,0.0,100.0,518.67,643.16,1587.1,1426.19,14.62,21.61,552.39,2388.2,9048.27,1.3,47.97,520.76,2388.23,8131.67,8.4545,0.03,395,2388,100.0,38.59,23.2877,41
12,130,0.0001,0.0001,100.0,518.67,642.42,1590.42,1427.28,14.62,21.61,552.5,2388.15,9045.59,1.3,47.8,520.5,2388.17,8125.55,8.4619,0.03,395,2388,100.0,38.4,23.2302,40
12,131,-0.0019,0.0005,100.0,518.67,643.21,1591.13,1428.96,14.62,21.61,552.26,2388.2,9051.53,1.3,47.89,520.66,2388.22,8131.81,8.4761,0.03,395,2388,100.0,38.68,23.2653,39
12,132,0.0018,0.0004,100.0,518.67,643.34,1591.07,1418.45,14.62,21.61,553.0,2388.18,9049.74,1.3,47.86,520.9,2388.21,8128.53,8.4995,0.03,396,2388,100.0,38.64,23.1266,38
12,133,0.001,-0.0001,100.0,518.67,642.99,1588.98,1414.33,14.62,21.61,552.04,2388.18,9048.98,1.3,47.77,520.91,2388.21,8125.33,8.5056,0.03,394,2388,100.0,38.83,23.2403,37
12,134,0.0024,-0.0,100.0,518.67,642.76,1593.3,1419.05,14.62,21.61,552.76,2388.19,9047.52,1.3,47.78,520.65,2388.29,8130.84,8.5003,0.03,394,2388,100.0,38.67,23.283,36
12,135,0.0012,-0.0002,100.0,518.67,643.15,1606.69,1421.42,14.62,21.61,552.75,2388.15,9051.89,1.3,47.75,520.34,2388.19,8119.8,8.4456,0.03,395,2388,100.0,38.76,23.1279,35
12,136,0.0013,0.0005,100.0,518.67,643.09,1591.89,1413.03,14.62,21.61,553.06,2388.19,9049.13,1.3,47.91,520.71,2388.2,8120.99,8.4638,0.03,394,2388,100.0,38.52,23.1964,34
12,137,-0.0036,0.0002,100.0,518.67,642.65,1589.72,1419.0,14.62,21.61,552.48,2388.18,9049.43,1.3,47.99,520.65,2388.2,8125.75,8.4807,0.03,396,2388,100.0,38.67,23.1929,33
12,138,0.0032,0.0003,100.0,518.67,643.39,1604.19,1417.2,14.62,21.61,552.51,2388.18,9051.42,1.3,47.95,520.42,2388.15,8129.88,8.4864,0.03,393,2388,100.0,38.68,23.1407,32
12,139,0.0006,0.0002,100.0,518.67,642.87,1597.67,1427.64,14.62,21.61,552.02,2388.23,9042.97,1.3,47.77,520.53,2388.26,8125.19,8.4641,0.03,396,2388,100.0,38.84,23.1714,31
12,140,0.0009,0.0002,100.0,518.67,643.04,1589.71,1418.94,14.62,21.61,553.26,2388.27,9048.85,1.3,47.77,520.49,2388.22,8122.92,8.4778,0.03,394,2388,100.0,38.63,23.1876,30
12,141,0.0026,-0.0001,100.0,518.67,643.39,1592.31,1425.51,14.62,21.61,551.84,2388.23,9049.89,1.3,48.05,520.33,2388.24,8126.0,8.4676,0.03,396,2388,100.0,38.62,23.3154,29
12,142,-0.002,0.0001,100.0,518.67,643.6,1596.32,1422.42,14.62,21.61,552.64,2388.2,9042.52,1.3,47.85,520.25,2388.2,8124.63,8.481,0.03,395,2388,100.0,38.51,23.3021,28
12,143,0.0039,0.0003,100.0,518.67,642.82,1600.64,1421.68,14.62,21.61,552.03,2388.18,9050.46,1.3,47.86,520.62,2388.18,8122.01,8.4773,0.03,396,2388,100.0,38.49,23.1289,27
12,144,-0.0019,-0.0004,100.0,518.67,643.65,1590.16,1421.96,14.62,21.61,552.17,2388.21,9052.91,1.3,47.78,519.94,2388.19,8118.74,8.4481,0.03,394,2388,100.0,38.68,23.0626,26
12,145,0.0001,0.0,100.0,518.67,642.82,1601.68,1416.98,14.62,21.61,551.1,2388.24,9045.06,1.3,47.86,520.66,2388.12,8123.76,8.4908,0.03,392,2388,100.0,38.55,23.0901,25
12,146,0.0,0.0005,100.0,518.67,642.99,1591.97,1422.97,14.62,21.61,552.92,2388.2,9053.08,1.3,47.7,520.22,2388.22,8131.64,8.4718,0.03,395,2388,100.0,38.51,23.2257,24
12,147,0.0019,0.0001,100.0,518.67,643.06,1596.79,1419.6,14.62,21.61,551.33,2388.23,9049.13,1.3,47.94,520.82,2388.22,8129.72,8.5152,0.03,395,2388,100.0,38.64,23.1366,23
12,148,-0.0036,0.0003,100.0,518.67,643.13,1602.11,1422.2,14.62,21.61,551.84,2388.26,9046.34,1.3,47.68,520.33,2388.19,8125.02,8.48,0.03,394,2388,100.0,38.85,23.1506,22
12,149,-0.0013,0.0001,100.0,518.67,643.54,1595.79,1419.79,14.62,21.61,551.84,2388.25,9046.63,1.3,48.1,520.36,2388.19,8126.26,8.512,0.03,395,2388,100.0,38.45,23.166,21
12,150,-0.0003,0.0005,100.0,518.67,643.34,1597.62,1426.32,14.62,21.61,552.37,2388.2,9050.58,1.3,47.87,520.3,2388.28,8128.98,8.516,0.03,395,2388,100.0,38.57,23.1088,20
12,151,-0.0002,0.0004,100.0,518.67,643.61,1594.38,1418.09,14.62,21.61,552.36,2388.21,9044.63,1.3,47.98,519.96,2388.26,8124.27,8.5174,0.03,396,2388,100.0,38.44,23.0561,19
12,152,0.0017,0.0003,100.0,518.67,643.03,1600.52,1422.8,14.62,21.61,551.86,2388.2,9049.81,1.3,48.08,519.98,2388.22,8124.46,8.5233,0.03,396,2388,100.0,38.57,23.074,18
12,153,-0.0007,-0.0004,100.0,518.67,643.06,1593.88,1425.5,14.62,21.61,551.2,2388.23,9051.41,1.3,47.93,520.25,2388.21,8130.45,8.5024,0.03,396,2388,100.0,38.55,23.2636,17
12,154,-0.0014,-0.0,100.0,518.67,643.42,1594.76,1424.54,14.62,21.61,552.03,2388.26,9042.89,1.3,48.12,520.61,2388.27,8127.18,8.4748,0.03,394,2388,100.0,38.74,23.1146,16
12,155,-0.0018,-0.0003,100.0,518.67,643.75,1598.19,1426.68,14.62,21.61,552.02,2388.21,9048.17,1.3,48.07,519.64,2388.27,8123.27,8.4941,0.03,396,2388,100.0,38.49,23.2194,15
12,156,0.0022,0.0004,100.0,518.67,643.3,1596.61,1420.52,14.62,21.61,552.47,2388.24,9056.93,1.3,47.94,519.94,2388.25,8129.13,8.4975,0.03,395,2388,100.0,38.32,23.0739,14
12,157,-0.0019,0.0001,100.0,518.67,642.86,1597.39,1428.13,14.62,21.61,551.91,2388.27,9052.49,1.3,48.01,520.03,2388.21,8129.49,8.4718,0.03,394,2388,100.0,38.37,23.203,13
12,158,-0.0026,-0.0002,100.0,518.67,643.62,1607.1,1424.96,14.62,21.61,551.95,2388.25,9051.35,1.3,47.95,520.28,2388.25,8127.19,8.4895,0.03,396,2388,100.0,38.57,23.0512,12
12,159,0.0031,0.0004,100.0,518.67,643.63,1598.16,1430.89,14.62,21.61,551.85,2388.28,9045.15,1.3,48.1,520.13,2388.27,8119.77,8.4929,0.03,395,2388,100.0,38.48,23.175,11
12,160,-0.0012,-0.0002,100.0,518.67,643.64,1592.61,1429.75,14.62,21.61,551.28,2388.27,9054.75,1.3,48.28,520.05,2388.31,8125.47,8.502,0.03,397,2388,100.0,38.31,23.07,10
12,161,0.0008,0.0002,100.0,518.67,643.1,1595.35,1428.39,14.62,21.61,552.11,2388.28,9045.91,1.3,48.17,519.72,2388.26,8124.91,8.5164,0.03,396,2388,100.0,38.46,23.1629,9
12,162,0.0009,0.0003,100.0,518.67,643.45,1602.88,1414.13,14.62,21.61,551.33,2388.21,9050.03,1.3,48.15,519.36,2388.25,8133.48,8.5142,0.03,396,2388,100.0,38.36,23.0593,8
12,163,0.0008,0.0003,100.0,518.67,643.59,1593.01,1434.05,14.62,21.61,551.09,2388.22,9054.26,1.3,48.08,519.25,2388.3,8127.89,8.5654,0.03,397,2388,100.0,38.57,23.1024,7
12,164,0.0006,-0.0,100.0,518.67,642.95,1598.33,1419.55,14.62,21.61,551.55,2388.28,9058.39,1.3,48.08,519.61,2388.2,8126.87,8.5203,0.03,397,2388,100.0,38.35,23.0511,6
12,165,0.0034,0.0001,100.0,518.67,643.76,1597.89,1425.13,14.62,21.61,552.4,2388.28,9051.42,1.3,48.21,520.11,2388.25,8122.72,8.487,0.03,396,2388,100.0,38.42,23.0516,5
12,166,0.0021,0.0002,100.0,518.67,643.91,1604.39,1427.48,14.62,21.61,551.82,2388.29,9052.79,1.3,48.22,519.88,2388.25,8125.91,8.511,0.03,396,2388,100.0,38.43,23.1312,4
12,167,-0.0009,0.0003,100.0,518.67,643.78,1600.52,1426.11,14.62,21.61,551.26,2388.28,9053.07,1.3,48.01,519.61,2388.27,8129.63,8.5039,0.03,396,2388,100.0,38.47,23.0371,3
12,168,0.0007,0.0002,100.0,518.67,643.59,1596.25,1429.19,14.62,21.61,551.27,2388.29,9055.55,1.3,48.18,519.01,2388.27,8125.62,8.5275,0.03,396,2388,100.0,38.52,23.1209,2
12,169,0.0027,0.0005,100.0,518.67,643.34,1597.46,1429.09,14.62,21.61,551.43,2388.25,9047.75,1.3,48.1,519.32,2388.33,8120.62,8.5321,0.03,396,2388,100.0,38.47,23.0444,1
12,170,0.0002,-0.0001,100.0,518.67,643.31,1601.76,1434.94,14.62,21.61,551.1,2388.32,9050.4,1.3,48.08,519.55,2388.29,8122.87,8.5213,0.03,395,2388,100.0,38.64,23.0102,0
13,1,-0.001,-0.0002,100.0,518.67,641.94,1594.32,1405.5,14.62,21.61,554.14,2388.07,9051.55,1.3,47.46,520.87,2388.11,8131.99,8.4393,0.03,392,2388,100.0,38.76,23.3793,162
13,2,0.0039,-0.0,100.0,518.67,642.61,1592.31,1406.78,14.62,21.61,553.08,2388.11,9053.39,1.3,47.5,521.45,2388.08,8135.24,8.4325,0.03,393,2388,100.0,38.97,23.2731,161
13,3,-0.0034,-0.0001,100.0,518.67,642.23,1589.66,1410.36,14.62,21.61,553.29,2388.1,9061.71,1.3,47.43,521.66,2388.1,8137.34,8.4642,0.03,393,2388,100.0,38.67,23.2775,160
13,4,-0.0013,0.0002,100.0,518.67,642.67,1593.12,1408.66,14.62,21.61,553.71,2388.12,9047.99,1.3,47.65,521.44,2388.16,8133.29,8.4115,0.03,391,2388,100.0,38.8,23.3566,159
13,5,-0.0018,0.0004,100.0,518.67,642.77,1589.93,1408.31,14.62,21.61,553.21,2388.08,9057.89,1.3,47.56,521.32,2388.14,8133.3,8.3731,0.03,393,2388,100.0,39.08,23.4748,158
13,6,0.001,-0.0002,100.0,518.67,642.83,1589.25,1406.72,14.62,21.61,553.29,2388.15,9053.61,1.3,47.58,521.7,2388.1,8134.54,8.4222,0.03,392,2388,100.0,38.88,23.2899,157
13,7,-0.0011,0.0003,100.0,518.67,642.69,1591.14,1402.15,14.62,21.61,553.16,2388.09,9057.27,1.3,47.42,521.31,2388.06,8140.95,8.43,0.03,392,2388,100.0,38.92,23.285,156
13,8,-0.0031,0.0005,100.0,518.67,642.41,1590.39,1399.39,14.62,21.61,552.75,2388.12,9053.8,1.3,47.58,521.46,2388.12,8132.12,8.4281,0.03,393,2388,100.0,38.94,23.4308,155
13,9,0.0028,0.0004,100.0,518.67,642.76,1589.31,1416.61,14.62,21.61,553.56,2388.1,9053.53,1.3,47.54,521.28,2388.1,8136.5,8.4141,0.03,393,2388,100.0,38.61,23.2479,154
13,10,-0.0027,-0.0004,100.0,518.67,642.31,1594.02,1410.1,14.62,21.61,552.65,2388.08,9055.86,1.3,47.45,521.86,2388.14,8131.43,8.4321,0.03,391,2388,100.0,38.75,23.272,153
13,11,-0.0014,0.0003,100.0,518.67,642.81,1590.74,1403.72,14.62,21.61,553.43,2388.08,9057.06,1.3,47.57,522.2,2388.1,8132.71,8.4001,0.03,394,2388,100.0,38.86,23.3338,152
13,12,-0.0027,-0.0001,100.0,518.67,641.91,1585.92,1407.15,14.62,21.61,553.28,2388.07,9057.66,1.3,47.55,521.58,2388.09,8140.59,8.4438,0.03,394,2388,100.0,38.77,23.3329,151
13,13,-0.001,-0.0,100.0,518.67,643.25,1599.99,1409.62,14.62,21.61,553.27,2388.13,9055.24,1.3,47.43,521.66,2388.1,8135.84,8.4336,0.03,394,2388,100.0,38.83,23.2979,150
13,14,-0.0002,0.0004,100.0,518.67,642.22,1591.18,1409.34,14.62,21.61,553.57,2388.08,9059.89,1.3,47.5,520.85,2388.07,8139.03,8.4295,0.03,392,2388,100.0,38.9,23.2906,149
13,15,0.0004,-0.0003,100.0,518.67,642.79,1594.09,1406.2,14.62,21.61,552.9,2388.12,9055.37,1.3,47.68,522.15,2388.06,8131.19,8.3932,0.03,391,2388,100.0,38.91,23.3631,148
13,16,0.0028,-0.0004,100.0,518.67,642.59,1595.91,1409.0,14.62,21.61,553.08,2388.07,9052.1,1.3,47.42,521.74,2388.05,8136.84,8.4156,0.03,394,2388,100.0,38.97,23.3014,147
13,17,0.0029,-0.0001,100.0,518.67,643.01,1593.27,1404.03,14.62,21.61,553.22,2388.09,9050.42,1.3,47.37,521.73,2388.1,8135.74,8.4232,0.03,393,2388,100.0,38.86,23.3667,146
13,18,-0.0016,0.0005,100.0,518.67,642.08,1589.14,1405.87,14.62,21.61,553.54,2388.1,9054.2,1.3,47.4,521.54,2388.14,8129.93,8.4075,0.03,392,2388,100.0,38.77,23.3347,145
13,19,-0.0024,-0.0002,100.0,518.67,642.47,1584.56,1408.11,14.62,21.61,553.13,2388.09,9061.64,1.3,47.48,521.39,2388.06,8131.57,8.4485,0.03,394,2388,100.0,38.82,23.3526,144
13,20,-0.0007,0.0001,100.0,518.67,642.77,1595.46,1407.4,14.62,21.61,553.28,2388.06,9054.38,1.3,47.51,522.05,2388.11,8133.96,8.4264,0.03,392,2388,100.0,38.57,23.2427,143
13,21,0.0007,0.0003,100.0,518.67,642.25,1581.62,1407.08,14.62,21.61,553.16,2388.06,9054.83,1.3,47.62,521.26,2388.08,8131.2,8.4389,0.03,393,2388,100.0,38.83,23.4299,142
13,22,-0.0015,0.0001,100.0,518.67,643.02,1586.2,1407.41,14.62,21.61,553.48,2388.1,9056.62,1.3,47.46,521.56,2388.08,8138.31,8.428,0.03,392,2388,100.0,38.84,23.2634,141
13,23,-0.0014,-0.0004,100.0,518.67,642.6,1586.29,1405.63,14.62,21.61,553.12,2388.12,9056.01,1.3,47.57,522.07,2388.14,8131.79,8.4311,0.03,392,2388,100.0,38.98,23.3116,140
13,24,-0.0002,0.0005,100.0,518.67,642.95,1587.31,1406.29,14.62,21.61,553.75,2388.14,9051.44,1.3,47.64,521.89,2388.05,8134.74,8.4215,0.03,393,2388,100.0,38.85,23.2426,139
13,25,0.0025,0.0003,100.0,518.67,642.1,1594.3,1407.62,14.62,21.61,553.55,2388.1,9062.26,1.3,47.51,522.5,2388.14,8131.96,8.4366,0.03,393,2388,100.0,38.86,23.3473,138
13,26,-0.001,0.0003,100.0,518.67,642.19,1586.42,1402.94,14.62,21.61,553.7,2388.1,9063.15,1.3,47.58,521.49,2388.11,8133.23,8.4346,0.03,391,2388,100.0,38.83,23.3003,137
13,27,0.0006,-0.0001,100.0,518.67,643.01,1590.15,1407.03,14.62,21.61,553.15,2388.07,9056.15,1.3,47.47,521.32,2388.08,8140.32,8.4475,0.03,393,2388,100.0,38.71,23.4061,136
13,28,0.0012,-0.0003,100.0,518.67,642.56,1590.55,1406.48,14.62,21.61,553.34,2388.07,9059.63,1.3,47.6,521.73,2388.07,8139.62,8.4191,0.03,393,2388,100.0,38.84,23.2284,135
13,29,-0.0003,0.0002,100.0,518.67,642.89,1588.97,1408.82,14.62,21.61,553.25,2388.09,9047.99,1.3,47.48,521.67,2388.08,8135.18,8.4534,0.03,394,2388,100.0,38.85,23.2946,134
13,30,-0.0032,0.0001,100.0,518.67,642.7,1588.36,1409.6,14.62,21.61,554.31,2388.16,9057.73,1.3,47.36,521.31,2388.11,8138.11,8.4743,0.03,393,2388,100.0,38.87,23.3169,133
13,31,-0.0015,0.0002,100.0,518.67,642.3,1590.98,1404.89,14.62,21.61,553.89,2388.05,9058.44,1.3,47.44,521.85,2388.11,8137.52,8.4644,0.03,393,2388,100.0,38.82,23.2797,132
13,32,-0.001,0.0002,100.0,518.67,642.75,1589.12,1405.37,14.62,21.61,553.72,2388.09,9053.01,1.3,47.44,521.54,2388.08,8136.49,8.4316,0.03,393,2388,100.0,38.93,23.2791,131
13,33,-0.0,0.0002,100.0,518.67,642.48,1588.69,1406.37,14.62,21.61,552.64,2388.1,9057.65,1.3,47.49,521.57,2388.11,8139.33,8.4294,0.03,394,2388,100.0,38.82,23.349,130
13,34,-0.0007,0.0003,100.0,518.67,642.35,1590.06,1409.85,14.62,21.61,553.9,2388.09,9061.24,1.3,47.5,521.78,2388.1,8132.94,8.4597,0.03,393,2388,100.0,38.92,23.3717,129
13,35,-0.0013,-0.0004,100.0,518.67,642.61,1589.91,1401.64,14.62,21.61,553.08,2388.09,9051.13,1.3,47.38,521.19,2388.08,8135.18,8.4422,0.03,393,2388,100.0,38.84,23.3348,128
13,36,-0.0034,-0.0,100.0,518.67,642.58,1586.23,1403.92,14.62,21.61,553.5,2388.1,9047.89,1.3,47.58,521.44,2388.15,8131.74,8.4509,0.03,393,2388,100.0,38.92,23.383,127
13,37,-0.0041,0.0002,100.0,518.67,642.68,1582.58,1412.44,14.62,21.61,553.58,2388.06,9050.5,1.3,47.48,521.86,2388.07,8132.14,8.4326,0.03,392,2388,100.0,38.74,23.1862,126
13,38,0.0001,0.0004,100.0,518.67,642.69,1593.33,1406.92,14.62,21.61,553.62,2388.13,9049.92,1.3,47.7,521.55,2388.09,8135.67,8.4576,0.03,393,2388,100.0,39.07,23.2141,125
13,39,-0.0005,-0.0003,100.0,518.67,642.63,1581.24,1403.8,14.62,21.61,553.23,2388.03,9053.6,1.3,47.5,521.63,2388.05,8140.86,8.4236,0.03,392,2388,100.0,38.94,23.343,124
13,40,0.0013,0.0004,100.0,518.67,641.99,1585.55,1411.86,14.62,21.61,553.69,2388.13,9062.62,1.3,47.41,521.68,2388.12,8134.21,8.4448,0.03,393,2388,100.0,38.55,23.3491,123
13,41,-0.0007,0.0002,100.0,518.67,642.23,1588.43,1403.07,14.62,21.61,553.26,2388.1,9057.22,1.3,47.58,521.82,2388.1,8137.55,8.4804,0.03,393,2388,100.0,38.92,23.3163,122
13,42,0.0023,-0.0004,100.0,518.67,642.86,1588.03,1407.81,14.62,21.61,553.52,2388.11,9061.57,1.3,47.52,521.91,2388.09,8135.86,8.4216,0.03,393,2388,100.0,38.8,23.2903,121
13,43,-0.0017,-0.0,100.0,518.67,642.66,1590.78,1407.9,14.62,21.61,553.64,2388.1,9056.2,1.3,47.39,521.26,2388.1,8137.72,8.4378,0.03,394,2388,100.0,38.81,23.3655,120
13,44,0.0024,0.0001,100.0,518.67,642.45,1590.56,1412.61,14.62,21.61,553.88,2388.07,9055.21,1.3,47.59,521.3,2388.04,8136.66,8.4059,0.03,394,2388,100.0,38.94,23.3218,119
13,45,0.0016,0.0001,100.0,518.67,642.77,1588.23,1410.44,14.62,21.61,553.99,2388.1,9057.0,1.3,47.51,521.42,2388.12,8136.03,8.4185,0.03,391,2388,100.0,38.7,23.3342,118
13,46,0.0041,-0.0004,100.0,518.67,642.86,1584.07,1409.85,14.62,21.61,553.12,2388.09,9045.6,1.3,47.58,521.3,2388.07,8136.97,8.418,0.03,393,2388,100.0,38.9,23.305,117
13,47,-0.0019,0.0004,100.0,518.67,642.14,1594.3,1402.37,14.62,21.61,553.34,2388.07,9057.28,1.3,47.35,521.81,2388.11,8139.45,8.4108,0.03,394,2388,100.0,38.74,23.3972,116
13,48,-0.0026,-0.0,100.0,518.67,642.85,1594.55,1406.57,14.62,21.61,553.8,2388.09,9063.15,1.3,47.57,521.28,2388.13,8131.54,8.4592,0.03,393,2388,100.0,38.96,23.3012,115
13,49,-0.0027,-0.0004,100.0,518.67,642.91,1584.16,1409.84,14.62,21.61,553.06,2388.1,9062.76,1.3,47.65,521.3,2388.14,8139.96,8.4155,0.03,395,2388,100.0,38.65,23.2812,114
13,50,-0.0013,0.0,100.0,518.67,642.89,1592.76,1409.34,14.62,21.61,553.74,2388.11,9053.83,1.3,47.61,521.04,2388.09,8134.3,8.436,0.03,394,2388,100.0,38.67,23.2642,113
13,51,0.0011,-0.0003,100.0,518.67,641.96,1590.8,1405.96,14.62,21.61,553.51,2388.09,9052.06,1.3,47.6,521.78,2388.11,8129.46,8.413,0.03,393,2388,100.0,38.95,23.2755,112
13,52,0.0064,-0.0004,100.0,518.67,642.56,1594.44,1411.13,14.62,21.61,553.26,2388.1,9055.29,1.3,47.52,521.75,2388.12,8140.99,8.4222,0.03,393,2388,100.0,38.86,23.267,111
13,53,-0.0011,0.0004,100.0,518.67,642.62,1587.86,1405.82,14.62,21.61,553.02,2388.09,9059.33,1.3,47.4,522.18,2388.08,8138.09,8.4513,0.03,392,2388,100.0,39.02,23.3445,110
13,54,0.0023,-0.0001,100.0,518.67,642.37,1590.53,1410.93,14.62,21.61,553.4,2388.1,9060.14,1.3,47.45,520.99,2388.08,8140.0,8.404,0.03,392,2388,100.0,39.04,23.226,109
13,55,-0.0031,-0.0002,100.0,518.67,642.92,1594.46,1406.72,14.62,21.61,553.33,2388.05,9058.09,1.3,47.37,521.62,2388.08,8139.52,8.4436,0.03,392,2388,100.0,38.67,23.3543,108
13,56,0.0002,0.0005,100.0,518.67,642.21,1592.74,1404.01,14.62,21.61,553.15,2388.11,9062.98,1.3,47.5,521.87,2388.06,8141.38,8.4322,0.03,393,2388,100.0,38.94,23.3912,107
13,57,0.0008,0.0004,100.0,518.67,642.78,1594.82,1403.8,14.62,21.61,554.07,2388.04,9061.05,1.3,47.45,521.46,2388.12,8138.71,8.4077,0.03,394,2388,100.0,38.82,23.2318,106
13,58,0.0023,0.0004,100.0,518.67,642.37,1594.12,1413.32,14.62,21.61,553.05,2388.14,9049.98,1.3,47.45,521.47,2388.11,8135.93,8.4612,0.03,394,2388,100.0,38.87,23.3108,105
13,59,-0.0021,-0.0001,100.0,518.67,642.61,1584.02,1413.87,14.62,21.61,552.84,2388.1,9058.18,1.3,47.56,521.97,2388.14,8131.28,8.4369,0.03,394,2388,100.0,38.8,23.3658,104
13,60,0.0033,0.0004,100.0,518.67,642.51,1589.07,1404.27,14.62,21.61,553.74,2388.08,9063.64,1.3,47.42,521.64,2388.1,8144.2,8.4227,0.03,394,2388,100.0,38.69,23.3591,103
13,61,-0.0015,-0.0005,100.0,518.67,642.63,1585.86,1411.08,14.62,21.61,553.26,2388.12,9061.46,1.3,47.54,521.36,2388.14,8140.09,8.4149,0.03,393,2388,100.0,39.0,23.293,102
13,62,0.0034,-0.0003,100.0,518.67,642.23,1596.03,1406.18,14.62,21.61,553.4,2388.11,9057.73,1.3,47.61,521.47,2388.08,8137.1,8.4358,0.03,394,2388,100.0,38.9,23.2968,101
13,63,0.001,-0.0003,100.0,518.67,642.61,1582.69,1399.34,14.62,21.61,553.22,2388.09,9060.4,1.3,47.48,522.14,2388.06,8133.47,8.4244,0.03,392,2388,100.0,38.91,23.2965,100
13,64,0.0022,0.0002,100.0,518.67,642.8,1592.07,1402.07,14.62,21.61,553.46,2388.08,9053.94,1.3,47.53,521.86,2388.1,8136.91,8.4536,0.03,394,2388,100.0,38.78,23.2062,99
13,65,0.0019,0.0005,100.0,518.67,642.6,1594.17,1410.38,14.62,21.61,553.04,2388.12,9062.3,1.3,47.59,521.59,2388.12,8131.35,8.439,0.03,393,2388,100.0,38.99,23.1712,98
13,66,0.0034,-0.0002,100.0,518.67,642.68,1586.39,1403.29,14.62,21.61,553.59,2388.13,9057.5,1.3,47.58,521.86,2388.07,8142.94,8.4566,0.03,395,2388,100.0,38.83,23.2897,97
13,67,0.0008,-0.0004,100.0,518.67,642.85,1587.87,1411.71,14.62,21.61,553.67,2388.1,9052.26,1.3,47.62,521.59,2388.07,8138.04,8.477,0.03,390,2388,100.0,38.62,23.3134,96
13,68,0.0002,-0.0002,100.0,518.67,643.05,1593.84,1410.46,14.62,21.61,554.39,2388.1,9056.67,1.3,47.46,521.06,2388.09,8141.04,8.4091,0.03,393,2388,100.0,38.94,23.2666,95
13,69,0.0012,-0.0003,100.0,518.67,642.94,1590.66,1408.67,14.62,21.61,553.61,2388.09,9058.86,1.3,47.62,521.68,2388.09,8135.55,8.4165,0.03,393,2388,100.0,38.73,23.229,94
13,70,-0.0005,0.0002,100.0,518.67,642.22,1591.39,1406.78,14.62,21.61,553.3,2388.09,9056.85,1.3,47.62,521.14,2388.06,8136.82,8.4562,0.03,390,2388,100.0,38.78,23.2932,93
13,71,-0.0033,0.0002,100.0,518.67,642.73,1591.12,1414.31,14.62,21.61,554.25,2388.13,9062.22,1.3,47.51,521.21,2388.08,8140.42,8.4381,0.03,392,2388,100.0,38.76,23.2452,92
13,72,0.0041,-0.0004,100.0,518.67,642.54,1591.82,1409.41,14.62,21.61,553.82,2388.11,9060.47,1.3,47.61,521.39,2388.17,8135.27,8.4537,0.03,394,2388,100.0,38.93,23.3227,91
13,73,0.0002,0.0004,100.0,518.67,642.93,1589.96,1411.79,14.62,21.61,553.77,2388.09,9058.23,1.3,47.49,521.38,2388.05,8132.57,8.4445,0.03,395,2388,100.0,38.72,23.2954,90
13,74,-0.0,-0.0002,100.0,518.67,642.87,1586.46,1415.71,14.62,21.61,553.38,2388.06,9056.09,1.3,47.37,521.54,2388.12,8141.35,8.4046,0.03,392,2388,100.0,38.89,23.2266,89
13,75,0.0012,0.0002,100.0,518.67,642.72,1584.67,1410.41,14.62,21.61,553.18,2388.14,9064.07,1.3,47.58,521.23,2388.1,8139.15,8.4548,0.03,393,2388,100.0,38.82,23.2683,88
13,76,0.0013,-0.0003,100.0,518.67,642.76,1588.78,1409.33,14.62,21.61,553.19,2388.12,9057.88,1.3,47.65,521.72,2388.11,8139.66,8.477,0.03,394,2388,100.0,38.76,23.3218,87
13,77,0.0022,-0.0005,100.0,518.67,642.98,1592.44,1407.09,14.62,21.61,553.44,2388.12,9059.92,1.3,47.44,520.77,2388.03,8138.42,8.4119,0.03,394,2388,100.0,39.0,23.2637,86
13,78,0.0007,-0.0003,100.0,518.67,643.34,1588.31,1407.96,14.62,21.61,553.59,2388.1,9056.17,1.3,47.49,520.7,2388.08,8131.86,8.4692,0.03,393,2388,100.0,38.87,23.2975,85
13,79,-0.0002,-0.0004,100.0,518.67,642.88,1589.69,1406.53,14.62,21.61,553.71,2388.14,9067.65,1.3,47.56,521.63,2388.09,8143.04,8.4337,0.03,392,2388,100.0,38.96,23.2119,84
13,80,-0.0012,-0.0002,100.0,518.67,642.75,1590.85,1412.63,14.62,21.61,553.27,2388.05,9066.09,1.3,47.59,521.37,2388.13,8138.58,8.4287,0.03,394,2388,100.0,38.98,23.299,83
13,81,-0.0033,-0.0002,100.0,518.67,642.13,1588.28,1412.8,14.62,21.61,553.35,2388.11,9055.69,1.3,47.79,521.23,2388.11,8144.43,8.4056,0.03,393,2388,100.0,38.82,23.2447,82
13,82,-0.0022,-0.0003,100.0,518.67,642.9,1593.79,1402.78,14.62,21.61,553.04,2388.09,9060.44,1.3,47.52,521.21,2388.05,8146.24,8.4112,0.03,392,2388,100.0,38.76,23.175,81
13,83,0.0009,0.0002,100.0,518.67,642.47,1587.71,1406.15,14.62,21.61,553.21,2388.1,9062.17,1.3,47.66,521.02,2388.09,8143.73,8.4517,0.03,392,2388,100.0,38.77,23.3331,80
13,84,0.0013,-0.0001,100.0,518.67,642.74,1586.75,1407.51,14.62,21.61,553.4,2388.07,9062.51,1.3,47.37,521.42,2388.07,8137.21,8.4447,0.03,393,2388,100.0,38.61,23.2227,79
13,85,-0.006,0.0004,100.0,518.67,642.53,1588.86,1408.95,14.62,21.61,553.55,2388.14,9061.25,1.3,47.55,521.04,2388.1,8144.3,8.4292,0.03,394,2388,100.0,38.78,23.3566,78
13,86,-0.0011,-0.0004,100.0,518.67,642.95,1597.2,1411.47,14.62,21.61,553.6,2388.08,9057.25,1.3,47.31,521.94,2388.09,8136.97,8.3863,0.03,394,2388,100.0,38.94,23.3206,77
13,87,0.0007,0.0003,100.0,518.67,642.93,1590.9,1412.87,14.62,21.61,552.76,2388.14,9066.14,1.3,47.63,520.66,2388.11,8139.76,8.4561,0.03,393,2388,100.0,38.71,23.3149,76
13,88,-0.001,-0.0003,100.0,518.67,643.2,1584.99,1410.14,14.62,21.61,554.31,2388.07,9066.42,1.3,47.53,521.32,2388.09,8143.06,8.4165,0.03,394,2388,100.0,38.77,23.2396,75
13,89,0.0011,-0.0003,100.0,518.67,642.78,1582.6,1406.3,14.62,21.61,553.15,2388.09,9064.28,1.3,47.31,520.97,2388.12,8140.1,8.4431,0.03,394,2388,100.0,38.77,23.306,74
13,90,0.0011,0.0005,100.0,518.67,643.21,1590.21,1404.97,14.62,21.61,552.96,2388.1,9064.05,1.3,47.58,520.82,2388.07,8141.49,8.4168,0.03,393,2388,100.0,38.66,23.3462,73
13,91,-0.0026,0.0004,100.0,518.67,642.84,1584.29,1408.55,14.62,21.61,553.49,2388.12,9068.06,1.3,47.51,521.26,2388.08,8145.81,8.4242,0.03,394,2388,100.0,38.82,23.2589,72
13,92,0.0003,-0.0004,100.0,518.67,643.05,1598.85,1414.03,14.62,21.61,552.79,2388.08,9066.91,1.3,47.37,521.73,2388.04,8144.24,8.4679,0.03,394,2388,100.0,39.0,23.2359,71
13,93,-0.0013,0.0,100.0,518.67,642.79,1590.43,1418.25,14.62,21.61,553.16,2388.13,9067.12,1.3,47.54,521.63,2388.14,8145.51,8.4684,0.03,393,2388,100.0,38.87,23.29,70
13,94,-0.0008,0.0001,100.0,518.67,642.95,1587.61,1410.23,14.62,21.61,553.68,2388.05,9068.69,1.3,47.55,521.23,2388.12,8146.86,8.4461,0.03,393,2388,100.0,38.75,23.3104,69
13,95,-0.0002,-0.0004,100.0,518.67,642.58,1593.74,1416.13,14.62,21.61,552.6,2388.13,9074.47,1.3,47.77,521.46,2388.09,8149.73,8.4234,0.03,393,2388,100.0,38.73,23.2496,68
13,96,-0.0024,0.0005,100.0,518.67,642.51,1590.91,1410.02,14.62,21.61,552.94,2388.05,9064.09,1.3,47.57,521.87,2388.05,8145.81,8.4371,0.03,393,2388,100.0,38.64,23.2385,67
13,97,-0.0016,-0.0001,100.0,518.67,642.98,1588.13,1412.34,14.62,21.61,552.71,2388.13,9063.33,1.3,47.61,521.28,2388.03,8143.21,8.4172,0.03,393,2388,100.0,38.8,23.3132,66
13,98,-0.0015,0.0001,100.0,518.67,642.89,1584.86,1412.78,14.62,21.61,553.42,2388.12,9073.67,1.3,47.68,521.57,2388.08,8145.08,8.4596,0.03,395,2388,100.0,38.72,23.2199,65
13,99,0.0009,-0.0002,100.0,518.67,642.56,1593.29,1408.46,14.62,21.61,554.1,2388.09,9071.3,1.3,47.27,520.81,2388.03,8147.78,8.4369,0.03,394,2388,100.0,38.96,23.2136,64
13,100,0.0037,-0.0003,100.0,518.67,642.78,1593.39,1412.04,14.62,21.61,553.44,2388.12,9068.22,1.3,47.78,521.44,2388.06,8147.14,8.4227,0.03,394,2388,100.0,38.9,23.3333,63
13,101,0.0001,0.0002,100.0,518.67,642.98,1597.42,1414.86,14.62,21.61,553.73,2388.11,9062.6,1.3,47.75,520.85,2388.12,8148.34,8.4758,0.03,394,2388,100.0,38.73,23.2955,62
13,102,0.0008,-0.0001,100.0,518.67,642.65,1591.57,1417.22,14.62,21.61,553.56,2388.05,9066.89,1.3,47.48,521.41,2388.13,8144.01,8.4534,0.03,394,2388,100.0,38.87,23.3309,61
13,103,0.0013,-0.0001,100.0,518.67,643.52,1592.63,1412.81,14.62,21.61,553.34,2388.15,9067.29,1.3,47.69,521.18,2388.11,8145.31,8.4221,0.03,394,2388,100.0,38.66,23.3003,60
13,104,-0.0019,-0.0002,100.0,518.67,642.36,1583.37,1407.82,14.62,21.61,552.65,2388.13,9074.41,1.3,47.7,521.26,2388.12,8147.53,8.4414,0.03,392,2388,100.0,38.8,23.1497,59
13,105,-0.0013,-0.0002,100.0,518.67,642.59,1595.5,1409.09,14.62,21.61,552.72,2388.1,9079.35,1.3,47.57,521.32,2388.1,8148.39,8.4595,0.03,394,2388,100.0,38.75,23.2431,58
13,106,0.0058,-0.0002,100.0,518.67,643.32,1593.4,1413.69,14.62,21.61,552.83,2388.11,9069.01,1.3,47.73,521.06,2388.1,8146.34,8.4458,0.03,394,2388,100.0,38.59,23.2403,57
13,107,-0.0011,0.0005,100.0,518.67,642.95,1587.55,1413.53,14.62,21.61,552.95,2388.15,9077.44,1.3,47.55,520.97,2388.11,8151.73,8.4574,0.03,393,2388,100.0,38.84,23.2927,56
13,108,0.0004,0.0001,100.0,518.67,643.21,1589.74,1415.34,14.62,21.61,553.34,2388.14,9068.53,1.3,47.71,520.62,2388.1,8148.29,8.4501,0.03,393,2388,100.0,38.79,23.2752,55
13,109,0.0021,-0.0002,100.0,518.67,642.57,1593.72,1408.09,14.62,21.61,552.84,2388.05,9074.03,1.3,47.68,520.4,2388.14,8149.59,8.4502,0.03,394,2388,100.0,38.55,23.2462,54
13,110,-0.0001,-0.0004,100.0,518.67,643.13,1594.1,1410.86,14.62,21.61,553.41,2388.11,9078.58,1.3,47.53,520.8,2388.12,8152.88,8.4475,0.03,394,2388,100.0,38.68,23.2126,53
13,111,-0.0013,0.0005,100.0,518.67,643.28,1590.26,1414.54,14.62,21.61,553.37,2388.08,9075.37,1.3,47.75,521.57,2388.16,8149.36,8.4847,0.03,394,2388,100.0,38.75,23.3012,52
13,112,-0.0011,-0.0003,100.0,518.67,642.9,1590.16,1412.15,14.62,21.61,552.3,2388.1,9074.06,1.3,47.78,521.29,2388.07,8151.25,8.4958,0.03,394,2388,100.0,38.71,23.2348,51
13,113,-0.0003,-0.0001,100.0,518.67,642.92,1593.22,1414.53,14.62,21.61,553.3,2388.16,9074.19,1.3,47.6,521.02,2388.1,8153.63,8.4353,0.03,395,2388,100.0,38.81,23.2802,50
13,114,0.0008,0.0,100.0,518.67,642.88,1582.94,1408.0,14.62,21.61,553.08,2388.1,9077.55,1.3,47.61,520.83,2388.12,8152.51,8.4751,0.03,394,2388,100.0,38.54,23.1653,49
13,115,0.0012,-0.0001,100.0,518.67,642.78,1598.39,1418.32,14.62,21.61,552.89,2388.11,9080.4,1.3,47.64,520.95,2388.12,8149.36,8.4596,0.03,393,2388,100.0,38.72,23.3051,48
13,116,0.0011,0.0004,100.0,518.67,643.39,1589.76,1414.51,14.62,21.61,552.85,2388.14,9068.97,1.3,47.65,521.22,2388.15,8153.74,8.4555,0.03,395,2388,100.0,38.7,23.2549,47
13,117,-0.0005,-0.0003,100.0,518.67,643.12,1589.98,1416.63,14.62,21.61,552.69,2388.13,9084.03,1.3,47.77,521.21,2388.08,8158.16,8.4526,0.03,396,2388,100.0,38.79,23.1676,46
13,118,-0.0022,0.0002,100.0,518.67,642.19,1592.49,1411.57,14.62,21.61,552.77,2388.13,9077.67,1.3,47.59,521.23,2388.09,8156.7,8.4566,0.03,394,2388,100.0,38.65,23.2317,45
13,119,-0.0012,0.0002,100.0,518.67,643.25,1592.73,1409.92,14.62,21.61,552.74,2388.12,9078.64,1.3,47.88,521.08,2388.12,8149.97,8.4402,0.03,393,2388,100.0,38.74,23.2929,44
13,120,0.0027,0.0,100.0,518.67,642.4,1590.66,1415.4,14.62,21.61,552.91,2388.09,9080.9,1.3,47.58,520.9,2388.11,8161.46,8.4332,0.03,394,2388,100.0,38.83,23.1578,43
13,121,-0.0047,-0.0002,100.0,518.67,643.06,1594.49,1420.97,14.62,21.61,552.88,2388.06,9082.8,1.3,47.57,521.14,2388.1,8155.25,8.4502,0.03,394,2388,100.0,38.69,23.2251,42
13,122,-0.0019,0.0002,100.0,518.67,643.01,1596.44,1411.48,14.62,21.61,553.19,2388.07,9074.17,1.3,47.76,521.21,2388.13,8159.29,8.433,0.03,395,2388,100.0,38.73,23.2467,41
13,123,-0.0016,0.0005,100.0,518.67,643.12,1595.22,1414.96,14.62,21.61,552.75,2388.11,9082.71,1.3,47.57,520.87,2388.12,8162.23,8.5017,0.03,392,2388,100.0,38.65,23.1694,40
13,124,0.0014,-0.0,100.0,518.67,642.76,1595.96,1418.67,14.62,21.61,551.91,2388.13,9081.99,1.3,47.85,521.44,2388.07,8163.54,8.4446,0.03,395,2388,100.0,38.68,23.2281,39
13,125,0.0022,0.0003,100.0,518.67,643.03,1585.89,1408.57,14.62,21.61,552.9,2388.14,9082.0,1.3,47.71,520.78,2388.14,8156.63,8.4838,0.03,395,2388,100.0,38.79,23.2732,38
13,126,-0.0025,-0.0,100.0,518.67,643.67,1592.31,1414.3,14.62,21.61,552.84,2388.15,9082.44,1.3,47.7,520.95,2388.15,8162.62,8.4628,0.03,395,2388,100.0,38.69,23.3933,37
13,127,-0.0007,0.0003,100.0,518.67,642.71,1601.18,1412.94,14.62,21.61,552.71,2388.12,9082.4,1.3,47.64,520.77,2388.09,8158.72,8.4777,0.03,394,2388,100.0,38.84,23.2438,36
13,128,0.001,-0.0004,100.0,518.67,643.27,1597.19,1418.92,14.62,21.61,552.56,2388.15,9081.87,1.3,47.77,520.88,2388.15,8161.47,8.448,0.03,395,2388,100.0,38.87,23.2494,35
13,129,0.0021,0.0004,100.0,518.67,642.59,1595.24,1413.21,14.62,21.61,552.66,2388.08,9085.59,1.3,47.82,520.71,2388.1,8158.22,8.4563,0.03,393,2388,100.0,38.7,23.2775,34
13,130,0.0016,-0.0001,100.0,518.67,643.05,1587.82,1414.59,14.62,21.61,552.81,2388.04,9091.8,1.3,47.76,520.33,2388.09,8163.47,8.4322,0.03,396,2388,100.0,38.78,23.1092,33
13,131,-0.0013,0.0,100.0,518.67,643.07,1597.57,1418.82,14.62,21.61,552.14,2388.08,9090.13,1.3,47.82,521.22,2388.11,8164.86,8.4116,0.03,395,2388,100.0,38.67,23.1022,32
13,132,0.0033,-0.0003,100.0,518.67,642.95,1592.71,1419.52,14.62,21.61,552.51,2388.05,9094.23,1.3,47.85,520.9,2388.09,8165.49,8.4794,0.03,395,2388,100.0,38.67,23.1766,31
13,133,-0.0027,-0.0001,100.0,518.67,643.17,1595.73,1421.87,14.62,21.61,552.6,2388.16,9086.35,1.3,47.84,520.7,2388.1,8166.49,8.4554,0.03,393,2388,100.0,38.73,23.2046,30
13,134,0.0008,0.0001,100.0,518.67,643.69,1595.99,1418.5,14.62,21.61,552.91,2388.19,9098.66,1.3,47.77,521.07,2388.1,8166.1,8.4572,0.03,394,2388,100.0,38.61,23.2138,29
13,135,0.0001,-0.0001,100.0,518.67,642.98,1590.64,1417.78,14.62,21.61,552.19,2388.13,9099.87,1.3,47.76,520.8,2388.13,8165.13,8.5038,0.03,393,2388,100.0,38.6,23.1608,28
13,136,0.0003,0.0003,100.0,518.67,643.24,1599.02,1417.34,14.62,21.61,552.61,2388.12,9096.29,1.3,47.78,520.82,2388.14,8171.5,8.4764,0.03,395,2388,100.0,38.49,23.1211,27
13,137,-0.0015,0.0001,100.0,518.67,643.11,1592.77,1422.49,14.62,21.61,552.84,2388.08,9101.92,1.3,47.71,521.21,2388.14,8170.64,8.4447,0.03,394,2388,100.0,38.64,23.2517,26
13,138,0.0012,-0.0004,100.0,518.67,642.93,1593.15,1420.71,14.62,21.61,552.82,2388.2,9099.01,1.3,47.79,520.95,2388.14,8173.3,8.4903,0.03,394,2388,100.0,38.59,23.2389,25
13,139,0.0027,-0.0004,100.0,518.67,643.14,1598.42,1420.01,14.62,21.61,552.51,2388.15,9104.41,1.3,47.84,520.6,2388.13,8169.16,8.4811,0.03,393,2388,100.0,38.64,23.284,24
13,140,0.0015,0.0002,100.0,518.67,643.28,1598.29,1426.52,14.62,21.61,552.84,2388.09,9101.7,1.3,47.86,520.1,2388.16,8171.99,8.4892,0.03,394,2388,100.0,38.85,23.1497,23
13,141,0.0038,-0.0001,100.0,518.67,643.07,1594.69,1413.6,14.62,21.61,551.73,2388.13,9100.81,1.3,47.76,520.51,2388.13,8173.51,8.5033,0.03,393,2388,100.0,38.63,23.0761,22
13,142,0.0004,-0.0002,100.0,518.67,643.32,1595.55,1424.19,14.62,21.61,552.29,2388.11,9107.28,1.3,47.78,520.54,2388.1,8179.36,8.4915,0.03,395,2388,100.0,38.64,23.1678,21
13,143,0.0024,0.0003,100.0,518.67,642.84,1598.36,1422.59,14.62,21.61,552.88,2388.14,9112.81,1.3,47.9,521.08,2388.11,8178.82,8.5333,0.03,397,2388,100.0,38.47,23.2542,20
13,144,0.0027,0.0,100.0,518.67,642.88,1595.65,1423.84,14.62,21.61,551.76,2388.17,9107.19,1.3,47.67,520.56,2388.11,8183.99,8.5018,0.03,395,2388,100.0,38.51,23.1509,19
13,145,0.0005,0.0002,100.0,518.67,643.0,1594.56,1419.82,14.62,21.61,553.03,2388.17,9110.0,1.3,47.74,520.96,2388.09,8183.12,8.509,0.03,397,2388,100.0,38.71,23.1809,18
13,146,-0.0024,-0.0,100.0,518.67,643.71,1603.7,1424.19,14.62,21.61,552.33,2388.13,9112.74,1.3,47.9,520.52,2388.09,8180.12,8.4818,0.03,395,2388,100.0,38.64,23.1287,17
13,147,-0.0,0.0003,100.0,518.67,643.23,1599.5,1417.04,14.62,21.61,551.78,2388.16,9122.41,1.3,48.03,520.84,2388.13,8183.6,8.5129,0.03,394,2388,100.0,38.65,23.2254,16
13,148,-0.0012,-0.0003,100.0,518.67,643.21,1596.17,1423.23,14.62,21.61,552.01,2388.19,9119.85,1.3,47.91,520.24,2388.11,8181.45,8.4997,0.03,395,2388,100.0,38.55,23.1753,15
13,149,0.0012,-0.0001,100.0,518.67,643.46,1602.85,1421.16,14.62,21.61,552.1,2388.16,9124.86,1.3,48.03,520.18,2388.14,8185.03,8.5221,0.03,394,2388,100.0,38.64,23.0922,14
13,150,-0.0038,-0.0003,100.0,518.67,643.39,1600.67,1421.84,14.62,21.61,551.97,2388.12,9123.27,1.3,48.01,520.89,2388.16,8189.18,8.4655,0.03,394,2388,100.0,38.8,23.2275,13
13,151,0.002,-0.0002,100.0,518.67,643.6,1609.06,1428.92,14.62,21.61,551.98,2388.15,9126.03,1.3,47.76,520.04,2388.12,8195.98,8.4907,0.03,395,2388,100.0,38.73,23.1447,12
13,152,0.0002,0.0004,100.0,518.67,643.54,1597.82,1421.46,14.62,21.61,551.85,2388.14,9121.6,1.3,47.92,521.02,2388.13,8192.52,8.4987,0.03,396,2388,100.0,38.57,23.13,11
13,153,-0.0008,-0.0001,100.0,518.67,643.73,1598.38,1421.08,14.62,21.61,552.27,2388.14,9129.24,1.3,47.78,519.94,2388.17,8193.7,8.5,0.03,397,2388,100.0,38.31,23.1185,10
13,154,-0.0003,-0.0003,100.0,518.67,643.23,1602.57,1418.94,14.62,21.61,551.8,2388.16,9124.75,1.3,47.8,520.35,2388.15,8199.6,8.5346,0.03,396,2388,100.0,38.56,23.1418,9
13,155,0.0046,0.0002,100.0,518.67,643.08,1600.58,1426.46,14.62,21.61,551.96,2388.11,9134.47,1.3,48.05,520.44,2388.12,8205.35,8.4948,0.03,396,2388,100.0,38.53,23.0528,8
13,156,-0.0016,-0.0004,100.0,518.67,643.71,1599.54,1419.52,14.62,21.61,552.08,2388.17,9133.8,1.3,47.87,520.4,2388.16,8205.99,8.4988,0.03,395,2388,100.0,38.48,23.0585,7
13,157,0.0004,0.0,100.0,518.67,643.43,1604.86,1432.39,14.62,21.61,552.42,2388.16,9136.94,1.3,48.12,520.61,2388.14,8207.5,8.4845,0.03,397,2388,100.0,38.45,23.0453,6
13,158,-0.0024,0.0001,100.0,518.67,643.17,1610.57,1427.79,14.62,21.61,552.3,2388.17,9131.0,1.3,48.07,520.74,2388.17,8208.97,8.5075,0.03,396,2388,100.0,38.58,23.1415,5
13,159,-0.0008,-0.0004,100.0,518.67,643.53,1612.88,1418.86,14.62,21.61,551.15,2388.15,9146.79,1.3,48.11,520.5,2388.2,8212.93,8.554,0.03,396,2388,100.0,38.28,23.1357,4
13,160,0.0011,0.0,100.0,518.67,643.77,1597.42,1429.73,14.62,21.61,551.2,2388.17,9140.98,1.3,48.04,519.8,2388.13,8210.94,8.5109,0.03,397,2388,100.0,38.49,23.209,3
13,161,-0.003,-0.0001,100.0,518.67,643.5,1602.21,1432.17,14.62,21.61,551.85,2388.11,9144.17,1.3,48.34,520.26,2388.19,8210.25,8.5269,0.03,396,2388,100.0,38.43,23.0185,2
13,162,-0.0011,0.0003,100.0,518.67,643.87,1605.83,1431.55,14.62,21.61,551.48,2388.16,9149.29,1.3,48.28,520.08,2388.15,8218.44,8.5015,0.03,397,2388,100.0,38.35,23.1104,1
13,163,-0.0002,-0.0004,100.0,518.67,644.26,1610.89,1430.32,14.62,21.61,550.99,2388.15,9153.32,1.3,48.22,519.76,2388.16,8211.76,8.5477,0.03,397,2388,100.0,38.53,23.1291,0
14,1,0.0031,0.0005,100.0,518.67,642.88,1587.54,1403.23,14.62,21.61,552.82,2388.09,9058.57,1.3,47.46,521.6,2388.09,8137.36,8.4549,0.03,392,2388,100.0,38.8,23.2687,179
14,2,-0.0013,-0.0,100.0,518.67,642.88,1590.81,1411.67,14.62,21.61,553.85,2388.11,9055.07,1.3,47.43,521.44,2388.07,8141.56,8.4449,0.03,393,2388,100.0,38.91,23.3892,178
14,3,0.0012,0.0001,100.0,518.67,642.57,1589.04,1407.39,14.62,21.61,553.5,2388.1,9062.75,1.3,47.61,521.85,2388.04,8140.02,8.4161,0.03,393,2388,100.0,38.9,23.1882,177
14,4,-0.0004,0.0002,100.0,518.67,643.18,1593.24,1408.2,14.62,21.61,553.41,2388.1,9056.91,1.3,47.54,521.17,2388.12,8138.78,8.4396,0.03,393,2388,100.0,38.87,23.2598,176
14,5,-0.0001,-0.0001,100.0,518.67,642.38,1590.53,1407.83,14.62,21.61,553.57,2388.12,9057.83,1.3,47.54,521.05,2388.09,8142.3,8.4802,0.03,393,2388,100.0,39.06,23.3189,175
14,6,-0.0016,0.0003,100.0,518.67,642.42,1588.53,1406.54,14.62,21.61,553.79,2388.14,9059.66,1.3,47.27,521.66,2388.09,8147.72,8.4172,0.03,394,2388,100.0,38.91,23.3354,174
14,7,0.0021,0.0004,100.0,518.67,642.47,1591.83,1404.6,14.62,21.61,553.38,2388.12,9058.61,1.3,47.37,521.67,2388.1,8142.97,8.4311,0.03,394,2388,100.0,38.88,23.429,173
14,8,-0.0022,-0.0001,100.0,518.67,642.26,1595.78,1403.33,14.62,21.61,553.65,2388.14,9055.67,1.3,47.47,521.33,2388.13,8139.21,8.4473,0.03,394,2388,100.0,38.83,23.3932,172
14,9,-0.0003,0.0005,100.0,518.67,642.62,1586.54,1408.97,14.62,21.61,553.88,2388.07,9061.36,1.3,47.26,521.33,2388.07,8142.2,8.438,0.03,393,2388,100.0,38.63,23.2255,171
14,10,-0.0,-0.0003,100.0,518.67,642.64,1586.29,1413.81,14.62,21.61,554.64,2388.1,9061.74,1.3,47.17,521.87,2388.12,8138.49,8.4202,0.03,394,2388,100.0,38.94,23.3552,170
14,11,0.0008,-0.0005,100.0,518.67,642.64,1592.1,1402.62,14.62,21.61,553.63,2388.05,9064.29,1.3,47.44,521.72,2388.13,8140.28,8.4274,0.03,394,2388,100.0,38.82,23.2255,169
14,12,0.0038,0.0004,100.0,518.67,642.3,1592.85,1407.39,14.62,21.61,552.55,2388.13,9057.69,1.3,47.49,521.84,2388.07,8137.4,8.4021,0.03,395,2388,100.0,38.93,23.1847,168
14,13,0.003,-0.0004,100.0,518.67,642.75,1589.15,1409.72,14.62,21.61,553.58,2388.16,9059.01,1.3,47.8,521.63,2388.09,8141.51,8.4407,0.03,394,2388,100.0,38.78,23.3103,167
14,14,0.0025,-0.0005,100.0,518.67,642.4,1589.03,1406.46,14.62,21.61,553.2,2388.08,9058.77,1.3,47.43,521.59,2388.06,8140.28,8.4318,0.03,392,2388,100.0,38.82,23.2624,166
14,15,0.0008,0.0,100.0,518.67,642.84,1586.6,1407.27,14.62,21.61,553.38,2388.05,9059.64,1.3,47.63,521.63,2388.16,8134.56,8.4218,0.03,394,2388,100.0,38.95,23.3988,165
14,16,0.0021,-0.0003,100.0,518.67,642.43,1584.07,1405.92,14.62,21.61,553.53,2388.12,9052.41,1.3,47.54,521.72,2388.07,8138.77,8.4326,0.03,395,2388,100.0,38.94,23.3217,164
14,17,-0.0022,-0.0005,100.0,518.67,642.56,1593.7,1396.55,14.62,21.61,552.92,2388.11,9050.59,1.3,47.56,521.26,2388.1,8140.49,8.4495,0.03,394,2388,100.0,38.92,23.2859,163
14,18,-0.0021,0.0002,100.0,518.67,642.66,1587.51,1406.41,14.62,21.61,554.08,2388.1,9048.91,1.3,47.47,521.56,2388.08,8139.42,8.4212,0.03,392,2388,100.0,38.77,23.3168,162
14,19,0.0025,-0.0,100.0,518.67,642.54,1591.13,1406.7,14.62,21.61,553.96,2388.11,9060.99,1.3,47.62,521.3,2388.07,8140.25,8.4424,0.03,391,2388,100.0,38.93,23.2043,161
14,20,0.0001,-0.0002,100.0,518.67,642.65,1589.79,1407.12,14.62,21.61,553.24,2388.1,9060.2,1.3,47.45,521.44,2388.07,8133.81,8.394,0.03,393,2388,100.0,38.97,23.2942,160
14,21,-0.0014,-0.0003,100.0,518.67,642.31,1585.18,1417.39,14.62,21.61,554.54,2388.12,9055.23,1.3,47.55,521.97,2388.12,8132.92,8.4251,0.03,393,2388,100.0,39.01,23.419,159
14,22,0.0001,-0.0005,100.0,518.67,642.03,1589.16,1405.64,14.62,21.61,553.06,2388.11,9062.86,1.3,47.42,521.12,2388.12,8137.94,8.4183,0.03,394,2388,100.0,38.71,23.3975,158
14,23,-0.0002,0.0001,100.0,518.67,642.93,1595.08,1409.33,14.62,21.61,553.12,2388.1,9063.13,1.3,47.63,521.58,2388.08,8138.47,8.46,0.03,392,2388,100.0,38.77,23.2435,157
14,24,-0.0018,0.0003,100.0,518.67,642.63,1589.49,1412.8,14.62,21.61,553.67,2388.08,9064.67,1.3,47.5,521.67,2388.09,8138.32,8.4272,0.03,394,2388,100.0,38.92,23.2356,156
14,25,-0.0006,-0.0001,100.0,518.67,642.26,1588.91,1409.97,14.62,21.61,553.4,2388.06,9059.0,1.3,47.44,520.82,2388.06,8135.34,8.4329,0.03,394,2388,100.0,38.84,23.3075,155
14,26,0.0011,0.0004,100.0,518.67,642.74,1590.78,1407.04,14.62,21.61,554.08,2388.08,9056.2,1.3,47.47,521.76,2388.14,8138.29,8.4652,0.03,392,2388,100.0,38.83,23.2542,154
14,27,0.0003,0.0002,100.0,518.67,642.61,1583.36,1406.8,14.62,21.61,553.47,2388.11,9061.27,1.3,47.5,521.39,2388.16,8141.91,8.4409,0.03,392,2388,100.0,38.87,23.3583,153
14,28,0.0,-0.0001,100.0,518.67,643.21,1591.82,1409.04,14.62,21.61,554.03,2388.12,9057.41,1.3,47.44,521.86,2388.11,8146.12,8.4266,0.03,391,2388,100.0,38.71,23.3203,152
14,29,0.002,-0.0002,100.0,518.67,642.92,1583.32,1406.08,14.62,21.61,553.4,2388.09,9058.04,1.3,47.42,521.19,2388.17,8137.37,8.4098,0.03,394,2388,100.0,38.98,23.4181,151
14,30,0.0013,-0.0002,100.0,518.67,643.11,1589.3,1413.34,14.62,21.61,553.3,2388.09,9057.51,1.3,47.51,522.05,2388.09,8140.85,8.3914,0.03,393,2388,100.0,38.82,23.274,150
14,31,0.0011,-0.0003,100.0,518.67,642.83,1593.13,1391.4,14.62,21.61,553.38,2388.1,9061.02,1.3,47.58,521.67,2388.11,8141.75,8.4401,0.03,392,2388,100.0,39.09,23.3422,149
14,32,0.0043,-0.0003,100.0,518.67,642.35,1589.81,1409.75,14.62,21.61,552.85,2388.11,9062.39,1.3,47.55,521.89,2388.13,8139.32,8.4473,0.03,392,2388,100.0,38.79,23.4354,148
14,33,-0.0003,0.0001,100.0,518.67,642.49,1585.59,1413.07,14.62,21.61,554.05,2388.1,9059.82,1.3,47.39,521.73,2388.13,8141.55,8.4325,0.03,395,2388,100.0,38.81,23.2476,147
14,34,-0.0017,0.0002,100.0,518.67,642.62,1592.83,1407.9,14.62,21.61,553.71,2388.06,9061.47,1.3,47.59,521.7,2388.07,8137.26,8.4299,0.03,394,2388,100.0,38.87,23.3331,146
14,35,0.0015,-0.0002,100.0,518.67,642.9,1599.38,1408.93,14.62,21.61,553.72,2388.13,9061.49,1.3,47.45,521.37,2388.05,8135.89,8.4524,0.03,395,2388,100.0,38.82,23.3082,145
14,36,-0.0,0.0003,100.0,518.67,642.84,1592.8,1403.36,14.62,21.61,553.39,2388.08,9055.06,1.3,47.63,522.09,2388.12,8142.16,8.4708,0.03,393,2388,100.0,38.92,23.3096,144
14,37,0.0042,-0.0003,100.0,518.67,642.66,1588.87,1403.89,14.62,21.61,553.96,2388.05,9059.4,1.3,47.46,521.42,2388.09,8137.29,8.4503,0.03,394,2388,100.0,38.7,23.2441,143
14,38,-0.003,0.0001,100.0,518.67,642.61,1588.61,1408.78,14.62,21.61,553.41,2388.11,9048.76,1.3,47.69,521.56,2388.07,8143.57,8.4549,0.03,392,2388,100.0,38.55,23.4042,142
14,39,-0.0013,0.0,100.0,518.67,642.82,1590.87,1414.24,14.62,21.61,553.11,2388.05,9062.06,1.3,47.42,521.69,2388.02,8144.25,8.4383,0.03,393,2388,100.0,38.75,23.2768,141
14,40,0.0027,-0.0001,100.0,518.67,642.8,1588.46,1406.36,14.62,21.61,552.83,2388.12,9058.72,1.3,47.42,521.53,2388.1,8139.24,8.4502,0.03,394,2388,100.0,38.89,23.2606,140
14,41,0.0012,0.0004,100.0,518.67,642.73,1587.33,1407.09,14.62,21.61,553.72,2388.12,9061.33,1.3,47.68,521.87,2388.15,8136.29,8.4475,0.03,393,2388,100.0,38.59,23.2079,139
14,42,0.0016,0.0002,100.0,518.67,642.46,1593.53,1403.68,14.62,21.61,553.85,2388.06,9052.39,1.3,47.62,521.36,2388.13,8134.76,8.4695,0.03,394,2388,100.0,38.77,23.3076,138
14,43,-0.0007,-0.0003,100.0,518.67,642.68,1587.17,1405.54,14.62,21.61,553.36,2388.09,9055.04,1.3,47.69,521.55,2388.14,8139.23,8.4323,0.03,392,2388,100.0,38.58,23.2188,137
14,44,-0.002,0.0003,100.0,518.67,642.94,1589.81,1406.23,14.62,21.61,553.71,2388.1,9063.14,1.3,47.49,521.25,2388.11,8138.57,8.4431,0.03,392,2388,100.0,38.89,23.2996,136
14,45,0.001,0.0004,100.0,518.67,643.14,1587.64,1405.8,14.62,21.61,553.88,2388.09,9056.59,1.3,47.53,521.06,2388.14,8143.86,8.458,0.03,393,2388,100.0,38.95,23.2552,135
14,46,-0.0027,-0.0002,100.0,518.67,642.91,1589.98,1402.73,14.62,21.61,553.76,2388.12,9056.86,1.3,47.4,521.27,2388.09,8145.62,8.446,0.03,392,2388,100.0,38.96,23.4121,134
14,47,-0.0006,-0.0001,100.0,518.67,642.36,1587.09,1407.12,14.62,21.61,552.85,2388.14,9063.61,1.3,47.41,521.16,2388.11,8144.15,8.4292,0.03,392,2388,100.0,38.96,23.23,133
14,48,0.0025,-0.0003,100.0,518.67,643.12,1589.57,1407.11,14.62,21.61,553.79,2388.11,9052.97,1.3,47.56,521.49,2388.1,8137.87,8.4455,0.03,393,2388,100.0,38.65,23.2029,132
14,49,0.0017,0.0,100.0,518.67,642.84,1590.48,1411.61,14.62,21.61,552.88,2388.11,9068.98,1.3,47.62,521.42,2388.13,8145.41,8.4538,0.03,392,2388,100.0,38.84,23.2645,131
14,50,-0.003,0.0003,100.0,518.67,642.69,1583.55,1403.85,14.62,21.61,553.57,2388.1,9062.23,1.3,47.45,521.28,2388.11,8140.91,8.411,0.03,394,2388,100.0,38.82,23.3887,130
14,51,0.0003,0.0005,100.0,518.67,642.83,1600.11,1408.66,14.62,21.61,553.94,2388.1,9060.89,1.3,47.59,521.28,2388.13,8139.69,8.4386,0.03,392,2388,100.0,38.82,23.258,129
14,52,-0.0003,0.0003,100.0,518.67,642.87,1588.13,1406.8,14.62,21.61,553.53,2388.11,9057.31,1.3,47.54,521.72,2388.1,8141.28,8.4538,0.03,394,2388,100.0,38.84,23.3937,128
14,53,0.0003,-0.0004,100.0,518.67,643.15,1591.46,1405.97,14.62,21.61,553.82,2388.06,9055.35,1.3,47.52,521.09,2388.06,8139.93,8.4252,0.03,393,2388,100.0,38.91,23.308,127
14,54,-0.0042,0.0004,100.0,518.67,642.84,1586.02,1408.64,14.62,21.61,553.01,2388.08,9064.83,1.3,47.39,521.48,2388.14,8136.02,8.439,0.03,392,2388,100.0,38.94,23.2114,126
14,55,-0.0015,0.0004,100.0,518.67,642.56,1590.42,1409.07,14.62,21.61,554.04,2388.01,9061.52,1.3,47.34,521.35,2388.18,8138.45,8.4576,0.03,393,2388,100.0,38.99,23.3618,125
14,56,0.0026,0.0001,100.0,518.67,642.75,1584.69,1409.08,14.62,21.61,553.24,2388.09,9058.55,1.3,47.57,521.75,2388.12,8140.55,8.4351,0.03,394,2388,100.0,38.92,23.318,124
14,57,-0.0012,0.0003,100.0,518.67,643.07,1597.34,1408.79,14.62,21.61,553.11,2388.06,9063.76,1.3,47.48,521.14,2388.08,8147.05,8.4183,0.03,392,2388,100.0,38.79,23.3486,123
14,58,0.0019,-0.0004,100.0,518.67,643.24,1589.98,1407.02,14.62,21.61,554.06,2388.06,9063.89,1.3,47.48,521.3,2388.12,8142.15,8.4081,0.03,394,2388,100.0,38.92,23.308,122
14,59,0.002,0.0004,100.0,518.67,642.87,1594.25,1404.47,14.62,21.61,553.36,2388.15,9060.36,1.3,47.62,521.49,2388.08,8141.52,8.4507,0.03,393,2388,100.0,38.85,23.2976,121
14,60,0.0004,0.0004,100.0,518.67,642.76,1585.73,1403.56,14.62,21.61,553.53,2388.12,9059.95,1.3,47.68,520.7,2388.07,8141.94,8.4769,0.03,394,2388,100.0,38.84,23.3221,120
14,61,-0.0044,-0.0001,100.0,518.67,642.28,1587.19,1406.7,14.62,21.61,553.4,2388.11,9056.67,1.3,47.53,521.12,2388.2,8141.19,8.4389,0.03,393,2388,100.0,38.67,23.3028,119
14,62,0.0023,-0.0003,100.0,518.67,642.94,1597.78,1405.63,14.62,21.61,553.49,2388.12,9067.65,1.3,47.32,521.87,2388.08,8144.88,8.4568,0.03,392,2388,100.0,38.86,23.3838,118
14,63,-0.0029,-0.0003,100.0,518.67,642.71,1589.35,1402.13,14.62,21.61,553.44,2388.14,9062.8,1.3,47.49,521.08,2388.07,8140.0,8.464,0.03,395,2388,100.0,38.6,23.2772,117
14,64,0.0032,0.0001,100.0,518.67,642.99,1595.03,1406.31,14.62,21.61,553.43,2388.07,9063.82,1.3,47.47,521.43,2388.12,8143.79,8.4325,0.03,393,2388,100.0,38.82,23.2672,116
14,65,0.0015,-0.0,100.0,518.67,643.05,1591.85,1406.3,14.62,21.61,553.89,2388.13,9057.52,1.3,47.4,520.98,2388.13,8145.58,8.4552,0.03,393,2388,100.0,38.97,23.2124,115
14,66,0.0011,-0.0003,100.0,518.67,642.48,1585.86,1409.77,14.62,21.61,553.35,2388.11,9066.97,1.3,47.52,521.52,2388.06,8142.61,8.4729,0.03,393,2388,100.0,38.77,23.3841,114
14,67,-0.0025,0.0003,100.0,518.67,642.63,1585.68,1407.51,14.62,21.61,553.59,2388.05,9063.26,1.3,47.48,521.32,2388.11,8147.31,8.4081,0.03,394,2388,100.0,38.76,23.27,113
14,68,0.0029,0.0002,100.0,518.67,642.73,1583.88,1405.71,14.62,21.61,553.67,2388.08,9063.39,1.3,47.44,521.54,2388.06,8139.0,8.4352,0.03,392,2388,100.0,38.93,23.2654,112
14,69,-0.0008,-0.0001,100.0,518.67,642.87,1584.61,1404.91,14.62,21.61,553.2,2388.04,9062.2,1.3,47.46,521.31,2388.1,8142.5,8.4405,0.03,394,2388,100.0,38.89,23.3317,111
14,70,-0.0016,0.0003,100.0,518.67,642.07,1587.44,1410.48,14.62,21.61,553.16,2388.12,9065.01,1.3,47.58,521.29,2388.08,8142.73,8.463,0.03,394,2388,100.0,38.76,23.2976,110
14,71,-0.0,-0.0002,100.0,518.67,642.73,1591.61,1403.71,14.62,21.61,553.17,2388.1,9059.87,1.3,47.61,521.22,2388.11,8137.17,8.4583,0.03,394,2388,100.0,38.87,23.2015,109
14,72,-0.0035,-0.0004,100.0,518.67,643.33,1589.96,1409.45,14.62,21.61,553.08,2388.05,9055.1,1.3,47.6,521.01,2388.12,8143.38,8.4656,0.03,393,2388,100.0,38.86,23.338,108
14,73,0.002,0.0001,100.0,518.67,642.66,1593.84,1409.65,14.62,21.61,553.96,2388.11,9065.97,1.3,47.65,521.46,2388.09,8140.44,8.455,0.03,393,2388,100.0,38.73,23.2649,107
14,74,0.0028,-0.0002,100.0,518.67,642.46,1593.13,1413.14,14.62,21.61,553.66,2388.07,9059.73,1.3,47.55,521.28,2388.09,8145.88,8.4107,0.03,392,2388,100.0,38.77,23.3763,106
14,75,0.0044,0.0002,100.0,518.67,642.64,1586.57,1407.3,14.62,21.61,553.0,2388.06,9061.47,1.3,47.63,521.44,2388.08,8141.62,8.417,0.03,394,2388,100.0,38.9,23.2479,105
14,76,0.0027,-0.0003,100.0,518.67,642.98,1589.21,1411.22,14.62,21.61,553.74,2388.13,9057.64,1.3,47.54,521.5,2388.12,8143.27,8.4397,0.03,393,2388,100.0,38.64,23.2067,104
14,77,0.0022,0.0001,100.0,518.67,643.2,1594.12,1420.7,14.62,21.61,552.78,2388.1,9065.1,1.3,47.64,521.17,2388.08,8141.18,8.4554,0.03,394,2388,100.0,38.87,23.293,103
14,78,0.0019,-0.0003,100.0,518.67,642.94,1595.38,1408.23,14.62,21.61,553.05,2388.04,9062.53,1.3,47.57,521.44,2388.07,8143.69,8.4433,0.03,393,2388,100.0,38.92,23.2501,102
14,79,0.0007,-0.0001,100.0,518.67,643.05,1591.64,1407.2,14.62,21.61,553.51,2388.08,9056.22,1.3,47.64,521.18,2388.12,8141.19,8.4381,0.03,394,2388,100.0,38.83,23.2541,101
14,80,-0.0019,0.0,100.0,518.67,642.4,1590.48,1407.36,14.62,21.61,552.65,2388.1,9061.05,1.3,47.45,520.98,2388.11,8146.05,8.44,0.03,392,2388,100.0,38.71,23.37,100
14,81,0.0029,-0.0001,100.0,518.67,643.22,1590.64,1411.53,14.62,21.61,553.72,2388.12,9060.51,1.3,47.46,521.87,2388.1,8134.7,8.4098,0.03,393,2388,100.0,38.81,23.1852,99
14,82,0.0023,0.0004,100.0,518.67,642.63,1592.95,1409.27,14.62,21.61,553.36,2388.07,9059.21,1.3,47.4,521.66,2388.14,8138.28,8.4454,0.03,394,2388,100.0,39.06,23.2643,98
14,83,-0.0012,0.0001,100.0,518.67,642.64,1589.08,1408.38,14.62,21.61,553.14,2388.11,9052.99,1.3,47.69,521.26,2388.15,8140.42,8.4553,0.03,393,2388,100.0,38.7,23.2848,97
14,84,0.0035,-0.0,100.0,518.67,642.63,1588.05,1405.96,14.62,21.61,553.4,2388.11,9062.15,1.3,47.65,521.29,2388.08,8138.25,8.4488,0.03,394,2388,100.0,38.68,23.3226,96
14,85,0.0036,0.0002,100.0,518.67,643.0,1588.63,1411.16,14.62,21.61,553.04,2388.12,9063.73,1.3,47.57,521.35,2388.08,8141.49,8.4388,0.03,394,2388,100.0,38.79,23.2547,95
14,86,-0.002,-0.0002,100.0,518.67,642.98,1594.45,1412.86,14.62,21.61,553.18,2388.08,9060.92,1.3,47.34,521.71,2388.11,8146.14,8.4595,0.03,394,2388,100.0,38.82,23.3604,94
14,87,-0.001,0.0003,100.0,518.67,642.7,1589.13,1419.83,14.62,21.61,552.99,2388.11,9069.06,1.3,47.57,520.74,2388.09,8146.68,8.4568,0.03,394,2388,100.0,38.74,23.3045,93
14,88,0.0031,-0.0001,100.0,518.67,642.7,1595.19,1411.76,14.62,21.61,553.9,2388.14,9063.52,1.3,47.61,521.59,2388.01,8147.67,8.4243,0.03,393,2388,100.0,38.64,23.2514,92
14,89,-0.0006,-0.0003,100.0,518.67,642.56,1592.14,1407.39,14.62,21.61,552.69,2388.08,9066.27,1.3,47.58,522.11,2388.13,8142.94,8.4386,0.03,393,2388,100.0,38.79,23.2488,91
14,90,-0.0015,-0.0004,100.0,518.67,642.11,1591.59,1415.12,14.62,21.61,552.87,2388.1,9065.83,1.3,47.68,521.22,2388.1,8149.95,8.4453,0.03,392,2388,100.0,38.8,23.2449,90
14,91,0.0021,-0.0001,100.0,518.67,642.6,1606.1,1402.66,14.62,21.61,552.99,2388.11,9065.66,1.3,47.6,521.49,2388.12,8141.55,8.4608,0.03,393,2388,100.0,38.66,23.3804,89
14,92,-0.004,-0.0005,100.0,518.67,642.74,1589.94,1415.0,14.62,21.61,553.36,2388.14,9068.24,1.3,47.71,521.47,2388.14,8147.89,8.4589,0.03,393,2388,100.0,38.7,23.3013,88
14,93,-0.0028,-0.0003,100.0,518.67,642.78,1597.28,1409.82,14.62,21.61,552.86,2388.16,9069.58,1.3,47.54,520.9,2388.08,8147.97,8.4468,0.03,393,2388,100.0,38.79,23.2173,87
14,94,-0.0006,-0.0005,100.0,518.67,642.98,1590.11,1411.14,14.62,21.61,553.38,2388.14,9069.13,1.3,47.65,521.67,2388.12,8146.12,8.4615,0.03,393,2388,100.0,38.81,23.2616,86
14,95,0.0033,0.0004,100.0,518.67,643.02,1590.55,1412.44,14.62,21.61,553.71,2388.12,9065.77,1.3,47.58,521.02,2388.09,8152.27,8.4636,0.03,393,2388,100.0,38.79,23.2899,85
14,96,-0.0006,-0.0002,100.0,518.67,642.25,1580.94,1410.33,14.62,21.61,553.31,2388.1,9076.1,1.3,47.55,521.57,2388.14,8140.89,8.4663,0.03,393,2388,100.0,38.87,23.2168,84
14,97,0.002,0.0001,100.0,518.67,642.86,1590.18,1407.95,14.62,21.61,553.01,2388.12,9057.89,1.3,47.73,521.04,2388.09,8142.71,8.4689,0.03,393,2388,100.0,38.8,23.3433,83
14,98,0.0006,-0.0002,100.0,518.67,642.28,1597.08,1413.11,14.62,21.61,552.89,2388.16,9064.84,1.3,47.81,521.27,2388.06,8144.42,8.4391,0.03,393,2388,100.0,38.82,23.2877,82
14,99,-0.0001,0.0004,100.0,518.67,642.7,1589.19,1414.6,14.62,21.61,552.51,2388.14,9069.88,1.3,47.7,520.92,2388.11,8142.45,8.4195,0.03,392,2388,100.0,38.85,23.3029,81
14,100,0.0035,-0.0,100.0,518.67,643.16,1590.31,1412.56,14.62,21.61,553.35,2388.09,9072.27,1.3,47.62,521.65,2388.08,8145.82,8.4595,0.03,394,2388,100.0,38.75,23.2522,80
14,101,0.007,-0.0003,100.0,518.67,642.55,1596.69,1412.2,14.62,21.61,552.76,2388.09,9065.9,1.3,47.56,521.42,2388.08,8145.62,8.4754,0.03,394,2388,100.0,38.72,23.23,79
14,102,0.0022,-0.0003,100.0,518.67,642.83,1602.17,1413.68,14.62,21.61,553.08,2388.13,9068.42,1.3,47.65,521.27,2388.06,8152.37,8.4486,0.03,393,2388,100.0,38.86,23.1118,78
14,103,-0.0002,-0.0002,100.0,518.67,643.22,1591.38,1403.08,14.62,21.61,553.09,2388.09,9074.49,1.3,47.58,521.32,2388.09,8147.71,8.4654,0.03,392,2388,100.0,38.83,23.2863,77
14,104,-0.0036,-0.0002,100.0,518.67,643.21,1591.02,1409.33,14.62,21.61,553.39,2388.13,9063.82,1.3,47.61,520.46,2388.12,8141.89,8.4712,0.03,393,2388,100.0,38.77,23.242,76
14,105,0.0027,0.0003,100.0,518.67,643.06,1587.49,1408.82,14.62,21.61,553.11,2388.12,9067.6,1.3,47.65,521.04,2388.07,8148.4,8.4498,0.03,394,2388,100.0,38.8,23.1996,75
14,106,0.001,-0.0,100.0,518.67,642.99,1597.13,1413.43,14.62,21.61,552.55,2388.11,9070.6,1.3,47.63,521.29,2388.09,8147.8,8.4921,0.03,394,2388,100.0,38.82,23.2096,74
14,107,0.0043,-0.0002,100.0,518.67,643.38,1590.2,1413.06,14.62,21.61,553.09,2388.06,9070.59,1.3,47.72,521.17,2388.07,8145.54,8.4718,0.03,394,2388,100.0,38.87,23.1695,73
14,108,-0.0018,0.0002,100.0,518.67,642.29,1594.81,1418.26,14.62,21.61,552.5,2388.15,9072.92,1.3,47.65,521.42,2388.12,8147.25,8.4474,0.03,394,2388,100.0,38.67,23.2686,72
14,109,0.0011,0.0002,100.0,518.67,643.3,1591.68,1413.12,14.62,21.61,553.7,2388.13,9071.61,1.3,47.57,520.99,2388.1,8145.09,8.431,0.03,395,2388,100.0,38.75,23.3163,71
14,110,0.0025,0.0001,100.0,518.67,642.43,1593.31,1414.21,14.62,21.61,552.76,2388.12,9066.4,1.3,47.72,521.63,2388.13,8152.5,8.4546,0.03,394,2388,100.0,38.92,23.2305,70
14,111,0.003,0.0,100.0,518.67,642.82,1590.37,1412.63,14.62,21.61,552.54,2388.1,9081.67,1.3,47.58,521.09,2388.12,8146.77,8.4251,0.03,394,2388,100.0,38.69,23.3255,69
14,112,-0.0008,0.0005,100.0,518.67,643.26,1593.52,1408.24,14.62,21.61,552.85,2388.13,9071.7,1.3,47.89,520.99,2388.13,8154.24,8.444,0.03,393,2388,100.0,38.64,23.2058,68
14,113,-0.0006,0.0001,100.0,518.67,642.84,1591.69,1416.74,14.62,21.61,553.03,2388.11,9071.5,1.3,47.56,520.87,2388.09,8149.88,8.451,0.03,394,2388,100.0,38.74,23.1623,67
14,114,0.0019,0.0002,100.0,518.67,643.11,1594.82,1413.37,14.62,21.61,553.0,2388.14,9070.47,1.3,47.7,521.47,2388.07,8148.71,8.4517,0.03,392,2388,100.0,38.78,23.1934,66
14,115,-0.0027,-0.0004,100.0,518.67,642.82,1595.68,1408.83,14.62,21.61,552.75,2388.11,9066.49,1.3,47.65,521.16,2388.16,8148.99,8.4173,0.03,394,2388,100.0,38.72,23.1378,65
14,116,-0.0014,-0.0002,100.0,518.67,642.93,1594.53,1415.84,14.62,21.61,552.61,2388.09,9069.88,1.3,47.7,521.35,2388.15,8148.38,8.4891,0.03,395,2388,100.0,38.83,23.2401,64
14,117,0.0012,0.0003,100.0,518.67,642.65,1590.58,1407.56,14.62,21.61,552.6,2388.12,9066.0,1.3,47.74,521.24,2388.15,8142.19,8.4461,0.03,395,2388,100.0,38.77,23.2398,63
14,118,-0.0013,0.0001,100.0,518.67,642.38,1603.21,1412.3,14.62,21.61,553.36,2388.08,9077.34,1.3,47.61,520.89,2388.08,8149.56,8.4363,0.03,393,2388,100.0,38.83,23.2416,62
14,119,0.0013,-0.0003,100.0,518.67,642.9,1590.38,1415.3,14.62,21.61,553.1,2388.13,9067.98,1.3,47.64,521.05,2388.11,8152.03,8.4646,0.03,395,2388,100.0,38.57,23.1923,61
14,120,-0.0011,0.0001,100.0,518.67,642.89,1594.24,1417.63,14.62,21.61,552.48,2388.1,9078.07,1.3,47.8,521.06,2388.1,8148.57,8.465,0.03,393,2388,100.0,38.71,23.1918,60
14,121,0.0014,0.0,100.0,518.67,642.61,1595.8,1418.98,14.62,21.61,553.17,2388.1,9067.92,1.3,47.81,520.73,2388.16,8154.27,8.4714,0.03,395,2388,100.0,38.78,23.169,59
14,122,-0.0005,0.0001,100.0,518.67,642.82,1591.56,1420.11,14.62,21.61,552.23,2388.14,9076.23,1.3,47.82,521.18,2388.11,8144.87,8.469,0.03,394,2388,100.0,38.64,23.1663,58
14,123,0.0007,0.0001,100.0,518.67,642.88,1592.77,1424.36,14.62,21.61,553.53,2388.11,9072.9,1.3,47.76,521.16,2388.12,8151.04,8.4536,0.03,392,2388,100.0,38.65,23.371,57
14,124,-0.0001,-0.0001,100.0,518.67,643.51,1590.83,1409.88,14.62,21.61,552.75,2388.12,9067.98,1.3,47.71,521.01,2388.17,8151.92,8.4531,0.03,393,2388,100.0,38.72,23.3281,56
14,125,0.0007,0.0001,100.0,518.67,643.34,1593.59,1410.52,14.62,21.61,552.81,2388.16,9080.55,1.3,47.73,521.05,2388.16,8156.29,8.4516,0.03,394,2388,100.0,38.86,23.212,55
14,126,0.004,0.0001,100.0,518.67,643.05,1600.1,1419.71,14.62,21.61,553.49,2388.15,9067.68,1.3,47.48,520.94,2388.14,8149.43,8.4605,0.03,395,2388,100.0,38.54,23.213,54
14,127,-0.0002,-0.0004,100.0,518.67,642.99,1601.22,1412.92,14.62,21.61,552.5,2388.12,9069.03,1.3,47.6,521.01,2388.14,8151.12,8.4846,0.03,393,2388,100.0,38.81,23.2299,53
14,128,-0.0045,-0.0001,100.0,518.67,642.6,1594.12,1418.95,14.62,21.61,552.84,2388.13,9078.73,1.3,47.75,520.99,2388.11,8157.97,8.4751,0.03,393,2388,100.0,38.62,23.0891,52
14,129,-0.001,-0.0004,100.0,518.67,643.47,1591.73,1413.84,14.62,21.61,553.12,2388.13,9079.48,1.3,47.52,521.42,2388.09,8152.14,8.4644,0.03,394,2388,100.0,38.83,23.2301,51
14,130,0.0022,0.0,100.0,518.67,643.15,1600.91,1409.68,14.62,21.61,552.84,2388.15,9076.05,1.3,47.6,520.45,2388.15,8151.09,8.4677,0.03,394,2388,100.0,38.74,23.1728,50
14,131,0.0007,0.0003,100.0,518.67,642.62,1592.02,1411.42,14.62,21.61,552.46,2388.16,9079.0,1.3,47.82,520.82,2388.12,8149.74,8.4622,0.03,393,2388,100.0,38.73,23.1857,49
14,132,0.004,0.0002,100.0,518.67,643.04,1597.59,1416.13,14.62,21.61,553.28,2388.14,9075.78,1.3,47.78,520.73,2388.1,8151.26,8.4778,0.03,395,2388,100.0,38.57,23.1648,48
14,133,-0.0021,0.0001,100.0,518.67,643.11,1588.88,1414.47,14.62,21.61,553.05,2388.16,9079.49,1.3,47.71,520.65,2388.09,8152.21,8.4806,0.03,395,2388,100.0,38.87,23.2308,47
14,134,0.0008,-0.0002,100.0,518.67,642.62,1595.28,1419.82,14.62,21.61,552.35,2388.14,9086.44,1.3,47.7,520.5,2388.1,8152.21,8.4672,0.03,394,2388,100.0,38.69,23.1382,46
14,135,0.0008,0.0003,100.0,518.67,642.9,1596.5,1420.67,14.62,21.61,552.25,2388.16,9083.74,1.3,47.75,521.4,2388.12,8152.9,8.4685,0.03,396,2388,100.0,38.65,23.2326,45
14,136,0.0028,0.0001,100.0,518.67,642.9,1596.7,1417.65,14.62,21.61,553.2,2388.12,9083.16,1.3,47.86,520.38,2388.1,8156.99,8.4709,0.03,394,2388,100.0,38.73,23.2425,44
14,137,-0.0037,0.0005,100.0,518.67,643.14,1592.94,1418.4,14.62,21.61,552.45,2388.14,9071.6,1.3,47.86,520.45,2388.12,8152.69,8.4983,0.03,395,2388,100.0,38.64,23.2578,43
14,138,-0.0021,-0.0,100.0,518.67,642.71,1597.39,1413.75,14.62,21.61,552.8,2388.12,9075.27,1.3,47.79,521.51,2388.14,8159.25,8.4703,0.03,395,2388,100.0,38.56,23.2453,42
14,139,0.0005,-0.0002,100.0,518.67,642.49,1597.56,1416.19,14.62,21.61,552.89,2388.13,9093.16,1.3,47.66,520.94,2388.11,8158.57,8.5034,0.03,394,2388,100.0,38.77,23.2039,41
14,140,-0.0008,-0.0002,100.0,518.67,643.0,1594.04,1418.96,14.62,21.61,552.37,2388.09,9082.4,1.3,47.73,520.74,2388.13,8161.15,8.4521,0.03,395,2388,100.0,38.6,23.236,40
14,141,0.002,0.0004,100.0,518.67,642.73,1591.56,1416.07,14.62,21.61,552.86,2388.15,9085.1,1.3,47.83,521.64,2388.12,8153.24,8.4564,0.03,394,2388,100.0,38.7,23.2822,39
14,142,0.0038,0.0,100.0,518.67,643.17,1596.65,1419.46,14.62,21.61,552.6,2388.09,9087.35,1.3,47.8,521.05,2388.12,8162.57,8.4881,0.03,396,2388,100.0,38.61,23.1289,38
14,143,-0.0043,0.0003,100.0,518.67,643.83,1602.38,1424.5,14.62,21.61,551.87,2388.14,9075.25,1.3,47.89,521.23,2388.16,8161.56,8.471,0.03,394,2388,100.0,38.63,23.1855,37
14,144,-0.0006,0.0005,100.0,518.67,642.94,1598.1,1418.51,14.62,21.61,553.11,2388.13,9085.91,1.3,47.72,520.98,2388.13,8155.93,8.4984,0.03,394,2388,100.0,38.81,23.275,36
14,145,-0.0,0.0003,100.0,518.67,642.95,1595.13,1417.8,14.62,21.61,552.84,2388.19,9087.49,1.3,47.76,520.53,2388.1,8160.02,8.4734,0.03,395,2388,100.0,38.79,23.2519,35
14,146,0.0014,-0.0,100.0,518.67,643.29,1600.49,1412.14,14.62,21.61,552.5,2388.15,9087.66,1.3,47.88,521.28,2388.17,8156.49,8.4806,0.03,395,2388,100.0,38.69,23.1929,34
14,147,0.0015,-0.0003,100.0,518.67,642.48,1595.06,1418.83,14.62,21.61,551.87,2388.15,9092.69,1.3,47.83,521.22,2388.11,8160.39,8.4962,0.03,395,2388,100.0,38.69,23.1172,33
14,148,0.005,0.0005,100.0,518.67,642.7,1602.88,1416.34,14.62,21.61,552.46,2388.15,9089.6,1.3,47.83,520.67,2388.11,8161.07,8.4826,0.03,394,2388,100.0,38.78,23.1352,32
14,149,0.0017,-0.0003,100.0,518.67,642.75,1596.64,1415.99,14.62,21.61,552.56,2388.15,9087.63,1.3,47.76,520.74,2388.16,8161.68,8.4905,0.03,395,2388,100.0,38.58,23.1669,31
14,150,0.0023,0.0,100.0,518.67,642.93,1599.37,1425.59,14.62,21.61,552.29,2388.15,9091.2,1.3,47.87,520.45,2388.13,8159.81,8.4634,0.03,395,2388,100.0,38.73,23.2591,30
14,151,0.0011,-0.0005,100.0,518.67,642.76,1597.42,1415.01,14.62,21.61,551.72,2388.13,9090.85,1.3,47.85,520.51,2388.13,8164.18,8.465,0.03,397,2388,100.0,38.66,23.1887,29
14,152,0.0001,0.0001,100.0,518.67,643.21,1597.04,1425.5,14.62,21.61,551.75,2388.13,9094.7,1.3,47.88,520.07,2388.13,8166.11,8.4977,0.03,391,2388,100.0,38.51,23.0942,28
14,153,-0.0012,-0.0001,100.0,518.67,643.44,1597.84,1422.09,14.62,21.61,552.66,2388.15,9090.64,1.3,47.86,520.29,2388.13,8165.24,8.4838,0.03,395,2388,100.0,38.49,23.2527,27
14,154,0.0006,-0.0004,100.0,518.67,643.65,1593.88,1421.06,14.62,21.61,552.49,2388.15,9099.71,1.3,47.87,520.18,2388.14,8166.68,8.4842,0.03,396,2388,100.0,38.62,23.1276,26
14,155,-0.0028,0.0003,100.0,518.67,643.41,1599.68,1427.29,14.62,21.61,551.92,2388.22,9098.53,1.3,47.94,520.11,2388.17,8166.87,8.5095,0.03,395,2388,100.0,38.58,23.2144,25
14,156,0.0034,0.0,100.0,518.67,643.08,1597.24,1430.86,14.62,21.61,551.93,2388.14,9100.89,1.3,47.86,520.56,2388.17,8169.07,8.4856,0.03,394,2388,100.0,38.57,23.1665,24
14,157,0.0009,-0.0002,100.0,518.67,642.88,1600.49,1424.63,14.62,21.61,552.07,2388.13,9101.43,1.3,47.95,520.66,2388.14,8174.4,8.4878,0.03,394,2388,100.0,38.61,23.0881,23
14,158,0.0026,-0.0003,100.0,518.67,643.04,1592.95,1410.81,14.62,21.61,552.78,2388.11,9091.34,1.3,47.9,520.61,2388.12,8168.16,8.4561,0.03,395,2388,100.0,38.53,23.2146,22
14,159,-0.0004,-0.0001,100.0,518.67,642.66,1598.57,1415.71,14.62,21.61,552.32,2388.17,9100.99,1.3,48.03,520.74,2388.19,8169.88,8.5229,0.03,396,2388,100.0,38.71,23.0629,21
14,160,-0.0005,-0.0003,100.0,518.67,643.08,1601.66,1424.61,14.62,21.61,551.74,2388.16,9100.09,1.3,47.82,520.53,2388.16,8170.82,8.476,0.03,397,2388,100.0,38.75,23.0957,20
14,161,0.0027,0.0004,100.0,518.67,643.24,1599.97,1419.35,14.62,21.61,552.14,2388.13,9101.2,1.3,47.97,520.55,2388.16,8173.02,8.4682,0.03,395,2388,100.0,38.51,23.032,19
14,162,0.0028,0.0003,100.0,518.67,643.06,1602.62,1422.23,14.62,21.61,551.89,2388.12,9104.09,1.3,48.14,519.97,2388.14,8174.02,8.4898,0.03,394,2388,100.0,38.67,23.2032,18
14,163,-0.0012,0.0001,100.0,518.67,643.08,1592.53,1419.39,14.62,21.61,551.91,2388.17,9110.19,1.3,47.99,520.6,2388.13,8179.09,8.4926,0.03,396,2388,100.0,38.66,23.1457,17
14,164,0.0022,0.0002,100.0,518.67,642.88,1603.43,1428.09,14.62,21.61,552.11,2388.12,9100.02,1.3,47.94,520.11,2388.16,8175.22,8.4684,0.03,395,2388,100.0,38.4,23.1089,16
14,165,-0.0008,-0.0003,100.0,518.67,643.2,1601.09,1426.66,14.62,21.61,551.9,2388.12,9100.47,1.3,47.96,520.57,2388.15,8177.27,8.5097,0.03,394,2388,100.0,38.6,23.1437,15
14,166,-0.0006,0.0002,100.0,518.67,643.24,1600.42,1420.87,14.62,21.61,552.07,2388.23,9106.99,1.3,47.92,519.94,2388.17,8180.49,8.4781,0.03,396,2388,100.0,38.58,23.1287,14
14,167,0.0026,-0.0,100.0,518.67,643.57,1605.27,1425.5,14.62,21.61,552.38,2388.23,9114.94,1.3,47.91,520.18,2388.17,8183.2,8.5039,0.03,396,2388,100.0,38.56,23.0397,13
14,168,-0.0003,0.0001,100.0,518.67,643.79,1600.93,1428.22,14.62,21.61,552.31,2388.11,9109.47,1.3,47.93,520.04,2388.18,8178.71,8.5399,0.03,396,2388,100.0,38.52,23.2179,12
14,169,-0.0002,0.0003,100.0,518.67,643.14,1602.39,1425.41,14.62,21.61,552.43,2388.19,9116.69,1.3,47.96,520.11,2388.16,8177.63,8.4984,0.03,396,2388,100.0,38.49,23.0382,11
14,170,-0.0009,-0.0003,100.0,518.67,643.1,1608.89,1428.7,14.62,21.61,552.23,2388.17,9107.25,1.3,48.1,520.67,2388.13,8179.13,8.4978,0.03,397,2388,100.0,38.51,23.1406,10
14,171,-0.003,-0.0004,100.0,518.67,643.45,1608.22,1424.48,14.62,21.61,552.76,2388.11,9112.37,1.3,48.18,519.76,2388.17,8184.23,8.5326,0.03,395,2388,100.0,38.31,23.1044,9
14,172,0.0059,0.0002,100.0,518.67,643.84,1605.57,1420.19,14.62,21.61,552.05,2388.16,9124.41,1.3,48.12,520.38,2388.2,8182.77,8.4673,0.03,396,2388,100.0,38.48,23.0938,8
14,173,0.004,0.0003,100.0,518.67,644.09,1603.45,1423.9,14.62,21.61,551.64,2388.18,9123.75,1.3,48.05,520.2,2388.19,8193.66,8.5031,0.03,396,2388,100.0,38.61,23.0647,7
14,174,0.0008,0.0001,100.0,518.67,643.85,1605.95,1425.54,14.62,21.61,551.92,2388.17,9122.4,1.3,48.15,519.81,2388.08,8190.52,8.5081,0.03,396,2388,100.0,38.64,23.0226,6
14,175,0.0023,0.0001,100.0,518.67,643.5,1604.22,1425.67,14.62,21.61,551.64,2388.16,9120.62,1.3,48.19,520.37,2388.21,8186.78,8.5324,0.03,396,2388,100.0,38.47,23.0489,5
14,176,-0.002,-0.0002,100.0,518.67,643.49,1599.4,1427.06,14.62,21.61,551.48,2388.18,9125.2,1.3,48.08,520.14,2388.2,8191.75,8.5309,0.03,396,2388,100.0,38.46,23.1078,4
14,177,0.0005,-0.0005,100.0,518.67,644.17,1599.2,1424.67,14.62,21.61,551.93,2388.21,9128.96,1.3,48.04,519.92,2388.18,8193.49,8.5166,0.03,397,2388,100.0,38.46,23.0187,3
14,178,0.0001,-0.0001,100.0,518.67,643.31,1603.1,1432.46,14.62,21.61,551.16,2388.24,9132.68,1.3,48.26,519.98,2388.2,8194.69,8.4919,0.03,397,2388,100.0,38.44,23.0785,2
14,179,-0.0008,0.0003,100.0,518.67,643.7,1609.93,1425.93,14.62,21.61,551.96,2388.24,9132.35,1.3,48.3,519.89,2388.18,8189.64,8.5305,0.03,396,2388,100.0,38.34,23.0647,1
14,180,0.0011,-0.0002,100.0,518.67,643.49,1597.94,1427.6,14.62,21.61,551.29,2388.18,9129.74,1.3,48.32,520.56,2388.23,8196.18,8.5237,0.03,397,2388,100.0,38.36,22.9824,0
15,1,-0.0018,-0.0004,100.0,518.67,642.0,1576.75,1394.77,14.62,21.61,554.97,2388.02,9055.94,1.3,46.98,522.88,2388.0,8142.23,8.4102,0.03,391,2388,100.0,38.87,23.3903,206
15,2,0.0004,0.0004,100.0,518.67,642.14,1588.84,1394.27,14.62,21.61,554.18,2387.98,9066.05,1.3,47.08,522.82,2388.05,8142.66,8.4101,0.03,392,2388,100.0,39.12,23.4014,205
15,3,-0.002,-0.0001,100.0,518.67,642.05,1581.96,1395.53,14.62,21.61,554.55,2388.01,9053.7,1.3,47.18,522.62,2387.99,8140.42,8.3922,0.03,391,2388,100.0,38.89,23.4291,204
15,4,-0.0015,-0.0001,100.0,518.67,641.97,1587.35,1393.24,14.62,21.61,554.75,2387.96,9053.73,1.3,46.92,522.67,2388.0,8140.5,8.4142,0.03,392,2388,100.0,39.12,23.4905,203
15,5,0.0014,-0.0003,100.0,518.67,642.33,1584.7,1392.44,14.62,21.6,554.72,2388.07,9056.97,1.3,47.34,523.02,2388.0,8142.05,8.3915,0.03,390,2388,100.0,39.09,23.4482,202
15,6,-0.0006,-0.0003,100.0,518.67,641.81,1586.84,1395.7,14.62,21.61,554.47,2387.97,9061.09,1.3,47.15,522.62,2387.98,8141.56,8.3864,0.03,391,2388,100.0,39.14,23.5058,201
15,7,0.0027,-0.0005,100.0,518.67,642.41,1582.35,1393.78,14.62,21.61,553.71,2388.02,9060.13,1.3,47.3,522.29,2387.94,8144.41,8.3942,0.03,392,2388,100.0,39.26,23.4558,200
15,8,0.0003,-0.0,100.0,518.67,642.41,1582.04,1395.75,14.62,21.61,554.93,2387.97,9058.95,1.3,47.35,522.26,2387.97,8144.91,8.3968,0.03,391,2388,100.0,38.96,23.3113,199
15,9,0.0022,-0.0005,100.0,518.67,642.0,1580.24,1397.41,14.62,21.6,554.99,2388.09,9055.75,1.3,47.01,522.14,2387.99,8136.59,8.3748,0.03,392,2388,100.0,39.16,23.486,198
15,10,-0.0006,-0.0002,100.0,518.67,642.26,1584.19,1396.7,14.62,21.61,554.77,2387.94,9061.57,1.3,47.11,522.44,2388.03,8144.92,8.4223,0.03,391,2388,100.0,38.9,23.371,197
15,11,-0.0023,-0.0002,100.0,518.67,641.9,1585.36,1390.35,14.62,21.61,554.74,2388.0,9055.34,1.3,47.11,522.54,2388.01,8141.67,8.3967,0.03,390,2388,100.0,39.19,23.4066,196
15,12,-0.0016,-0.0005,100.0,518.67,642.11,1582.54,1402.78,14.62,21.6,555.21,2388.01,9049.29,1.3,47.1,522.38,2387.95,8139.11,8.3678,0.03,392,2388,100.0,39.1,23.3218,195
15,13,0.0015,-0.0003,100.0,518.67,642.21,1581.36,1395.44,14.62,21.6,555.21,2388.03,9056.72,1.3,47.23,522.53,2388.01,8142.24,8.4029,0.03,392,2388,100.0,39.01,23.4324,194
15,14,0.0015,-0.0002,100.0,518.67,641.66,1581.98,1400.45,14.62,21.61,554.01,2387.96,9058.73,1.3,47.22,522.08,2388.04,8140.28,8.3826,0.03,391,2388,100.0,39.03,23.5056,193
15,15,-0.002,-0.0001,100.0,518.67,642.01,1585.44,1401.33,14.62,21.61,554.81,2387.98,9057.64,1.3,47.06,522.39,2387.99,8135.05,8.3603,0.03,392,2388,100.0,38.86,23.3726,192
15,16,0.0011,0.0004,100.0,518.67,641.71,1579.91,1406.45,14.62,21.61,554.47,2387.95,9056.07,1.3,47.16,522.54,2388.04,8137.87,8.3792,0.03,391,2388,100.0,39.01,23.5067,191
15,17,0.0009,0.0001,100.0,518.67,641.81,1581.88,1392.92,14.62,21.61,555.16,2387.97,9057.4,1.3,47.12,522.21,2388.03,8144.71,8.3948,0.03,390,2388,100.0,39.01,23.4125,190
15,18,-0.0042,0.0005,100.0,518.67,641.86,1579.26,1390.03,14.62,21.61,554.27,2387.98,9060.55,1.3,47.14,522.77,2387.98,8137.89,8.3908,0.03,392,2388,100.0,39.11,23.4096,189
15,19,-0.0029,0.0,100.0,518.67,642.2,1590.89,1391.23,14.62,21.61,555.09,2387.96,9054.19,1.3,47.2,521.77,2387.98,8139.13,8.3592,0.03,392,2388,100.0,38.94,23.4053,188
15,20,-0.0027,0.0003,100.0,518.67,641.73,1583.08,1392.71,14.62,21.61,554.48,2388.0,9063.05,1.3,47.17,522.94,2388.02,8143.76,8.4075,0.03,391,2388,100.0,39.02,23.4697,187
15,21,0.0002,0.0003,100.0,518.67,642.51,1576.58,1395.29,14.62,21.6,554.48,2387.98,9056.38,1.3,47.14,522.62,2388.01,8144.26,8.3991,0.03,392,2388,100.0,39.0,23.4136,186
15,22,-0.0012,0.0001,100.0,518.67,641.84,1578.51,1396.75,14.62,21.61,554.36,2388.0,9063.28,1.3,47.2,522.28,2388.0,8139.67,8.4158,0.03,391,2388,100.0,39.0,23.3403,185
15,23,-0.0007,0.0004,100.0,518.67,641.96,1577.75,1395.0,14.62,21.61,554.54,2388.03,9058.67,1.3,47.19,522.05,2388.01,8143.08,8.3967,0.03,392,2388,100.0,39.0,23.4621,184
15,24,0.0016,0.0002,100.0,518.67,642.45,1589.29,1397.04,14.62,21.6,555.26,2387.97,9045.91,1.3,47.11,522.87,2388.0,8142.61,8.3978,0.03,392,2388,100.0,39.03,23.4335,183
15,25,-0.0006,-0.0002,100.0,518.67,642.4,1587.75,1398.65,14.62,21.61,555.19,2388.03,9056.4,1.3,47.17,522.68,2388.04,8138.16,8.4046,0.03,391,2388,100.0,39.13,23.4505,182
15,26,0.0015,-0.0,100.0,518.67,642.17,1582.05,1397.76,14.62,21.61,554.7,2388.01,9058.25,1.3,46.99,522.62,2387.99,8142.24,8.3955,0.03,392,2388,100.0,39.12,23.3932,181
15,27,-0.0011,-0.0001,100.0,518.67,642.07,1588.41,1406.57,14.62,21.61,554.82,2388.07,9052.26,1.3,47.19,522.23,2388.01,8139.01,8.417,0.03,390,2388,100.0,38.99,23.3395,180
15,28,-0.0028,0.0,100.0,518.67,641.91,1589.8,1392.82,14.62,21.61,555.27,2388.02,9059.8,1.3,47.13,523.05,2387.99,8141.19,8.3697,0.03,391,2388,100.0,39.11,23.4034,179
15,29,0.0052,0.0003,100.0,518.67,641.79,1582.38,1389.69,14.62,21.61,554.7,2387.98,9054.31,1.3,47.29,522.58,2387.99,8142.6,8.3781,0.03,392,2388,100.0,38.86,23.3724,178
15,30,-0.0004,-0.0003,100.0,518.67,642.24,1574.15,1396.49,14.62,21.61,555.14,2388.0,9054.65,1.3,47.06,523.06,2388.03,8143.79,8.3799,0.03,392,2388,100.0,39.27,23.3407,177
15,31,0.0004,-0.0004,100.0,518.67,641.99,1580.38,1402.78,14.62,21.61,554.33,2388.02,9061.92,1.3,47.37,522.74,2388.04,8139.69,8.406,0.03,392,2388,100.0,39.03,23.4515,176
15,32,0.0006,0.0,100.0,518.67,642.14,1584.56,1396.39,14.62,21.61,553.74,2388.01,9059.11,1.3,47.29,522.27,2388.03,8142.29,8.3852,0.03,391,2388,100.0,39.0,23.4328,175
15,33,-0.0003,-0.0,100.0,518.67,642.11,1584.96,1397.69,14.62,21.61,553.97,2388.03,9063.17,1.3,47.16,522.4,2388.04,8143.83,8.3959,0.03,393,2388,100.0,39.09,23.4391,174
15,34,0.0013,-0.0002,100.0,518.67,641.85,1590.39,1392.99,14.62,21.6,554.58,2388.01,9065.45,1.3,47.25,522.48,2387.98,8143.72,8.3996,0.03,392,2388,100.0,38.94,23.3261,173
15,35,-0.0011,0.0001,100.0,518.67,642.41,1583.28,1402.65,14.62,21.61,554.62,2388.0,9061.89,1.3,47.11,522.24,2388.02,8142.36,8.3939,0.03,392,2388,100.0,39.09,23.4322,172
15,36,0.0039,-0.0001,100.0,518.67,642.56,1591.33,1396.09,14.62,21.61,554.41,2388.0,9047.42,1.3,47.05,522.92,2387.98,8141.95,8.3603,0.03,391,2388,100.0,38.97,23.454,171
15,37,0.0018,0.0,100.0,518.67,641.95,1589.69,1394.87,14.62,21.61,555.23,2388.06,9057.95,1.3,47.27,522.26,2388.05,8145.38,8.3612,0.03,392,2388,100.0,38.92,23.4714,170
15,38,0.0055,-0.0,100.0,518.67,641.98,1580.82,1397.0,14.62,21.61,555.54,2387.96,9062.02,1.3,47.09,522.98,2388.03,8145.89,8.3884,0.03,392,2388,100.0,39.22,23.4945,169
15,39,0.0006,0.0003,100.0,518.67,642.01,1587.69,1393.64,14.62,21.61,554.4,2388.02,9060.02,1.3,47.16,522.43,2387.96,8139.23,8.4369,0.03,391,2388,100.0,38.98,23.3673,168
15,40,0.0004,-0.0002,100.0,518.67,642.5,1584.58,1398.07,14.62,21.61,554.13,2387.97,9058.56,1.3,47.13,522.12,2387.98,8143.52,8.4109,0.03,391,2388,100.0,39.07,23.369,167
15,41,-0.0017,0.0002,100.0,518.67,641.96,1583.84,1393.26,14.62,21.61,554.32,2387.99,9056.63,1.3,47.23,522.11,2387.96,8138.11,8.4012,0.03,392,2388,100.0,39.0,23.4862,166
15,42,0.0022,-0.0002,100.0,518.67,642.57,1584.18,1393.0,14.62,21.61,554.81,2388.0,9058.1,1.3,47.01,522.99,2388.01,8137.45,8.3769,0.03,391,2388,100.0,38.98,23.3555,165
15,43,-0.0041,-0.0001,100.0,518.67,642.51,1585.4,1395.43,14.62,21.61,554.85,2388.08,9056.86,1.3,47.23,522.39,2387.96,8148.38,8.4141,0.03,392,2388,100.0,39.1,23.445,164
15,44,-0.003,0.0003,100.0,518.67,642.18,1581.48,1393.57,14.62,21.61,555.01,2387.99,9055.16,1.3,47.04,521.99,2388.04,8139.83,8.4089,0.03,392,2388,100.0,39.08,23.4563,163
15,45,-0.0002,0.0,100.0,518.67,642.26,1580.47,1395.59,14.62,21.61,554.99,2388.01,9057.82,1.3,47.03,521.96,2387.99,8141.59,8.4198,0.03,391,2388,100.0,38.95,23.3652,162
15,46,0.0002,0.0002,100.0,518.67,642.15,1580.58,1407.34,14.62,21.61,554.3,2388.01,9051.12,1.3,47.0,521.84,2388.01,8138.59,8.4182,0.03,391,2388,100.0,39.16,23.4855,161
15,47,-0.0007,0.0004,100.0,518.67,641.74,1593.18,1396.56,14.62,21.61,553.37,2388.01,9059.45,1.3,47.48,522.16,2388.01,8140.59,8.3926,0.03,390,2388,100.0,39.06,23.3375,160
15,48,0.0013,-0.0003,100.0,518.67,642.23,1581.61,1395.42,14.62,21.6,554.36,2387.98,9054.29,1.3,47.17,522.12,2387.99,8143.5,8.4052,0.03,391,2388,100.0,39.09,23.4105,159
15,49,0.0007,-0.0005,100.0,518.67,641.74,1584.85,1395.15,14.62,21.61,555.46,2388.0,9062.59,1.3,47.34,521.98,2388.02,8140.04,8.4285,0.03,392,2388,100.0,38.87,23.4577,158
15,50,-0.0021,-0.0002,100.0,518.67,642.26,1583.47,1403.78,14.62,21.61,554.72,2388.0,9059.06,1.3,47.22,522.39,2388.02,8141.22,8.3897,0.03,393,2388,100.0,39.07,23.4351,157
15,51,0.0015,-0.0,100.0,518.67,641.74,1584.66,1397.29,14.62,21.6,554.48,2388.03,9061.45,1.3,47.36,522.27,2388.03,8141.67,8.3835,0.03,392,2388,100.0,38.93,23.4525,156
15,52,-0.0003,0.0004,100.0,518.67,642.26,1587.69,1399.54,14.62,21.61,554.23,2388.02,9065.86,1.3,47.14,522.1,2388.04,8141.93,8.394,0.03,392,2388,100.0,39.23,23.3558,155
15,53,0.0047,-0.0004,100.0,518.67,641.76,1584.18,1394.35,14.62,21.61,554.78,2388.01,9055.39,1.3,47.14,522.27,2388.03,8140.37,8.3804,0.03,392,2388,100.0,39.08,23.4221,154
15,54,-0.0,0.0004,100.0,518.67,642.05,1581.83,1398.56,14.62,21.61,554.9,2388.01,9058.2,1.3,47.24,522.54,2388.03,8134.15,8.4064,0.03,392,2388,100.0,39.11,23.4045,153
15,55,0.0015,0.0005,100.0,518.67,642.57,1582.97,1393.88,14.62,21.61,555.23,2388.04,9056.47,1.3,47.29,521.62,2388.04,8141.8,8.4138,0.03,392,2388,100.0,38.95,23.392,152
15,56,0.0025,-0.0001,100.0,518.67,642.66,1584.24,1399.54,14.62,21.61,554.9,2387.99,9057.96,1.3,47.08,522.39,2387.99,8141.4,8.3877,0.03,393,2388,100.0,39.07,23.5732,151
15,57,-0.001,-0.0002,100.0,518.67,642.11,1587.81,1393.48,14.62,21.61,554.95,2388.01,9061.19,1.3,47.23,522.17,2387.99,8142.56,8.3816,0.03,392,2388,100.0,39.08,23.4629,150
15,58,-0.0005,-0.0003,100.0,518.67,641.89,1584.11,1397.73,14.62,21.61,554.5,2388.02,9058.0,1.3,47.23,522.44,2387.98,8141.95,8.3711,0.03,392,2388,100.0,38.99,23.4157,149
15,59,0.0037,-0.0003,100.0,518.67,641.81,1577.52,1399.53,14.62,21.61,554.44,2388.02,9060.41,1.3,47.43,522.59,2388.04,8146.59,8.3715,0.03,392,2388,100.0,38.67,23.4619,148
15,60,0.0038,0.0004,100.0,518.67,642.0,1578.56,1400.34,14.62,21.61,554.39,2388.02,9061.22,1.3,47.21,521.89,2388.02,8138.92,8.3925,0.03,391,2388,100.0,38.92,23.3673,147
15,61,-0.0024,0.0003,100.0,518.67,642.29,1588.69,1389.96,14.62,21.61,554.75,2388.01,9062.09,1.3,47.23,522.65,2388.04,8142.5,8.4208,0.03,392,2388,100.0,39.14,23.3634,146
15,62,0.0007,0.0001,100.0,518.67,642.21,1578.29,1398.03,14.62,21.61,554.54,2388.02,9057.61,1.3,47.09,522.46,2388.01,8140.56,8.4105,0.03,391,2388,100.0,39.01,23.3912,145
15,63,0.0008,0.0003,100.0,518.67,642.53,1581.64,1399.61,14.62,21.61,554.07,2388.0,9054.87,1.3,47.27,521.83,2388.06,8138.37,8.4021,0.03,392,2388,100.0,38.96,23.4058,144
15,64,-0.0012,-0.0002,100.0,518.67,642.4,1584.95,1402.52,14.62,21.61,554.62,2388.02,9061.88,1.3,47.11,522.47,2388.07,8138.59,8.419,0.03,392,2388,100.0,38.87,23.4125,143
15,65,-0.0037,0.0003,100.0,518.67,642.44,1591.69,1397.08,14.62,21.61,554.48,2388.04,9057.69,1.3,47.37,522.11,2387.98,8141.57,8.3409,0.03,391,2388,100.0,38.95,23.3545,142
15,66,-0.0013,-0.0002,100.0,518.67,643.13,1586.26,1398.34,14.62,21.61,554.67,2388.01,9064.83,1.3,47.18,522.36,2387.99,8142.54,8.4068,0.03,391,2388,100.0,38.93,23.4124,141
15,67,-0.0054,0.0003,100.0,518.67,642.86,1582.86,1399.6,14.62,21.61,554.45,2388.02,9056.82,1.3,47.25,522.43,2388.07,8133.78,8.4007,0.03,393,2388,100.0,38.95,23.4194,140
15,68,-0.0011,-0.0,100.0,518.67,642.01,1591.15,1399.59,14.62,21.61,554.29,2388.0,9058.44,1.3,47.23,521.51,2388.04,8136.67,8.4166,0.03,391,2388,100.0,38.97,23.5508,139
15,69,-0.0033,0.0004,100.0,518.67,642.63,1584.83,1389.68,14.62,21.61,554.68,2388.01,9061.91,1.3,47.18,522.91,2388.04,8143.55,8.3951,0.03,392,2388,100.0,39.1,23.357,138
15,70,0.0009,0.0,100.0,518.67,642.18,1590.23,1398.83,14.62,21.61,555.08,2388.03,9051.66,1.3,47.29,522.29,2388.04,8135.81,8.4326,0.03,392,2388,100.0,39.05,23.4105,137
15,71,-0.0005,-0.0002,100.0,518.67,642.6,1586.84,1396.53,14.62,21.61,554.75,2388.04,9055.77,1.3,47.37,522.84,2388.04,8141.56,8.3923,0.03,392,2388,100.0,38.83,23.3468,136
15,72,0.0039,-0.0002,100.0,518.67,642.24,1583.64,1403.24,14.62,21.61,555.1,2388.03,9056.8,1.3,47.26,522.32,2387.99,8136.04,8.419,0.03,391,2388,100.0,39.03,23.377,135
15,73,-0.0041,-0.0001,100.0,518.67,641.75,1586.52,1404.62,14.62,21.61,554.55,2388.0,9056.72,1.3,47.14,522.59,2388.02,8141.63,8.3891,0.03,393,2388,100.0,39.1,23.4947,134
15,74,-0.0014,0.0001,100.0,518.67,642.33,1587.38,1403.28,14.62,21.61,553.86,2387.98,9054.13,1.3,47.17,522.83,2388.01,8140.56,8.3914,0.03,392,2388,100.0,38.9,23.3666,133
15,75,0.0006,-0.0002,100.0,518.67,641.85,1585.44,1390.22,14.62,21.61,554.45,2388.07,9061.94,1.3,47.26,522.41,2388.06,8141.8,8.4125,0.03,392,2388,100.0,39.08,23.5043,132
15,76,0.0011,-0.0,100.0,518.67,642.21,1595.24,1397.85,14.62,21.61,554.71,2387.99,9061.51,1.3,47.3,522.07,2388.01,8145.33,8.378,0.03,392,2388,100.0,39.0,23.3428,131
15,77,-0.0019,0.0002,100.0,518.67,642.36,1584.32,1393.14,14.62,21.61,554.33,2388.03,9059.02,1.3,47.45,521.96,2388.0,8141.5,8.4374,0.03,393,2388,100.0,38.96,23.2786,130
15,78,0.0036,0.0005,100.0,518.67,642.51,1586.82,1399.83,14.62,21.61,554.15,2387.97,9059.75,1.3,46.99,522.31,2387.96,8137.68,8.3634,0.03,391,2388,100.0,39.03,23.4495,129
15,79,0.0025,0.0003,100.0,518.67,641.82,1587.74,1396.19,14.62,21.61,554.26,2388.06,9055.67,1.3,47.35,521.75,2387.99,8144.14,8.4457,0.03,393,2388,100.0,38.93,23.3939,128
15,80,-0.0012,-0.0003,100.0,518.67,641.95,1590.36,1399.08,14.62,21.61,554.77,2387.98,9064.74,1.3,47.37,522.02,2388.01,8139.11,8.3893,0.03,390,2388,100.0,39.03,23.4507,127
15,81,0.0037,0.0005,100.0,518.67,642.24,1583.1,1393.56,14.62,21.61,554.13,2388.07,9066.89,1.3,47.14,522.06,2387.99,8139.72,8.3818,0.03,392,2388,100.0,39.08,23.3683,126
15,82,-0.0005,0.0004,100.0,518.67,641.96,1583.45,1403.43,14.62,21.61,554.33,2388.06,9058.22,1.3,47.23,522.48,2387.99,8147.86,8.3999,0.03,391,2388,100.0,38.86,23.4031,125
15,83,0.0006,-0.0001,100.0,518.67,642.28,1583.51,1397.4,14.62,21.61,554.55,2387.99,9057.93,1.3,47.19,521.82,2388.01,8134.87,8.413,0.03,393,2388,100.0,38.89,23.2544,124
15,84,-0.0003,-0.0005,100.0,518.67,642.17,1585.11,1396.87,14.62,21.61,554.38,2388.01,9054.89,1.3,47.36,522.62,2388.0,8143.13,8.3981,0.03,391,2388,100.0,38.86,23.3906,123
15,85,-0.0001,-0.0002,100.0,518.67,642.12,1578.89,1394.12,14.62,21.61,554.02,2388.01,9053.48,1.3,47.26,522.16,2388.01,8142.01,8.4396,0.03,391,2388,100.0,39.17,23.4975,122
15,86,-0.0005,-0.0002,100.0,518.67,641.94,1581.75,1406.17,14.62,21.6,554.1,2388.0,9066.57,1.3,47.33,522.45,2388.03,8144.94,8.3758,0.03,392,2388,100.0,39.17,23.3478,121
15,87,-0.0021,-0.0002,100.0,518.67,641.92,1589.06,1399.81,14.62,21.61,553.91,2388.01,9062.61,1.3,47.27,522.2,2388.03,8138.95,8.395,0.03,392,2388,100.0,39.09,23.349,120
15,88,-0.001,-0.0004,100.0,518.67,642.06,1587.41,1401.08,14.62,21.61,554.05,2388.03,9059.2,1.3,47.15,522.61,2388.02,8139.31,8.4119,0.03,392,2388,100.0,39.05,23.4703,119
15,89,-0.0007,0.0004,100.0,518.67,642.02,1585.47,1402.98,14.62,21.61,554.73,2388.03,9058.62,1.3,47.15,521.86,2388.04,8140.08,8.4252,0.03,392,2388,100.0,39.0,23.4427,118
15,90,0.0011,-0.0002,100.0,518.67,642.35,1592.35,1402.51,14.62,21.61,553.83,2388.03,9063.47,1.3,47.43,522.01,2388.0,8137.31,8.3963,0.03,390,2388,100.0,39.04,23.4098,117
15,91,0.0011,0.0001,100.0,518.67,642.46,1581.34,1405.34,14.62,21.61,554.14,2388.09,9057.17,1.3,47.31,522.65,2388.02,8142.24,8.4111,0.03,393,2388,100.0,38.96,23.2973,116
15,92,0.0012,0.0001,100.0,518.67,641.62,1588.91,1406.95,14.62,21.61,553.74,2388.04,9058.78,1.3,47.22,521.72,2388.03,8142.63,8.4418,0.03,393,2388,100.0,38.97,23.3102,115
15,93,-0.0021,0.0003,100.0,518.67,641.89,1583.71,1398.49,14.62,21.61,553.67,2388.04,9058.26,1.3,47.33,521.9,2388.0,8144.65,8.3862,0.03,393,2388,100.0,39.07,23.4829,114
15,94,0.0003,0.0005,100.0,518.67,642.33,1585.91,1402.22,14.62,21.61,554.23,2388.01,9060.76,1.3,47.37,522.53,2387.99,8140.49,8.3945,0.03,392,2388,100.0,39.04,23.2893,113
15,95,0.0006,-0.0,100.0,518.67,642.57,1582.79,1402.67,14.62,21.61,553.66,2388.02,9054.59,1.3,47.23,522.2,2388.02,8139.5,8.3953,0.03,392,2388,100.0,39.22,23.3732,112
15,96,-0.0008,0.0001,100.0,518.67,642.3,1587.8,1393.12,14.62,21.61,554.17,2388.0,9057.18,1.3,47.22,522.03,2388.0,8138.57,8.4367,0.03,393,2388,100.0,39.07,23.4881,111
15,97,-0.0004,-0.0002,100.0,518.67,642.0,1594.93,1396.41,14.62,21.61,554.14,2388.06,9056.45,1.3,47.43,522.1,2388.02,8135.76,8.3998,0.03,394,2388,100.0,39.03,23.366,110
15,98,-0.001,0.0003,100.0,518.67,641.97,1586.38,1405.04,14.62,21.61,553.26,2388.02,9050.51,1.3,47.28,522.18,2388.05,8145.12,8.3754,0.03,393,2388,100.0,39.05,23.4135,109
15,99,0.0018,-0.0,100.0,518.67,642.8,1589.94,1402.19,14.62,21.61,554.51,2388.04,9050.98,1.3,47.38,522.22,2388.05,8141.46,8.4147,0.03,393,2388,100.0,38.97,23.4945,108
15,100,0.0019,-0.0004,100.0,518.67,642.08,1588.67,1396.26,14.62,21.61,554.1,2388.02,9054.88,1.3,47.32,522.65,2388.0,8143.7,8.4117,0.03,393,2388,100.0,39.21,23.3159,107
15,101,-0.002,-0.0001,100.0,518.67,642.38,1578.98,1396.3,14.62,21.61,554.36,2388.04,9056.89,1.3,47.23,522.49,2388.0,8139.97,8.4371,0.03,392,2388,100.0,39.1,23.4591,106
15,102,0.0007,0.0002,100.0,518.67,641.9,1581.1,1402.09,14.62,21.61,553.56,2388.03,9060.87,1.3,47.24,521.94,2388.02,8148.48,8.4293,0.03,394,2388,100.0,39.1,23.3745,105
15,103,-0.0012,-0.0001,100.0,518.67,642.57,1586.84,1403.11,14.62,21.61,553.29,2388.06,9057.6,1.3,47.37,521.86,2388.04,8140.14,8.429,0.03,393,2388,100.0,38.98,23.4535,104
15,104,0.0029,-0.0001,100.0,518.67,642.43,1587.78,1401.92,14.62,21.61,554.12,2388.02,9056.53,1.3,47.43,522.09,2388.03,8139.92,8.3723,0.03,391,2388,100.0,39.08,23.4065,103
15,105,-0.0002,0.0003,100.0,518.67,642.18,1588.27,1398.2,14.62,21.61,554.79,2388.02,9058.06,1.3,47.41,522.34,2388.0,8139.26,8.4073,0.03,391,2388,100.0,39.0,23.385,102
15,106,0.0013,-0.0002,100.0,518.67,642.68,1589.72,1400.98,14.62,21.61,553.99,2388.01,9058.73,1.3,47.18,522.13,2388.03,8141.5,8.4173,0.03,391,2388,100.0,38.88,23.348,101
15,107,0.0015,0.0001,100.0,518.67,642.74,1591.35,1395.01,14.62,21.61,554.07,2388.04,9048.54,1.3,47.15,521.74,2388.1,8137.3,8.3911,0.03,391,2388,100.0,39.03,23.3286,100
15,108,0.0013,0.0002,100.0,518.67,642.06,1583.94,1399.22,14.62,21.61,554.39,2388.05,9055.59,1.3,47.22,521.83,2388.07,8135.57,8.4221,0.03,393,2388,100.0,38.95,23.387,99
15,109,0.0042,0.0001,100.0,518.67,642.51,1589.15,1395.3,14.62,21.61,553.68,2388.07,9060.95,1.3,47.35,522.01,2388.09,8139.31,8.4054,0.03,392,2388,100.0,38.79,23.4098,98
15,110,0.0017,-0.0,100.0,518.67,642.22,1589.73,1393.1,14.62,21.61,554.46,2388.07,9059.81,1.3,47.42,522.17,2387.99,8138.24,8.3995,0.03,392,2388,100.0,39.06,23.348,97
15,111,-0.0006,0.0002,100.0,518.67,642.39,1581.07,1400.61,14.62,21.61,553.78,2388.02,9056.73,1.3,47.38,521.86,2388.03,8141.68,8.3951,0.03,393,2388,100.0,38.84,23.3774,96
15,112,-0.002,-0.0003,100.0,518.67,641.71,1582.81,1405.7,14.62,21.61,553.56,2388.0,9058.0,1.3,47.42,521.56,2388.01,8135.88,8.4127,0.03,393,2388,100.0,39.06,23.321,95
15,113,0.0011,0.0005,100.0,518.67,642.05,1579.46,1402.68,14.62,21.61,553.78,2388.03,9056.79,1.3,47.28,521.95,2388.07,8135.39,8.4212,0.03,392,2388,100.0,39.06,23.4102,94
15,114,-0.0064,-0.0001,100.0,518.67,642.37,1591.91,1404.17,14.62,21.61,554.3,2388.02,9053.94,1.3,47.27,521.64,2388.08,8139.82,8.4124,0.03,393,2388,100.0,38.79,23.42,93
15,115,0.002,-0.0002,100.0,518.67,642.63,1589.26,1404.83,14.62,21.61,553.59,2388.03,9054.0,1.3,47.31,521.65,2387.99,8140.99,8.4103,0.03,393,2388,100.0,38.93,23.4324,92
15,116,-0.0001,-0.0003,100.0,518.67,642.49,1588.93,1402.16,14.62,21.61,553.74,2388.05,9061.98,1.3,47.32,522.28,2388.03,8140.1,8.393,0.03,391,2388,100.0,38.93,23.3816,91
15,117,-0.0024,0.0002,100.0,518.67,642.44,1588.01,1399.93,14.62,21.61,553.94,2388.02,9065.49,1.3,47.29,521.79,2388.02,8138.92,8.4195,0.03,393,2388,100.0,38.99,23.2936,90
15,118,0.0024,0.0001,100.0,518.67,641.45,1590.8,1402.87,14.62,21.61,553.84,2388.04,9052.23,1.3,47.14,521.86,2388.03,8144.23,8.4226,0.03,392,2388,100.0,38.77,23.3585,89
15,119,-0.0006,0.0005,100.0,518.67,642.26,1580.44,1395.59,14.62,21.61,554.33,2388.04,9061.9,1.3,47.35,521.7,2388.02,8142.29,8.3684,0.03,392,2388,100.0,38.91,23.3598,88
15,120,0.0009,0.0002,100.0,518.67,641.7,1587.63,1398.3,14.62,21.61,554.06,2388.08,9055.32,1.3,47.45,521.81,2388.05,8137.39,8.3796,0.03,393,2388,100.0,39.05,23.3618,87
15,121,0.0,0.0002,100.0,518.67,643.1,1594.17,1394.78,14.62,21.61,554.38,2388.04,9056.31,1.3,47.5,521.85,2388.04,8138.4,8.4313,0.03,393,2388,100.0,39.08,23.3346,86
15,122,0.0018,-0.0004,100.0,518.67,642.11,1584.97,1398.55,14.62,21.61,554.97,2388.0,9056.93,1.3,47.52,522.16,2388.07,8136.92,8.3882,0.03,392,2388,100.0,38.96,23.3643,85
15,123,0.0002,-0.0002,100.0,518.67,642.17,1582.85,1408.4,14.62,21.61,554.05,2388.08,9063.35,1.3,47.27,521.77,2388.02,8142.79,8.4253,0.03,393,2388,100.0,38.85,23.3931,84
15,124,0.002,0.0003,100.0,518.67,642.5,1588.45,1405.57,14.62,21.6,553.43,2388.06,9060.27,1.3,47.34,521.6,2388.06,8141.59,8.4107,0.03,392,2388,100.0,38.79,23.3535,83
15,125,-0.002,-0.0004,100.0,518.67,642.84,1588.86,1404.73,14.62,21.61,553.02,2388.03,9057.14,1.3,47.35,521.95,2388.12,8134.18,8.4329,0.03,393,2388,100.0,38.97,23.4524,82
15,126,-0.0005,-0.0003,100.0,518.67,641.95,1593.68,1401.22,14.62,21.61,553.51,2388.1,9054.76,1.3,47.5,522.23,2388.02,8130.6,8.4258,0.03,394,2388,100.0,38.93,23.2533,81
15,127,0.0011,0.0005,100.0,518.67,642.1,1589.3,1397.59,14.62,21.61,553.7,2388.09,9052.79,1.3,47.54,521.8,2388.07,8134.43,8.4339,0.03,392,2388,100.0,39.12,23.2636,80
15,128,-0.0023,0.0004,100.0,518.67,642.66,1587.07,1410.27,14.62,21.61,554.08,2388.11,9056.2,1.3,47.35,522.37,2388.05,8138.69,8.4279,0.03,391,2388,100.0,38.79,23.298,79
15,129,0.0007,0.0005,100.0,518.67,641.54,1583.6,1404.57,14.62,21.61,553.76,2388.12,9050.54,1.3,47.45,521.66,2388.1,8132.47,8.4285,0.03,392,2388,100.0,38.76,23.3012,78
15,130,-0.0021,-0.0003,100.0,518.67,642.34,1589.19,1402.03,14.62,21.61,553.8,2388.07,9059.1,1.3,47.35,521.79,2388.08,8134.16,8.4502,0.03,392,2388,100.0,38.83,23.3836,77
15,131,-0.0,0.0004,100.0,518.67,642.26,1585.34,1404.06,14.62,21.61,553.87,2388.06,9061.06,1.3,47.56,521.83,2388.08,8139.28,8.4413,0.03,393,2388,100.0,38.78,23.41,76
15,132,0.0013,0.0004,100.0,518.67,642.74,1579.91,1406.23,14.62,21.61,554.04,2388.09,9052.19,1.3,47.58,521.72,2388.07,8138.54,8.4236,0.03,393,2388,100.0,38.94,23.3697,75
15,133,-0.0022,-0.0002,100.0,518.67,642.19,1577.58,1405.78,14.62,21.61,553.86,2388.07,9056.16,1.3,47.47,521.34,2388.07,8135.66,8.4078,0.03,394,2388,100.0,39.05,23.2832,74
15,134,-0.0012,0.0003,100.0,518.67,642.69,1592.02,1405.44,14.62,21.61,553.16,2388.06,9054.08,1.3,47.46,521.62,2388.08,8136.89,8.4609,0.03,393,2388,100.0,39.01,23.3382,73
15,135,0.0018,0.0001,100.0,518.67,642.18,1588.62,1408.15,14.62,21.61,553.85,2388.1,9056.87,1.3,47.43,522.03,2388.06,8136.84,8.4478,0.03,392,2388,100.0,39.18,23.4428,72
15,136,-0.0043,-0.0001,100.0,518.67,642.59,1581.14,1403.22,14.62,21.61,553.41,2388.07,9058.83,1.3,47.41,522.26,2388.01,8142.17,8.4545,0.03,392,2388,100.0,38.75,23.3093,71
15,137,0.0034,0.0003,100.0,518.67,642.82,1585.75,1398.79,14.62,21.61,553.84,2388.08,9052.73,1.3,47.35,521.84,2388.05,8136.61,8.4433,0.03,393,2388,100.0,38.92,23.3069,70
15,138,0.0029,0.0001,100.0,518.67,642.05,1585.88,1406.24,14.62,21.61,553.76,2388.09,9057.57,1.3,47.48,521.69,2388.08,8141.75,8.4561,0.03,393,2388,100.0,38.78,23.3039,69
15,139,-0.0003,0.0003,100.0,518.67,642.45,1592.16,1410.66,14.62,21.61,553.94,2388.04,9056.43,1.3,47.44,521.49,2388.1,8138.16,8.4328,0.03,393,2388,100.0,38.77,23.3034,68
15,140,-0.002,0.0005,100.0,518.67,642.96,1589.89,1404.6,14.62,21.61,552.94,2388.08,9059.53,1.3,47.46,522.09,2388.05,8138.22,8.4463,0.03,393,2388,100.0,38.88,23.3203,67
15,141,-0.0001,0.0001,100.0,518.67,642.37,1592.65,1403.51,14.62,21.61,553.55,2388.09,9056.08,1.3,47.43,521.7,2388.1,8135.71,8.4352,0.03,392,2388,100.0,38.94,23.2308,66
15,142,0.0006,-0.0002,100.0,518.67,642.49,1588.19,1403.8,14.62,21.61,553.41,2388.09,9059.44,1.3,47.44,521.69,2388.05,8138.93,8.3975,0.03,393,2388,100.0,38.88,23.2852,65
15,143,0.0022,0.0002,100.0,518.67,642.32,1582.47,1406.21,14.62,21.61,553.83,2388.09,9057.94,1.3,47.44,521.46,2388.1,8135.65,8.4468,0.03,392,2388,100.0,38.92,23.3247,64
15,144,-0.0055,-0.0004,100.0,518.67,643.21,1588.64,1401.59,14.62,21.61,553.06,2388.13,9054.78,1.3,47.49,521.51,2388.1,8133.8,8.4551,0.03,392,2388,100.0,38.88,23.3139,63
15,145,0.0028,0.0004,100.0,518.67,642.44,1586.94,1398.81,14.62,21.61,553.79,2388.12,9057.66,1.3,47.54,521.41,2388.08,8128.15,8.4322,0.03,394,2388,100.0,38.89,23.3343,62
15,146,-0.0019,0.0003,100.0,518.67,643.2,1590.01,1405.95,14.62,21.61,553.59,2388.11,9058.19,1.3,47.63,521.81,2388.06,8140.46,8.4268,0.03,393,2388,100.0,39.01,23.3157,61
15,147,0.0022,0.0003,100.0,518.67,642.52,1589.85,1411.7,14.62,21.61,554.21,2388.16,9050.0,1.3,47.55,521.09,2388.08,8136.95,8.4442,0.03,393,2388,100.0,38.82,23.2988,60
15,148,-0.0006,0.0003,100.0,518.67,642.89,1585.94,1405.24,14.62,21.61,553.17,2388.11,9057.22,1.3,47.49,521.8,2388.11,8140.03,8.4288,0.03,392,2388,100.0,38.82,23.3257,59
15,149,-0.0025,0.0002,100.0,518.67,642.43,1586.98,1401.05,14.62,21.61,554.26,2388.04,9057.26,1.3,47.45,521.55,2388.08,8136.18,8.4384,0.03,393,2388,100.0,38.85,23.3283,58
15,150,0.0006,0.0002,100.0,518.67,642.44,1586.08,1410.5,14.62,21.61,553.07,2388.09,9051.36,1.3,47.56,520.85,2388.11,8134.66,8.4335,0.03,395,2388,100.0,38.89,23.249,57
15,151,-0.0002,-0.0004,100.0,518.67,642.47,1588.62,1409.6,14.62,21.61,553.32,2388.05,9057.43,1.3,47.43,521.43,2388.14,8139.75,8.4453,0.03,392,2388,100.0,38.86,23.2729,56
15,152,0.0033,0.0004,100.0,518.67,642.21,1595.25,1408.89,14.62,21.61,553.74,2388.11,9057.49,1.3,47.42,521.89,2388.06,8134.72,8.457,0.03,392,2388,100.0,38.82,23.3143,55
15,153,0.0042,-0.0004,100.0,518.67,642.81,1590.55,1405.44,14.62,21.61,553.88,2388.13,9059.01,1.3,47.49,521.52,2388.15,8131.93,8.4141,0.03,393,2388,100.0,38.79,23.1558,54
15,154,0.0027,-0.0005,100.0,518.67,642.9,1584.03,1410.34,14.62,21.61,552.86,2388.09,9056.95,1.3,47.49,521.33,2388.07,8142.4,8.4523,0.03,393,2388,100.0,38.8,23.3389,53
15,155,-0.004,0.0003,100.0,518.67,642.36,1583.3,1409.17,14.62,21.61,553.51,2388.15,9055.03,1.3,47.71,521.0,2388.12,8135.04,8.4334,0.03,393,2388,100.0,38.83,23.2392,52
15,156,-0.0014,-0.0003,100.0,518.67,643.24,1590.1,1407.82,14.62,21.61,553.63,2388.11,9054.23,1.3,47.42,521.48,2388.15,8139.11,8.4387,0.03,392,2388,100.0,38.82,23.267,51
15,157,-0.0005,0.0002,100.0,518.67,642.82,1593.53,1406.36,14.62,21.61,553.83,2388.12,9051.35,1.3,47.56,521.42,2388.1,8133.64,8.4453,0.03,395,2388,100.0,38.89,23.2984,50
15,158,-0.0014,0.0004,100.0,518.67,642.93,1592.39,1407.61,14.62,21.61,553.5,2388.12,9059.72,1.3,47.65,521.36,2388.08,8133.52,8.4613,0.03,393,2388,100.0,38.6,23.3778,49
15,159,-0.001,-0.0003,100.0,518.67,642.72,1588.38,1414.99,14.62,21.61,553.03,2388.08,9047.23,1.3,47.86,521.06,2388.13,8134.87,8.4476,0.03,393,2388,100.0,38.81,23.2503,48
15,160,0.0008,-0.0001,100.0,518.67,642.71,1585.84,1401.76,14.62,21.61,552.92,2388.09,9054.88,1.3,47.47,521.13,2388.1,8134.16,8.426,0.03,392,2388,100.0,38.86,23.3554,47
15,161,-0.0056,0.0003,100.0,518.67,642.93,1591.03,1409.9,14.62,21.61,553.71,2388.13,9056.73,1.3,47.76,521.07,2388.1,8135.66,8.468,0.03,393,2388,100.0,38.86,23.2804,46
15,162,0.0021,-0.0,100.0,518.67,642.85,1593.57,1409.35,14.62,21.61,553.6,2388.1,9065.83,1.3,47.59,521.24,2388.07,8135.21,8.4355,0.03,393,2388,100.0,38.85,23.352,45
15,163,0.0007,0.0001,100.0,518.67,643.4,1587.45,1411.16,14.62,21.61,552.8,2388.15,9057.81,1.3,47.6,521.73,2388.09,8132.73,8.4678,0.03,394,2388,100.0,38.86,23.317,44
15,164,-0.0023,-0.0001,100.0,518.67,643.12,1589.35,1408.98,14.62,21.61,552.68,2388.12,9060.78,1.3,47.71,521.17,2388.07,8132.18,8.4362,0.03,395,2388,100.0,38.55,23.2515,43
15,165,-0.0009,0.0,100.0,518.67,643.15,1592.59,1413.07,14.62,21.61,552.4,2388.12,9056.26,1.3,47.77,521.18,2388.09,8131.06,8.4613,0.03,394,2388,100.0,38.71,23.2397,42
15,166,-0.0023,-0.0002,100.0,518.67,642.77,1590.17,1415.43,14.62,21.61,552.73,2388.18,9053.75,1.3,47.68,520.92,2388.13,8131.69,8.4733,0.03,394,2388,100.0,38.8,23.1769,41
15,167,0.0007,0.0003,100.0,518.67,643.03,1589.24,1406.28,14.62,21.61,553.16,2388.09,9055.57,1.3,47.69,521.06,2388.15,8129.91,8.4414,0.03,394,2388,100.0,38.58,23.1966,40
15,168,0.0055,-0.0003,100.0,518.67,642.56,1589.81,1404.76,14.62,21.61,553.17,2388.13,9054.93,1.3,47.6,521.5,2388.2,8130.43,8.4642,0.03,394,2388,100.0,38.85,23.2577,39
15,169,0.0017,0.0001,100.0,518.67,642.8,1592.88,1409.42,14.62,21.61,553.0,2388.16,9052.15,1.3,47.58,521.1,2388.18,8127.34,8.442,0.03,392,2388,100.0,38.75,23.226,38
15,170,0.005,-0.0001,100.0,518.67,642.76,1601.76,1411.39,14.62,21.61,553.18,2388.22,9054.07,1.3,47.63,521.12,2388.2,8133.48,8.494,0.03,392,2388,100.0,38.7,23.2024,37
15,171,-0.0035,0.0005,100.0,518.67,643.06,1595.83,1416.74,14.62,21.61,552.41,2388.11,9063.75,1.3,47.67,521.53,2388.14,8131.37,8.4464,0.03,392,2388,100.0,38.68,23.2776,36
15,172,0.0009,0.0002,100.0,518.67,642.88,1595.04,1410.23,14.62,21.61,552.74,2388.14,9051.1,1.3,47.61,520.88,2388.16,8136.43,8.4838,0.03,393,2388,100.0,38.79,23.2144,35
15,173,-0.0011,0.0005,100.0,518.67,643.35,1589.53,1419.42,14.62,21.61,553.26,2388.09,9058.99,1.3,47.77,520.48,2388.14,8129.92,8.452,0.03,394,2388,100.0,38.8,23.2054,34
15,174,-0.0004,-0.0002,100.0,518.67,643.38,1593.92,1407.39,14.62,21.61,552.69,2388.15,9051.8,1.3,47.7,522.07,2388.16,8133.57,8.462,0.03,394,2388,100.0,38.73,23.2705,33
15,175,-0.0008,0.0003,100.0,518.67,643.07,1603.56,1415.76,14.62,21.61,552.35,2388.17,9052.03,1.3,47.64,520.06,2388.2,8129.36,8.4539,0.03,394,2388,100.0,38.62,23.1327,32
15,176,0.0004,0.0002,100.0,518.67,642.57,1592.48,1418.25,14.62,21.61,552.66,2388.16,9052.9,1.3,47.66,521.0,2388.13,8128.62,8.4904,0.03,393,2388,100.0,38.72,23.2662,31
15,177,0.0005,-0.0,100.0,518.67,642.68,1592.29,1411.65,14.62,21.61,552.32,2388.18,9056.11,1.3,47.65,520.69,2388.19,8129.07,8.4307,0.03,396,2388,100.0,38.85,23.2184,30
15,178,0.0021,-0.0003,100.0,518.67,643.29,1589.52,1414.35,14.62,21.61,553.14,2388.24,9046.51,1.3,47.81,521.11,2388.2,8124.81,8.4944,0.03,394,2388,100.0,38.75,23.2851,29
15,179,-0.0044,0.0004,100.0,518.67,643.14,1595.76,1417.69,14.62,21.61,552.38,2388.15,9054.13,1.3,47.66,520.88,2388.12,8130.88,8.4928,0.03,395,2388,100.0,38.6,23.2347,28
15,180,0.0026,0.0005,100.0,518.67,643.68,1589.14,1411.81,14.62,21.61,552.33,2388.14,9050.87,1.3,47.79,521.01,2388.17,8135.05,8.4932,0.03,394,2388,100.0,38.6,23.2513,27
15,181,0.0033,-0.0003,100.0,518.67,642.86,1596.76,1415.11,14.62,21.61,552.3,2388.17,9053.01,1.3,47.73,520.83,2388.18,8129.93,8.4666,0.03,394,2388,100.0,38.62,23.2802,26
15,182,0.0017,-0.0003,100.0,518.67,643.18,1598.66,1411.34,14.62,21.61,552.36,2388.19,9051.03,1.3,47.91,520.65,2388.22,8128.03,8.4688,0.03,395,2388,100.0,38.63,23.2362,25
15,183,-0.0036,0.0004,100.0,518.67,643.12,1599.11,1416.83,14.62,21.61,552.09,2388.17,9050.35,1.3,47.95,520.94,2388.18,8124.77,8.4597,0.03,396,2388,100.0,38.68,23.1345,24
15,184,-0.0025,-0.0003,100.0,518.67,643.18,1590.86,1423.28,14.62,21.61,552.36,2388.13,9051.45,1.3,47.85,521.3,2388.2,8128.79,8.4563,0.03,395,2388,100.0,38.7,23.1749,23
15,185,0.0033,-0.0001,100.0,518.67,643.66,1594.37,1418.4,14.62,21.61,552.46,2388.22,9047.88,1.3,48.05,520.79,2388.15,8125.28,8.4975,0.03,394,2388,100.0,38.81,23.162,22
15,186,0.0017,-0.0004,100.0,518.67,642.89,1593.82,1421.59,14.62,21.61,552.97,2388.2,9051.04,1.3,47.9,520.49,2388.18,8130.35,8.4862,0.03,395,2388,100.0,38.65,23.2497,21
15,187,0.0008,-0.0001,100.0,518.67,642.59,1596.53,1419.27,14.62,21.61,552.39,2388.2,9046.77,1.3,47.9,520.74,2388.22,8128.2,8.4711,0.03,395,2388,100.0,38.69,23.1392,20
15,188,0.0002,0.0003,100.0,518.67,643.64,1595.04,1425.28,14.62,21.61,552.7,2388.21,9051.46,1.3,47.62,520.57,2388.24,8124.91,8.485,0.03,395,2388,100.0,38.6,23.2026,19
15,189,0.0004,0.0005,100.0,518.67,643.48,1593.45,1421.73,14.62,21.61,553.09,2388.23,9057.75,1.3,47.91,520.12,2388.24,8136.96,8.4673,0.03,394,2388,100.0,38.43,23.1478,18
15,190,-0.002,0.0002,100.0,518.67,643.25,1598.19,1417.33,14.62,21.61,552.08,2388.24,9056.28,1.3,47.89,520.78,2388.23,8122.98,8.5213,0.03,395,2388,100.0,38.38,23.2012,17
15,191,0.0031,0.0004,100.0,518.67,642.88,1597.57,1426.05,14.62,21.61,551.77,2388.22,9046.65,1.3,47.89,519.81,2388.18,8126.73,8.4902,0.03,395,2388,100.0,38.69,23.0837,16
15,192,-0.0024,-0.0002,100.0,518.67,643.57,1596.63,1414.34,14.62,21.61,551.87,2388.24,9050.2,1.3,47.99,520.11,2388.26,8126.81,8.5037,0.03,395,2388,100.0,38.59,23.1643,15
15,193,0.0023,-0.0002,100.0,518.67,643.67,1602.89,1422.12,14.62,21.61,552.12,2388.28,9052.03,1.3,48.03,520.0,2388.28,8126.15,8.4999,0.03,395,2388,100.0,38.37,23.1007,14
15,194,-0.0001,0.0002,100.0,518.67,643.24,1606.09,1425.55,14.62,21.61,551.95,2388.23,9052.6,1.3,48.04,520.44,2388.27,8127.43,8.5292,0.03,395,2388,100.0,38.71,23.2484,13
15,195,-0.0006,0.0002,100.0,518.67,643.3,1599.35,1417.88,14.62,21.61,551.58,2388.22,9051.29,1.3,47.9,520.24,2388.24,8126.8,8.4762,0.03,395,2388,100.0,38.73,23.1122,12
15,196,-0.0034,0.0001,100.0,518.67,643.75,1602.92,1427.19,14.62,21.61,551.63,2388.17,9045.38,1.3,48.05,519.96,2388.18,8128.11,8.5007,0.03,395,2388,100.0,38.47,23.1263,11
15,197,-0.0022,0.0005,100.0,518.67,643.48,1595.69,1425.4,14.62,21.61,551.6,2388.22,9043.98,1.3,47.91,519.86,2388.25,8123.15,8.5073,0.03,395,2388,100.0,38.65,23.0755,10
15,198,-0.0004,-0.0004,100.0,518.67,643.57,1595.22,1426.08,14.62,21.61,551.3,2388.24,9047.73,1.3,48.06,520.19,2388.23,8126.18,8.4904,0.03,395,2388,100.0,38.57,23.0543,9
15,199,-0.0009,0.0002,100.0,518.67,643.68,1597.76,1418.77,14.62,21.61,551.23,2388.25,9051.72,1.3,48.0,519.71,2388.28,8120.9,8.5103,0.03,396,2388,100.0,38.63,23.1097,8
15,200,-0.0037,0.0003,100.0,518.67,643.74,1594.8,1419.29,14.62,21.61,552.1,2388.23,9043.79,1.3,47.93,520.54,2388.3,8116.7,8.5169,0.03,396,2388,100.0,38.53,23.1659,7
15,201,-0.0033,0.0002,100.0,518.67,643.54,1603.41,1418.86,14.62,21.61,552.23,2388.25,9045.46,1.3,48.12,520.04,2388.23,8120.7,8.4931,0.03,395,2388,100.0,38.56,23.2137,6
15,202,-0.0009,0.0004,100.0,518.67,643.6,1602.94,1428.07,14.62,21.61,551.46,2388.25,9047.82,1.3,47.87,519.64,2388.26,8125.67,8.5078,0.03,398,2388,100.0,38.37,23.0895,5
15,203,0.0024,-0.0003,100.0,518.67,643.93,1604.48,1433.98,14.62,21.61,551.88,2388.29,9047.38,1.3,48.1,519.6,2388.32,8121.62,8.4912,0.03,396,2388,100.0,38.44,23.0578,4
15,204,0.0031,-0.0003,100.0,518.67,643.38,1604.93,1435.38,14.62,21.61,551.59,2388.24,9046.98,1.3,48.04,519.92,2388.28,8120.93,8.4576,0.03,396,2388,100.0,38.51,23.064,3
15,205,-0.0027,0.0004,100.0,518.67,643.46,1599.75,1425.96,14.62,21.61,550.98,2388.33,9042.81,1.3,48.3,519.67,2388.27,8122.93,8.5154,0.03,397,2388,100.0,38.55,23.1362,2
15,206,0.0004,0.0001,100.0,518.67,643.84,1608.43,1429.5,14.62,21.61,550.77,2388.32,9047.2,1.3,48.19,520.13,2388.33,8121.68,8.5487,0.03,396,2388,100.0,38.42,23.104,1
15,207,-0.0002,0.0001,100.0,518.67,643.65,1599.27,1433.72,14.62,21.61,551.59,2388.33,9039.93,1.3,48.3,519.67,2388.31,8122.39,8.5381,0.03,396,2388,100.0,38.43,23.0375,0
16,1,0.0004,0.0002,100.0,518.67,642.9,1583.42,1411.32,14.62,21.61,552.96,2388.11,9056.38,1.3,47.41,520.82,2388.11,8136.24,8.4573,0.03,392,2388,100.0,38.84,23.2792,208
16,2,0.0006,0.0003,100.0,518.67,642.43,1593.21,1399.44,14.62,21.61,553.49,2388.15,9054.6,1.3,47.56,521.27,2388.11,8134.39,8.4102,0.03,393,2388,100.0,38.96,23.3185,207
16,3,-0.0001,0.0,100.0,518.67,642.57,1592.17,1411.88,14.62,21.61,552.92,2388.14,9054.7,1.3,47.57,521.3,2388.11,8139.92,8.4546,0.03,393,2388,100.0,38.58,23.3094,206
16,4,0.0015,-0.0004,100.0,518.67,642.83,1583.86,1407.9,14.62,21.61,552.41,2388.13,9061.41,1.3,47.65,521.05,2388.15,8136.32,8.4751,0.03,392,2388,100.0,38.74,23.2993,205
16,5,0.0024,-0.0003,100.0,518.67,642.83,1590.75,1415.65,14.62,21.61,553.0,2388.11,9049.91,1.3,47.3,520.94,2388.14,8142.64,8.468,0.03,394,2388,100.0,38.69,23.3035,204
16,6,-0.0029,0.0001,100.0,518.67,642.9,1594.93,1401.3,14.62,21.61,554.22,2388.08,9059.7,1.3,47.68,521.37,2388.03,8140.32,8.4711,0.03,393,2388,100.0,38.93,23.3299,203
16,7,0.0004,-0.0003,100.0,518.67,643.6,1595.16,1416.51,14.62,21.61,552.5,2388.07,9048.75,1.3,47.58,521.25,2388.04,8139.3,8.3989,0.03,392,2388,100.0,38.85,23.269,202
16,8,0.0044,-0.0002,100.0,518.67,642.68,1593.88,1403.58,14.62,21.61,552.25,2388.1,9053.26,1.3,47.59,521.75,2388.1,8133.84,8.4507,0.03,393,2388,100.0,38.77,23.1964,201
16,9,-0.0007,0.0004,100.0,518.67,642.6,1595.17,1407.39,14.62,21.61,553.39,2388.13,9052.06,1.3,47.73,521.47,2388.08,8137.09,8.4436,0.03,392,2388,100.0,38.93,23.3741,200
16,10,0.0001,0.0003,100.0,518.67,643.01,1585.19,1407.4,14.62,21.61,552.65,2388.14,9053.19,1.3,47.65,521.45,2388.07,8142.31,8.4403,0.03,394,2388,100.0,38.95,23.3457,199
16,11,0.004,-0.0,100.0,518.67,642.96,1597.12,1412.89,14.62,21.61,553.38,2388.11,9053.03,1.3,47.48,521.39,2388.14,8139.37,8.457,0.03,394,2388,100.0,38.86,23.235,198
16,12,0.0005,0.0003,100.0,518.67,642.84,1596.1,1412.87,14.62,21.61,553.18,2388.15,9057.77,1.3,47.64,521.0,2388.1,8136.66,8.4553,0.03,393,2388,100.0,38.8,23.3143,197
16,13,-0.0027,-0.0003,100.0,518.67,642.3,1580.59,1415.69,14.62,21.61,553.06,2388.09,9056.35,1.3,47.58,521.7,2388.09,8135.52,8.4589,0.03,394,2388,100.0,38.95,23.2962,196
16,14,-0.0021,0.0004,100.0,518.67,642.56,1593.9,1412.3,14.62,21.61,552.49,2388.19,9063.48,1.3,47.59,521.43,2388.12,8136.57,8.4581,0.03,394,2388,100.0,38.82,23.2913,195
16,15,-0.0007,0.0004,100.0,518.67,642.81,1583.74,1407.76,14.62,21.61,552.7,2388.15,9050.72,1.3,47.4,521.23,2388.11,8142.78,8.4731,0.03,393,2388,100.0,38.82,23.3314,194
16,16,0.0024,-0.0003,100.0,518.67,642.92,1597.45,1408.44,14.62,21.61,552.94,2388.09,9058.68,1.3,47.48,521.19,2388.09,8141.48,8.439,0.03,393,2388,100.0,38.92,23.3045,193
16,17,0.0025,-0.0003,100.0,518.67,642.3,1592.55,1413.17,14.62,21.61,552.88,2388.07,9053.55,1.3,47.68,521.64,2388.06,8137.54,8.5058,0.03,394,2388,100.0,38.97,23.2584,192
16,18,-0.0007,0.0004,100.0,518.67,642.74,1588.24,1415.16,14.62,21.61,553.3,2388.15,9056.49,1.3,47.62,521.17,2388.08,8139.8,8.4163,0.03,393,2388,100.0,38.68,23.2525,191
16,19,0.0,0.0002,100.0,518.67,643.25,1589.64,1406.94,14.62,21.61,552.23,2388.1,9059.19,1.3,47.72,521.37,2388.12,8136.95,8.4503,0.03,393,2388,100.0,38.82,23.2175,190
16,20,-0.0015,0.0002,100.0,518.67,642.82,1586.98,1409.82,14.62,21.61,553.22,2388.16,9057.93,1.3,47.64,521.25,2388.14,8134.17,8.4321,0.03,393,2388,100.0,38.77,23.2288,189
16,21,-0.0026,-0.0005,100.0,518.67,643.06,1590.99,1407.12,14.62,21.61,553.11,2388.13,9053.02,1.3,47.57,521.17,2388.12,8134.25,8.4729,0.03,394,2388,100.0,38.77,23.2845,188
16,22,-0.0019,-0.0003,100.0,518.67,642.3,1593.29,1403.39,14.62,21.61,553.51,2388.15,9063.97,1.3,47.77,521.33,2388.15,8131.98,8.4692,0.03,393,2388,100.0,38.75,23.2237,187
16,23,0.0005,-0.0004,100.0,518.67,642.5,1593.21,1406.08,14.62,21.61,552.83,2388.14,9059.4,1.3,47.61,521.73,2388.14,8133.8,8.446,0.03,392,2388,100.0,38.94,23.3972,186
16,24,-0.0006,0.0001,100.0,518.67,643.0,1589.47,1406.95,14.62,21.61,553.2,2388.14,9055.99,1.3,47.59,521.06,2388.06,8134.46,8.4398,0.03,392,2388,100.0,38.96,23.2359,185
16,25,-0.0006,-0.0002,100.0,518.67,642.86,1585.77,1404.33,14.62,21.61,553.88,2388.13,9058.03,1.3,47.49,521.5,2388.08,8141.89,8.4417,0.03,393,2388,100.0,38.9,23.2828,184
16,26,0.0,-0.0002,100.0,518.67,642.59,1588.57,1406.58,14.62,21.61,552.3,2388.13,9060.53,1.3,47.7,521.03,2388.13,8141.21,8.4755,0.03,394,2388,100.0,38.89,23.2548,183
16,27,0.002,0.0003,100.0,518.67,642.36,1588.9,1412.82,14.62,21.61,553.85,2388.15,9059.48,1.3,47.75,521.57,2388.13,8138.94,8.4393,0.03,394,2388,100.0,38.87,23.1782,182
16,28,0.005,0.0005,100.0,518.67,642.9,1594.26,1404.36,14.62,21.61,553.51,2388.09,9062.02,1.3,47.68,520.82,2388.13,8143.19,8.4846,0.03,395,2388,100.0,38.82,23.2941,181
16,29,0.0021,-0.0001,100.0,518.67,642.83,1593.36,1409.8,14.62,21.61,552.79,2388.1,9057.95,1.3,47.58,521.33,2388.17,8136.49,8.453,0.03,394,2388,100.0,38.86,23.2945,180
16,30,-0.0019,-0.0004,100.0,518.67,642.57,1587.58,1406.71,14.62,21.61,552.76,2388.08,9054.98,1.3,47.47,521.13,2388.1,8136.25,8.4607,0.03,393,2388,100.0,38.61,23.4158,179
16,31,-0.0016,-0.0003,100.0,518.67,642.79,1593.29,1414.7,14.62,21.61,553.23,2388.14,9066.42,1.3,47.61,521.67,2388.12,8140.06,8.4621,0.03,392,2388,100.0,38.7,23.3235,178
16,32,-0.0007,0.0003,100.0,518.67,643.11,1594.51,1413.42,14.62,21.61,553.43,2388.09,9056.62,1.3,47.5,521.08,2388.11,8135.55,8.449,0.03,393,2388,100.0,38.84,23.2429,177
16,33,-0.0017,0.0003,100.0,518.67,643.07,1592.58,1406.42,14.62,21.61,553.21,2388.13,9049.33,1.3,47.53,521.53,2388.14,8131.95,8.4564,0.03,392,2388,100.0,38.72,23.3263,176
16,34,-0.001,0.0003,100.0,518.67,642.77,1581.93,1409.91,14.62,21.61,552.9,2388.08,9050.52,1.3,47.46,520.83,2388.13,8130.45,8.4642,0.03,393,2388,100.0,38.83,23.2277,175
16,35,0.0013,0.0005,100.0,518.67,642.68,1589.19,1412.25,14.62,21.61,553.02,2388.13,9059.36,1.3,47.7,521.54,2388.09,8136.5,8.4688,0.03,393,2388,100.0,38.84,23.1409,174
16,36,-0.0016,0.0003,100.0,518.67,642.58,1586.21,1401.84,14.62,21.61,553.18,2388.13,9063.89,1.3,47.62,521.88,2388.12,8137.33,8.445,0.03,394,2388,100.0,38.86,23.3335,173
16,37,-0.0006,-0.0001,100.0,518.67,642.43,1588.54,1407.45,14.62,21.61,552.95,2388.12,9058.36,1.3,47.39,521.35,2388.11,8138.22,8.4644,0.03,393,2388,100.0,38.82,23.2639,172
16,38,-0.0021,0.0005,100.0,518.67,642.33,1590.72,1410.52,14.62,21.61,553.39,2388.15,9053.72,1.3,47.53,521.3,2388.11,8136.27,8.4214,0.03,394,2388,100.0,38.96,23.2394,171
16,39,0.0027,0.0005,100.0,518.67,642.7,1593.41,1412.23,14.62,21.61,553.12,2388.1,9056.38,1.3,47.56,521.29,2388.13,8138.86,8.4446,0.03,392,2388,100.0,38.73,23.194,170
16,40,0.0025,0.0002,100.0,518.67,642.7,1593.39,1411.15,14.62,21.61,553.16,2388.11,9065.01,1.3,47.77,521.0,2388.13,8134.8,8.4425,0.03,394,2388,100.0,38.77,23.1897,169
16,41,-0.0012,-0.0004,100.0,518.67,642.46,1595.11,1415.71,14.62,21.61,552.83,2388.11,9061.42,1.3,47.61,520.8,2388.17,8133.3,8.4615,0.03,393,2388,100.0,38.78,23.3384,168
16,42,-0.0017,0.0001,100.0,518.67,642.88,1593.16,1408.39,14.62,21.61,553.84,2388.15,9060.87,1.3,47.71,521.48,2388.12,8134.99,8.4789,0.03,395,2388,100.0,38.95,23.2211,167
16,43,-0.0001,0.0003,100.0,518.67,642.4,1589.08,1421.17,14.62,21.61,552.74,2388.17,9063.53,1.3,47.59,520.99,2388.1,8137.75,8.4489,0.03,394,2388,100.0,38.61,23.2488,166
16,44,-0.0002,0.0003,100.0,518.67,642.38,1593.16,1409.48,14.62,21.61,553.47,2388.08,9056.7,1.3,47.71,521.43,2388.14,8142.23,8.4648,0.03,393,2388,100.0,38.78,23.3499,165
16,45,0.0005,0.0003,100.0,518.67,642.7,1585.66,1409.55,14.62,21.61,553.34,2388.12,9056.01,1.3,47.52,521.62,2388.14,8137.4,8.5035,0.03,392,2388,100.0,38.85,23.3491,164
16,46,0.0029,-0.0004,100.0,518.67,643.02,1588.24,1420.29,14.62,21.61,552.87,2388.11,9058.02,1.3,47.51,521.65,2388.16,8138.27,8.4147,0.03,394,2388,100.0,38.75,23.2987,163
16,47,0.0011,-0.0003,100.0,518.67,642.62,1598.58,1411.15,14.62,21.61,552.68,2388.12,9063.96,1.3,47.68,521.12,2388.15,8135.66,8.4197,0.03,394,2388,100.0,38.71,23.2019,162
16,48,0.0006,-0.0003,100.0,518.67,642.81,1585.74,1412.69,14.62,21.61,553.58,2388.12,9063.81,1.3,47.58,520.84,2388.13,8137.1,8.4429,0.03,392,2388,100.0,38.66,23.1808,161
16,49,0.0016,-0.0005,100.0,518.67,643.45,1595.47,1408.92,14.62,21.61,553.42,2388.13,9064.13,1.3,47.68,521.33,2388.16,8137.04,8.4647,0.03,394,2388,100.0,38.79,23.3091,160
16,50,-0.0016,0.0001,100.0,518.67,643.28,1589.08,1413.15,14.62,21.61,553.95,2388.14,9065.99,1.3,47.72,521.03,2388.1,8140.28,8.4537,0.03,394,2388,100.0,38.69,23.2716,159
16,51,-0.0008,-0.0001,100.0,518.67,642.97,1591.0,1413.93,14.62,21.61,553.55,2388.11,9058.77,1.3,47.75,521.66,2388.14,8135.77,8.4525,0.03,394,2388,100.0,38.83,23.1686,158
16,52,-0.0037,0.0002,100.0,518.67,642.61,1588.21,1412.73,14.62,21.61,553.95,2388.09,9069.53,1.3,47.51,521.45,2388.13,8134.16,8.4815,0.03,392,2388,100.0,38.81,23.2392,157
16,53,0.0029,0.0005,100.0,518.67,642.97,1593.84,1410.74,14.62,21.61,552.95,2388.15,9056.34,1.3,47.58,521.53,2388.06,8137.71,8.4462,0.03,394,2388,100.0,38.55,23.2367,156
16,54,-0.0005,0.0,100.0,518.67,642.92,1593.78,1406.44,14.62,21.61,553.42,2388.13,9061.53,1.3,47.71,521.6,2388.07,8138.44,8.4479,0.03,393,2388,100.0,38.76,23.2507,155
16,55,-0.0028,0.0003,100.0,518.67,642.54,1594.83,1412.91,14.62,21.61,552.74,2388.16,9065.35,1.3,47.53,521.11,2388.08,8136.84,8.4316,0.03,394,2388,100.0,38.62,23.2167,154
16,56,-0.0042,0.0001,100.0,518.67,642.41,1594.51,1411.32,14.62,21.61,552.96,2388.12,9057.69,1.3,47.57,520.59,2388.15,8134.18,8.4334,0.03,395,2388,100.0,38.7,23.1823,153
16,57,-0.0006,0.0,100.0,518.67,642.56,1599.43,1413.91,14.62,21.61,553.07,2388.16,9056.72,1.3,47.66,521.08,2388.08,8128.75,8.4564,0.03,392,2388,100.0,38.84,23.2099,152
16,58,-0.0005,0.0001,100.0,518.67,642.95,1593.98,1409.17,14.62,21.61,553.11,2388.13,9050.88,1.3,47.46,520.87,2388.12,8134.43,8.4683,0.03,391,2388,100.0,38.7,23.1916,151
16,59,-0.0043,-0.0004,100.0,518.67,643.24,1588.15,1413.43,14.62,21.61,553.95,2388.09,9059.17,1.3,47.75,521.16,2388.11,8136.17,8.4508,0.03,393,2388,100.0,38.72,23.2897,150
16,60,-0.002,0.0001,100.0,518.67,642.92,1593.79,1405.9,14.62,21.61,553.03,2388.1,9056.95,1.3,47.5,521.4,2388.11,8137.47,8.4544,0.03,394,2388,100.0,38.89,23.3153,149
16,61,0.0002,-0.0002,100.0,518.67,642.57,1590.32,1413.95,14.62,21.61,552.69,2388.15,9054.49,1.3,47.58,521.42,2388.07,8134.01,8.4194,0.03,393,2388,100.0,38.65,23.2367,148
16,62,0.0,0.0001,100.0,518.67,642.98,1590.73,1405.39,14.62,21.61,554.17,2388.19,9054.46,1.3,47.67,520.64,2388.1,8126.58,8.4783,0.03,392,2388,100.0,38.78,23.1966,147
16,63,0.0025,0.0,100.0,518.67,643.44,1591.58,1409.86,14.62,21.61,552.92,2388.14,9063.42,1.3,47.77,521.11,2388.13,8139.43,8.4807,0.03,394,2388,100.0,38.65,23.3293,146
16,64,0.0013,-0.0004,100.0,518.67,642.8,1588.99,1406.18,14.62,21.61,552.86,2388.13,9060.2,1.3,47.85,521.01,2388.14,8134.23,8.4095,0.03,393,2388,100.0,38.84,23.2971,145
16,65,0.0001,-0.0001,100.0,518.67,642.87,1583.82,1410.34,14.62,21.61,553.69,2388.12,9052.15,1.3,47.59,521.2,2388.13,8133.98,8.4666,0.03,393,2388,100.0,38.9,23.1628,144
16,66,0.0045,0.0,100.0,518.67,642.45,1591.03,1407.18,14.62,21.61,552.76,2388.1,9063.34,1.3,47.51,520.71,2388.08,8140.24,8.4223,0.03,393,2388,100.0,38.78,23.282,143
16,67,0.0028,-0.0001,100.0,518.67,642.45,1596.45,1408.07,14.62,21.61,552.55,2388.15,9055.59,1.3,47.67,521.25,2388.17,8135.57,8.458,0.03,393,2388,100.0,38.77,23.3148,142
16,68,0.0055,-0.0002,100.0,518.67,642.52,1588.58,1409.1,14.62,21.61,553.05,2388.13,9058.84,1.3,47.63,521.32,2388.11,8136.77,8.4646,0.03,393,2388,100.0,38.85,23.2195,141
16,69,-0.0018,-0.0004,100.0,518.67,642.38,1592.82,1412.95,14.62,21.61,553.75,2388.17,9060.87,1.3,47.6,521.03,2388.13,8137.14,8.448,0.03,394,2388,100.0,38.75,23.216,140
16,70,-0.0039,0.0004,100.0,518.67,643.23,1596.7,1406.13,14.62,21.61,552.81,2388.12,9063.47,1.3,47.63,521.14,2388.13,8133.92,8.4366,0.03,393,2388,100.0,38.79,23.1273,139
16,71,-0.001,0.0001,100.0,518.67,643.26,1585.02,1416.64,14.62,21.61,552.63,2388.14,9059.56,1.3,47.77,520.96,2388.15,8136.38,8.4372,0.03,393,2388,100.0,38.61,23.2862,138
16,72,0.0038,0.0003,100.0,518.67,642.33,1593.48,1415.99,14.62,21.61,552.76,2388.11,9057.39,1.3,47.68,521.25,2388.09,8141.15,8.4321,0.03,395,2388,100.0,38.86,23.3846,137
16,73,0.004,-0.0002,100.0,518.67,642.8,1600.42,1408.34,14.62,21.61,552.88,2388.13,9067.12,1.3,47.8,520.82,2388.14,8136.77,8.4652,0.03,393,2388,100.0,38.92,23.2089,136
16,74,-0.0002,0.0001,100.0,518.67,643.01,1597.17,1411.47,14.62,21.61,553.88,2388.13,9056.2,1.3,47.58,521.18,2388.11,8132.44,8.4609,0.03,393,2388,100.0,38.81,23.2078,135
16,75,-0.0024,-0.0,100.0,518.67,642.9,1589.31,1419.33,14.62,21.61,552.72,2388.11,9058.88,1.3,47.5,520.98,2388.11,8133.77,8.4814,0.03,394,2388,100.0,38.75,23.3,134
16,76,-0.0029,0.0003,100.0,518.67,642.65,1581.23,1408.91,14.62,21.61,552.37,2388.12,9062.53,1.3,47.42,521.31,2388.12,8136.57,8.4229,0.03,393,2388,100.0,38.83,23.1664,133
16,77,0.0014,-0.0003,100.0,518.67,642.8,1585.48,1414.18,14.62,21.61,553.81,2388.11,9059.94,1.3,47.76,521.66,2388.13,8135.13,8.4657,0.03,394,2388,100.0,38.74,23.2181,132
16,78,0.001,-0.0004,100.0,518.67,642.67,1597.02,1408.81,14.62,21.61,552.97,2388.16,9060.59,1.3,47.74,521.43,2388.13,8142.15,8.46,0.03,395,2388,100.0,38.51,23.354,131
16,79,0.0023,0.0002,100.0,518.67,643.05,1586.18,1406.98,14.62,21.61,552.85,2388.07,9066.66,1.3,47.76,520.87,2388.12,8141.27,8.442,0.03,393,2388,100.0,38.85,23.2532,130
16,80,-0.0026,-0.0001,100.0,518.67,642.98,1591.03,1411.3,14.62,21.61,553.03,2388.13,9054.28,1.3,47.74,521.23,2388.16,8136.67,8.4759,0.03,394,2388,100.0,38.88,23.149,129
16,81,0.0011,-0.0004,100.0,518.67,642.94,1593.73,1415.33,14.62,21.61,552.62,2388.13,9057.52,1.3,47.52,521.6,2388.08,8138.83,8.4867,0.03,394,2388,100.0,38.75,23.2928,128
16,82,0.0003,-0.0,100.0,518.67,642.93,1596.55,1411.06,14.62,21.61,552.69,2388.16,9068.15,1.3,47.62,521.31,2388.13,8135.23,8.4476,0.03,393,2388,100.0,38.85,23.277,127
16,83,-0.0002,0.0004,100.0,518.67,643.31,1584.59,1405.56,14.62,21.61,552.56,2388.06,9061.19,1.3,47.7,520.53,2388.13,8136.97,8.468,0.03,395,2388,100.0,38.64,23.3159,126
16,84,-0.0013,-0.0004,100.0,518.67,643.29,1583.45,1415.67,14.62,21.61,553.32,2388.13,9060.52,1.3,47.62,521.39,2388.08,8132.39,8.451,0.03,394,2388,100.0,38.71,23.3055,125
16,85,0.0007,0.0,100.0,518.67,643.08,1591.41,1414.65,14.62,21.61,553.47,2388.07,9053.18,1.3,47.58,521.36,2388.13,8136.18,8.4863,0.03,394,2388,100.0,38.78,23.3782,124
16,86,-0.0032,-0.0001,100.0,518.67,641.92,1593.65,1412.29,14.62,21.61,553.54,2388.09,9057.6,1.3,47.53,520.92,2388.08,8139.69,8.4355,0.03,393,2388,100.0,38.78,23.23,123
16,87,0.0004,-0.0001,100.0,518.67,643.21,1587.6,1411.5,14.62,21.61,553.25,2388.15,9048.83,1.3,47.69,521.53,2388.11,8135.58,8.4371,0.03,394,2388,100.0,38.62,23.1597,122
16,88,-0.0029,-0.0001,100.0,518.67,642.59,1594.85,1410.67,14.62,21.61,553.63,2388.13,9064.84,1.3,47.64,520.87,2388.15,8135.67,8.5126,0.03,394,2388,100.0,38.61,23.1654,121
16,89,0.001,0.0001,100.0,518.67,642.89,1599.98,1408.2,14.62,21.61,553.06,2388.14,9059.83,1.3,47.67,521.28,2388.15,8142.87,8.4332,0.03,394,2388,100.0,38.78,23.1367,120
16,90,0.0003,0.0003,100.0,518.67,642.59,1587.37,1412.83,14.62,21.61,552.69,2388.1,9059.96,1.3,47.61,521.48,2388.15,8140.01,8.4431,0.03,394,2388,100.0,38.62,23.2418,119
16,91,-0.0005,-0.0,100.0,518.67,643.52,1593.09,1414.17,14.62,21.61,553.02,2388.14,9062.46,1.3,47.75,520.48,2388.1,8139.55,8.4609,0.03,395,2388,100.0,38.66,23.1894,118
16,92,0.0029,-0.0004,100.0,518.67,642.96,1587.5,1414.23,14.62,21.61,552.85,2388.11,9057.02,1.3,47.63,521.24,2388.15,8129.54,8.457,0.03,393,2388,100.0,38.82,23.2015,117
16,93,-0.0007,0.0001,100.0,518.67,642.82,1592.23,1418.45,14.62,21.61,553.62,2388.19,9053.61,1.3,47.73,520.73,2388.1,8138.14,8.4922,0.03,393,2388,100.0,38.79,23.3257,116
16,94,0.0028,0.0005,100.0,518.67,642.41,1592.92,1419.74,14.62,21.61,552.87,2388.1,9064.32,1.3,47.6,521.18,2388.16,8135.32,8.4541,0.03,394,2388,100.0,38.6,23.2774,115
16,95,0.0011,0.0,100.0,518.67,643.0,1592.48,1407.14,14.62,21.61,553.13,2388.11,9064.33,1.3,47.73,520.57,2388.15,8135.83,8.4568,0.03,395,2388,100.0,38.74,23.2439,114
16,96,0.0019,-0.0002,100.0,518.67,643.05,1593.1,1410.54,14.62,21.61,552.88,2388.14,9051.29,1.3,47.74,521.31,2388.14,8131.72,8.453,0.03,394,2388,100.0,38.86,23.2392,113
16,97,-0.001,0.0001,100.0,518.67,642.71,1599.12,1418.57,14.62,21.61,553.12,2388.14,9055.92,1.3,47.63,520.68,2388.14,8138.37,8.5005,0.03,394,2388,100.0,38.6,23.1971,112
16,98,0.001,0.0001,100.0,518.67,642.93,1592.37,1414.69,14.62,21.61,553.23,2388.18,9054.5,1.3,47.82,520.94,2388.17,8139.63,8.4657,0.03,394,2388,100.0,38.7,23.378,111
16,99,-0.0002,0.0001,100.0,518.67,643.25,1591.29,1415.57,14.62,21.61,552.79,2388.16,9060.37,1.3,47.71,520.66,2388.12,8134.91,8.4287,0.03,394,2388,100.0,38.68,23.3497,110
16,100,-0.0015,0.0005,100.0,518.67,642.65,1590.7,1410.57,14.62,21.61,552.33,2388.14,9056.13,1.3,47.69,520.61,2388.16,8138.04,8.4577,0.03,393,2388,100.0,38.83,23.1303,109
16,101,-0.0002,-0.0004,100.0,518.67,642.89,1591.8,1418.99,14.62,21.61,552.61,2388.16,9062.15,1.3,47.69,521.22,2388.17,8138.85,8.4631,0.03,392,2388,100.0,38.72,23.1727,108
16,102,-0.0007,0.0001,100.0,518.67,643.45,1589.85,1412.94,14.62,21.61,553.29,2388.16,9058.72,1.3,47.52,520.97,2388.19,8134.1,8.4442,0.03,394,2388,100.0,38.77,23.376,107
16,103,-0.0021,0.0002,100.0,518.67,642.55,1584.1,1412.21,14.62,21.61,552.29,2388.15,9061.82,1.3,47.44,520.55,2388.13,8138.5,8.4536,0.03,394,2388,100.0,38.78,23.2093,106
16,104,0.0029,0.0005,100.0,518.67,643.35,1589.07,1417.67,14.62,21.61,552.78,2388.12,9059.68,1.3,47.8,521.48,2388.08,8132.51,8.4632,0.03,393,2388,100.0,38.57,23.2788,105
16,105,-0.0029,-0.0004,100.0,518.67,642.76,1582.45,1421.16,14.62,21.61,553.17,2388.15,9070.98,1.3,47.88,521.27,2388.16,8135.66,8.467,0.03,394,2388,100.0,38.69,23.1896,104
16,106,-0.001,-0.0004,100.0,518.67,642.84,1595.24,1411.36,14.62,21.61,553.04,2388.1,9059.27,1.3,47.74,520.99,2388.17,8139.32,8.4627,0.03,394,2388,100.0,38.77,23.2293,103
16,107,0.0005,-0.0002,100.0,518.67,643.18,1590.92,1420.14,14.62,21.61,552.95,2388.14,9057.02,1.3,47.73,522.03,2388.15,8136.92,8.4507,0.03,393,2388,100.0,38.9,23.1632,102
16,108,0.0018,0.0003,100.0,518.67,642.63,1584.85,1407.4,14.62,21.61,552.65,2388.17,9059.61,1.3,47.63,521.75,2388.19,8135.27,8.4681,0.03,393,2388,100.0,38.87,23.1732,101
16,109,-0.0021,0.0002,100.0,518.67,642.96,1585.75,1414.67,14.62,21.61,552.38,2388.14,9060.51,1.3,47.73,520.68,2388.18,8130.7,8.4534,0.03,393,2388,100.0,38.77,23.3081,100
16,110,0.0001,0.0003,100.0,518.67,642.44,1586.72,1417.56,14.62,21.61,552.25,2388.17,9058.23,1.3,47.57,521.19,2388.13,8135.29,8.4772,0.03,394,2388,100.0,38.59,23.2462,99
16,111,0.0028,-0.0001,100.0,518.67,642.65,1597.52,1405.98,14.62,21.61,552.56,2388.11,9063.86,1.3,47.83,521.12,2388.09,8135.67,8.4897,0.03,394,2388,100.0,38.86,23.2308,98
16,112,0.0014,-0.0002,100.0,518.67,643.48,1588.27,1415.87,14.62,21.61,552.81,2388.17,9061.73,1.3,47.89,521.35,2388.13,8135.31,8.4529,0.03,394,2388,100.0,38.82,23.1502,97
16,113,-0.0023,0.0003,100.0,518.67,643.11,1591.08,1409.14,14.62,21.61,552.85,2388.1,9055.06,1.3,47.77,521.68,2388.12,8137.09,8.4547,0.03,394,2388,100.0,38.71,23.2357,96
16,114,0.0029,-0.0003,100.0,518.67,643.27,1590.16,1416.38,14.62,21.61,552.93,2388.12,9056.34,1.3,47.69,521.11,2388.12,8137.03,8.4561,0.03,394,2388,100.0,38.76,23.2964,95
16,115,0.0011,-0.0,100.0,518.67,642.73,1581.93,1410.58,14.62,21.61,552.68,2388.19,9048.77,1.3,47.63,520.97,2388.14,8134.24,8.4493,0.03,394,2388,100.0,38.73,23.2831,94
16,116,-0.0052,-0.0003,100.0,518.67,643.41,1590.38,1409.98,14.62,21.61,552.88,2388.12,9070.22,1.3,47.75,520.64,2388.13,8138.46,8.4426,0.03,394,2388,100.0,38.78,23.1645,93
16,117,-0.0016,0.0001,100.0,518.67,643.36,1594.09,1415.27,14.62,21.61,552.32,2388.17,9059.25,1.3,47.64,520.12,2388.16,8141.92,8.4135,0.03,395,2388,100.0,38.55,23.2922,92
16,118,-0.002,0.0004,100.0,518.67,642.67,1590.93,1419.59,14.62,21.61,552.65,2388.14,9055.67,1.3,47.6,520.83,2388.13,8129.55,8.4561,0.03,393,2388,100.0,38.63,23.2876,91
16,119,-0.0017,0.0004,100.0,518.67,642.54,1596.43,1410.05,14.62,21.61,553.03,2388.13,9054.77,1.3,47.71,521.31,2388.13,8136.17,8.4822,0.03,393,2388,100.0,38.81,23.3002,90
16,120,0.0011,-0.0002,100.0,518.67,642.97,1591.26,1409.54,14.62,21.61,551.68,2388.11,9063.63,1.3,47.5,520.3,2388.17,8139.66,8.48,0.03,395,2388,100.0,38.76,23.1471,89
16,121,-0.0011,0.0001,100.0,518.67,643.25,1595.08,1418.02,14.62,21.61,552.41,2388.17,9056.1,1.3,47.78,520.78,2388.19,8132.37,8.4823,0.03,395,2388,100.0,38.74,23.1478,88
16,122,-0.0001,-0.0003,100.0,518.67,643.45,1597.02,1418.2,14.62,21.61,552.56,2388.19,9050.26,1.3,47.93,520.5,2388.15,8132.82,8.4643,0.03,391,2388,100.0,38.76,23.2109,87
16,123,-0.0039,-0.0003,100.0,518.67,643.01,1590.1,1412.0,14.62,21.61,551.9,2388.11,9057.35,1.3,47.67,521.01,2388.1,8141.47,8.4611,0.03,394,2388,100.0,38.87,23.3199,86
16,124,0.0021,0.0001,100.0,518.67,643.44,1589.6,1420.38,14.62,21.61,552.86,2388.13,9066.43,1.3,47.74,521.39,2388.14,8138.1,8.461,0.03,394,2388,100.0,38.73,23.1425,85
16,125,-0.0012,-0.0002,100.0,518.67,643.28,1592.44,1415.76,14.62,21.61,552.88,2388.1,9065.09,1.3,47.73,521.23,2388.19,8137.38,8.4819,0.03,394,2388,100.0,38.66,23.1904,84
16,126,0.0014,-0.0005,100.0,518.67,642.91,1592.84,1416.83,14.62,21.61,553.63,2388.12,9056.23,1.3,47.56,520.71,2388.14,8129.17,8.4878,0.03,393,2388,100.0,38.57,23.3927,83
16,127,0.0013,-0.0002,100.0,518.67,643.0,1584.07,1411.71,14.62,21.61,553.09,2388.14,9056.27,1.3,47.61,520.55,2388.16,8137.8,8.4492,0.03,393,2388,100.0,38.68,23.3055,82
16,128,-0.0016,-0.0004,100.0,518.67,643.4,1595.63,1415.95,14.62,21.61,553.38,2388.12,9065.53,1.3,47.89,520.44,2388.13,8132.43,8.4715,0.03,395,2388,100.0,38.66,23.3204,81
16,129,0.0007,0.0004,100.0,518.67,643.52,1592.05,1417.44,14.62,21.61,552.45,2388.14,9057.55,1.3,47.64,520.62,2388.13,8137.4,8.4584,0.03,395,2388,100.0,38.81,23.1813,80
16,130,0.0019,-0.0001,100.0,518.67,642.94,1599.63,1417.16,14.62,21.61,552.5,2388.19,9055.78,1.3,47.63,520.84,2388.17,8137.31,8.4631,0.03,394,2388,100.0,38.69,23.2245,79
16,131,0.0074,0.0004,100.0,518.67,642.7,1589.22,1416.08,14.62,21.61,552.23,2388.2,9054.63,1.3,47.76,521.01,2388.15,8138.06,8.4678,0.03,393,2388,100.0,38.73,23.1324,78
16,132,-0.0028,0.0004,100.0,518.67,643.02,1598.03,1418.77,14.62,21.61,552.71,2388.1,9057.3,1.3,47.63,520.64,2388.18,8137.58,8.4498,0.03,395,2388,100.0,38.47,23.2,77
16,133,0.0026,-0.0004,100.0,518.67,643.15,1594.41,1420.01,14.62,21.61,552.25,2388.21,9061.73,1.3,47.81,520.57,2388.08,8134.75,8.4492,0.03,394,2388,100.0,38.51,23.1736,76
16,134,-0.0008,0.0004,100.0,518.67,642.84,1599.78,1416.75,14.62,21.61,552.45,2388.19,9056.64,1.3,47.7,520.99,2388.16,8136.12,8.4787,0.03,394,2388,100.0,38.72,23.2487,75
16,135,0.0026,-0.0004,100.0,518.67,642.72,1583.72,1409.0,14.62,21.61,552.91,2388.2,9064.96,1.3,47.67,520.56,2388.15,8140.07,8.4627,0.03,394,2388,100.0,38.49,23.2941,74
16,136,-0.0024,0.0004,100.0,518.67,642.89,1597.35,1418.89,14.62,21.61,552.35,2388.16,9061.14,1.3,47.73,520.87,2388.18,8139.57,8.4655,0.03,395,2388,100.0,38.78,23.2248,73
16,137,0.003,-0.0,100.0,518.67,643.26,1592.81,1417.33,14.62,21.61,552.2,2388.11,9057.79,1.3,47.93,520.62,2388.15,8130.69,8.4569,0.03,395,2388,100.0,38.53,23.1461,72
16,138,0.0018,-0.0001,100.0,518.67,642.84,1596.23,1409.83,14.62,21.61,552.69,2388.19,9054.72,1.3,47.92,520.45,2388.19,8135.41,8.4553,0.03,395,2388,100.0,38.46,23.0984,71
16,139,-0.0017,0.0003,100.0,518.67,643.47,1591.84,1417.93,14.62,21.61,553.02,2388.16,9066.68,1.3,47.8,520.51,2388.17,8138.89,8.471,0.03,393,2388,100.0,38.74,23.2702,70
16,140,-0.0036,-0.0005,100.0,518.67,643.41,1598.06,1409.19,14.62,21.61,552.52,2388.17,9056.98,1.3,47.76,520.55,2388.19,8133.84,8.456,0.03,393,2388,100.0,38.69,23.1676,69
16,141,0.001,0.0003,100.0,518.67,643.02,1598.25,1411.63,14.62,21.61,552.66,2388.17,9061.21,1.3,47.81,520.7,2388.18,8140.36,8.4793,0.03,396,2388,100.0,38.75,23.2379,68
16,142,-0.001,-0.0001,100.0,518.67,643.07,1601.02,1419.96,14.62,21.61,551.91,2388.19,9059.96,1.3,47.84,520.86,2388.18,8140.78,8.4725,0.03,394,2388,100.0,38.71,23.2524,67
16,143,0.0033,0.0001,100.0,518.67,643.09,1602.86,1415.38,14.62,21.61,552.8,2388.18,9059.77,1.3,47.85,521.06,2388.19,8138.61,8.4614,0.03,393,2388,100.0,38.79,23.2587,66
16,144,-0.0018,-0.0002,100.0,518.67,642.85,1594.73,1421.52,14.62,21.61,552.66,2388.1,9058.67,1.3,47.72,520.9,2388.17,8137.14,8.4684,0.03,394,2388,100.0,38.63,23.2351,65
16,145,0.0006,-0.0001,100.0,518.67,643.2,1598.17,1414.55,14.62,21.61,552.37,2388.18,9054.48,1.3,47.69,521.23,2388.16,8134.94,8.4758,0.03,394,2388,100.0,38.71,23.2071,64
16,146,-0.0057,-0.0001,100.0,518.67,643.26,1593.02,1418.12,14.62,21.61,552.73,2388.16,9053.1,1.3,47.88,520.11,2388.18,8132.66,8.4816,0.03,394,2388,100.0,38.65,23.2294,63
16,147,0.0022,-0.0002,100.0,518.67,643.4,1588.66,1420.49,14.62,21.61,552.67,2388.2,9062.94,1.3,47.73,521.02,2388.2,8140.47,8.5224,0.03,396,2388,100.0,38.55,23.2177,62
16,148,-0.0038,-0.0004,100.0,518.67,642.6,1600.22,1415.16,14.62,21.61,552.62,2388.13,9056.76,1.3,47.94,520.71,2388.17,8134.36,8.4889,0.03,395,2388,100.0,38.83,23.2746,61
16,149,-0.0012,-0.0001,100.0,518.67,643.24,1595.36,1413.59,14.62,21.61,552.34,2388.16,9061.82,1.3,47.82,520.63,2388.18,8135.47,8.4534,0.03,393,2388,100.0,38.62,23.2283,60
16,150,0.0031,0.0003,100.0,518.67,643.62,1596.08,1416.16,14.62,21.61,552.78,2388.22,9060.24,1.3,47.85,520.7,2388.17,8133.06,8.4826,0.03,394,2388,100.0,38.55,23.1849,59
16,151,0.0009,-0.0001,100.0,518.67,642.96,1595.32,1422.85,14.62,21.61,552.42,2388.18,9059.24,1.3,47.91,520.62,2388.14,8133.77,8.4916,0.03,395,2388,100.0,38.64,23.0985,58
16,152,-0.0021,-0.0001,100.0,518.67,642.75,1593.67,1408.97,14.62,21.61,551.92,2388.19,9061.55,1.3,47.73,521.49,2388.13,8137.88,8.4466,0.03,395,2388,100.0,38.62,23.2125,57
16,153,0.002,-0.0004,100.0,518.67,642.97,1589.41,1416.37,14.62,21.61,553.14,2388.13,9059.3,1.3,47.86,521.15,2388.2,8135.34,8.4849,0.03,394,2388,100.0,38.88,23.2593,56
16,154,0.0001,-0.0004,100.0,518.67,642.83,1593.63,1414.51,14.62,21.61,552.76,2388.17,9063.87,1.3,47.76,519.86,2388.21,8143.39,8.4811,0.03,395,2388,100.0,38.52,23.1699,55
16,155,0.0032,-0.0001,100.0,518.67,643.31,1589.79,1417.87,14.62,21.61,552.75,2388.13,9053.38,1.3,47.82,520.81,2388.13,8133.29,8.4638,0.03,395,2388,100.0,38.66,23.2593,54
16,156,0.0037,-0.0002,100.0,518.67,643.06,1587.11,1416.88,14.62,21.61,552.72,2388.24,9056.64,1.3,47.93,520.49,2388.18,8138.44,8.4723,0.03,393,2388,100.0,38.76,23.1481,53
16,157,0.0019,0.0005,100.0,518.67,643.4,1591.78,1411.02,14.62,21.61,552.52,2388.2,9059.84,1.3,47.78,520.51,2388.13,8137.09,8.518,0.03,395,2388,100.0,38.65,23.1859,52
16,158,-0.0011,-0.0001,100.0,518.67,643.07,1595.38,1413.62,14.62,21.61,552.47,2388.17,9057.97,1.3,47.88,520.5,2388.13,8137.85,8.5021,0.03,395,2388,100.0,38.69,23.2693,51
16,159,-0.0005,-0.0003,100.0,518.67,643.07,1600.76,1410.04,14.62,21.61,552.61,2388.17,9059.11,1.3,47.93,520.71,2388.16,8130.62,8.4992,0.03,393,2388,100.0,38.56,23.1548,50
16,160,0.0007,0.0005,100.0,518.67,643.24,1592.09,1419.9,14.62,21.61,552.69,2388.16,9062.07,1.3,47.85,520.45,2388.17,8132.41,8.4707,0.03,396,2388,100.0,38.5,23.1367,49
16,161,0.0004,-0.0003,100.0,518.67,643.13,1597.31,1420.55,14.62,21.61,552.7,2388.17,9061.47,1.3,47.93,520.08,2388.24,8127.87,8.498,0.03,397,2388,100.0,38.49,23.2068,48
16,162,0.0003,-0.0002,100.0,518.67,642.75,1593.25,1417.47,14.62,21.61,552.6,2388.16,9055.88,1.3,47.76,520.53,2388.17,8138.61,8.4649,0.03,393,2388,100.0,38.59,23.1313,47
16,163,0.0005,-0.0003,100.0,518.67,642.78,1592.48,1421.62,14.62,21.61,552.15,2388.18,9059.26,1.3,47.88,520.19,2388.18,8131.57,8.4795,0.03,396,2388,100.0,38.72,23.0346,46
16,164,-0.003,0.0003,100.0,518.67,642.88,1583.97,1416.46,14.62,21.61,551.63,2388.18,9062.0,1.3,47.67,520.14,2388.19,8137.92,8.4728,0.03,394,2388,100.0,38.68,23.2151,45
16,165,0.0041,-0.0002,100.0,518.67,642.97,1594.52,1406.3,14.62,21.61,551.74,2388.17,9063.14,1.3,47.87,520.46,2388.18,8134.49,8.4423,0.03,395,2388,100.0,38.62,23.1345,44
16,166,0.0022,-0.0001,100.0,518.67,643.59,1605.55,1416.63,14.62,21.61,552.13,2388.17,9060.69,1.3,47.86,519.96,2388.22,8135.59,8.4766,0.03,395,2388,100.0,38.78,23.0732,43
16,167,-0.0006,0.0003,100.0,518.67,643.05,1599.2,1415.55,14.62,21.61,552.5,2388.23,9057.43,1.3,47.89,520.11,2388.16,8133.42,8.4811,0.03,395,2388,100.0,38.51,23.1939,42
16,168,0.0006,0.0,100.0,518.67,643.64,1595.22,1419.24,14.62,21.61,552.03,2388.24,9057.4,1.3,47.77,520.6,2388.19,8133.18,8.4834,0.03,394,2388,100.0,38.6,23.1782,41
16,169,0.0016,0.0002,100.0,518.67,642.66,1588.48,1422.83,14.62,21.61,552.7,2388.14,9068.1,1.3,48.04,520.0,2388.19,8138.16,8.503,0.03,394,2388,100.0,38.51,23.0166,40
16,170,0.0015,0.0002,100.0,518.67,643.08,1601.22,1423.57,14.62,21.61,552.35,2388.26,9052.46,1.3,48.01,520.61,2388.23,8136.37,8.502,0.03,394,2388,100.0,38.53,23.2044,39
16,171,0.0013,0.0005,100.0,518.67,643.49,1593.14,1425.53,14.62,21.61,552.16,2388.18,9061.37,1.3,48.09,520.46,2388.16,8129.52,8.438,0.03,394,2388,100.0,38.71,23.1953,38
16,172,-0.003,0.0002,100.0,518.67,643.23,1593.09,1420.7,14.62,21.61,552.28,2388.12,9062.75,1.3,48.01,520.96,2388.21,8135.0,8.5053,0.03,394,2388,100.0,38.62,23.1909,37
16,173,0.0,-0.0001,100.0,518.67,643.2,1597.34,1418.31,14.62,21.61,552.04,2388.19,9062.75,1.3,47.76,520.3,2388.22,8146.35,8.4968,0.03,395,2388,100.0,38.64,23.0991,36
16,174,0.0013,-0.0002,100.0,518.67,643.59,1604.53,1416.51,14.62,21.61,552.69,2388.17,9060.6,1.3,47.95,520.79,2388.2,8141.67,8.4877,0.03,395,2388,100.0,38.72,23.1996,35
16,175,-0.0,-0.0004,100.0,518.67,643.33,1598.74,1426.64,14.62,21.61,552.27,2388.26,9057.75,1.3,47.92,520.56,2388.22,8134.14,8.4757,0.03,394,2388,100.0,38.52,23.2217,34
16,176,-0.0022,0.0001,100.0,518.67,643.16,1597.14,1421.84,14.62,21.61,551.6,2388.16,9056.35,1.3,47.85,520.59,2388.18,8137.21,8.455,0.03,396,2388,100.0,38.56,23.1382,33
16,177,0.001,0.0001,100.0,518.67,643.3,1597.68,1419.99,14.62,21.61,551.87,2388.17,9057.45,1.3,47.9,520.59,2388.23,8132.45,8.5108,0.03,396,2388,100.0,38.58,23.1236,32
16,178,0.0002,0.0004,100.0,518.67,643.56,1594.89,1417.45,14.62,21.61,551.95,2388.23,9061.71,1.3,47.79,520.4,2388.19,8129.82,8.4805,0.03,395,2388,100.0,38.46,23.0919,31
16,179,-0.0012,0.0,100.0,518.67,643.6,1599.17,1417.4,14.62,21.61,551.89,2388.22,9062.53,1.3,47.74,519.54,2388.21,8132.19,8.5156,0.03,394,2388,100.0,38.53,23.1488,30
16,180,0.0045,-0.0003,100.0,518.67,643.52,1593.85,1424.52,14.62,21.61,552.16,2388.2,9057.94,1.3,47.96,519.83,2388.19,8136.78,8.4879,0.03,395,2388,100.0,38.59,23.0862,29
16,181,0.0015,0.0,100.0,518.67,642.78,1596.41,1428.06,14.62,21.61,551.72,2388.14,9056.92,1.3,47.96,520.23,2388.17,8132.78,8.5157,0.03,395,2388,100.0,38.54,23.1118,28
16,182,-0.0021,-0.0005,100.0,518.67,643.4,1592.7,1421.49,14.62,21.61,551.67,2388.19,9071.25,1.3,47.92,520.38,2388.19,8132.34,8.4881,0.03,396,2388,100.0,38.55,23.1526,27
16,183,-0.0,0.0002,100.0,518.67,643.51,1606.45,1419.12,14.62,21.61,551.41,2388.22,9049.31,1.3,48.11,520.35,2388.19,8138.47,8.4686,0.03,395,2388,100.0,38.4,23.1246,26
16,184,-0.0001,0.0,100.0,518.67,643.15,1598.35,1417.83,14.62,21.61,551.88,2388.21,9063.52,1.3,47.81,520.3,2388.23,8134.19,8.4978,0.03,396,2388,100.0,38.6,23.2105,25
16,185,-0.0002,-0.0005,100.0,518.67,643.5,1592.92,1423.93,14.62,21.61,550.96,2388.2,9062.78,1.3,48.07,520.08,2388.24,8134.88,8.5089,0.03,395,2388,100.0,38.78,23.0247,24
16,186,0.0013,0.0004,100.0,518.67,643.73,1594.87,1427.07,14.62,21.61,550.85,2388.17,9055.77,1.3,48.1,519.99,2388.2,8133.58,8.4415,0.03,395,2388,100.0,38.49,23.1274,23
16,187,-0.0022,-0.0003,100.0,518.67,642.9,1595.84,1423.67,14.62,21.61,552.53,2388.19,9067.04,1.3,47.91,520.64,2388.23,8135.22,8.5249,0.03,395,2388,100.0,38.4,23.1017,22
16,188,0.0034,-0.0001,100.0,518.67,643.18,1600.43,1425.79,14.62,21.61,551.45,2388.24,9054.81,1.3,47.99,520.26,2388.18,8130.59,8.4923,0.03,396,2388,100.0,38.47,23.0293,21
16,189,-0.0033,-0.0003,100.0,518.67,643.69,1599.54,1418.5,14.62,21.61,551.1,2388.24,9057.21,1.3,48.03,520.03,2388.27,8135.39,8.4897,0.03,394,2388,100.0,38.5,23.164,20
16,190,-0.0031,0.0002,100.0,518.67,643.79,1603.14,1422.67,14.62,21.61,551.78,2388.25,9060.28,1.3,47.97,520.18,2388.24,8136.3,8.5204,0.03,395,2388,100.0,38.56,23.11,19
16,191,-0.0002,0.0003,100.0,518.67,643.75,1597.74,1426.81,14.62,21.61,551.47,2388.21,9051.11,1.3,47.97,519.92,2388.22,8135.45,8.5027,0.03,396,2388,100.0,38.6,23.0648,18
16,192,0.0008,0.0005,100.0,518.67,643.38,1597.73,1430.31,14.62,21.61,552.03,2388.28,9060.24,1.3,48.04,519.66,2388.32,8134.37,8.4965,0.03,397,2388,100.0,38.43,23.1404,17
16,193,-0.0007,0.0001,100.0,518.67,643.1,1599.46,1426.24,14.62,21.61,551.57,2388.28,9054.04,1.3,47.94,519.45,2388.32,8133.32,8.4697,0.03,395,2388,100.0,38.46,23.0865,16
16,194,0.0002,-0.0001,100.0,518.67,643.74,1602.99,1425.86,14.62,21.61,551.42,2388.27,9063.27,1.3,48.08,519.58,2388.24,8130.93,8.549,0.03,395,2388,100.0,38.58,23.0638,15
16,195,0.0032,0.0004,100.0,518.67,643.47,1608.02,1428.85,14.62,21.61,551.68,2388.24,9057.1,1.3,48.08,520.26,2388.26,8136.06,8.5333,0.03,395,2388,100.0,38.57,23.1536,14
16,196,-0.0049,0.0005,100.0,518.67,643.36,1594.72,1423.16,14.62,21.61,552.22,2388.23,9069.26,1.3,47.92,519.6,2388.2,8135.11,8.5304,0.03,395,2388,100.0,38.4,23.044,13
16,197,0.0011,0.0,100.0,518.67,643.76,1595.45,1428.81,14.62,21.61,551.56,2388.27,9069.19,1.3,47.98,519.79,2388.18,8138.63,8.5345,0.03,397,2388,100.0,38.38,23.0969,12
16,198,0.0038,0.0004,100.0,518.67,643.5,1600.59,1429.68,14.62,21.61,551.33,2388.23,9061.56,1.3,48.16,519.88,2388.31,8130.43,8.5094,0.03,397,2388,100.0,38.23,22.9774,11
16,199,0.0006,-0.0004,100.0,518.67,643.67,1601.82,1424.25,14.62,21.61,551.06,2388.25,9058.02,1.3,47.97,519.41,2388.23,8131.52,8.5258,0.03,395,2388,100.0,38.38,23.108,10
16,200,0.0035,0.0002,100.0,518.67,644.27,1597.45,1425.06,14.62,21.61,551.36,2388.23,9062.27,1.3,48.1,519.48,2388.27,8130.54,8.5314,0.03,396,2388,100.0,38.33,23.1342,9
16,201,-0.0061,0.0005,100.0,518.67,643.45,1597.43,1429.67,14.62,21.61,551.8,2388.23,9064.92,1.3,47.93,519.96,2388.23,8134.82,8.4904,0.03,395,2388,100.0,38.41,23.0557,8
16,202,-0.0006,-0.0001,100.0,518.67,643.2,1600.99,1426.59,14.62,21.61,551.42,2388.29,9059.92,1.3,48.11,519.4,2388.27,8130.33,8.5369,0.03,397,2388,100.0,38.47,23.1639,7
16,203,0.0002,-0.0004,100.0,518.67,644.18,1607.21,1423.13,14.62,21.61,551.23,2388.28,9057.79,1.3,47.87,519.65,2388.25,8130.39,8.5495,0.03,395,2388,100.0,38.39,23.1279,6
16,204,-0.0006,-0.0001,100.0,518.67,643.86,1598.86,1427.74,14.62,21.61,551.12,2388.24,9059.76,1.3,47.99,519.63,2388.31,8131.7,8.4722,0.03,396,2388,100.0,38.41,23.0637,5
16,205,0.0035,0.0001,100.0,518.67,643.88,1608.26,1426.2,14.62,21.61,551.01,2388.26,9063.13,1.3,48.08,519.8,2388.22,8134.25,8.5213,0.03,397,2388,100.0,38.6,23.2392,4
16,206,0.0025,0.0001,100.0,518.67,643.6,1601.98,1419.63,14.62,21.61,551.42,2388.28,9067.79,1.3,47.92,519.5,2388.29,8129.53,8.5139,0.03,396,2388,100.0,38.44,23.0701,3
16,207,0.0001,0.0001,100.0,518.67,643.86,1605.94,1434.58,14.62,21.61,551.2,2388.29,9058.27,1.3,48.2,519.29,2388.27,8133.6,8.5595,0.03,397,2388,100.0,38.31,23.0348,2
16,208,0.0024,-0.0002,100.0,518.67,644.47,1595.68,1437.53,14.62,21.61,550.51,2388.26,9060.44,1.3,48.2,519.64,2388.25,8137.23,8.5419,0.03,396,2388,100.0,38.44,23.0087,1
16,209,0.0012,-0.0002,100.0,518.67,643.61,1601.47,1429.68,14.62,21.61,551.17,2388.25,9060.94,1.3,48.28,519.44,2388.26,8132.25,8.5258,0.03,397,2388,100.0,38.35,23.1505,0
17,1,-0.0032,0.0005,100.0,518.67,641.45,1587.52,1401.29,14.62,21.61,555.25,2388.03,9067.87,1.3,47.25,522.19,2387.98,8146.09,8.3859,0.03,392,2388,100.0,39.21,23.5279,275
17,2,0.0008,0.0005,100.0,518.67,642.13,1589.83,1399.55,14.62,21.61,554.3,2388.06,9062.08,1.3,47.34,522.07,2387.95,8139.76,8.4125,0.03,389,2388,100.0,39.17,23.4691,274
17,3,-0.0011,0.0005,100.0,518.67,642.1,1587.43,1400.98,14.62,21.61,555.27,2388.02,9061.96,1.3,47.15,522.68,2387.99,8143.07,8.4146,0.03,391,2388,100.0,39.17,23.3437,273
17,4,0.0042,-0.0002,100.0,518.67,642.07,1586.55,1394.42,14.62,21.61,554.35,2388.06,9059.34,1.3,47.33,522.65,2387.98,8146.69,8.4033,0.03,393,2388,100.0,38.93,23.4337,272
17,5,0.0008,-0.0004,100.0,518.67,642.09,1582.86,1400.71,14.62,21.61,554.88,2388.01,9056.77,1.3,47.15,522.39,2387.99,8147.13,8.3931,0.03,391,2388,100.0,39.1,23.4077,271
17,6,-0.0025,0.0003,100.0,518.67,642.57,1585.26,1400.36,14.62,21.61,554.52,2388.01,9062.26,1.3,47.32,522.24,2388.0,8144.88,8.4113,0.03,392,2388,100.0,39.01,23.5295,270
17,7,-0.0006,-0.0002,100.0,518.67,641.54,1585.86,1398.68,14.62,21.61,554.36,2387.98,9061.04,1.3,47.2,522.31,2388.02,8144.45,8.3787,0.03,392,2388,100.0,39.04,23.4017,269
17,8,-0.0027,-0.0001,100.0,518.67,642.27,1587.62,1399.79,14.62,21.6,554.76,2387.98,9061.46,1.3,47.17,522.69,2387.97,8138.59,8.3459,0.03,393,2388,100.0,38.99,23.4415,268
17,9,-0.0007,0.0003,100.0,518.67,642.07,1579.05,1393.24,14.62,21.61,554.37,2388.0,9057.4,1.3,47.22,522.29,2388.03,8141.69,8.3996,0.03,392,2388,100.0,39.26,23.37,267
17,10,0.0023,0.0002,100.0,518.67,642.33,1583.05,1391.98,14.62,21.61,554.43,2388.03,9062.11,1.3,47.16,522.55,2388.0,8142.95,8.3449,0.03,392,2388,100.0,39.14,23.4097,266
17,11,0.0021,0.0005,100.0,518.67,642.3,1577.49,1397.93,14.62,21.61,554.62,2387.98,9061.3,1.3,47.19,521.87,2387.99,8144.82,8.4145,0.03,393,2388,100.0,39.05,23.3646,265
17,12,-0.002,0.0001,100.0,518.67,641.65,1584.84,1390.53,14.62,21.61,554.5,2387.97,9059.06,1.3,47.11,522.49,2388.01,8141.59,8.3869,0.03,392,2388,100.0,38.93,23.4954,264
17,13,-0.0031,-0.0003,100.0,518.67,641.73,1581.36,1398.84,14.62,21.6,554.66,2388.03,9066.59,1.3,47.29,522.24,2388.01,8146.05,8.4083,0.03,392,2388,100.0,39.05,23.4894,263
17,14,0.0041,0.0003,100.0,518.67,641.53,1585.51,1402.96,14.62,21.61,554.17,2387.98,9066.8,1.3,47.11,522.44,2388.01,8142.55,8.3637,0.03,390,2388,100.0,39.11,23.374,262
17,15,0.0021,-0.0,100.0,518.67,641.78,1590.12,1399.15,14.62,21.61,554.94,2388.03,9072.89,1.3,47.09,522.05,2388.0,8146.62,8.4564,0.03,391,2388,100.0,39.07,23.3585,261
17,16,0.0023,0.0001,100.0,518.67,641.79,1582.26,1394.02,14.62,21.6,554.85,2388.05,9061.55,1.3,47.26,522.39,2388.01,8141.6,8.3484,0.03,391,2388,100.0,39.08,23.4428,260
17,17,-0.0016,-0.0,100.0,518.67,642.2,1583.35,1402.41,14.62,21.61,554.5,2388.06,9060.22,1.3,47.28,522.07,2388.02,8144.86,8.3929,0.03,392,2388,100.0,39.06,23.4013,259
17,18,-0.0007,0.0001,100.0,518.67,641.9,1585.5,1398.16,14.62,21.61,554.11,2387.99,9065.72,1.3,47.23,521.91,2388.03,8145.45,8.3788,0.03,391,2388,100.0,38.78,23.4303,258
17,19,-0.0018,0.0005,100.0,518.67,642.13,1584.27,1402.27,14.62,21.61,554.59,2388.03,9059.94,1.3,47.12,522.52,2387.98,8142.56,8.4341,0.03,392,2388,100.0,39.12,23.4579,257
17,20,-0.0004,0.0004,100.0,518.67,641.99,1578.99,1395.63,14.62,21.6,554.71,2388.02,9061.52,1.3,46.95,522.17,2387.98,8137.4,8.4021,0.03,392,2388,100.0,38.91,23.409,256
17,21,0.0001,-0.0002,100.0,518.67,641.87,1591.0,1394.39,14.62,21.6,554.72,2388.02,9057.56,1.3,47.24,522.37,2388.02,8146.51,8.4147,0.03,392,2388,100.0,39.04,23.3543,255
17,22,-0.0019,-0.0,100.0,518.67,642.21,1585.58,1402.13,14.62,21.61,554.33,2387.99,9061.54,1.3,47.22,522.43,2388.0,8140.98,8.3976,0.03,391,2388,100.0,39.01,23.4084,254
17,23,-0.0006,-0.0003,100.0,518.67,642.58,1579.93,1395.52,14.62,21.61,556.06,2388.04,9055.6,1.3,47.13,522.87,2387.99,8147.02,8.4123,0.03,393,2388,100.0,38.82,23.353,253
17,24,-0.0009,0.0005,100.0,518.67,642.0,1589.65,1398.13,14.62,21.61,554.61,2388.04,9060.89,1.3,47.38,522.97,2388.01,8142.39,8.3818,0.03,391,2388,100.0,39.14,23.4901,252
17,25,0.0004,0.0002,100.0,518.67,641.91,1585.22,1399.79,14.62,21.61,553.94,2388.05,9067.57,1.3,47.19,522.47,2387.98,8142.33,8.4109,0.03,392,2388,100.0,39.06,23.4079,251
17,26,0.002,-0.0004,100.0,518.67,642.09,1583.42,1394.01,14.62,21.61,554.21,2388.01,9062.82,1.3,47.23,522.29,2388.01,8145.81,8.4051,0.03,393,2388,100.0,39.01,23.4725,250
17,27,-0.0006,-0.0003,100.0,518.67,642.36,1588.08,1394.29,14.62,21.61,554.71,2388.06,9063.15,1.3,47.3,521.94,2388.01,8144.78,8.4162,0.03,392,2388,100.0,39.22,23.2903,249
17,28,0.0003,0.0004,100.0,518.67,642.43,1582.26,1395.77,14.62,21.61,554.16,2387.97,9059.35,1.3,47.21,522.14,2388.03,8140.2,8.445,0.03,394,2388,100.0,39.04,23.3871,248
17,29,-0.0001,0.0001,100.0,518.67,642.29,1586.41,1394.51,14.62,21.61,554.37,2388.03,9062.22,1.3,47.06,522.64,2387.97,8141.59,8.3909,0.03,394,2388,100.0,38.9,23.3908,247
17,30,-0.001,0.0002,100.0,518.67,642.05,1583.19,1393.77,14.62,21.61,555.01,2388.03,9063.92,1.3,47.17,522.47,2388.01,8151.22,8.4176,0.03,393,2388,100.0,38.87,23.4329,246
17,31,0.0,0.0003,100.0,518.67,642.21,1577.4,1400.16,14.62,21.61,554.3,2388.02,9053.12,1.3,47.28,522.21,2388.0,8141.78,8.3891,0.03,391,2388,100.0,38.94,23.3951,245
17,32,-0.0013,-0.0002,100.0,518.67,641.92,1582.34,1398.55,14.62,21.61,553.96,2388.0,9065.17,1.3,47.02,522.26,2388.05,8147.93,8.4186,0.03,391,2388,100.0,38.9,23.3134,244
17,33,-0.004,-0.0001,100.0,518.67,641.87,1586.14,1402.83,14.62,21.61,554.47,2387.96,9070.09,1.3,47.23,521.88,2388.03,8139.61,8.3967,0.03,391,2388,100.0,38.98,23.3996,243
17,34,0.0017,-0.0004,100.0,518.67,642.07,1587.67,1396.34,14.62,21.61,554.32,2388.06,9062.43,1.3,47.31,522.48,2388.04,8142.71,8.4157,0.03,391,2388,100.0,39.04,23.5428,242
17,35,-0.0014,0.0005,100.0,518.67,642.34,1587.09,1395.86,14.62,21.61,553.96,2388.0,9063.3,1.3,47.2,521.98,2388.04,8145.8,8.4168,0.03,393,2388,100.0,39.04,23.3925,241
17,36,0.0008,-0.0,100.0,518.67,642.18,1581.6,1401.3,14.62,21.61,555.02,2388.0,9067.56,1.3,47.28,522.12,2387.99,8146.18,8.3927,0.03,392,2388,100.0,39.01,23.3091,240
17,37,-0.0012,0.0005,100.0,518.67,642.26,1580.95,1397.82,14.62,21.61,554.18,2388.01,9066.29,1.3,47.34,522.64,2388.01,8138.22,8.4527,0.03,393,2388,100.0,38.94,23.4543,239
17,38,-0.0014,0.0002,100.0,518.67,642.24,1586.55,1400.44,14.62,21.61,554.68,2387.98,9062.84,1.3,47.3,521.75,2388.01,8143.11,8.4046,0.03,395,2388,100.0,39.01,23.396,238
17,39,-0.0047,0.0004,100.0,518.67,642.44,1584.93,1397.22,14.62,21.61,554.56,2387.99,9066.65,1.3,47.39,522.13,2388.02,8137.89,8.3662,0.03,392,2388,100.0,38.88,23.4533,237
17,40,-0.0012,0.0004,100.0,518.67,642.05,1586.67,1396.39,14.62,21.61,554.69,2387.99,9057.13,1.3,47.19,522.32,2388.02,8142.68,8.3823,0.03,393,2388,100.0,38.94,23.3871,236
17,41,-0.0007,0.0002,100.0,518.67,642.18,1587.24,1397.63,14.62,21.6,554.75,2388.02,9062.42,1.3,47.16,522.25,2387.99,8149.09,8.4122,0.03,392,2388,100.0,39.02,23.3853,235
17,42,0.0038,-0.0003,100.0,518.67,642.74,1579.57,1397.41,14.62,21.61,554.42,2387.99,9069.21,1.3,47.42,522.83,2388.02,8144.92,8.3976,0.03,393,2388,100.0,38.93,23.3936,234
17,43,0.0013,-0.0004,100.0,518.67,642.28,1589.9,1390.87,14.62,21.61,554.45,2387.97,9057.86,1.3,47.02,522.4,2387.95,8143.91,8.3984,0.03,392,2388,100.0,38.96,23.3629,233
17,44,0.0042,0.0005,100.0,518.67,641.83,1583.24,1397.69,14.62,21.61,554.6,2388.03,9065.48,1.3,47.2,522.11,2387.97,8140.44,8.3944,0.03,392,2388,100.0,39.04,23.4538,232
17,45,-0.0051,0.0003,100.0,518.67,642.45,1593.52,1403.54,14.62,21.61,554.37,2388.02,9063.17,1.3,47.19,522.31,2388.01,8145.66,8.4038,0.03,392,2388,100.0,39.06,23.457,231
17,46,0.0019,-0.0002,100.0,518.67,642.06,1585.63,1391.13,14.62,21.61,554.81,2388.02,9066.15,1.3,47.1,522.65,2388.01,8147.65,8.3913,0.03,392,2388,100.0,39.01,23.3782,230
17,47,0.0016,-0.0002,100.0,518.67,642.46,1585.86,1403.53,14.62,21.61,554.41,2388.05,9062.86,1.3,47.17,522.37,2387.97,8148.7,8.3923,0.03,393,2388,100.0,38.84,23.4642,229
17,48,0.0005,0.0004,100.0,518.67,642.36,1584.05,1396.55,14.62,21.61,555.2,2388.0,9063.65,1.3,47.31,521.91,2388.04,8144.55,8.389,0.03,390,2388,100.0,39.02,23.4141,228
17,49,-0.0018,0.0002,100.0,518.67,641.74,1584.73,1396.28,14.62,21.61,554.07,2388.06,9056.86,1.3,47.35,522.41,2387.97,8145.79,8.41,0.03,391,2388,100.0,38.97,23.3393,227
17,50,-0.0002,-0.0002,100.0,518.67,642.03,1582.81,1399.94,14.62,21.61,554.02,2388.01,9062.32,1.3,47.19,522.68,2388.09,8143.79,8.3908,0.03,393,2388,100.0,38.91,23.4165,226
17,51,0.0018,0.0004,100.0,518.67,642.22,1578.52,1395.27,14.62,21.61,554.79,2387.96,9066.29,1.3,47.18,522.52,2387.96,8144.11,8.3788,0.03,391,2388,100.0,39.02,23.5128,225
17,52,-0.0056,-0.0,100.0,518.67,642.07,1589.05,1400.73,14.62,21.61,554.43,2388.02,9062.71,1.3,47.27,522.02,2388.03,8144.52,8.3841,0.03,390,2388,100.0,38.96,23.427,224
17,53,-0.0,-0.0003,100.0,518.67,642.93,1585.91,1390.76,14.62,21.6,554.31,2388.03,9070.86,1.3,47.1,522.32,2387.98,8147.42,8.4207,0.03,392,2388,100.0,39.0,23.4397,223
17,54,0.0012,0.0004,100.0,518.67,642.52,1585.11,1400.51,14.62,21.61,554.16,2388.06,9052.74,1.3,47.17,522.3,2388.02,8148.11,8.4012,0.03,392,2388,100.0,38.84,23.4519,222
17,55,0.0004,-0.0003,100.0,518.67,642.08,1583.19,1393.34,14.62,21.61,553.72,2387.97,9054.81,1.3,47.43,521.76,2388.05,8146.6,8.4243,0.03,393,2388,100.0,38.9,23.4178,221
17,56,-0.0006,-0.0002,100.0,518.67,642.28,1586.86,1393.85,14.62,21.61,554.2,2388.01,9059.95,1.3,47.22,522.48,2388.0,8145.83,8.4289,0.03,392,2388,100.0,39.32,23.291,220
17,57,0.0029,-0.0004,100.0,518.67,641.78,1587.02,1397.35,14.62,21.61,554.18,2388.01,9063.57,1.3,47.22,522.27,2387.97,8142.87,8.403,0.03,392,2388,100.0,38.99,23.4028,219
17,58,0.0033,0.0002,100.0,518.67,642.28,1581.59,1405.33,14.62,21.61,553.69,2388.07,9065.36,1.3,47.3,522.6,2388.03,8150.78,8.4086,0.03,391,2388,100.0,38.99,23.3592,218
17,59,-0.0016,0.0001,100.0,518.67,642.0,1589.37,1402.36,14.62,21.61,554.26,2388.01,9061.65,1.3,47.35,522.39,2388.01,8148.45,8.4116,0.03,393,2388,100.0,39.0,23.3498,217
17,60,0.0001,-0.0002,100.0,518.67,642.31,1581.75,1401.54,14.62,21.61,554.0,2387.98,9069.12,1.3,47.26,521.57,2388.03,8146.91,8.4102,0.03,393,2388,100.0,38.99,23.3466,216
17,61,-0.0012,-0.0,100.0,518.67,642.39,1586.61,1401.51,14.62,21.61,554.69,2388.03,9061.62,1.3,47.25,522.85,2387.97,8147.57,8.3899,0.03,393,2388,100.0,38.91,23.4476,215
17,62,-0.0021,-0.0001,100.0,518.67,642.16,1581.58,1390.41,14.62,21.61,554.24,2388.01,9063.27,1.3,47.24,522.04,2388.04,8143.21,8.3946,0.03,392,2388,100.0,38.93,23.4242,214
17,63,0.0005,0.0004,100.0,518.67,642.31,1576.29,1399.59,14.62,21.61,554.31,2387.99,9066.43,1.3,47.15,521.89,2388.05,8144.51,8.4198,0.03,391,2388,100.0,39.19,23.5292,213
17,64,-0.0017,-0.0005,100.0,518.67,642.04,1580.18,1402.7,14.62,21.61,555.0,2388.01,9066.05,1.3,47.36,522.51,2387.94,8150.45,8.3876,0.03,393,2388,100.0,39.12,23.3255,212
17,65,0.0041,0.0003,100.0,518.67,642.46,1587.59,1407.64,14.62,21.61,554.21,2388.02,9066.07,1.3,47.32,522.43,2388.03,8144.22,8.4267,0.03,392,2388,100.0,38.91,23.3514,211
17,66,0.0031,0.0004,100.0,518.67,641.86,1582.9,1400.35,14.62,21.61,554.16,2388.02,9065.47,1.3,47.25,522.73,2388.02,8146.82,8.4063,0.03,393,2388,100.0,38.9,23.425,210
17,67,-0.0005,-0.0001,100.0,518.67,642.32,1588.14,1405.95,14.62,21.61,554.27,2388.05,9062.51,1.3,47.11,522.5,2387.98,8143.17,8.4147,0.03,392,2388,100.0,38.96,23.3704,209
17,68,0.0044,0.0001,100.0,518.67,642.72,1590.12,1399.78,14.62,21.61,554.79,2388.04,9065.17,1.3,47.13,522.09,2388.0,8144.43,8.4107,0.03,391,2388,100.0,39.06,23.4402,208
17,69,-0.0038,-0.0003,100.0,518.67,642.28,1588.27,1402.03,14.62,21.61,554.36,2388.05,9063.07,1.3,47.37,522.42,2388.03,8148.47,8.4251,0.03,392,2388,100.0,39.0,23.2853,207
17,70,0.0008,0.0002,100.0,518.67,642.09,1586.68,1401.11,14.62,21.61,554.32,2387.99,9059.95,1.3,47.34,521.73,2387.99,8150.27,8.4343,0.03,392,2388,100.0,39.03,23.4371,206
17,71,-0.0008,0.0001,100.0,518.67,642.79,1584.29,1403.57,14.62,21.61,554.75,2388.02,9064.68,1.3,47.24,522.6,2388.04,8146.65,8.4107,0.03,392,2388,100.0,39.0,23.5323,205
17,72,-0.0,0.0001,100.0,518.67,641.89,1584.47,1398.68,14.62,21.61,553.33,2388.01,9061.42,1.3,47.37,522.44,2387.95,8144.44,8.4338,0.03,393,2388,100.0,39.03,23.3594,204
17,73,0.0033,-0.0002,100.0,518.67,642.1,1585.12,1395.65,14.62,21.61,553.86,2388.0,9059.89,1.3,47.12,522.36,2388.0,8151.12,8.387,0.03,393,2388,100.0,38.81,23.4495,203
17,74,-0.0005,-0.0004,100.0,518.67,641.78,1583.54,1401.35,14.62,21.61,554.65,2387.98,9063.68,1.3,47.22,522.0,2388.0,8148.06,8.4099,0.03,392,2388,100.0,38.97,23.418,202
17,75,-0.001,0.0005,100.0,518.67,642.53,1584.97,1399.29,14.62,21.61,554.26,2388.01,9064.7,1.3,47.19,522.48,2388.02,8147.49,8.411,0.03,392,2388,100.0,38.9,23.4905,201
17,76,0.0007,0.0001,100.0,518.67,642.13,1585.73,1404.19,14.62,21.61,554.56,2388.0,9065.74,1.3,47.22,522.22,2387.99,8141.13,8.4251,0.03,392,2388,100.0,38.95,23.499,200
17,77,-0.0055,-0.0001,100.0,518.67,641.96,1578.85,1398.07,14.62,21.61,554.47,2387.97,9063.99,1.3,47.22,522.18,2388.02,8146.82,8.4107,0.03,391,2388,100.0,38.9,23.346,199
17,78,-0.0003,0.0005,100.0,518.67,642.54,1575.15,1400.24,14.62,21.61,555.16,2388.02,9070.9,1.3,47.14,522.29,2388.01,8144.52,8.4346,0.03,393,2388,100.0,38.96,23.3824,198
17,79,0.0004,-0.0001,100.0,518.67,642.3,1584.01,1401.89,14.62,21.61,553.78,2388.03,9061.76,1.3,47.24,522.15,2388.04,8145.79,8.4109,0.03,391,2388,100.0,39.08,23.3999,197
17,80,-0.001,-0.0003,100.0,518.67,642.47,1587.84,1401.12,14.62,21.61,554.21,2388.03,9067.29,1.3,47.33,521.94,2388.02,8140.04,8.3726,0.03,392,2388,100.0,39.02,23.354,196
17,81,-0.0024,-0.0002,100.0,518.67,642.18,1580.49,1402.76,14.62,21.61,553.79,2388.02,9068.72,1.3,47.17,522.28,2388.02,8138.61,8.4314,0.03,393,2388,100.0,39.08,23.4297,195
17,82,0.0028,-0.0002,100.0,518.67,642.09,1587.4,1402.51,14.62,21.61,554.72,2388.0,9061.35,1.3,47.08,522.27,2388.05,8141.27,8.4216,0.03,392,2388,100.0,38.85,23.4179,194
17,83,0.0025,-0.0004,100.0,518.67,641.73,1585.25,1399.05,14.62,21.61,554.53,2388.02,9065.33,1.3,47.35,521.85,2388.01,8146.66,8.3942,0.03,391,2388,100.0,38.88,23.4432,193
17,84,0.0008,-0.0002,100.0,518.67,642.83,1582.09,1397.57,14.62,21.61,554.44,2387.96,9063.43,1.3,47.33,522.42,2388.02,8145.38,8.4064,0.03,392,2388,100.0,39.0,23.4181,192
17,85,0.0015,-0.0,100.0,518.67,642.04,1581.68,1402.77,14.62,21.61,554.05,2387.94,9063.98,1.3,47.2,522.37,2388.01,8146.24,8.4122,0.03,391,2388,100.0,38.93,23.3981,191
17,86,0.0003,0.0003,100.0,518.67,642.23,1577.94,1400.35,14.62,21.61,554.04,2388.03,9062.95,1.3,47.34,522.14,2388.06,8146.12,8.3954,0.03,391,2388,100.0,38.86,23.4391,190
17,87,-0.0018,0.0002,100.0,518.67,642.22,1589.28,1395.99,14.62,21.61,554.69,2387.96,9065.55,1.3,47.14,522.3,2388.02,8145.33,8.4027,0.03,393,2388,100.0,39.08,23.4516,189
17,88,-0.0025,-0.0001,100.0,518.67,642.56,1588.99,1398.02,14.62,21.61,554.51,2388.0,9061.78,1.3,47.27,522.18,2387.98,8144.79,8.4235,0.03,391,2388,100.0,39.11,23.5028,188
17,89,0.0036,0.0004,100.0,518.67,641.9,1583.74,1408.61,14.62,21.61,553.24,2388.0,9072.02,1.3,47.24,521.69,2388.03,8150.95,8.3915,0.03,393,2388,100.0,39.1,23.4192,187
17,90,0.0033,-0.0002,100.0,518.67,642.5,1588.75,1397.48,14.62,21.61,554.91,2387.96,9066.05,1.3,47.43,522.08,2387.99,8143.56,8.3672,0.03,393,2388,100.0,38.86,23.4356,186
17,91,0.0027,-0.0003,100.0,518.67,642.96,1585.37,1402.28,14.62,21.61,554.18,2388.02,9064.17,1.3,47.31,522.44,2388.04,8145.3,8.3709,0.03,392,2388,100.0,39.22,23.2512,185
17,92,-0.0003,0.0004,100.0,518.67,642.25,1583.37,1401.28,14.62,21.61,554.22,2388.03,9063.38,1.3,47.32,521.94,2388.08,8142.56,8.3949,0.03,393,2388,100.0,38.92,23.4493,184
17,93,-0.0014,-0.0002,100.0,518.67,641.97,1586.86,1406.35,14.62,21.61,554.17,2388.04,9067.18,1.3,47.11,522.14,2388.03,8147.49,8.4124,0.03,392,2388,100.0,39.08,23.4439,183
17,94,-0.0018,0.0004,100.0,518.67,642.37,1593.89,1400.73,14.62,21.61,554.15,2387.99,9068.61,1.3,47.31,521.81,2388.02,8143.74,8.4021,0.03,391,2388,100.0,39.0,23.2841,182
17,95,-0.0025,-0.0004,100.0,518.67,642.49,1592.66,1398.86,14.62,21.61,554.97,2388.0,9064.25,1.3,47.29,522.65,2388.04,8147.11,8.3993,0.03,391,2388,100.0,39.04,23.4424,181
17,96,0.001,-0.0004,100.0,518.67,642.9,1581.1,1400.12,14.62,21.61,554.69,2387.99,9072.01,1.3,47.4,522.15,2388.03,8148.62,8.4328,0.03,393,2388,100.0,39.01,23.4321,180
17,97,-0.0026,0.0004,100.0,518.67,642.15,1586.44,1399.53,14.62,21.61,554.73,2388.09,9064.56,1.3,47.24,522.22,2388.0,8145.77,8.3978,0.03,390,2388,100.0,38.91,23.4664,179
17,98,-0.0014,-0.0,100.0,518.67,642.46,1582.67,1402.17,14.62,21.61,553.94,2388.0,9065.91,1.3,47.23,522.22,2388.02,8142.42,8.4133,0.03,393,2388,100.0,39.01,23.3428,178
17,99,-0.0001,0.0005,100.0,518.67,642.23,1584.16,1401.3,14.62,21.61,554.82,2388.03,9061.2,1.3,47.23,522.29,2387.99,8144.55,8.3843,0.03,391,2388,100.0,38.89,23.3972,177
17,100,-0.0072,-0.0002,100.0,518.67,642.31,1581.27,1396.71,14.62,21.61,554.04,2388.02,9064.87,1.3,47.35,522.32,2388.04,8149.76,8.4034,0.03,393,2388,100.0,39.07,23.3664,176
17,101,0.0015,-0.0004,100.0,518.67,641.89,1587.61,1406.0,14.62,21.61,554.42,2388.01,9067.2,1.3,47.18,522.29,2388.05,8152.32,8.4207,0.03,391,2388,100.0,38.81,23.3533,175
17,102,0.0005,-0.0003,100.0,518.67,642.33,1588.31,1400.65,14.62,21.61,555.12,2388.01,9065.07,1.3,47.17,522.07,2388.04,8144.0,8.3835,0.03,392,2388,100.0,39.06,23.4404,174
17,103,0.0023,0.0002,100.0,518.67,642.41,1579.63,1398.34,14.62,21.61,554.49,2388.0,9069.87,1.3,47.14,521.84,2388.03,8150.5,8.4024,0.03,393,2388,100.0,39.06,23.4679,173
17,104,0.0011,-0.0,100.0,518.67,642.04,1588.67,1404.87,14.62,21.61,554.89,2387.99,9063.26,1.3,47.33,522.56,2387.97,8149.63,8.388,0.03,393,2388,100.0,38.9,23.3754,172
17,105,-0.0011,-0.0003,100.0,518.67,641.93,1583.07,1396.6,14.62,21.6,554.59,2388.04,9068.33,1.3,47.34,522.44,2388.01,8147.56,8.4383,0.03,392,2388,100.0,38.95,23.3343,171
17,106,-0.0022,0.0002,100.0,518.67,642.25,1593.42,1401.6,14.62,21.61,553.81,2387.99,9058.09,1.3,47.45,522.34,2388.02,8149.05,8.4079,0.03,391,2388,100.0,38.79,23.4032,170
17,107,0.0,-0.0001,100.0,518.67,642.71,1585.66,1401.31,14.62,21.6,554.14,2388.02,9069.01,1.3,47.24,522.04,2387.98,8144.01,8.422,0.03,393,2388,100.0,38.81,23.2836,169
17,108,-0.0005,0.0004,100.0,518.67,642.24,1583.9,1393.71,14.62,21.61,554.27,2388.05,9062.9,1.3,47.29,522.11,2388.03,8151.28,8.4157,0.03,392,2388,100.0,38.99,23.3878,168
17,109,-0.0009,0.0002,100.0,518.67,642.14,1591.46,1404.94,14.62,21.61,554.8,2388.02,9072.12,1.3,47.17,522.45,2388.04,8143.28,8.4136,0.03,394,2388,100.0,38.99,23.4821,167
17,110,0.0012,0.0005,100.0,518.67,642.38,1585.52,1402.47,14.62,21.61,554.42,2388.03,9062.73,1.3,47.38,522.0,2388.01,8145.26,8.4198,0.03,391,2388,100.0,38.98,23.3504,166
17,111,0.0016,0.0,100.0,518.67,642.16,1586.32,1398.1,14.62,21.61,554.04,2388.03,9071.37,1.3,47.12,522.45,2388.04,8150.85,8.4134,0.03,392,2388,100.0,38.95,23.4853,165
17,112,-0.0002,0.0002,100.0,518.67,642.66,1588.81,1401.7,14.62,21.61,553.83,2388.02,9064.14,1.3,47.34,522.25,2388.03,8144.82,8.4002,0.03,390,2388,100.0,38.8,23.2484,164
17,113,-0.0,0.0001,100.0,518.67,642.88,1590.27,1397.51,14.62,21.61,554.45,2388.06,9069.29,1.3,47.44,522.39,2388.04,8148.74,8.3965,0.03,393,2388,100.0,38.98,23.4601,163
17,114,0.0024,0.0003,100.0,518.67,642.23,1584.92,1401.17,14.62,21.61,554.35,2388.03,9069.64,1.3,47.33,522.57,2388.07,8149.28,8.4073,0.03,392,2388,100.0,38.88,23.4688,162
17,115,-0.0012,-0.0003,100.0,518.67,642.37,1578.31,1399.02,14.62,21.61,554.06,2388.04,9068.38,1.3,47.45,521.95,2388.05,8150.94,8.3886,0.03,391,2388,100.0,39.06,23.4274,161
17,116,0.003,0.0003,100.0,518.67,642.08,1590.34,1398.49,14.62,21.61,553.97,2388.02,9066.38,1.3,47.14,522.15,2388.0,8147.49,8.4296,0.03,390,2388,100.0,38.8,23.4046,160
17,117,-0.0039,-0.0003,100.0,518.67,642.27,1582.66,1399.59,14.62,21.61,554.3,2388.05,9065.5,1.3,47.19,522.2,2387.99,8146.53,8.3824,0.03,393,2388,100.0,39.17,23.3763,159
17,118,-0.0012,0.0001,100.0,518.67,641.56,1584.12,1412.29,14.62,21.61,554.16,2388.05,9059.8,1.3,47.51,522.34,2388.06,8147.0,8.4501,0.03,392,2388,100.0,38.93,23.3966,158
17,119,-0.0029,-0.0004,100.0,518.67,642.4,1583.74,1394.35,14.62,21.61,553.57,2387.99,9075.59,1.3,47.17,522.14,2388.01,8148.89,8.4079,0.03,392,2388,100.0,38.93,23.3375,157
17,120,-0.0029,-0.0004,100.0,518.67,642.22,1583.24,1398.24,14.62,21.61,554.07,2388.01,9063.06,1.3,47.42,522.41,2388.0,8148.04,8.4152,0.03,392,2388,100.0,38.96,23.3318,156
17,121,-0.0025,0.0001,100.0,518.67,641.63,1590.48,1403.91,14.62,21.61,554.53,2388.02,9075.59,1.3,47.5,521.78,2388.05,8142.73,8.436,0.03,392,2388,100.0,38.93,23.3183,155
17,122,0.0003,0.0,100.0,518.67,642.21,1589.17,1403.5,14.62,21.61,554.8,2388.06,9066.59,1.3,47.33,521.38,2388.05,8150.02,8.3913,0.03,392,2388,100.0,38.89,23.3101,154
17,123,-0.0006,-0.0002,100.0,518.67,642.36,1593.47,1404.06,14.62,21.61,553.9,2388.05,9075.12,1.3,47.26,522.59,2388.02,8149.73,8.4782,0.03,391,2388,100.0,38.94,23.2781,153
17,124,-0.0027,0.0003,100.0,518.67,642.95,1591.07,1398.38,14.62,21.61,554.51,2388.04,9070.62,1.3,47.17,521.94,2388.0,8153.91,8.4248,0.03,393,2388,100.0,39.1,23.3044,152
17,125,-0.0014,-0.0001,100.0,518.67,641.78,1587.36,1401.62,14.62,21.61,554.73,2388.06,9066.57,1.3,47.37,522.09,2387.99,8148.84,8.3653,0.03,391,2388,100.0,38.98,23.3872,151
17,126,-0.0007,0.0004,100.0,518.67,642.46,1586.97,1410.91,14.62,21.61,554.5,2388.01,9067.08,1.3,47.27,522.13,2388.05,8151.17,8.4011,0.03,392,2388,100.0,38.88,23.36,150
17,127,0.0002,-0.0002,100.0,518.67,642.23,1587.57,1405.74,14.62,21.61,553.96,2388.0,9069.36,1.3,47.45,521.9,2388.02,8143.57,8.408,0.03,392,2388,100.0,38.86,23.4545,149
17,128,0.0015,-0.0001,100.0,518.67,642.33,1586.88,1403.27,14.62,21.61,553.71,2388.01,9070.16,1.3,47.29,521.8,2388.01,8144.84,8.4258,0.03,391,2388,100.0,39.07,23.387,148
17,129,0.0019,-0.0001,100.0,518.67,641.78,1590.87,1395.24,14.62,21.61,554.01,2388.06,9068.22,1.3,47.32,521.83,2388.03,8150.05,8.4173,0.03,392,2388,100.0,38.94,23.2828,147
17,130,-0.0033,0.0004,100.0,518.67,642.61,1590.93,1403.14,14.62,21.61,553.76,2388.0,9065.29,1.3,47.36,522.38,2388.0,8148.17,8.4394,0.03,392,2388,100.0,38.97,23.2974,146
17,131,-0.0026,0.0004,100.0,518.67,641.92,1587.58,1406.9,14.62,21.61,553.82,2388.01,9072.15,1.3,47.37,522.15,2388.03,8150.52,8.4025,0.03,392,2388,100.0,39.06,23.3725,145
17,132,0.0044,0.0005,100.0,518.67,642.88,1584.73,1405.16,14.62,21.61,554.52,2388.04,9067.05,1.3,47.26,522.17,2388.08,8147.92,8.4163,0.03,394,2388,100.0,39.1,23.4027,144
17,133,0.0018,0.0005,100.0,518.67,642.54,1582.3,1395.69,14.62,21.61,554.78,2388.06,9078.44,1.3,47.37,521.94,2388.02,8154.05,8.4315,0.03,394,2388,100.0,39.15,23.4232,143
17,134,-0.0027,-0.0003,100.0,518.67,642.85,1582.79,1401.67,14.62,21.61,554.2,2388.03,9072.49,1.3,47.26,522.12,2388.0,8153.4,8.3966,0.03,391,2388,100.0,39.04,23.448,142
17,135,0.0011,0.0001,100.0,518.67,642.39,1581.13,1399.83,14.62,21.61,553.99,2388.0,9073.05,1.3,47.46,522.37,2387.97,8151.68,8.4142,0.03,393,2388,100.0,39.18,23.443,141
17,136,0.0015,-0.0002,100.0,518.67,642.6,1594.1,1399.88,14.62,21.61,554.39,2388.02,9070.79,1.3,47.25,522.22,2388.03,8144.77,8.4095,0.03,392,2388,100.0,38.82,23.3383,140
17,137,-0.0018,0.0002,100.0,518.67,642.6,1585.5,1403.29,14.62,21.61,553.53,2387.95,9070.92,1.3,47.2,522.16,2388.07,8152.49,8.4436,0.03,392,2388,100.0,38.98,23.3797,139
17,138,0.0017,-0.0001,100.0,518.67,642.62,1585.66,1404.48,14.62,21.61,554.33,2388.03,9069.49,1.3,47.2,522.15,2388.03,8152.64,8.3738,0.03,393,2388,100.0,38.97,23.4277,138
17,139,-0.0,0.0003,100.0,518.67,642.54,1594.99,1394.7,14.62,21.61,554.99,2388.02,9068.66,1.3,47.43,522.15,2388.03,8150.23,8.412,0.03,394,2388,100.0,38.89,23.3232,137
17,140,-0.0004,0.0003,100.0,518.67,642.12,1593.98,1398.0,14.62,21.61,553.43,2388.05,9077.4,1.3,47.4,522.44,2387.99,8157.77,8.4541,0.03,393,2388,100.0,38.95,23.3649,136
17,141,0.0005,-0.0002,100.0,518.67,642.22,1586.76,1402.17,14.62,21.61,554.14,2388.04,9071.91,1.3,47.4,521.9,2388.05,8153.0,8.4158,0.03,391,2388,100.0,38.87,23.439,135
17,142,0.0019,-0.0001,100.0,518.67,642.46,1590.23,1394.96,14.62,21.61,553.32,2388.03,9072.57,1.3,47.25,521.62,2388.06,8147.48,8.4069,0.03,393,2388,100.0,38.83,23.2935,134
17,143,0.0014,-0.0001,100.0,518.67,642.54,1586.74,1403.49,14.62,21.61,553.21,2388.02,9069.54,1.3,47.3,522.49,2388.06,8150.58,8.4402,0.03,393,2388,100.0,38.97,23.2889,133
17,144,-0.0019,0.0002,100.0,518.67,641.94,1583.07,1407.06,14.62,21.61,553.85,2388.05,9070.9,1.3,47.32,521.82,2388.01,8148.08,8.3894,0.03,393,2388,100.0,39.01,23.3687,132
17,145,-0.0019,-0.0003,100.0,518.67,642.3,1584.65,1397.85,14.62,21.61,554.06,2388.02,9073.92,1.3,47.35,522.19,2388.01,8150.4,8.4253,0.03,393,2388,100.0,38.86,23.2876,131
17,146,-0.0001,0.0,100.0,518.67,642.42,1583.59,1405.31,14.62,21.6,553.95,2388.07,9079.65,1.3,47.25,521.64,2388.04,8151.93,8.3745,0.03,394,2388,100.0,38.92,23.4263,130
17,147,-0.0032,-0.0002,100.0,518.67,641.61,1590.75,1405.51,14.62,21.61,554.51,2388.0,9071.21,1.3,47.38,521.64,2388.02,8154.24,8.4308,0.03,392,2388,100.0,39.06,23.4109,129
17,148,0.001,0.0001,100.0,518.67,642.86,1588.66,1404.35,14.62,21.61,554.11,2388.03,9076.67,1.3,47.41,521.84,2388.02,8151.04,8.4223,0.03,392,2388,100.0,38.74,23.3243,128
17,149,0.0031,-0.0004,100.0,518.67,642.68,1586.63,1399.87,14.62,21.61,553.2,2388.05,9073.04,1.3,47.46,521.84,2388.09,8150.09,8.4206,0.03,392,2388,100.0,39.0,23.3674,127
17,150,0.0026,0.0004,100.0,518.67,641.98,1588.37,1400.46,14.62,21.61,553.62,2388.03,9072.61,1.3,47.3,522.08,2387.97,8150.59,8.4148,0.03,393,2388,100.0,38.84,23.3882,126
17,151,0.0027,0.0003,100.0,518.67,642.49,1585.53,1401.98,14.62,21.61,554.6,2388.03,9074.79,1.3,47.28,522.41,2388.05,8156.83,8.3896,0.03,393,2388,100.0,38.91,23.3245,125
17,152,0.0051,-0.0004,100.0,518.67,642.04,1593.13,1403.46,14.62,21.61,554.36,2388.07,9080.05,1.3,47.24,522.06,2388.02,8154.53,8.4213,0.03,393,2388,100.0,38.99,23.3333,124
17,153,0.0024,0.0,100.0,518.67,642.96,1586.26,1395.23,14.62,21.61,554.25,2388.04,9069.89,1.3,47.37,521.44,2388.0,8155.61,8.4397,0.03,392,2388,100.0,38.89,23.3772,123
17,154,0.0005,-0.0002,100.0,518.67,643.0,1580.31,1403.02,14.62,21.61,554.11,2388.07,9073.09,1.3,47.39,521.96,2387.99,8149.91,8.4325,0.03,392,2388,100.0,39.08,23.2863,122
17,155,-0.0025,-0.0002,100.0,518.67,642.25,1580.98,1398.62,14.62,21.61,554.07,2388.04,9075.1,1.3,47.32,521.85,2388.05,8151.57,8.4217,0.03,392,2388,100.0,39.01,23.3772,121
17,156,0.0015,0.0001,100.0,518.67,642.53,1585.24,1395.35,14.62,21.61,553.74,2388.01,9074.03,1.3,47.39,521.64,2388.04,8148.93,8.4294,0.03,391,2388,100.0,38.96,23.4702,120
17,157,0.0011,0.0002,100.0,518.67,642.93,1587.96,1402.5,14.62,21.61,553.89,2388.05,9080.17,1.3,47.41,522.15,2388.06,8152.76,8.4198,0.03,394,2388,100.0,38.92,23.2474,119
17,158,-0.0044,-0.0004,100.0,518.67,642.34,1586.11,1408.6,14.62,21.6,554.0,2387.98,9076.64,1.3,47.39,521.94,2388.05,8154.97,8.4323,0.03,392,2388,100.0,39.05,23.3525,118
17,159,0.0001,-0.0005,100.0,518.67,642.72,1586.39,1393.73,14.62,21.61,553.71,2388.03,9074.0,1.3,47.42,521.75,2388.05,8153.07,8.4038,0.03,393,2388,100.0,38.8,23.4214,117
17,160,-0.0007,0.0002,100.0,518.67,642.58,1589.31,1394.92,14.62,21.61,553.53,2388.09,9071.75,1.3,47.32,521.88,2388.07,8149.46,8.4545,0.03,391,2388,100.0,38.98,23.3392,116
17,161,0.0007,0.0001,100.0,518.67,642.7,1595.22,1401.72,14.62,21.61,554.39,2388.02,9078.97,1.3,47.41,521.56,2388.1,8153.47,8.4288,0.03,392,2388,100.0,38.75,23.2923,115
17,162,-0.0005,-0.0003,100.0,518.67,641.97,1587.8,1403.67,14.62,21.61,553.61,2387.98,9079.11,1.3,47.29,521.98,2388.07,8157.64,8.3727,0.03,392,2388,100.0,39.0,23.2856,114
17,163,-0.0004,0.0002,100.0,518.67,642.07,1593.86,1406.47,14.62,21.61,554.58,2388.03,9080.1,1.3,47.61,522.21,2388.06,8152.79,8.3846,0.03,392,2388,100.0,38.95,23.2523,113
17,164,-0.0025,-0.0002,100.0,518.67,642.22,1583.89,1412.84,14.62,21.61,553.92,2388.07,9071.27,1.3,47.08,522.64,2388.02,8155.84,8.3935,0.03,392,2388,100.0,38.98,23.3198,112
17,165,-0.0028,-0.0002,100.0,518.67,642.2,1589.27,1400.95,14.62,21.61,554.09,2388.03,9071.14,1.3,47.28,522.01,2388.02,8149.26,8.4005,0.03,394,2388,100.0,38.99,23.3098,111
17,166,0.0,0.0001,100.0,518.67,642.56,1580.45,1395.52,14.62,21.61,554.03,2388.04,9067.88,1.3,47.35,522.05,2388.05,8157.2,8.4073,0.03,393,2388,100.0,38.88,23.292,110
17,167,-0.0006,0.0001,100.0,518.67,642.36,1582.58,1402.52,14.62,21.61,553.89,2388.08,9082.61,1.3,47.2,521.72,2388.04,8147.69,8.4203,0.03,393,2388,100.0,39.01,23.2854,109
17,168,-0.0014,0.0,100.0,518.67,641.98,1591.18,1395.11,14.62,21.61,553.45,2388.04,9071.85,1.3,47.32,522.13,2388.0,8155.99,8.4095,0.03,393,2388,100.0,38.92,23.3429,108
17,169,-0.0045,-0.0002,100.0,518.67,642.67,1584.04,1410.3,14.62,21.61,553.68,2388.1,9072.6,1.3,47.33,522.22,2388.06,8163.92,8.4124,0.03,393,2388,100.0,38.89,23.3404,107
17,170,0.0003,0.0,100.0,518.67,642.84,1593.08,1397.9,14.62,21.61,554.39,2388.04,9079.97,1.3,47.49,522.31,2388.03,8158.24,8.4557,0.03,393,2388,100.0,38.91,23.4283,106
17,171,0.0037,0.0003,100.0,518.67,642.58,1586.53,1403.43,14.62,21.61,554.59,2387.99,9077.32,1.3,47.39,522.04,2388.07,8153.32,8.4302,0.03,391,2388,100.0,38.88,23.3404,105
17,172,-0.0017,-0.0002,100.0,518.67,642.72,1593.31,1402.83,14.62,21.61,554.25,2387.96,9078.52,1.3,47.38,521.9,2388.09,8152.4,8.4294,0.03,393,2388,100.0,38.9,23.4612,104
17,173,-0.003,-0.0003,100.0,518.67,642.84,1584.9,1407.84,14.62,21.61,554.3,2388.02,9072.05,1.3,47.24,521.67,2388.02,8159.56,8.4067,0.03,392,2388,100.0,38.95,23.4445,103
17,174,0.0025,-0.0002,100.0,518.67,643.04,1585.99,1397.64,14.62,21.61,552.86,2388.02,9082.32,1.3,47.45,522.1,2388.04,8161.09,8.3911,0.03,392,2388,100.0,38.9,23.2987,102
17,175,-0.0003,-0.0003,100.0,518.67,642.45,1594.12,1404.96,14.62,21.61,553.72,2388.06,9076.94,1.3,47.45,521.85,2388.03,8160.41,8.4079,0.03,395,2388,100.0,39.05,23.3794,101
17,176,-0.0007,-0.0002,100.0,518.67,642.18,1586.34,1399.89,14.62,21.61,554.48,2388.02,9075.31,1.3,47.46,521.7,2388.1,8152.45,8.4111,0.03,393,2388,100.0,38.86,23.2551,100
17,177,-0.0004,0.0002,100.0,518.67,642.36,1585.89,1407.83,14.62,21.61,553.99,2388.1,9078.76,1.3,47.51,521.76,2388.03,8154.89,8.416,0.03,392,2388,100.0,38.9,23.3162,99
17,178,-0.0024,0.0001,100.0,518.67,642.62,1587.15,1403.37,14.62,21.61,553.89,2388.07,9092.23,1.3,47.38,522.07,2388.04,8155.87,8.434,0.03,392,2388,100.0,38.93,23.2983,98
17,179,0.0037,0.0001,100.0,518.67,642.97,1589.44,1401.41,14.62,21.61,553.71,2388.02,9080.14,1.3,47.41,521.51,2388.06,8155.41,8.3721,0.03,392,2388,100.0,38.65,23.3575,97
17,180,-0.0007,0.0001,100.0,518.67,642.11,1586.0,1412.6,14.62,21.61,553.84,2388.06,9077.05,1.3,47.43,521.72,2388.02,8155.87,8.4301,0.03,392,2388,100.0,38.93,23.3311,96
17,181,-0.0017,0.0004,100.0,518.67,642.46,1583.92,1409.66,14.62,21.61,554.03,2388.02,9074.26,1.3,47.35,521.68,2388.02,8161.25,8.3988,0.03,394,2388,100.0,38.92,23.3106,95
17,182,0.0012,0.0,100.0,518.67,642.63,1588.34,1408.71,14.62,21.61,554.0,2387.98,9088.28,1.3,47.56,522.32,2388.02,8160.32,8.4153,0.03,393,2388,100.0,38.75,23.3561,94
17,183,-0.0048,0.0005,100.0,518.67,643.0,1598.21,1405.2,14.62,21.61,553.8,2388.05,9082.16,1.3,47.37,521.77,2388.05,8158.22,8.417,0.03,392,2388,100.0,39.16,23.321,93
17,184,-0.0012,0.0002,100.0,518.67,642.61,1590.64,1401.65,14.62,21.61,553.35,2388.0,9084.23,1.3,47.29,521.69,2388.02,8161.29,8.4398,0.03,393,2388,100.0,38.92,23.3142,92
17,185,0.0005,-0.0004,100.0,518.67,642.56,1590.84,1402.19,14.62,21.61,553.53,2388.06,9093.04,1.3,47.3,521.87,2388.07,8163.66,8.4302,0.03,394,2388,100.0,38.88,23.3731,91
17,186,0.0011,-0.0,100.0,518.67,642.6,1584.49,1397.07,14.62,21.61,553.77,2388.06,9089.98,1.3,47.55,522.21,2388.03,8157.81,8.4466,0.03,393,2388,100.0,39.0,23.3551,90
17,187,-0.003,0.0003,100.0,518.67,642.83,1598.42,1406.55,14.62,21.61,554.23,2388.02,9089.38,1.3,47.49,521.79,2388.05,8155.22,8.3888,0.03,393,2388,100.0,38.73,23.264,89
17,188,0.0005,0.0003,100.0,518.67,642.57,1588.56,1406.95,14.62,21.61,553.33,2387.98,9084.07,1.3,47.37,521.78,2388.05,8163.75,8.4254,0.03,393,2388,100.0,38.89,23.3991,88
17,189,-0.002,-0.0004,100.0,518.67,642.43,1585.39,1401.76,14.62,21.61,553.54,2388.03,9089.36,1.3,47.42,522.02,2388.02,8164.71,8.4385,0.03,396,2388,100.0,38.79,23.2303,87
17,190,-0.0033,0.0005,100.0,518.67,642.25,1596.9,1410.8,14.62,21.61,553.86,2388.03,9087.45,1.3,47.27,521.62,2388.02,8161.74,8.4298,0.03,394,2388,100.0,38.76,23.2449,86
17,191,-0.0028,-0.0002,100.0,518.67,642.63,1591.59,1400.26,14.62,21.61,554.13,2387.97,9088.66,1.3,47.61,521.17,2388.01,8166.79,8.4122,0.03,393,2388,100.0,39.09,23.3415,85
17,192,0.0024,-0.0002,100.0,518.67,642.55,1586.71,1409.87,14.62,21.6,554.54,2388.1,9085.86,1.3,47.53,521.53,2388.08,8167.63,8.4493,0.03,395,2388,100.0,39.06,23.343,84
17,193,0.0003,-0.0004,100.0,518.67,642.46,1596.63,1408.77,14.62,21.61,553.64,2388.06,9086.66,1.3,47.4,521.76,2388.12,8162.15,8.4148,0.03,395,2388,100.0,38.85,23.3076,83
17,194,-0.0012,0.0001,100.0,518.67,643.07,1587.51,1410.3,14.62,21.61,552.51,2388.02,9086.64,1.3,47.64,521.8,2388.07,8159.0,8.4261,0.03,392,2388,100.0,39.0,23.2493,82
17,195,0.0033,0.0003,100.0,518.67,642.85,1584.21,1405.3,14.62,21.61,554.27,2388.0,9086.46,1.3,47.36,521.97,2388.03,8163.03,8.4251,0.03,395,2388,100.0,38.97,23.3354,81
17,196,0.0003,0.0001,100.0,518.67,642.98,1588.67,1404.79,14.62,21.61,553.42,2388.01,9089.52,1.3,47.53,522.16,2387.97,8165.2,8.4634,0.03,395,2388,100.0,38.93,23.3255,80
17,197,0.0021,0.0004,100.0,518.67,642.46,1589.8,1411.75,14.62,21.61,553.48,2388.06,9085.79,1.3,47.4,521.85,2388.03,8166.94,8.4321,0.03,393,2388,100.0,38.96,23.3218,79
17,198,0.0006,0.0003,100.0,518.67,642.35,1587.84,1407.94,14.62,21.61,554.07,2388.07,9088.23,1.3,47.61,521.77,2388.07,8164.27,8.4606,0.03,392,2388,100.0,38.81,23.3737,78
17,199,-0.0039,0.0003,100.0,518.67,642.05,1584.36,1404.1,14.62,21.61,553.94,2388.01,9086.74,1.3,47.46,521.47,2388.09,8161.21,8.4463,0.03,393,2388,100.0,38.9,23.3126,77
17,200,0.0018,-0.0001,100.0,518.67,642.49,1583.5,1402.29,14.62,21.61,553.8,2388.09,9093.13,1.3,47.31,521.7,2388.06,8166.26,8.4183,0.03,393,2388,100.0,38.79,23.3859,76
17,201,0.0004,-0.0,100.0,518.67,642.54,1598.26,1406.68,14.62,21.61,553.68,2388.08,9097.7,1.3,47.62,521.21,2388.09,8169.01,8.4463,0.03,393,2388,100.0,38.76,23.359,75
17,202,0.0021,0.0003,100.0,518.67,642.11,1587.1,1404.18,14.62,21.61,553.14,2388.05,9087.2,1.3,47.29,521.24,2388.12,8167.97,8.4543,0.03,393,2388,100.0,38.74,23.287,74
17,203,-0.0019,0.0001,100.0,518.67,642.86,1583.16,1408.23,14.62,21.61,552.97,2388.0,9098.99,1.3,47.59,521.23,2388.06,8172.11,8.4249,0.03,394,2388,100.0,38.72,23.2474,73
17,204,0.0031,0.0002,100.0,518.67,642.87,1589.72,1406.92,14.62,21.61,553.47,2388.07,9085.19,1.3,47.57,521.49,2388.07,8168.85,8.4462,0.03,392,2388,100.0,38.99,23.2776,72
17,205,-0.0015,0.0001,100.0,518.67,642.53,1591.21,1408.9,14.62,21.61,554.09,2388.0,9093.45,1.3,47.62,521.87,2388.02,8164.89,8.404,0.03,393,2388,100.0,38.75,23.1035,71
17,206,-0.0062,-0.0004,100.0,518.67,642.75,1584.7,1400.9,14.62,21.61,553.84,2388.01,9099.72,1.3,47.59,522.13,2388.04,8168.01,8.4346,0.03,393,2388,100.0,38.95,23.2152,70
17,207,0.0043,-0.0004,100.0,518.67,642.67,1586.55,1409.62,14.62,21.61,553.24,2388.05,9090.05,1.3,47.5,521.67,2388.09,8168.73,8.4357,0.03,394,2388,100.0,38.72,23.327,69
17,208,0.002,0.0003,100.0,518.67,642.2,1589.75,1408.41,14.62,21.61,553.85,2388.03,9090.21,1.3,47.54,521.25,2388.08,8172.6,8.4291,0.03,393,2388,100.0,38.88,23.3964,68
17,209,-0.0031,0.0002,100.0,518.67,642.85,1586.79,1399.69,14.62,21.61,553.35,2388.07,9096.93,1.3,47.41,521.12,2388.02,8167.8,8.4429,0.03,392,2388,100.0,38.67,23.2707,67
17,210,-0.0014,0.0003,100.0,518.67,642.58,1597.16,1406.89,14.62,21.61,553.39,2388.06,9094.84,1.3,47.43,521.9,2388.03,8173.59,8.4259,0.03,393,2388,100.0,38.61,23.3856,66
17,211,-0.0009,-0.0004,100.0,518.67,642.52,1589.79,1412.93,14.62,21.61,554.08,2388.05,9105.01,1.3,47.39,521.32,2388.05,8171.28,8.438,0.03,393,2388,100.0,38.81,23.338,65
17,212,0.0006,-0.0002,100.0,518.67,642.56,1589.47,1413.36,14.62,21.61,553.56,2388.04,9098.46,1.3,47.6,521.11,2388.04,8173.93,8.4334,0.03,392,2388,100.0,38.68,23.306,64
17,213,-0.0019,0.0005,100.0,518.67,642.47,1587.09,1407.88,14.62,21.61,553.07,2388.03,9092.21,1.3,47.34,521.79,2388.07,8168.48,8.4359,0.03,395,2388,100.0,38.89,23.3755,63
17,214,0.0002,-0.0,100.0,518.67,643.01,1595.01,1414.55,14.62,21.61,553.74,2388.07,9095.88,1.3,47.51,521.34,2388.04,8175.45,8.4108,0.03,393,2388,100.0,38.74,23.1943,62
17,215,0.0003,0.0005,100.0,518.67,642.74,1590.37,1410.19,14.62,21.61,553.33,2388.05,9097.75,1.3,47.41,521.55,2388.07,8171.84,8.4348,0.03,393,2388,100.0,38.8,23.1593,61
17,216,-0.0023,-0.0001,100.0,518.67,642.73,1592.56,1417.78,14.62,21.61,552.61,2388.1,9102.26,1.3,47.37,521.14,2388.08,8173.32,8.4621,0.03,393,2388,100.0,38.69,23.1804,60
17,217,0.0042,0.0001,100.0,518.67,642.81,1591.34,1409.4,14.62,21.61,553.14,2388.08,9110.76,1.3,47.49,521.12,2388.08,8173.79,8.4657,0.03,393,2388,100.0,38.78,23.2216,59
17,218,0.0014,0.0005,100.0,518.67,642.69,1593.94,1409.23,14.62,21.61,553.28,2388.11,9095.79,1.3,47.56,521.72,2388.0,8174.14,8.452,0.03,392,2388,100.0,39.1,23.2116,58
17,219,-0.0006,0.0004,100.0,518.67,642.67,1588.2,1409.23,14.62,21.61,553.24,2388.06,9108.83,1.3,47.36,521.73,2388.02,8179.1,8.4623,0.03,394,2388,100.0,38.83,23.2798,57
17,220,-0.001,-0.0004,100.0,518.67,642.43,1593.96,1410.74,14.62,21.61,553.1,2388.06,9101.47,1.3,47.39,521.32,2388.1,8177.87,8.4338,0.03,394,2388,100.0,38.9,23.2437,56
17,221,-0.0023,-0.0002,100.0,518.67,642.68,1589.89,1406.92,14.62,21.61,553.29,2388.05,9101.35,1.3,47.69,521.19,2388.05,8179.79,8.4421,0.03,393,2388,100.0,38.76,23.3312,55
17,222,-0.0014,0.0003,100.0,518.67,643.3,1600.94,1406.96,14.62,21.61,553.75,2388.07,9103.45,1.3,47.67,521.29,2388.08,8177.6,8.4565,0.03,394,2388,100.0,38.82,23.1434,54
17,223,0.0008,0.0002,100.0,518.67,642.79,1585.32,1409.63,14.62,21.61,553.95,2388.05,9102.63,1.3,47.42,521.24,2388.07,8177.14,8.4683,0.03,393,2388,100.0,38.85,23.3197,53
17,224,-0.004,0.0003,100.0,518.67,643.04,1594.78,1410.57,14.62,21.61,553.04,2388.11,9102.49,1.3,47.58,521.56,2388.1,8178.81,8.4641,0.03,395,2388,100.0,38.71,23.1333,52
17,225,0.001,-0.0004,100.0,518.67,643.68,1594.64,1409.17,14.62,21.61,552.61,2388.02,9102.69,1.3,47.58,521.44,2388.07,8185.75,8.454,0.03,394,2388,100.0,38.76,23.178,51
17,226,-0.0024,0.0001,100.0,518.67,643.19,1587.67,1413.49,14.62,21.61,553.03,2388.1,9110.93,1.3,47.64,520.9,2388.08,8182.49,8.4153,0.03,395,2388,100.0,38.93,23.2297,50
17,227,0.0001,0.0001,100.0,518.67,642.66,1591.11,1410.2,14.62,21.61,553.52,2388.07,9106.13,1.3,47.64,520.98,2388.07,8180.42,8.4643,0.03,395,2388,100.0,38.91,23.312,49
17,228,-0.0017,-0.0002,100.0,518.67,643.11,1588.27,1411.02,14.62,21.61,553.32,2388.08,9106.85,1.3,47.49,521.41,2388.03,8186.55,8.4544,0.03,395,2388,100.0,38.81,23.2811,48
17,229,-0.0021,0.0004,100.0,518.67,642.91,1591.13,1413.03,14.62,21.61,553.83,2388.08,9101.28,1.3,47.57,521.04,2388.11,8176.37,8.4469,0.03,394,2388,100.0,38.77,23.2396,47
17,230,-0.0017,-0.0002,100.0,518.67,643.1,1590.1,1411.74,14.62,21.61,553.68,2388.13,9118.46,1.3,47.53,520.89,2388.08,8185.48,8.4554,0.03,394,2388,100.0,38.79,23.1847,46
17,231,0.0016,-0.0,100.0,518.67,642.78,1597.89,1418.15,14.62,21.61,552.86,2388.07,9113.15,1.3,47.61,520.97,2388.03,8177.5,8.4632,0.03,395,2388,100.0,38.82,23.234,45
17,232,0.0027,0.0004,100.0,518.67,643.1,1591.59,1415.25,14.62,21.61,552.91,2388.08,9111.2,1.3,47.49,521.06,2388.1,8180.43,8.4124,0.03,395,2388,100.0,38.59,23.1387,44
17,233,-0.0005,-0.0004,100.0,518.67,643.03,1595.48,1409.53,14.62,21.61,552.87,2388.08,9115.85,1.3,47.65,521.09,2388.03,8182.18,8.4475,0.03,396,2388,100.0,38.8,23.1826,43
17,234,-0.0006,0.0001,100.0,518.67,642.82,1590.95,1417.87,14.62,21.61,552.88,2388.09,9113.78,1.3,47.45,521.15,2388.08,8189.65,8.4235,0.03,395,2388,100.0,38.75,23.1886,42
17,235,-0.0008,0.0003,100.0,518.67,643.22,1595.63,1407.83,14.62,21.61,552.42,2388.09,9113.73,1.3,47.66,521.34,2388.04,8188.31,8.4754,0.03,395,2388,100.0,38.78,23.2613,41
17,236,0.0026,0.0004,100.0,518.67,642.95,1600.4,1417.09,14.62,21.61,553.32,2388.08,9115.0,1.3,47.76,520.7,2388.12,8188.48,8.4505,0.03,394,2388,100.0,38.75,23.1692,40
17,237,0.0014,0.0003,100.0,518.67,642.46,1592.09,1408.25,14.62,21.61,552.89,2388.05,9121.11,1.3,47.61,521.0,2388.09,8187.39,8.4465,0.03,395,2388,100.0,38.69,23.2524,39
17,238,-0.0027,0.0001,100.0,518.67,643.0,1593.94,1418.85,14.62,21.61,553.18,2388.11,9122.28,1.3,47.67,521.37,2388.11,8190.03,8.4623,0.03,395,2388,100.0,38.68,23.1945,38
17,239,-0.0002,-0.0001,100.0,518.67,642.56,1600.14,1422.99,14.62,21.61,552.88,2388.11,9120.69,1.3,47.75,521.23,2388.1,8195.0,8.4775,0.03,395,2388,100.0,38.6,23.256,37
17,240,-0.0009,-0.0004,100.0,518.67,643.17,1597.82,1418.71,14.62,21.61,553.42,2388.02,9117.44,1.3,47.67,520.91,2388.09,8188.03,8.4616,0.03,394,2388,100.0,38.79,23.2331,36
17,241,0.0005,0.0001,100.0,518.67,642.96,1595.09,1415.02,14.62,21.61,553.21,2388.15,9124.95,1.3,47.65,521.59,2388.1,8190.96,8.4388,0.03,395,2388,100.0,38.89,23.1517,35
17,242,-0.0008,-0.0002,100.0,518.67,643.41,1596.72,1419.3,14.62,21.61,552.89,2388.11,9122.21,1.3,47.66,521.08,2388.08,8194.79,8.4488,0.03,395,2388,100.0,38.66,23.2495,34
17,243,-0.0038,0.0003,100.0,518.67,643.47,1595.79,1414.03,14.62,21.61,553.1,2388.07,9120.7,1.3,47.74,520.96,2388.06,8194.29,8.459,0.03,395,2388,100.0,38.72,23.1161,33
17,244,-0.0011,-0.0002,100.0,518.67,643.05,1595.27,1422.37,14.62,21.61,552.84,2388.1,9130.58,1.3,47.65,521.24,2388.09,8191.39,8.4635,0.03,396,2388,100.0,38.74,23.2356,32
17,245,-0.0003,-0.0001,100.0,518.67,643.37,1595.23,1411.52,14.62,21.61,553.29,2388.05,9130.57,1.3,47.9,521.01,2388.1,8194.35,8.4702,0.03,392,2388,100.0,38.51,23.1402,31
17,246,-0.0022,0.0001,100.0,518.67,642.62,1597.58,1419.6,14.62,21.61,552.84,2388.13,9134.62,1.3,47.66,520.75,2388.14,8194.51,8.4397,0.03,393,2388,100.0,38.74,23.2464,30
17,247,0.001,-0.0003,100.0,518.67,643.13,1597.55,1416.46,14.62,21.61,553.0,2388.11,9132.09,1.3,47.73,521.03,2388.09,8194.09,8.4916,0.03,395,2388,100.0,38.64,23.17,29
17,248,-0.0004,0.0003,100.0,518.67,642.72,1601.33,1412.8,14.62,21.61,553.08,2388.06,9130.51,1.3,47.82,520.56,2388.11,8198.92,8.4594,0.03,395,2388,100.0,38.65,23.1999,28
17,249,-0.006,-0.0003,100.0,518.67,643.05,1586.19,1421.61,14.62,21.61,552.98,2388.09,9128.99,1.3,47.96,521.15,2388.14,8205.17,8.4987,0.03,392,2388,100.0,38.79,23.1289,27
17,250,-0.0013,-0.0004,100.0,518.67,643.21,1595.47,1415.21,14.62,21.61,552.59,2388.13,9129.91,1.3,47.69,520.53,2388.14,8199.63,8.4429,0.03,396,2388,100.0,38.72,23.1109,26
17,251,-0.0007,0.0001,100.0,518.67,643.13,1592.38,1415.08,14.62,21.61,551.48,2388.16,9135.53,1.3,47.9,521.21,2388.15,8201.06,8.4902,0.03,395,2388,100.0,38.58,23.1594,25
17,252,0.0015,-0.0001,100.0,518.67,642.91,1594.24,1414.83,14.62,21.61,552.46,2388.11,9133.97,1.3,47.71,520.57,2388.04,8202.06,8.4695,0.03,394,2388,100.0,38.64,23.1611,24
17,253,0.0001,0.0004,100.0,518.67,643.22,1595.99,1418.95,14.62,21.61,552.99,2388.08,9131.17,1.3,47.79,520.9,2388.1,8201.95,8.4669,0.03,396,2388,100.0,38.5,23.1701,23
17,254,-0.0,0.0004,100.0,518.67,643.01,1596.56,1421.67,14.62,21.61,552.55,2388.06,9141.4,1.3,47.78,520.68,2388.11,8205.01,8.4561,0.03,396,2388,100.0,38.49,23.1806,22
17,255,0.001,-0.0,100.0,518.67,643.06,1593.97,1421.43,14.62,21.61,552.41,2388.09,9136.55,1.3,47.9,520.42,2388.09,8208.51,8.4853,0.03,395,2388,100.0,38.56,23.1941,21
17,256,-0.0021,-0.0002,100.0,518.67,643.2,1605.95,1421.93,14.62,21.61,553.17,2388.12,9143.08,1.3,47.88,520.53,2388.12,8208.09,8.5161,0.03,396,2388,100.0,38.52,23.1985,20
17,257,0.0012,0.0004,100.0,518.67,644.09,1594.72,1419.53,14.62,21.61,552.62,2388.16,9142.44,1.3,47.85,520.7,2388.07,8206.35,8.4991,0.03,395,2388,100.0,38.47,23.1453,19
17,258,0.0017,-0.0,100.0,518.67,643.68,1602.79,1415.0,14.62,21.61,552.67,2388.1,9143.56,1.3,48.03,520.97,2388.09,8211.55,8.4594,0.03,396,2388,100.0,38.68,23.1426,18
17,259,-0.0027,0.0002,100.0,518.67,643.27,1595.62,1428.3,14.62,21.61,552.52,2388.11,9144.67,1.3,47.95,520.84,2388.15,8209.68,8.4921,0.03,395,2388,100.0,38.38,23.125,17
17,260,-0.0012,0.0003,100.0,518.67,643.17,1599.31,1428.94,14.62,21.61,552.38,2388.14,9143.72,1.3,47.89,520.63,2388.16,8214.79,8.5113,0.03,396,2388,100.0,38.59,23.0846,16
17,261,0.0031,-0.0004,100.0,518.67,643.87,1596.92,1421.2,14.62,21.61,552.01,2388.07,9144.18,1.3,47.87,520.61,2388.1,8212.81,8.4809,0.03,397,2388,100.0,38.58,22.9783,15
17,262,-0.0012,-0.0001,100.0,518.67,643.28,1597.94,1418.06,14.62,21.61,552.13,2388.07,9151.57,1.3,47.95,519.98,2388.1,8214.79,8.4567,0.03,397,2388,100.0,38.42,23.0853,14
17,263,0.0006,0.0004,100.0,518.67,643.65,1601.45,1416.22,14.62,21.61,551.81,2388.15,9152.72,1.3,48.16,520.57,2388.16,8215.01,8.4526,0.03,395,2388,100.0,38.59,23.0641,13
17,264,-0.003,-0.0004,100.0,518.67,643.62,1599.98,1427.41,14.62,21.61,552.61,2388.16,9159.03,1.3,47.89,520.74,2388.15,8222.0,8.4746,0.03,396,2388,100.0,38.53,23.1302,12
17,265,-0.0001,-0.0004,100.0,518.67,643.64,1593.34,1429.2,14.62,21.61,552.59,2388.13,9162.76,1.3,47.88,520.83,2388.13,8224.72,8.4977,0.03,396,2388,100.0,38.48,23.1248,11
17,266,0.002,0.0002,100.0,518.67,643.81,1601.24,1427.81,14.62,21.61,551.47,2388.17,9162.87,1.3,47.98,520.13,2388.2,8218.51,8.4876,0.03,396,2388,100.0,38.65,23.0748,10
17,267,0.0031,0.0004,100.0,518.67,643.51,1608.86,1421.63,14.62,21.61,551.75,2388.1,9151.9,1.3,47.93,520.84,2388.18,8215.02,8.5067,0.03,396,2388,100.0,38.44,23.1876,9
17,268,-0.002,0.0004,100.0,518.67,643.17,1603.62,1430.58,14.62,21.61,550.88,2388.15,9159.69,1.3,47.91,520.16,2388.1,8219.37,8.54,0.03,396,2388,100.0,38.34,23.091,8
17,269,0.0026,-0.0002,100.0,518.67,643.73,1602.28,1430.87,14.62,21.61,552.2,2388.18,9162.15,1.3,48.14,520.54,2388.21,8226.28,8.4907,0.03,397,2388,100.0,38.49,23.0103,7
17,270,0.0017,0.0,100.0,518.67,643.33,1602.5,1424.06,14.62,21.61,552.19,2388.15,9171.89,1.3,47.93,520.24,2388.08,8227.5,8.5155,0.03,396,2388,100.0,38.44,23.1338,6
17,271,0.0025,0.0002,100.0,518.67,643.55,1608.55,1433.02,14.62,21.61,552.18,2388.15,9175.55,1.3,48.09,520.52,2388.15,8228.0,8.4998,0.03,397,2388,100.0,38.44,23.0751,5
17,272,-0.0014,0.0002,100.0,518.67,643.13,1605.43,1422.78,14.62,21.61,552.13,2388.17,9167.31,1.3,48.2,520.08,2388.13,8228.6,8.5318,0.03,395,2388,100.0,38.32,23.0667,4
17,273,0.0031,0.0004,100.0,518.67,643.71,1602.12,1422.72,14.62,21.61,552.04,2388.14,9177.53,1.3,48.23,520.09,2388.13,8231.94,8.5549,0.03,397,2388,100.0,38.44,23.1137,3
17,274,-0.0018,0.0,100.0,518.67,643.58,1599.44,1420.47,14.62,21.61,551.96,2388.2,9172.47,1.3,48.09,519.77,2388.16,8232.28,8.5197,0.03,397,2388,100.0,38.52,23.0759,2
17,275,-0.0003,0.0005,100.0,518.67,644.0,1601.52,1430.48,14.62,21.61,551.4,2388.13,9178.28,1.3,47.97,519.26,2388.15,8229.73,8.5472,0.03,398,2388,100.0,38.52,23.0818,1
17,276,-0.0006,-0.0004,100.0,518.67,643.97,1599.82,1432.46,14.62,21.61,551.51,2388.14,9172.75,1.3,48.06,520.22,2388.12,8238.26,8.5171,0.03,397,2388,100.0,38.5,23.0517,0
18,1,-0.0016,0.0005,100.0,518.67,642.49,1582.95,1401.6,14.62,21.61,554.59,2387.95,9061.3,1.3,47.19,521.41,2387.99,8142.8,8.3861,0.03,393,2388,100.0,39.06,23.4234,194
18,2,-0.0006,0.0004,100.0,518.67,642.21,1589.39,1397.98,14.62,21.61,554.17,2388.01,9060.63,1.3,47.29,522.5,2388.01,8137.05,8.3788,0.03,391,2388,100.0,39.04,23.5772,193
18,3,0.0029,0.0002,100.0,518.67,642.4,1590.51,1399.79,14.62,21.61,554.8,2388.04,9068.03,1.3,47.3,521.75,2388.02,8142.88,8.4153,0.03,390,2388,100.0,39.06,23.445,192
18,4,0.0071,-0.0,100.0,518.67,642.28,1577.34,1393.92,14.62,21.61,553.56,2388.04,9051.6,1.3,47.29,521.63,2388.0,8139.74,8.3789,0.03,391,2388,100.0,39.18,23.352,191
18,5,0.0003,-0.0001,100.0,518.67,641.48,1585.59,1398.89,14.62,21.61,554.49,2388.03,9055.62,1.3,47.22,522.25,2388.04,8145.87,8.3908,0.03,392,2388,100.0,38.8,23.3086,190
18,6,0.0011,-0.0002,100.0,518.67,641.86,1579.69,1403.8,14.62,21.61,554.48,2388.03,9055.43,1.3,47.31,522.63,2388.01,8145.33,8.4012,0.03,393,2388,100.0,38.97,23.3929,189
18,7,-0.0001,0.0005,100.0,518.67,641.58,1584.09,1389.32,14.62,21.61,554.23,2388.01,9053.68,1.3,47.14,522.27,2388.05,8151.27,8.4312,0.03,392,2388,100.0,38.82,23.5667,188
18,8,0.0017,-0.0004,100.0,518.67,642.2,1580.01,1396.59,14.62,21.6,554.63,2388.03,9060.91,1.3,47.26,522.65,2388.01,8139.75,8.3996,0.03,392,2388,100.0,38.96,23.4563,187
18,9,0.0044,0.0005,100.0,518.67,641.96,1588.77,1401.73,14.62,21.61,554.35,2388.01,9060.59,1.3,47.19,522.31,2388.01,8138.58,8.4192,0.03,392,2388,100.0,38.98,23.4342,186
18,10,-0.0034,0.0002,100.0,518.67,642.23,1584.24,1399.28,14.62,21.61,554.08,2388.01,9062.26,1.3,47.29,521.92,2387.96,8136.89,8.3727,0.03,391,2388,100.0,38.73,23.426,185
18,11,-0.0001,-0.0001,100.0,518.67,642.42,1579.74,1401.23,14.62,21.61,554.04,2388.06,9053.06,1.3,47.37,522.23,2387.98,8146.92,8.415,0.03,392,2388,100.0,39.05,23.3028,184
18,12,0.0005,-0.0003,100.0,518.67,642.28,1583.42,1397.06,14.62,21.61,553.72,2388.03,9063.68,1.3,47.21,522.25,2387.95,8145.6,8.3509,0.03,393,2388,100.0,39.0,23.4172,183
18,13,-0.0025,0.0004,100.0,518.67,642.49,1590.54,1399.01,14.62,21.61,554.54,2387.95,9060.16,1.3,47.15,522.16,2388.01,8142.49,8.3868,0.03,391,2388,100.0,38.93,23.3905,182
18,14,0.0003,-0.0001,100.0,518.67,641.74,1582.73,1395.77,14.62,21.61,554.42,2388.03,9056.56,1.3,47.24,522.19,2388.03,8141.01,8.4477,0.03,392,2388,100.0,39.18,23.4389,181
18,15,-0.0021,-0.0004,100.0,518.67,642.25,1579.36,1393.54,14.62,21.61,554.83,2387.96,9058.21,1.3,47.18,521.83,2388.02,8148.24,8.3826,0.03,392,2388,100.0,39.08,23.4616,180
18,16,0.0003,0.0002,100.0,518.67,641.9,1581.77,1402.19,14.62,21.61,554.45,2388.02,9061.22,1.3,47.38,522.01,2388.04,8138.28,8.4036,0.03,392,2388,100.0,39.04,23.3818,179
18,17,-0.0034,-0.0002,100.0,518.67,641.87,1578.41,1405.99,14.62,21.61,554.0,2387.98,9064.13,1.3,47.3,522.51,2388.0,8142.71,8.3841,0.03,391,2388,100.0,39.12,23.4297,178
18,18,-0.0005,0.0005,100.0,518.67,642.14,1583.75,1397.2,14.62,21.61,554.01,2387.96,9063.58,1.3,47.26,522.31,2387.99,8144.62,8.3987,0.03,392,2388,100.0,38.77,23.3747,177
18,19,0.0003,-0.0004,100.0,518.67,641.89,1579.43,1394.13,14.62,21.61,555.27,2388.0,9060.08,1.3,47.3,522.19,2388.02,8139.11,8.4198,0.03,392,2388,100.0,39.18,23.3372,176
18,20,0.0027,-0.0001,100.0,518.67,642.12,1587.86,1400.58,14.62,21.61,554.46,2388.07,9062.96,1.3,47.2,521.79,2388.01,8137.33,8.4425,0.03,392,2388,100.0,38.99,23.2882,175
18,21,0.0024,-0.0002,100.0,518.67,642.08,1580.09,1400.02,14.62,21.61,554.87,2387.98,9061.76,1.3,47.17,522.17,2388.06,8143.89,8.3911,0.03,392,2388,100.0,39.14,23.437,174
18,22,0.0022,0.0004,100.0,518.67,641.98,1586.02,1398.5,14.62,21.61,554.14,2387.98,9054.75,1.3,47.25,522.53,2388.03,8137.53,8.3932,0.03,392,2388,100.0,39.23,23.3562,173
18,23,0.0022,-0.0,100.0,518.67,642.73,1583.22,1405.06,14.62,21.61,554.78,2388.01,9062.06,1.3,47.2,522.26,2388.01,8151.99,8.4113,0.03,394,2388,100.0,38.96,23.4336,172
18,24,0.0013,0.0005,100.0,518.67,642.08,1580.53,1397.51,14.62,21.61,554.78,2388.04,9058.98,1.3,47.28,522.47,2388.07,8144.71,8.3805,0.03,392,2388,100.0,39.0,23.4425,171
18,25,0.0,0.0003,100.0,518.67,642.23,1589.57,1398.44,14.62,21.61,554.62,2388.05,9054.33,1.3,47.16,522.5,2388.03,8145.67,8.3688,0.03,392,2388,100.0,39.14,23.3008,170
18,26,0.0015,0.0002,100.0,518.67,642.57,1585.89,1394.98,14.62,21.61,555.0,2387.99,9054.42,1.3,47.23,522.54,2388.05,8140.78,8.3995,0.03,392,2388,100.0,39.07,23.4793,169
18,27,0.0036,-0.0004,100.0,518.67,642.25,1594.33,1400.33,14.62,21.61,554.76,2388.07,9066.59,1.3,47.13,521.93,2388.0,8141.69,8.3913,0.03,392,2388,100.0,38.99,23.3715,168
18,28,-0.0007,0.0003,100.0,518.67,642.16,1580.08,1399.53,14.62,21.61,554.54,2388.02,9057.5,1.3,47.21,522.04,2387.96,8144.22,8.3794,0.03,390,2388,100.0,38.83,23.4025,167
18,29,-0.0018,-0.0003,100.0,518.67,642.41,1585.02,1394.96,14.62,21.61,554.63,2388.06,9058.31,1.3,47.16,522.43,2387.97,8140.65,8.3925,0.03,392,2388,100.0,38.87,23.3274,166
18,30,0.0014,-0.0001,100.0,518.67,642.0,1588.57,1395.56,14.62,21.61,554.9,2388.04,9056.76,1.3,47.2,522.37,2388.01,8139.62,8.3905,0.03,392,2388,100.0,39.18,23.3546,165
18,31,0.0004,-0.0001,100.0,518.67,642.1,1592.26,1404.1,14.62,21.61,554.16,2387.99,9052.97,1.3,47.17,522.32,2388.03,8140.64,8.4052,0.03,391,2388,100.0,39.1,23.4109,164
18,32,0.0035,-0.0002,100.0,518.67,641.98,1580.23,1394.26,14.62,21.61,554.44,2388.04,9059.76,1.3,47.18,522.64,2388.0,8140.52,8.409,0.03,392,2388,100.0,39.0,23.4597,163
18,33,0.0002,-0.0001,100.0,518.67,642.31,1580.6,1401.18,14.62,21.61,554.88,2388.01,9055.06,1.3,47.3,522.68,2388.03,8144.26,8.3906,0.03,391,2388,100.0,39.02,23.3475,162
18,34,0.0001,0.0004,100.0,518.67,642.33,1583.0,1399.97,14.62,21.61,554.43,2388.0,9060.25,1.3,47.05,521.79,2388.02,8146.61,8.3703,0.03,392,2388,100.0,39.11,23.3317,161
18,35,-0.002,0.0004,100.0,518.67,642.47,1584.89,1394.36,14.62,21.61,554.48,2387.99,9060.66,1.3,47.18,522.44,2387.98,8147.2,8.4074,0.03,391,2388,100.0,38.84,23.398,160
18,36,0.0004,0.0005,100.0,518.67,642.06,1590.71,1399.61,14.62,21.61,553.99,2387.98,9065.7,1.3,47.23,522.56,2388.01,8140.15,8.4054,0.03,393,2388,100.0,39.09,23.2457,159
18,37,-0.0033,0.0005,100.0,518.67,642.28,1587.03,1392.82,14.62,21.61,554.76,2388.01,9058.88,1.3,47.29,522.06,2388.03,8143.42,8.4062,0.03,392,2388,100.0,38.94,23.486,158
18,38,-0.0006,-0.0004,100.0,518.67,642.4,1584.49,1407.5,14.62,21.6,554.47,2388.08,9055.89,1.3,47.17,522.46,2388.0,8145.2,8.3683,0.03,390,2388,100.0,39.13,23.4201,157
18,39,0.0009,-0.0002,100.0,518.67,642.73,1586.56,1404.8,14.62,21.61,554.24,2388.03,9068.33,1.3,47.36,521.72,2388.03,8140.06,8.401,0.03,391,2388,100.0,39.13,23.4609,156
18,40,-0.0007,0.0003,100.0,518.67,642.39,1586.54,1402.17,14.62,21.61,554.34,2388.04,9052.82,1.3,47.24,522.56,2387.98,8145.6,8.4039,0.03,392,2388,100.0,39.04,23.5294,155
18,41,-0.0006,-0.0003,100.0,518.67,642.56,1582.41,1403.69,14.62,21.61,553.68,2388.01,9057.96,1.3,47.36,522.55,2388.06,8144.18,8.3846,0.03,392,2388,100.0,39.04,23.3992,154
18,42,0.0033,-0.0005,100.0,518.67,642.02,1580.17,1391.59,14.62,21.61,554.32,2388.02,9061.08,1.3,47.29,522.36,2388.09,8144.16,8.3874,0.03,392,2388,100.0,39.13,23.4594,153
18,43,-0.0016,0.0002,100.0,518.67,641.34,1584.5,1396.26,14.62,21.61,553.72,2388.03,9055.69,1.3,47.02,522.43,2388.08,8139.6,8.4054,0.03,393,2388,100.0,39.09,23.3709,152
18,44,0.0008,0.0004,100.0,518.67,642.36,1589.34,1399.81,14.62,21.61,554.45,2388.01,9058.83,1.3,47.32,523.2,2387.99,8141.04,8.4213,0.03,394,2388,100.0,38.95,23.3803,151
18,45,0.0017,-0.0003,100.0,518.67,642.12,1581.15,1397.54,14.62,21.61,554.12,2388.07,9060.09,1.3,47.26,522.77,2388.0,8142.67,8.4157,0.03,394,2388,100.0,38.96,23.3931,150
18,46,0.0027,0.0001,100.0,518.67,642.28,1582.73,1404.38,14.62,21.61,554.6,2388.0,9065.97,1.3,47.38,522.16,2388.01,8138.26,8.4102,0.03,392,2388,100.0,39.03,23.4673,149
18,47,0.0017,0.0001,100.0,518.67,642.38,1586.87,1395.33,14.62,21.61,553.6,2388.06,9059.82,1.3,47.32,522.54,2387.96,8142.39,8.4264,0.03,392,2388,100.0,39.02,23.486,148
18,48,0.0009,0.0001,100.0,518.67,642.44,1587.51,1406.53,14.62,21.61,554.48,2388.06,9063.21,1.3,47.08,522.56,2388.0,8145.27,8.3754,0.03,393,2388,100.0,39.01,23.3508,147
18,49,0.0023,-0.0002,100.0,518.67,642.13,1582.46,1406.51,14.62,21.61,554.26,2388.01,9052.81,1.3,47.09,522.01,2388.02,8142.02,8.42,0.03,392,2388,100.0,38.95,23.4727,146
18,50,0.0006,0.0,100.0,518.67,642.01,1586.29,1389.54,14.62,21.61,554.24,2387.97,9062.96,1.3,47.15,522.14,2388.0,8145.02,8.3921,0.03,392,2388,100.0,39.12,23.4438,145
18,51,0.0017,-0.0,100.0,518.67,642.62,1579.97,1394.35,14.62,21.61,554.7,2388.02,9061.0,1.3,47.21,522.25,2388.0,8143.79,8.4246,0.03,392,2388,100.0,38.98,23.4403,144
18,52,-0.0006,-0.0002,100.0,518.67,641.76,1585.96,1395.27,14.62,21.61,554.05,2388.01,9051.44,1.3,47.22,522.25,2387.93,8146.1,8.4201,0.03,391,2388,100.0,38.95,23.4214,143
18,53,0.0,0.0001,100.0,518.67,642.21,1584.77,1397.47,14.62,21.61,553.82,2388.0,9066.81,1.3,47.36,522.72,2388.03,8141.1,8.4039,0.03,391,2388,100.0,39.06,23.4062,142
18,54,-0.0024,0.0005,100.0,518.67,642.22,1585.77,1395.13,14.62,21.61,554.6,2388.01,9055.78,1.3,47.29,521.85,2388.04,8143.16,8.3783,0.03,391,2388,100.0,38.94,23.4104,141
18,55,0.0001,0.0003,100.0,518.67,642.29,1576.47,1397.52,14.62,21.61,554.18,2388.12,9066.42,1.3,47.23,522.28,2388.05,8146.94,8.387,0.03,392,2388,100.0,38.95,23.3158,140
18,56,-0.0003,-0.0001,100.0,518.67,642.01,1581.79,1400.68,14.62,21.61,554.38,2388.01,9056.36,1.3,47.15,522.05,2388.02,8144.91,8.36,0.03,392,2388,100.0,39.12,23.3274,139
18,57,-0.0033,0.0003,100.0,518.67,642.32,1583.13,1402.57,14.62,21.61,554.41,2387.97,9065.29,1.3,47.33,522.37,2387.99,8140.55,8.3994,0.03,393,2388,100.0,39.06,23.3882,138
18,58,-0.0041,-0.0001,100.0,518.67,641.86,1584.65,1398.06,14.62,21.61,553.89,2388.04,9055.44,1.3,47.28,522.52,2388.01,8141.41,8.4098,0.03,390,2388,100.0,38.98,23.3903,137
18,59,0.0032,-0.0002,100.0,518.67,641.95,1583.05,1399.84,14.62,21.61,554.36,2388.07,9063.78,1.3,47.32,522.41,2387.98,8146.99,8.442,0.03,391,2388,100.0,38.98,23.4238,136
18,60,-0.0029,-0.0002,100.0,518.67,642.7,1584.03,1394.72,14.62,21.61,554.7,2387.96,9069.12,1.3,47.25,522.28,2388.02,8146.88,8.4094,0.03,393,2388,100.0,38.92,23.348,135
18,61,0.0002,-0.0003,100.0,518.67,641.99,1592.63,1403.36,14.62,21.61,554.64,2387.99,9066.86,1.3,47.32,522.03,2387.99,8138.71,8.4013,0.03,392,2388,100.0,39.03,23.3724,134
18,62,0.0011,-0.0,100.0,518.67,642.52,1584.72,1396.77,14.62,21.61,554.17,2388.03,9063.6,1.3,47.14,521.77,2387.98,8144.58,8.3968,0.03,390,2388,100.0,38.93,23.3002,133
18,63,-0.0024,-0.0003,100.0,518.67,641.91,1581.59,1397.66,14.62,21.61,553.58,2388.04,9062.67,1.3,47.34,522.27,2388.06,8144.19,8.3693,0.03,392,2388,100.0,39.16,23.516,132
18,64,0.0041,-0.0001,100.0,518.67,642.2,1588.24,1406.35,14.62,21.61,554.35,2387.98,9061.77,1.3,47.19,522.04,2388.0,8143.95,8.3938,0.03,393,2388,100.0,39.0,23.3359,131
18,65,-0.0006,0.0003,100.0,518.67,641.92,1592.11,1400.88,14.62,21.61,554.17,2388.05,9058.98,1.3,47.21,522.08,2387.98,8142.42,8.3843,0.03,393,2388,100.0,38.91,23.4608,130
18,66,0.0014,0.0001,100.0,518.67,641.96,1586.68,1399.45,14.62,21.61,554.28,2387.99,9059.04,1.3,47.25,522.12,2388.03,8144.55,8.4302,0.03,392,2388,100.0,39.13,23.3676,129
18,67,0.0029,-0.0004,100.0,518.67,642.16,1588.45,1401.89,14.62,21.61,553.96,2387.99,9063.93,1.3,47.12,521.9,2388.07,8151.83,8.4307,0.03,391,2388,100.0,38.97,23.3735,128
18,68,-0.0053,-0.0004,100.0,518.67,642.05,1589.56,1400.97,14.62,21.61,554.17,2387.98,9064.48,1.3,47.37,522.23,2388.0,8143.85,8.4359,0.03,392,2388,100.0,39.01,23.4621,127
18,69,0.0001,-0.0002,100.0,518.67,641.91,1581.06,1400.12,14.62,21.61,554.35,2388.03,9062.0,1.3,47.12,522.38,2388.04,8144.66,8.4231,0.03,391,2388,100.0,38.91,23.4357,126
18,70,-0.0008,0.0004,100.0,518.67,641.9,1588.15,1403.54,14.62,21.61,554.31,2388.02,9071.02,1.3,47.07,521.73,2388.02,8144.13,8.3974,0.03,392,2388,100.0,38.76,23.3067,125
18,71,-0.0032,-0.0003,100.0,518.67,642.1,1584.7,1400.82,14.62,21.61,553.87,2388.06,9067.44,1.3,47.16,522.34,2387.99,8142.78,8.3866,0.03,392,2388,100.0,38.96,23.3137,124
18,72,-0.0015,-0.0,100.0,518.67,642.24,1584.34,1391.78,14.62,21.61,554.78,2388.0,9061.3,1.3,47.15,522.43,2387.96,8147.88,8.4192,0.03,391,2388,100.0,39.22,23.4116,123
18,73,0.0007,0.0,100.0,518.67,641.97,1577.0,1391.66,14.62,21.61,554.74,2387.98,9059.19,1.3,47.35,521.82,2387.96,8143.6,8.3926,0.03,391,2388,100.0,39.09,23.4302,122
18,74,-0.0033,0.0001,100.0,518.67,642.1,1584.06,1395.07,14.62,21.61,554.56,2388.03,9066.5,1.3,47.24,522.17,2388.03,8147.08,8.3808,0.03,392,2388,100.0,39.05,23.3216,121
18,75,0.0003,0.0004,100.0,518.67,642.43,1576.32,1398.36,14.62,21.61,553.26,2388.05,9065.06,1.3,47.25,522.26,2388.02,8145.77,8.3971,0.03,392,2388,100.0,39.13,23.3983,120
18,76,-0.0014,0.0,100.0,518.67,641.89,1586.03,1397.41,14.62,21.61,554.11,2388.02,9066.66,1.3,47.29,521.88,2388.03,8150.18,8.363,0.03,393,2388,100.0,38.89,23.2577,119
18,77,0.0019,-0.0002,100.0,518.67,642.5,1583.75,1393.92,14.62,21.61,554.86,2387.99,9062.99,1.3,47.19,522.18,2388.01,8143.06,8.3599,0.03,392,2388,100.0,39.0,23.3231,118
18,78,0.0001,-0.0005,100.0,518.67,642.12,1584.6,1400.5,14.62,21.61,553.98,2388.06,9062.32,1.3,47.23,522.25,2388.06,8143.12,8.3759,0.03,392,2388,100.0,39.01,23.3331,117
18,79,0.0016,0.0002,100.0,518.67,642.17,1579.53,1399.94,14.62,21.61,554.66,2388.01,9069.09,1.3,47.36,522.02,2387.99,8147.75,8.3849,0.03,391,2388,100.0,39.13,23.3346,116
18,80,0.002,-0.0003,100.0,518.67,642.66,1593.04,1410.9,14.62,21.61,554.17,2388.05,9064.61,1.3,47.17,522.16,2388.01,8150.26,8.406,0.03,392,2388,100.0,38.85,23.3668,115
18,81,-0.0021,-0.0002,100.0,518.67,642.67,1582.84,1402.79,14.62,21.61,554.76,2388.07,9067.7,1.3,47.26,522.29,2388.01,8146.04,8.4095,0.03,391,2388,100.0,39.08,23.3978,114
18,82,-0.0035,0.0005,100.0,518.67,642.07,1587.74,1399.22,14.62,21.61,553.91,2388.05,9066.58,1.3,47.09,521.69,2388.01,8150.88,8.4407,0.03,393,2388,100.0,39.03,23.239,113
18,83,-0.0009,0.0005,100.0,518.67,642.34,1592.64,1403.44,14.62,21.61,553.76,2388.0,9061.51,1.3,47.24,522.01,2388.03,8141.79,8.4416,0.03,393,2388,100.0,39.13,23.3372,112
18,84,0.0015,-0.0004,100.0,518.67,642.09,1589.33,1397.41,14.62,21.61,554.04,2388.01,9059.15,1.3,47.09,522.14,2388.05,8150.99,8.4015,0.03,392,2388,100.0,38.95,23.4021,111
18,85,-0.0049,-0.0002,100.0,518.67,642.09,1583.27,1401.56,14.62,21.61,553.94,2388.0,9070.16,1.3,47.3,522.37,2388.02,8151.0,8.4391,0.03,392,2388,100.0,38.78,23.3582,110
18,86,0.0018,-0.0,100.0,518.67,642.25,1591.3,1403.07,14.62,21.61,553.97,2388.0,9074.5,1.3,47.29,522.58,2388.0,8151.66,8.3878,0.03,392,2388,100.0,39.13,23.4095,109
18,87,0.0014,0.0002,100.0,518.67,642.06,1582.49,1394.99,14.62,21.61,554.53,2388.0,9067.85,1.3,47.29,521.75,2388.04,8150.24,8.3919,0.03,391,2388,100.0,38.86,23.4634,108
18,88,-0.0004,0.0,100.0,518.67,641.84,1589.77,1401.22,14.62,21.61,554.32,2388.04,9066.53,1.3,47.15,522.07,2388.05,8149.67,8.4509,0.03,393,2388,100.0,39.04,23.3098,107
18,89,-0.0032,-0.0001,100.0,518.67,642.38,1588.14,1400.59,14.62,21.61,553.94,2388.02,9073.43,1.3,47.12,521.81,2388.05,8145.37,8.4391,0.03,391,2388,100.0,39.04,23.4089,106
18,90,-0.0008,0.0003,100.0,518.67,642.74,1586.97,1392.63,14.62,21.61,554.97,2388.03,9070.39,1.3,47.3,522.07,2388.06,8149.48,8.4299,0.03,393,2388,100.0,38.66,23.3423,105
18,91,0.004,-0.0,100.0,518.67,642.48,1592.27,1400.36,14.62,21.61,554.23,2388.01,9062.35,1.3,47.3,522.02,2388.04,8147.01,8.3815,0.03,392,2388,100.0,38.99,23.4079,104
18,92,0.0001,0.0005,100.0,518.67,642.55,1591.31,1401.38,14.62,21.61,553.38,2388.02,9071.41,1.3,47.34,522.51,2388.03,8147.31,8.4036,0.03,392,2388,100.0,38.98,23.4669,103
18,93,-0.0002,0.0003,100.0,518.67,642.67,1584.95,1398.8,14.62,21.61,554.55,2388.04,9067.18,1.3,47.46,522.39,2388.05,8147.34,8.3889,0.03,393,2388,100.0,39.01,23.3003,102
18,94,-0.0001,0.0004,100.0,518.67,641.73,1582.79,1393.97,14.62,21.61,554.63,2388.03,9054.87,1.3,47.21,522.12,2388.01,8148.9,8.3987,0.03,392,2388,100.0,38.92,23.4619,101
18,95,-0.001,0.0002,100.0,518.67,642.19,1580.1,1398.09,14.62,21.61,554.8,2387.98,9067.82,1.3,47.2,522.24,2387.99,8147.89,8.4083,0.03,392,2388,100.0,38.88,23.3255,100
18,96,0.0007,0.0003,100.0,518.67,642.0,1587.19,1399.31,14.62,21.61,554.6,2388.02,9073.08,1.3,47.26,522.6,2387.99,8149.8,8.3757,0.03,392,2388,100.0,38.89,23.3862,99
18,97,0.0003,-0.0001,100.0,518.67,642.18,1579.99,1400.55,14.62,21.61,554.65,2388.04,9075.47,1.3,47.25,522.25,2388.07,8150.02,8.3938,0.03,393,2388,100.0,39.06,23.3256,98
18,98,0.0002,0.0005,100.0,518.67,642.54,1588.03,1399.2,14.62,21.61,554.23,2387.99,9066.57,1.3,47.32,521.76,2388.03,8150.84,8.4182,0.03,393,2388,100.0,39.06,23.3368,97
18,99,0.0022,0.0001,100.0,518.67,642.51,1588.5,1400.65,14.62,21.61,553.98,2387.98,9071.09,1.3,47.28,522.54,2388.05,8150.79,8.4058,0.03,390,2388,100.0,39.03,23.3504,96
18,100,-0.0002,0.0003,100.0,518.67,642.44,1585.3,1410.56,14.62,21.61,554.24,2388.01,9071.04,1.3,47.18,521.75,2388.03,8148.05,8.4235,0.03,394,2388,100.0,39.0,23.3536,95
18,101,-0.0,-0.0001,100.0,518.67,642.23,1591.29,1401.78,14.62,21.61,553.73,2388.06,9072.74,1.3,47.53,521.71,2388.0,8150.37,8.438,0.03,392,2388,100.0,38.82,23.348,94
18,102,-0.0011,0.0004,100.0,518.67,641.74,1584.86,1399.41,14.62,21.61,554.16,2388.1,9074.8,1.3,47.16,522.17,2388.01,8151.84,8.4421,0.03,393,2388,100.0,39.0,23.3604,93
18,103,-0.0009,-0.0003,100.0,518.67,642.59,1590.76,1395.61,14.62,21.61,553.59,2388.01,9076.23,1.3,47.39,521.69,2388.0,8153.2,8.4326,0.03,392,2388,100.0,38.87,23.5415,92
18,104,0.0011,0.0001,100.0,518.67,642.15,1582.62,1398.49,14.62,21.61,554.37,2388.04,9075.65,1.3,47.4,521.9,2388.04,8153.73,8.4134,0.03,391,2388,100.0,38.86,23.2726,91
18,105,-0.0028,0.0001,100.0,518.67,641.84,1589.47,1401.67,14.62,21.61,554.01,2387.98,9070.15,1.3,47.34,521.43,2388.0,8152.02,8.4446,0.03,392,2388,100.0,38.89,23.506,90
18,106,0.001,-0.0001,100.0,518.67,642.35,1591.63,1399.96,14.62,21.61,553.69,2387.99,9075.77,1.3,47.29,522.03,2388.03,8148.38,8.4204,0.03,393,2388,100.0,38.88,23.3657,89
18,107,0.0001,-0.0002,100.0,518.67,642.79,1591.51,1410.85,14.62,21.61,553.44,2388.03,9076.21,1.3,47.27,522.0,2388.03,8149.43,8.4153,0.03,392,2388,100.0,39.22,23.4117,88
18,108,-0.0033,-0.0002,100.0,518.67,642.49,1590.9,1409.16,14.62,21.61,553.74,2388.03,9068.56,1.3,47.24,521.83,2388.01,8152.59,8.4134,0.03,394,2388,100.0,39.06,23.2886,87
18,109,0.0019,-0.0001,100.0,518.67,642.27,1590.55,1392.8,14.62,21.61,554.23,2387.95,9077.08,1.3,47.27,522.48,2387.94,8154.5,8.4141,0.03,392,2388,100.0,39.09,23.4017,86
18,110,-0.0011,0.0004,100.0,518.67,642.55,1586.44,1405.16,14.62,21.61,553.14,2387.98,9068.96,1.3,47.37,522.09,2388.02,8159.23,8.4556,0.03,393,2388,100.0,38.96,23.3786,85
18,111,-0.0002,-0.0003,100.0,518.67,642.53,1582.44,1401.75,14.62,21.61,553.44,2388.05,9077.4,1.3,47.28,522.57,2388.03,8151.32,8.3795,0.03,391,2388,100.0,38.76,23.3086,84
18,112,0.0005,-0.0,100.0,518.67,642.34,1579.35,1404.3,14.62,21.61,554.25,2388.06,9076.84,1.3,47.34,521.88,2388.03,8149.43,8.381,0.03,391,2388,100.0,38.92,23.3279,83
18,113,0.0008,-0.0003,100.0,518.67,642.69,1587.61,1403.82,14.62,21.61,554.02,2388.04,9079.85,1.3,47.34,522.39,2388.06,8153.27,8.4331,0.03,392,2388,100.0,39.01,23.3641,82
18,114,0.0021,-0.0002,100.0,518.67,642.23,1587.46,1404.07,14.62,21.61,553.42,2388.02,9073.91,1.3,47.34,521.86,2388.01,8157.48,8.4375,0.03,392,2388,100.0,38.94,23.4542,81
18,115,0.0004,0.0004,100.0,518.67,641.71,1591.35,1406.5,14.62,21.61,554.13,2388.04,9078.32,1.3,47.44,522.02,2388.05,8152.87,8.4052,0.03,392,2388,100.0,38.99,23.2573,80
18,116,-0.0001,0.0002,100.0,518.67,642.19,1583.87,1410.57,14.62,21.61,553.62,2387.94,9074.96,1.3,47.25,521.71,2388.03,8154.75,8.444,0.03,391,2388,100.0,38.9,23.3951,79
18,117,-0.0022,0.0004,100.0,518.67,642.06,1583.79,1404.78,14.62,21.61,553.9,2387.99,9080.08,1.3,47.23,522.31,2388.04,8159.92,8.4498,0.03,392,2388,100.0,38.99,23.3608,78
18,118,-0.0005,0.0004,100.0,518.67,642.43,1589.58,1397.3,14.62,21.61,554.27,2388.02,9083.68,1.3,47.46,521.13,2388.02,8154.7,8.4467,0.03,391,2388,100.0,38.93,23.389,77
18,119,0.0029,-0.0002,100.0,518.67,641.9,1592.46,1404.23,14.62,21.61,554.56,2388.05,9076.6,1.3,47.4,522.04,2387.97,8153.04,8.4354,0.03,392,2388,100.0,38.86,23.4318,76
18,120,-0.0013,0.0003,100.0,518.67,642.21,1592.07,1405.99,14.62,21.61,554.22,2387.98,9070.94,1.3,47.22,522.23,2387.98,8151.87,8.4292,0.03,393,2388,100.0,39.03,23.3621,75
18,121,0.0005,0.0003,100.0,518.67,642.52,1586.5,1399.33,14.62,21.6,554.09,2388.04,9086.72,1.3,47.36,521.65,2388.0,8162.33,8.4074,0.03,391,2388,100.0,38.89,23.3686,74
18,122,0.0003,-0.0001,100.0,518.67,642.86,1587.74,1400.36,14.62,21.61,553.72,2388.01,9081.22,1.3,47.11,521.92,2388.02,8158.84,8.4184,0.03,394,2388,100.0,39.06,23.4212,73
18,123,-0.0019,-0.0002,100.0,518.67,642.57,1582.27,1394.88,14.62,21.61,554.33,2388.02,9079.59,1.3,47.37,522.52,2388.0,8156.98,8.4051,0.03,391,2388,100.0,38.92,23.3722,72
18,124,0.0008,-0.0002,100.0,518.67,642.21,1593.4,1400.11,14.62,21.61,554.02,2388.07,9079.07,1.3,47.3,521.88,2388.06,8160.46,8.3898,0.03,392,2388,100.0,39.1,23.3311,71
18,125,0.0001,-0.0002,100.0,518.67,642.0,1588.58,1398.29,14.62,21.61,554.2,2388.0,9076.47,1.3,47.24,521.79,2388.03,8159.29,8.3991,0.03,393,2388,100.0,38.87,23.4273,70
18,126,-0.0008,0.0003,100.0,518.67,642.37,1590.08,1396.3,14.62,21.61,554.87,2388.04,9092.3,1.3,47.37,522.07,2388.09,8155.81,8.4042,0.03,392,2388,100.0,38.99,23.3313,69
18,127,0.0039,-0.0004,100.0,518.67,642.12,1589.53,1407.98,14.62,21.61,554.75,2388.02,9080.88,1.3,47.57,521.78,2388.0,8161.59,8.4641,0.03,393,2388,100.0,38.96,23.287,68
18,128,-0.0011,-0.0001,100.0,518.67,642.14,1591.4,1397.89,14.62,21.6,554.52,2388.01,9087.0,1.3,47.35,521.88,2388.04,8157.94,8.4255,0.03,392,2388,100.0,38.67,23.3941,67
18,129,-0.0005,0.0005,100.0,518.67,642.37,1593.56,1406.09,14.62,21.61,553.52,2388.01,9089.55,1.3,47.42,521.94,2388.07,8158.25,8.4045,0.03,391,2388,100.0,38.93,23.2507,66
18,130,0.0018,0.0002,100.0,518.67,642.77,1594.14,1398.72,14.62,21.61,553.87,2388.03,9085.89,1.3,47.34,522.32,2388.04,8163.91,8.4203,0.03,393,2388,100.0,38.9,23.3142,65
18,131,0.0001,0.0003,100.0,518.67,643.09,1591.11,1410.53,14.62,21.61,553.25,2388.02,9085.29,1.3,47.26,521.97,2387.96,8158.89,8.4357,0.03,393,2388,100.0,38.92,23.2572,64
18,132,0.0033,0.0005,100.0,518.67,642.82,1588.54,1399.38,14.62,21.61,554.37,2388.0,9086.05,1.3,47.43,521.45,2388.0,8158.05,8.4232,0.03,393,2388,100.0,38.76,23.316,63
18,133,0.003,-0.0002,100.0,518.67,642.66,1588.81,1405.97,14.62,21.61,553.88,2388.0,9089.27,1.3,47.22,522.1,2388.06,8167.5,8.4674,0.03,392,2388,100.0,38.79,23.3347,62
18,134,-0.0,0.0005,100.0,518.67,642.6,1582.54,1403.88,14.62,21.61,553.83,2388.03,9075.85,1.3,47.44,522.06,2387.99,8168.97,8.4524,0.03,393,2388,100.0,38.83,23.3867,61
18,135,-0.0013,-0.0001,100.0,518.67,642.54,1585.67,1405.34,14.62,21.61,553.81,2388.06,9092.27,1.3,47.41,521.66,2388.05,8164.45,8.4401,0.03,392,2388,100.0,38.91,23.3456,60
18,136,-0.0028,0.0002,100.0,518.67,642.32,1587.62,1403.88,14.62,21.61,553.71,2388.07,9089.94,1.3,47.49,522.33,2388.02,8172.35,8.4293,0.03,395,2388,100.0,38.95,23.3646,59
18,137,0.0028,0.0,100.0,518.67,642.74,1594.35,1400.15,14.62,21.61,553.68,2388.02,9087.47,1.3,47.54,522.04,2388.06,8164.93,8.4317,0.03,393,2388,100.0,38.89,23.3933,58
18,138,0.0021,-0.0,100.0,518.67,642.59,1588.95,1409.01,14.62,21.61,553.55,2388.01,9088.94,1.3,47.2,522.07,2387.99,8164.69,8.4681,0.03,394,2388,100.0,38.93,23.2783,57
18,139,-0.0006,0.0002,100.0,518.67,642.44,1591.67,1397.75,14.62,21.61,553.03,2388.02,9092.44,1.3,47.35,522.03,2388.03,8163.4,8.4336,0.03,394,2388,100.0,38.71,23.3199,56
18,140,0.0035,-0.0001,100.0,518.67,642.02,1590.42,1402.13,14.62,21.61,553.05,2388.06,9089.35,1.3,47.42,521.68,2387.99,8172.83,8.4339,0.03,394,2388,100.0,38.85,23.3742,55
18,141,0.0021,0.0004,100.0,518.67,642.42,1588.93,1403.87,14.62,21.61,554.45,2388.0,9100.59,1.3,47.48,521.57,2388.05,8167.23,8.4279,0.03,392,2388,100.0,38.98,23.2611,54
18,142,0.0005,0.0004,100.0,518.67,642.57,1589.41,1410.8,14.62,21.61,553.6,2388.01,9090.16,1.3,47.44,521.71,2388.0,8171.65,8.4321,0.03,392,2388,100.0,38.78,23.355,53
18,143,-0.0035,-0.0001,100.0,518.67,643.27,1589.81,1408.32,14.62,21.61,553.74,2388.0,9093.8,1.3,47.4,521.07,2388.04,8174.22,8.4616,0.03,392,2388,100.0,38.96,23.2704,52
18,144,0.0002,-0.0,100.0,518.67,642.94,1585.94,1411.93,14.62,21.61,553.55,2388.03,9099.54,1.3,47.54,521.96,2388.0,8175.42,8.4174,0.03,393,2388,100.0,38.98,23.4092,51
18,145,-0.0025,0.0002,100.0,518.67,642.97,1591.89,1405.28,14.62,21.61,553.79,2388.05,9087.61,1.3,47.49,521.62,2388.01,8173.12,8.4263,0.03,393,2388,100.0,38.63,23.3455,50
18,146,-0.0036,0.0002,100.0,518.67,642.69,1589.1,1414.44,14.62,21.61,554.14,2387.99,9098.27,1.3,47.31,521.58,2388.04,8177.71,8.4438,0.03,394,2388,100.0,38.91,23.2522,49
18,147,-0.0013,-0.0002,100.0,518.67,642.37,1592.68,1404.3,14.62,21.61,553.39,2388.06,9097.38,1.3,47.56,522.06,2388.06,8179.63,8.3921,0.03,393,2388,100.0,38.91,23.3401,48
18,148,0.0002,-0.0002,100.0,518.67,641.91,1589.12,1404.57,14.62,21.61,554.06,2388.01,9102.28,1.3,47.38,521.35,2388.1,8174.8,8.4605,0.03,393,2388,100.0,38.96,23.2572,47
18,149,0.002,-0.0003,100.0,518.67,642.87,1585.97,1402.33,14.62,21.61,554.15,2388.05,9105.01,1.3,47.42,520.97,2388.05,8175.79,8.4081,0.03,393,2388,100.0,38.76,23.339,46
18,150,-0.0036,0.0004,100.0,518.67,642.45,1586.5,1403.39,14.62,21.61,553.3,2388.02,9106.11,1.3,47.35,521.2,2388.02,8177.4,8.4321,0.03,395,2388,100.0,38.86,23.3118,45
18,151,0.0002,0.0002,100.0,518.67,642.33,1593.51,1412.38,14.62,21.61,552.74,2388.01,9111.26,1.3,47.45,522.04,2387.99,8173.89,8.4355,0.03,393,2388,100.0,38.86,23.25,44
18,152,-0.0,-0.0001,100.0,518.67,642.44,1591.49,1403.22,14.62,21.61,554.39,2388.01,9109.02,1.3,47.56,521.85,2388.0,8179.07,8.4385,0.03,393,2388,100.0,38.82,23.3116,43
18,153,0.0027,-0.0002,100.0,518.67,642.67,1586.35,1410.05,14.62,21.61,553.82,2388.02,9106.32,1.3,47.56,521.92,2388.03,8180.41,8.4785,0.03,393,2388,100.0,38.95,23.1902,42
18,154,-0.0023,0.0003,100.0,518.67,642.83,1587.07,1406.5,14.62,21.61,554.69,2388.01,9103.2,1.3,47.47,522.03,2388.03,8185.69,8.4757,0.03,393,2388,100.0,38.85,23.3986,41
18,155,-0.0031,0.0002,100.0,518.67,642.82,1597.04,1405.39,14.62,21.61,554.19,2388.04,9103.76,1.3,47.59,520.84,2388.04,8176.98,8.4184,0.03,394,2388,100.0,38.67,23.2971,40
18,156,0.001,-0.0004,100.0,518.67,642.56,1591.75,1411.09,14.62,21.61,553.42,2387.98,9111.38,1.3,47.63,521.97,2388.02,8181.79,8.4523,0.03,393,2388,100.0,38.66,23.3277,39
18,157,0.004,0.0003,100.0,518.67,642.62,1591.55,1406.17,14.62,21.61,553.09,2388.06,9106.38,1.3,47.67,521.49,2388.01,8182.29,8.4395,0.03,392,2388,100.0,38.7,23.3202,38
18,158,-0.005,-0.0003,100.0,518.67,642.37,1587.54,1409.14,14.62,21.61,553.73,2388.05,9118.47,1.3,47.63,521.45,2388.07,8189.74,8.4415,0.03,395,2388,100.0,38.96,23.3307,37
18,159,-0.0003,0.0003,100.0,518.67,642.95,1591.89,1401.17,14.62,21.61,553.84,2388.06,9115.33,1.3,47.5,521.73,2388.03,8187.98,8.432,0.03,393,2388,100.0,38.87,23.2662,36
18,160,-0.0023,0.0003,100.0,518.67,642.97,1595.36,1411.22,14.62,21.61,554.1,2388.07,9114.6,1.3,47.6,521.85,2388.0,8190.29,8.4822,0.03,395,2388,100.0,38.83,23.38,35
18,161,-0.0005,-0.0,100.0,518.67,642.73,1584.91,1417.65,14.62,21.61,552.67,2388.08,9119.8,1.3,47.7,521.44,2387.99,8189.39,8.435,0.03,394,2388,100.0,38.89,23.2671,34
18,162,0.0007,0.0001,100.0,518.67,642.49,1591.6,1407.02,14.62,21.61,553.83,2388.08,9116.88,1.3,47.68,521.47,2388.09,8197.72,8.4515,0.03,392,2388,100.0,38.95,23.2158,33
18,163,0.0043,0.0005,100.0,518.67,642.85,1592.58,1416.27,14.62,21.61,553.45,2388.01,9127.41,1.3,47.38,521.49,2388.04,8194.99,8.4483,0.03,394,2388,100.0,38.71,23.1824,32
18,164,-0.0022,0.0005,100.0,518.67,642.41,1590.17,1410.04,14.62,21.61,553.66,2388.02,9123.31,1.3,47.47,521.63,2388.09,8194.15,8.4433,0.03,395,2388,100.0,38.83,23.2063,31
18,165,0.0002,0.0005,100.0,518.67,643.06,1598.42,1408.19,14.62,21.61,553.28,2388.03,9122.87,1.3,47.76,521.42,2388.07,8199.62,8.4836,0.03,396,2388,100.0,38.72,23.3115,30
18,166,-0.0002,0.0004,100.0,518.67,642.64,1591.74,1414.9,14.62,21.61,554.0,2388.07,9128.98,1.3,47.84,521.97,2388.05,8203.99,8.4689,0.03,395,2388,100.0,38.69,23.2631,29
18,167,0.0013,-0.0002,100.0,518.67,642.34,1591.0,1416.13,14.62,21.61,552.71,2388.05,9127.39,1.3,47.6,521.83,2388.02,8201.57,8.4617,0.03,393,2388,100.0,38.52,23.3384,28
18,168,0.0014,-0.0001,100.0,518.67,642.39,1596.24,1403.83,14.62,21.61,553.79,2388.08,9131.95,1.3,47.67,521.57,2388.06,8206.5,8.4355,0.03,394,2388,100.0,38.85,23.2874,27
18,169,-0.0022,-0.0003,100.0,518.67,642.92,1598.65,1409.68,14.62,21.61,553.57,2388.06,9136.6,1.3,47.57,521.64,2388.06,8200.79,8.4708,0.03,394,2388,100.0,38.55,23.1785,26
18,170,0.0024,-0.0001,100.0,518.67,643.04,1587.75,1411.21,14.62,21.61,554.36,2388.0,9140.45,1.3,47.58,521.14,2388.05,8209.95,8.4543,0.03,394,2388,100.0,38.76,23.1904,25
18,171,-0.001,-0.0002,100.0,518.67,642.84,1589.1,1412.38,14.62,21.61,552.88,2388.03,9148.32,1.3,47.53,520.76,2388.1,8207.89,8.4662,0.03,394,2388,100.0,38.74,23.2531,24
18,172,0.0058,-0.0003,100.0,518.67,643.47,1600.63,1406.05,14.62,21.61,553.15,2388.06,9143.07,1.3,47.82,521.35,2388.05,8211.4,8.4363,0.03,394,2388,100.0,38.85,23.2209,23
18,173,-0.0001,0.0003,100.0,518.67,642.66,1596.12,1419.76,14.62,21.61,553.16,2388.05,9138.56,1.3,47.65,521.47,2388.12,8209.65,8.4577,0.03,394,2388,100.0,38.72,23.2467,22
18,174,0.0033,-0.0001,100.0,518.67,642.79,1595.67,1416.74,14.62,21.61,553.04,2388.08,9152.07,1.3,47.78,520.73,2388.02,8215.43,8.4754,0.03,397,2388,100.0,38.9,23.2433,21
18,175,0.003,0.0003,100.0,518.67,642.76,1594.37,1422.39,14.62,21.61,553.4,2388.05,9155.35,1.3,47.72,521.27,2388.12,8215.51,8.4475,0.03,395,2388,100.0,38.72,23.2019,20
18,176,0.0011,0.0003,100.0,518.67,643.09,1596.47,1415.26,14.62,21.61,554.07,2388.08,9150.63,1.3,47.81,521.36,2388.08,8215.5,8.468,0.03,395,2388,100.0,38.82,23.2493,19
18,177,0.0006,-0.0004,100.0,518.67,643.11,1602.3,1416.38,14.62,21.61,552.85,2388.03,9157.14,1.3,47.65,521.45,2388.12,8218.26,8.4567,0.03,396,2388,100.0,38.81,23.1773,18
18,178,0.0009,-0.0004,100.0,518.67,642.74,1599.44,1417.74,14.62,21.61,552.88,2388.12,9157.33,1.3,47.78,520.84,2388.11,8225.98,8.5067,0.03,396,2388,100.0,38.67,23.1483,17
18,179,0.0014,-0.0001,100.0,518.67,642.22,1601.1,1417.03,14.62,21.61,553.44,2388.07,9157.23,1.3,47.58,521.1,2388.08,8226.08,8.5244,0.03,395,2388,100.0,38.8,23.1702,16
18,180,0.0022,-0.0,100.0,518.67,642.6,1602.68,1424.29,14.62,21.61,553.14,2388.08,9162.42,1.3,47.76,520.89,2388.06,8229.02,8.4783,0.03,396,2388,100.0,38.63,23.2429,15
18,181,0.0016,-0.0001,100.0,518.67,643.33,1600.23,1422.16,14.62,21.61,551.94,2388.12,9167.49,1.3,47.91,520.94,2388.14,8227.06,8.4915,0.03,396,2388,100.0,38.49,23.0976,14
18,182,0.0031,-0.0002,100.0,518.67,643.06,1608.95,1417.2,14.62,21.61,552.84,2388.08,9170.17,1.3,47.81,520.56,2388.07,8228.09,8.5002,0.03,395,2388,100.0,38.74,23.1709,13
18,183,-0.0032,-0.0001,100.0,518.67,643.16,1599.22,1416.6,14.62,21.61,552.92,2388.04,9171.68,1.3,47.85,520.77,2388.15,8243.3,8.4876,0.03,396,2388,100.0,38.51,23.0937,12
18,184,0.0024,-0.0003,100.0,518.67,643.56,1604.92,1416.38,14.62,21.61,552.45,2388.12,9174.9,1.3,47.88,520.47,2388.12,8237.12,8.5388,0.03,396,2388,100.0,38.67,23.0863,11
18,185,-0.0001,-0.0002,100.0,518.67,643.06,1601.27,1417.87,14.62,21.61,552.25,2388.13,9178.75,1.3,47.63,521.06,2388.15,8243.72,8.4848,0.03,395,2388,100.0,38.65,23.1556,10
18,186,0.0016,0.0001,100.0,518.67,643.85,1597.23,1425.43,14.62,21.61,552.58,2388.1,9191.36,1.3,47.99,520.33,2388.16,8245.88,8.4843,0.03,394,2388,100.0,38.6,23.0816,9
18,187,-0.0006,-0.0002,100.0,518.67,643.17,1600.39,1422.43,14.62,21.61,551.82,2388.13,9177.82,1.3,48.15,520.23,2388.12,8248.18,8.4426,0.03,396,2388,100.0,38.61,23.0819,8
18,188,0.0011,0.0001,100.0,518.67,643.17,1602.0,1428.31,14.62,21.61,552.77,2388.09,9187.67,1.3,47.77,520.49,2388.09,8253.97,8.4999,0.03,395,2388,100.0,38.57,23.2292,7
18,189,-0.0001,-0.0004,100.0,518.67,643.11,1601.04,1433.02,14.62,21.61,552.09,2388.13,9195.53,1.3,47.93,521.03,2388.1,8252.18,8.4955,0.03,396,2388,100.0,38.58,23.1173,6
18,190,0.002,-0.0003,100.0,518.67,643.39,1603.13,1424.21,14.62,21.61,551.39,2388.1,9196.3,1.3,47.97,520.14,2388.11,8263.06,8.5376,0.03,397,2388,100.0,38.45,23.0872,5
18,191,-0.0007,-0.0001,100.0,518.67,643.59,1606.51,1423.47,14.62,21.61,551.58,2388.12,9206.21,1.3,47.87,520.25,2388.13,8260.29,8.5102,0.03,396,2388,100.0,38.65,23.1001,4
18,192,-0.0018,-0.0004,100.0,518.67,643.23,1602.92,1426.15,14.62,21.61,552.23,2388.14,9204.44,1.3,48.1,520.53,2388.18,8268.81,8.5372,0.03,397,2388,100.0,38.3,22.9841,3
18,193,0.0003,0.0001,100.0,518.67,643.89,1603.03,1423.65,14.62,21.61,552.22,2388.2,9210.95,1.3,48.3,520.36,2388.15,8273.15,8.5429,0.03,396,2388,100.0,38.31,23.1555,2
18,194,0.0003,0.0004,100.0,518.67,644.05,1609.52,1423.44,14.62,21.61,551.52,2388.13,9223.56,1.3,48.14,520.23,2388.12,8269.4,8.4945,0.03,397,2388,100.0,38.58,23.0109,1
18,195,-0.0029,-0.0001,100.0,518.67,643.93,1601.0,1428.08,14.62,21.61,551.43,2388.44,9224.53,1.3,48.01,519.44,2388.39,8282.5,8.5132,0.03,398,2388,100.0,38.5,23.0304,0
19,1,0.0045,-0.0,100.0,518.67,642.55,1589.99,1411.09,14.62,21.61,553.09,2388.17,9048.73,1.3,47.64,521.86,2388.07,8122.16,8.4148,0.03,392,2388,100.0,38.76,23.2468,157
19,2,-0.001,0.0001,100.0,518.67,642.82,1587.77,1411.04,14.62,21.61,553.05,2388.1,9040.04,1.3,47.46,521.31,2388.14,8123.07,8.4086,0.03,392,2388,100.0,38.83,23.2836,156
19,3,-0.001,0.0004,100.0,518.67,643.37,1587.33,1407.56,14.62,21.61,553.31,2388.16,9044.78,1.3,47.46,521.74,2388.12,8121.69,8.4316,0.03,392,2388,100.0,38.69,23.2071,155
19,4,0.0014,0.0002,100.0,518.67,642.53,1590.93,1412.13,14.62,21.61,553.19,2388.13,9044.46,1.3,47.55,521.6,2388.12,8123.21,8.4634,0.03,393,2388,100.0,38.81,23.2752,154
19,5,-0.0005,-0.0004,100.0,518.67,642.41,1588.13,1407.64,14.62,21.61,553.3,2388.18,9041.06,1.3,47.53,521.21,2388.11,8127.37,8.457,0.03,393,2388,100.0,38.79,23.2524,153
19,6,0.0034,0.0004,100.0,518.67,642.85,1596.95,1406.78,14.62,21.61,553.57,2388.11,9047.72,1.3,47.44,521.57,2388.15,8122.88,8.4274,0.03,394,2388,100.0,38.73,23.255,152
19,7,-0.0011,0.0005,100.0,518.67,642.72,1587.07,1407.37,14.62,21.61,553.25,2388.15,9041.85,1.3,47.66,521.67,2388.14,8127.66,8.4279,0.03,391,2388,100.0,38.93,23.3098,151
19,8,-0.0005,-0.0002,100.0,518.67,642.64,1590.03,1407.13,14.62,21.61,553.43,2388.11,9051.09,1.3,47.48,520.7,2388.11,8130.1,8.4393,0.03,393,2388,100.0,38.71,23.3006,150
19,9,-0.0023,-0.0002,100.0,518.67,643.04,1591.23,1409.11,14.62,21.61,553.43,2388.16,9045.26,1.3,47.59,521.44,2388.13,8123.08,8.4269,0.03,394,2388,100.0,38.92,23.2344,149
19,10,-0.0026,-0.0004,100.0,518.67,642.54,1588.75,1404.89,14.62,21.61,553.97,2388.05,9046.27,1.3,47.56,521.52,2388.16,8131.8,8.4081,0.03,393,2388,100.0,38.98,23.2501,148
19,11,0.0029,-0.0005,100.0,518.67,643.13,1593.97,1410.49,14.62,21.61,552.85,2388.16,9049.79,1.3,47.57,521.81,2388.14,8128.15,8.4605,0.03,393,2388,100.0,38.71,23.3284,147
19,12,-0.0014,0.0001,100.0,518.67,643.1,1594.98,1422.97,14.62,21.61,553.7,2388.15,9050.68,1.3,47.61,521.15,2388.12,8123.19,8.4289,0.03,394,2388,100.0,38.77,23.2868,146
19,13,0.0009,-0.0004,100.0,518.67,642.35,1587.05,1406.18,14.62,21.61,553.82,2388.01,9047.32,1.3,47.6,521.68,2388.14,8129.49,8.4508,0.03,395,2388,100.0,38.99,23.2731,145
19,14,0.001,-0.0005,100.0,518.67,643.21,1590.1,1403.15,14.62,21.61,553.27,2388.11,9049.95,1.3,47.58,521.33,2388.14,8123.11,8.418,0.03,394,2388,100.0,38.7,23.2526,144
19,15,-0.0008,0.0005,100.0,518.67,642.75,1594.28,1407.62,14.62,21.61,553.73,2388.13,9043.36,1.3,47.69,521.03,2388.13,8123.24,8.4211,0.03,393,2388,100.0,38.77,23.2853,143
19,16,-0.0022,0.0002,100.0,518.67,642.2,1593.11,1407.83,14.62,21.61,553.02,2388.15,9040.91,1.3,47.49,521.47,2388.09,8129.92,8.4313,0.03,395,2388,100.0,38.75,23.3046,142
19,17,0.0005,0.0001,100.0,518.67,642.53,1591.36,1406.05,14.62,21.61,552.47,2388.15,9049.25,1.3,47.62,521.9,2388.12,8129.27,8.435,0.03,392,2388,100.0,38.78,23.2081,141
19,18,0.0041,-0.0004,100.0,518.67,643.17,1588.99,1410.25,14.62,21.61,552.8,2388.14,9050.18,1.3,47.4,521.02,2388.11,8121.92,8.3976,0.03,393,2388,100.0,38.97,23.2632,140
19,19,0.0036,0.0001,100.0,518.67,642.45,1594.35,1409.71,14.62,21.61,553.1,2388.15,9046.53,1.3,47.59,520.6,2388.13,8127.43,8.4309,0.03,395,2388,100.0,38.66,23.3521,139
19,20,0.0009,-0.0003,100.0,518.67,642.7,1588.53,1413.7,14.62,21.61,553.2,2388.14,9045.11,1.3,47.71,521.52,2388.09,8128.17,8.4356,0.03,393,2388,100.0,38.98,23.3257,138
19,21,0.0019,-0.0004,100.0,518.67,642.76,1592.13,1399.69,14.62,21.61,553.46,2388.12,9050.97,1.3,47.48,521.35,2388.13,8127.15,8.4498,0.03,393,2388,100.0,38.83,23.324,137
19,22,-0.0012,0.0003,100.0,518.67,642.23,1589.77,1409.84,14.62,21.61,553.6,2388.13,9045.2,1.3,47.38,522.09,2388.07,8129.42,8.4375,0.03,394,2388,100.0,38.92,23.3018,136
19,23,-0.0009,-0.0,100.0,518.67,642.73,1596.05,1404.17,14.62,21.61,553.1,2388.17,9052.78,1.3,47.41,521.02,2388.16,8129.11,8.471,0.03,392,2388,100.0,38.71,23.3013,135
19,24,-0.0013,-0.0002,100.0,518.67,642.9,1592.19,1407.48,14.62,21.61,553.64,2388.13,9037.45,1.3,47.74,521.49,2388.13,8122.86,8.4323,0.03,392,2388,100.0,38.97,23.3265,134
19,25,-0.0002,-0.0003,100.0,518.67,642.67,1584.52,1406.04,14.62,21.61,553.08,2388.14,9038.15,1.3,47.63,521.64,2388.12,8124.72,8.4403,0.03,392,2388,100.0,38.7,23.3463,133
19,26,0.0029,-0.0004,100.0,518.67,642.37,1588.86,1411.93,14.62,21.61,553.96,2388.11,9046.5,1.3,47.44,521.48,2388.15,8123.29,8.4408,0.03,393,2388,100.0,38.86,23.2728,132
19,27,-0.0028,-0.0001,100.0,518.67,642.95,1585.16,1406.91,14.62,21.61,553.47,2388.14,9044.31,1.3,47.49,521.18,2388.13,8137.19,8.4714,0.03,393,2388,100.0,38.76,23.3233,131
19,28,-0.0008,-0.0004,100.0,518.67,642.07,1581.79,1412.55,14.62,21.61,553.45,2388.11,9046.86,1.3,47.37,521.71,2388.18,8129.24,8.4498,0.03,393,2388,100.0,38.86,23.3038,130
19,29,0.001,-0.0003,100.0,518.67,641.91,1589.32,1410.98,14.62,21.61,553.37,2388.18,9043.34,1.3,47.53,521.44,2388.17,8118.97,8.4473,0.03,392,2388,100.0,38.85,23.3194,129
19,30,0.0022,-0.0001,100.0,518.67,642.54,1588.02,1415.56,14.62,21.61,553.1,2388.15,9051.33,1.3,47.62,521.24,2388.14,8124.29,8.465,0.03,393,2388,100.0,39.02,23.2854,128
19,31,0.0014,0.0004,100.0,518.67,642.69,1589.83,1404.5,14.62,21.61,552.4,2388.13,9048.67,1.3,47.71,521.43,2388.11,8130.1,8.4278,0.03,393,2388,100.0,38.82,23.2491,127
19,32,0.0018,0.0001,100.0,518.67,642.85,1591.33,1411.99,14.62,21.61,553.26,2388.15,9042.8,1.3,47.73,521.18,2388.17,8124.35,8.4751,0.03,395,2388,100.0,38.74,23.2388,126
19,33,-0.0014,-0.0004,100.0,518.67,642.96,1591.64,1407.84,14.62,21.61,553.2,2388.12,9047.34,1.3,47.79,521.13,2388.12,8134.21,8.4267,0.03,393,2388,100.0,38.8,23.2431,125
19,34,0.0038,0.0003,100.0,518.67,642.62,1592.08,1409.47,14.62,21.61,553.24,2388.15,9039.19,1.3,47.75,521.44,2388.12,8127.39,8.4395,0.03,393,2388,100.0,38.6,23.2897,124
19,35,0.0004,-0.0003,100.0,518.67,642.65,1589.06,1413.73,14.62,21.61,553.09,2388.13,9047.18,1.3,47.56,521.68,2388.16,8126.74,8.4146,0.03,393,2388,100.0,38.68,23.2405,123
19,36,0.0016,0.0005,100.0,518.67,642.83,1598.57,1412.15,14.62,21.61,553.19,2388.1,9054.32,1.3,47.57,521.34,2388.13,8126.12,8.4659,0.03,392,2388,100.0,38.94,23.2373,122
19,37,0.0007,0.0001,100.0,518.67,642.86,1586.82,1412.13,14.62,21.61,553.31,2388.11,9040.7,1.3,47.56,521.05,2388.14,8123.86,8.4576,0.03,394,2388,100.0,38.83,23.2959,121
19,38,-0.0,0.0003,100.0,518.67,642.85,1590.06,1410.74,14.62,21.61,553.3,2388.11,9047.23,1.3,47.44,521.35,2388.16,8125.61,8.4386,0.03,393,2388,100.0,38.79,23.2437,120
19,39,0.0021,0.0001,100.0,518.67,642.23,1586.95,1413.22,14.62,21.61,553.4,2388.19,9047.4,1.3,47.6,521.21,2388.12,8125.02,8.4037,0.03,394,2388,100.0,38.85,23.3472,119
19,40,-0.0002,-0.0004,100.0,518.67,642.89,1593.28,1411.83,14.62,21.61,552.94,2388.14,9040.46,1.3,47.53,521.67,2388.11,8122.23,8.411,0.03,393,2388,100.0,38.82,23.2606,118
19,41,0.0017,0.0004,100.0,518.67,642.98,1591.07,1410.28,14.62,21.61,553.03,2388.11,9036.85,1.3,47.55,521.21,2388.14,8127.81,8.4308,0.03,394,2388,100.0,38.93,23.3649,117
19,42,-0.0,-0.0001,100.0,518.67,642.74,1591.26,1409.68,14.62,21.61,553.44,2388.11,9044.78,1.3,47.51,521.65,2388.1,8125.62,8.4375,0.03,394,2388,100.0,38.73,23.2848,116
19,43,0.0017,-0.0001,100.0,518.67,642.72,1588.17,1405.46,14.62,21.61,553.31,2388.17,9041.96,1.3,47.66,521.44,2388.17,8130.82,8.4716,0.03,394,2388,100.0,38.82,23.3131,115
19,44,-0.0006,0.0004,100.0,518.67,642.03,1589.56,1413.29,14.62,21.61,553.3,2388.07,9042.69,1.3,47.52,520.93,2388.11,8121.09,8.4691,0.03,393,2388,100.0,38.83,23.3636,114
19,45,0.0023,-0.0004,100.0,518.67,642.4,1592.17,1414.19,14.62,21.61,553.32,2388.14,9047.32,1.3,47.57,521.93,2388.16,8131.28,8.4268,0.03,394,2388,100.0,38.74,23.1953,113
19,46,0.0037,-0.0001,100.0,518.67,642.68,1587.13,1412.07,14.62,21.61,553.01,2388.18,9044.62,1.3,47.75,521.25,2388.12,8128.12,8.461,0.03,393,2388,100.0,38.9,23.3367,112
19,47,0.0006,-0.0003,100.0,518.67,642.58,1592.34,1407.34,14.62,21.61,552.54,2388.13,9047.61,1.3,47.54,521.04,2388.16,8124.8,8.4621,0.03,392,2388,100.0,38.87,23.2939,111
19,48,0.0002,0.0,100.0,518.67,642.73,1594.93,1418.49,14.62,21.61,553.05,2388.14,9039.34,1.3,47.56,521.45,2388.18,8124.92,8.443,0.03,392,2388,100.0,38.79,23.3338,110
19,49,-0.0029,0.0004,100.0,518.67,642.76,1589.66,1407.59,14.62,21.61,552.81,2388.19,9047.18,1.3,47.72,520.89,2388.14,8124.99,8.4381,0.03,393,2388,100.0,38.88,23.3476,109
19,50,-0.0007,-0.0004,100.0,518.67,642.77,1593.96,1415.17,14.62,21.61,553.3,2388.19,9047.16,1.3,47.57,521.39,2388.16,8127.71,8.4007,0.03,395,2388,100.0,38.96,23.2549,108
19,51,-0.0011,0.0002,100.0,518.67,642.51,1589.74,1413.7,14.62,21.61,553.54,2388.11,9049.71,1.3,47.47,521.43,2388.16,8126.26,8.4484,0.03,394,2388,100.0,38.96,23.2234,107
19,52,-0.0033,-0.0001,100.0,518.67,642.43,1593.84,1407.06,14.62,21.61,552.69,2388.15,9047.99,1.3,47.64,521.8,2388.15,8120.86,8.4823,0.03,394,2388,100.0,38.81,23.3347,106
19,53,-0.0012,0.0001,100.0,518.67,643.06,1595.02,1409.99,14.62,21.61,553.04,2388.1,9046.45,1.3,47.65,521.22,2388.18,8119.83,8.4307,0.03,395,2388,100.0,38.74,23.2343,105
19,54,0.0003,-0.0003,100.0,518.67,642.79,1597.75,1413.44,14.62,21.61,552.63,2388.18,9035.93,1.3,47.71,521.57,2388.16,8126.63,8.4485,0.03,393,2388,100.0,38.77,23.2657,104
19,55,-0.0026,0.0003,100.0,518.67,642.69,1596.13,1409.11,14.62,21.61,552.96,2388.17,9045.32,1.3,47.83,521.52,2388.14,8129.4,8.4162,0.03,393,2388,100.0,38.78,23.2501,103
19,56,-0.0008,0.0003,100.0,518.67,642.86,1583.82,1415.05,14.62,21.61,553.37,2388.1,9049.73,1.3,47.56,521.22,2388.1,8122.56,8.4502,0.03,393,2388,100.0,38.83,23.2757,102
19,57,0.0002,0.0004,100.0,518.67,642.85,1591.29,1410.83,14.62,21.61,552.8,2388.13,9038.94,1.3,47.52,520.98,2388.1,8121.89,8.4327,0.03,393,2388,100.0,38.97,23.2607,101
19,58,0.0006,-0.0003,100.0,518.67,642.74,1592.6,1408.77,14.62,21.61,553.11,2388.12,9041.99,1.3,47.69,520.88,2388.19,8121.49,8.4629,0.03,395,2388,100.0,38.87,23.2729,100
19,59,-0.0003,-0.0003,100.0,518.67,642.67,1591.8,1411.34,14.62,21.61,552.81,2388.13,9052.59,1.3,47.52,521.04,2388.15,8129.51,8.4765,0.03,394,2388,100.0,38.87,23.3375,99
19,60,-0.0049,-0.0004,100.0,518.67,642.68,1587.38,1410.58,14.62,21.61,552.91,2388.15,9041.58,1.3,47.73,520.76,2388.14,8121.62,8.4315,0.03,394,2388,100.0,38.64,23.3252,98
19,61,0.0025,-0.0002,100.0,518.67,642.49,1593.31,1417.8,14.62,21.61,553.16,2388.18,9051.72,1.3,47.65,521.04,2388.11,8124.94,8.4434,0.03,394,2388,100.0,38.96,23.2856,97
19,62,0.0039,-0.0001,100.0,518.67,642.28,1590.47,1408.57,14.62,21.61,552.73,2388.08,9038.06,1.3,47.77,520.8,2388.11,8117.78,8.4276,0.03,394,2388,100.0,38.69,23.2194,96
19,63,-0.0008,0.0002,100.0,518.67,642.36,1591.45,1406.06,14.62,21.61,553.26,2388.13,9049.42,1.3,47.63,521.12,2388.15,8124.3,8.4876,0.03,394,2388,100.0,38.74,23.2116,95
19,64,-0.0006,-0.0004,100.0,518.67,643.01,1581.87,1409.48,14.62,21.61,553.76,2388.13,9055.91,1.3,47.48,520.99,2388.13,8126.75,8.4468,0.03,391,2388,100.0,38.75,23.3097,94
19,65,0.0028,0.0002,100.0,518.67,642.84,1597.85,1408.12,14.62,21.61,552.79,2388.1,9048.84,1.3,47.68,521.77,2388.13,8122.62,8.4475,0.03,393,2388,100.0,38.84,23.3028,93
19,66,-0.0014,0.0002,100.0,518.67,643.15,1585.97,1411.13,14.62,21.61,553.99,2388.18,9043.59,1.3,47.61,521.04,2388.05,8128.72,8.4398,0.03,393,2388,100.0,38.73,23.2549,92
19,67,-0.0032,0.0002,100.0,518.67,642.55,1591.7,1410.7,14.62,21.61,552.19,2388.16,9050.44,1.3,47.68,520.94,2388.17,8124.91,8.421,0.03,394,2388,100.0,38.76,23.2641,91
19,68,0.0027,0.0004,100.0,518.67,642.65,1586.14,1405.31,14.62,21.61,553.75,2388.12,9043.07,1.3,47.6,521.07,2388.18,8127.38,8.4522,0.03,394,2388,100.0,38.67,23.3544,90
19,69,-0.0013,0.0002,100.0,518.67,642.8,1601.78,1411.62,14.62,21.61,553.8,2388.11,9049.03,1.3,47.42,521.02,2388.14,8128.36,8.4255,0.03,393,2388,100.0,38.6,23.2372,89
19,70,-0.002,-0.0001,100.0,518.67,642.64,1593.92,1409.27,14.62,21.61,553.4,2388.13,9039.49,1.3,47.62,521.27,2388.12,8122.48,8.4017,0.03,392,2388,100.0,38.7,23.3041,88
19,71,-0.0032,-0.0002,100.0,518.67,643.33,1590.68,1410.85,14.62,21.61,553.06,2388.12,9046.11,1.3,47.7,521.04,2388.14,8129.39,8.452,0.03,393,2388,100.0,38.72,23.3074,87
19,72,0.0007,0.0003,100.0,518.67,643.07,1592.08,1417.08,14.62,21.61,552.72,2388.18,9037.01,1.3,47.55,520.95,2388.12,8124.72,8.4253,0.03,393,2388,100.0,38.75,23.2404,86
19,73,-0.0005,-0.0001,100.0,518.67,643.18,1583.11,1412.83,14.62,21.61,552.71,2388.14,9046.05,1.3,47.65,521.13,2388.13,8125.86,8.468,0.03,393,2388,100.0,38.71,23.4029,85
19,74,-0.0015,-0.0,100.0,518.67,642.57,1595.49,1409.74,14.62,21.61,553.52,2388.15,9046.24,1.3,47.77,521.07,2388.12,8126.89,8.4727,0.03,394,2388,100.0,39.05,23.2137,84
19,75,0.001,0.0005,100.0,518.67,643.17,1590.45,1408.82,14.62,21.61,553.69,2388.18,9050.4,1.3,47.69,521.28,2388.18,8127.19,8.4515,0.03,394,2388,100.0,38.58,23.3202,83
19,76,0.0029,0.0001,100.0,518.67,643.09,1585.28,1410.25,14.62,21.61,552.86,2388.22,9048.83,1.3,47.57,521.01,2388.15,8128.93,8.4145,0.03,394,2388,100.0,38.72,23.3368,82
19,77,-0.0028,-0.0001,100.0,518.67,642.9,1595.62,1414.26,14.62,21.61,553.04,2388.15,9037.13,1.3,47.73,521.2,2388.17,8127.89,8.4324,0.03,395,2388,100.0,38.9,23.2269,81
19,78,-0.001,0.0005,100.0,518.67,642.84,1589.09,1411.63,14.62,21.61,553.35,2388.1,9042.39,1.3,47.76,521.92,2388.13,8128.45,8.4589,0.03,395,2388,100.0,38.69,23.2324,80
19,79,0.0036,-0.0001,100.0,518.67,643.02,1593.79,1404.56,14.62,21.61,552.45,2388.18,9047.36,1.3,47.4,521.31,2388.15,8124.3,8.4235,0.03,393,2388,100.0,38.66,23.2652,79
19,80,0.0031,-0.0002,100.0,518.67,642.67,1597.33,1416.52,14.62,21.61,553.25,2388.16,9047.15,1.3,47.6,520.81,2388.19,8126.07,8.4338,0.03,394,2388,100.0,38.61,23.2186,78
19,81,0.001,-0.0004,100.0,518.67,644.12,1601.29,1420.9,14.62,21.61,553.43,2388.15,9051.14,1.3,47.57,521.58,2388.18,8125.55,8.4484,0.03,393,2388,100.0,38.82,23.191,77
19,82,-0.0033,-0.0003,100.0,518.67,642.98,1598.06,1410.12,14.62,21.61,552.83,2388.18,9046.23,1.3,47.46,521.3,2388.11,8127.91,8.4622,0.03,394,2388,100.0,38.72,23.3299,76
19,83,0.0038,0.0001,100.0,518.67,642.67,1595.65,1405.56,14.62,21.61,552.79,2388.19,9049.09,1.3,47.65,520.89,2388.2,8121.73,8.3989,0.03,394,2388,100.0,38.7,23.1632,75
19,84,0.001,0.0004,100.0,518.67,642.76,1591.22,1414.02,14.62,21.61,553.51,2388.16,9047.47,1.3,47.63,520.8,2388.15,8126.84,8.4648,0.03,395,2388,100.0,38.82,23.1799,74
19,85,-0.0005,0.0001,100.0,518.67,643.04,1590.63,1409.01,14.62,21.61,553.73,2388.12,9046.11,1.3,47.87,520.45,2388.23,8124.62,8.447,0.03,393,2388,100.0,38.76,23.2447,73
19,86,0.0015,0.0005,100.0,518.67,643.01,1590.1,1410.08,14.62,21.61,553.13,2388.16,9041.66,1.3,47.59,521.03,2388.2,8131.25,8.4399,0.03,393,2388,100.0,38.79,23.2445,72
19,87,-0.0027,0.0004,100.0,518.67,642.75,1595.77,1416.18,14.62,21.61,553.24,2388.17,9044.93,1.3,47.5,521.38,2388.16,8122.96,8.4614,0.03,394,2388,100.0,38.72,23.234,71
19,88,0.0021,-0.0,100.0,518.67,642.94,1589.1,1416.46,14.62,21.61,552.59,2388.2,9047.07,1.3,47.64,521.19,2388.13,8128.69,8.4559,0.03,395,2388,100.0,38.72,23.2013,70
19,89,0.0006,-0.0002,100.0,518.67,642.77,1592.83,1420.29,14.62,21.61,551.72,2388.14,9043.34,1.3,47.71,520.66,2388.16,8129.13,8.4657,0.03,394,2388,100.0,38.52,23.2285,69
19,90,0.0036,-0.0004,100.0,518.67,642.81,1593.35,1411.48,14.62,21.61,552.63,2388.14,9051.66,1.3,47.7,521.32,2388.16,8123.63,8.4397,0.03,393,2388,100.0,38.75,23.2118,68
19,91,-0.0006,0.0004,100.0,518.67,643.1,1589.44,1412.8,14.62,21.61,552.66,2388.13,9045.01,1.3,47.88,521.19,2388.14,8130.99,8.4723,0.03,394,2388,100.0,38.95,23.2277,67
19,92,0.0036,-0.0004,100.0,518.67,642.78,1595.75,1410.56,14.62,21.61,553.11,2388.18,9041.85,1.3,47.7,521.09,2388.19,8127.87,8.4285,0.03,394,2388,100.0,38.82,23.2234,66
19,93,-0.0027,0.0002,100.0,518.67,642.9,1593.94,1409.66,14.62,21.61,553.0,2388.19,9050.15,1.3,47.6,520.43,2388.22,8128.23,8.4571,0.03,393,2388,100.0,38.8,23.2608,65
19,94,-0.0005,0.0004,100.0,518.67,643.66,1597.84,1418.85,14.62,21.61,553.44,2388.2,9045.53,1.3,47.75,521.3,2388.2,8126.32,8.469,0.03,394,2388,100.0,38.7,23.1863,64
19,95,-0.0013,0.0002,100.0,518.67,643.08,1595.72,1414.33,14.62,21.61,552.45,2388.21,9049.85,1.3,47.68,520.56,2388.18,8124.27,8.4677,0.03,394,2388,100.0,38.66,23.3249,63
19,96,-0.0016,-0.0,100.0,518.67,643.05,1598.49,1415.37,14.62,21.61,552.67,2388.19,9043.79,1.3,47.89,521.27,2388.19,8125.26,8.4674,0.03,395,2388,100.0,38.7,23.1194,62
19,97,-0.0029,-0.0005,100.0,518.67,643.21,1593.51,1409.89,14.62,21.61,552.27,2388.17,9041.22,1.3,47.96,521.32,2388.21,8127.97,8.4809,0.03,395,2388,100.0,38.61,23.2867,61
19,98,0.0031,0.0001,100.0,518.67,643.26,1594.33,1412.37,14.62,21.61,552.59,2388.17,9050.72,1.3,47.66,521.23,2388.22,8130.42,8.4436,0.03,393,2388,100.0,38.65,23.3202,60
19,99,0.0007,-0.0003,100.0,518.67,642.98,1594.07,1410.87,14.62,21.61,552.97,2388.2,9042.49,1.3,47.79,521.36,2388.16,8126.63,8.451,0.03,394,2388,100.0,38.71,23.2509,59
19,100,-0.0021,-0.0004,100.0,518.67,643.21,1602.29,1413.53,14.62,21.61,552.94,2388.16,9053.67,1.3,47.67,520.43,2388.2,8126.99,8.4545,0.03,393,2388,100.0,38.71,23.2006,58
19,101,-0.0019,0.0002,100.0,518.67,643.21,1596.3,1416.79,14.62,21.61,552.75,2388.2,9043.18,1.3,47.73,520.67,2388.18,8125.22,8.4078,0.03,393,2388,100.0,38.8,23.3293,57
19,102,0.0009,-0.0002,100.0,518.67,643.0,1591.51,1412.9,14.62,21.61,552.77,2388.2,9047.64,1.3,47.78,520.63,2388.09,8121.74,8.4626,0.03,394,2388,100.0,38.83,23.2054,56
19,103,0.0031,-0.0,100.0,518.67,642.36,1595.3,1415.31,14.62,21.61,553.75,2388.15,9047.57,1.3,47.63,521.03,2388.15,8125.57,8.4862,0.03,395,2388,100.0,38.74,23.2268,55
19,104,-0.0,-0.0001,100.0,518.67,643.14,1588.39,1415.89,14.62,21.61,552.69,2388.16,9048.64,1.3,47.79,521.06,2388.23,8118.63,8.5036,0.03,392,2388,100.0,38.57,23.2781,54
19,105,0.0039,0.0003,100.0,518.67,642.86,1591.8,1414.04,14.62,21.61,552.58,2388.15,9042.41,1.3,47.88,520.78,2388.16,8120.39,8.4978,0.03,394,2388,100.0,38.59,23.1176,53
19,106,0.0024,0.0001,100.0,518.67,642.86,1603.02,1416.23,14.62,21.61,552.85,2388.18,9042.54,1.3,47.71,520.46,2388.15,8127.82,8.4865,0.03,393,2388,100.0,38.5,23.1649,52
19,107,-0.0004,-0.0002,100.0,518.67,643.23,1593.86,1416.08,14.62,21.61,552.99,2388.17,9044.79,1.3,47.81,521.26,2388.13,8123.46,8.4806,0.03,393,2388,100.0,38.76,23.1997,51
19,108,0.0004,-0.0,100.0,518.67,642.56,1590.57,1411.25,14.62,21.61,551.81,2388.16,9049.78,1.3,47.72,520.72,2388.12,8119.37,8.4685,0.03,395,2388,100.0,38.79,23.2061,50
19,109,-0.0007,0.0005,100.0,518.67,642.96,1596.82,1411.54,14.62,21.61,552.93,2388.16,9043.24,1.3,47.76,521.01,2388.21,8120.92,8.4792,0.03,394,2388,100.0,38.62,23.1424,49
19,110,-0.0019,0.0004,100.0,518.67,643.32,1596.73,1415.7,14.62,21.61,552.47,2388.18,9049.81,1.3,47.81,520.81,2388.17,8124.55,8.4965,0.03,395,2388,100.0,38.73,23.2228,48
19,111,-0.0042,-0.0004,100.0,518.67,643.27,1595.25,1419.58,14.62,21.61,552.76,2388.17,9042.7,1.3,47.87,520.88,2388.21,8125.12,8.4634,0.03,395,2388,100.0,38.8,23.1583,47
19,112,-0.0,0.0002,100.0,518.67,643.15,1605.35,1417.79,14.62,21.61,552.22,2388.23,9044.37,1.3,47.86,521.07,2388.22,8126.73,8.4829,0.03,395,2388,100.0,38.66,23.2076,46
19,113,0.0006,0.0003,100.0,518.67,643.76,1600.85,1412.57,14.62,21.61,552.07,2388.19,9050.96,1.3,47.54,521.17,2388.21,8122.06,8.4688,0.03,394,2388,100.0,38.65,23.1186,45
19,114,0.0005,0.0002,100.0,518.67,643.37,1596.4,1422.4,14.62,21.61,552.66,2388.18,9051.24,1.3,47.92,520.94,2388.27,8130.55,8.5157,0.03,394,2388,100.0,38.74,23.2054,44
19,115,0.001,0.0004,100.0,518.67,642.86,1597.55,1416.77,14.62,21.61,553.55,2388.25,9046.04,1.3,47.77,520.56,2388.13,8125.83,8.4464,0.03,394,2388,100.0,38.68,23.2296,43
19,116,0.0023,-0.0003,100.0,518.67,642.72,1587.14,1415.88,14.62,21.61,552.24,2388.2,9043.53,1.3,47.81,521.09,2388.2,8122.0,8.4579,0.03,394,2388,100.0,38.74,23.1796,42
19,117,0.0008,-0.0005,100.0,518.67,642.67,1592.63,1418.86,14.62,21.61,552.53,2388.2,9043.05,1.3,47.59,521.19,2388.22,8126.76,8.4721,0.03,395,2388,100.0,38.76,23.2648,41
19,118,-0.0028,0.0002,100.0,518.67,643.06,1601.12,1417.01,14.62,21.61,552.52,2388.24,9043.92,1.3,47.8,520.52,2388.14,8123.42,8.4841,0.03,394,2388,100.0,38.62,23.205,40
19,119,0.0021,-0.0003,100.0,518.67,642.99,1597.58,1415.64,14.62,21.61,552.23,2388.22,9043.35,1.3,47.78,520.67,2388.23,8123.34,8.482,0.03,393,2388,100.0,38.67,23.0846,39
19,120,-0.0002,-0.0003,100.0,518.67,643.44,1590.1,1416.67,14.62,21.61,552.56,2388.24,9047.0,1.3,47.77,520.3,2388.25,8125.07,8.4613,0.03,392,2388,100.0,38.46,23.2771,38
19,121,0.0014,-0.0002,100.0,518.67,643.2,1600.66,1416.42,14.62,21.61,551.56,2388.25,9043.4,1.3,47.82,520.32,2388.18,8126.16,8.485,0.03,395,2388,100.0,38.64,23.1826,37
19,122,-0.0009,-0.0004,100.0,518.67,643.91,1587.38,1417.15,14.62,21.61,551.98,2388.2,9046.68,1.3,47.85,520.52,2388.2,8123.54,8.5054,0.03,396,2388,100.0,38.51,23.2121,36
19,123,-0.0002,0.0,100.0,518.67,642.49,1598.16,1421.98,14.62,21.61,552.2,2388.2,9045.76,1.3,47.99,520.78,2388.19,8118.53,8.4379,0.03,395,2388,100.0,38.59,23.131,35
19,124,0.0024,-0.0001,100.0,518.67,642.9,1595.48,1419.84,14.62,21.61,551.84,2388.26,9040.32,1.3,47.8,520.08,2388.21,8121.37,8.4868,0.03,393,2388,100.0,38.6,23.0959,34
19,125,0.0003,-0.0003,100.0,518.67,643.61,1596.71,1419.75,14.62,21.61,551.93,2388.19,9046.72,1.3,47.98,520.4,2388.19,8123.15,8.4764,0.03,394,2388,100.0,38.59,23.2692,33
19,126,-0.0001,-0.0001,100.0,518.67,643.09,1598.24,1421.15,14.62,21.61,552.34,2388.2,9044.99,1.3,47.82,520.94,2388.2,8119.96,8.4877,0.03,394,2388,100.0,38.55,23.2356,32
19,127,0.001,0.0,100.0,518.67,643.25,1596.18,1419.81,14.62,21.61,552.68,2388.19,9048.67,1.3,48.0,520.57,2388.19,8126.59,8.4791,0.03,393,2388,100.0,38.62,23.2953,31
19,128,0.0023,-0.0003,100.0,518.67,643.18,1603.68,1419.46,14.62,21.61,552.27,2388.25,9045.36,1.3,48.07,520.29,2388.2,8120.53,8.4803,0.03,395,2388,100.0,38.56,23.1868,30
19,129,0.0018,0.0004,100.0,518.67,643.44,1589.42,1420.91,14.62,21.61,552.27,2388.19,9043.52,1.3,47.94,520.86,2388.19,8123.83,8.4572,0.03,394,2388,100.0,38.51,23.2079,29
19,130,-0.0017,-0.0004,100.0,518.67,643.41,1595.04,1418.48,14.62,21.61,551.9,2388.24,9043.58,1.3,47.86,520.32,2388.24,8128.96,8.4336,0.03,396,2388,100.0,38.69,23.1258,28
19,131,0.0015,0.0004,100.0,518.67,642.98,1594.07,1420.61,14.62,21.61,552.27,2388.27,9043.1,1.3,47.93,520.56,2388.2,8121.11,8.4633,0.03,394,2388,100.0,38.46,23.2253,27
19,132,0.0015,0.0001,100.0,518.67,643.39,1592.53,1420.91,14.62,21.61,552.05,2388.28,9051.51,1.3,48.0,520.52,2388.21,8120.31,8.4731,0.03,395,2388,100.0,38.51,23.0466,26
19,133,0.0035,-0.0004,100.0,518.67,643.07,1593.66,1418.44,14.62,21.61,551.74,2388.25,9045.48,1.3,47.89,520.36,2388.28,8117.57,8.4726,0.03,395,2388,100.0,38.55,23.1752,25
19,134,0.0006,0.0003,100.0,518.67,643.46,1600.85,1413.51,14.62,21.61,551.68,2388.29,9040.27,1.3,47.85,519.7,2388.22,8119.16,8.4955,0.03,393,2388,100.0,38.53,23.0666,24
19,135,0.0025,0.0,100.0,518.67,643.13,1598.99,1425.2,14.62,21.61,552.94,2388.25,9042.27,1.3,47.88,519.73,2388.24,8120.63,8.4988,0.03,396,2388,100.0,38.49,23.2025,23
19,136,0.0025,-0.0003,100.0,518.67,642.92,1597.09,1422.71,14.62,21.61,551.76,2388.29,9040.21,1.3,47.79,520.25,2388.22,8119.66,8.5123,0.03,397,2388,100.0,38.53,23.2237,22
19,137,-0.001,-0.0002,100.0,518.67,643.28,1594.5,1428.05,14.62,21.61,552.25,2388.27,9047.28,1.3,47.8,519.62,2388.23,8116.79,8.4547,0.03,395,2388,100.0,38.44,23.0693,21
19,138,0.002,-0.0002,100.0,518.67,643.11,1598.76,1423.31,14.62,21.61,552.2,2388.21,9041.6,1.3,47.95,520.11,2388.31,8118.35,8.515,0.03,397,2388,100.0,38.72,23.161,20
19,139,0.0017,0.0004,100.0,518.67,643.54,1601.65,1425.36,14.62,21.61,550.69,2388.23,9043.92,1.3,47.96,520.29,2388.27,8121.34,8.4808,0.03,396,2388,100.0,38.6,22.9693,19
19,140,-0.0004,-0.0,100.0,518.67,643.32,1597.76,1417.45,14.62,21.61,551.81,2388.27,9040.71,1.3,48.17,519.93,2388.26,8121.99,8.4837,0.03,395,2388,100.0,38.58,23.0929,18
19,141,-0.0042,-0.0003,100.0,518.67,643.23,1599.42,1421.72,14.62,21.61,551.78,2388.28,9041.85,1.3,47.92,520.41,2388.22,8120.2,8.464,0.03,393,2388,100.0,38.64,23.1695,17
19,142,-0.0008,-0.0,100.0,518.67,643.65,1592.36,1416.28,14.62,21.61,551.36,2388.24,9041.98,1.3,47.96,519.93,2388.27,8119.97,8.4703,0.03,396,2388,100.0,38.57,23.2697,16
19,143,-0.0006,0.0004,100.0,518.67,643.8,1599.1,1427.12,14.62,21.61,551.58,2388.25,9053.57,1.3,48.06,519.76,2388.3,8127.73,8.4631,0.03,395,2388,100.0,38.66,23.1593,15
19,144,0.0015,-0.0005,100.0,518.67,643.68,1590.73,1425.19,14.62,21.61,551.58,2388.33,9038.57,1.3,47.97,520.04,2388.23,8121.4,8.5121,0.03,395,2388,100.0,38.55,23.2047,14
19,145,-0.0005,0.0003,100.0,518.67,642.79,1597.69,1421.19,14.62,21.61,551.96,2388.31,9042.6,1.3,48.08,519.46,2388.19,8116.09,8.4982,0.03,393,2388,100.0,38.55,23.148,13
19,146,-0.002,0.0003,100.0,518.67,643.03,1605.27,1424.03,14.62,21.61,552.16,2388.31,9043.71,1.3,48.18,519.52,2388.32,8116.25,8.521,0.03,395,2388,100.0,38.49,23.0104,12
19,147,0.0006,-0.0002,100.0,518.67,643.48,1604.18,1420.42,14.62,21.61,551.83,2388.28,9043.25,1.3,48.24,519.85,2388.26,8117.55,8.501,0.03,396,2388,100.0,38.54,23.1683,11
19,148,-0.0021,-0.0001,100.0,518.67,643.01,1605.53,1425.86,14.62,21.61,551.93,2388.32,9044.33,1.3,48.05,520.43,2388.27,8115.67,8.519,0.03,398,2388,100.0,38.62,23.0838,10
19,149,0.0016,-0.0002,100.0,518.67,643.57,1604.98,1421.34,14.62,21.61,551.76,2388.32,9044.55,1.3,48.0,519.3,2388.3,8123.56,8.5168,0.03,397,2388,100.0,38.43,23.1173,9
19,150,0.0002,0.0001,100.0,518.67,643.51,1604.42,1431.34,14.62,21.61,551.38,2388.26,9042.26,1.3,48.14,519.79,2388.29,8119.07,8.4934,0.03,395,2388,100.0,38.5,23.1234,8
19,151,-0.0009,0.0001,100.0,518.67,643.94,1603.13,1431.72,14.62,21.61,551.4,2388.32,9043.2,1.3,48.09,519.82,2388.3,8119.25,8.494,0.03,397,2388,100.0,38.52,23.0814,7
19,152,-0.0012,-0.0004,100.0,518.67,643.66,1603.8,1431.3,14.62,21.61,552.2,2388.3,9046.71,1.3,48.16,519.79,2388.26,8122.0,8.4974,0.03,395,2388,100.0,38.58,23.0703,6
19,153,0.0014,0.0004,100.0,518.67,643.45,1596.48,1427.77,14.62,21.61,550.73,2388.25,9042.05,1.3,48.14,519.62,2388.31,8116.73,8.5113,0.03,396,2388,100.0,38.6,23.1006,5
19,154,0.0051,0.0003,100.0,518.67,643.99,1600.85,1426.73,14.62,21.61,551.33,2388.27,9042.01,1.3,48.14,519.8,2388.29,8117.7,8.5145,0.03,397,2388,100.0,38.55,23.047,4
19,155,0.0019,0.0,100.0,518.67,642.92,1601.97,1433.78,14.62,21.61,551.24,2388.31,9041.73,1.3,48.15,519.45,2388.26,8118.91,8.5215,0.03,395,2388,100.0,38.23,23.053,3
19,156,-0.0029,-0.0002,100.0,518.67,643.44,1601.17,1430.45,14.62,21.61,550.9,2388.27,9035.58,1.3,48.14,519.67,2388.27,8120.36,8.538,0.03,396,2388,100.0,38.47,23.0858,2
19,157,0.0026,0.0,100.0,518.67,643.43,1597.38,1426.98,14.62,21.61,551.22,2388.28,9042.2,1.3,48.01,519.5,2388.29,8112.87,8.5381,0.03,395,2388,100.0,38.16,23.0758,1
19,158,-0.0009,0.0004,100.0,518.67,643.34,1605.58,1433.97,14.62,21.61,550.84,2388.3,9051.89,1.3,48.23,519.22,2388.33,8117.14,8.5343,0.03,396,2388,100.0,38.28,22.9405,0
20,1,0.0023,0.0002,100.0,518.67,643.0,1589.87,1404.3,14.62,21.61,553.44,2388.1,9063.7,1.3,47.56,521.93,2388.02,8136.61,8.4498,0.03,391,2388,100.0,38.88,23.2767,233
20,2,0.0002,0.0,100.0,518.67,642.72,1588.75,1406.6,14.62,21.61,553.77,2388.13,9055.4,1.3,47.67,520.66,2388.06,8136.47,8.4217,0.03,393,2388,100.0,38.79,23.2626,232
20,3,-0.001,-0.0001,100.0,518.67,642.9,1587.31,1404.3,14.62,21.61,552.91,2388.05,9055.83,1.3,47.49,521.14,2388.07,8136.89,8.4432,0.03,391,2388,100.0,38.79,23.276,231
20,4,0.0013,-0.0,100.0,518.67,642.42,1583.0,1417.06,14.62,21.61,553.69,2388.04,9057.87,1.3,47.61,521.63,2388.09,8133.4,8.439,0.03,393,2388,100.0,38.87,23.2784,230
20,5,-0.0009,-0.0003,100.0,518.67,642.55,1585.71,1406.9,14.62,21.61,553.06,2388.06,9054.13,1.3,47.55,521.48,2388.09,8135.61,8.4171,0.03,392,2388,100.0,38.88,23.2748,229
20,6,0.001,-0.0003,100.0,518.67,643.16,1586.19,1403.67,14.62,21.61,552.42,2388.07,9054.09,1.3,47.48,521.62,2388.05,8130.93,8.4453,0.03,393,2388,100.0,38.82,23.3133,228
20,7,0.0014,0.0004,100.0,518.67,642.44,1583.76,1404.13,14.62,21.61,554.4,2388.07,9058.45,1.3,47.56,521.07,2388.08,8142.14,8.4528,0.03,392,2388,100.0,38.94,23.2666,227
20,8,-0.0017,-0.0005,100.0,518.67,642.66,1589.12,1408.09,14.62,21.61,553.43,2388.11,9051.23,1.3,47.46,521.09,2388.06,8132.59,8.4364,0.03,392,2388,100.0,38.79,23.2775,226
20,9,0.0039,0.0004,100.0,518.67,642.39,1584.35,1403.87,14.62,21.61,553.46,2388.1,9056.89,1.3,47.61,521.43,2388.09,8135.27,8.4559,0.03,392,2388,100.0,38.88,23.3822,225
20,10,0.0025,-0.0005,100.0,518.67,642.73,1585.04,1397.76,14.62,21.61,553.64,2388.09,9054.98,1.3,47.48,521.9,2388.12,8131.19,8.4414,0.03,392,2388,100.0,38.89,23.4045,224
20,11,0.0019,0.0002,100.0,518.67,642.56,1586.04,1410.55,14.62,21.61,553.34,2388.08,9055.25,1.3,47.42,521.51,2388.11,8138.91,8.4197,0.03,394,2388,100.0,38.84,23.2635,223
20,12,0.0037,0.0003,100.0,518.67,642.39,1585.47,1407.66,14.62,21.61,554.31,2388.06,9058.02,1.3,47.54,521.69,2388.1,8134.99,8.4545,0.03,393,2388,100.0,38.66,23.3024,222
20,13,-0.0026,0.0003,100.0,518.67,642.76,1589.63,1405.47,14.62,21.61,553.92,2388.11,9050.25,1.3,47.37,521.45,2388.07,8133.4,8.4751,0.03,394,2388,100.0,38.7,23.2503,221
20,14,0.0019,0.0002,100.0,518.67,642.31,1591.06,1411.72,14.62,21.61,552.96,2388.06,9059.48,1.3,47.6,521.67,2388.12,8136.14,8.4054,0.03,392,2388,100.0,38.93,23.3803,220
20,15,-0.0046,-0.0005,100.0,518.67,641.83,1592.49,1406.63,14.62,21.61,553.42,2388.03,9057.06,1.3,47.61,521.28,2388.13,8137.29,8.4377,0.03,393,2388,100.0,38.94,23.3967,219
20,16,0.0023,0.0003,100.0,518.67,642.45,1589.62,1399.9,14.62,21.61,553.36,2388.09,9058.45,1.3,47.42,522.03,2388.14,8135.58,8.4111,0.03,394,2388,100.0,38.83,23.3011,218
20,17,-0.0009,0.0004,100.0,518.67,642.52,1588.52,1405.1,14.62,21.61,552.78,2388.16,9059.77,1.3,47.54,521.52,2388.1,8139.99,8.446,0.03,391,2388,100.0,38.78,23.231,217
20,18,-0.0027,0.0001,100.0,518.67,642.63,1589.33,1404.53,14.62,21.61,554.07,2388.09,9050.6,1.3,47.52,520.19,2388.08,8137.14,8.4085,0.03,393,2388,100.0,38.9,23.3501,216
20,19,0.0038,0.0005,100.0,518.67,643.1,1593.38,1403.45,14.62,21.61,553.66,2388.06,9059.7,1.3,47.37,520.99,2388.05,8142.76,8.4607,0.03,393,2388,100.0,38.89,23.2071,215
20,20,-0.0013,-0.0001,100.0,518.67,642.78,1592.77,1406.23,14.62,21.61,553.05,2388.11,9060.11,1.3,47.35,521.31,2388.09,8134.9,8.44,0.03,392,2388,100.0,38.78,23.3233,214
20,21,-0.0023,0.0004,100.0,518.67,642.59,1583.52,1411.61,14.62,21.61,554.02,2388.07,9052.34,1.3,47.57,521.48,2388.11,8131.8,8.4344,0.03,394,2388,100.0,38.78,23.4263,213
20,22,-0.0027,-0.0001,100.0,518.67,642.59,1585.06,1405.34,14.62,21.61,553.23,2388.11,9063.25,1.3,47.53,521.68,2388.09,8133.22,8.4422,0.03,392,2388,100.0,38.94,23.3007,212
20,23,-0.0001,-0.0003,100.0,518.67,643.3,1601.08,1406.85,14.62,21.61,553.68,2388.1,9056.81,1.3,47.69,521.3,2388.12,8141.68,8.4479,0.03,394,2388,100.0,38.94,23.3758,211
20,24,-0.0007,-0.0005,100.0,518.67,642.61,1588.31,1402.29,14.62,21.61,553.14,2388.07,9059.5,1.3,47.37,521.22,2388.03,8140.57,8.4664,0.03,393,2388,100.0,38.86,23.2466,210
20,25,0.0014,-0.0003,100.0,518.67,642.22,1582.05,1407.26,14.62,21.61,553.85,2388.11,9051.94,1.3,47.54,521.52,2388.09,8142.21,8.4509,0.03,393,2388,100.0,38.97,23.2967,209
20,26,0.0036,-0.0003,100.0,518.67,642.48,1596.63,1410.81,14.62,21.61,553.57,2388.08,9054.64,1.3,47.43,521.34,2388.08,8138.44,8.4508,0.03,394,2388,100.0,38.71,23.3192,208
20,27,-0.0016,0.0003,100.0,518.67,643.11,1583.9,1404.13,14.62,21.61,553.25,2388.1,9049.63,1.3,47.56,521.67,2388.15,8138.66,8.4485,0.03,393,2388,100.0,38.85,23.3431,207
20,28,-0.0029,-0.0002,100.0,518.67,642.52,1586.56,1404.01,14.62,21.61,553.3,2388.08,9061.35,1.3,47.4,521.17,2388.05,8139.86,8.4256,0.03,391,2388,100.0,38.78,23.3833,206
20,29,0.0031,-0.0,100.0,518.67,642.78,1587.38,1412.5,14.62,21.61,553.51,2388.06,9056.46,1.3,47.67,521.6,2388.13,8144.09,8.418,0.03,393,2388,100.0,38.85,23.3385,205
20,30,0.0009,-0.0005,100.0,518.67,642.92,1596.94,1405.78,14.62,21.61,553.37,2388.09,9051.02,1.3,47.53,520.94,2388.11,8137.16,8.4731,0.03,393,2388,100.0,38.7,23.1653,204
20,31,-0.0017,0.0002,100.0,518.67,642.91,1591.65,1404.61,14.62,21.61,554.19,2388.11,9050.49,1.3,47.57,521.78,2388.16,8129.1,8.4334,0.03,395,2388,100.0,38.76,23.3442,203
20,32,-0.0006,-0.0002,100.0,518.67,642.39,1590.01,1403.95,14.62,21.61,553.61,2388.05,9057.81,1.3,47.3,521.53,2388.04,8139.98,8.4505,0.03,394,2388,100.0,38.76,23.26,202
20,33,-0.0014,-0.0001,100.0,518.67,642.87,1590.95,1405.04,14.62,21.61,552.91,2388.09,9055.79,1.3,47.45,521.35,2388.1,8136.69,8.4725,0.03,393,2388,100.0,38.88,23.2933,201
20,34,-0.0004,-0.0001,100.0,518.67,642.68,1594.78,1400.07,14.62,21.61,553.27,2388.07,9063.98,1.3,47.57,521.35,2388.05,8135.04,8.4479,0.03,393,2388,100.0,38.78,23.23,200
20,35,0.0008,-0.0,100.0,518.67,642.68,1593.0,1408.04,14.62,21.61,553.62,2388.05,9060.8,1.3,47.53,520.92,2388.08,8140.74,8.4404,0.03,393,2388,100.0,38.83,23.2435,199
20,36,0.0021,-0.0004,100.0,518.67,642.39,1590.16,1406.21,14.62,21.61,554.66,2388.12,9064.41,1.3,47.37,521.54,2388.07,8135.67,8.4676,0.03,393,2388,100.0,38.76,23.4161,198
20,37,0.0,-0.0001,100.0,518.67,642.86,1585.03,1408.03,14.62,21.61,553.27,2388.09,9057.37,1.3,47.33,521.05,2388.1,8139.38,8.4277,0.03,395,2388,100.0,38.72,23.39,197
20,38,-0.0034,0.0001,100.0,518.67,642.9,1593.58,1404.38,14.62,21.61,553.14,2388.08,9061.65,1.3,47.53,521.42,2388.11,8138.99,8.4333,0.03,392,2388,100.0,38.87,23.2588,196
20,39,0.0025,-0.0003,100.0,518.67,642.76,1590.26,1404.61,14.62,21.61,554.11,2388.07,9059.52,1.3,47.38,521.62,2388.1,8137.09,8.4304,0.03,392,2388,100.0,39.04,23.3827,195
20,40,-0.0003,-0.0003,100.0,518.67,642.85,1582.87,1409.39,14.62,21.61,553.29,2388.12,9059.76,1.3,47.63,521.86,2388.08,8139.35,8.4449,0.03,392,2388,100.0,38.75,23.3017,194
20,41,-0.0021,0.0004,100.0,518.67,642.69,1588.76,1403.24,14.62,21.61,554.24,2388.14,9053.84,1.3,47.61,521.38,2388.1,8134.28,8.3917,0.03,394,2388,100.0,38.9,23.3647,193
20,42,0.0026,-0.0004,100.0,518.67,642.68,1588.26,1410.67,14.62,21.61,553.31,2388.06,9054.51,1.3,47.57,521.68,2388.08,8135.62,8.435,0.03,393,2388,100.0,38.75,23.1774,192
20,43,-0.0036,0.0003,100.0,518.67,642.25,1588.46,1402.22,14.62,21.61,553.41,2388.14,9057.93,1.3,47.46,521.04,2388.17,8135.28,8.4702,0.03,392,2388,100.0,39.09,23.3041,191
20,44,0.0008,-0.0004,100.0,518.67,642.55,1579.43,1406.18,14.62,21.61,554.13,2388.08,9058.31,1.3,47.28,521.41,2388.08,8143.42,8.4699,0.03,394,2388,100.0,38.69,23.3076,190
20,45,-0.0035,0.0004,100.0,518.67,642.91,1589.92,1412.98,14.62,21.61,553.39,2388.12,9058.56,1.3,47.4,521.36,2388.13,8132.16,8.442,0.03,393,2388,100.0,38.83,23.2619,189
20,46,-0.0006,0.0002,100.0,518.67,641.94,1587.3,1406.72,14.62,21.61,552.68,2388.14,9060.33,1.3,47.54,521.65,2388.07,8137.34,8.4218,0.03,395,2388,100.0,38.93,23.2239,188
20,47,-0.0004,0.0004,100.0,518.67,642.59,1586.41,1403.2,14.62,21.61,553.54,2388.09,9047.97,1.3,47.61,521.51,2388.13,8135.78,8.434,0.03,395,2388,100.0,38.93,23.3577,187
20,48,0.0004,-0.0004,100.0,518.67,642.7,1587.24,1415.13,14.62,21.61,553.59,2388.07,9054.79,1.3,47.58,521.31,2388.12,8141.39,8.4339,0.03,394,2388,100.0,38.78,23.3285,186
20,49,0.0002,0.0001,100.0,518.67,642.52,1595.78,1410.36,14.62,21.61,553.26,2388.13,9055.89,1.3,47.54,521.41,2388.07,8138.41,8.4592,0.03,393,2388,100.0,38.8,23.3159,185
20,50,-0.0007,-0.0003,100.0,518.67,642.56,1589.15,1404.24,14.62,21.61,553.59,2388.1,9057.09,1.3,47.53,521.06,2388.07,8132.64,8.4435,0.03,393,2388,100.0,38.81,23.2622,184
20,51,0.0026,-0.0,100.0,518.67,643.17,1588.28,1406.11,14.62,21.61,553.11,2388.1,9062.12,1.3,47.46,521.13,2388.11,8141.1,8.4609,0.03,393,2388,100.0,38.9,23.233,183
20,52,-0.0052,0.0005,100.0,518.67,643.46,1589.91,1407.67,14.62,21.61,553.68,2388.11,9053.88,1.3,47.42,521.76,2388.06,8140.52,8.4438,0.03,393,2388,100.0,38.83,23.2739,182
20,53,0.0031,0.0002,100.0,518.67,642.68,1585.19,1407.01,14.62,21.61,553.45,2388.11,9056.14,1.3,47.64,521.99,2388.09,8142.38,8.4658,0.03,395,2388,100.0,39.05,23.2878,181
20,54,0.0045,-0.0,100.0,518.67,642.76,1584.28,1408.61,14.62,21.61,553.74,2388.08,9055.32,1.3,47.61,521.49,2388.13,8140.54,8.4488,0.03,393,2388,100.0,38.98,23.4201,180
20,55,-0.0007,0.0,100.0,518.67,642.67,1595.03,1409.77,14.62,21.61,553.3,2388.14,9057.93,1.3,47.51,521.66,2388.1,8136.72,8.4483,0.03,393,2388,100.0,38.96,23.2591,179
20,56,0.002,0.0001,100.0,518.67,643.0,1589.89,1415.21,14.62,21.61,553.4,2388.1,9066.92,1.3,47.58,521.67,2388.1,8141.42,8.4164,0.03,393,2388,100.0,38.94,23.2907,178
20,57,-0.0005,0.0001,100.0,518.67,642.69,1584.64,1404.85,14.62,21.61,553.99,2388.11,9049.47,1.3,47.51,521.59,2388.04,8136.4,8.4343,0.03,390,2388,100.0,38.86,23.294,177
20,58,0.0006,0.0005,100.0,518.67,642.56,1592.77,1410.07,14.62,21.61,552.63,2388.14,9059.35,1.3,47.49,521.61,2388.06,8146.61,8.4387,0.03,392,2388,100.0,38.88,23.2305,176
20,59,-0.0001,0.0003,100.0,518.67,642.89,1586.18,1407.96,14.62,21.61,553.06,2388.14,9062.34,1.3,47.64,521.63,2388.08,8142.79,8.4483,0.03,393,2388,100.0,38.7,23.2829,175
20,60,0.0007,0.0003,100.0,518.67,643.15,1585.89,1408.67,14.62,21.61,552.65,2388.04,9057.57,1.3,47.47,521.09,2388.08,8132.59,8.4581,0.03,394,2388,100.0,38.75,23.275,174
20,61,0.0049,-0.0005,100.0,518.67,642.29,1588.64,1409.54,14.62,21.61,553.4,2388.07,9053.22,1.3,47.32,521.81,2388.1,8137.1,8.455,0.03,392,2388,100.0,38.83,23.3002,173
20,62,-0.0001,-0.0004,100.0,518.67,642.09,1588.38,1402.1,14.62,21.61,552.69,2388.13,9052.94,1.3,47.41,520.83,2388.12,8135.09,8.4092,0.03,391,2388,100.0,38.91,23.2064,172
20,63,-0.0026,0.0004,100.0,518.67,642.7,1588.44,1411.68,14.62,21.61,553.7,2388.08,9057.17,1.3,47.43,521.59,2388.1,8140.71,8.418,0.03,394,2388,100.0,38.78,23.2909,171
20,64,0.0001,0.0005,100.0,518.67,642.56,1589.55,1411.22,14.62,21.61,552.85,2388.09,9057.52,1.3,47.53,521.38,2388.1,8137.34,8.44,0.03,393,2388,100.0,38.84,23.3248,170
20,65,-0.0004,0.0004,100.0,518.67,642.81,1580.74,1407.01,14.62,21.61,553.95,2388.14,9053.85,1.3,47.51,521.65,2388.11,8135.77,8.4251,0.03,394,2388,100.0,38.83,23.4223,169
20,66,0.0032,-0.0005,100.0,518.67,642.32,1584.07,1404.98,14.62,21.61,551.82,2388.11,9051.49,1.3,47.51,521.2,2388.05,8146.16,8.4593,0.03,392,2388,100.0,38.76,23.2613,168
20,67,0.0018,-0.0,100.0,518.67,642.5,1593.76,1407.67,14.62,21.61,553.17,2388.06,9062.57,1.3,47.38,521.54,2388.09,8147.16,8.4577,0.03,393,2388,100.0,38.8,23.3067,167
20,68,0.0016,0.0004,100.0,518.67,642.18,1586.15,1406.39,14.62,21.61,553.02,2388.13,9058.24,1.3,47.54,521.18,2388.15,8138.03,8.4292,0.03,393,2388,100.0,38.66,23.3743,166
20,69,-0.0004,0.0,100.0,518.67,642.28,1592.13,1404.19,14.62,21.61,553.28,2388.11,9051.34,1.3,47.38,521.29,2388.1,8138.39,8.4573,0.03,393,2388,100.0,38.73,23.302,165
20,70,0.0006,-0.0002,100.0,518.67,642.5,1590.96,1408.9,14.62,21.61,553.18,2388.1,9056.14,1.3,47.45,520.96,2388.1,8141.09,8.4021,0.03,393,2388,100.0,38.81,23.3289,164
20,71,0.0023,0.0002,100.0,518.67,642.34,1588.94,1406.93,14.62,21.61,553.5,2388.12,9051.52,1.3,47.5,521.51,2388.12,8136.06,8.4797,0.03,394,2388,100.0,38.93,23.2532,163
20,72,-0.0006,0.0003,100.0,518.67,642.73,1590.7,1398.84,14.62,21.61,553.74,2388.08,9057.53,1.3,47.62,521.81,2388.06,8137.81,8.4701,0.03,391,2388,100.0,38.83,23.2108,162
20,73,-0.0019,0.0001,100.0,518.67,642.35,1594.4,1402.21,14.62,21.61,553.97,2388.07,9054.38,1.3,47.66,521.12,2388.05,8138.22,8.4661,0.03,392,2388,100.0,38.79,23.1704,161
20,74,-0.0028,-0.0001,100.0,518.67,642.53,1597.95,1414.01,14.62,21.61,553.44,2388.1,9053.35,1.3,47.5,521.42,2388.1,8138.45,8.4571,0.03,393,2388,100.0,38.95,23.3986,160
20,75,0.0016,0.0003,100.0,518.67,642.98,1587.91,1406.72,14.62,21.61,553.37,2388.09,9060.42,1.3,47.62,521.87,2388.15,8133.54,8.4613,0.03,394,2388,100.0,38.87,23.3528,159
20,76,0.0001,-0.0005,100.0,518.67,642.12,1592.48,1399.4,14.62,21.61,553.62,2388.09,9060.13,1.3,47.53,521.42,2388.03,8138.96,8.4348,0.03,394,2388,100.0,38.76,23.3029,158
20,77,-0.0014,0.0001,100.0,518.67,642.5,1589.91,1410.4,14.62,21.61,552.55,2388.05,9059.14,1.3,47.52,521.94,2388.04,8137.35,8.4364,0.03,393,2388,100.0,38.81,23.3197,157
20,78,-0.004,-0.0001,100.0,518.67,642.18,1586.29,1406.63,14.62,21.61,552.46,2388.07,9060.2,1.3,47.49,521.75,2388.11,8139.68,8.4145,0.03,393,2388,100.0,38.77,23.3192,156
20,79,-0.0005,-0.0004,100.0,518.67,642.58,1586.81,1414.27,14.62,21.61,553.35,2388.12,9064.77,1.3,47.51,521.42,2388.12,8133.79,8.43,0.03,393,2388,100.0,38.83,23.2583,155
20,80,-0.0018,-0.0003,100.0,518.67,642.4,1589.25,1413.43,14.62,21.61,553.35,2388.11,9061.18,1.3,47.46,521.93,2388.08,8144.03,8.4315,0.03,393,2388,100.0,38.8,23.2943,154
20,81,0.0011,-0.0003,100.0,518.67,643.09,1589.36,1411.33,14.62,21.61,553.64,2388.11,9059.98,1.3,47.63,521.34,2388.06,8139.33,8.448,0.03,393,2388,100.0,38.76,23.4235,153
20,82,0.0057,0.0,100.0,518.67,642.54,1593.93,1411.86,14.62,21.61,553.48,2388.1,9060.64,1.3,47.55,521.62,2388.15,8136.89,8.4394,0.03,391,2388,100.0,38.96,23.2727,152
20,83,0.0004,0.0005,100.0,518.67,643.2,1596.52,1402.75,14.62,21.61,552.49,2388.17,9057.86,1.3,47.63,521.06,2388.1,8137.93,8.4846,0.03,391,2388,100.0,38.69,23.3133,151
20,84,-0.0006,-0.0004,100.0,518.67,642.37,1588.61,1408.82,14.62,21.61,553.53,2388.13,9060.71,1.3,47.44,521.36,2388.1,8142.83,8.4453,0.03,392,2388,100.0,38.75,23.2789,150
20,85,-0.0031,0.0001,100.0,518.67,642.22,1587.6,1412.57,14.62,21.61,552.57,2388.08,9061.08,1.3,47.47,521.51,2388.14,8136.87,8.4454,0.03,393,2388,100.0,38.78,23.2369,149
20,86,-0.0002,-0.0001,100.0,518.67,642.97,1590.15,1406.15,14.62,21.61,553.18,2388.11,9060.7,1.3,47.42,521.61,2388.09,8139.44,8.4384,0.03,394,2388,100.0,38.69,23.4045,148
20,87,0.002,-0.0003,100.0,518.67,642.16,1592.56,1410.69,14.62,21.61,553.44,2388.08,9064.7,1.3,47.53,521.61,2388.09,8137.5,8.4147,0.03,393,2388,100.0,38.84,23.2796,147
20,88,0.003,-0.0004,100.0,518.67,642.49,1595.1,1411.53,14.62,21.61,553.55,2388.18,9063.09,1.3,47.52,521.16,2388.21,8136.92,8.4409,0.03,392,2388,100.0,38.98,23.3322,146
20,89,-0.0001,0.0,100.0,518.67,642.69,1593.79,1412.23,14.62,21.61,552.42,2388.07,9057.21,1.3,47.46,521.56,2388.12,8140.19,8.4741,0.03,393,2388,100.0,38.84,23.311,145
20,90,-0.0024,-0.0004,100.0,518.67,643.07,1594.25,1408.04,14.62,21.61,552.72,2388.1,9058.73,1.3,47.44,521.64,2388.1,8140.22,8.4137,0.03,394,2388,100.0,38.79,23.3096,144
20,91,-0.0002,-0.0,100.0,518.67,642.47,1589.57,1407.24,14.62,21.61,552.62,2388.11,9054.59,1.3,47.51,521.41,2388.11,8140.43,8.4123,0.03,395,2388,100.0,38.76,23.2504,143
20,92,-0.0006,-0.0003,100.0,518.67,643.2,1586.33,1414.36,14.62,21.61,554.05,2388.05,9057.93,1.3,47.73,521.25,2388.06,8135.7,8.4384,0.03,393,2388,100.0,38.76,23.1659,142
20,93,0.0042,-0.0003,100.0,518.67,642.66,1601.51,1409.78,14.62,21.61,553.41,2388.08,9058.76,1.3,47.62,521.27,2388.1,8141.85,8.466,0.03,393,2388,100.0,38.86,23.2592,141
20,94,-0.0006,-0.0002,100.0,518.67,643.05,1589.38,1406.97,14.62,21.61,553.78,2388.1,9067.19,1.3,47.56,521.88,2388.1,8140.89,8.4072,0.03,394,2388,100.0,38.79,23.3717,140
20,95,0.0031,-0.0003,100.0,518.67,642.89,1597.01,1403.4,14.62,21.61,552.71,2388.07,9058.17,1.3,47.42,521.86,2388.14,8138.41,8.4386,0.03,394,2388,100.0,38.87,23.3039,139
20,96,0.0016,0.0001,100.0,518.67,642.86,1593.33,1408.4,14.62,21.61,552.9,2388.04,9062.9,1.3,47.59,521.16,2388.15,8143.51,8.4466,0.03,393,2388,100.0,38.78,23.3181,138
20,97,0.004,-0.0002,100.0,518.67,643.38,1590.61,1408.42,14.62,21.61,552.93,2388.12,9060.69,1.3,47.65,521.0,2388.06,8135.99,8.4367,0.03,392,2388,100.0,38.94,23.2089,137
20,98,0.0006,0.0003,100.0,518.67,643.09,1596.53,1403.14,14.62,21.61,553.54,2388.15,9062.55,1.3,47.63,521.71,2388.08,8140.95,8.4485,0.03,393,2388,100.0,38.88,23.335,136
20,99,0.0023,-0.0001,100.0,518.67,642.29,1591.27,1415.57,14.62,21.61,553.43,2388.13,9060.61,1.3,47.42,521.24,2388.11,8137.55,8.4493,0.03,393,2388,100.0,38.93,23.2234,135
20,100,-0.0008,0.0004,100.0,518.67,642.87,1592.56,1405.75,14.62,21.61,553.07,2388.05,9057.92,1.3,47.54,521.03,2388.13,8139.39,8.4343,0.03,394,2388,100.0,38.65,23.2563,134
20,101,-0.0013,-0.0004,100.0,518.67,642.28,1588.07,1409.94,14.62,21.61,553.09,2388.09,9058.91,1.3,47.62,520.88,2388.11,8133.74,8.4615,0.03,393,2388,100.0,38.97,23.3331,133
20,102,0.0005,-0.0001,100.0,518.67,642.94,1591.15,1404.37,14.62,21.61,553.17,2388.11,9058.9,1.3,47.66,521.08,2388.08,8141.74,8.457,0.03,393,2388,100.0,38.76,23.2615,132
20,103,-0.0007,0.0003,100.0,518.67,643.16,1594.68,1407.17,14.62,21.61,553.25,2388.08,9058.04,1.3,47.46,521.75,2388.12,8135.38,8.446,0.03,393,2388,100.0,38.8,23.2814,131
20,104,-0.0058,0.0002,100.0,518.67,643.13,1587.03,1406.89,14.62,21.61,553.12,2388.13,9060.65,1.3,47.34,521.71,2388.04,8139.02,8.4214,0.03,391,2388,100.0,38.82,23.2237,130
20,105,0.0034,-0.0003,100.0,518.67,642.76,1580.84,1413.8,14.62,21.61,552.45,2388.08,9057.16,1.3,47.66,521.21,2388.06,8145.59,8.4386,0.03,393,2388,100.0,38.79,23.3195,129
20,106,-0.0011,-0.0002,100.0,518.67,642.22,1589.26,1413.83,14.62,21.61,553.31,2388.13,9066.42,1.3,47.45,521.45,2388.12,8138.85,8.4393,0.03,395,2388,100.0,38.72,23.2713,128
20,107,0.0017,0.0003,100.0,518.67,642.56,1588.92,1410.89,14.62,21.61,552.87,2388.14,9062.07,1.3,47.66,521.11,2388.14,8136.64,8.4372,0.03,393,2388,100.0,38.67,23.2237,127
20,108,-0.0007,-0.0002,100.0,518.67,642.32,1585.96,1408.45,14.62,21.61,553.24,2388.12,9060.99,1.3,47.57,521.68,2388.1,8143.61,8.4528,0.03,393,2388,100.0,38.82,23.3125,126
20,109,0.0028,0.0002,100.0,518.67,642.53,1588.51,1409.0,14.62,21.61,552.52,2388.15,9056.66,1.3,47.45,521.38,2388.1,8141.68,8.4349,0.03,392,2388,100.0,38.79,23.2156,125
20,110,-0.0006,0.0004,100.0,518.67,642.62,1584.45,1410.61,14.62,21.61,553.03,2388.08,9060.64,1.3,47.78,520.91,2388.09,8135.35,8.4366,0.03,392,2388,100.0,38.74,23.2607,124
20,111,-0.0035,-0.0004,100.0,518.67,642.86,1590.05,1405.06,14.62,21.61,553.36,2388.1,9053.91,1.3,47.58,521.45,2388.11,8138.37,8.434,0.03,393,2388,100.0,38.94,23.2636,123
20,112,-0.0011,-0.0005,100.0,518.67,642.58,1592.34,1419.48,14.62,21.61,553.64,2388.16,9061.63,1.3,47.73,520.82,2388.07,8140.16,8.4348,0.03,394,2388,100.0,38.69,23.3227,122
20,113,-0.0006,0.0003,100.0,518.67,642.96,1592.95,1407.37,14.62,21.61,553.42,2388.07,9063.84,1.3,47.54,520.45,2388.1,8134.47,8.4672,0.03,393,2388,100.0,38.83,23.3092,121
20,114,0.0036,-0.0003,100.0,518.67,642.98,1593.88,1403.16,14.62,21.61,553.35,2388.07,9060.6,1.3,47.59,521.51,2388.06,8136.78,8.47,0.03,393,2388,100.0,38.77,23.2415,120
20,115,-0.0,-0.0001,100.0,518.67,642.73,1592.16,1412.45,14.62,21.61,553.3,2388.08,9060.14,1.3,47.5,521.76,2388.1,8140.81,8.4493,0.03,394,2388,100.0,38.73,23.2474,119
20,116,0.0014,-0.0002,100.0,518.67,642.47,1595.27,1408.38,14.62,21.61,553.0,2388.17,9065.59,1.3,47.82,521.45,2388.12,8140.34,8.4435,0.03,394,2388,100.0,38.72,23.2964,118
20,117,0.0019,0.0004,100.0,518.67,643.06,1590.81,1416.9,14.62,21.61,553.62,2388.13,9058.63,1.3,47.69,521.68,2388.08,8138.99,8.4683,0.03,392,2388,100.0,38.77,23.2988,117
20,118,-0.0,0.0004,100.0,518.67,642.55,1587.34,1415.72,14.62,21.61,553.6,2388.17,9055.04,1.3,47.73,520.89,2388.15,8136.46,8.4446,0.03,393,2388,100.0,38.81,23.3293,116
20,119,-0.0013,-0.0002,100.0,518.67,642.55,1592.14,1407.61,14.62,21.61,553.54,2388.12,9057.24,1.3,47.69,521.52,2388.05,8134.77,8.4563,0.03,394,2388,100.0,38.76,23.3315,115
20,120,0.0021,0.0004,100.0,518.67,642.58,1586.67,1410.99,14.62,21.61,553.0,2388.11,9068.42,1.3,47.5,520.77,2388.07,8140.96,8.4339,0.03,394,2388,100.0,38.89,23.2364,114
20,121,0.0013,-0.0001,100.0,518.67,642.96,1591.04,1409.02,14.62,21.61,553.11,2388.09,9062.11,1.3,47.62,521.53,2388.04,8146.45,8.453,0.03,395,2388,100.0,38.68,23.3508,113
20,122,-0.0003,-0.0,100.0,518.67,642.71,1590.26,1421.62,14.62,21.61,552.8,2388.14,9063.95,1.3,47.62,521.54,2388.1,8141.91,8.4346,0.03,394,2388,100.0,38.59,23.2506,112
20,123,-0.0005,0.0002,100.0,518.67,642.68,1587.22,1414.97,14.62,21.61,552.77,2388.12,9061.94,1.3,47.62,520.98,2388.14,8138.06,8.4516,0.03,394,2388,100.0,38.73,23.3264,111
20,124,0.0013,-0.0005,100.0,518.67,642.56,1596.01,1415.17,14.62,21.61,553.2,2388.1,9057.88,1.3,47.63,521.36,2388.11,8143.78,8.4437,0.03,394,2388,100.0,38.82,23.2722,110
20,125,0.0051,0.0005,100.0,518.67,642.56,1593.75,1409.01,14.62,21.61,553.45,2388.16,9056.81,1.3,47.71,521.65,2388.12,8140.99,8.4587,0.03,394,2388,100.0,38.69,23.2647,109
20,126,0.003,-0.0001,100.0,518.67,642.91,1596.42,1413.12,14.62,21.61,552.71,2388.13,9052.58,1.3,47.61,521.36,2388.1,8137.46,8.4697,0.03,394,2388,100.0,38.79,23.2043,108
20,127,-0.0005,-0.0,100.0,518.67,642.92,1594.01,1413.4,14.62,21.61,553.42,2388.11,9059.41,1.3,47.52,521.07,2388.12,8141.13,8.4333,0.03,393,2388,100.0,38.68,23.2313,107
20,128,-0.0044,0.0003,100.0,518.67,642.74,1595.71,1411.4,14.62,21.61,553.37,2388.1,9060.8,1.3,47.52,521.67,2388.12,8136.86,8.4356,0.03,393,2388,100.0,38.76,23.2587,106
20,129,0.0015,-0.0005,100.0,518.67,642.25,1594.04,1421.01,14.62,21.61,553.44,2388.11,9055.94,1.3,47.79,521.6,2388.13,8137.32,8.4173,0.03,393,2388,100.0,38.82,23.242,105
20,130,0.002,-0.0003,100.0,518.67,642.45,1592.86,1408.14,14.62,21.61,552.54,2388.1,9068.84,1.3,47.67,521.28,2388.14,8139.68,8.4576,0.03,394,2388,100.0,38.74,23.3206,104
20,131,0.0,0.0003,100.0,518.67,642.69,1586.67,1413.62,14.62,21.61,552.36,2388.13,9066.88,1.3,47.57,521.39,2388.13,8141.46,8.4446,0.03,394,2388,100.0,38.81,23.3337,103
20,132,-0.0005,0.0003,100.0,518.67,642.2,1590.09,1407.34,14.62,21.61,553.17,2388.13,9066.64,1.3,47.7,520.54,2388.14,8139.06,8.4121,0.03,394,2388,100.0,38.61,23.2953,102
20,133,0.0002,-0.0,100.0,518.67,642.58,1594.52,1410.09,14.62,21.61,553.19,2388.11,9058.5,1.3,47.59,521.35,2388.13,8137.58,8.4603,0.03,394,2388,100.0,38.71,23.2711,101
20,134,0.0001,0.0003,100.0,518.67,642.99,1587.89,1415.42,14.62,21.61,553.08,2388.14,9060.12,1.3,47.66,521.31,2388.09,8141.33,8.4661,0.03,393,2388,100.0,38.76,23.3411,100
20,135,0.0014,-0.0005,100.0,518.67,642.64,1587.12,1412.36,14.62,21.61,553.02,2388.13,9064.44,1.3,47.52,521.3,2388.12,8135.68,8.451,0.03,394,2388,100.0,38.62,23.1733,99
20,136,-0.0015,-0.0005,100.0,518.67,642.65,1597.03,1410.97,14.62,21.61,552.89,2388.11,9065.56,1.3,47.59,521.31,2388.14,8137.22,8.4641,0.03,395,2388,100.0,38.93,23.3832,98
20,137,-0.0027,-0.0003,100.0,518.67,643.02,1598.18,1413.35,14.62,21.61,553.55,2388.15,9062.39,1.3,47.57,521.57,2388.15,8148.42,8.4452,0.03,394,2388,100.0,38.75,23.3033,97
20,138,-0.0002,-0.0004,100.0,518.67,642.79,1592.56,1412.27,14.62,21.61,553.55,2388.14,9055.5,1.3,47.61,521.16,2388.17,8139.99,8.4279,0.03,393,2388,100.0,38.67,23.2034,96
20,139,-0.0011,-0.0002,100.0,518.67,642.75,1590.01,1410.97,14.62,21.61,552.7,2388.19,9063.08,1.3,47.69,521.44,2388.11,8137.11,8.4398,0.03,394,2388,100.0,38.9,23.1815,95
20,140,-0.001,-0.0002,100.0,518.67,642.62,1600.27,1407.27,14.62,21.61,553.55,2388.11,9067.59,1.3,47.61,521.22,2388.11,8141.41,8.4628,0.03,394,2388,100.0,38.68,23.2348,94
20,141,0.0051,0.0004,100.0,518.67,642.9,1599.73,1420.41,14.62,21.61,552.92,2388.14,9062.38,1.3,47.62,521.73,2388.13,8136.49,8.4522,0.03,395,2388,100.0,38.84,23.1094,93
20,142,0.0034,0.0002,100.0,518.67,642.41,1591.21,1416.28,14.62,21.61,552.97,2388.17,9058.04,1.3,47.58,520.8,2388.1,8142.15,8.418,0.03,393,2388,100.0,38.59,23.2429,92
20,143,-0.0005,0.0003,100.0,518.67,643.39,1592.93,1416.04,14.62,21.61,552.6,2388.11,9065.94,1.3,47.51,521.28,2388.08,8141.6,8.4664,0.03,394,2388,100.0,38.69,23.2783,91
20,144,-0.0025,0.0004,100.0,518.67,642.72,1594.93,1416.54,14.62,21.61,552.68,2388.11,9070.38,1.3,47.65,521.22,2388.12,8137.22,8.4845,0.03,394,2388,100.0,38.82,23.3204,90
20,145,0.0047,-0.0005,100.0,518.67,642.98,1596.6,1414.15,14.62,21.61,553.46,2388.09,9068.28,1.3,47.67,521.44,2388.14,8143.24,8.4415,0.03,393,2388,100.0,38.54,23.199,89
20,146,0.0012,-0.0004,100.0,518.67,643.05,1592.33,1404.64,14.62,21.61,553.24,2388.09,9055.71,1.3,47.82,521.13,2388.1,8136.46,8.4609,0.03,394,2388,100.0,38.67,23.1918,88
20,147,-0.0028,-0.0002,100.0,518.67,643.19,1589.88,1409.92,14.62,21.61,553.99,2388.09,9064.06,1.3,47.71,520.85,2388.11,8138.94,8.4524,0.03,393,2388,100.0,38.78,23.2974,87
20,148,0.0002,-0.0001,100.0,518.67,642.93,1590.95,1412.77,14.62,21.61,553.18,2388.13,9058.9,1.3,47.68,521.48,2388.12,8136.15,8.4496,0.03,394,2388,100.0,38.75,23.2748,86
20,149,0.0016,0.0001,100.0,518.67,643.06,1598.73,1412.56,14.62,21.61,553.72,2388.12,9064.4,1.3,47.69,521.69,2388.16,8140.78,8.4162,0.03,393,2388,100.0,38.7,23.1124,85
20,150,-0.0005,0.0001,100.0,518.67,642.7,1600.21,1417.73,14.62,21.61,553.35,2388.15,9062.19,1.3,47.64,520.92,2388.17,8142.64,8.4814,0.03,395,2388,100.0,38.75,23.3095,84
20,151,0.0034,-0.0,100.0,518.67,643.1,1594.23,1409.21,14.62,21.61,553.05,2388.13,9068.04,1.3,47.8,521.64,2388.08,8143.41,8.4717,0.03,395,2388,100.0,38.69,23.2525,83
20,152,-0.0022,-0.0005,100.0,518.67,642.41,1594.61,1401.58,14.62,21.61,553.04,2388.14,9059.92,1.3,47.59,520.89,2388.16,8134.72,8.4943,0.03,393,2388,100.0,38.74,23.2657,82
20,153,-0.0017,0.0002,100.0,518.67,642.86,1588.39,1412.65,14.62,21.61,553.11,2388.1,9061.32,1.3,47.49,520.98,2388.18,8139.06,8.45,0.03,394,2388,100.0,38.62,23.2965,81
20,154,-0.0032,-0.0001,100.0,518.67,642.38,1590.07,1407.12,14.62,21.61,552.94,2388.11,9062.98,1.3,47.79,521.03,2388.11,8145.3,8.4504,0.03,393,2388,100.0,38.76,23.2014,80
20,155,-0.0001,0.0004,100.0,518.67,643.09,1593.13,1411.45,14.62,21.61,552.37,2388.1,9059.44,1.3,47.77,520.69,2388.17,8137.89,8.4186,0.03,393,2388,100.0,38.67,23.2963,79
20,156,0.0019,0.0001,100.0,518.67,642.73,1591.78,1412.73,14.62,21.61,553.09,2388.09,9070.42,1.3,47.93,521.07,2388.17,8138.18,8.4519,0.03,393,2388,100.0,38.65,23.1988,78
20,157,-0.0047,-0.0001,100.0,518.67,642.31,1591.12,1418.07,14.62,21.61,552.9,2388.14,9063.64,1.3,47.67,521.33,2388.13,8136.97,8.4801,0.03,394,2388,100.0,38.87,23.2796,77
20,158,0.0041,0.0001,100.0,518.67,642.44,1594.7,1417.94,14.62,21.61,552.84,2388.17,9063.21,1.3,47.79,521.23,2388.1,8141.89,8.4683,0.03,394,2388,100.0,38.95,23.212,76
20,159,-0.0027,0.0002,100.0,518.67,642.71,1584.55,1417.95,14.62,21.61,553.34,2388.17,9062.08,1.3,47.65,520.5,2388.12,8140.89,8.4488,0.03,395,2388,100.0,38.63,23.2674,75
20,160,-0.0004,0.0005,100.0,518.67,643.31,1595.32,1415.59,14.62,21.61,552.9,2388.09,9070.25,1.3,47.81,521.27,2388.14,8142.16,8.4556,0.03,397,2388,100.0,38.73,23.1871,74
20,161,-0.0009,0.0001,100.0,518.67,642.94,1595.83,1416.61,14.62,21.61,552.49,2388.11,9073.51,1.3,47.89,521.05,2388.07,8146.52,8.4465,0.03,393,2388,100.0,38.58,23.1748,73
20,162,-0.0035,-0.0003,100.0,518.67,643.14,1593.15,1415.99,14.62,21.61,552.3,2388.13,9057.25,1.3,47.61,520.87,2388.11,8143.42,8.4634,0.03,394,2388,100.0,38.82,23.1721,72
20,163,-0.0034,0.0,100.0,518.67,643.23,1595.8,1412.52,14.62,21.61,552.88,2388.18,9064.6,1.3,47.66,520.62,2388.15,8145.64,8.4582,0.03,395,2388,100.0,38.84,23.2628,71
20,164,0.0018,0.0004,100.0,518.67,643.17,1593.99,1421.13,14.62,21.61,553.49,2388.1,9058.68,1.3,47.57,520.52,2388.17,8140.33,8.4629,0.03,394,2388,100.0,38.79,23.229,70
20,165,-0.0001,-0.0002,100.0,518.67,642.64,1601.0,1410.17,14.62,21.61,552.73,2388.17,9065.29,1.3,47.76,520.91,2388.16,8138.59,8.4694,0.03,392,2388,100.0,38.87,23.1233,69
20,166,-0.0017,-0.0003,100.0,518.67,642.69,1590.41,1416.29,14.62,21.61,552.65,2388.17,9061.37,1.3,47.83,521.03,2388.13,8142.62,8.4338,0.03,396,2388,100.0,38.76,23.3285,68
20,167,-0.001,0.0003,100.0,518.67,642.65,1589.78,1410.74,14.62,21.61,552.55,2388.16,9071.21,1.3,47.71,520.83,2388.11,8134.82,8.4519,0.03,394,2388,100.0,38.63,23.176,67
20,168,0.0049,0.0002,100.0,518.67,643.13,1599.66,1414.58,14.62,21.61,552.54,2388.12,9065.49,1.3,47.81,521.02,2388.11,8138.99,8.4653,0.03,395,2388,100.0,38.66,23.1948,66
20,169,-0.0047,-0.0003,100.0,518.67,642.37,1592.26,1413.95,14.62,21.61,552.35,2388.19,9058.74,1.3,47.74,520.82,2388.15,8143.75,8.4925,0.03,395,2388,100.0,38.81,23.251,65
20,170,0.0012,0.0004,100.0,518.67,642.18,1593.13,1417.33,14.62,21.61,552.5,2388.15,9062.8,1.3,47.64,520.78,2388.12,8141.56,8.4758,0.03,393,2388,100.0,38.6,23.2537,64
20,171,-0.0025,0.0001,100.0,518.67,643.06,1598.96,1421.32,14.62,21.61,552.48,2388.17,9062.15,1.3,47.63,519.82,2388.15,8144.38,8.4697,0.03,393,2388,100.0,38.66,23.3033,63
20,172,0.0023,0.0,100.0,518.67,642.32,1596.24,1414.06,14.62,21.61,552.69,2388.1,9065.34,1.3,47.83,521.08,2388.15,8138.55,8.4567,0.03,394,2388,100.0,38.78,23.1996,62
20,173,0.0011,-0.0005,100.0,518.67,642.9,1592.72,1413.52,14.62,21.61,553.1,2388.15,9072.47,1.3,47.8,520.79,2388.17,8139.47,8.4873,0.03,395,2388,100.0,38.54,23.2269,61
20,174,-0.0009,0.0003,100.0,518.67,642.87,1597.12,1413.39,14.62,21.61,552.95,2388.14,9064.49,1.3,47.79,520.41,2388.13,8143.42,8.4328,0.03,395,2388,100.0,38.65,23.1606,60
20,175,0.0051,0.0002,100.0,518.67,642.77,1596.39,1422.24,14.62,21.61,552.62,2388.15,9062.84,1.3,47.81,521.04,2388.18,8138.19,8.4394,0.03,395,2388,100.0,38.63,23.2445,59
20,176,0.002,-0.0002,100.0,518.67,643.46,1600.36,1413.4,14.62,21.61,553.05,2388.15,9064.22,1.3,47.75,521.01,2388.15,8146.98,8.4602,0.03,395,2388,100.0,38.78,23.2303,58
20,177,-0.0015,0.0001,100.0,518.67,642.92,1592.53,1414.73,14.62,21.61,553.3,2388.22,9063.23,1.3,47.74,520.56,2388.17,8144.99,8.4738,0.03,395,2388,100.0,38.69,23.1155,57
20,178,-0.0001,-0.0004,100.0,518.67,642.7,1594.94,1411.79,14.62,21.61,552.8,2388.18,9058.22,1.3,47.9,521.19,2388.16,8141.85,8.4416,0.03,395,2388,100.0,38.53,23.3174,56
20,179,-0.0008,0.0001,100.0,518.67,643.64,1599.76,1415.72,14.62,21.61,552.81,2388.2,9071.01,1.3,47.82,520.82,2388.12,8141.76,8.4593,0.03,396,2388,100.0,38.59,23.2629,55
20,180,0.0021,0.0005,100.0,518.67,642.95,1597.33,1414.35,14.62,21.61,551.96,2388.18,9068.92,1.3,47.74,520.87,2388.17,8146.98,8.4623,0.03,394,2388,100.0,38.66,23.1929,54
20,181,0.0006,-0.0003,100.0,518.67,643.08,1595.05,1420.56,14.62,21.61,553.02,2388.14,9061.36,1.3,47.7,521.1,2388.16,8148.37,8.4378,0.03,395,2388,100.0,38.6,23.1033,53
20,182,0.0037,0.0004,100.0,518.67,642.76,1603.03,1422.16,14.62,21.61,552.85,2388.16,9069.1,1.3,47.82,520.54,2388.1,8145.94,8.4591,0.03,394,2388,100.0,38.76,23.1215,52
20,183,-0.002,-0.0001,100.0,518.67,642.95,1595.68,1412.47,14.62,21.61,553.04,2388.13,9060.74,1.3,47.71,520.87,2388.1,8143.13,8.5117,0.03,395,2388,100.0,38.67,23.2129,51
20,184,0.0005,0.0001,100.0,518.67,643.39,1596.49,1418.07,14.62,21.61,552.77,2388.2,9067.44,1.3,47.6,520.89,2388.14,8141.58,8.4635,0.03,394,2388,100.0,38.49,23.2477,50
20,185,0.0033,0.0001,100.0,518.67,643.15,1597.62,1420.81,14.62,21.61,552.95,2388.11,9061.44,1.3,47.78,520.78,2388.17,8141.49,8.5035,0.03,396,2388,100.0,38.59,23.236,49
20,186,0.0008,-0.0,100.0,518.67,643.11,1600.42,1422.57,14.62,21.61,551.93,2388.18,9067.21,1.3,47.82,520.94,2388.09,8141.72,8.4512,0.03,394,2388,100.0,38.63,23.1286,48
20,187,0.0017,0.0001,100.0,518.67,643.1,1598.74,1421.44,14.62,21.61,552.81,2388.11,9070.41,1.3,47.8,521.38,2388.16,8150.52,8.44,0.03,395,2388,100.0,38.66,23.3172,47
20,188,0.0044,0.0003,100.0,518.67,643.5,1597.0,1421.45,14.62,21.61,552.12,2388.2,9067.56,1.3,47.97,520.92,2388.14,8143.25,8.4837,0.03,395,2388,100.0,38.72,23.2216,46
20,189,0.0022,-0.0004,100.0,518.67,643.05,1594.45,1418.05,14.62,21.61,552.74,2388.11,9064.61,1.3,47.89,521.26,2388.19,8144.31,8.4764,0.03,395,2388,100.0,38.61,23.2704,45
20,190,0.0018,-0.0002,100.0,518.67,643.63,1591.84,1416.25,14.62,21.61,552.56,2388.23,9062.61,1.3,47.64,520.29,2388.14,8144.78,8.5047,0.03,394,2388,100.0,38.52,23.2866,44
20,191,0.0028,0.0004,100.0,518.67,643.05,1597.64,1420.17,14.62,21.61,552.05,2388.18,9072.36,1.3,47.8,520.66,2388.18,8145.81,8.4617,0.03,395,2388,100.0,38.67,23.1973,43
20,192,-0.0004,0.0001,100.0,518.67,643.36,1597.5,1417.58,14.62,21.61,552.72,2388.19,9063.84,1.3,47.87,520.06,2388.19,8143.43,8.4928,0.03,396,2388,100.0,38.63,23.261,42
20,193,0.0018,-0.0003,100.0,518.67,643.22,1592.26,1418.62,14.62,21.61,552.52,2388.14,9072.95,1.3,48.1,520.21,2388.16,8140.34,8.4537,0.03,395,2388,100.0,38.68,23.1715,41
20,194,-0.0011,-0.0003,100.0,518.67,643.63,1593.07,1420.46,14.62,21.61,551.95,2388.22,9067.53,1.3,47.93,520.44,2388.1,8143.64,8.473,0.03,395,2388,100.0,38.63,23.1526,40
20,195,0.0007,0.0001,100.0,518.67,643.17,1596.56,1413.66,14.62,21.61,552.89,2388.19,9063.72,1.3,47.72,520.91,2388.17,8143.27,8.5006,0.03,395,2388,100.0,38.65,23.1441,39
20,196,-0.0002,-0.0004,100.0,518.67,642.89,1601.31,1422.88,14.62,21.61,551.74,2388.21,9063.5,1.3,47.88,520.7,2388.24,8143.94,8.4568,0.03,394,2388,100.0,38.74,23.0713,38
20,197,-0.0025,0.0004,100.0,518.67,642.81,1594.41,1411.02,14.62,21.61,552.88,2388.15,9066.44,1.3,47.99,520.28,2388.21,8140.37,8.4787,0.03,395,2388,100.0,38.68,23.1269,37
20,198,-0.0019,-0.0004,100.0,518.67,642.69,1599.15,1421.81,14.62,21.61,552.03,2388.19,9062.13,1.3,47.9,521.2,2388.18,8139.42,8.484,0.03,394,2388,100.0,38.55,23.1019,36
20,199,0.0035,0.0004,100.0,518.67,643.57,1591.15,1418.58,14.62,21.61,552.39,2388.15,9066.65,1.3,48.06,520.81,2388.18,8142.44,8.5218,0.03,394,2388,100.0,38.63,23.2158,35
20,200,0.0006,0.0001,100.0,518.67,642.95,1595.89,1422.65,14.62,21.61,552.27,2388.15,9067.13,1.3,47.86,520.99,2388.15,8143.12,8.4909,0.03,395,2388,100.0,38.52,23.2385,34
20,201,-0.0034,0.0002,100.0,518.67,643.24,1593.58,1417.28,14.62,21.61,551.49,2388.21,9065.01,1.3,47.92,520.29,2388.18,8143.49,8.4816,0.03,395,2388,100.0,38.52,23.07,33
20,202,0.0021,0.0003,100.0,518.67,643.03,1588.35,1415.63,14.62,21.61,552.29,2388.21,9071.69,1.3,47.84,520.29,2388.23,8144.02,8.4862,0.03,395,2388,100.0,38.67,23.221,32
20,203,0.0004,-0.0005,100.0,518.67,643.5,1600.79,1421.12,14.62,21.61,552.29,2388.16,9071.4,1.3,47.76,520.46,2388.23,8141.57,8.459,0.03,396,2388,100.0,38.58,23.0613,31
20,204,-0.002,0.0003,100.0,518.67,642.54,1601.47,1433.21,14.62,21.61,552.04,2388.16,9067.04,1.3,48.15,519.72,2388.17,8140.49,8.4656,0.03,396,2388,100.0,38.47,23.1044,30
20,205,0.0008,-0.0003,100.0,518.67,642.6,1594.3,1425.26,14.62,21.61,552.45,2388.24,9075.76,1.3,47.72,520.23,2388.23,8142.39,8.4833,0.03,395,2388,100.0,38.6,23.1094,29
20,206,0.0011,-0.0004,100.0,518.67,643.05,1597.72,1411.04,14.62,21.61,551.41,2388.19,9062.43,1.3,47.92,520.33,2388.17,8140.91,8.4703,0.03,396,2388,100.0,38.87,23.2369,28
20,207,0.0003,0.0,100.0,518.67,643.37,1596.99,1424.85,14.62,21.61,551.63,2388.19,9071.75,1.3,47.99,520.53,2388.18,8140.09,8.4903,0.03,395,2388,100.0,38.53,23.067,27
20,208,0.0043,0.0005,100.0,518.67,642.78,1599.24,1426.51,14.62,21.61,552.09,2388.2,9067.88,1.3,48.09,520.71,2388.15,8146.76,8.4899,0.03,394,2388,100.0,38.52,23.1406,26
20,209,-0.001,-0.0003,100.0,518.67,642.97,1601.54,1420.31,14.62,21.61,551.36,2388.18,9064.77,1.3,47.89,520.43,2388.18,8146.54,8.4785,0.03,395,2388,100.0,38.58,23.0521,25
20,210,-0.0011,-0.0002,100.0,518.67,643.66,1597.72,1420.29,14.62,21.61,552.33,2388.2,9071.39,1.3,47.96,519.74,2388.22,8141.74,8.4903,0.03,395,2388,100.0,38.58,23.2342,24
20,211,-0.0005,-0.0003,100.0,518.67,643.74,1595.32,1420.74,14.62,21.61,551.78,2388.25,9068.59,1.3,48.13,520.24,2388.23,8144.78,8.5043,0.03,396,2388,100.0,38.49,23.204,23
20,212,-0.0035,0.0004,100.0,518.67,643.6,1601.16,1420.51,14.62,21.61,552.08,2388.21,9071.16,1.3,48.02,520.01,2388.2,8141.03,8.4715,0.03,395,2388,100.0,38.67,23.1415,22
20,213,0.0039,-0.0005,100.0,518.67,643.61,1600.96,1426.23,14.62,21.61,551.96,2388.19,9067.78,1.3,48.04,520.45,2388.22,8148.33,8.5071,0.03,394,2388,100.0,38.69,23.1659,21
20,214,0.0016,-0.0005,100.0,518.67,643.6,1598.48,1423.82,14.62,21.61,551.9,2388.22,9071.33,1.3,47.96,519.91,2388.26,8143.42,8.5085,0.03,396,2388,100.0,38.55,22.9923,20
20,215,-0.0037,0.0002,100.0,518.67,643.71,1600.26,1427.83,14.62,21.61,551.37,2388.2,9069.39,1.3,47.95,520.48,2388.2,8143.73,8.5027,0.03,397,2388,100.0,38.42,23.1,19
20,216,-0.0008,-0.0001,100.0,518.67,643.72,1602.51,1426.99,14.62,21.61,551.65,2388.21,9067.06,1.3,48.01,520.13,2388.21,8144.86,8.5006,0.03,395,2388,100.0,38.64,23.0235,18
20,217,0.0001,0.0003,100.0,518.67,644.12,1600.51,1419.65,14.62,21.61,552.47,2388.25,9061.66,1.3,48.0,520.34,2388.22,8149.11,8.5402,0.03,395,2388,100.0,38.51,23.1025,17
20,218,-0.0021,0.0001,100.0,518.67,643.51,1597.19,1426.75,14.62,21.61,551.55,2388.2,9063.1,1.3,47.95,519.41,2388.24,8144.85,8.507,0.03,395,2388,100.0,38.49,23.06,16
20,219,0.0005,-0.0003,100.0,518.67,643.36,1600.44,1424.92,14.62,21.61,551.97,2388.22,9067.7,1.3,47.94,520.04,2388.2,8145.75,8.488,0.03,396,2388,100.0,38.3,23.1529,15
20,220,-0.0018,0.0003,100.0,518.67,643.41,1594.88,1426.76,14.62,21.61,552.72,2388.26,9077.09,1.3,47.99,519.72,2388.23,8144.47,8.5325,0.03,396,2388,100.0,38.64,23.1548,14
20,221,0.0002,0.0004,100.0,518.67,643.17,1601.99,1417.47,14.62,21.61,552.29,2388.17,9073.09,1.3,48.05,519.29,2388.2,8143.57,8.5172,0.03,395,2388,100.0,38.71,23.0966,13
20,222,0.0033,0.0004,100.0,518.67,643.52,1597.12,1425.51,14.62,21.61,551.92,2388.21,9070.27,1.3,48.13,520.07,2388.28,8149.67,8.4841,0.03,394,2388,100.0,38.35,23.137,12
20,223,-0.0023,-0.0004,100.0,518.67,643.47,1600.6,1433.5,14.62,21.61,551.66,2388.18,9074.17,1.3,48.0,520.09,2388.21,8141.72,8.5054,0.03,395,2388,100.0,38.51,23.0636,11
20,224,-0.0009,0.0003,100.0,518.67,643.13,1599.29,1417.01,14.62,21.61,552.3,2388.23,9072.11,1.3,47.94,519.44,2388.2,8146.11,8.514,0.03,397,2388,100.0,38.56,23.1708,10
20,225,-0.0004,0.0003,100.0,518.67,643.89,1595.15,1420.89,14.62,21.61,550.43,2388.22,9076.79,1.3,48.09,519.92,2388.27,8147.28,8.4936,0.03,395,2388,100.0,38.47,23.0928,9
20,226,-0.002,-0.0,100.0,518.67,643.49,1597.07,1425.52,14.62,21.61,551.51,2388.23,9074.17,1.3,48.04,520.1,2388.24,8140.46,8.51,0.03,395,2388,100.0,38.61,23.1189,8
20,227,-0.0021,-0.0002,100.0,518.67,643.3,1600.38,1426.9,14.62,21.61,551.86,2388.18,9068.48,1.3,48.19,520.43,2388.25,8139.99,8.5451,0.03,396,2388,100.0,38.43,23.0524,7
20,228,0.0009,0.0005,100.0,518.67,644.03,1592.36,1423.29,14.62,21.61,550.78,2388.19,9073.6,1.3,47.99,520.05,2388.22,8145.38,8.5072,0.03,395,2388,100.0,38.58,23.1634,6
20,229,-0.0012,0.0005,100.0,518.67,643.34,1597.71,1429.25,14.62,21.61,551.15,2388.23,9078.22,1.3,48.21,520.01,2388.22,8149.06,8.4967,0.03,395,2388,100.0,38.38,23.0636,5
20,230,-0.001,-0.0,100.0,518.67,643.57,1605.67,1431.45,14.62,21.61,552.2,2388.24,9072.49,1.3,48.16,520.12,2388.24,8144.08,8.4887,0.03,396,2388,100.0,38.6,23.1231,4
20,231,0.0022,-0.0003,100.0,518.67,643.89,1603.35,1429.72,14.62,21.61,550.84,2388.22,9075.48,1.3,48.41,519.74,2388.22,8146.48,8.48,0.03,397,2388,100.0,38.74,22.9885,3
20,232,-0.0003,0.0,100.0,518.67,643.85,1608.02,1432.08,14.62,21.61,551.34,2388.27,9075.69,1.3,48.17,519.28,2388.29,8139.51,8.523,0.03,397,2388,100.0,38.33,23.146,2
20,233,-0.0012,-0.0001,100.0,518.67,643.93,1601.9,1437.23,14.62,21.61,551.67,2388.26,9077.16,1.3,48.23,519.97,2388.23,8143.94,8.5058,0.03,396,2388,100.0,38.46,22.9783,1
20,234,0.0011,-0.0004,100.0,518.67,643.86,1598.43,1430.93,14.62,21.61,551.74,2388.3,9070.66,1.3,48.15,519.73,2388.25,8143.3,8.5433,0.03,397,2388,100.0,38.57,22.9964,0
21,1,-0.0017,-0.0005,100.0,518.67,642.24,1582.88,1410.66,14.62,21.61,553.57,2388.07,9047.42,1.3,47.44,521.76,2388.06,8128.48,8.4181,0.03,395,2388,100.0,38.9,23.3554,194
21,2,-0.0013,0.0004,100.0,518.67,642.27,1582.13,1404.54,14.62,21.61,553.22,2388.03,9043.88,1.3,47.25,521.39,2388.05,8120.15,8.3895,0.03,392,2388,100.0,38.81,23.23,193
21,3,0.0025,-0.0003,100.0,518.67,642.47,1589.73,1408.88,14.62,21.61,553.21,2388.11,9048.33,1.3,47.43,521.26,2388.12,8124.89,8.4454,0.03,392,2388,100.0,38.69,23.3471,192
21,4,0.0013,-0.0003,100.0,518.67,642.5,1587.18,1409.45,14.62,21.61,553.3,2388.05,9052.17,1.3,47.35,521.81,2388.08,8126.21,8.3913,0.03,393,2388,100.0,39.0,23.4179,191
21,5,-0.0006,-0.0002,100.0,518.67,642.21,1596.51,1401.46,14.62,21.61,553.03,2388.04,9047.48,1.3,47.57,521.82,2388.1,8130.92,8.4825,0.03,393,2388,100.0,38.88,23.2637,190
21,6,0.0061,0.0,100.0,518.67,642.37,1592.15,1401.04,14.62,21.61,553.95,2388.06,9048.37,1.3,47.46,521.7,2387.98,8130.7,8.4145,0.03,391,2388,100.0,38.95,23.4954,189
21,7,-0.0009,0.0004,100.0,518.67,642.45,1593.79,1397.77,14.62,21.61,553.21,2388.08,9045.96,1.3,47.32,521.5,2388.1,8134.62,8.4465,0.03,392,2388,100.0,38.94,23.3536,188
21,8,0.0016,0.0002,100.0,518.67,642.44,1585.67,1407.8,14.62,21.61,553.48,2388.16,9050.91,1.3,47.4,521.96,2388.06,8129.22,8.4318,0.03,392,2388,100.0,38.91,23.3867,187
21,9,0.0001,-0.0004,100.0,518.67,641.91,1590.36,1402.62,14.62,21.61,553.0,2388.1,9049.76,1.3,47.38,522.04,2388.1,8127.36,8.4487,0.03,391,2388,100.0,39.03,23.2562,186
21,10,-0.0055,-0.0002,100.0,518.67,642.25,1582.71,1404.6,14.62,21.61,552.57,2388.07,9045.19,1.3,47.34,521.46,2388.09,8128.64,8.4286,0.03,392,2388,100.0,38.81,23.2975,185
21,11,0.0023,0.0003,100.0,518.67,642.51,1585.7,1403.51,14.62,21.61,554.37,2388.12,9042.53,1.3,47.39,522.17,2388.12,8128.12,8.4436,0.03,392,2388,100.0,38.81,23.4113,184
21,12,0.0063,-0.0,100.0,518.67,642.02,1590.84,1398.53,14.62,21.61,553.55,2388.07,9037.63,1.3,47.52,522.01,2388.07,8132.49,8.4336,0.03,392,2388,100.0,39.01,23.3711,183
21,13,-0.0002,0.0003,100.0,518.67,642.49,1587.28,1405.33,14.62,21.61,553.23,2388.04,9044.07,1.3,47.52,522.04,2388.13,8128.52,8.455,0.03,392,2388,100.0,38.89,23.3916,182
21,14,0.001,-0.0003,100.0,518.67,642.76,1589.09,1408.25,14.62,21.61,553.68,2388.11,9039.23,1.3,47.43,522.27,2388.08,8126.26,8.4237,0.03,391,2388,100.0,38.93,23.379,181
21,15,-0.0022,0.0002,100.0,518.67,642.63,1587.31,1400.25,14.62,21.61,553.46,2388.1,9046.51,1.3,47.54,521.56,2388.12,8130.06,8.4479,0.03,393,2388,100.0,38.89,23.371,180
21,16,0.0001,-0.0004,100.0,518.67,642.53,1591.64,1403.06,14.62,21.61,553.67,2388.04,9043.0,1.3,47.5,521.48,2388.11,8124.5,8.4599,0.03,394,2388,100.0,38.96,23.3728,179
21,17,-0.0049,-0.0005,100.0,518.67,642.42,1581.82,1402.04,14.62,21.61,554.46,2388.07,9048.32,1.3,47.51,521.34,2388.1,8127.03,8.3877,0.03,392,2388,100.0,38.79,23.3632,178
21,18,-0.002,0.0,100.0,518.67,642.83,1588.93,1404.68,14.62,21.61,553.92,2388.13,9043.56,1.3,47.5,521.43,2388.07,8128.01,8.406,0.03,392,2388,100.0,38.92,23.357,177
21,19,0.0004,-0.0002,100.0,518.67,641.95,1587.76,1405.51,14.62,21.61,554.13,2388.1,9041.95,1.3,47.31,521.9,2388.1,8122.4,8.4181,0.03,393,2388,100.0,38.98,23.3561,176
21,20,-0.0015,0.0002,100.0,518.67,642.15,1585.71,1406.4,14.62,21.61,553.98,2388.15,9044.17,1.3,47.26,522.29,2388.09,8126.48,8.4522,0.03,392,2388,100.0,38.83,23.4062,175
21,21,0.0018,0.0002,100.0,518.67,643.19,1585.38,1402.15,14.62,21.61,553.49,2388.12,9050.29,1.3,47.41,521.69,2388.07,8128.46,8.4304,0.03,393,2388,100.0,38.89,23.3401,174
21,22,0.0021,-0.0004,100.0,518.67,642.1,1588.54,1402.64,14.62,21.61,553.92,2388.13,9040.15,1.3,47.16,521.86,2388.06,8129.3,8.4256,0.03,390,2388,100.0,38.87,23.376,173
21,23,-0.0006,-0.0005,100.0,518.67,642.44,1592.31,1410.76,14.62,21.61,553.72,2388.09,9045.41,1.3,47.41,521.4,2388.1,8126.88,8.4147,0.03,392,2388,100.0,38.9,23.2788,172
21,24,-0.0032,0.0003,100.0,518.67,642.27,1587.87,1409.06,14.62,21.61,553.36,2388.16,9042.55,1.3,47.4,521.74,2388.12,8129.95,8.4303,0.03,393,2388,100.0,38.69,23.3584,171
21,25,0.0029,-0.0004,100.0,518.67,642.84,1582.84,1410.79,14.62,21.61,553.97,2388.12,9042.82,1.3,47.65,521.51,2388.09,8126.17,8.4385,0.03,393,2388,100.0,38.9,23.2132,170
21,26,-0.0007,-0.0002,100.0,518.67,642.64,1581.12,1405.47,14.62,21.61,553.63,2388.06,9049.68,1.3,47.59,521.6,2388.12,8126.36,8.409,0.03,393,2388,100.0,38.72,23.3239,169
21,27,-0.0006,-0.0002,100.0,518.67,642.29,1587.82,1401.12,14.62,21.61,552.92,2388.04,9049.75,1.3,47.34,522.11,2388.12,8127.71,8.4218,0.03,393,2388,100.0,38.97,23.4011,168
21,28,0.0007,0.0004,100.0,518.67,642.45,1583.56,1408.53,14.62,21.61,553.39,2388.13,9050.08,1.3,47.32,521.97,2388.1,8125.51,8.3869,0.03,393,2388,100.0,38.96,23.3508,167
21,29,0.0034,-0.0004,100.0,518.67,642.73,1585.45,1404.01,14.62,21.61,553.64,2388.09,9046.99,1.3,47.36,521.57,2388.06,8124.32,8.4112,0.03,392,2388,100.0,38.85,23.2393,166
21,30,0.0024,0.0001,100.0,518.67,642.84,1586.27,1406.22,14.62,21.61,554.25,2388.11,9043.42,1.3,47.32,521.89,2388.07,8131.47,8.4284,0.03,392,2388,100.0,38.86,23.293,165
21,31,0.0034,-0.0002,100.0,518.67,642.64,1589.99,1402.34,14.62,21.61,553.46,2388.1,9053.49,1.3,47.5,521.7,2388.12,8129.68,8.4407,0.03,393,2388,100.0,38.77,23.4134,164
21,32,0.0005,-0.0,100.0,518.67,642.32,1589.92,1408.92,14.62,21.61,554.2,2388.12,9038.3,1.3,47.34,521.96,2388.12,8118.42,8.3924,0.03,392,2388,100.0,38.93,23.2255,163
21,33,-0.0031,-0.0001,100.0,518.67,642.08,1581.76,1408.28,14.62,21.61,554.06,2388.09,9051.79,1.3,47.35,521.57,2388.09,8127.57,8.3731,0.03,393,2388,100.0,38.63,23.3466,162
21,34,-0.0006,-0.0002,100.0,518.67,642.28,1597.13,1400.84,14.62,21.61,553.33,2388.08,9051.12,1.3,47.46,521.41,2388.12,8127.02,8.4478,0.03,393,2388,100.0,38.97,23.3189,161
21,35,0.0016,0.0001,100.0,518.67,642.73,1590.73,1401.12,14.62,21.61,553.35,2388.09,9049.13,1.3,47.47,521.84,2388.13,8126.07,8.4416,0.03,393,2388,100.0,38.88,23.3107,160
21,36,0.0008,0.0003,100.0,518.67,642.53,1582.95,1401.12,14.62,21.61,553.08,2388.07,9048.52,1.3,47.45,520.98,2388.12,8131.1,8.431,0.03,394,2388,100.0,38.96,23.2136,159
21,37,0.0057,-0.0004,100.0,518.67,643.21,1595.24,1405.24,14.62,21.61,552.95,2388.09,9041.04,1.3,47.42,521.39,2388.04,8132.82,8.4388,0.03,393,2388,100.0,38.85,23.2727,158
21,38,-0.001,-0.0003,100.0,518.67,642.04,1582.53,1400.66,14.62,21.61,553.46,2388.12,9043.52,1.3,47.42,522.2,2388.08,8127.45,8.4199,0.03,393,2388,100.0,38.86,23.3196,157
21,39,0.0007,-0.0005,100.0,518.67,642.51,1586.69,1405.01,14.62,21.61,554.52,2388.1,9052.32,1.3,47.46,521.63,2388.14,8124.95,8.4379,0.03,393,2388,100.0,38.78,23.3499,156
21,40,-0.0014,-0.0002,100.0,518.67,642.65,1586.32,1398.67,14.62,21.61,553.61,2388.08,9055.92,1.3,47.51,521.77,2388.14,8128.26,8.4254,0.03,393,2388,100.0,38.62,23.394,155
21,41,-0.0012,0.0003,100.0,518.67,642.1,1588.23,1401.58,14.62,21.61,553.76,2388.09,9048.62,1.3,47.5,521.87,2388.05,8131.53,8.4395,0.03,392,2388,100.0,39.01,23.3604,154
21,42,-0.0024,0.0003,100.0,518.67,642.53,1596.99,1400.72,14.62,21.61,553.4,2388.12,9045.59,1.3,47.42,521.56,2388.14,8131.82,8.4177,0.03,392,2388,100.0,38.81,23.4489,153
21,43,-0.0005,0.0002,100.0,518.67,642.72,1584.21,1405.94,14.62,21.61,553.42,2388.09,9054.27,1.3,47.44,521.26,2388.04,8133.83,8.4136,0.03,393,2388,100.0,39.02,23.3642,152
21,44,0.0009,-0.0004,100.0,518.67,642.46,1595.14,1412.08,14.62,21.61,554.11,2388.08,9047.38,1.3,47.35,521.55,2388.09,8127.4,8.4591,0.03,392,2388,100.0,38.84,23.3592,151
21,45,0.0032,-0.0001,100.0,518.67,642.43,1591.92,1404.43,14.62,21.61,553.74,2388.08,9049.47,1.3,47.57,521.53,2388.09,8131.89,8.4119,0.03,393,2388,100.0,38.66,23.3137,150
21,46,0.0029,0.0004,100.0,518.67,642.0,1590.29,1408.04,14.62,21.61,553.41,2388.07,9045.24,1.3,47.3,521.57,2388.12,8129.6,8.4398,0.03,392,2388,100.0,38.96,23.3516,149
21,47,0.0006,0.0001,100.0,518.67,642.55,1582.16,1398.94,14.62,21.61,553.09,2388.09,9052.15,1.3,47.4,521.73,2388.1,8125.54,8.4077,0.03,393,2388,100.0,38.84,23.2186,148
21,48,0.002,0.0004,100.0,518.67,642.5,1593.16,1401.35,14.62,21.61,553.41,2388.11,9046.6,1.3,47.12,521.8,2388.09,8129.73,8.4014,0.03,394,2388,100.0,38.92,23.3378,147
21,49,-0.0026,0.0003,100.0,518.67,642.37,1594.76,1407.76,14.62,21.61,553.32,2388.1,9049.62,1.3,47.52,521.14,2388.04,8128.66,8.4237,0.03,393,2388,100.0,38.94,23.3914,146
21,50,-0.0007,-0.0001,100.0,518.67,642.43,1584.03,1414.56,14.62,21.61,553.61,2388.06,9049.75,1.3,47.33,521.54,2388.06,8135.8,8.4437,0.03,393,2388,100.0,38.98,23.4042,145
21,51,0.0009,-0.0003,100.0,518.67,642.03,1592.94,1399.54,14.62,21.61,553.46,2388.01,9044.56,1.3,47.46,521.13,2388.05,8127.58,8.4514,0.03,392,2388,100.0,38.62,23.3821,144
21,52,0.0001,0.0004,100.0,518.67,642.81,1583.6,1403.19,14.62,21.61,553.54,2388.11,9047.9,1.3,47.36,521.55,2388.14,8128.91,8.4581,0.03,394,2388,100.0,38.75,23.3821,143
21,53,-0.0012,-0.0,100.0,518.67,642.4,1582.63,1405.1,14.62,21.61,552.9,2388.11,9046.33,1.3,47.47,521.2,2388.09,8126.58,8.4335,0.03,392,2388,100.0,39.11,23.2212,142
21,54,0.0002,0.0002,100.0,518.67,642.98,1594.87,1406.78,14.62,21.61,553.36,2388.02,9048.55,1.3,47.32,521.78,2388.1,8133.73,8.4836,0.03,393,2388,100.0,38.96,23.3449,141
21,55,0.0006,0.0003,100.0,518.67,642.52,1590.47,1402.69,14.62,21.61,554.54,2388.09,9050.03,1.3,47.39,522.12,2388.08,8127.03,8.4089,0.03,393,2388,100.0,38.83,23.2837,140
21,56,-0.0015,-0.0006,100.0,518.67,642.67,1587.03,1406.29,14.62,21.61,553.48,2388.14,9058.2,1.3,47.55,520.94,2388.08,8125.26,8.4068,0.03,393,2388,100.0,38.89,23.348,139
21,57,-0.0002,-0.0001,100.0,518.67,642.82,1587.86,1404.03,14.62,21.61,553.45,2388.1,9050.02,1.3,47.48,521.54,2388.05,8127.26,8.4602,0.03,393,2388,100.0,39.11,23.3253,138
21,58,0.0006,0.0001,100.0,518.67,643.13,1592.22,1408.52,14.62,21.61,554.04,2388.07,9055.29,1.3,47.35,521.54,2388.07,8136.97,8.4096,0.03,392,2388,100.0,38.93,23.3003,137
21,59,-0.0021,-0.0005,100.0,518.67,642.75,1588.77,1402.77,14.62,21.61,553.94,2388.13,9049.83,1.3,47.39,522.19,2388.11,8130.28,8.413,0.03,393,2388,100.0,38.83,23.3805,136
21,60,-0.0015,0.0002,100.0,518.67,642.29,1589.28,1401.51,14.62,21.61,553.76,2388.16,9053.13,1.3,47.42,522.2,2388.1,8126.37,8.4244,0.03,394,2388,100.0,38.94,23.2907,135
21,61,0.0026,0.0002,100.0,518.67,642.6,1581.56,1412.49,14.62,21.61,552.64,2388.06,9050.53,1.3,47.53,522.43,2388.08,8133.14,8.412,0.03,393,2388,100.0,38.56,23.4913,134
21,62,-0.0007,0.0001,100.0,518.67,643.14,1590.7,1403.58,14.62,21.61,553.08,2388.11,9046.72,1.3,47.58,521.39,2388.07,8127.76,8.4275,0.03,393,2388,100.0,38.73,23.3659,133
21,63,0.0003,-0.0,100.0,518.67,642.53,1590.99,1406.93,14.62,21.61,553.27,2388.08,9049.11,1.3,47.41,521.71,2388.05,8125.43,8.4582,0.03,394,2388,100.0,38.85,23.3362,132
21,64,0.0024,0.0004,100.0,518.67,642.66,1588.11,1406.9,14.62,21.61,554.1,2388.1,9043.4,1.3,47.44,521.78,2388.1,8128.01,8.4348,0.03,392,2388,100.0,38.98,23.2737,131
21,65,-0.0003,-0.0006,100.0,518.67,642.67,1586.79,1404.3,14.62,21.61,553.45,2388.09,9050.94,1.3,47.6,521.67,2388.11,8127.96,8.4376,0.03,392,2388,100.0,38.89,23.3527,130
21,66,0.0012,-0.0,100.0,518.67,642.45,1590.71,1404.86,14.62,21.61,554.03,2388.14,9051.43,1.3,47.54,521.7,2388.13,8134.63,8.407,0.03,392,2388,100.0,38.76,23.2898,129
21,67,-0.0042,0.0002,100.0,518.67,642.49,1593.55,1414.14,14.62,21.61,554.28,2388.06,9053.58,1.3,47.53,521.71,2388.09,8134.64,8.4219,0.03,392,2388,100.0,38.77,23.242,128
21,68,-0.0033,-0.0005,100.0,518.67,643.26,1586.87,1410.93,14.62,21.61,553.82,2388.12,9041.37,1.3,47.23,521.5,2388.08,8129.7,8.4431,0.03,394,2388,100.0,38.77,23.2905,127
21,69,-0.002,-0.0005,100.0,518.67,642.06,1587.76,1396.35,14.62,21.61,554.06,2388.13,9041.28,1.3,47.4,521.73,2388.11,8131.32,8.4416,0.03,393,2388,100.0,39.1,23.2483,126
21,70,0.0011,0.0003,100.0,518.67,642.73,1586.85,1402.56,14.62,21.61,553.03,2388.08,9050.09,1.3,47.45,521.69,2388.1,8129.79,8.3967,0.03,394,2388,100.0,38.68,23.3254,125
21,71,0.0006,0.0002,100.0,518.67,642.26,1585.99,1397.76,14.62,21.61,554.18,2388.05,9052.09,1.3,47.49,521.76,2388.11,8131.85,8.4251,0.03,393,2388,100.0,39.0,23.2905,124
21,72,0.0008,0.0003,100.0,518.67,643.1,1585.32,1406.9,14.62,21.61,553.58,2388.11,9052.72,1.3,47.39,521.57,2388.11,8125.56,8.4375,0.03,393,2388,100.0,38.86,23.2478,123
21,73,-0.0031,-0.0,100.0,518.67,642.74,1589.44,1407.22,14.62,21.61,553.69,2388.09,9047.16,1.3,47.46,521.13,2388.12,8123.62,8.433,0.03,392,2388,100.0,38.85,23.3874,122
21,74,-0.0021,0.0004,100.0,518.67,642.43,1585.1,1408.69,14.62,21.61,553.75,2388.1,9048.56,1.3,47.53,521.87,2388.17,8130.81,8.425,0.03,392,2388,100.0,39.08,23.2649,121
21,75,0.0003,0.0001,100.0,518.67,642.68,1592.71,1406.2,14.62,21.61,553.21,2388.09,9049.69,1.3,47.54,521.15,2388.05,8131.38,8.4841,0.03,393,2388,100.0,39.05,23.3812,120
21,76,0.0009,-0.0005,100.0,518.67,642.58,1587.4,1408.39,14.62,21.61,553.19,2388.14,9046.2,1.3,47.49,521.89,2388.06,8128.35,8.4464,0.03,393,2388,100.0,38.75,23.1965,119
21,77,0.0008,0.0004,100.0,518.67,643.09,1588.5,1402.87,14.62,21.61,553.99,2388.11,9053.52,1.3,47.2,521.45,2388.08,8132.92,8.4159,0.03,394,2388,100.0,38.9,23.2782,118
21,78,-0.0029,-0.0002,100.0,518.67,642.46,1587.3,1406.44,14.62,21.61,553.25,2388.08,9055.41,1.3,47.45,521.97,2388.04,8131.95,8.4421,0.03,393,2388,100.0,38.98,23.3152,117
21,79,-0.0027,0.0003,100.0,518.67,642.35,1587.54,1404.29,14.62,21.61,553.57,2388.08,9066.32,1.3,47.57,521.8,2388.08,8134.23,8.446,0.03,394,2388,100.0,38.98,23.3856,116
21,80,0.0024,0.0,100.0,518.67,641.89,1586.5,1404.07,14.62,21.61,553.66,2388.09,9052.17,1.3,47.46,521.3,2388.1,8131.31,8.4235,0.03,394,2388,100.0,38.75,23.261,115
21,81,-0.0007,-0.0005,100.0,518.67,642.87,1590.05,1409.83,14.62,21.61,553.75,2388.05,9049.55,1.3,47.67,521.87,2388.09,8141.13,8.3981,0.03,392,2388,100.0,38.72,23.2794,114
21,82,-0.0034,-0.0003,100.0,518.67,642.35,1587.53,1394.72,14.62,21.61,553.99,2388.1,9046.58,1.3,47.54,521.52,2388.09,8136.86,8.4631,0.03,392,2388,100.0,38.86,23.4203,113
21,83,0.0009,-0.0001,100.0,518.67,642.72,1588.82,1404.66,14.62,21.61,554.2,2388.11,9048.98,1.3,47.53,521.8,2388.08,8129.38,8.4247,0.03,391,2388,100.0,38.92,23.2468,112
21,84,0.0002,0.0003,100.0,518.67,642.06,1587.43,1403.28,14.62,21.61,554.3,2388.05,9053.42,1.3,47.46,521.27,2388.08,8130.74,8.4299,0.03,393,2388,100.0,38.87,23.3318,111
21,85,0.0028,0.0003,100.0,518.67,643.39,1582.96,1399.09,14.62,21.61,553.01,2388.09,9049.42,1.3,47.41,521.63,2388.14,8136.02,8.4246,0.03,393,2388,100.0,38.9,23.2879,110
21,86,0.001,0.0003,100.0,518.67,643.03,1590.64,1409.81,14.62,21.61,553.63,2388.09,9041.5,1.3,47.44,521.47,2388.13,8128.06,8.3747,0.03,392,2388,100.0,38.85,23.3444,109
21,87,-0.0002,-0.0005,100.0,518.67,642.81,1589.67,1401.23,14.62,21.61,553.95,2388.11,9047.74,1.3,47.65,521.36,2388.07,8132.74,8.4643,0.03,391,2388,100.0,38.9,23.2987,108
21,88,0.0001,0.0,100.0,518.67,642.18,1594.32,1410.51,14.62,21.61,553.5,2388.14,9050.11,1.3,47.39,521.38,2388.08,8135.56,8.426,0.03,393,2388,100.0,38.98,23.381,107
21,89,0.0008,-0.0005,100.0,518.67,642.11,1582.25,1413.44,14.62,21.61,553.65,2388.06,9054.26,1.3,47.53,521.58,2388.09,8136.2,8.4647,0.03,394,2388,100.0,38.89,23.1829,106
21,90,-0.0053,-0.0002,100.0,518.67,642.26,1593.46,1403.41,14.62,21.61,553.15,2388.09,9054.3,1.3,47.48,521.08,2388.06,8133.85,8.4229,0.03,392,2388,100.0,38.83,23.3341,105
21,91,-0.0005,0.0003,100.0,518.67,642.37,1594.42,1401.77,14.62,21.61,553.88,2388.06,9051.14,1.3,47.51,521.57,2388.08,8137.1,8.4422,0.03,393,2388,100.0,38.75,23.3382,104
21,92,-0.0034,-0.0004,100.0,518.67,643.01,1584.25,1408.45,14.62,21.61,553.75,2388.06,9058.28,1.3,47.85,521.46,2388.06,8140.48,8.3889,0.03,392,2388,100.0,38.78,23.3162,103
21,93,-0.002,0.0002,100.0,518.67,642.88,1591.43,1412.18,14.62,21.61,553.06,2388.12,9060.05,1.3,47.66,521.4,2388.1,8133.83,8.4419,0.03,392,2388,100.0,38.77,23.313,102
21,94,0.0014,-0.0005,100.0,518.67,642.69,1593.34,1408.04,14.62,21.61,553.9,2388.1,9055.85,1.3,47.73,521.97,2388.08,8132.64,8.4282,0.03,392,2388,100.0,38.71,23.2868,101
21,95,0.0031,-0.0006,100.0,518.67,642.57,1587.32,1411.64,14.62,21.61,553.29,2388.1,9057.47,1.3,47.5,521.1,2388.11,8132.6,8.4311,0.03,393,2388,100.0,38.8,23.2986,100
21,96,-0.0017,-0.0001,100.0,518.67,642.58,1592.68,1409.34,14.62,21.61,553.63,2388.09,9047.63,1.3,47.69,521.84,2388.08,8137.33,8.4288,0.03,393,2388,100.0,38.78,23.2857,99
21,97,0.0025,0.0004,100.0,518.67,642.44,1595.47,1408.92,14.62,21.61,552.92,2388.02,9058.8,1.3,47.57,521.16,2388.08,8135.19,8.4514,0.03,392,2388,100.0,38.9,23.3163,98
21,98,-0.0022,-0.0002,100.0,518.67,642.1,1587.49,1404.76,14.62,21.61,553.6,2388.11,9056.02,1.3,47.52,521.71,2388.12,8137.82,8.4383,0.03,393,2388,100.0,38.92,23.3486,97
21,99,-0.0036,-0.0005,100.0,518.67,641.99,1583.2,1401.2,14.62,21.61,553.92,2388.09,9055.68,1.3,47.49,521.66,2388.16,8135.93,8.4064,0.03,391,2388,100.0,38.73,23.374,96
21,100,0.0014,-0.0001,100.0,518.67,642.71,1587.34,1403.15,14.62,21.61,553.85,2388.13,9056.79,1.3,47.61,521.37,2388.08,8135.34,8.4482,0.03,394,2388,100.0,38.73,23.3217,95
21,101,0.0002,-0.0002,100.0,518.67,642.04,1591.67,1400.46,14.62,21.61,552.82,2388.04,9061.86,1.3,47.59,521.5,2388.06,8136.7,8.4276,0.03,394,2388,100.0,38.86,23.3221,94
21,102,-0.0053,-0.0,100.0,518.67,642.47,1586.82,1403.0,14.62,21.61,553.78,2388.14,9055.1,1.3,47.59,520.77,2388.1,8138.37,8.4246,0.03,393,2388,100.0,38.74,23.2535,93
21,103,-0.0019,-0.0001,100.0,518.67,642.93,1586.33,1402.16,14.62,21.61,553.37,2388.12,9056.7,1.3,47.52,522.04,2388.07,8138.31,8.4324,0.03,392,2388,100.0,39.02,23.2328,92
21,104,0.0006,-0.0001,100.0,518.67,642.45,1590.33,1410.58,14.62,21.61,553.27,2388.14,9055.34,1.3,47.58,521.3,2388.11,8133.68,8.4429,0.03,393,2388,100.0,38.89,23.3638,91
21,105,-0.0003,0.0002,100.0,518.67,642.69,1587.99,1400.44,14.62,21.61,553.99,2388.08,9052.27,1.3,47.56,521.5,2388.05,8139.4,8.4863,0.03,391,2388,100.0,39.03,23.3825,90
21,106,0.0,0.0001,100.0,518.67,642.66,1587.95,1402.89,14.62,21.61,553.74,2388.05,9057.32,1.3,47.47,521.25,2388.02,8137.43,8.4457,0.03,396,2388,100.0,38.68,23.2855,89
21,107,0.002,0.0001,100.0,518.67,642.57,1589.47,1402.92,14.62,21.61,553.84,2388.08,9055.71,1.3,47.45,521.64,2388.08,8134.57,8.4933,0.03,394,2388,100.0,38.8,23.2886,88
21,108,0.0025,-0.0002,100.0,518.67,642.53,1588.02,1408.07,14.62,21.61,553.28,2388.04,9054.59,1.3,47.51,521.17,2388.06,8139.93,8.4579,0.03,394,2388,100.0,38.76,23.2448,87
21,109,0.0008,0.0003,100.0,518.67,642.38,1598.37,1408.88,14.62,21.61,553.05,2388.13,9064.0,1.3,47.52,521.42,2388.1,8136.77,8.4322,0.03,395,2388,100.0,38.84,23.2023,86
21,110,0.0013,0.0003,100.0,518.67,642.24,1586.9,1416.41,14.62,21.61,553.54,2388.05,9061.32,1.3,47.43,521.49,2388.07,8141.06,8.4386,0.03,392,2388,100.0,38.89,23.3948,85
21,111,-0.0027,-0.0004,100.0,518.67,642.97,1594.94,1413.82,14.62,21.61,553.51,2388.11,9060.48,1.3,47.5,520.9,2388.14,8139.61,8.4108,0.03,393,2388,100.0,38.89,23.3607,84
21,112,-0.002,-0.0001,100.0,518.67,642.52,1596.09,1409.04,14.62,21.61,553.2,2388.1,9059.97,1.3,47.7,521.22,2388.16,8138.16,8.452,0.03,393,2388,100.0,38.74,23.3513,83
21,113,-0.0013,-0.0006,100.0,518.67,642.66,1592.54,1408.96,14.62,21.61,552.95,2388.08,9052.91,1.3,47.54,522.06,2388.1,8139.13,8.4187,0.03,393,2388,100.0,38.82,23.2092,82
21,114,-0.0043,0.0002,100.0,518.67,643.37,1598.34,1412.58,14.62,21.61,553.66,2388.07,9059.98,1.3,47.51,521.46,2388.07,8139.84,8.4606,0.03,393,2388,100.0,38.74,23.2756,81
21,115,0.0009,-0.0004,100.0,518.67,642.35,1587.72,1410.76,14.62,21.61,554.32,2388.03,9061.47,1.3,47.54,521.73,2388.13,8140.65,8.4633,0.03,395,2388,100.0,38.8,23.2233,80
21,116,-0.0027,-0.0004,100.0,518.67,642.85,1582.03,1415.6,14.62,21.61,553.13,2388.06,9058.23,1.3,47.68,521.8,2388.12,8141.48,8.4389,0.03,392,2388,100.0,38.79,23.2497,79
21,117,0.0001,-0.0001,100.0,518.67,642.69,1590.15,1410.59,14.62,21.61,553.21,2388.12,9056.82,1.3,47.52,521.34,2388.12,8145.44,8.4579,0.03,392,2388,100.0,38.86,23.3611,78
21,118,-0.0014,0.0001,100.0,518.67,643.0,1593.96,1413.13,14.62,21.61,553.6,2388.06,9054.68,1.3,47.57,521.42,2388.11,8143.18,8.4712,0.03,395,2388,100.0,38.71,23.2949,77
21,119,0.0023,-0.0003,100.0,518.67,642.76,1589.32,1406.26,14.62,21.61,553.83,2388.03,9069.18,1.3,47.5,521.49,2388.13,8140.29,8.4808,0.03,393,2388,100.0,38.85,23.332,76
21,120,-0.0007,-0.0004,100.0,518.67,642.82,1585.75,1410.05,14.62,21.61,554.11,2388.09,9063.56,1.3,47.51,521.34,2388.07,8135.03,8.4266,0.03,393,2388,100.0,39.09,23.3024,75
21,121,-0.0037,0.0,100.0,518.67,642.26,1590.43,1408.93,14.62,21.6,553.62,2388.08,9066.5,1.3,47.57,520.9,2388.1,8136.58,8.4425,0.03,393,2388,100.0,38.83,23.2758,74
21,122,0.0018,0.0001,100.0,518.67,642.57,1595.24,1412.1,14.62,21.61,553.33,2388.1,9053.33,1.3,47.51,521.25,2388.08,8142.04,8.4635,0.03,391,2388,100.0,38.88,23.3637,73
21,123,-0.0012,0.0002,100.0,518.67,642.74,1583.5,1415.04,14.62,21.61,553.75,2388.11,9060.15,1.3,47.75,521.47,2388.08,8144.71,8.446,0.03,391,2388,100.0,38.81,23.3874,72
21,124,0.0003,-0.0005,100.0,518.67,642.82,1588.34,1411.5,14.62,21.61,553.4,2388.11,9062.02,1.3,47.6,520.98,2388.12,8146.12,8.4367,0.03,391,2388,100.0,38.89,23.4002,71
21,125,-0.0001,-0.0002,100.0,518.67,642.63,1595.18,1410.76,14.62,21.61,553.77,2388.07,9072.67,1.3,47.56,521.64,2388.11,8144.83,8.4173,0.03,393,2388,100.0,38.76,23.2628,70
21,126,-0.0009,-0.0004,100.0,518.67,642.4,1591.35,1408.97,14.62,21.61,553.86,2388.05,9070.45,1.3,47.59,521.7,2388.08,8145.16,8.4468,0.03,394,2388,100.0,38.75,23.2976,69
21,127,0.0002,-0.0002,100.0,518.67,642.69,1589.56,1400.51,14.62,21.61,553.63,2388.06,9066.51,1.3,47.44,521.36,2388.11,8147.79,8.452,0.03,393,2388,100.0,38.79,23.3247,68
21,128,0.0032,0.0003,100.0,518.67,643.41,1588.81,1406.46,14.62,21.61,553.03,2388.06,9069.36,1.3,47.53,520.88,2388.1,8145.61,8.4725,0.03,394,2388,100.0,38.94,23.2945,67
21,129,0.0017,0.0002,100.0,518.67,642.76,1594.6,1407.09,14.62,21.61,554.07,2388.16,9075.13,1.3,47.58,521.52,2388.1,8153.58,8.4436,0.03,393,2388,100.0,38.78,23.224,66
21,130,0.0028,0.0003,100.0,518.67,642.81,1588.48,1410.11,14.62,21.61,553.97,2388.06,9068.87,1.3,47.37,520.74,2388.09,8148.01,8.4605,0.03,394,2388,100.0,38.74,23.269,65
21,131,-0.0016,0.0003,100.0,518.67,643.15,1584.97,1410.27,14.62,21.61,553.1,2388.09,9072.6,1.3,47.61,521.77,2388.14,8149.2,8.4525,0.03,394,2388,100.0,38.72,23.2955,64
21,132,-0.0022,0.0001,100.0,518.67,642.76,1591.51,1408.89,14.62,21.61,552.9,2388.07,9061.53,1.3,47.48,521.7,2388.11,8144.47,8.4181,0.03,394,2388,100.0,38.76,23.3921,63
21,133,0.0064,-0.0005,100.0,518.67,642.56,1598.14,1414.9,14.62,21.61,554.37,2388.11,9066.53,1.3,47.57,521.93,2388.04,8147.1,8.4356,0.03,395,2388,100.0,38.79,23.2963,62
21,134,0.0039,0.0003,100.0,518.67,642.57,1590.62,1410.79,14.62,21.61,553.95,2388.05,9065.4,1.3,47.53,521.06,2388.14,8151.04,8.4479,0.03,394,2388,100.0,38.6,23.2605,61
21,135,0.0003,0.0002,100.0,518.67,642.23,1588.66,1404.97,14.62,21.61,553.61,2388.17,9068.44,1.3,47.51,521.4,2388.08,8147.56,8.4651,0.03,394,2388,100.0,38.75,23.2431,60
21,136,-0.0006,-0.0004,100.0,518.67,642.61,1598.86,1413.49,14.62,21.61,552.99,2388.11,9066.18,1.3,47.65,521.43,2388.13,8147.23,8.4518,0.03,394,2388,100.0,38.87,23.2353,59
21,137,-0.0048,-0.0005,100.0,518.67,642.94,1588.26,1405.87,14.62,21.61,553.4,2388.11,9067.74,1.3,47.61,521.25,2388.09,8146.93,8.4593,0.03,393,2388,100.0,38.76,23.2635,58
21,138,-0.0025,0.0004,100.0,518.67,642.75,1586.45,1406.24,14.62,21.61,553.23,2388.14,9070.27,1.3,47.44,521.26,2388.1,8147.52,8.4349,0.03,393,2388,100.0,38.82,23.2735,57
21,139,0.0004,0.0004,100.0,518.67,643.01,1594.76,1416.14,14.62,21.61,553.28,2388.08,9073.29,1.3,47.7,521.2,2388.15,8152.45,8.4359,0.03,392,2388,100.0,38.8,23.2491,56
21,140,0.0003,-0.0002,100.0,518.67,642.75,1590.53,1408.66,14.62,21.61,553.7,2388.15,9071.64,1.3,47.78,521.3,2388.06,8150.49,8.4229,0.03,393,2388,100.0,39.02,23.2696,55
21,141,0.0,-0.0004,100.0,518.67,642.52,1590.22,1408.6,14.62,21.61,553.2,2388.12,9073.16,1.3,47.71,521.08,2388.04,8151.97,8.443,0.03,394,2388,100.0,38.69,23.2107,54
21,142,-0.0001,0.0001,100.0,518.67,642.87,1591.83,1407.97,14.62,21.61,553.12,2388.09,9072.21,1.3,47.57,521.47,2388.11,8149.66,8.4546,0.03,392,2388,100.0,38.8,23.3117,53
21,143,-0.0015,0.0003,100.0,518.67,643.19,1600.66,1419.94,14.62,21.61,553.82,2388.09,9078.92,1.3,47.64,521.15,2388.14,8154.46,8.4693,0.03,394,2388,100.0,38.84,23.2598,52
21,144,0.0028,-0.0002,100.0,518.67,643.46,1597.79,1414.83,14.62,21.61,553.11,2388.08,9072.9,1.3,47.71,520.67,2388.09,8153.16,8.441,0.03,394,2388,100.0,38.83,23.2787,51
21,145,0.0008,-0.0004,100.0,518.67,642.77,1593.0,1414.49,14.62,21.61,552.38,2388.07,9080.86,1.3,47.61,521.07,2388.11,8157.89,8.4962,0.03,393,2388,100.0,38.72,23.1927,50
21,146,0.0025,-0.0003,100.0,518.67,643.12,1589.7,1422.79,14.62,21.61,553.58,2388.05,9066.02,1.3,47.54,521.21,2388.08,8159.43,8.4637,0.03,394,2388,100.0,38.84,23.3137,49
21,147,0.0025,-0.0004,100.0,518.67,642.53,1591.56,1417.28,14.62,21.61,553.45,2388.17,9081.9,1.3,47.88,520.75,2388.05,8157.74,8.48,0.03,395,2388,100.0,38.86,23.1837,48
21,148,0.0029,0.0001,100.0,518.67,643.15,1588.13,1406.62,14.62,21.61,553.04,2388.16,9077.43,1.3,47.58,521.03,2388.1,8154.66,8.4469,0.03,393,2388,100.0,38.85,23.3063,47
21,149,0.0033,0.0001,100.0,518.67,642.91,1594.72,1413.36,14.62,21.61,552.54,2388.15,9080.58,1.3,47.65,521.19,2388.11,8157.65,8.4113,0.03,393,2388,100.0,38.89,23.1911,46
21,150,-0.0014,-0.0003,100.0,518.67,642.26,1599.6,1412.12,14.62,21.61,553.03,2388.1,9076.81,1.3,47.71,521.32,2388.12,8161.36,8.4638,0.03,394,2388,100.0,38.92,23.2747,45
21,151,-0.0032,-0.0,100.0,518.67,642.77,1585.08,1414.44,14.62,21.61,552.87,2388.07,9073.87,1.3,47.73,521.25,2388.1,8166.1,8.4426,0.03,394,2388,100.0,38.62,23.2335,44
21,152,-0.0012,-0.0005,100.0,518.67,642.83,1595.37,1412.12,14.62,21.61,553.26,2388.11,9082.77,1.3,47.79,521.0,2388.07,8159.12,8.4098,0.03,395,2388,100.0,38.74,23.2816,43
21,153,-0.001,-0.0005,100.0,518.67,643.1,1584.27,1418.47,14.62,21.61,552.95,2388.08,9082.64,1.3,47.76,520.69,2388.11,8155.94,8.4762,0.03,394,2388,100.0,38.56,23.2731,42
21,154,0.002,0.0001,100.0,518.67,642.56,1586.47,1419.52,14.62,21.61,553.27,2388.11,9082.47,1.3,47.72,520.55,2388.15,8163.52,8.4195,0.03,393,2388,100.0,38.63,23.1987,41
21,155,0.0005,-0.0002,100.0,518.67,642.77,1593.21,1406.5,14.62,21.61,552.4,2388.08,9095.98,1.3,47.68,520.82,2388.08,8163.58,8.4335,0.03,393,2388,100.0,38.66,23.1898,40
21,156,-0.0005,-0.0005,100.0,518.67,643.0,1599.97,1411.74,14.62,21.61,552.63,2388.09,9086.95,1.3,47.61,520.53,2388.1,8161.57,8.4146,0.03,392,2388,100.0,38.62,23.2129,39
21,157,0.0057,0.0,100.0,518.67,643.06,1601.96,1414.12,14.62,21.61,553.11,2388.15,9088.15,1.3,47.76,521.1,2388.11,8165.79,8.4845,0.03,394,2388,100.0,38.55,23.3392,38
21,158,0.0009,0.0002,100.0,518.67,642.8,1593.77,1411.02,14.62,21.61,553.16,2388.11,9087.09,1.3,47.81,520.49,2388.07,8166.88,8.4554,0.03,394,2388,100.0,38.8,23.1642,37
21,159,0.0014,0.0,100.0,518.67,642.73,1594.58,1417.5,14.62,21.61,552.57,2388.08,9088.19,1.3,47.7,520.54,2388.06,8163.26,8.4267,0.03,394,2388,100.0,38.75,23.2341,36
21,160,-0.0028,-0.0001,100.0,518.67,643.06,1601.23,1407.82,14.62,21.61,552.3,2388.12,9093.52,1.3,47.63,521.01,2388.11,8166.89,8.4641,0.03,395,2388,100.0,38.71,23.2987,35
21,161,0.0004,0.0003,100.0,518.67,642.79,1594.93,1420.38,14.62,21.61,553.29,2388.11,9094.77,1.3,47.73,521.11,2388.11,8171.92,8.4746,0.03,395,2388,100.0,38.49,23.2861,34
21,162,0.0007,0.0,100.0,518.67,643.31,1588.03,1415.55,14.62,21.61,552.7,2388.11,9092.14,1.3,47.7,520.88,2388.11,8165.3,8.5071,0.03,393,2388,100.0,38.79,23.1656,33
21,163,-0.0035,-0.0005,100.0,518.67,643.3,1594.18,1412.92,14.62,21.61,552.95,2388.08,9092.14,1.3,47.67,520.95,2388.1,8168.25,8.4444,0.03,393,2388,100.0,38.72,23.2533,32
21,164,-0.0007,-0.0004,100.0,518.67,643.02,1601.71,1415.87,14.62,21.61,552.82,2388.11,9101.89,1.3,47.75,520.83,2388.1,8173.99,8.503,0.03,395,2388,100.0,38.67,23.2322,31
21,165,-0.006,-0.0003,100.0,518.67,643.14,1597.76,1419.22,14.62,21.61,551.98,2388.15,9099.62,1.3,47.7,520.86,2388.11,8169.29,8.4775,0.03,396,2388,100.0,38.73,23.1884,30
21,166,0.0012,0.0001,100.0,518.67,643.15,1597.12,1417.56,14.62,21.61,552.81,2388.05,9102.87,1.3,47.83,520.93,2388.13,8172.86,8.4679,0.03,395,2388,100.0,38.65,23.1204,29
21,167,-0.0013,0.0001,100.0,518.67,642.67,1592.84,1417.03,14.62,21.61,552.64,2388.16,9101.3,1.3,47.84,520.99,2388.07,8170.57,8.4524,0.03,394,2388,100.0,38.64,23.139,28
21,168,-0.0008,0.0002,100.0,518.67,643.45,1593.49,1416.86,14.62,21.61,551.85,2388.18,9102.44,1.3,47.74,520.6,2388.11,8170.55,8.4539,0.03,394,2388,100.0,38.55,23.1738,27
21,169,0.0015,0.0002,100.0,518.67,642.95,1598.72,1404.44,14.62,21.61,553.35,2388.15,9110.26,1.3,47.7,520.84,2388.05,8181.51,8.4793,0.03,394,2388,100.0,38.73,23.2333,26
21,170,0.001,0.0,100.0,518.67,643.36,1593.53,1414.34,14.62,21.61,552.37,2388.14,9100.01,1.3,47.92,520.15,2388.17,8182.63,8.467,0.03,394,2388,100.0,38.68,23.1021,25
21,171,0.0004,-0.0,100.0,518.67,642.93,1594.59,1416.98,14.62,21.61,552.45,2388.08,9111.28,1.3,47.72,520.61,2388.14,8175.93,8.4731,0.03,394,2388,100.0,38.71,23.2438,24
21,172,-0.0008,-0.0001,100.0,518.67,642.73,1601.24,1419.57,14.62,21.61,552.88,2388.16,9110.58,1.3,47.72,520.32,2388.16,8181.55,8.4629,0.03,395,2388,100.0,38.69,23.2232,23
21,173,0.0023,-0.0005,100.0,518.67,643.66,1589.76,1416.02,14.62,21.61,553.26,2388.14,9112.71,1.3,47.82,520.68,2388.08,8182.9,8.499,0.03,393,2388,100.0,38.76,23.2221,22
21,174,-0.0022,-0.0002,100.0,518.67,643.44,1595.7,1413.63,14.62,21.61,552.78,2388.11,9106.13,1.3,47.81,520.7,2388.06,8184.51,8.4898,0.03,396,2388,100.0,38.56,23.1385,21
21,175,-0.0009,-0.0,100.0,518.67,643.33,1601.66,1420.72,14.62,21.61,552.24,2388.13,9110.08,1.3,47.91,520.81,2388.1,8182.66,8.5325,0.03,396,2388,100.0,38.56,23.2721,20
21,176,-0.0005,-0.0005,100.0,518.67,643.64,1595.64,1421.95,14.62,21.61,553.12,2388.14,9117.62,1.3,47.93,521.13,2388.14,8185.37,8.4777,0.03,395,2388,100.0,38.71,23.2371,19
21,177,0.001,0.0004,100.0,518.67,643.16,1595.49,1415.35,14.62,21.61,551.88,2388.12,9119.15,1.3,47.98,521.02,2388.07,8192.54,8.4571,0.03,395,2388,100.0,38.62,23.15,18
21,178,0.0002,0.0003,100.0,518.67,643.16,1595.14,1415.78,14.62,21.61,552.41,2388.13,9115.87,1.3,47.92,520.47,2388.11,8191.23,8.5123,0.03,395,2388,100.0,38.53,23.1336,17
21,179,0.0026,-0.0004,100.0,518.67,643.43,1596.67,1420.57,14.62,21.61,552.81,2388.11,9123.59,1.3,47.85,520.68,2388.12,8188.25,8.4978,0.03,394,2388,100.0,38.64,23.1996,16
21,180,-0.0038,0.0002,100.0,518.67,643.28,1592.47,1425.74,14.62,21.61,551.82,2388.08,9124.41,1.3,47.9,520.18,2388.1,8197.22,8.4731,0.03,396,2388,100.0,38.76,23.1245,15
21,181,-0.0004,-0.0004,100.0,518.67,643.25,1601.61,1423.88,14.62,21.61,552.28,2388.09,9127.29,1.3,47.71,520.23,2388.11,8196.37,8.5089,0.03,396,2388,100.0,38.63,23.1915,14
21,182,-0.0038,0.0,100.0,518.67,644.03,1594.42,1427.49,14.62,21.61,551.45,2388.2,9126.2,1.3,48.05,520.43,2388.12,8205.05,8.4974,0.03,396,2388,100.0,38.47,23.0623,13
21,183,0.0002,-0.0002,100.0,518.67,643.15,1599.18,1421.65,14.62,21.61,552.49,2388.12,9128.53,1.3,47.72,521.04,2388.2,8195.84,8.4768,0.03,396,2388,100.0,38.53,23.0947,12
21,184,-0.0028,-0.0001,100.0,518.67,643.51,1601.81,1414.46,14.62,21.61,552.05,2388.2,9133.01,1.3,47.99,520.48,2388.11,8203.49,8.5162,0.03,397,2388,100.0,38.39,23.0725,11
21,185,0.0013,0.0002,100.0,518.67,643.31,1597.22,1421.54,14.62,21.61,552.19,2388.14,9132.55,1.3,47.84,519.95,2388.13,8202.54,8.5276,0.03,395,2388,100.0,38.62,23.126,10
21,186,-0.0008,-0.0,100.0,518.67,643.18,1596.2,1424.98,14.62,21.61,552.11,2388.13,9140.98,1.3,48.02,520.19,2388.1,8206.42,8.5151,0.03,395,2388,100.0,38.63,23.1031,9
21,187,0.0006,0.0004,100.0,518.67,643.37,1605.88,1421.25,14.62,21.61,552.45,2388.07,9140.81,1.3,48.25,519.79,2388.16,8212.31,8.492,0.03,396,2388,100.0,38.59,23.0394,8
21,188,0.0001,0.0,100.0,518.67,642.96,1601.95,1421.99,14.62,21.61,552.16,2388.16,9150.4,1.3,47.98,520.46,2388.15,8211.32,8.5185,0.03,395,2388,100.0,38.36,23.1883,7
21,189,0.0039,-0.0002,100.0,518.67,643.15,1597.93,1428.04,14.62,21.61,551.89,2388.14,9147.63,1.3,47.97,520.52,2388.16,8213.86,8.4658,0.03,395,2388,100.0,38.43,23.2103,6
21,190,0.0023,-0.0003,100.0,518.67,643.97,1605.53,1420.52,14.62,21.61,552.77,2388.13,9149.16,1.3,47.98,520.11,2388.15,8217.12,8.5157,0.03,395,2388,100.0,38.43,23.0629,5
21,191,-0.0004,-0.0004,100.0,518.67,643.52,1597.89,1430.71,14.62,21.61,552.18,2388.18,9158.26,1.3,48.05,520.11,2388.15,8212.58,8.48,0.03,397,2388,100.0,38.58,23.0457,4
21,192,-0.0023,0.0,100.0,518.67,643.89,1597.72,1424.5,14.62,21.61,551.78,2388.19,9162.31,1.3,48.09,520.77,2388.15,8222.4,8.5063,0.03,397,2388,100.0,38.35,23.1247,3
21,193,0.0008,0.0002,100.0,518.67,644.02,1603.87,1423.72,14.62,21.61,552.26,2388.15,9155.93,1.3,48.08,519.83,2388.16,8219.88,8.509,0.03,397,2388,100.0,38.54,23.0377,2
21,194,-0.0007,-0.0005,100.0,518.67,643.85,1604.29,1434.26,14.62,21.61,551.4,2388.18,9164.82,1.3,48.16,520.48,2388.21,8231.47,8.5032,0.03,398,2388,100.0,38.44,22.9791,1
21,195,0.0022,0.0,100.0,518.67,643.87,1606.47,1432.84,14.62,21.61,551.79,2388.18,9161.51,1.3,48.04,520.26,2388.19,8224.87,8.5197,0.03,399,2388,100.0,38.44,22.986,0
22,1,-0.0,-0.0003,100.0,518.67,642.68,1595.65,1408.51,14.62,21.61,553.04,2388.09,9048.21,1.3,47.46,521.07,2388.16,8127.45,8.4425,0.03,393,2388,100.0,38.96,23.3081,201
22,2,0.0022,0.0001,100.0,518.67,642.59,1590.88,1411.44,14.62,21.61,552.92,2388.16,9044.01,1.3,47.65,521.14,2388.15,8131.18,8.4395,0.03,393,2388,100.0,38.71,23.4163,200
22,3,-0.0018,0.0002,100.0,518.67,642.41,1589.32,1410.07,14.62,21.61,552.67,2388.13,9056.46,1.3,47.49,520.81,2388.15,8125.89,8.4301,0.03,394,2388,100.0,38.76,23.1676,199
22,4,0.0005,0.0004,100.0,518.67,642.42,1596.85,1403.26,14.62,21.61,553.31,2388.07,9045.95,1.3,47.5,521.63,2388.15,8127.41,8.4372,0.03,392,2388,100.0,38.89,23.2945,198
22,5,-0.0001,0.0001,100.0,518.67,642.36,1587.95,1407.96,14.62,21.61,554.04,2388.13,9035.89,1.3,47.71,520.94,2388.2,8128.25,8.4278,0.03,394,2388,100.0,38.68,23.2824,197
22,6,-0.0004,0.0003,100.0,518.67,642.66,1587.49,1413.09,14.62,21.61,553.75,2388.06,9044.99,1.3,47.41,521.27,2388.15,8135.4,8.4446,0.03,393,2388,100.0,38.78,23.3516,196
22,7,-0.0005,0.0002,100.0,518.67,642.63,1594.08,1406.14,14.62,21.61,553.59,2388.12,9040.26,1.3,47.66,520.55,2388.13,8127.41,8.4663,0.03,394,2388,100.0,38.91,23.304,195
22,8,0.0011,-0.0004,100.0,518.67,643.18,1584.45,1418.91,14.62,21.61,553.83,2388.11,9052.11,1.3,47.66,521.43,2388.17,8126.0,8.4409,0.03,393,2388,100.0,38.92,23.3256,194
22,9,0.0009,-0.0005,100.0,518.67,643.11,1590.34,1409.79,14.62,21.61,553.57,2388.22,9040.64,1.3,47.65,521.58,2388.16,8124.8,8.4316,0.03,394,2388,100.0,38.82,23.2955,193
22,10,0.0012,-0.0003,100.0,518.67,642.29,1591.75,1411.62,14.62,21.61,553.33,2388.15,9044.26,1.3,47.67,521.2,2388.11,8122.79,8.4794,0.03,393,2388,100.0,38.72,23.2838,192
22,11,0.0017,0.0004,100.0,518.67,642.61,1587.96,1404.46,14.62,21.61,554.07,2388.14,9042.47,1.3,47.73,520.48,2388.12,8127.28,8.4147,0.03,394,2388,100.0,38.7,23.3495,191
22,12,-0.001,0.0002,100.0,518.67,642.72,1586.77,1413.64,14.62,21.61,552.9,2388.21,9039.84,1.3,47.59,520.83,2388.11,8123.69,8.4622,0.03,393,2388,100.0,38.84,23.1621,190
22,13,-0.0041,0.0004,100.0,518.67,642.45,1595.05,1413.46,14.62,21.61,552.68,2388.12,9046.53,1.3,47.67,521.21,2388.12,8121.41,8.4276,0.03,394,2388,100.0,38.8,23.3091,189
22,14,0.0004,-0.0002,100.0,518.67,642.89,1590.5,1420.34,14.62,21.61,554.09,2388.12,9039.32,1.3,47.65,520.88,2388.14,8125.04,8.4289,0.03,394,2388,100.0,38.86,23.1621,188
22,15,-0.0014,-0.0001,100.0,518.67,642.69,1600.63,1414.01,14.62,21.61,552.0,2388.19,9045.78,1.3,47.46,521.0,2388.09,8127.87,8.4551,0.03,394,2388,100.0,38.71,23.3128,187
22,16,0.0015,-0.0003,100.0,518.67,642.42,1586.73,1410.75,14.62,21.61,552.99,2388.14,9041.7,1.3,47.59,521.01,2388.15,8135.22,8.454,0.03,394,2388,100.0,38.86,23.3476,186
22,17,0.0022,0.0004,100.0,518.67,642.88,1587.89,1406.81,14.62,21.61,553.92,2388.12,9037.92,1.3,47.71,520.99,2388.16,8129.56,8.4312,0.03,392,2388,100.0,38.8,23.3163,185
22,18,0.0021,0.0002,100.0,518.67,642.64,1592.63,1409.51,14.62,21.61,552.79,2388.12,9042.88,1.3,47.6,521.5,2388.21,8123.89,8.4288,0.03,393,2388,100.0,38.83,23.1931,184
22,19,0.0001,-0.0004,100.0,518.67,643.03,1585.65,1413.45,14.62,21.61,552.6,2388.12,9048.97,1.3,47.65,521.81,2388.17,8131.67,8.441,0.03,393,2388,100.0,38.71,23.3558,183
22,20,-0.0014,-0.0001,100.0,518.67,643.22,1591.93,1411.39,14.62,21.61,553.18,2388.14,9044.9,1.3,47.74,520.91,2388.14,8125.48,8.4526,0.03,393,2388,100.0,39.01,23.2308,182
22,21,-0.0014,0.0,100.0,518.67,642.56,1593.16,1409.59,14.62,21.61,553.37,2388.12,9044.41,1.3,47.68,520.71,2388.14,8123.6,8.4246,0.03,393,2388,100.0,38.84,23.2658,181
22,22,0.0007,0.0004,100.0,518.67,642.67,1587.34,1412.77,14.62,21.61,553.08,2388.15,9042.13,1.3,47.58,520.82,2388.08,8132.42,8.4274,0.03,392,2388,100.0,38.78,23.242,180
22,23,0.0001,0.0001,100.0,518.67,642.44,1595.99,1409.68,14.62,21.61,553.57,2388.13,9043.14,1.3,47.57,520.97,2388.14,8121.34,8.4364,0.03,393,2388,100.0,38.79,23.3627,179
22,24,0.0008,0.0004,100.0,518.67,642.91,1586.17,1409.73,14.62,21.61,553.32,2388.12,9047.04,1.3,47.47,521.56,2388.17,8125.34,8.4327,0.03,395,2388,100.0,38.73,23.2765,178
22,25,0.0019,-0.0001,100.0,518.67,642.6,1593.43,1409.55,14.62,21.61,553.4,2388.09,9048.42,1.3,47.66,520.49,2388.16,8116.77,8.4643,0.03,394,2388,100.0,38.69,23.3008,177
22,26,0.0007,0.0,100.0,518.67,642.92,1589.99,1408.98,14.62,21.61,552.63,2388.18,9049.9,1.3,47.4,520.75,2388.16,8126.34,8.4655,0.03,393,2388,100.0,38.96,23.2249,176
22,27,0.0032,0.0,100.0,518.67,642.69,1590.61,1410.76,14.62,21.61,553.64,2388.13,9052.21,1.3,47.66,521.39,2388.13,8133.38,8.4366,0.03,393,2388,100.0,38.61,23.3329,175
22,28,-0.0013,-0.0005,100.0,518.67,642.83,1588.41,1411.78,14.62,21.61,552.87,2388.16,9041.39,1.3,47.71,521.28,2388.1,8128.43,8.4493,0.03,394,2388,100.0,38.94,23.2111,174
22,29,0.0006,-0.0002,100.0,518.67,642.75,1588.83,1411.5,14.62,21.61,553.22,2388.13,9038.83,1.3,47.46,521.2,2388.15,8132.2,8.4415,0.03,394,2388,100.0,38.72,23.276,173
22,30,-0.0024,0.0003,100.0,518.67,642.84,1592.78,1412.47,14.62,21.61,553.33,2388.11,9037.23,1.3,47.66,521.41,2388.2,8125.15,8.4389,0.03,393,2388,100.0,38.88,23.3015,172
22,31,0.0032,-0.0003,100.0,518.67,642.29,1584.71,1407.49,14.62,21.61,553.29,2388.12,9050.26,1.3,47.66,521.04,2388.13,8126.72,8.4626,0.03,393,2388,100.0,38.78,23.26,171
22,32,-0.0009,0.0001,100.0,518.67,642.5,1592.92,1407.23,14.62,21.61,552.93,2388.17,9038.48,1.3,47.6,521.43,2388.13,8126.45,8.4447,0.03,394,2388,100.0,38.61,23.3354,170
22,33,0.0008,0.0004,100.0,518.67,642.43,1591.08,1409.14,14.62,21.61,552.9,2388.17,9042.82,1.3,47.53,522.0,2388.14,8127.86,8.4072,0.03,392,2388,100.0,38.76,23.3509,169
22,34,-0.0037,-0.0004,100.0,518.67,642.53,1590.05,1414.03,14.62,21.61,553.34,2388.1,9049.79,1.3,47.51,520.76,2388.14,8125.8,8.4838,0.03,393,2388,100.0,38.89,23.3121,168
22,35,0.0012,-0.0002,100.0,518.67,642.83,1589.06,1409.98,14.62,21.61,553.06,2388.14,9044.0,1.3,47.69,521.21,2388.1,8125.35,8.4399,0.03,394,2388,100.0,38.91,23.2996,167
22,36,0.0,0.0004,100.0,518.67,642.63,1592.48,1412.09,14.62,21.61,553.71,2388.09,9047.83,1.3,47.52,521.11,2388.18,8124.7,8.4368,0.03,394,2388,100.0,38.9,23.3578,166
22,37,-0.0024,-0.0003,100.0,518.67,642.31,1594.24,1408.3,14.62,21.61,553.45,2388.1,9048.22,1.3,47.65,520.83,2388.13,8124.69,8.4571,0.03,393,2388,100.0,38.92,23.2489,165
22,38,-0.0006,0.0,100.0,518.67,642.93,1591.82,1411.74,14.62,21.61,553.42,2388.15,9044.73,1.3,47.62,521.33,2388.13,8126.4,8.4371,0.03,393,2388,100.0,38.96,23.2732,164
22,39,-0.004,0.0004,100.0,518.67,642.44,1593.23,1413.65,14.62,21.61,553.35,2388.13,9046.5,1.3,47.51,520.9,2388.15,8125.4,8.4423,0.03,393,2388,100.0,38.67,23.2188,163
22,40,0.0032,-0.0001,100.0,518.67,642.55,1587.03,1405.63,14.62,21.61,553.22,2388.16,9039.3,1.3,47.55,520.95,2388.12,8123.26,8.4329,0.03,393,2388,100.0,38.86,23.2459,162
22,41,-0.0002,0.0003,100.0,518.67,642.86,1589.65,1413.05,14.62,21.61,553.35,2388.16,9044.16,1.3,47.65,520.78,2388.16,8123.49,8.463,0.03,393,2388,100.0,38.84,23.1941,161
22,42,-0.0037,0.0002,100.0,518.67,642.75,1593.97,1416.36,14.62,21.61,553.76,2388.13,9042.44,1.3,47.71,521.21,2388.11,8122.91,8.432,0.03,393,2388,100.0,38.8,23.2746,160
22,43,0.0017,-0.0,100.0,518.67,642.83,1591.19,1406.56,14.62,21.61,553.37,2388.16,9042.23,1.3,47.72,520.95,2388.12,8122.16,8.4669,0.03,393,2388,100.0,38.68,23.2147,159
22,44,0.0057,0.0001,100.0,518.67,642.89,1589.1,1408.15,14.62,21.61,552.66,2388.13,9038.02,1.3,47.51,521.05,2388.16,8125.62,8.502,0.03,395,2388,100.0,38.66,23.3035,158
22,45,-0.003,-0.0003,100.0,518.67,642.71,1595.96,1417.33,14.62,21.61,553.71,2388.11,9045.2,1.3,47.5,521.14,2388.12,8125.81,8.4419,0.03,393,2388,100.0,38.79,23.2857,157
22,46,-0.0006,-0.0003,100.0,518.67,642.48,1586.35,1414.96,14.62,21.61,553.26,2388.15,9045.76,1.3,47.6,521.06,2388.14,8124.12,8.4278,0.03,393,2388,100.0,38.86,23.129,156
22,47,0.0044,-0.0003,100.0,518.67,642.53,1593.06,1406.87,14.62,21.61,553.2,2388.15,9047.78,1.3,47.63,521.28,2388.13,8128.01,8.427,0.03,393,2388,100.0,38.79,23.1882,155
22,48,-0.0012,-0.0001,100.0,518.67,642.32,1593.99,1419.52,14.62,21.61,553.52,2388.12,9043.64,1.3,47.7,520.89,2388.16,8126.58,8.4535,0.03,392,2388,100.0,38.75,23.2646,154
22,49,0.0008,-0.0002,100.0,518.67,642.72,1586.85,1410.55,14.62,21.61,552.88,2388.11,9042.81,1.3,47.62,521.0,2388.19,8121.11,8.4552,0.03,392,2388,100.0,38.8,23.235,153
22,50,-0.004,-0.0002,100.0,518.67,642.61,1590.58,1409.53,14.62,21.61,553.18,2388.15,9045.97,1.3,47.62,521.19,2388.15,8129.55,8.472,0.03,393,2388,100.0,38.64,23.3,152
22,51,0.0017,0.0005,100.0,518.67,642.64,1592.76,1401.38,14.62,21.61,553.19,2388.14,9051.46,1.3,47.68,521.31,2388.11,8124.81,8.4562,0.03,394,2388,100.0,38.52,23.2958,151
22,52,-0.0035,0.0002,100.0,518.67,642.57,1588.86,1415.7,14.62,21.61,553.38,2388.19,9043.59,1.3,47.54,521.19,2388.17,8123.22,8.4475,0.03,393,2388,100.0,38.91,23.339,150
22,53,0.0007,-0.0,100.0,518.67,642.59,1594.84,1413.85,14.62,21.61,552.81,2388.17,9045.18,1.3,47.79,521.35,2388.09,8125.97,8.4599,0.03,394,2388,100.0,38.69,23.2767,149
22,54,0.0022,0.0005,100.0,518.67,642.82,1592.34,1417.11,14.62,21.61,552.92,2388.13,9041.38,1.3,47.58,520.81,2388.15,8120.31,8.4476,0.03,393,2388,100.0,38.71,23.1876,148
22,55,-0.0013,-0.0001,100.0,518.67,642.82,1589.77,1414.49,14.62,21.61,552.94,2388.24,9041.08,1.3,47.68,521.21,2388.19,8124.34,8.5004,0.03,394,2388,100.0,38.74,23.2381,147
22,56,0.0002,-0.0002,100.0,518.67,643.22,1586.45,1409.47,14.62,21.61,553.46,2388.2,9045.19,1.3,47.69,520.75,2388.16,8123.09,8.4353,0.03,392,2388,100.0,38.54,23.3475,146
22,57,0.0004,-0.0001,100.0,518.67,642.71,1592.16,1413.15,14.62,21.61,552.98,2388.14,9050.23,1.3,47.47,521.04,2388.12,8119.56,8.4896,0.03,394,2388,100.0,38.86,23.3465,145
22,58,-0.0009,0.0005,100.0,518.67,642.77,1601.81,1414.81,14.62,21.61,552.57,2388.2,9048.1,1.3,47.49,520.92,2388.14,8120.97,8.4607,0.03,391,2388,100.0,38.7,23.1289,144
22,59,0.0007,0.0003,100.0,518.67,642.35,1582.2,1421.03,14.62,21.61,553.44,2388.14,9043.74,1.3,47.58,521.07,2388.11,8129.3,8.4459,0.03,393,2388,100.0,38.86,23.2998,143
22,60,0.0042,-0.0002,100.0,518.67,642.2,1585.35,1410.03,14.62,21.61,552.64,2388.12,9045.63,1.3,47.64,521.05,2388.17,8129.04,8.4546,0.03,395,2388,100.0,38.83,23.158,142
22,61,-0.0049,-0.0005,100.0,518.67,642.92,1592.85,1417.27,14.62,21.61,553.04,2388.2,9048.79,1.3,47.73,521.22,2388.19,8120.77,8.4626,0.03,394,2388,100.0,38.91,23.2871,141
22,62,0.0002,0.0001,100.0,518.67,642.66,1590.09,1413.4,14.62,21.61,553.24,2388.14,9053.08,1.3,47.53,521.08,2388.15,8127.39,8.4871,0.03,391,2388,100.0,38.78,23.1366,140
22,63,-0.0002,-0.0004,100.0,518.67,642.55,1590.61,1409.71,14.62,21.61,552.82,2388.15,9055.0,1.3,47.44,521.7,2388.2,8126.67,8.467,0.03,392,2388,100.0,38.83,23.2717,139
22,64,0.0022,0.0002,100.0,518.67,642.76,1589.41,1410.89,14.62,21.61,552.82,2388.17,9055.82,1.3,47.62,520.64,2388.11,8121.39,8.4445,0.03,393,2388,100.0,38.68,23.2576,138
22,65,0.0017,0.0002,100.0,518.67,642.55,1592.48,1408.87,14.62,21.61,553.06,2388.15,9048.68,1.3,47.54,520.65,2388.14,8121.49,8.4588,0.03,394,2388,100.0,38.78,23.335,137
22,66,-0.0002,-0.0002,100.0,518.67,643.34,1594.0,1411.47,14.62,21.61,552.8,2388.16,9048.41,1.3,47.67,521.51,2388.21,8129.05,8.4286,0.03,392,2388,100.0,38.69,23.2503,136
22,67,-0.0008,-0.0002,100.0,518.67,642.34,1586.98,1408.9,14.62,21.61,552.71,2388.17,9050.32,1.3,47.52,521.16,2388.17,8129.03,8.4179,0.03,393,2388,100.0,38.61,23.2829,135
22,68,0.0022,0.0,100.0,518.67,642.67,1590.36,1411.26,14.62,21.61,553.04,2388.16,9044.99,1.3,47.77,521.15,2388.18,8133.94,8.4528,0.03,394,2388,100.0,38.77,23.3721,134
22,69,-0.0037,0.0003,100.0,518.67,643.53,1590.03,1416.23,14.62,21.61,553.15,2388.14,9043.06,1.3,47.65,520.89,2388.15,8123.26,8.4285,0.03,394,2388,100.0,38.67,23.1985,133
22,70,-0.0017,-0.0002,100.0,518.67,642.91,1597.06,1410.25,14.62,21.61,553.13,2388.15,9045.98,1.3,47.65,521.44,2388.16,8127.75,8.4825,0.03,395,2388,100.0,38.73,23.3136,132
22,71,-0.0011,-0.0002,100.0,518.67,642.98,1593.54,1414.45,14.62,21.61,553.78,2388.15,9043.98,1.3,47.62,521.48,2388.15,8126.16,8.4685,0.03,393,2388,100.0,38.95,23.2371,131
22,72,0.0018,-0.0004,100.0,518.67,642.97,1589.8,1408.32,14.62,21.61,553.93,2388.14,9044.36,1.3,47.65,521.16,2388.11,8127.23,8.4498,0.03,394,2388,100.0,38.82,23.2304,130
22,73,-0.0026,-0.0002,100.0,518.67,642.31,1594.01,1411.77,14.62,21.61,553.16,2388.15,9047.17,1.3,47.75,521.24,2388.07,8122.36,8.4963,0.03,393,2388,100.0,38.71,23.4268,129
22,74,0.0012,-0.0001,100.0,518.67,643.31,1590.59,1407.23,14.62,21.61,552.96,2388.14,9040.94,1.3,47.54,520.98,2388.14,8129.43,8.4913,0.03,392,2388,100.0,38.72,23.1645,128
22,75,0.0007,0.0003,100.0,518.67,642.22,1596.63,1406.61,14.62,21.61,553.3,2388.14,9038.52,1.3,47.63,521.37,2388.1,8125.96,8.4373,0.03,393,2388,100.0,38.67,23.3726,127
22,76,0.0001,-0.0002,100.0,518.67,643.09,1589.54,1411.94,14.62,21.61,552.57,2388.18,9047.09,1.3,47.78,521.28,2388.19,8127.9,8.4363,0.03,394,2388,100.0,38.68,23.3426,126
22,77,-0.0022,0.0001,100.0,518.67,642.81,1589.86,1407.99,14.62,21.61,552.63,2388.11,9046.76,1.3,47.6,521.17,2388.14,8124.81,8.5002,0.03,394,2388,100.0,38.83,23.3883,125
22,78,0.0039,-0.0002,100.0,518.67,642.79,1590.88,1410.45,14.62,21.61,552.57,2388.13,9048.73,1.3,47.78,521.18,2388.18,8128.6,8.484,0.03,393,2388,100.0,38.72,23.2214,124
22,79,-0.0006,-0.0,100.0,518.67,642.72,1582.2,1409.31,14.62,21.61,553.44,2388.14,9047.66,1.3,47.76,521.4,2388.15,8123.94,8.4498,0.03,392,2388,100.0,38.63,23.268,123
22,80,0.0031,-0.0002,100.0,518.67,642.32,1586.95,1408.99,14.62,21.61,553.01,2388.14,9050.06,1.3,47.71,521.42,2388.15,8128.19,8.4668,0.03,393,2388,100.0,38.59,23.3018,122
22,81,-0.004,0.0004,100.0,518.67,643.11,1591.83,1414.25,14.62,21.61,553.38,2388.2,9047.96,1.3,47.72,521.11,2388.15,8126.35,8.4555,0.03,394,2388,100.0,38.76,23.2738,121
22,82,0.0004,0.0003,100.0,518.67,643.03,1594.13,1408.38,14.62,21.61,553.05,2388.21,9045.56,1.3,47.69,521.33,2388.15,8116.1,8.4525,0.03,394,2388,100.0,38.92,23.2483,120
22,83,-0.0017,0.0002,100.0,518.67,642.64,1590.85,1411.57,14.62,21.61,553.21,2388.12,9045.6,1.3,47.53,521.22,2388.15,8127.01,8.4684,0.03,393,2388,100.0,38.72,23.1911,119
22,84,-0.0016,0.0002,100.0,518.67,642.95,1588.32,1415.28,14.62,21.61,552.83,2388.15,9040.66,1.3,47.58,521.27,2388.12,8126.86,8.4723,0.03,393,2388,100.0,38.6,23.1491,118
22,85,0.0001,-0.0003,100.0,518.67,642.25,1588.61,1409.86,14.62,21.61,553.46,2388.15,9045.86,1.3,47.71,521.35,2388.13,8131.23,8.4392,0.03,393,2388,100.0,38.97,23.2989,117
22,86,0.0009,0.0001,100.0,518.67,643.01,1591.44,1415.2,14.62,21.61,553.25,2388.19,9052.88,1.3,47.51,521.32,2388.15,8123.82,8.4634,0.03,395,2388,100.0,38.7,23.2679,116
22,87,-0.0013,-0.0002,100.0,518.67,643.05,1591.22,1410.49,14.62,21.61,553.08,2388.17,9042.53,1.3,47.66,520.81,2388.15,8124.99,8.4727,0.03,394,2388,100.0,38.57,23.265,115
22,88,0.002,-0.0001,100.0,518.67,642.67,1591.68,1414.96,14.62,21.61,553.34,2388.19,9038.39,1.3,47.79,521.62,2388.13,8122.78,8.456,0.03,392,2388,100.0,38.76,23.2719,114
22,89,0.0005,0.0003,100.0,518.67,643.0,1582.18,1409.46,14.62,21.61,552.96,2388.14,9050.24,1.3,47.68,521.3,2388.17,8120.16,8.447,0.03,394,2388,100.0,38.87,23.2905,113
22,90,0.0035,0.0005,100.0,518.67,642.76,1590.13,1413.89,14.62,21.61,552.15,2388.19,9049.77,1.3,47.65,521.34,2388.18,8123.74,8.4474,0.03,394,2388,100.0,38.67,23.2794,112
22,91,0.0023,0.0002,100.0,518.67,643.11,1591.33,1409.16,14.62,21.61,553.31,2388.13,9044.84,1.3,47.79,520.86,2388.15,8130.66,8.4415,0.03,392,2388,100.0,38.65,23.2688,111
22,92,-0.0022,0.0,100.0,518.67,642.79,1593.3,1410.75,14.62,21.61,552.12,2388.2,9046.06,1.3,47.7,520.56,2388.13,8125.97,8.4497,0.03,395,2388,100.0,38.95,23.2698,110
22,93,-0.004,0.0003,100.0,518.67,642.68,1596.87,1414.28,14.62,21.61,552.61,2388.15,9040.98,1.3,47.65,520.68,2388.16,8130.6,8.4524,0.03,394,2388,100.0,38.84,23.1542,109
22,94,-0.0003,0.0001,100.0,518.67,642.74,1589.46,1415.25,14.62,21.61,553.37,2388.18,9054.87,1.3,47.56,520.96,2388.19,8128.14,8.4681,0.03,395,2388,100.0,38.65,23.3048,108
22,95,0.0011,-0.0004,100.0,518.67,642.93,1587.45,1415.65,14.62,21.61,553.27,2388.15,9042.78,1.3,47.56,521.4,2388.14,8128.27,8.452,0.03,394,2388,100.0,38.72,23.1999,107
22,96,-0.0031,0.0002,100.0,518.67,642.57,1594.05,1409.51,14.62,21.61,552.99,2388.18,9052.54,1.3,47.58,520.9,2388.19,8127.71,8.4624,0.03,395,2388,100.0,38.82,23.1353,106
22,97,0.0013,0.0001,100.0,518.67,642.81,1590.9,1410.68,14.62,21.61,553.65,2388.17,9046.47,1.3,47.65,521.16,2388.15,8130.88,8.4423,0.03,394,2388,100.0,38.56,23.2786,105
22,98,0.0019,-0.0,100.0,518.67,642.46,1591.42,1414.03,14.62,21.61,552.63,2388.1,9047.8,1.3,47.67,520.83,2388.15,8122.87,8.4345,0.03,394,2388,100.0,38.96,23.2702,104
22,99,-0.0015,-0.0004,100.0,518.67,642.81,1592.42,1408.98,14.62,21.61,552.9,2388.2,9046.08,1.3,47.55,520.78,2388.13,8122.32,8.4727,0.03,395,2388,100.0,38.76,23.3038,103
22,100,0.0009,-0.0005,100.0,518.67,642.47,1592.9,1418.77,14.62,21.61,552.74,2388.17,9048.4,1.3,47.59,520.42,2388.15,8128.09,8.4624,0.03,393,2388,100.0,38.6,23.2986,102
22,101,-0.0024,0.0002,100.0,518.67,643.02,1594.98,1411.58,14.62,21.61,552.78,2388.15,9053.33,1.3,47.48,521.27,2388.12,8126.01,8.4446,0.03,393,2388,100.0,38.72,23.344,101
22,102,-0.0027,-0.0002,100.0,518.67,642.71,1589.02,1406.67,14.62,21.61,552.65,2388.2,9040.86,1.3,47.67,520.53,2388.15,8124.05,8.4826,0.03,394,2388,100.0,38.82,23.3046,100
22,103,-0.0005,0.0002,100.0,518.67,642.88,1595.85,1411.51,14.62,21.61,553.41,2388.19,9049.77,1.3,47.71,520.85,2388.19,8126.28,8.455,0.03,394,2388,100.0,38.65,23.2992,99
22,104,-0.0032,-0.0,100.0,518.67,642.4,1594.52,1418.87,14.62,21.61,552.87,2388.2,9040.22,1.3,47.74,521.21,2388.1,8128.06,8.4591,0.03,393,2388,100.0,38.81,23.2751,98
22,105,0.0002,0.0002,100.0,518.67,642.79,1593.2,1416.14,14.62,21.61,552.83,2388.16,9047.89,1.3,47.74,521.26,2388.15,8126.11,8.4636,0.03,393,2388,100.0,38.63,23.2653,97
22,106,-0.0004,-0.0,100.0,518.67,642.75,1594.05,1413.24,14.62,21.61,552.81,2388.15,9044.7,1.3,47.84,520.95,2388.12,8124.82,8.4654,0.03,393,2388,100.0,38.65,23.2277,96
22,107,-0.0016,0.0005,100.0,518.67,642.78,1594.46,1418.78,14.62,21.61,552.42,2388.2,9045.95,1.3,47.71,521.31,2388.19,8127.37,8.4723,0.03,395,2388,100.0,38.68,23.2432,95
22,108,0.0018,-0.0004,100.0,518.67,642.75,1589.59,1414.56,14.62,21.61,552.58,2388.17,9048.27,1.3,47.6,521.27,2388.22,8124.64,8.4586,0.03,394,2388,100.0,38.66,23.1833,94
22,109,0.0038,0.0003,100.0,518.67,643.5,1593.8,1412.97,14.62,21.61,552.68,2388.16,9045.97,1.3,47.78,521.19,2388.18,8120.16,8.4739,0.03,395,2388,100.0,38.71,23.2776,93
22,110,0.0007,0.0001,100.0,518.67,642.91,1593.26,1407.26,14.62,21.61,552.61,2388.16,9044.36,1.3,47.63,520.95,2388.18,8129.2,8.4541,0.03,395,2388,100.0,38.8,23.2494,92
22,111,-0.0021,0.0,100.0,518.67,642.82,1590.69,1409.08,14.62,21.61,552.52,2388.2,9053.29,1.3,47.72,521.25,2388.13,8124.43,8.4293,0.03,395,2388,100.0,38.69,23.0843,91
22,112,-0.0011,0.0004,100.0,518.67,643.3,1590.31,1421.74,14.62,21.61,553.09,2388.22,9041.96,1.3,47.73,520.88,2388.11,8123.26,8.4727,0.03,394,2388,100.0,38.83,23.2717,90
22,113,-0.0011,0.0005,100.0,518.67,643.22,1589.21,1417.75,14.62,21.61,553.41,2388.17,9048.13,1.3,47.91,521.39,2388.15,8126.58,8.4792,0.03,396,2388,100.0,38.66,23.1672,89
22,114,0.0025,0.0,100.0,518.67,643.18,1593.76,1416.74,14.62,21.61,553.46,2388.18,9040.27,1.3,47.72,521.2,2388.14,8127.3,8.4293,0.03,394,2388,100.0,38.64,23.2652,88
22,115,-0.0007,-0.0003,100.0,518.67,642.77,1589.3,1408.4,14.62,21.61,552.03,2388.17,9051.76,1.3,47.81,520.56,2388.11,8124.88,8.4748,0.03,396,2388,100.0,38.85,23.2942,87
22,116,-0.0006,-0.0004,100.0,518.67,642.13,1594.25,1408.89,14.62,21.61,553.18,2388.16,9049.59,1.3,47.56,520.54,2388.1,8131.33,8.4468,0.03,394,2388,100.0,38.61,23.1306,86
22,117,0.0003,0.0001,100.0,518.67,642.56,1594.97,1411.98,14.62,21.61,552.11,2388.17,9050.17,1.3,47.73,521.13,2388.17,8121.1,8.4411,0.03,393,2388,100.0,38.8,23.2234,85
22,118,0.0013,0.0002,100.0,518.67,643.07,1597.68,1417.08,14.62,21.61,551.6,2388.2,9047.79,1.3,47.93,520.46,2388.2,8120.37,8.4493,0.03,394,2388,100.0,38.74,23.3115,84
22,119,-0.0004,-0.0001,100.0,518.67,643.17,1599.65,1406.82,14.62,21.61,552.67,2388.17,9049.38,1.3,47.92,521.26,2388.17,8121.35,8.4793,0.03,394,2388,100.0,38.68,23.1413,83
22,120,0.0031,-0.0005,100.0,518.67,642.86,1592.34,1414.19,14.62,21.61,553.06,2388.19,9051.28,1.3,47.75,521.56,2388.16,8126.4,8.4341,0.03,394,2388,100.0,38.82,23.3279,82
22,121,-0.0009,-0.0004,100.0,518.67,643.19,1590.41,1416.03,14.62,21.61,552.2,2388.15,9048.46,1.3,47.85,521.04,2388.15,8131.93,8.4749,0.03,395,2388,100.0,38.83,23.241,81
22,122,-0.0008,-0.0001,100.0,518.67,643.16,1597.3,1419.99,14.62,21.61,553.66,2388.21,9043.47,1.3,47.68,520.9,2388.18,8122.95,8.47,0.03,393,2388,100.0,38.89,23.1644,80
22,123,0.0021,0.0003,100.0,518.67,642.23,1594.7,1419.65,14.62,21.61,552.59,2388.18,9048.04,1.3,47.63,520.85,2388.13,8122.92,8.4752,0.03,393,2388,100.0,38.85,23.206,79
22,124,0.0045,-0.0002,100.0,518.67,642.6,1581.02,1416.0,14.62,21.61,553.01,2388.15,9047.33,1.3,47.81,520.75,2388.14,8130.04,8.4587,0.03,395,2388,100.0,38.66,23.169,78
22,125,-0.0004,0.0002,100.0,518.67,642.89,1591.14,1413.34,14.62,21.61,552.23,2388.18,9052.28,1.3,47.81,521.04,2388.17,8125.52,8.4779,0.03,394,2388,100.0,38.64,23.2296,77
22,126,0.0015,-0.0002,100.0,518.67,643.15,1590.66,1411.33,14.62,21.61,553.53,2388.18,9048.86,1.3,47.81,520.56,2388.23,8129.82,8.4539,0.03,394,2388,100.0,38.57,23.277,76
22,127,0.0012,-0.0004,100.0,518.67,642.46,1594.56,1418.4,14.62,21.61,552.96,2388.11,9037.75,1.3,47.78,520.87,2388.15,8125.41,8.5029,0.03,393,2388,100.0,38.54,23.1082,75
22,128,0.001,0.0003,100.0,518.67,642.89,1591.4,1419.7,14.62,21.61,552.6,2388.19,9052.09,1.3,47.68,520.94,2388.11,8129.9,8.4846,0.03,393,2388,100.0,38.73,23.2663,74
22,129,-0.0003,0.0001,100.0,518.67,642.93,1593.01,1418.36,14.62,21.61,552.15,2388.19,9046.97,1.3,47.68,520.99,2388.19,8117.64,8.4532,0.03,395,2388,100.0,38.86,23.2078,73
22,130,-0.0023,-0.0003,100.0,518.67,643.48,1593.31,1415.51,14.62,21.61,552.82,2388.21,9038.52,1.3,47.77,520.68,2388.13,8124.72,8.4669,0.03,394,2388,100.0,38.6,23.2721,72
22,131,-0.0009,-0.0004,100.0,518.67,643.49,1602.62,1414.33,14.62,21.61,553.45,2388.19,9041.86,1.3,47.74,520.99,2388.18,8119.63,8.4449,0.03,394,2388,100.0,38.75,23.136,71
22,132,0.0002,0.0001,100.0,518.67,643.3,1603.84,1412.75,14.62,21.61,552.31,2388.15,9049.84,1.3,47.63,520.92,2388.19,8124.38,8.4828,0.03,393,2388,100.0,38.73,23.2477,70
22,133,-0.0012,0.0002,100.0,518.67,643.51,1593.18,1420.27,14.62,21.61,552.28,2388.18,9050.81,1.3,47.95,520.43,2388.18,8127.45,8.4812,0.03,394,2388,100.0,38.61,23.2711,69
22,134,0.0005,-0.0003,100.0,518.67,642.95,1592.3,1425.04,14.62,21.61,551.84,2388.22,9048.46,1.3,47.64,520.79,2388.15,8125.9,8.4714,0.03,396,2388,100.0,38.78,23.1876,68
22,135,0.0027,0.0003,100.0,518.67,643.14,1591.09,1411.37,14.62,21.61,552.98,2388.2,9055.19,1.3,48.05,520.82,2388.22,8120.46,8.4749,0.03,394,2388,100.0,38.73,23.2272,67
22,136,-0.0006,-0.0,100.0,518.67,643.16,1594.22,1417.54,14.62,21.61,553.39,2388.17,9045.3,1.3,47.81,521.11,2388.21,8124.98,8.4567,0.03,393,2388,100.0,38.7,23.1187,66
22,137,0.0038,0.0004,100.0,518.67,642.83,1591.97,1411.5,14.62,21.61,552.94,2388.16,9042.93,1.3,47.84,520.7,2388.17,8122.53,8.4672,0.03,393,2388,100.0,38.66,23.2993,65
22,138,0.0005,0.0003,100.0,518.67,643.53,1592.93,1416.77,14.62,21.61,553.0,2388.2,9048.31,1.3,47.69,520.52,2388.16,8133.15,8.4373,0.03,393,2388,100.0,38.59,23.1997,64
22,139,-0.0001,-0.0005,100.0,518.67,642.93,1598.88,1413.6,14.62,21.61,552.59,2388.2,9054.74,1.3,47.66,520.5,2388.21,8130.07,8.4828,0.03,396,2388,100.0,38.69,23.1645,63
22,140,-0.0012,0.0003,100.0,518.67,643.03,1599.41,1414.93,14.62,21.61,552.64,2388.16,9052.32,1.3,47.79,520.77,2388.16,8123.54,8.4807,0.03,395,2388,100.0,38.66,23.1558,62
22,141,-0.0027,0.0004,100.0,518.67,642.91,1594.49,1415.23,14.62,21.61,552.57,2388.21,9052.28,1.3,47.76,520.95,2388.23,8129.32,8.5073,0.03,393,2388,100.0,38.76,23.1622,61
22,142,-0.0009,0.0001,100.0,518.67,643.13,1594.28,1421.74,14.62,21.61,552.19,2388.17,9048.36,1.3,47.69,520.95,2388.18,8125.63,8.4743,0.03,395,2388,100.0,38.62,23.1376,60
22,143,-0.0018,0.0003,100.0,518.67,642.73,1592.92,1416.52,14.62,21.61,552.19,2388.19,9046.76,1.3,47.7,520.55,2388.23,8129.11,8.499,0.03,396,2388,100.0,38.81,23.2254,59
22,144,-0.0007,0.0004,100.0,518.67,643.17,1593.28,1411.34,14.62,21.61,552.32,2388.21,9052.21,1.3,47.76,520.66,2388.2,8129.17,8.4267,0.03,394,2388,100.0,38.57,23.1743,58
22,145,0.002,-0.0001,100.0,518.67,642.85,1595.14,1414.26,14.62,21.61,552.76,2388.17,9049.79,1.3,47.7,520.39,2388.17,8126.35,8.4529,0.03,393,2388,100.0,38.75,23.1358,57
22,146,0.0003,-0.0004,100.0,518.67,642.85,1598.07,1416.43,14.62,21.61,553.08,2388.2,9051.97,1.3,47.79,520.41,2388.2,8124.09,8.5015,0.03,396,2388,100.0,38.6,23.2184,56
22,147,0.0024,0.0002,100.0,518.67,643.36,1592.43,1412.61,14.62,21.61,553.35,2388.21,9044.91,1.3,48.03,520.97,2388.25,8127.69,8.5014,0.03,396,2388,100.0,38.78,23.2155,55
22,148,0.0027,-0.0004,100.0,518.67,642.83,1597.21,1414.99,14.62,21.61,552.48,2388.24,9042.44,1.3,47.87,520.62,2388.2,8128.39,8.5105,0.03,396,2388,100.0,38.56,23.1653,54
22,149,-0.0041,-0.0,100.0,518.67,643.25,1599.02,1422.33,14.62,21.61,552.34,2388.17,9040.59,1.3,47.96,520.97,2388.2,8123.81,8.4577,0.03,395,2388,100.0,38.7,23.1192,53
22,150,0.0028,-0.0001,100.0,518.67,642.63,1598.62,1418.16,14.62,21.61,552.78,2388.19,9047.43,1.3,47.95,520.78,2388.21,8126.6,8.4456,0.03,393,2388,100.0,38.63,23.2025,52
22,151,0.0019,-0.0001,100.0,518.67,642.91,1595.08,1424.68,14.62,21.61,551.97,2388.19,9050.23,1.3,47.87,520.52,2388.19,8130.11,8.4908,0.03,394,2388,100.0,38.65,23.2345,51
22,152,0.0056,-0.0004,100.0,518.67,643.25,1594.56,1418.85,14.62,21.61,552.04,2388.14,9046.02,1.3,47.76,520.24,2388.19,8128.95,8.4851,0.03,395,2388,100.0,38.7,23.2841,50
22,153,0.0012,-0.0002,100.0,518.67,642.84,1594.35,1417.75,14.62,21.61,552.54,2388.16,9048.61,1.3,47.8,520.63,2388.23,8128.63,8.5056,0.03,394,2388,100.0,38.55,23.1451,49
22,154,0.0012,-0.0,100.0,518.67,643.67,1592.12,1417.07,14.62,21.61,552.8,2388.21,9049.45,1.3,47.98,520.51,2388.21,8127.62,8.465,0.03,392,2388,100.0,38.57,23.282,48
22,155,-0.0025,-0.0005,100.0,518.67,643.17,1601.99,1418.57,14.62,21.61,553.02,2388.21,9051.84,1.3,47.65,520.32,2388.2,8122.34,8.4537,0.03,396,2388,100.0,38.55,23.2686,47
22,156,0.0004,-0.0001,100.0,518.67,642.95,1600.49,1424.8,14.62,21.61,551.98,2388.21,9049.95,1.3,47.85,520.64,2388.22,8128.25,8.4463,0.03,396,2388,100.0,38.47,23.2246,46
22,157,0.0026,0.0004,100.0,518.67,643.06,1593.06,1416.7,14.62,21.61,552.52,2388.14,9053.53,1.3,47.72,520.1,2388.21,8123.19,8.4926,0.03,393,2388,100.0,38.75,23.1338,45
22,158,-0.0002,0.0005,100.0,518.67,643.22,1593.07,1415.83,14.62,21.61,551.98,2388.22,9047.53,1.3,48.08,520.21,2388.2,8129.73,8.4849,0.03,393,2388,100.0,38.74,23.3006,44
22,159,0.002,0.0004,100.0,518.67,643.51,1592.1,1424.2,14.62,21.61,552.05,2388.24,9053.86,1.3,47.75,520.28,2388.24,8128.08,8.5118,0.03,394,2388,100.0,38.64,23.0644,43
22,160,0.0004,0.0,100.0,518.67,643.3,1597.65,1417.44,14.62,21.61,551.5,2388.16,9045.18,1.3,47.88,520.02,2388.2,8128.14,8.4932,0.03,395,2388,100.0,38.8,23.257,42
22,161,-0.0022,0.0005,100.0,518.67,643.27,1596.12,1417.81,14.62,21.61,552.27,2388.26,9055.23,1.3,47.87,520.59,2388.24,8128.56,8.5275,0.03,395,2388,100.0,38.7,23.2643,41
22,162,-0.001,-0.0,100.0,518.67,643.07,1596.24,1426.04,14.62,21.61,551.98,2388.22,9048.17,1.3,47.92,519.95,2388.19,8126.83,8.4677,0.03,393,2388,100.0,38.76,23.2049,40
22,163,0.0008,0.0003,100.0,518.67,642.79,1597.51,1425.3,14.62,21.61,552.62,2388.19,9046.95,1.3,47.9,520.82,2388.22,8124.96,8.486,0.03,393,2388,100.0,38.52,23.1633,39
22,164,0.0012,-0.0004,100.0,518.67,643.16,1599.94,1420.97,14.62,21.61,551.97,2388.19,9047.22,1.3,47.73,520.93,2388.23,8120.61,8.5169,0.03,393,2388,100.0,38.64,23.2416,38
22,165,-0.0006,-0.0003,100.0,518.67,643.34,1600.77,1419.23,14.62,21.61,552.34,2388.2,9047.68,1.3,47.87,520.75,2388.2,8121.85,8.486,0.03,394,2388,100.0,38.68,23.2142,37
22,166,0.0008,0.0003,100.0,518.67,643.21,1602.22,1418.91,14.62,21.61,552.12,2388.16,9048.66,1.3,47.85,520.0,2388.21,8126.81,8.4812,0.03,394,2388,100.0,38.44,23.224,36
22,167,-0.0013,-0.0004,100.0,518.67,643.55,1594.02,1423.88,14.62,21.61,552.35,2388.23,9049.08,1.3,47.85,520.43,2388.23,8126.02,8.4681,0.03,395,2388,100.0,38.81,23.1406,35
22,168,-0.0015,0.0001,100.0,518.67,643.65,1595.02,1414.97,14.62,21.61,551.91,2388.27,9047.95,1.3,47.85,520.45,2388.25,8130.57,8.4895,0.03,394,2388,100.0,38.56,23.1964,34
22,169,0.0015,-0.0004,100.0,518.67,643.52,1591.39,1423.7,14.62,21.61,551.96,2388.21,9046.77,1.3,47.91,520.66,2388.26,8128.72,8.4373,0.03,394,2388,100.0,38.44,23.2023,33
22,170,0.0035,-0.0003,100.0,518.67,643.22,1598.86,1411.31,14.62,21.61,551.72,2388.23,9054.18,1.3,47.85,520.04,2388.18,8129.55,8.4723,0.03,395,2388,100.0,38.51,23.1145,32
22,171,-0.0012,-0.0004,100.0,518.67,643.76,1594.54,1417.32,14.62,21.61,551.83,2388.24,9051.03,1.3,47.97,519.85,2388.21,8122.2,8.5299,0.03,395,2388,100.0,38.53,23.1127,31
22,172,0.0049,-0.0003,100.0,518.67,643.12,1602.64,1423.53,14.62,21.61,551.82,2388.23,9048.03,1.3,47.79,520.36,2388.22,8123.89,8.5198,0.03,394,2388,100.0,38.46,23.2333,30
22,173,-0.0032,0.0003,100.0,518.67,643.11,1588.71,1422.33,14.62,21.61,551.76,2388.22,9048.53,1.3,48.07,520.46,2388.29,8129.51,8.4783,0.03,394,2388,100.0,38.56,23.092,29
22,174,0.0007,0.0002,100.0,518.67,643.3,1599.02,1424.88,14.62,21.61,551.61,2388.27,9052.29,1.3,48.0,520.54,2388.21,8128.82,8.5059,0.03,395,2388,100.0,38.8,23.1571,28
22,175,-0.0004,0.0,100.0,518.67,643.33,1598.07,1424.26,14.62,21.61,552.61,2388.23,9050.31,1.3,48.01,520.63,2388.22,8130.33,8.4682,0.03,394,2388,100.0,38.56,23.1499,27
22,176,0.0012,0.0004,100.0,518.67,643.04,1596.01,1415.27,14.62,21.61,552.05,2388.19,9047.16,1.3,48.06,520.31,2388.24,8123.44,8.4997,0.03,395,2388,100.0,38.64,23.2798,26
22,177,-0.0037,-0.0,100.0,518.67,643.13,1592.35,1415.58,14.62,21.61,552.43,2388.22,9047.95,1.3,47.83,519.99,2388.3,8125.42,8.5142,0.03,396,2388,100.0,38.44,23.0717,25
22,178,-0.0014,0.0001,100.0,518.67,643.67,1605.07,1428.6,14.62,21.61,551.29,2388.26,9047.1,1.3,48.0,520.23,2388.23,8121.51,8.4929,0.03,398,2388,100.0,38.44,23.0944,24
22,179,-0.0004,-0.0,100.0,518.67,643.62,1594.66,1421.18,14.62,21.61,551.04,2388.21,9048.69,1.3,48.09,519.7,2388.22,8128.3,8.5191,0.03,396,2388,100.0,38.58,23.1954,23
22,180,0.0005,-0.0005,100.0,518.67,643.26,1597.48,1427.52,14.62,21.61,552.06,2388.29,9059.13,1.3,47.99,520.11,2388.24,8129.43,8.5082,0.03,394,2388,100.0,38.71,23.1775,22
22,181,0.0013,-0.0,100.0,518.67,643.29,1595.57,1427.21,14.62,21.61,551.03,2388.24,9050.59,1.3,47.82,520.0,2388.25,8126.85,8.5046,0.03,396,2388,100.0,38.58,23.1213,21
22,182,-0.0025,-0.0,100.0,518.67,643.4,1595.98,1420.17,14.62,21.61,552.02,2388.25,9048.26,1.3,48.07,520.08,2388.23,8132.35,8.4804,0.03,396,2388,100.0,38.71,23.1862,20
22,183,-0.0036,0.0001,100.0,518.67,643.43,1599.38,1423.81,14.62,21.61,551.26,2388.26,9056.09,1.3,48.01,519.58,2388.2,8127.56,8.5236,0.03,394,2388,100.0,38.56,23.0764,19
22,184,0.0021,0.0001,100.0,518.67,643.65,1599.02,1426.71,14.62,21.61,552.56,2388.21,9049.53,1.3,48.01,520.45,2388.25,8124.85,8.4987,0.03,395,2388,100.0,38.43,23.1716,18
22,185,-0.0045,0.0003,100.0,518.67,643.38,1588.88,1421.4,14.62,21.61,551.48,2388.26,9049.48,1.3,47.92,520.25,2388.25,8128.24,8.5052,0.03,398,2388,100.0,38.57,23.1401,17
22,186,0.0006,0.0003,100.0,518.67,643.17,1596.58,1421.96,14.62,21.61,552.06,2388.24,9053.42,1.3,48.14,520.07,2388.26,8126.24,8.5003,0.03,395,2388,100.0,38.4,23.2333,16
22,187,-0.001,-0.0,100.0,518.67,643.4,1598.23,1433.13,14.62,21.61,551.29,2388.28,9055.21,1.3,47.77,519.7,2388.29,8127.13,8.4963,0.03,396,2388,100.0,38.56,23.1245,15
22,188,0.0006,0.0004,100.0,518.67,643.67,1603.14,1423.97,14.62,21.61,551.6,2388.24,9057.19,1.3,48.15,519.82,2388.25,8128.86,8.498,0.03,396,2388,100.0,38.53,23.0084,14
22,189,0.0023,-0.0003,100.0,518.67,643.66,1601.87,1424.76,14.62,21.61,551.28,2388.29,9049.72,1.3,47.96,519.44,2388.27,8122.3,8.4829,0.03,396,2388,100.0,38.32,22.9798,13
22,190,0.0007,0.0001,100.0,518.67,643.22,1594.43,1426.53,14.62,21.61,551.86,2388.26,9053.33,1.3,47.96,519.89,2388.22,8128.71,8.5121,0.03,395,2388,100.0,38.52,23.0389,12
22,191,0.0036,0.0001,100.0,518.67,643.59,1600.14,1426.73,14.62,21.61,551.82,2388.22,9052.63,1.3,48.35,519.35,2388.23,8128.78,8.5289,0.03,396,2388,100.0,38.45,23.0965,11
22,192,-0.0023,0.0003,100.0,518.67,643.13,1603.49,1423.35,14.62,21.61,551.75,2388.31,9052.18,1.3,48.15,519.76,2388.29,8125.69,8.5363,0.03,395,2388,100.0,38.55,23.1417,10
22,193,-0.0025,-0.0003,100.0,518.67,643.7,1602.78,1427.58,14.62,21.61,551.02,2388.22,9053.75,1.3,48.11,519.3,2388.26,8126.97,8.521,0.03,397,2388,100.0,38.62,23.0201,9
22,194,-0.0043,0.0004,100.0,518.67,643.87,1600.98,1422.67,14.62,21.61,552.07,2388.26,9056.58,1.3,48.24,519.84,2388.25,8128.25,8.4807,0.03,396,2388,100.0,38.63,23.1066,8
22,195,-0.0049,-0.0004,100.0,518.67,643.55,1595.05,1433.89,14.62,21.61,551.28,2388.23,9054.33,1.3,48.2,519.54,2388.28,8120.7,8.5599,0.03,396,2388,100.0,38.28,23.0552,7
22,196,-0.0002,-0.0001,100.0,518.67,643.21,1598.81,1427.61,14.62,21.61,552.25,2388.3,9056.92,1.3,48.33,519.97,2388.24,8129.66,8.4664,0.03,395,2388,100.0,38.56,23.0754,6
22,197,-0.0019,0.0,100.0,518.67,643.8,1604.97,1421.58,14.62,21.61,551.72,2388.26,9063.17,1.3,48.2,519.46,2388.23,8126.59,8.5264,0.03,396,2388,100.0,38.4,23.0069,5
22,198,-0.0024,0.0003,100.0,518.67,643.26,1602.59,1426.26,14.62,21.61,551.29,2388.22,9053.18,1.3,48.09,519.63,2388.26,8129.62,8.5129,0.03,396,2388,100.0,38.47,23.103,4
22,199,-0.0013,0.0002,100.0,518.67,643.82,1604.09,1433.2,14.62,21.61,551.42,2388.29,9051.09,1.3,48.05,519.47,2388.28,8124.25,8.5,0.03,396,2388,100.0,38.51,23.0575,3
22,200,0.0019,-0.0,100.0,518.67,643.44,1594.32,1428.65,14.62,21.61,551.91,2388.27,9054.59,1.3,48.16,519.29,2388.28,8121.52,8.5116,0.03,396,2388,100.0,38.5,23.1504,2
22,201,0.0035,-0.0,100.0,518.67,643.7,1598.8,1427.99,14.62,21.61,551.24,2388.26,9053.05,1.3,48.18,519.61,2388.31,8122.62,8.5023,0.03,397,2388,100.0,38.33,23.0433,1
22,202,0.0017,-0.0001,100.0,518.67,643.64,1609.56,1429.98,14.62,21.61,551.02,2388.3,9053.41,1.3,48.16,519.31,2388.3,8130.05,8.5361,0.03,398,2388,100.0,38.43,22.9965,0
23,1,0.0027,0.0005,100.0,518.67,641.98,1591.38,1408.8,14.62,21.61,553.33,2388.12,9049.85,1.3,47.54,521.78,2388.1,8131.29,8.4069,0.03,394,2388,100.0,38.79,23.2717,167
23,2,0.0002,0.0001,100.0,518.67,642.36,1592.51,1413.03,14.62,21.61,553.62,2388.1,9055.75,1.3,47.47,521.45,2388.06,8128.77,8.4202,0.03,395,2388,100.0,38.81,23.302,166
23,3,-0.0019,0.0004,100.0,518.67,642.73,1591.65,1406.75,14.62,21.61,554.08,2388.08,9046.92,1.3,47.65,521.36,2388.13,8131.83,8.4205,0.03,392,2388,100.0,38.78,23.2883,165
23,4,0.001,-0.0,100.0,518.67,643.14,1584.3,1404.01,14.62,21.61,553.79,2388.15,9054.05,1.3,47.36,520.8,2388.04,8130.98,8.4426,0.03,392,2388,100.0,38.79,23.3341,164
23,5,-0.0002,0.0003,100.0,518.67,643.22,1590.03,1407.33,14.62,21.61,553.51,2388.06,9049.28,1.3,47.47,522.02,2388.1,8133.79,8.4516,0.03,393,2388,100.0,38.86,23.2834,163
23,6,0.001,0.0005,100.0,518.67,642.63,1589.38,1405.34,14.62,21.61,553.27,2388.12,9054.39,1.3,47.48,521.54,2388.1,8132.34,8.4537,0.03,393,2388,100.0,38.73,23.2312,162
23,7,0.0042,-0.0001,100.0,518.67,642.35,1587.89,1403.7,14.62,21.61,553.35,2388.1,9049.23,1.3,47.42,521.08,2388.1,8134.93,8.4534,0.03,395,2388,100.0,38.99,23.4684,161
23,8,-0.0004,0.0003,100.0,518.67,642.42,1590.48,1406.04,14.62,21.61,553.55,2388.08,9051.94,1.3,47.54,521.88,2388.09,8129.57,8.4299,0.03,392,2388,100.0,38.78,23.3211,160
23,9,-0.0006,0.0003,100.0,518.67,642.07,1583.6,1404.51,14.62,21.61,553.74,2388.15,9049.9,1.3,47.55,521.44,2388.07,8133.94,8.4381,0.03,394,2388,100.0,38.91,23.2736,159
23,10,-0.0,-0.0001,100.0,518.67,642.82,1590.18,1411.38,14.62,21.61,553.06,2388.16,9046.85,1.3,47.41,521.8,2388.13,8130.52,8.4447,0.03,393,2388,100.0,38.97,23.3787,158
23,11,0.0005,0.0001,100.0,518.67,642.0,1583.28,1408.31,14.62,21.61,553.53,2388.1,9059.41,1.3,47.41,521.48,2388.07,8129.41,8.4402,0.03,395,2388,100.0,38.91,23.4845,157
23,12,0.0018,-0.0004,100.0,518.67,643.02,1590.11,1405.08,14.62,21.61,553.81,2388.05,9049.55,1.3,47.52,521.99,2388.05,8132.51,8.4723,0.03,392,2388,100.0,39.12,23.2584,156
23,13,-0.0019,0.0002,100.0,518.67,642.05,1586.29,1407.89,14.62,21.61,553.18,2388.06,9056.87,1.3,47.53,521.39,2388.09,8135.44,8.4124,0.03,393,2388,100.0,38.92,23.3083,155
23,14,0.0026,0.0003,100.0,518.67,642.28,1589.44,1408.65,14.62,21.61,553.06,2388.08,9053.29,1.3,47.44,522.03,2388.03,8131.76,8.4418,0.03,394,2388,100.0,38.79,23.2471,154
23,15,-0.0014,0.0002,100.0,518.67,642.3,1587.72,1407.97,14.62,21.61,553.35,2388.08,9057.49,1.3,47.47,521.27,2388.07,8130.96,8.437,0.03,392,2388,100.0,38.73,23.2106,153
23,16,0.0032,0.0002,100.0,518.67,643.15,1592.31,1404.77,14.62,21.61,554.35,2388.09,9053.96,1.3,47.32,522.04,2388.09,8133.34,8.4264,0.03,392,2388,100.0,38.87,23.3349,152
23,17,-0.0015,-0.0003,100.0,518.67,642.1,1592.03,1404.46,14.62,21.61,553.08,2388.09,9049.63,1.3,47.53,521.69,2388.11,8131.16,8.4293,0.03,394,2388,100.0,38.83,23.1573,151
23,18,0.0007,-0.0001,100.0,518.67,642.93,1585.15,1403.05,14.62,21.61,554.53,2388.11,9053.33,1.3,47.47,521.47,2388.09,8129.87,8.4397,0.03,394,2388,100.0,38.8,23.2228,150
23,19,0.0025,-0.0001,100.0,518.67,642.97,1586.67,1411.0,14.62,21.61,553.24,2388.1,9057.03,1.3,47.53,520.97,2388.13,8132.09,8.441,0.03,393,2388,100.0,38.86,23.2699,149
23,20,0.0005,-0.0002,100.0,518.67,642.72,1589.12,1413.54,14.62,21.61,554.26,2388.08,9047.01,1.3,47.51,521.26,2388.09,8128.16,8.4513,0.03,394,2388,100.0,38.93,23.2933,148
23,21,0.0016,0.0005,100.0,518.67,642.79,1583.23,1407.15,14.62,21.61,553.58,2388.14,9056.63,1.3,47.53,521.53,2388.07,8128.82,8.4451,0.03,393,2388,100.0,38.8,23.2619,147
23,22,0.0008,0.0003,100.0,518.67,642.74,1586.23,1407.82,14.62,21.61,553.12,2388.03,9059.88,1.3,47.68,521.3,2388.11,8129.32,8.4228,0.03,393,2388,100.0,38.81,23.3285,146
23,23,0.0018,-0.0004,100.0,518.67,642.42,1587.51,1405.41,14.62,21.61,553.24,2388.08,9050.0,1.3,47.5,521.54,2388.12,8133.34,8.4293,0.03,393,2388,100.0,38.82,23.3447,145
23,24,0.0026,0.0005,100.0,518.67,642.94,1585.49,1400.12,14.62,21.61,553.66,2388.1,9049.8,1.3,47.37,522.19,2388.07,8134.69,8.463,0.03,392,2388,100.0,38.88,23.4065,144
23,25,0.0007,-0.0004,100.0,518.67,642.7,1585.12,1410.4,14.62,21.61,554.34,2388.09,9055.37,1.3,47.49,520.88,2388.12,8137.12,8.4591,0.03,394,2388,100.0,38.75,23.3392,143
23,26,-0.0029,0.0003,100.0,518.67,642.66,1591.82,1402.9,14.62,21.61,554.41,2388.1,9049.32,1.3,47.58,521.65,2388.1,8131.56,8.4414,0.03,394,2388,100.0,38.98,23.3122,142
23,27,0.0002,0.0003,100.0,518.67,642.43,1581.84,1410.64,14.62,21.61,553.83,2388.06,9054.67,1.3,47.42,522.06,2388.1,8130.88,8.4118,0.03,391,2388,100.0,38.85,23.328,141
23,28,0.0005,0.0001,100.0,518.67,642.38,1597.25,1403.37,14.62,21.61,553.48,2388.11,9056.24,1.3,47.21,521.48,2388.14,8134.36,8.4486,0.03,391,2388,100.0,38.84,23.3566,140
23,29,-0.0008,0.0003,100.0,518.67,642.88,1595.0,1399.8,14.62,21.61,554.26,2388.07,9053.04,1.3,47.53,521.53,2388.03,8129.46,8.3864,0.03,394,2388,100.0,38.81,23.3557,139
23,30,-0.0005,-0.0005,100.0,518.67,642.46,1592.92,1403.6,14.62,21.61,553.6,2388.08,9051.4,1.3,47.54,521.85,2388.08,8137.91,8.4041,0.03,392,2388,100.0,38.76,23.2102,138
23,31,-0.0013,-0.0004,100.0,518.67,642.29,1590.16,1402.64,14.62,21.61,553.64,2388.11,9051.22,1.3,47.56,520.97,2388.05,8131.3,8.4153,0.03,393,2388,100.0,38.97,23.2566,137
23,32,0.0031,0.0002,100.0,518.67,642.04,1586.81,1402.46,14.62,21.61,553.47,2388.08,9047.97,1.3,47.49,521.71,2388.09,8128.96,8.4178,0.03,392,2388,100.0,38.71,23.2137,136
23,33,-0.0,0.0005,100.0,518.67,642.24,1596.94,1406.52,14.62,21.61,553.83,2388.06,9046.42,1.3,47.56,520.87,2388.12,8138.82,8.4223,0.03,394,2388,100.0,38.93,23.2999,135
23,34,0.0023,0.0001,100.0,518.67,642.64,1584.94,1402.55,14.62,21.61,553.86,2388.09,9048.46,1.3,47.36,521.61,2388.13,8132.96,8.4356,0.03,392,2388,100.0,39.08,23.2762,134
23,35,-0.0007,0.0002,100.0,518.67,643.1,1587.04,1411.97,14.62,21.61,553.27,2388.05,9050.21,1.3,47.33,521.51,2388.1,8127.17,8.4297,0.03,393,2388,100.0,38.87,23.2258,133
23,36,-0.0003,-0.0004,100.0,518.67,642.27,1590.78,1413.47,14.62,21.61,553.27,2388.08,9054.84,1.3,47.48,521.12,2388.1,8127.22,8.404,0.03,393,2388,100.0,38.94,23.2578,132
23,37,0.0007,-0.0001,100.0,518.67,642.83,1590.79,1402.02,14.62,21.61,553.54,2388.07,9050.62,1.3,47.62,521.36,2388.11,8127.05,8.4381,0.03,393,2388,100.0,39.02,23.2768,131
23,38,-0.0016,-0.0002,100.0,518.67,642.63,1597.49,1403.5,14.62,21.61,553.77,2388.12,9046.67,1.3,47.46,521.76,2388.05,8128.5,8.4338,0.03,393,2388,100.0,38.61,23.3469,130
23,39,0.0001,-0.0005,100.0,518.67,643.28,1590.26,1411.93,14.62,21.61,553.87,2388.04,9051.53,1.3,47.56,521.39,2388.08,8127.92,8.4676,0.03,394,2388,100.0,38.73,23.3928,129
23,40,-0.0023,-0.0004,100.0,518.67,642.98,1589.21,1406.82,14.62,21.61,553.14,2388.06,9055.63,1.3,47.63,522.27,2388.12,8133.25,8.4067,0.03,393,2388,100.0,38.89,23.3177,128
23,41,0.0011,0.0003,100.0,518.67,642.45,1591.9,1406.95,14.62,21.61,553.49,2388.13,9056.36,1.3,47.68,521.2,2388.12,8135.58,8.4186,0.03,393,2388,100.0,38.99,23.3649,127
23,42,0.0025,0.0004,100.0,518.67,642.56,1588.44,1400.01,14.62,21.61,553.97,2388.16,9053.81,1.3,47.56,521.4,2388.09,8133.54,8.4366,0.03,392,2388,100.0,38.84,23.2699,126
23,43,0.0019,0.0001,100.0,518.67,642.51,1593.46,1410.08,14.62,21.61,553.63,2388.16,9055.68,1.3,47.48,521.08,2388.07,8129.57,8.4235,0.03,395,2388,100.0,38.89,23.2898,125
23,44,0.0011,-0.0004,100.0,518.67,642.61,1591.8,1418.17,14.62,21.61,553.77,2388.11,9048.96,1.3,47.55,521.18,2388.07,8135.6,8.4434,0.03,391,2388,100.0,38.79,23.3289,124
23,45,-0.0012,0.0001,100.0,518.67,642.37,1588.61,1397.83,14.62,21.61,552.68,2388.06,9046.74,1.3,47.47,521.24,2388.08,8132.83,8.4148,0.03,392,2388,100.0,38.8,23.321,123
23,46,-0.0038,-0.0004,100.0,518.67,642.51,1586.87,1404.84,14.62,21.61,553.05,2388.08,9049.11,1.3,47.38,521.6,2388.1,8128.78,8.4193,0.03,393,2388,100.0,38.87,23.2682,122
23,47,0.0011,-0.0001,100.0,518.67,642.77,1590.74,1412.13,14.62,21.61,553.59,2388.12,9053.36,1.3,47.42,521.52,2388.13,8135.44,8.4083,0.03,393,2388,100.0,38.87,23.2218,121
23,48,-0.0007,-0.0002,100.0,518.67,642.57,1590.71,1404.66,14.62,21.61,553.9,2388.12,9054.43,1.3,47.39,521.48,2388.09,8137.6,8.4677,0.03,394,2388,100.0,38.94,23.2759,120
23,49,-0.0007,-0.0003,100.0,518.67,642.56,1589.04,1411.45,14.62,21.61,553.76,2388.05,9051.45,1.3,47.63,522.05,2388.02,8129.68,8.4516,0.03,393,2388,100.0,38.84,23.4376,119
23,50,-0.0034,0.0004,100.0,518.67,641.96,1590.91,1403.97,14.62,21.61,553.84,2388.08,9049.62,1.3,47.68,520.94,2388.08,8133.33,8.4219,0.03,393,2388,100.0,38.7,23.3114,118
23,51,-0.0005,0.0001,100.0,518.67,642.57,1596.65,1410.61,14.62,21.61,553.3,2388.1,9053.61,1.3,47.63,521.48,2388.07,8130.84,8.4475,0.03,392,2388,100.0,38.89,23.2696,117
23,52,-0.0019,0.0004,100.0,518.67,642.44,1584.97,1411.35,14.62,21.61,553.6,2388.09,9049.63,1.3,47.62,521.28,2388.13,8136.29,8.417,0.03,394,2388,100.0,38.78,23.2441,116
23,53,0.0007,-0.0004,100.0,518.67,642.3,1599.87,1409.89,14.62,21.61,554.77,2388.13,9048.45,1.3,47.39,521.37,2388.15,8129.58,8.4417,0.03,394,2388,100.0,38.7,23.3564,115
23,54,-0.0011,-0.0004,100.0,518.67,642.7,1594.12,1404.15,14.62,21.61,553.07,2388.08,9054.34,1.3,47.47,521.98,2388.14,8133.64,8.4483,0.03,393,2388,100.0,38.69,23.2394,114
23,55,-0.0008,0.0004,100.0,518.67,643.16,1585.36,1407.32,14.62,21.61,553.08,2388.13,9051.46,1.3,47.56,520.67,2388.16,8132.08,8.4555,0.03,395,2388,100.0,38.93,23.1852,113
23,56,-0.0014,0.0001,100.0,518.67,642.96,1584.44,1413.58,14.62,21.61,553.94,2388.1,9054.64,1.3,47.52,521.35,2388.13,8132.53,8.4384,0.03,394,2388,100.0,38.68,23.3435,112
23,57,0.0016,-0.0005,100.0,518.67,642.81,1589.05,1408.23,14.62,21.61,553.9,2388.11,9044.7,1.3,47.51,521.5,2388.18,8128.03,8.4513,0.03,392,2388,100.0,38.97,23.2787,111
23,58,-0.0007,0.0005,100.0,518.67,642.04,1591.61,1399.05,14.62,21.61,553.38,2388.13,9056.05,1.3,47.55,521.42,2388.12,8131.85,8.3986,0.03,392,2388,100.0,38.74,23.2439,110
23,59,-0.0042,-0.0002,100.0,518.67,642.77,1594.06,1406.85,14.62,21.61,553.55,2388.1,9050.79,1.3,47.47,521.58,2388.15,8132.27,8.4585,0.03,393,2388,100.0,38.9,23.3657,109
23,60,-0.0024,-0.0003,100.0,518.67,642.82,1595.87,1405.14,14.62,21.61,553.12,2388.1,9041.01,1.3,47.6,521.54,2388.11,8129.47,8.4549,0.03,393,2388,100.0,38.92,23.262,108
23,61,0.0032,0.0003,100.0,518.67,642.47,1588.73,1406.06,14.62,21.61,553.73,2388.09,9056.08,1.3,47.75,521.69,2388.1,8135.94,8.4019,0.03,392,2388,100.0,38.75,23.2127,107
23,62,0.0016,-0.0004,100.0,518.67,642.21,1595.42,1412.85,14.62,21.61,553.33,2388.04,9050.34,1.3,47.57,521.55,2388.11,8136.24,8.419,0.03,393,2388,100.0,38.96,23.3379,106
23,63,-0.0067,-0.0005,100.0,518.67,642.57,1584.25,1407.48,14.62,21.61,553.48,2388.13,9054.02,1.3,47.62,521.43,2388.15,8128.56,8.4424,0.03,393,2388,100.0,38.69,23.3903,105
23,64,0.0038,0.0001,100.0,518.67,643.14,1592.05,1408.61,14.62,21.61,552.93,2388.14,9053.17,1.3,47.65,521.41,2388.12,8130.5,8.413,0.03,392,2388,100.0,38.78,23.3209,104
23,65,0.0027,0.0003,100.0,518.67,642.94,1589.42,1405.35,14.62,21.61,553.39,2388.1,9049.67,1.3,47.44,521.46,2388.13,8134.18,8.4562,0.03,392,2388,100.0,38.75,23.2586,103
23,66,0.0011,0.0002,100.0,518.67,642.73,1581.98,1411.95,14.62,21.61,552.87,2388.1,9055.96,1.3,47.63,521.57,2388.07,8134.26,8.4369,0.03,394,2388,100.0,39.04,23.2346,102
23,67,0.0022,0.0003,100.0,518.67,642.77,1596.56,1410.85,14.62,21.61,554.15,2388.11,9054.48,1.3,47.68,520.99,2388.11,8130.31,8.438,0.03,392,2388,100.0,38.78,23.3285,101
23,68,0.0029,0.0003,100.0,518.67,642.91,1583.94,1410.18,14.62,21.61,553.12,2388.1,9057.62,1.3,47.65,521.75,2388.14,8128.05,8.4481,0.03,393,2388,100.0,38.93,23.3893,100
23,69,0.0011,0.0,100.0,518.67,642.8,1584.43,1410.89,14.62,21.61,553.08,2388.12,9048.64,1.3,47.53,521.71,2388.11,8125.7,8.4571,0.03,393,2388,100.0,38.88,23.3126,99
23,70,-0.0023,0.0,100.0,518.67,642.26,1587.32,1413.8,14.62,21.61,553.43,2388.16,9051.3,1.3,47.54,521.23,2388.13,8131.39,8.4782,0.03,393,2388,100.0,38.78,23.2904,98
23,71,-0.0038,-0.0,100.0,518.67,642.15,1595.21,1414.67,14.62,21.61,553.4,2388.13,9046.34,1.3,47.58,521.2,2388.16,8131.77,8.4194,0.03,393,2388,100.0,38.84,23.2611,97
23,72,-0.0013,-0.0001,100.0,518.67,642.98,1592.27,1413.44,14.62,21.61,552.66,2388.15,9052.28,1.3,47.59,521.12,2388.07,8133.7,8.4425,0.03,393,2388,100.0,38.82,23.2164,96
23,73,-0.001,0.0002,100.0,518.67,642.26,1592.66,1403.9,14.62,21.61,552.65,2388.12,9053.86,1.3,47.59,521.51,2388.12,8129.98,8.4757,0.03,395,2388,100.0,38.66,23.3539,95
23,74,-0.0017,-0.0005,100.0,518.67,642.31,1586.39,1416.03,14.62,21.61,553.72,2388.11,9053.05,1.3,47.54,521.27,2388.14,8127.25,8.4426,0.03,392,2388,100.0,38.8,23.1674,94
23,75,0.001,-0.0002,100.0,518.67,642.27,1587.7,1410.37,14.62,21.61,553.53,2388.11,9052.91,1.3,47.49,521.37,2388.14,8127.89,8.4771,0.03,393,2388,100.0,38.77,23.2959,93
23,76,-0.004,-0.0004,100.0,518.67,642.78,1585.81,1403.58,14.62,21.61,552.44,2388.13,9051.22,1.3,47.44,521.12,2388.14,8126.35,8.471,0.03,394,2388,100.0,38.79,23.302,92
23,77,0.0004,0.0004,100.0,518.67,642.56,1591.4,1411.43,14.62,21.61,552.83,2388.08,9052.15,1.3,47.77,521.1,2388.17,8130.16,8.4269,0.03,394,2388,100.0,38.85,23.3285,91
23,78,0.0016,0.0005,100.0,518.67,642.52,1590.03,1411.77,14.62,21.61,553.01,2388.1,9052.56,1.3,47.36,521.01,2388.16,8134.78,8.4152,0.03,394,2388,100.0,38.75,23.349,90
23,79,0.0009,-0.0001,100.0,518.67,643.01,1584.72,1406.23,14.62,21.61,553.77,2388.14,9048.58,1.3,47.39,520.93,2388.13,8130.18,8.4487,0.03,393,2388,100.0,38.82,23.2729,89
23,80,-0.0001,0.0002,100.0,518.67,642.57,1593.28,1408.52,14.62,21.61,552.86,2388.15,9047.91,1.3,47.44,521.09,2388.1,8135.21,8.4643,0.03,393,2388,100.0,38.8,23.4292,88
23,81,0.002,-0.0005,100.0,518.67,643.32,1596.52,1416.41,14.62,21.61,553.54,2388.08,9054.3,1.3,47.47,521.18,2388.1,8132.1,8.4335,0.03,392,2388,100.0,38.79,23.3065,87
23,82,0.0012,-0.0001,100.0,518.67,642.97,1589.27,1409.87,14.62,21.61,553.36,2388.12,9055.91,1.3,47.76,521.44,2388.1,8130.61,8.4378,0.03,393,2388,100.0,38.71,23.2611,86
23,83,0.0017,0.0002,100.0,518.67,642.69,1594.05,1414.47,14.62,21.61,553.44,2388.13,9056.6,1.3,47.55,521.2,2388.06,8130.16,8.415,0.03,394,2388,100.0,38.88,23.2775,85
23,84,0.0023,-0.0004,100.0,518.67,642.56,1591.83,1413.19,14.62,21.61,553.44,2388.13,9049.57,1.3,47.51,521.22,2388.06,8128.67,8.4377,0.03,392,2388,100.0,38.79,23.3171,84
23,85,-0.0016,0.0001,100.0,518.67,643.05,1592.83,1413.87,14.62,21.61,553.27,2388.12,9050.16,1.3,47.68,521.17,2388.15,8131.72,8.4211,0.03,392,2388,100.0,38.9,23.2718,83
23,86,-0.0011,0.0003,100.0,518.67,642.81,1593.35,1410.81,14.62,21.61,552.27,2388.11,9058.26,1.3,47.42,521.5,2388.16,8131.33,8.3961,0.03,394,2388,100.0,38.59,23.3429,82
23,87,-0.0014,-0.0004,100.0,518.67,643.14,1588.12,1407.46,14.62,21.61,553.0,2388.11,9049.48,1.3,47.53,521.96,2388.14,8127.62,8.476,0.03,393,2388,100.0,38.84,23.2281,81
23,88,0.0036,-0.0004,100.0,518.67,643.09,1597.31,1416.37,14.62,21.61,553.08,2388.17,9053.56,1.3,47.53,520.88,2388.11,8132.02,8.4006,0.03,394,2388,100.0,38.88,23.3296,80
23,89,0.0008,-0.0001,100.0,518.67,642.78,1584.04,1417.6,14.62,21.61,552.83,2388.09,9051.44,1.3,47.59,521.55,2388.1,8131.41,8.4498,0.03,393,2388,100.0,38.91,23.3059,79
23,90,0.0005,0.0,100.0,518.67,642.94,1592.6,1409.24,14.62,21.61,553.36,2388.09,9057.17,1.3,47.52,520.95,2388.16,8131.6,8.4761,0.03,394,2388,100.0,38.93,23.2136,78
23,91,0.0009,-0.0,100.0,518.67,643.32,1591.35,1412.63,14.62,21.61,553.12,2388.12,9052.04,1.3,47.51,521.31,2388.16,8131.98,8.4768,0.03,393,2388,100.0,38.85,23.2615,77
23,92,-0.0001,0.0004,100.0,518.67,642.81,1590.76,1414.95,14.62,21.61,552.76,2388.14,9049.24,1.3,47.58,521.15,2388.15,8123.74,8.4513,0.03,393,2388,100.0,38.67,23.2467,76
23,93,0.0012,0.0002,100.0,518.67,642.95,1587.76,1403.73,14.62,21.61,553.25,2388.13,9050.85,1.3,47.59,521.42,2388.14,8131.37,8.4084,0.03,393,2388,100.0,38.9,23.2153,75
23,94,-0.0041,0.0002,100.0,518.67,642.5,1583.85,1411.65,14.62,21.61,553.16,2388.14,9049.15,1.3,47.5,521.17,2388.12,8132.86,8.4513,0.03,393,2388,100.0,38.89,23.2676,74
23,95,-0.0008,-0.0002,100.0,518.67,642.65,1596.54,1414.12,14.62,21.61,552.83,2388.14,9054.5,1.3,47.8,521.44,2388.09,8131.68,8.4662,0.03,393,2388,100.0,38.85,23.2618,73
23,96,0.0011,-0.0002,100.0,518.67,642.78,1586.86,1414.32,14.62,21.61,553.12,2388.1,9052.8,1.3,47.66,521.07,2388.1,8131.91,8.4466,0.03,394,2388,100.0,38.59,23.311,72
23,97,-0.0005,-0.0002,100.0,518.67,642.95,1597.85,1411.17,14.62,21.61,553.75,2388.12,9054.56,1.3,47.47,521.49,2388.12,8132.77,8.4212,0.03,392,2388,100.0,38.81,23.316,71
23,98,0.0018,0.0001,100.0,518.67,642.97,1589.03,1411.32,14.62,21.61,553.16,2388.1,9053.25,1.3,47.71,520.9,2388.14,8132.49,8.4443,0.03,394,2388,100.0,38.89,23.2683,70
23,99,-0.0033,0.0001,100.0,518.67,642.66,1588.42,1416.24,14.62,21.61,552.51,2388.12,9049.62,1.3,47.55,521.01,2388.14,8132.85,8.4248,0.03,395,2388,100.0,38.72,23.3109,69
23,100,0.003,0.0001,100.0,518.67,642.51,1597.34,1411.17,14.62,21.61,552.53,2388.13,9053.52,1.3,47.6,520.72,2388.17,8127.39,8.4709,0.03,394,2388,100.0,38.84,23.1504,68
23,101,0.0027,-0.0001,100.0,518.67,642.66,1584.07,1411.65,14.62,21.61,552.81,2388.15,9051.11,1.3,47.65,520.67,2388.08,8131.79,8.4495,0.03,394,2388,100.0,38.62,23.2358,67
23,102,-0.0015,-0.0001,100.0,518.67,643.46,1597.43,1410.54,14.62,21.61,553.28,2388.17,9060.35,1.3,47.67,520.58,2388.17,8129.68,8.4699,0.03,393,2388,100.0,38.76,23.3359,66
23,103,-0.0002,-0.0004,100.0,518.67,643.03,1595.8,1410.13,14.62,21.61,553.38,2388.13,9053.35,1.3,47.75,521.38,2388.1,8133.05,8.4654,0.03,395,2388,100.0,38.73,23.3199,65
23,104,-0.0013,0.0005,100.0,518.67,643.53,1594.62,1412.36,14.62,21.61,553.36,2388.18,9045.86,1.3,47.67,521.02,2388.11,8131.91,8.4457,0.03,393,2388,100.0,38.66,23.2528,64
23,105,0.0017,0.0002,100.0,518.67,641.97,1587.46,1408.99,14.62,21.61,552.8,2388.16,9059.07,1.3,47.67,521.66,2388.14,8135.8,8.4433,0.03,394,2388,100.0,38.75,23.1725,63
23,106,0.0022,0.0002,100.0,518.67,642.36,1589.54,1409.59,14.62,21.61,553.77,2388.15,9047.79,1.3,47.58,521.17,2388.16,8128.87,8.4745,0.03,394,2388,100.0,38.78,23.2059,62
23,107,0.0023,-0.0005,100.0,518.67,643.19,1590.84,1402.95,14.62,21.61,552.05,2388.12,9054.98,1.3,47.65,520.91,2388.16,8132.0,8.4871,0.03,395,2388,100.0,38.75,23.1456,61
23,108,-0.0001,0.0001,100.0,518.67,642.99,1587.6,1418.25,14.62,21.61,552.8,2388.15,9052.23,1.3,47.44,521.34,2388.14,8132.73,8.4655,0.03,394,2388,100.0,38.69,23.3569,60
23,109,-0.0014,0.0004,100.0,518.67,643.11,1590.66,1410.86,14.62,21.61,553.44,2388.14,9057.6,1.3,47.49,521.6,2388.14,8130.49,8.4724,0.03,394,2388,100.0,38.76,23.1946,59
23,110,0.0011,0.0004,100.0,518.67,642.98,1595.98,1410.77,14.62,21.61,552.78,2388.13,9051.41,1.3,47.62,521.14,2388.13,8128.2,8.4721,0.03,394,2388,100.0,38.81,23.3551,58
23,111,0.0004,-0.0004,100.0,518.67,643.15,1590.25,1416.07,14.62,21.61,552.51,2388.16,9049.77,1.3,47.79,520.93,2388.15,8131.71,8.4583,0.03,394,2388,100.0,38.76,23.3043,57
23,112,0.0021,0.0005,100.0,518.67,642.9,1589.88,1410.86,14.62,21.61,553.27,2388.17,9051.29,1.3,47.67,521.04,2388.11,8127.38,8.4788,0.03,393,2388,100.0,38.59,23.2557,56
23,113,-0.0024,-0.0005,100.0,518.67,642.87,1597.22,1409.09,14.62,21.61,552.99,2388.11,9055.36,1.3,47.74,520.61,2388.1,8130.92,8.4798,0.03,395,2388,100.0,38.71,23.2625,55
23,114,-0.0035,-0.0003,100.0,518.67,643.1,1593.12,1414.18,14.62,21.61,553.73,2388.19,9053.79,1.3,47.95,520.78,2388.19,8128.59,8.4209,0.03,394,2388,100.0,38.83,23.2317,54
23,115,0.0025,-0.0004,100.0,518.67,643.48,1595.84,1410.73,14.62,21.61,552.35,2388.12,9055.15,1.3,47.63,520.53,2388.14,8133.46,8.4349,0.03,394,2388,100.0,38.75,23.2762,53
23,116,-0.0024,-0.0003,100.0,518.67,643.51,1592.55,1414.56,14.62,21.61,552.02,2388.16,9049.71,1.3,47.61,521.25,2388.19,8131.21,8.464,0.03,394,2388,100.0,38.59,23.1785,52
23,117,-0.0002,-0.0001,100.0,518.67,643.36,1592.36,1414.99,14.62,21.61,553.3,2388.17,9056.58,1.3,47.76,520.93,2388.19,8127.31,8.4751,0.03,394,2388,100.0,38.49,23.2055,51
23,118,0.0032,-0.0,100.0,518.67,643.08,1602.27,1410.78,14.62,21.61,553.27,2388.11,9061.19,1.3,47.87,521.19,2388.19,8129.42,8.4462,0.03,393,2388,100.0,38.64,23.1884,50
23,119,0.0011,0.0002,100.0,518.67,642.86,1592.32,1414.62,14.62,21.61,552.5,2388.17,9056.01,1.3,47.49,520.79,2388.18,8136.19,8.4592,0.03,395,2388,100.0,38.67,23.269,49
23,120,0.0008,-0.0001,100.0,518.67,642.92,1590.62,1419.23,14.62,21.61,553.01,2388.12,9044.89,1.3,47.6,520.54,2388.19,8129.26,8.4982,0.03,394,2388,100.0,38.65,23.2834,48
23,121,0.0017,-0.0003,100.0,518.67,643.11,1589.52,1412.41,14.62,21.61,553.03,2388.15,9060.11,1.3,47.55,520.32,2388.17,8134.06,8.4568,0.03,394,2388,100.0,38.69,23.2224,47
23,122,-0.0012,0.0004,100.0,518.67,642.9,1595.64,1422.23,14.62,21.61,553.62,2388.2,9049.1,1.3,47.64,520.97,2388.14,8132.97,8.4647,0.03,391,2388,100.0,38.48,23.2529,46
23,123,-0.0024,-0.0002,100.0,518.67,643.13,1592.83,1415.11,14.62,21.61,552.65,2388.21,9060.1,1.3,47.71,520.39,2388.2,8132.4,8.4797,0.03,394,2388,100.0,38.82,23.2799,45
23,124,-0.0023,0.0002,100.0,518.67,643.34,1598.27,1416.52,14.62,21.61,552.74,2388.18,9050.4,1.3,47.74,521.14,2388.16,8132.1,8.4341,0.03,395,2388,100.0,38.75,23.1822,44
23,125,0.0025,0.0001,100.0,518.67,643.24,1588.55,1414.91,14.62,21.61,553.81,2388.19,9056.65,1.3,47.76,520.99,2388.18,8127.56,8.4222,0.03,394,2388,100.0,38.68,23.2659,43
23,126,-0.0055,0.0002,100.0,518.67,643.03,1594.63,1415.43,14.62,21.61,552.66,2388.16,9050.87,1.3,47.84,520.54,2388.14,8130.54,8.4879,0.03,395,2388,100.0,38.78,23.1621,42
23,127,-0.0023,-0.0003,100.0,518.67,642.87,1595.38,1413.07,14.62,21.61,552.58,2388.19,9047.1,1.3,47.66,520.73,2388.22,8126.85,8.4685,0.03,395,2388,100.0,38.73,23.2651,41
23,128,0.0033,-0.0004,100.0,518.67,642.55,1595.89,1416.63,14.62,21.61,552.05,2388.2,9051.55,1.3,47.75,520.59,2388.17,8125.75,8.4614,0.03,394,2388,100.0,38.65,23.2851,40
23,129,0.0013,0.0004,100.0,518.67,642.9,1597.07,1422.22,14.62,21.61,552.09,2388.17,9057.76,1.3,47.75,520.24,2388.16,8132.31,8.455,0.03,394,2388,100.0,38.54,23.1727,39
23,130,-0.002,0.0004,100.0,518.67,643.18,1593.42,1418.62,14.62,21.61,552.02,2388.14,9051.39,1.3,47.64,520.5,2388.19,8136.74,8.4823,0.03,394,2388,100.0,38.51,23.1145,38
23,131,-0.0023,0.0002,100.0,518.67,643.45,1596.12,1418.25,14.62,21.61,552.0,2388.16,9058.33,1.3,47.9,520.5,2388.2,8131.45,8.4778,0.03,395,2388,100.0,38.67,23.2029,37
23,132,0.0051,-0.0004,100.0,518.67,643.69,1600.99,1415.1,14.62,21.61,552.9,2388.15,9051.01,1.3,47.68,520.67,2388.14,8124.82,8.4877,0.03,395,2388,100.0,38.56,23.1629,36
23,133,-0.0023,0.0001,100.0,518.67,642.74,1596.68,1421.33,14.62,21.61,552.41,2388.16,9053.03,1.3,47.92,520.57,2388.22,8132.74,8.4668,0.03,393,2388,100.0,38.6,23.2084,35
23,134,-0.0028,0.0002,100.0,518.67,642.79,1589.93,1413.03,14.62,21.61,552.76,2388.2,9054.54,1.3,47.72,520.64,2388.17,8133.92,8.486,0.03,394,2388,100.0,38.62,23.1834,34
23,135,0.0001,0.0001,100.0,518.67,643.16,1596.17,1411.73,14.62,21.61,552.38,2388.23,9050.62,1.3,47.77,520.47,2388.2,8129.93,8.4896,0.03,394,2388,100.0,38.62,23.1722,33
23,136,0.0013,0.0001,100.0,518.67,643.45,1594.78,1418.41,14.62,21.61,553.03,2388.16,9057.7,1.3,47.96,520.66,2388.19,8128.5,8.5144,0.03,395,2388,100.0,38.62,23.242,32
23,137,0.0002,0.0004,100.0,518.67,643.0,1593.2,1412.75,14.62,21.61,552.13,2388.21,9058.81,1.3,47.87,520.49,2388.18,8129.55,8.4394,0.03,397,2388,100.0,38.84,23.2398,31
23,138,0.0028,-0.0004,100.0,518.67,643.3,1600.93,1419.12,14.62,21.61,552.41,2388.16,9052.86,1.3,47.94,521.02,2388.18,8133.11,8.51,0.03,394,2388,100.0,38.43,23.1726,30
23,139,0.0026,-0.0002,100.0,518.67,643.18,1597.69,1417.59,14.62,21.61,551.65,2388.25,9050.79,1.3,47.87,520.22,2388.17,8133.93,8.4864,0.03,395,2388,100.0,38.64,23.125,29
23,140,-0.0035,-0.0003,100.0,518.67,643.43,1594.82,1410.37,14.62,21.61,552.11,2388.14,9060.29,1.3,47.9,520.93,2388.17,8127.31,8.4701,0.03,394,2388,100.0,38.41,23.2149,28
23,141,-0.0012,0.0001,100.0,518.67,643.2,1603.27,1414.31,14.62,21.61,551.95,2388.2,9055.86,1.3,47.77,520.5,2388.25,8132.49,8.4582,0.03,393,2388,100.0,38.56,23.2728,27
23,142,-0.0002,0.0001,100.0,518.67,643.07,1599.03,1420.17,14.62,21.61,552.41,2388.21,9052.9,1.3,48.06,520.61,2388.18,8128.68,8.4649,0.03,393,2388,100.0,38.66,23.0967,26
23,143,-0.0021,-0.0001,100.0,518.67,642.97,1594.65,1419.25,14.62,21.61,551.66,2388.19,9053.52,1.3,47.79,520.04,2388.22,8128.28,8.5041,0.03,395,2388,100.0,38.6,23.1501,25
23,144,-0.0037,-0.0002,100.0,518.67,643.01,1594.32,1423.07,14.62,21.61,552.51,2388.22,9055.63,1.3,47.99,520.87,2388.18,8128.28,8.4866,0.03,395,2388,100.0,38.52,23.1761,24
23,145,0.0036,0.0002,100.0,518.67,643.33,1594.2,1415.71,14.62,21.61,552.2,2388.19,9055.5,1.3,48.01,520.44,2388.19,8124.9,8.4874,0.03,396,2388,100.0,38.69,23.1258,23
23,146,0.0004,0.0005,100.0,518.67,643.61,1594.1,1421.26,14.62,21.61,552.72,2388.21,9058.69,1.3,47.97,520.36,2388.26,8127.21,8.4939,0.03,396,2388,100.0,38.45,23.1684,22
23,147,0.001,0.0001,100.0,518.67,643.49,1596.31,1424.51,14.62,21.61,551.71,2388.21,9050.41,1.3,47.93,520.94,2388.18,8130.95,8.4698,0.03,395,2388,100.0,38.64,23.1885,21
23,148,0.002,-0.0001,100.0,518.67,643.46,1597.1,1422.95,14.62,21.61,552.05,2388.22,9054.02,1.3,48.03,519.77,2388.22,8130.24,8.5058,0.03,395,2388,100.0,38.66,23.1745,20
23,149,-0.0023,0.0003,100.0,518.67,643.2,1600.07,1422.14,14.62,21.61,551.7,2388.23,9045.97,1.3,47.95,520.36,2388.2,8130.33,8.4874,0.03,395,2388,100.0,38.5,23.0865,19
23,150,-0.0025,0.0005,100.0,518.67,643.25,1592.41,1423.0,14.62,21.61,551.38,2388.26,9051.55,1.3,48.01,520.18,2388.2,8126.7,8.4419,0.03,396,2388,100.0,38.54,23.043,18
23,151,0.0001,0.0002,100.0,518.67,643.44,1602.4,1425.55,14.62,21.61,551.72,2388.23,9059.81,1.3,47.88,520.22,2388.23,8132.35,8.5021,0.03,395,2388,100.0,38.63,23.1031,17
23,152,0.0003,-0.0002,100.0,518.67,642.96,1598.41,1420.2,14.62,21.61,551.87,2388.23,9060.07,1.3,48.07,519.93,2388.25,8131.58,8.4888,0.03,396,2388,100.0,38.41,23.1321,16
23,153,-0.0006,-0.0002,100.0,518.67,643.44,1604.51,1424.57,14.62,21.61,551.58,2388.23,9058.46,1.3,47.87,520.76,2388.21,8129.64,8.5274,0.03,396,2388,100.0,38.86,23.0991,15
23,154,-0.0001,-0.0004,100.0,518.67,643.55,1595.98,1429.64,14.62,21.61,551.55,2388.23,9060.39,1.3,48.08,519.86,2388.2,8127.58,8.4979,0.03,395,2388,100.0,38.5,23.1401,14
23,155,0.002,0.0003,100.0,518.67,643.03,1598.15,1423.94,14.62,21.61,552.15,2388.22,9052.52,1.3,48.12,520.5,2388.21,8129.99,8.4805,0.03,395,2388,100.0,38.59,23.1968,13
23,156,0.0036,-0.0,100.0,518.67,643.24,1596.66,1425.52,14.62,21.61,552.1,2388.3,9058.96,1.3,47.9,520.01,2388.24,8127.52,8.4631,0.03,393,2388,100.0,38.67,23.1932,12
23,157,0.0003,0.0004,100.0,518.67,643.29,1604.68,1426.83,14.62,21.61,552.6,2388.29,9061.3,1.3,48.05,519.76,2388.2,8124.77,8.5077,0.03,397,2388,100.0,38.51,23.1551,11
23,158,-0.0013,-0.0001,100.0,518.67,643.27,1598.58,1425.76,14.62,21.61,551.77,2388.24,9061.7,1.3,48.15,519.91,2388.26,8128.57,8.4752,0.03,396,2388,100.0,38.31,23.0834,10
23,159,0.0026,-0.0002,100.0,518.67,643.77,1599.79,1432.24,14.62,21.61,551.84,2388.28,9063.89,1.3,48.07,520.52,2388.24,8128.1,8.5183,0.03,397,2388,100.0,38.33,23.1688,9
23,160,0.001,0.0002,100.0,518.67,643.51,1601.65,1421.6,14.62,21.61,551.59,2388.24,9054.66,1.3,48.1,520.6,2388.27,8129.37,8.498,0.03,397,2388,100.0,38.4,23.1373,8
23,161,-0.0017,-0.0002,100.0,518.67,643.93,1595.92,1422.2,14.62,21.61,551.66,2388.31,9064.58,1.3,48.12,520.14,2388.27,8132.69,8.5325,0.03,395,2388,100.0,38.38,23.1142,7
23,162,-0.0041,-0.0004,100.0,518.67,643.22,1603.35,1427.07,14.62,21.61,551.82,2388.22,9063.98,1.3,48.03,519.58,2388.29,8130.19,8.5626,0.03,397,2388,100.0,38.66,23.1499,6
23,163,0.0021,0.0005,100.0,518.67,643.58,1597.26,1424.4,14.62,21.61,551.72,2388.27,9049.13,1.3,48.12,520.51,2388.25,8133.24,8.5085,0.03,397,2388,100.0,38.49,23.0826,5
23,164,0.0009,0.0001,100.0,518.67,643.52,1600.25,1426.59,14.62,21.61,551.33,2388.3,9058.38,1.3,48.12,519.48,2388.26,8136.45,8.5117,0.03,396,2388,100.0,38.23,23.2024,4
23,165,0.0034,0.0003,100.0,518.67,643.71,1598.78,1425.41,14.62,21.61,551.41,2388.31,9058.02,1.3,48.17,520.53,2388.25,8127.93,8.5116,0.03,397,2388,100.0,38.62,23.1106,3
23,166,0.0003,0.0004,100.0,518.67,644.07,1598.2,1431.62,14.62,21.61,551.45,2388.32,9060.28,1.3,48.08,519.49,2388.25,8124.49,8.4708,0.03,396,2388,100.0,38.37,23.1147,2
23,167,0.0037,0.0002,100.0,518.67,643.76,1603.61,1431.6,14.62,21.61,550.78,2388.27,9057.35,1.3,48.02,519.22,2388.27,8129.57,8.5071,0.03,397,2388,100.0,38.37,23.0965,1
23,168,-0.0007,0.0002,100.0,518.67,643.32,1604.16,1431.69,14.62,21.61,551.26,2388.26,9059.37,1.3,48.19,519.71,2388.36,8127.93,8.5169,0.03,397,2388,100.0,38.32,22.9071,0
24,1,0.0008,-0.0004,100.0,518.67,642.17,1587.9,1403.12,14.62,21.61,554.0,2388.07,9066.64,1.3,47.1,522.08,2388.0,8146.09,8.403,0.03,391,2388,100.0,39.08,23.3594,146
24,2,0.0017,0.0001,100.0,518.67,642.0,1583.5,1394.49,14.62,21.61,554.09,2387.96,9059.99,1.3,47.17,522.26,2388.03,8144.87,8.4018,0.03,392,2388,100.0,38.93,23.5059,145
24,3,0.0,-0.0002,100.0,518.67,642.43,1587.55,1399.37,14.62,21.61,554.49,2388.05,9068.46,1.3,47.37,522.32,2388.01,8141.34,8.4485,0.03,390,2388,100.0,38.82,23.3265,144
24,4,0.0011,0.0002,100.0,518.67,642.79,1587.68,1403.17,14.62,21.61,553.99,2388.05,9063.2,1.3,47.26,522.6,2387.97,8146.51,8.4061,0.03,393,2388,100.0,39.0,23.4368,143
24,5,0.0001,0.0003,100.0,518.67,642.49,1579.15,1398.93,14.62,21.61,553.73,2388.02,9059.16,1.3,47.35,521.71,2387.99,8146.21,8.4659,0.03,393,2388,100.0,38.82,23.364,142
24,6,0.0004,0.0002,100.0,518.67,642.65,1583.39,1403.43,14.62,21.61,554.83,2388.06,9060.0,1.3,47.15,522.07,2388.05,8138.36,8.3908,0.03,391,2388,100.0,38.92,23.3192,141
24,7,-0.0033,0.0001,100.0,518.67,642.71,1582.08,1401.82,14.62,21.61,553.9,2388.09,9051.18,1.3,47.06,522.48,2388.0,8144.22,8.4266,0.03,392,2388,100.0,38.89,23.4144,140
24,8,0.0023,-0.0004,100.0,518.67,642.37,1591.51,1403.71,14.62,21.61,553.78,2387.97,9070.06,1.3,47.25,521.91,2387.99,8143.16,8.4075,0.03,391,2388,100.0,38.95,23.3935,139
24,9,-0.0042,0.0002,100.0,518.67,642.05,1584.67,1400.66,14.62,21.61,554.07,2388.04,9062.91,1.3,47.32,522.16,2388.02,8140.55,8.4071,0.03,392,2388,100.0,38.94,23.5244,138
24,10,0.0023,-0.0004,100.0,518.67,642.36,1593.63,1404.16,14.62,21.6,553.85,2388.04,9068.35,1.3,47.47,521.96,2388.03,8146.51,8.41,0.03,392,2388,100.0,38.99,23.2652,137
24,11,-0.0029,-0.0003,100.0,518.67,642.58,1586.85,1398.8,14.62,21.61,554.66,2388.03,9064.46,1.3,47.33,522.34,2388.05,8142.67,8.3771,0.03,392,2388,100.0,38.98,23.3489,136
24,12,-0.0035,-0.0003,100.0,518.67,642.61,1589.01,1395.95,14.62,21.61,554.08,2388.04,9070.02,1.3,47.23,522.46,2388.01,8148.23,8.4139,0.03,392,2388,100.0,38.85,23.4507,135
24,13,0.003,-0.0001,100.0,518.67,642.54,1583.57,1406.37,14.62,21.61,554.01,2387.99,9060.8,1.3,47.27,521.95,2388.04,8142.55,8.4126,0.03,394,2388,100.0,38.8,23.4197,134
24,14,0.0007,-0.0004,100.0,518.67,642.44,1591.83,1396.63,14.62,21.61,554.16,2388.06,9065.31,1.3,47.26,522.18,2388.03,8143.19,8.4313,0.03,391,2388,100.0,38.98,23.3812,133
24,15,-0.0002,-0.0004,100.0,518.67,641.95,1585.53,1400.18,14.62,21.61,553.82,2388.03,9069.69,1.3,47.34,522.35,2388.06,8146.39,8.3905,0.03,392,2388,100.0,38.85,23.4346,132
24,16,-0.0,-0.0005,100.0,518.67,642.19,1591.68,1400.99,14.62,21.61,554.38,2388.04,9063.71,1.3,47.52,521.62,2388.03,8138.79,8.4051,0.03,391,2388,100.0,39.01,23.3267,131
24,17,0.0025,-0.0005,100.0,518.67,642.07,1588.87,1403.73,14.62,21.61,554.54,2388.02,9071.82,1.3,47.41,521.76,2388.04,8137.4,8.4259,0.03,392,2388,100.0,38.81,23.3594,130
24,18,-0.0,0.0003,100.0,518.67,642.42,1591.25,1397.63,14.62,21.61,554.09,2388.01,9068.1,1.3,47.19,522.07,2388.01,8144.2,8.4163,0.03,393,2388,100.0,38.86,23.4568,129
24,19,0.0007,-0.0003,100.0,518.67,642.69,1585.85,1395.7,14.62,21.6,554.14,2388.02,9064.97,1.3,47.26,521.89,2388.01,8147.39,8.4354,0.03,392,2388,100.0,39.09,23.3865,128
24,20,-0.001,0.0002,100.0,518.67,642.37,1587.49,1398.86,14.62,21.61,554.34,2388.08,9065.66,1.3,47.13,521.69,2388.08,8144.84,8.4135,0.03,392,2388,100.0,39.13,23.3214,127
24,21,0.0006,-0.0002,100.0,518.67,642.28,1591.12,1398.91,14.62,21.61,554.48,2388.01,9066.81,1.3,47.26,522.13,2388.02,8140.61,8.3914,0.03,391,2388,100.0,39.0,23.3588,126
24,22,-0.0023,0.0,100.0,518.67,642.15,1582.61,1397.73,14.62,21.61,554.3,2388.04,9060.34,1.3,47.07,521.87,2388.02,8145.95,8.3933,0.03,392,2388,100.0,38.9,23.2522,125
24,23,0.0009,-0.0005,100.0,518.67,642.4,1589.02,1397.58,14.62,21.61,554.03,2388.06,9063.61,1.3,47.25,521.77,2388.07,8141.79,8.4247,0.03,392,2388,100.0,38.86,23.3984,124
24,24,-0.0002,0.0002,100.0,518.67,642.3,1588.03,1408.87,14.62,21.61,555.07,2388.0,9064.8,1.3,47.25,522.15,2388.07,8148.24,8.3969,0.03,392,2388,100.0,39.0,23.4527,123
24,25,-0.0045,0.0,100.0,518.67,642.06,1585.43,1401.12,14.62,21.61,554.12,2388.05,9060.62,1.3,47.28,522.41,2388.01,8145.21,8.3795,0.03,392,2388,100.0,38.84,23.3955,122
24,26,0.0007,-0.0003,100.0,518.67,642.3,1588.92,1400.68,14.62,21.61,554.67,2388.1,9064.13,1.3,47.56,521.77,2388.04,8149.87,8.3807,0.03,392,2388,100.0,39.02,23.3911,121
24,27,-0.0002,-0.0001,100.0,518.67,642.03,1590.31,1401.05,14.62,21.61,554.24,2388.08,9066.94,1.3,47.32,521.63,2387.99,8146.69,8.4146,0.03,393,2388,100.0,38.94,23.3673,120
24,28,0.0013,-0.0005,100.0,518.67,642.01,1587.34,1400.39,14.62,21.61,553.03,2388.06,9063.63,1.3,47.28,521.63,2388.0,8145.09,8.4249,0.03,393,2388,100.0,38.91,23.3878,119
24,29,0.0001,0.0002,100.0,518.67,642.74,1587.78,1397.77,14.62,21.61,554.34,2388.01,9066.63,1.3,47.18,522.52,2388.07,8141.6,8.4287,0.03,392,2388,100.0,39.16,23.3126,118
24,30,-0.0022,0.0004,100.0,518.67,642.6,1585.12,1403.37,14.62,21.61,553.54,2388.0,9052.18,1.3,47.37,522.17,2388.02,8138.63,8.4284,0.03,393,2388,100.0,38.9,23.3928,117
24,31,0.0009,-0.0001,100.0,518.67,642.52,1590.29,1403.23,14.62,21.61,554.57,2388.01,9063.78,1.3,47.31,521.91,2388.01,8144.82,8.408,0.03,393,2388,100.0,38.85,23.426,116
24,32,0.0005,-0.0,100.0,518.67,642.03,1589.62,1407.47,14.62,21.61,553.35,2388.04,9063.74,1.3,47.29,522.17,2388.04,8142.12,8.3844,0.03,391,2388,100.0,39.14,23.3081,115
24,33,0.0005,-0.0002,100.0,518.67,642.56,1581.33,1406.88,14.62,21.61,553.72,2388.06,9063.2,1.3,47.28,522.08,2387.99,8144.38,8.4602,0.03,392,2388,100.0,39.01,23.2799,114
24,34,0.0019,0.0003,100.0,518.67,641.62,1587.05,1405.23,14.62,21.61,554.27,2388.03,9056.15,1.3,47.25,522.05,2388.0,8150.91,8.414,0.03,392,2388,100.0,38.87,23.3871,113
24,35,-0.002,-0.0004,100.0,518.67,642.22,1586.2,1401.04,14.62,21.61,554.52,2387.99,9061.93,1.3,47.37,522.26,2388.07,8149.02,8.4339,0.03,393,2388,100.0,38.93,23.2939,112
24,36,-0.0027,0.0003,100.0,518.67,642.49,1590.94,1407.83,14.62,21.61,554.28,2388.01,9060.37,1.3,47.24,521.7,2388.04,8145.12,8.4116,0.03,392,2388,100.0,39.0,23.2791,111
24,37,0.001,-0.0004,100.0,518.67,641.96,1589.53,1391.9,14.62,21.61,554.41,2388.05,9054.24,1.3,47.24,522.0,2388.03,8148.96,8.3999,0.03,392,2388,100.0,39.1,23.3709,110
24,38,-0.0015,-0.0002,100.0,518.67,642.64,1590.99,1403.92,14.62,21.61,554.41,2388.04,9062.29,1.3,47.36,522.18,2388.08,8144.05,8.4231,0.03,394,2388,100.0,38.97,23.4177,109
24,39,-0.0015,0.0004,100.0,518.67,642.36,1588.79,1407.39,14.62,21.61,554.43,2388.0,9067.18,1.3,47.32,522.14,2388.04,8142.88,8.4425,0.03,392,2388,100.0,38.92,23.3965,108
24,40,0.0049,0.0002,100.0,518.67,642.34,1581.68,1396.83,14.62,21.61,554.05,2388.06,9059.43,1.3,47.26,521.76,2388.02,8145.0,8.4201,0.03,394,2388,100.0,38.94,23.5132,107
24,41,-0.0032,-0.0,100.0,518.67,642.6,1587.39,1407.93,14.62,21.61,554.18,2388.06,9064.1,1.3,47.37,522.25,2388.02,8143.5,8.436,0.03,390,2388,100.0,38.88,23.3587,106
24,42,-0.0004,0.0002,100.0,518.67,643.26,1586.45,1408.61,14.62,21.61,554.07,2388.06,9064.75,1.3,47.28,522.39,2388.05,8138.11,8.4103,0.03,392,2388,100.0,39.1,23.4542,105
24,43,0.0024,-0.0002,100.0,518.67,641.84,1589.08,1405.49,14.62,21.61,554.26,2388.05,9062.2,1.3,47.13,521.86,2388.03,8141.11,8.4227,0.03,394,2388,100.0,39.07,23.3482,104
24,44,-0.0005,-0.0004,100.0,518.67,642.05,1587.93,1402.84,14.62,21.61,554.55,2388.05,9069.5,1.3,47.11,522.09,2387.99,8148.92,8.401,0.03,390,2388,100.0,39.0,23.3801,103
24,45,0.0001,0.0,100.0,518.67,642.61,1587.72,1397.75,14.62,21.61,554.03,2388.05,9067.01,1.3,47.13,522.12,2388.03,8141.39,8.4133,0.03,393,2388,100.0,38.91,23.3466,102
24,46,0.0012,0.0003,100.0,518.67,642.04,1585.95,1403.61,14.62,21.61,554.54,2388.06,9061.18,1.3,47.57,522.14,2388.03,8144.0,8.4453,0.03,392,2388,100.0,38.79,23.3287,101
24,47,0.002,-0.0005,100.0,518.67,642.37,1587.39,1404.69,14.62,21.61,553.58,2388.03,9056.42,1.3,47.29,522.24,2388.06,8143.99,8.4129,0.03,394,2388,100.0,38.98,23.4506,100
24,48,0.0002,0.0001,100.0,518.67,642.41,1583.04,1407.63,14.62,21.61,553.47,2388.0,9065.83,1.3,47.4,521.99,2388.03,8142.25,8.3916,0.03,395,2388,100.0,39.06,23.3988,99
24,49,0.0006,0.0003,100.0,518.67,642.05,1591.53,1405.48,14.62,21.61,554.14,2388.07,9057.89,1.3,47.23,521.37,2388.03,8148.84,8.4254,0.03,393,2388,100.0,38.87,23.3605,98
24,50,0.0003,-0.0004,100.0,518.67,642.19,1588.34,1400.57,14.62,21.61,553.66,2388.01,9064.85,1.3,47.25,521.52,2388.02,8141.43,8.4201,0.03,394,2388,100.0,39.01,23.3177,97
24,51,0.0012,-0.0002,100.0,518.67,642.24,1587.1,1404.95,14.62,21.61,553.75,2388.1,9061.01,1.3,47.47,522.56,2387.97,8145.11,8.4279,0.03,393,2388,100.0,39.01,23.3056,96
24,52,-0.0022,0.0003,100.0,518.67,642.62,1588.96,1401.6,14.62,21.61,553.86,2388.07,9066.67,1.3,47.28,522.09,2388.0,8136.07,8.4314,0.03,391,2388,100.0,39.04,23.1962,95
24,53,-0.0004,-0.0001,100.0,518.67,642.41,1588.59,1402.16,14.62,21.61,554.01,2388.08,9064.1,1.3,47.41,521.84,2388.02,8143.15,8.4309,0.03,391,2388,100.0,38.98,23.4453,94
24,54,-0.0015,-0.0003,100.0,518.67,642.44,1582.24,1400.91,14.62,21.61,554.02,2388.05,9066.28,1.3,47.49,521.7,2388.05,8141.15,8.3712,0.03,392,2388,100.0,38.9,23.4548,93
24,55,-0.0061,-0.0003,100.0,518.67,642.11,1588.14,1400.03,14.62,21.61,553.89,2388.03,9068.77,1.3,47.32,521.66,2388.06,8143.96,8.4187,0.03,393,2388,100.0,38.66,23.5099,92
24,56,0.0049,-0.0,100.0,518.67,642.6,1585.77,1405.08,14.62,21.61,555.09,2388.08,9061.05,1.3,47.29,521.75,2388.06,8142.83,8.4316,0.03,394,2388,100.0,39.04,23.3128,91
24,57,-0.0025,0.0002,100.0,518.67,642.83,1589.13,1405.98,14.62,21.61,554.13,2387.97,9061.08,1.3,47.43,521.48,2388.05,8144.91,8.4469,0.03,392,2388,100.0,38.92,23.2483,90
24,58,-0.0021,-0.0004,100.0,518.67,642.3,1584.08,1402.37,14.62,21.61,553.96,2388.04,9061.72,1.3,47.29,521.49,2388.06,8144.77,8.403,0.03,392,2388,100.0,38.75,23.3011,89
24,59,-0.0007,0.0001,100.0,518.67,642.49,1587.03,1402.82,14.62,21.61,554.33,2388.05,9067.53,1.3,47.44,522.35,2388.01,8139.9,8.4218,0.03,392,2388,100.0,38.85,23.3302,88
24,60,-0.0002,-0.0005,100.0,518.67,642.42,1584.66,1400.81,14.62,21.61,553.86,2388.02,9057.66,1.3,47.45,521.94,2388.05,8143.0,8.3957,0.03,393,2388,100.0,38.86,23.3398,87
24,61,0.0028,0.0004,100.0,518.67,642.76,1588.77,1400.3,14.62,21.61,553.82,2388.05,9067.82,1.3,47.56,521.69,2388.08,8142.72,8.4141,0.03,393,2388,100.0,39.06,23.3946,86
24,62,-0.0015,-0.0003,100.0,518.67,642.3,1587.58,1404.53,14.62,21.61,553.62,2388.06,9063.23,1.3,47.21,521.82,2388.08,8143.81,8.4003,0.03,393,2388,100.0,38.94,23.3958,85
24,63,-0.0007,-0.0005,100.0,518.67,642.7,1589.25,1408.4,14.62,21.61,554.72,2388.06,9057.11,1.3,47.38,521.89,2387.99,8141.17,8.4265,0.03,394,2388,100.0,38.85,23.3199,84
24,64,-0.005,-0.0003,100.0,518.67,642.98,1583.03,1399.33,14.62,21.61,553.98,2388.07,9057.35,1.3,47.45,521.52,2388.08,8141.11,8.3952,0.03,393,2388,100.0,38.83,23.4016,83
24,65,-0.0,0.0004,100.0,518.67,642.6,1587.32,1405.48,14.62,21.61,553.88,2388.09,9062.61,1.3,47.28,521.69,2388.11,8137.22,8.4181,0.03,393,2388,100.0,38.81,23.2913,82
24,66,0.0008,-0.0003,100.0,518.67,642.44,1588.16,1401.97,14.62,21.61,554.22,2388.01,9060.68,1.3,47.27,521.29,2388.05,8144.87,8.4125,0.03,391,2388,100.0,38.94,23.2961,81
24,67,-0.0011,0.0001,100.0,518.67,643.06,1590.24,1399.31,14.62,21.61,553.73,2388.02,9063.73,1.3,47.24,521.68,2388.05,8141.02,8.4111,0.03,395,2388,100.0,38.86,23.3732,80
24,68,0.0003,-0.0001,100.0,518.67,642.05,1584.76,1401.1,14.62,21.61,553.97,2388.09,9061.01,1.3,47.35,522.0,2388.04,8141.58,8.4018,0.03,393,2388,100.0,38.82,23.4338,79
24,69,-0.0001,0.0003,100.0,518.67,642.63,1587.1,1403.09,14.62,21.61,554.0,2388.03,9064.86,1.3,47.51,521.63,2388.06,8148.0,8.391,0.03,391,2388,100.0,38.9,23.3073,78
24,70,-0.006,-0.0002,100.0,518.67,642.33,1581.31,1408.91,14.62,21.61,553.4,2388.11,9060.35,1.3,47.5,521.94,2388.03,8143.88,8.4536,0.03,394,2388,100.0,39.0,23.2243,77
24,71,-0.0024,-0.0001,100.0,518.67,642.82,1587.68,1404.28,14.62,21.61,554.18,2388.05,9067.71,1.3,47.53,521.72,2388.05,8147.25,8.4344,0.03,393,2388,100.0,38.89,23.264,76
24,72,-0.0008,0.0,100.0,518.67,642.45,1585.23,1392.9,14.62,21.61,553.58,2388.02,9055.98,1.3,47.5,522.06,2388.09,8141.67,8.3822,0.03,392,2388,100.0,38.88,23.3387,75
24,73,-0.0013,-0.0005,100.0,518.67,642.76,1585.22,1409.77,14.62,21.61,554.61,2388.04,9058.6,1.3,47.46,521.9,2388.06,8141.55,8.4179,0.03,394,2388,100.0,38.89,23.4315,74
24,74,0.0016,0.0002,100.0,518.67,642.53,1584.05,1412.74,14.62,21.61,553.49,2388.12,9062.94,1.3,47.44,521.22,2388.07,8140.01,8.4445,0.03,392,2388,100.0,38.76,23.298,73
24,75,0.0051,0.0003,100.0,518.67,642.32,1580.22,1408.82,14.62,21.61,554.21,2388.1,9065.89,1.3,47.34,522.0,2388.07,8141.92,8.4288,0.03,393,2388,100.0,38.87,23.3155,72
24,76,-0.0011,0.0,100.0,518.67,643.02,1591.79,1408.74,14.62,21.61,554.26,2388.06,9061.65,1.3,47.37,521.38,2388.08,8144.63,8.4114,0.03,392,2388,100.0,38.96,23.3752,71
24,77,0.0016,0.0003,100.0,518.67,642.61,1590.02,1406.8,14.62,21.61,553.45,2388.04,9065.32,1.3,47.43,521.44,2388.08,8143.56,8.4604,0.03,391,2388,100.0,38.74,23.3101,70
24,78,0.0015,-0.0002,100.0,518.67,642.63,1586.0,1401.77,14.62,21.61,553.58,2388.07,9065.92,1.3,47.45,521.89,2388.0,8144.74,8.47,0.03,392,2388,100.0,38.96,23.3571,69
24,79,-0.0027,0.0002,100.0,518.67,642.49,1584.61,1404.53,14.62,21.61,553.23,2388.03,9065.63,1.3,47.31,522.04,2388.07,8143.56,8.3857,0.03,392,2388,100.0,39.11,23.4013,68
24,80,-0.0002,0.0004,100.0,518.67,642.84,1577.14,1406.36,14.62,21.61,553.97,2388.11,9065.99,1.3,47.4,521.37,2388.05,8142.24,8.4437,0.03,392,2388,100.0,38.84,23.2933,67
24,81,0.0025,-0.0004,100.0,518.67,642.72,1594.25,1401.01,14.62,21.61,553.45,2388.1,9056.38,1.3,47.29,521.71,2388.07,8138.23,8.4197,0.03,392,2388,100.0,38.95,23.2721,66
24,82,0.0012,-0.0001,100.0,518.67,642.84,1591.47,1409.12,14.62,21.61,553.98,2388.1,9067.19,1.3,47.3,522.04,2388.01,8146.68,8.4696,0.03,394,2388,100.0,38.84,23.3519,65
24,83,-0.0012,0.0,100.0,518.67,642.0,1586.13,1413.19,14.62,21.61,553.66,2388.08,9052.4,1.3,47.49,521.78,2388.1,8138.78,8.4678,0.03,394,2388,100.0,38.97,23.2967,64
24,84,-0.0004,0.0003,100.0,518.67,642.36,1588.31,1405.4,14.62,21.61,553.83,2388.12,9060.4,1.3,47.48,522.0,2388.03,8138.51,8.4399,0.03,393,2388,100.0,38.89,23.3512,63
24,85,-0.0015,0.0003,100.0,518.67,642.4,1596.31,1403.32,14.62,21.61,553.91,2388.11,9055.59,1.3,47.47,521.83,2388.11,8144.72,8.4139,0.03,393,2388,100.0,38.97,23.3813,62
24,86,0.0006,0.0003,100.0,518.67,642.24,1588.61,1405.03,14.62,21.61,553.21,2388.07,9061.67,1.3,47.47,521.38,2388.07,8138.01,8.447,0.03,394,2388,100.0,38.9,23.301,61
24,87,-0.0016,0.0003,100.0,518.67,642.62,1590.12,1403.86,14.62,21.61,552.96,2388.08,9058.94,1.3,47.49,521.34,2388.11,8137.7,8.4497,0.03,393,2388,100.0,38.82,23.3841,60
24,88,-0.0004,0.0001,100.0,518.67,642.95,1588.05,1402.62,14.62,21.61,553.01,2388.13,9069.31,1.3,47.45,521.51,2388.04,8138.1,8.4622,0.03,392,2388,100.0,38.8,23.2387,59
24,89,-0.005,0.0002,100.0,518.67,642.04,1593.09,1402.91,14.62,21.61,553.28,2388.11,9062.74,1.3,47.41,521.94,2388.06,8139.57,8.4235,0.03,392,2388,100.0,38.94,23.4134,58
24,90,0.0021,0.0003,100.0,518.67,642.61,1596.86,1408.4,14.62,21.61,553.15,2388.08,9057.84,1.3,47.55,521.51,2388.12,8138.95,8.4494,0.03,392,2388,100.0,38.92,23.385,57
24,91,0.0034,-0.0004,100.0,518.67,642.94,1594.11,1403.93,14.62,21.61,553.49,2388.11,9059.44,1.3,47.47,521.6,2388.14,8135.01,8.4436,0.03,392,2388,100.0,38.79,23.2728,56
24,92,0.0004,0.0003,100.0,518.67,642.58,1593.2,1406.97,14.62,21.61,553.33,2388.16,9062.68,1.3,47.63,522.23,2388.08,8136.91,8.4103,0.03,394,2388,100.0,38.92,23.3384,55
24,93,-0.0004,0.0003,100.0,518.67,642.97,1589.27,1399.15,14.62,21.61,553.66,2388.07,9062.54,1.3,47.61,521.66,2388.03,8144.87,8.4642,0.03,393,2388,100.0,38.72,23.3162,54
24,94,0.0006,-0.0002,100.0,518.67,642.55,1585.82,1403.16,14.62,21.61,553.13,2388.09,9060.93,1.3,47.48,521.99,2388.08,8137.7,8.4246,0.03,392,2388,100.0,38.86,23.4483,53
24,95,-0.0,-0.0,100.0,518.67,642.26,1591.32,1409.64,14.62,21.61,553.99,2388.13,9068.19,1.3,47.45,521.0,2388.06,8140.14,8.3932,0.03,392,2388,100.0,38.85,23.2966,52
24,96,-0.0002,0.0004,100.0,518.67,642.97,1592.25,1407.47,14.62,21.61,553.06,2388.1,9059.73,1.3,47.55,521.33,2388.05,8145.16,8.4211,0.03,393,2388,100.0,38.77,23.3446,51
24,97,0.0016,0.0,100.0,518.67,642.2,1591.7,1406.53,14.62,21.61,553.12,2388.08,9064.65,1.3,47.54,521.37,2388.11,8140.95,8.4557,0.03,392,2388,100.0,38.91,23.2572,50
24,98,0.004,-0.0002,100.0,518.67,643.07,1598.05,1410.35,14.62,21.61,553.76,2388.11,9055.52,1.3,47.52,521.21,2388.12,8143.74,8.4629,0.03,394,2388,100.0,38.82,23.2879,49
24,99,-0.0028,-0.0001,100.0,518.67,642.66,1590.34,1409.81,14.62,21.61,552.8,2388.18,9058.85,1.3,47.46,521.1,2388.16,8140.75,8.4142,0.03,394,2388,100.0,38.89,23.1994,48
24,100,-0.0008,0.0,100.0,518.67,642.95,1588.97,1409.36,14.62,21.61,553.51,2388.05,9063.59,1.3,47.72,521.28,2388.07,8137.55,8.454,0.03,394,2388,100.0,38.72,23.2554,47
24,101,-0.0012,-0.0002,100.0,518.67,642.9,1593.97,1405.44,14.62,21.61,553.05,2388.09,9060.88,1.3,47.66,521.31,2388.05,8137.13,8.4723,0.03,394,2388,100.0,38.75,23.2844,46
24,102,0.0006,0.0004,100.0,518.67,642.97,1592.7,1406.76,14.62,21.61,553.24,2388.07,9063.3,1.3,47.22,521.68,2388.1,8132.97,8.4587,0.03,393,2388,100.0,38.8,23.2367,45
24,103,-0.0005,-0.0,100.0,518.67,642.78,1592.28,1406.72,14.62,21.61,552.61,2388.11,9061.25,1.3,47.66,521.14,2388.11,8142.47,8.4627,0.03,394,2388,100.0,38.86,23.3045,44
24,104,0.0014,-0.0002,100.0,518.67,642.97,1592.97,1406.05,14.62,21.61,553.34,2388.18,9054.68,1.3,47.56,521.47,2388.16,8138.0,8.4624,0.03,392,2388,100.0,38.86,23.3497,43
24,105,0.0009,0.0,100.0,518.67,643.01,1594.98,1414.26,14.62,21.61,553.07,2388.11,9062.02,1.3,47.54,521.15,2388.1,8140.4,8.4555,0.03,393,2388,100.0,38.85,23.2629,42
24,106,0.0001,0.0,100.0,518.67,642.82,1591.46,1404.18,14.62,21.61,553.11,2388.08,9056.9,1.3,47.7,521.0,2388.14,8140.38,8.4453,0.03,393,2388,100.0,38.73,23.2973,41
24,107,0.0017,0.0,100.0,518.67,643.1,1580.73,1413.42,14.62,21.61,553.62,2388.11,9055.24,1.3,47.46,520.96,2388.08,8142.23,8.4454,0.03,394,2388,100.0,38.8,23.3416,40
24,108,0.0011,0.0001,100.0,518.67,642.89,1593.46,1407.23,14.62,21.61,554.31,2388.07,9055.48,1.3,47.51,521.39,2388.14,8142.4,8.4457,0.03,393,2388,100.0,38.83,23.2695,39
24,109,0.0035,0.0002,100.0,518.67,642.56,1589.94,1406.28,14.62,21.61,552.75,2388.17,9064.0,1.3,47.67,521.42,2388.13,8139.9,8.4483,0.03,393,2388,100.0,38.77,23.2308,38
24,110,0.0067,0.0,100.0,518.67,643.03,1594.02,1407.36,14.62,21.61,554.21,2388.16,9054.37,1.3,47.75,521.02,2388.08,8138.12,8.471,0.03,393,2388,100.0,38.87,23.2551,37
24,111,-0.0008,-0.0002,100.0,518.67,642.93,1590.2,1412.92,14.62,21.61,552.56,2388.09,9054.03,1.3,47.57,521.1,2388.19,8136.64,8.4471,0.03,392,2388,100.0,38.82,23.2024,36
24,112,-0.006,0.0001,100.0,518.67,642.64,1597.48,1414.98,14.62,21.61,553.5,2388.13,9061.23,1.3,47.59,520.98,2388.15,8137.89,8.4469,0.03,394,2388,100.0,38.9,23.2226,35
24,113,-0.0052,-0.0003,100.0,518.67,643.65,1591.48,1410.08,14.62,21.61,552.72,2388.11,9062.87,1.3,47.71,521.22,2388.13,8139.9,8.4638,0.03,394,2388,100.0,38.58,23.1055,34
24,114,0.0029,-0.0002,100.0,518.67,643.14,1592.6,1413.93,14.62,21.61,552.92,2388.15,9054.79,1.3,47.61,521.34,2388.18,8131.54,8.4777,0.03,395,2388,100.0,38.87,23.32,33
24,115,-0.0017,0.0003,100.0,518.67,642.45,1592.77,1418.25,14.62,21.61,553.07,2388.15,9061.48,1.3,47.66,521.29,2388.17,8133.15,8.4474,0.03,393,2388,100.0,38.89,23.2865,32
24,116,-0.0019,-0.0003,100.0,518.67,642.52,1590.26,1414.08,14.62,21.61,552.13,2388.16,9062.46,1.3,47.5,520.94,2388.19,8138.89,8.4689,0.03,391,2388,100.0,38.84,23.2628,31
24,117,0.0037,0.0004,100.0,518.67,642.54,1595.04,1420.26,14.62,21.61,553.1,2388.2,9058.28,1.3,47.67,521.45,2388.16,8135.54,8.4329,0.03,396,2388,100.0,38.84,23.2382,30
24,118,0.0026,-0.0004,100.0,518.67,642.86,1591.27,1415.42,14.62,21.61,552.66,2388.18,9058.91,1.3,47.72,520.72,2388.13,8138.23,8.4527,0.03,394,2388,100.0,38.66,23.2601,29
24,119,-0.0003,0.0003,100.0,518.67,642.56,1593.45,1418.44,14.62,21.61,552.95,2388.12,9056.77,1.3,47.7,521.01,2388.14,8136.4,8.4628,0.03,393,2388,100.0,38.78,23.2446,28
24,120,0.0013,0.0003,100.0,518.67,643.3,1587.71,1412.17,14.62,21.61,552.88,2388.16,9053.9,1.3,47.81,520.74,2388.19,8133.24,8.4582,0.03,394,2388,100.0,38.68,23.2462,27
24,121,-0.0046,-0.0002,100.0,518.67,643.62,1599.66,1415.73,14.62,21.61,552.36,2388.11,9048.54,1.3,47.6,521.18,2388.15,8131.42,8.4492,0.03,393,2388,100.0,38.83,23.3677,26
24,122,-0.0025,-0.0002,100.0,518.67,642.88,1598.2,1415.91,14.62,21.61,553.25,2388.22,9056.24,1.3,47.82,520.57,2388.14,8138.1,8.4749,0.03,396,2388,100.0,38.62,23.2796,25
24,123,-0.0037,-0.0004,100.0,518.67,643.25,1598.81,1414.52,14.62,21.61,552.4,2388.18,9058.42,1.3,47.61,520.87,2388.19,8131.52,8.4806,0.03,394,2388,100.0,38.67,23.1709,24
24,124,0.0018,0.0004,100.0,518.67,643.03,1586.51,1410.43,14.62,21.61,552.0,2388.18,9047.71,1.3,47.62,520.49,2388.19,8129.7,8.4462,0.03,394,2388,100.0,38.56,23.303,23
24,125,0.0006,0.0004,100.0,518.67,643.2,1597.09,1421.48,14.62,21.61,552.64,2388.2,9062.46,1.3,47.82,520.94,2388.16,8129.47,8.512,0.03,394,2388,100.0,38.67,23.1734,22
24,126,0.0007,0.0004,100.0,518.67,642.91,1597.88,1418.2,14.62,21.61,552.9,2388.18,9056.52,1.3,47.92,520.47,2388.2,8135.28,8.4526,0.03,394,2388,100.0,38.74,23.1972,21
24,127,-0.0011,-0.0005,100.0,518.67,643.0,1595.95,1422.93,14.62,21.61,552.04,2388.15,9055.14,1.3,47.85,520.38,2388.19,8135.48,8.4587,0.03,394,2388,100.0,38.58,23.1422,20
24,128,0.0009,-0.0004,100.0,518.67,643.26,1591.31,1419.94,14.62,21.61,552.54,2388.22,9060.34,1.3,47.74,520.41,2388.15,8136.59,8.4518,0.03,394,2388,100.0,38.52,23.1884,19
24,129,0.0025,0.0004,100.0,518.67,642.88,1590.88,1416.49,14.62,21.61,552.52,2388.17,9055.05,1.3,47.85,520.4,2388.15,8128.44,8.4572,0.03,395,2388,100.0,38.6,23.1416,18
24,130,0.0005,0.0002,100.0,518.67,642.89,1597.1,1420.47,14.62,21.61,552.91,2388.17,9051.98,1.3,47.83,520.48,2388.18,8128.11,8.4835,0.03,395,2388,100.0,38.75,23.122,17
24,131,0.0009,0.0002,100.0,518.67,642.92,1591.41,1415.92,14.62,21.61,552.0,2388.17,9052.02,1.3,47.92,520.45,2388.14,8135.34,8.4941,0.03,394,2388,100.0,38.59,23.1388,16
24,132,-0.0017,-0.0005,100.0,518.67,643.12,1602.61,1415.18,14.62,21.61,552.5,2388.2,9048.98,1.3,47.76,520.19,2388.14,8129.19,8.4651,0.03,394,2388,100.0,38.61,23.1579,15
24,133,-0.0021,-0.0,100.0,518.67,643.75,1598.02,1421.91,14.62,21.61,551.53,2388.27,9048.94,1.3,47.8,520.65,2388.21,8123.5,8.5049,0.03,396,2388,100.0,38.56,23.1208,14
24,134,-0.0031,-0.0001,100.0,518.67,643.34,1600.07,1422.57,14.62,21.61,551.21,2388.22,9050.3,1.3,47.95,520.6,2388.23,8123.74,8.506,0.03,394,2388,100.0,38.46,23.0912,13
24,135,0.0037,0.0003,100.0,518.67,643.41,1592.99,1428.11,14.62,21.61,551.68,2388.21,9050.85,1.3,47.89,520.6,2388.23,8130.42,8.463,0.03,395,2388,100.0,38.66,23.0909,12
24,136,0.0005,-0.0003,100.0,518.67,643.57,1604.23,1419.83,14.62,21.61,552.14,2388.22,9042.39,1.3,48.03,520.04,2388.24,8126.42,8.5145,0.03,394,2388,100.0,38.52,23.0979,11
24,137,-0.0008,-0.0004,100.0,518.67,643.62,1597.13,1423.84,14.62,21.61,551.19,2388.22,9046.21,1.3,48.04,520.05,2388.22,8125.26,8.4738,0.03,395,2388,100.0,38.58,23.0075,10
24,138,0.0043,0.0002,100.0,518.67,643.6,1599.96,1423.08,14.62,21.61,552.31,2388.25,9046.74,1.3,47.96,520.44,2388.23,8124.3,8.4715,0.03,395,2388,100.0,38.59,23.2295,9
24,139,0.0007,-0.0,100.0,518.67,643.47,1597.18,1428.7,14.62,21.61,552.13,2388.28,9051.61,1.3,47.84,520.25,2388.26,8119.55,8.5013,0.03,395,2388,100.0,38.39,23.078,8
24,140,0.0005,0.0002,100.0,518.67,643.67,1607.24,1416.8,14.62,21.61,551.62,2388.17,9039.95,1.3,48.06,520.41,2388.28,8122.45,8.5487,0.03,395,2388,100.0,38.6,23.1751,7
24,141,0.0043,0.0002,100.0,518.67,643.52,1598.52,1420.29,14.62,21.61,551.27,2388.25,9046.3,1.3,48.08,520.06,2388.25,8123.21,8.5211,0.03,395,2388,100.0,38.43,23.1141,6
24,142,-0.0001,0.0003,100.0,518.67,643.96,1606.93,1430.94,14.62,21.61,551.08,2388.29,9049.74,1.3,47.9,520.09,2388.24,8124.07,8.5366,0.03,395,2388,100.0,38.41,23.2016,5
24,143,0.0031,-0.0005,100.0,518.67,643.87,1598.38,1434.04,14.62,21.61,551.03,2388.29,9046.41,1.3,48.12,519.63,2388.22,8124.72,8.5327,0.03,395,2388,100.0,38.42,23.0698,4
24,144,-0.0032,-0.0005,100.0,518.67,643.84,1598.85,1427.08,14.62,21.61,551.19,2388.32,9045.04,1.3,48.28,519.56,2388.3,8116.55,8.5311,0.03,395,2388,100.0,38.42,23.0542,3
24,145,-0.0018,-0.0003,100.0,518.67,643.81,1605.52,1429.77,14.62,21.61,551.44,2388.3,9046.07,1.3,48.21,520.0,2388.3,8119.31,8.4883,0.03,397,2388,100.0,38.53,23.0049,2
24,146,-0.002,0.0002,100.0,518.67,643.84,1604.35,1425.53,14.62,21.61,551.26,2388.33,9045.25,1.3,48.17,519.54,2388.29,8123.96,8.5617,0.03,397,2388,100.0,38.42,23.0444,1
24,147,-0.0006,0.0004,100.0,518.67,643.79,1601.33,1430.87,14.62,21.61,550.78,2388.3,9043.96,1.3,48.19,519.3,2388.28,8119.58,8.5374,0.03,398,2388,100.0,38.58,23.0309,0
25,1,-0.0021,-0.0004,100.0,518.67,642.85,1586.83,1403.72,14.62,21.61,553.81,2388.1,9044.91,1.3,47.51,521.04,2388.15,8126.14,8.432,0.03,392,2388,100.0,38.98,23.4472,229
25,2,-0.0003,0.0005,100.0,518.67,642.01,1585.04,1408.44,14.62,21.61,552.88,2388.11,9050.68,1.3,47.37,521.78,2388.11,8128.11,8.4518,0.03,394,2388,100.0,38.8,23.2932,228
25,3,-0.0016,-0.0,100.0,518.67,642.35,1584.13,1405.1,14.62,21.61,553.73,2388.13,9047.51,1.3,47.43,521.45,2388.06,8130.37,8.4354,0.03,394,2388,100.0,38.74,23.251,227
25,4,-0.0004,0.0005,100.0,518.67,642.55,1592.42,1405.92,14.62,21.61,553.79,2388.13,9048.33,1.3,47.5,521.53,2388.11,8127.32,8.4187,0.03,392,2388,100.0,38.98,23.3807,226
25,5,0.0021,-0.0001,100.0,518.67,642.38,1588.13,1399.72,14.62,21.61,553.64,2388.07,9049.37,1.3,47.29,520.93,2388.05,8129.83,8.4501,0.03,391,2388,100.0,38.8,23.297,225
25,6,0.0007,0.0004,100.0,518.67,642.74,1590.35,1413.87,14.62,21.61,554.36,2388.1,9047.58,1.3,47.45,521.91,2388.12,8127.98,8.4588,0.03,394,2388,100.0,38.96,23.3451,224
25,7,0.004,0.0005,100.0,518.67,642.34,1589.76,1410.2,14.62,21.61,553.94,2388.1,9047.49,1.3,47.42,521.36,2388.17,8126.82,8.4436,0.03,392,2388,100.0,38.66,23.372,223
25,8,-0.0023,0.0006,100.0,518.67,642.24,1590.04,1410.09,14.62,21.61,554.48,2388.1,9043.82,1.3,47.63,521.68,2388.13,8129.85,8.4387,0.03,393,2388,100.0,38.62,23.3443,222
25,9,0.0032,0.0005,100.0,518.67,642.87,1591.58,1403.9,14.62,21.61,553.32,2388.14,9044.23,1.3,47.46,521.67,2388.13,8129.6,8.4279,0.03,394,2388,100.0,38.78,23.3189,221
25,10,-0.0009,0.0,100.0,518.67,642.33,1588.11,1405.93,14.62,21.61,553.31,2388.1,9042.43,1.3,47.53,521.59,2388.13,8130.18,8.4246,0.03,392,2388,100.0,38.94,23.3077,220
25,11,-0.0016,-0.0004,100.0,518.67,642.11,1590.85,1406.76,14.62,21.61,553.19,2388.15,9051.54,1.3,47.36,521.51,2388.08,8124.2,8.4431,0.03,391,2388,100.0,38.74,23.2851,219
25,12,-0.0018,0.0003,100.0,518.67,642.13,1588.56,1406.97,14.62,21.61,553.39,2388.11,9051.03,1.3,47.57,521.26,2388.15,8128.7,8.3837,0.03,392,2388,100.0,38.62,23.2574,218
25,13,-0.0007,0.0003,100.0,518.67,642.63,1583.09,1401.16,14.62,21.61,553.9,2388.12,9049.44,1.3,47.51,521.53,2388.1,8129.54,8.4074,0.03,393,2388,100.0,38.91,23.3313,217
25,14,0.0003,0.0005,100.0,518.67,643.03,1583.85,1407.83,14.62,21.61,553.56,2388.12,9040.61,1.3,47.51,521.06,2388.08,8130.37,8.4071,0.03,393,2388,100.0,38.79,23.4092,216
25,15,0.0023,-0.0004,100.0,518.67,642.82,1591.45,1407.76,14.62,21.61,554.06,2388.11,9042.43,1.3,47.25,521.71,2388.11,8124.11,8.4628,0.03,392,2388,100.0,38.83,23.3627,215
25,16,0.002,0.0004,100.0,518.67,643.11,1598.66,1401.54,14.62,21.61,553.53,2388.07,9045.33,1.3,47.44,521.43,2388.08,8132.94,8.4017,0.03,392,2388,100.0,39.07,23.3018,214
25,17,0.0029,0.0005,100.0,518.67,642.85,1581.71,1411.93,14.62,21.61,553.51,2388.11,9042.96,1.3,47.46,521.46,2388.1,8131.97,8.4191,0.03,392,2388,100.0,38.98,23.3514,213
25,18,-0.0023,0.0003,100.0,518.67,642.46,1584.37,1406.8,14.62,21.61,553.97,2388.12,9052.2,1.3,47.34,521.29,2388.12,8124.93,8.4192,0.03,392,2388,100.0,38.85,23.3673,212
25,19,0.0029,-0.0003,100.0,518.67,642.43,1592.25,1402.92,14.62,21.61,553.73,2388.09,9049.82,1.3,47.47,521.17,2388.07,8127.22,8.432,0.03,393,2388,100.0,38.9,23.3796,211
25,20,-0.002,0.0004,100.0,518.67,642.11,1586.74,1409.28,14.62,21.61,553.24,2388.14,9046.88,1.3,47.49,522.03,2388.12,8126.13,8.4284,0.03,393,2388,100.0,38.73,23.3354,210
25,21,0.0027,-0.0002,100.0,518.67,642.83,1584.95,1402.98,14.62,21.61,553.15,2388.11,9040.95,1.3,47.43,521.55,2388.09,8127.03,8.4326,0.03,394,2388,100.0,38.86,23.4104,209
25,22,0.0012,0.0004,100.0,518.67,642.52,1582.69,1411.48,14.62,21.61,553.17,2388.06,9052.02,1.3,47.32,521.24,2388.13,8131.19,8.4124,0.03,393,2388,100.0,39.0,23.3353,208
25,23,0.0027,-0.0003,100.0,518.67,642.57,1575.77,1405.23,14.62,21.61,553.09,2388.12,9044.19,1.3,47.49,521.38,2388.08,8131.97,8.4539,0.03,392,2388,100.0,38.99,23.3806,207
25,24,-0.0012,0.0,100.0,518.67,642.12,1589.55,1408.37,14.62,21.61,553.21,2388.11,9045.53,1.3,47.28,521.38,2388.06,8123.64,8.4316,0.03,393,2388,100.0,38.84,23.3507,206
25,25,-0.0006,0.0003,100.0,518.67,642.69,1588.03,1396.61,14.62,21.61,553.82,2388.14,9043.15,1.3,47.36,522.05,2388.07,8125.22,8.4248,0.03,395,2388,100.0,38.78,23.2456,205
25,26,0.0046,0.0005,100.0,518.67,642.43,1586.86,1404.38,14.62,21.61,553.95,2388.06,9047.92,1.3,47.49,521.23,2388.13,8126.99,8.4308,0.03,393,2388,100.0,39.11,23.3263,204
25,27,-0.0035,-0.0004,100.0,518.67,641.7,1593.58,1407.33,14.62,21.61,553.94,2388.04,9050.86,1.3,47.47,521.55,2388.11,8125.51,8.4521,0.03,392,2388,100.0,39.05,23.3549,203
25,28,0.0015,0.0003,100.0,518.67,642.4,1592.49,1412.61,14.62,21.61,553.64,2388.1,9050.78,1.3,47.49,521.3,2388.13,8129.09,8.4279,0.03,392,2388,100.0,38.97,23.3029,202
25,29,0.001,-0.0002,100.0,518.67,642.2,1583.91,1413.5,14.62,21.61,553.41,2388.09,9046.42,1.3,47.57,521.98,2388.1,8127.85,8.4331,0.03,393,2388,100.0,38.67,23.2909,201
25,30,-0.0031,-0.0,100.0,518.67,641.61,1589.98,1405.03,14.62,21.61,552.61,2388.15,9043.8,1.3,47.33,522.3,2388.14,8128.57,8.4311,0.03,394,2388,100.0,38.97,23.2102,200
25,31,-0.0005,0.0003,100.0,518.67,642.66,1593.21,1402.68,14.62,21.61,552.93,2388.13,9050.58,1.3,47.32,521.87,2388.12,8129.12,8.4429,0.03,393,2388,100.0,39.0,23.2772,199
25,32,-0.0006,0.0001,100.0,518.67,642.54,1585.93,1410.09,14.62,21.61,553.52,2388.08,9043.7,1.3,47.67,521.86,2388.15,8125.7,8.4461,0.03,395,2388,100.0,38.86,23.3358,198
25,33,-0.0044,-0.0002,100.0,518.67,642.54,1590.19,1402.06,14.62,21.61,553.37,2388.15,9036.28,1.3,47.5,521.37,2388.14,8128.83,8.4223,0.03,393,2388,100.0,38.74,23.2652,197
25,34,0.0013,0.0005,100.0,518.67,642.0,1588.66,1403.4,14.62,21.61,553.51,2388.11,9046.15,1.3,47.54,521.5,2388.16,8120.11,8.4272,0.03,394,2388,100.0,38.81,23.342,196
25,35,-0.0033,0.0,100.0,518.67,642.39,1585.77,1407.98,14.62,21.61,553.77,2388.13,9042.31,1.3,47.34,521.83,2388.11,8129.3,8.4568,0.03,391,2388,100.0,39.07,23.3539,195
25,36,-0.0011,-0.0002,100.0,518.67,642.11,1592.19,1410.44,14.62,21.61,553.71,2388.13,9047.52,1.3,47.44,521.77,2388.09,8125.29,8.4014,0.03,393,2388,100.0,38.76,23.2998,194
25,37,-0.0006,-0.0004,100.0,518.67,642.79,1582.14,1403.02,14.62,21.61,553.12,2388.06,9045.2,1.3,47.62,521.65,2388.1,8130.36,8.4354,0.03,391,2388,100.0,38.73,23.3496,193
25,38,0.004,-0.0001,100.0,518.67,642.72,1583.82,1403.63,14.62,21.61,553.62,2388.09,9043.19,1.3,47.31,521.21,2388.13,8129.22,8.4214,0.03,393,2388,100.0,38.88,23.2142,192
25,39,-0.0008,0.0004,100.0,518.67,642.79,1581.71,1404.19,14.62,21.61,554.0,2388.14,9047.81,1.3,47.6,521.21,2388.09,8125.25,8.4683,0.03,391,2388,100.0,38.88,23.2764,191
25,40,-0.0015,0.0003,100.0,518.67,642.58,1594.83,1409.69,14.62,21.61,552.99,2388.1,9044.35,1.3,47.65,521.72,2388.13,8126.34,8.4018,0.03,394,2388,100.0,39.01,23.2179,190
25,41,-0.0025,0.0,100.0,518.67,642.78,1589.15,1409.06,14.62,21.61,554.41,2388.09,9053.35,1.3,47.43,521.97,2388.08,8127.24,8.4488,0.03,391,2388,100.0,38.99,23.2518,189
25,42,0.0002,-0.0,100.0,518.67,642.47,1584.89,1405.45,14.62,21.61,553.9,2388.08,9047.87,1.3,47.55,521.25,2388.11,8125.25,8.3865,0.03,392,2388,100.0,38.99,23.3164,188
25,43,-0.0003,0.0003,100.0,518.67,642.46,1588.32,1406.67,14.62,21.61,553.56,2388.05,9050.92,1.3,47.52,521.79,2388.12,8125.34,8.4548,0.03,392,2388,100.0,38.75,23.2465,187
25,44,0.0018,0.0001,100.0,518.67,642.97,1587.86,1403.71,14.62,21.61,553.52,2388.13,9042.21,1.3,47.66,521.29,2388.06,8131.27,8.4499,0.03,394,2388,100.0,38.95,23.3557,186
25,45,0.0033,0.0003,100.0,518.67,642.81,1584.99,1408.14,14.62,21.61,553.23,2388.12,9045.09,1.3,47.48,521.72,2388.13,8126.84,8.4262,0.03,394,2388,100.0,38.83,23.3319,185
25,46,-0.0022,-0.0003,100.0,518.67,642.4,1585.8,1407.41,14.62,21.61,553.74,2388.07,9043.88,1.3,47.54,521.77,2388.08,8129.62,8.4112,0.03,392,2388,100.0,38.61,23.2421,184
25,47,-0.0016,0.0001,100.0,518.67,642.61,1594.45,1409.17,14.62,21.61,553.28,2388.09,9045.78,1.3,47.7,521.86,2388.2,8120.86,8.4446,0.03,393,2388,100.0,38.86,23.3355,183
25,48,0.0009,-0.0003,100.0,518.67,642.77,1588.26,1407.09,14.62,21.61,553.37,2388.1,9046.34,1.3,47.31,521.02,2388.14,8129.67,8.4154,0.03,393,2388,100.0,38.87,23.4121,182
25,49,-0.0001,-0.0002,100.0,518.67,643.41,1582.22,1403.5,14.62,21.61,552.94,2388.09,9048.43,1.3,47.4,521.1,2388.08,8129.34,8.4406,0.03,390,2388,100.0,39.05,23.3296,181
25,50,0.0041,-0.0004,100.0,518.67,642.17,1587.44,1411.53,14.62,21.61,553.51,2388.07,9045.45,1.3,47.54,521.69,2388.12,8130.63,8.4283,0.03,393,2388,100.0,38.74,23.4,180
25,51,0.0021,0.0003,100.0,518.67,643.16,1587.93,1403.06,14.62,21.61,553.95,2388.13,9046.86,1.3,47.71,521.34,2388.13,8127.26,8.4453,0.03,393,2388,100.0,38.95,23.4772,179
25,52,0.0016,-0.0,100.0,518.67,643.06,1593.56,1403.64,14.62,21.61,553.09,2388.1,9049.48,1.3,47.55,521.24,2388.12,8123.46,8.4403,0.03,395,2388,100.0,38.95,23.3489,178
25,53,-0.0035,-0.0004,100.0,518.67,642.35,1595.0,1406.37,14.62,21.61,553.66,2388.09,9043.46,1.3,47.49,521.56,2388.14,8128.77,8.4131,0.03,392,2388,100.0,38.76,23.4037,177
25,54,0.0031,0.0004,100.0,518.67,642.74,1589.96,1406.93,14.62,21.61,552.99,2388.13,9049.59,1.3,47.4,521.37,2388.14,8125.68,8.4064,0.03,394,2388,100.0,38.73,23.3034,176
25,55,-0.0013,-0.0004,100.0,518.67,642.59,1586.98,1407.07,14.62,21.61,553.5,2388.1,9050.13,1.3,47.6,521.71,2388.11,8126.29,8.4381,0.03,392,2388,100.0,38.89,23.3443,175
25,56,-0.0028,-0.0004,100.0,518.67,642.15,1585.88,1400.44,14.62,21.61,553.57,2388.11,9046.48,1.3,47.45,521.71,2388.13,8130.19,8.4593,0.03,392,2388,100.0,38.84,23.2919,174
25,57,0.0022,-0.0004,100.0,518.67,642.82,1586.15,1409.8,14.62,21.61,553.39,2388.1,9042.21,1.3,47.38,521.98,2388.09,8127.47,8.4234,0.03,391,2388,100.0,38.65,23.4326,173
25,58,0.0003,0.0004,100.0,518.67,642.39,1586.35,1402.78,14.62,21.61,553.75,2388.08,9044.49,1.3,47.44,521.66,2388.07,8132.54,8.4444,0.03,393,2388,100.0,38.88,23.3129,172
25,59,-0.0037,-0.0002,100.0,518.67,642.48,1590.46,1408.88,14.62,21.61,554.07,2388.09,9043.87,1.3,47.63,521.42,2388.07,8130.88,8.4446,0.03,393,2388,100.0,38.87,23.295,171
25,60,0.0013,0.0005,100.0,518.67,642.5,1594.74,1405.12,14.62,21.61,553.48,2388.11,9048.38,1.3,47.61,521.66,2388.12,8126.42,8.4454,0.03,393,2388,100.0,38.78,23.3277,170
25,61,-0.0035,0.0001,100.0,518.67,642.2,1597.99,1407.45,14.62,21.61,553.67,2388.1,9048.29,1.3,47.45,521.17,2388.13,8129.44,8.4341,0.03,393,2388,100.0,38.82,23.3923,169
25,62,-0.0008,0.0001,100.0,518.67,642.79,1594.7,1404.55,14.62,21.61,553.54,2388.09,9050.28,1.3,47.47,521.65,2388.12,8131.29,8.412,0.03,394,2388,100.0,38.93,23.2058,168
25,63,0.0049,0.0003,100.0,518.67,642.24,1592.3,1402.84,14.62,21.61,554.28,2388.09,9052.07,1.3,47.49,521.43,2388.09,8124.21,8.4107,0.03,393,2388,100.0,38.93,23.3093,167
25,64,-0.0031,0.0005,100.0,518.67,642.43,1594.54,1404.38,14.62,21.61,553.27,2388.14,9044.92,1.3,47.68,521.54,2388.15,8127.02,8.4144,0.03,394,2388,100.0,38.91,23.3018,166
25,65,0.0001,0.0003,100.0,518.67,642.84,1590.82,1414.85,14.62,21.61,553.62,2388.06,9049.83,1.3,47.59,521.53,2388.1,8129.7,8.4473,0.03,392,2388,100.0,38.75,23.2961,165
25,66,-0.0006,0.0005,100.0,518.67,642.92,1589.6,1408.82,14.62,21.61,553.24,2388.13,9046.73,1.3,47.32,520.81,2388.17,8125.67,8.4572,0.03,394,2388,100.0,38.65,23.2662,164
25,67,0.0014,-0.0003,100.0,518.67,642.9,1590.45,1405.76,14.62,21.61,552.87,2388.09,9047.52,1.3,47.48,521.43,2388.06,8131.97,8.4592,0.03,392,2388,100.0,38.88,23.3239,163
25,68,0.001,-0.0,100.0,518.67,642.66,1597.93,1412.88,14.62,21.61,553.29,2388.15,9041.72,1.3,47.55,521.06,2388.03,8123.87,8.4239,0.03,392,2388,100.0,38.79,23.3213,162
25,69,-0.0006,-0.0004,100.0,518.67,642.25,1582.72,1408.22,14.62,21.61,553.74,2388.15,9046.33,1.3,47.62,521.48,2388.13,8127.33,8.4343,0.03,393,2388,100.0,39.0,23.3121,161
25,70,-0.0043,-0.0001,100.0,518.67,642.8,1591.32,1412.36,14.62,21.61,553.58,2388.11,9049.96,1.3,47.62,521.89,2388.09,8124.55,8.4514,0.03,392,2388,100.0,38.87,23.3102,160
25,71,-0.0,-0.0,100.0,518.67,642.47,1586.98,1410.39,14.62,21.61,553.79,2388.18,9044.73,1.3,47.49,522.0,2388.08,8134.23,8.3987,0.03,395,2388,100.0,38.77,23.2267,159
25,72,0.0013,-0.0002,100.0,518.67,642.42,1589.48,1411.92,14.62,21.61,553.22,2388.13,9056.97,1.3,47.48,521.68,2388.09,8121.71,8.4289,0.03,393,2388,100.0,38.8,23.2136,158
25,73,-0.0016,-0.0002,100.0,518.67,642.79,1589.59,1413.07,14.62,21.61,552.62,2388.16,9049.53,1.3,47.45,521.94,2388.15,8132.52,8.4294,0.03,392,2388,100.0,38.86,23.2992,157
25,74,-0.0011,-0.0,100.0,518.67,643.14,1585.0,1404.68,14.62,21.61,554.05,2388.14,9047.11,1.3,47.41,521.83,2388.11,8126.22,8.4525,0.03,392,2388,100.0,38.89,23.3259,156
25,75,-0.0011,-0.0003,100.0,518.67,642.47,1589.05,1405.36,14.62,21.61,553.0,2388.22,9047.54,1.3,47.43,521.66,2388.11,8123.21,8.452,0.03,393,2388,100.0,38.92,23.2962,155
25,76,0.0004,0.0002,100.0,518.67,642.19,1587.68,1402.37,14.62,21.61,553.69,2388.15,9049.47,1.3,47.54,521.82,2388.11,8126.88,8.4309,0.03,394,2388,100.0,38.82,23.3525,154
25,77,0.0007,0.0004,100.0,518.67,642.63,1586.42,1409.03,14.62,21.61,553.38,2388.05,9052.65,1.3,47.49,521.65,2388.08,8133.92,8.4539,0.03,394,2388,100.0,38.94,23.3454,153
25,78,0.0004,-0.0003,100.0,518.67,643.07,1586.88,1410.65,14.62,21.61,553.56,2388.09,9052.72,1.3,47.54,521.24,2388.12,8125.54,8.4059,0.03,393,2388,100.0,38.89,23.2385,152
25,79,-0.0032,-0.0001,100.0,518.67,642.7,1591.2,1403.97,14.62,21.61,552.87,2388.1,9049.62,1.3,47.59,521.19,2388.14,8135.97,8.41,0.03,395,2388,100.0,38.91,23.4012,151
25,80,0.0002,-0.0002,100.0,518.67,642.94,1589.24,1390.73,14.62,21.61,553.29,2388.07,9050.72,1.3,47.32,522.1,2388.15,8128.28,8.4124,0.03,393,2388,100.0,38.82,23.2919,150
25,81,-0.0036,0.0002,100.0,518.67,642.36,1595.78,1409.08,14.62,21.61,554.24,2388.14,9045.47,1.3,47.54,521.78,2388.13,8131.99,8.4356,0.03,393,2388,100.0,38.73,23.4136,149
25,82,0.0014,0.0004,100.0,518.67,643.06,1586.46,1403.03,14.62,21.61,553.88,2388.14,9049.92,1.3,47.62,521.79,2388.09,8127.13,8.4522,0.03,392,2388,100.0,38.97,23.2221,148
25,83,-0.0005,0.0006,100.0,518.67,642.71,1587.15,1407.21,14.62,21.61,552.91,2388.05,9050.92,1.3,47.61,521.74,2388.13,8120.62,8.4,0.03,392,2388,100.0,38.97,23.3204,147
25,84,-0.0007,0.0003,100.0,518.67,642.51,1587.35,1403.91,14.62,21.61,553.22,2388.19,9050.91,1.3,47.64,520.98,2388.15,8130.31,8.459,0.03,392,2388,100.0,38.88,23.3614,146
25,85,0.0018,-0.0003,100.0,518.67,642.36,1594.13,1410.5,14.62,21.61,553.45,2388.11,9055.68,1.3,47.39,521.16,2388.12,8133.89,8.4642,0.03,393,2388,100.0,38.92,23.3523,145
25,86,-0.0009,0.0,100.0,518.67,643.05,1589.98,1411.32,14.62,21.61,553.33,2388.13,9046.33,1.3,47.5,521.34,2388.15,8130.9,8.4499,0.03,392,2388,100.0,38.74,23.2596,144
25,87,0.0001,0.0001,100.0,518.67,642.85,1588.34,1405.95,14.62,21.61,553.61,2388.07,9044.12,1.3,47.59,521.39,2388.12,8129.73,8.4282,0.03,393,2388,100.0,38.93,23.3966,143
25,88,-0.0012,0.0006,100.0,518.67,642.77,1596.76,1408.65,14.62,21.61,553.24,2388.1,9044.78,1.3,47.54,521.08,2388.11,8135.74,8.3914,0.03,392,2388,100.0,38.93,23.3491,142
25,89,0.0007,-0.0002,100.0,518.67,642.62,1591.26,1406.87,14.62,21.61,553.47,2388.06,9046.56,1.3,47.62,521.34,2388.09,8127.98,8.4872,0.03,393,2388,100.0,38.76,23.2745,141
25,90,0.0007,0.0001,100.0,518.67,642.91,1581.95,1411.82,14.62,21.61,553.57,2388.1,9048.73,1.3,47.5,521.39,2388.07,8129.58,8.4268,0.03,393,2388,100.0,38.73,23.3427,140
25,91,-0.0002,-0.0,100.0,518.67,642.38,1587.99,1411.07,14.62,21.61,553.26,2388.14,9054.06,1.3,47.62,521.78,2388.09,8134.53,8.4502,0.03,393,2388,100.0,38.92,23.3091,139
25,92,-0.0012,-0.0001,100.0,518.67,642.58,1587.82,1407.37,14.62,21.61,552.85,2388.07,9049.22,1.3,47.55,521.59,2388.14,8135.96,8.4076,0.03,394,2388,100.0,38.89,23.2836,138
25,93,0.0018,0.0001,100.0,518.67,642.2,1592.8,1413.35,14.62,21.61,553.52,2388.12,9050.43,1.3,47.78,521.36,2388.16,8131.49,8.4491,0.03,394,2388,100.0,38.79,23.3678,137
25,94,0.001,-0.0001,100.0,518.67,642.16,1593.74,1414.62,14.62,21.61,552.75,2388.14,9050.25,1.3,47.37,521.44,2388.07,8131.87,8.4648,0.03,393,2388,100.0,38.84,23.237,136
25,95,-0.0002,0.0001,100.0,518.67,642.53,1588.39,1405.2,14.62,21.61,553.07,2388.09,9052.58,1.3,47.37,521.53,2388.13,8131.02,8.4394,0.03,393,2388,100.0,38.82,23.2608,135
25,96,-0.0016,-0.0001,100.0,518.67,642.65,1587.57,1407.19,14.62,21.61,553.02,2388.11,9048.59,1.3,47.5,520.93,2388.13,8137.49,8.4594,0.03,393,2388,100.0,38.72,23.2315,134
25,97,0.0015,0.0,100.0,518.67,642.34,1582.71,1409.9,14.62,21.61,553.61,2388.11,9051.19,1.3,47.4,521.37,2388.09,8128.19,8.4432,0.03,393,2388,100.0,38.95,23.3308,133
25,98,-0.0027,0.0002,100.0,518.67,642.55,1596.99,1410.26,14.62,21.61,553.38,2388.09,9048.68,1.3,47.44,521.83,2388.13,8131.57,8.4466,0.03,395,2388,100.0,38.69,23.3378,132
25,99,0.0004,0.0001,100.0,518.67,642.18,1593.27,1412.33,14.62,21.61,553.43,2388.09,9044.13,1.3,47.59,521.25,2388.08,8126.45,8.3965,0.03,393,2388,100.0,38.88,23.2881,131
25,100,0.0017,0.0005,100.0,518.67,642.55,1586.12,1402.46,14.62,21.61,553.17,2388.13,9051.8,1.3,47.58,521.64,2388.1,8130.29,8.424,0.03,393,2388,100.0,38.87,23.3139,130
25,101,0.0025,-0.0003,100.0,518.67,642.27,1594.43,1409.24,14.62,21.61,553.42,2388.09,9047.47,1.3,47.33,521.32,2388.09,8127.49,8.4434,0.03,393,2388,100.0,38.81,23.3036,129
25,102,0.0012,-0.0001,100.0,518.67,642.7,1590.64,1400.06,14.62,21.61,553.23,2388.06,9049.68,1.3,47.48,521.19,2388.12,8124.27,8.4403,0.03,392,2388,100.0,38.86,23.2026,128
25,103,-0.0015,0.0004,100.0,518.67,643.32,1584.99,1413.41,14.62,21.61,553.91,2388.11,9048.37,1.3,47.55,521.98,2388.15,8129.44,8.4346,0.03,394,2388,100.0,38.95,23.2454,127
25,104,-0.0026,0.0001,100.0,518.67,642.56,1590.94,1408.98,14.62,21.61,552.88,2388.17,9053.52,1.3,47.63,521.15,2388.13,8132.85,8.4437,0.03,393,2388,100.0,38.82,23.3066,126
25,105,0.0028,0.0001,100.0,518.67,642.61,1585.86,1405.79,14.62,21.61,553.22,2388.1,9049.57,1.3,47.7,521.13,2388.11,8133.57,8.4365,0.03,392,2388,100.0,38.82,23.2432,125
25,106,-0.0012,-0.0004,100.0,518.67,642.52,1584.39,1409.66,14.62,21.61,554.01,2388.13,9048.34,1.3,47.56,521.26,2388.09,8132.18,8.4613,0.03,393,2388,100.0,38.85,23.2857,124
25,107,0.001,0.0001,100.0,518.67,642.62,1597.27,1405.41,14.62,21.61,553.03,2388.07,9048.53,1.3,47.62,521.43,2388.12,8131.53,8.4635,0.03,393,2388,100.0,38.82,23.1386,123
25,108,-0.0027,0.0004,100.0,518.67,642.77,1596.5,1413.89,14.62,21.61,553.17,2388.14,9053.56,1.3,47.45,521.95,2388.13,8131.23,8.3965,0.03,392,2388,100.0,39.03,23.2396,122
25,109,-0.0049,-0.0001,100.0,518.67,642.77,1588.16,1401.4,14.62,21.61,552.63,2388.14,9049.79,1.3,47.43,521.17,2388.07,8135.43,8.4229,0.03,392,2388,100.0,38.81,23.2236,121
25,110,-0.0016,0.0001,100.0,518.67,642.28,1584.3,1405.22,14.62,21.61,553.94,2388.11,9056.92,1.3,47.51,521.13,2388.06,8131.92,8.4421,0.03,394,2388,100.0,38.92,23.2552,120
25,111,-0.0015,-0.0003,100.0,518.67,642.15,1587.86,1408.81,14.62,21.61,553.13,2388.12,9053.95,1.3,47.48,521.46,2388.06,8133.85,8.4514,0.03,393,2388,100.0,38.9,23.2308,119
25,112,-0.0021,0.0003,100.0,518.67,642.2,1594.87,1412.42,14.62,21.61,553.26,2388.06,9058.45,1.3,47.51,521.86,2388.14,8129.0,8.4227,0.03,393,2388,100.0,38.86,23.2675,118
25,113,-0.0007,0.0005,100.0,518.67,642.24,1589.78,1406.16,14.62,21.61,552.81,2388.07,9053.68,1.3,47.66,520.94,2388.16,8132.16,8.4521,0.03,393,2388,100.0,38.78,23.2198,117
25,114,-0.0032,0.0001,100.0,518.67,642.48,1592.92,1410.0,14.62,21.61,553.6,2388.12,9056.9,1.3,47.52,521.45,2388.14,8136.18,8.4536,0.03,393,2388,100.0,38.84,23.3074,116
25,115,-0.0,0.0003,100.0,518.67,641.7,1586.53,1403.97,14.62,21.61,553.56,2388.11,9056.41,1.3,47.68,521.78,2388.13,8132.94,8.4149,0.03,393,2388,100.0,38.68,23.2067,115
25,116,-0.0023,-0.0,100.0,518.67,642.58,1589.3,1409.18,14.62,21.61,553.12,2388.12,9056.27,1.3,47.58,521.72,2388.06,8135.65,8.4433,0.03,394,2388,100.0,38.82,23.3755,114
25,117,0.0018,0.0005,100.0,518.67,642.37,1593.3,1416.74,14.62,21.61,553.6,2388.05,9055.22,1.3,47.49,521.43,2388.14,8134.07,8.4328,0.03,392,2388,100.0,38.89,23.3015,113
25,118,-0.0056,0.0005,100.0,518.67,642.53,1589.12,1409.1,14.62,21.61,553.69,2388.12,9052.81,1.3,47.36,521.83,2388.15,8135.35,8.4351,0.03,392,2388,100.0,38.77,23.298,112
25,119,0.0047,-0.0002,100.0,518.67,642.76,1593.37,1413.67,14.62,21.61,553.41,2388.14,9052.49,1.3,47.56,521.38,2388.11,8140.53,8.4195,0.03,394,2388,100.0,38.72,23.2693,111
25,120,0.0004,0.0,100.0,518.67,642.41,1594.46,1410.49,14.62,21.61,553.17,2388.16,9051.83,1.3,47.47,521.68,2388.11,8135.08,8.4441,0.03,394,2388,100.0,38.91,23.3609,110
25,121,0.003,0.0005,100.0,518.67,642.4,1592.51,1405.83,14.62,21.61,552.97,2388.13,9060.63,1.3,47.57,521.33,2388.09,8132.19,8.4292,0.03,393,2388,100.0,38.78,23.2966,109
25,122,0.006,0.0004,100.0,518.67,642.44,1586.5,1407.71,14.62,21.61,553.71,2388.12,9059.14,1.3,47.42,521.73,2388.11,8140.4,8.4467,0.03,393,2388,100.0,38.8,23.1554,108
25,123,-0.0003,-0.0001,100.0,518.67,643.06,1594.0,1405.98,14.62,21.61,553.09,2388.13,9054.09,1.3,47.41,521.63,2388.12,8127.07,8.4385,0.03,393,2388,100.0,38.85,23.2794,107
25,124,0.0036,-0.0003,100.0,518.67,642.28,1591.06,1408.04,14.62,21.61,553.12,2388.08,9056.59,1.3,47.45,521.07,2388.05,8126.17,8.4495,0.03,393,2388,100.0,38.82,23.3407,106
25,125,0.0015,-0.0002,100.0,518.67,642.07,1595.91,1411.91,14.62,21.61,552.72,2388.19,9058.29,1.3,47.61,521.24,2388.1,8131.64,8.4378,0.03,393,2388,100.0,38.7,23.3321,105
25,126,-0.0003,-0.0004,100.0,518.67,643.13,1587.65,1410.49,14.62,21.61,553.46,2388.11,9053.38,1.3,47.38,521.37,2388.15,8140.59,8.403,0.03,393,2388,100.0,38.76,23.3545,104
25,127,-0.0027,0.0005,100.0,518.67,642.53,1594.04,1413.71,14.62,21.61,554.01,2388.13,9055.53,1.3,47.55,520.94,2388.09,8139.19,8.4641,0.03,394,2388,100.0,38.95,23.2958,103
25,128,0.0025,-0.0003,100.0,518.67,642.59,1588.0,1413.56,14.62,21.61,552.81,2388.06,9062.02,1.3,47.64,521.32,2388.1,8138.23,8.4638,0.03,394,2388,100.0,38.82,23.3318,102
25,129,0.0021,0.0004,100.0,518.67,642.67,1590.86,1401.08,14.62,21.61,553.1,2388.08,9053.03,1.3,47.59,521.33,2388.09,8138.11,8.4409,0.03,394,2388,100.0,38.63,23.3342,101
25,130,0.001,-0.0002,100.0,518.67,642.79,1586.79,1411.73,14.62,21.61,552.97,2388.1,9061.57,1.3,47.7,520.85,2388.16,8133.12,8.4352,0.03,394,2388,100.0,38.71,23.4115,100
25,131,-0.0003,0.0001,100.0,518.67,642.6,1596.34,1412.37,14.62,21.61,553.35,2388.12,9051.05,1.3,47.38,521.26,2388.12,8136.4,8.4405,0.03,391,2388,100.0,38.82,23.2854,99
25,132,0.0004,0.0002,100.0,518.67,642.61,1590.26,1406.83,14.62,21.61,553.99,2388.12,9055.94,1.3,47.5,521.67,2388.14,8131.55,8.3899,0.03,392,2388,100.0,38.67,23.2475,98
25,133,0.0022,0.0003,100.0,518.67,643.23,1592.89,1410.92,14.62,21.61,552.98,2388.11,9054.13,1.3,47.52,521.15,2388.19,8137.25,8.391,0.03,394,2388,100.0,38.88,23.1933,97
25,134,-0.0011,-0.0002,100.0,518.67,642.39,1586.02,1406.78,14.62,21.61,553.38,2388.11,9053.28,1.3,47.66,521.43,2388.15,8139.04,8.4254,0.03,394,2388,100.0,38.79,23.3129,96
25,135,-0.0007,-0.0002,100.0,518.67,643.12,1585.64,1403.97,14.62,21.61,553.06,2388.07,9060.28,1.3,47.62,520.93,2388.08,8137.28,8.4339,0.03,394,2388,100.0,38.67,23.2313,95
25,136,0.0006,-0.0003,100.0,518.67,642.96,1592.63,1412.58,14.62,21.61,553.95,2388.13,9051.09,1.3,47.51,522.02,2388.11,8137.78,8.4203,0.03,394,2388,100.0,38.89,23.3974,94
25,137,-0.0035,0.0003,100.0,518.67,642.95,1594.29,1410.74,14.62,21.61,553.57,2388.09,9066.58,1.3,47.5,521.34,2388.14,8138.94,8.4315,0.03,393,2388,100.0,38.77,23.2941,93
25,138,0.0033,0.0005,100.0,518.67,642.36,1587.37,1420.12,14.62,21.61,553.2,2388.14,9060.38,1.3,47.43,521.74,2388.15,8138.69,8.4228,0.03,394,2388,100.0,38.9,23.3402,92
25,139,-0.0,-0.0001,100.0,518.67,642.81,1587.45,1412.39,14.62,21.61,552.92,2388.04,9059.44,1.3,47.52,521.13,2388.08,8144.07,8.4406,0.03,394,2388,100.0,38.93,23.1738,91
25,140,0.0002,-0.0002,100.0,518.67,642.7,1594.11,1407.2,14.62,21.61,553.16,2388.13,9063.8,1.3,47.62,521.51,2388.13,8137.64,8.4331,0.03,392,2388,100.0,38.88,23.3665,90
25,141,0.0015,-0.0003,100.0,518.67,643.11,1592.39,1414.41,14.62,21.61,552.98,2388.11,9057.6,1.3,47.55,521.26,2388.14,8139.36,8.4129,0.03,394,2388,100.0,38.7,23.2871,89
25,142,0.0004,-0.0004,100.0,518.67,643.21,1590.53,1407.72,14.62,21.61,552.78,2388.15,9055.53,1.3,47.69,521.09,2388.14,8145.19,8.4631,0.03,393,2388,100.0,38.69,23.1287,88
25,143,0.0003,-0.0002,100.0,518.67,642.71,1593.85,1409.66,14.62,21.61,552.72,2388.12,9061.56,1.3,47.64,521.37,2388.06,8141.76,8.4357,0.03,394,2388,100.0,38.71,23.1922,87
25,144,-0.0016,0.0003,100.0,518.67,642.78,1585.02,1410.98,14.62,21.61,553.13,2388.09,9053.39,1.3,47.54,521.36,2388.15,8138.14,8.4626,0.03,392,2388,100.0,38.83,23.2199,86
25,145,0.0038,0.0004,100.0,518.67,642.63,1591.29,1411.5,14.62,21.61,553.32,2388.11,9056.76,1.3,47.48,521.6,2388.11,8139.67,8.4491,0.03,395,2388,100.0,38.62,23.2091,85
25,146,-0.0007,-0.0004,100.0,518.67,642.55,1597.93,1410.22,14.62,21.61,552.74,2388.14,9065.1,1.3,47.5,521.59,2388.13,8144.18,8.4875,0.03,394,2388,100.0,38.88,23.2547,84
25,147,-0.0022,-0.0002,100.0,518.67,643.09,1595.15,1407.23,14.62,21.61,552.63,2388.11,9056.42,1.3,47.68,521.1,2388.11,8134.58,8.4511,0.03,393,2388,100.0,38.73,23.3014,83
25,148,-0.0001,-0.0003,100.0,518.67,642.73,1595.64,1405.78,14.62,21.61,553.19,2388.11,9073.22,1.3,47.7,521.51,2388.09,8134.4,8.4356,0.03,393,2388,100.0,38.74,23.3651,82
25,149,0.0009,0.0004,100.0,518.67,642.76,1603.11,1412.99,14.62,21.61,552.8,2388.12,9057.19,1.3,47.72,521.26,2388.09,8143.81,8.4501,0.03,393,2388,100.0,38.76,23.2608,81
25,150,-0.001,0.0006,100.0,518.67,642.8,1591.07,1413.57,14.62,21.61,553.25,2388.15,9061.65,1.3,47.58,520.55,2388.06,8145.85,8.4176,0.03,392,2388,100.0,38.84,23.2605,80
25,151,0.0009,0.0003,100.0,518.67,642.33,1591.69,1414.09,14.62,21.61,552.77,2388.13,9059.27,1.3,47.52,521.26,2388.16,8142.71,8.4371,0.03,392,2388,100.0,38.79,23.2263,79
25,152,-0.0009,-0.0003,100.0,518.67,642.53,1586.06,1412.11,14.62,21.61,553.48,2388.14,9059.9,1.3,47.72,521.4,2388.13,8138.89,8.4619,0.03,393,2388,100.0,38.61,23.3595,78
25,153,0.0004,0.0003,100.0,518.67,642.93,1597.46,1406.06,14.62,21.61,552.67,2388.14,9073.27,1.3,47.63,521.28,2388.09,8148.43,8.4368,0.03,392,2388,100.0,38.63,23.1682,77
25,154,0.0004,-0.0,100.0,518.67,642.76,1596.36,1405.92,14.62,21.61,553.56,2388.1,9060.45,1.3,47.72,521.06,2388.12,8143.58,8.4777,0.03,394,2388,100.0,38.88,23.1833,76
25,155,-0.0001,0.0005,100.0,518.67,643.21,1586.08,1417.94,14.62,21.61,552.78,2388.13,9064.07,1.3,47.57,520.83,2388.12,8144.75,8.4439,0.03,395,2388,100.0,38.63,23.2237,75
25,156,0.0045,0.0004,100.0,518.67,642.61,1591.54,1408.68,14.62,21.61,553.67,2388.09,9062.39,1.3,47.75,521.01,2388.13,8141.85,8.4434,0.03,393,2388,100.0,38.8,23.2705,74
25,157,0.0012,0.0001,100.0,518.67,642.93,1597.24,1414.85,14.62,21.61,552.62,2388.11,9061.97,1.3,47.74,521.45,2388.12,8147.32,8.4381,0.03,393,2388,100.0,38.81,23.2481,73
25,158,0.0018,-0.0004,100.0,518.67,643.07,1590.75,1408.87,14.62,21.61,552.47,2388.08,9068.99,1.3,47.69,520.58,2388.14,8143.99,8.4483,0.03,394,2388,100.0,38.83,23.2077,72
25,159,0.0002,0.0001,100.0,518.67,643.11,1582.89,1414.83,14.62,21.61,552.93,2388.1,9067.54,1.3,47.56,521.04,2388.13,8146.72,8.4705,0.03,392,2388,100.0,38.88,23.2842,71
25,160,-0.001,0.0002,100.0,518.67,643.42,1594.91,1410.65,14.62,21.61,552.65,2388.11,9065.78,1.3,47.64,521.15,2388.09,8144.02,8.4771,0.03,394,2388,100.0,38.71,23.269,70
25,161,0.0019,-0.0,100.0,518.67,642.96,1594.83,1418.16,14.62,21.61,553.25,2388.15,9069.94,1.3,47.65,521.01,2388.09,8146.94,8.4417,0.03,393,2388,100.0,38.67,23.2401,69
25,162,0.0022,0.0004,100.0,518.67,642.74,1590.62,1408.44,14.62,21.61,552.93,2388.14,9069.57,1.3,47.66,521.16,2388.09,8143.28,8.4187,0.03,394,2388,100.0,38.62,23.2923,68
25,163,-0.001,0.0001,100.0,518.67,643.2,1596.37,1417.33,14.62,21.61,553.75,2388.1,9069.39,1.3,47.6,521.16,2388.12,8142.07,8.4342,0.03,393,2388,100.0,38.82,23.2669,67
25,164,0.0029,-0.0003,100.0,518.67,643.1,1589.57,1417.62,14.62,21.61,552.5,2388.07,9063.76,1.3,47.68,521.54,2388.12,8144.3,8.4501,0.03,393,2388,100.0,38.72,23.1695,66
25,165,-0.0001,0.0004,100.0,518.67,642.89,1596.48,1413.0,14.62,21.61,552.5,2388.09,9067.45,1.3,47.64,521.3,2388.15,8142.64,8.4802,0.03,394,2388,100.0,38.56,23.2767,65
25,166,-0.0084,0.0005,100.0,518.67,642.9,1585.92,1405.45,14.62,21.61,552.87,2388.11,9072.69,1.3,47.71,520.49,2388.13,8149.52,8.434,0.03,394,2388,100.0,38.82,23.2087,64
25,167,0.0013,-0.0002,100.0,518.67,642.72,1586.62,1412.88,14.62,21.61,552.62,2388.1,9070.21,1.3,47.68,520.93,2388.1,8151.98,8.4839,0.03,391,2388,100.0,38.91,23.2461,63
25,168,0.0036,0.0002,100.0,518.67,642.48,1599.29,1412.65,14.62,21.61,552.39,2388.12,9068.89,1.3,47.72,521.32,2388.18,8148.48,8.4535,0.03,394,2388,100.0,38.98,23.3493,62
25,169,-0.0006,-0.0004,100.0,518.67,642.87,1587.29,1407.76,14.62,21.61,553.32,2388.09,9061.41,1.3,47.51,520.84,2388.15,8151.68,8.459,0.03,394,2388,100.0,38.62,23.2116,61
25,170,0.0018,-0.0003,100.0,518.67,643.19,1588.55,1412.12,14.62,21.61,552.71,2388.11,9077.87,1.3,47.57,520.8,2388.06,8152.98,8.5051,0.03,393,2388,100.0,38.75,23.223,60
25,171,-0.0028,-0.0002,100.0,518.67,642.56,1588.49,1410.0,14.62,21.61,552.9,2388.13,9073.13,1.3,47.62,520.9,2388.15,8146.61,8.4526,0.03,395,2388,100.0,38.64,23.1895,59
25,172,0.0038,0.0003,100.0,518.67,643.32,1591.97,1413.97,14.62,21.61,552.55,2388.12,9066.69,1.3,47.63,520.59,2388.12,8148.38,8.4714,0.03,393,2388,100.0,38.84,23.1959,58
25,173,0.0015,-0.0004,100.0,518.67,642.3,1594.77,1413.53,14.62,21.61,553.47,2388.11,9074.79,1.3,47.61,520.8,2388.1,8146.6,8.4788,0.03,393,2388,100.0,38.77,23.2673,57
25,174,0.001,0.0001,100.0,518.67,642.77,1592.13,1415.31,14.62,21.61,553.52,2388.1,9077.22,1.3,47.68,520.74,2388.11,8149.82,8.4205,0.03,392,2388,100.0,38.76,23.2398,56
25,175,0.0006,-0.0002,100.0,518.67,642.84,1596.65,1417.16,14.62,21.61,552.17,2388.09,9070.68,1.3,47.77,521.53,2388.16,8151.86,8.4356,0.03,396,2388,100.0,38.69,23.2026,55
25,176,-0.0021,-0.0001,100.0,518.67,642.91,1589.11,1416.92,14.62,21.61,552.95,2388.18,9077.25,1.3,47.74,521.01,2388.16,8154.39,8.4725,0.03,394,2388,100.0,38.7,23.2692,54
25,177,-0.0022,0.0004,100.0,518.67,643.43,1603.56,1415.63,14.62,21.61,552.99,2388.21,9077.57,1.3,47.69,521.23,2388.15,8153.82,8.4596,0.03,394,2388,100.0,38.95,23.1944,53
25,178,0.0005,-0.0002,100.0,518.67,643.34,1589.35,1417.99,14.62,21.61,552.86,2388.16,9075.93,1.3,47.73,520.85,2388.14,8149.7,8.4899,0.03,394,2388,100.0,38.68,23.1776,52
25,179,0.0014,-0.0001,100.0,518.67,643.08,1596.01,1419.39,14.62,21.61,552.57,2388.12,9081.64,1.3,47.82,521.46,2388.1,8148.77,8.4896,0.03,394,2388,100.0,38.7,23.185,51
25,180,-0.001,0.0003,100.0,518.67,642.98,1597.17,1417.58,14.62,21.61,553.0,2388.1,9084.97,1.3,47.63,520.54,2388.14,8151.17,8.4687,0.03,396,2388,100.0,38.66,23.2174,50
25,181,-0.003,-0.0002,100.0,518.67,643.17,1599.75,1422.34,14.62,21.61,552.61,2388.09,9077.29,1.3,47.59,521.32,2388.13,8152.71,8.4689,0.03,393,2388,100.0,38.71,23.1317,49
25,182,0.0032,-0.0003,100.0,518.67,643.03,1598.59,1420.57,14.62,21.61,552.4,2388.12,9072.72,1.3,47.86,521.31,2388.11,8150.73,8.4542,0.03,393,2388,100.0,38.75,23.1812,48
25,183,0.0004,-0.0003,100.0,518.67,643.08,1592.95,1410.37,14.62,21.61,552.84,2388.11,9077.49,1.3,47.75,521.27,2388.16,8155.29,8.4758,0.03,394,2388,100.0,38.62,23.0978,47
25,184,0.0016,-0.0002,100.0,518.67,643.56,1593.31,1412.5,14.62,21.61,552.51,2388.12,9078.35,1.3,47.77,520.68,2388.08,8155.16,8.4811,0.03,395,2388,100.0,38.81,23.1568,46
25,185,0.0002,-0.0001,100.0,518.67,642.04,1598.2,1418.44,14.62,21.61,552.57,2388.13,9075.82,1.3,47.85,521.23,2388.12,8153.58,8.5056,0.03,394,2388,100.0,38.88,23.1109,45
25,186,0.0016,0.0,100.0,518.67,643.58,1592.09,1415.74,14.62,21.61,553.16,2388.13,9087.76,1.3,47.76,520.92,2388.13,8160.34,8.4737,0.03,394,2388,100.0,38.67,23.2048,44
25,187,0.0006,0.0004,100.0,518.67,643.1,1598.58,1415.37,14.62,21.61,552.28,2388.14,9090.99,1.3,47.74,520.62,2388.1,8159.05,8.4528,0.03,396,2388,100.0,38.53,23.1532,43
25,188,0.0042,0.0005,100.0,518.67,642.98,1596.95,1418.38,14.62,21.61,552.65,2388.13,9083.65,1.3,47.81,520.89,2388.12,8159.88,8.4612,0.03,394,2388,100.0,38.75,23.3001,42
25,189,-0.0,-0.0001,100.0,518.67,642.82,1595.5,1418.07,14.62,21.61,552.63,2388.17,9084.75,1.3,47.88,520.51,2388.23,8160.91,8.4778,0.03,395,2388,100.0,38.74,23.1926,41
25,190,-0.0007,-0.0,100.0,518.67,643.31,1600.08,1407.16,14.62,21.61,552.48,2388.12,9083.9,1.3,47.84,520.68,2388.12,8160.96,8.4587,0.03,395,2388,100.0,38.66,23.155,40
25,191,-0.0004,-0.0001,100.0,518.67,643.1,1600.68,1420.32,14.62,21.61,552.93,2388.13,9090.79,1.3,47.75,520.77,2388.11,8158.48,8.5004,0.03,395,2388,100.0,38.72,23.2813,39
25,192,0.0002,0.0,100.0,518.67,643.09,1589.98,1419.89,14.62,21.61,551.28,2388.18,9091.24,1.3,47.85,520.62,2388.16,8165.44,8.5243,0.03,394,2388,100.0,38.68,23.2388,38
25,193,0.0029,-0.0001,100.0,518.67,643.4,1591.68,1418.37,14.62,21.61,552.8,2388.11,9090.71,1.3,47.74,520.48,2388.11,8167.66,8.4791,0.03,394,2388,100.0,38.57,23.1232,37
25,194,0.0027,0.0002,100.0,518.67,642.34,1595.45,1419.73,14.62,21.61,552.17,2388.13,9088.01,1.3,47.92,520.76,2388.16,8165.73,8.4738,0.03,395,2388,100.0,38.68,23.1838,36
25,195,0.003,0.0002,100.0,518.67,643.18,1601.38,1419.67,14.62,21.61,552.19,2388.13,9091.9,1.3,47.87,520.4,2388.13,8168.42,8.4729,0.03,395,2388,100.0,38.59,23.1701,35
25,196,0.0037,0.0002,100.0,518.67,643.42,1595.44,1413.03,14.62,21.61,551.54,2388.12,9093.5,1.3,47.83,520.8,2388.19,8167.79,8.4853,0.03,394,2388,100.0,38.43,23.094,34
25,197,0.0013,-0.0,100.0,518.67,643.13,1592.8,1414.26,14.62,21.61,552.53,2388.13,9092.47,1.3,47.84,520.66,2388.11,8165.44,8.4364,0.03,394,2388,100.0,38.69,23.2895,33
25,198,0.0001,-0.0003,100.0,518.67,643.3,1594.22,1420.24,14.62,21.61,552.15,2388.1,9090.73,1.3,47.81,520.37,2388.11,8162.43,8.4717,0.03,396,2388,100.0,38.56,23.2368,32
25,199,-0.0002,0.0005,100.0,518.67,643.48,1596.72,1417.54,14.62,21.61,552.31,2388.14,9094.27,1.3,47.83,520.63,2388.14,8169.02,8.4861,0.03,395,2388,100.0,38.65,23.1098,31
25,200,-0.0012,0.0002,100.0,518.67,643.31,1597.29,1425.83,14.62,21.61,552.98,2388.12,9099.12,1.3,47.77,521.14,2388.14,8166.9,8.4732,0.03,397,2388,100.0,38.46,23.1887,30
25,201,-0.002,-0.0,100.0,518.67,643.51,1599.5,1429.49,14.62,21.61,552.98,2388.09,9098.67,1.3,47.91,520.69,2388.13,8175.72,8.4803,0.03,395,2388,100.0,38.58,23.1539,29
25,202,0.0032,-0.0004,100.0,518.67,643.39,1597.75,1417.75,14.62,21.61,552.28,2388.15,9108.44,1.3,47.87,520.61,2388.1,8173.66,8.4887,0.03,395,2388,100.0,38.59,23.1195,28
25,203,-0.0005,0.0001,100.0,518.67,643.32,1596.11,1421.69,14.62,21.61,552.87,2388.17,9102.67,1.3,47.8,520.38,2388.17,8176.05,8.4931,0.03,395,2388,100.0,38.8,23.0951,27
25,204,0.0019,-0.0001,100.0,518.67,642.8,1592.03,1416.05,14.62,21.61,552.3,2388.06,9105.53,1.3,47.72,520.45,2388.09,8173.85,8.5056,0.03,396,2388,100.0,38.47,23.1359,26
25,205,0.0018,-0.0002,100.0,518.67,643.37,1597.72,1416.7,14.62,21.61,551.99,2388.11,9094.89,1.3,47.83,521.01,2388.21,8179.16,8.5222,0.03,396,2388,100.0,38.53,23.1661,25
25,206,-0.0014,-0.0,100.0,518.67,643.22,1598.68,1419.41,14.62,21.61,552.22,2388.16,9109.81,1.3,47.72,520.87,2388.14,8179.82,8.4984,0.03,394,2388,100.0,38.59,23.1622,24
25,207,0.0006,0.0004,100.0,518.67,643.42,1603.23,1422.65,14.62,21.61,551.9,2388.14,9105.36,1.3,47.78,520.86,2388.13,8177.14,8.5151,0.03,396,2388,100.0,38.49,23.0941,23
25,208,0.0011,-0.0,100.0,518.67,644.18,1596.8,1422.9,14.62,21.61,552.71,2388.12,9110.46,1.3,48.08,520.54,2388.15,8178.39,8.472,0.03,394,2388,100.0,38.48,23.2086,22
25,209,-0.0016,0.0005,100.0,518.67,643.23,1595.62,1423.78,14.62,21.61,552.69,2388.05,9107.84,1.3,47.84,520.2,2388.11,8178.93,8.4615,0.03,395,2388,100.0,38.7,23.1507,21
25,210,-0.0002,0.0004,100.0,518.67,643.35,1599.24,1423.88,14.62,21.61,552.28,2388.13,9118.42,1.3,47.87,520.2,2388.19,8184.42,8.5101,0.03,395,2388,100.0,38.51,23.0703,20
25,211,0.0026,0.0003,100.0,518.67,643.51,1601.21,1422.29,14.62,21.61,551.96,2388.14,9115.89,1.3,47.86,520.72,2388.2,8187.38,8.5002,0.03,396,2388,100.0,38.63,23.1222,19
25,212,-0.0026,0.0,100.0,518.67,643.26,1602.87,1427.33,14.62,21.61,552.25,2388.19,9116.12,1.3,48.07,520.64,2388.13,8187.9,8.4744,0.03,396,2388,100.0,38.5,23.0674,18
25,213,-0.0002,-0.0004,100.0,518.67,643.17,1602.09,1427.09,14.62,21.61,553.0,2388.15,9115.12,1.3,48.01,520.48,2388.23,8182.37,8.5109,0.03,396,2388,100.0,38.51,23.1052,17
25,214,-0.0003,-0.0002,100.0,518.67,642.84,1603.02,1426.38,14.62,21.61,551.47,2388.1,9117.02,1.3,47.9,520.29,2388.13,8182.51,8.5107,0.03,396,2388,100.0,38.7,23.1234,16
25,215,-0.0009,0.0002,100.0,518.67,643.57,1603.88,1413.65,14.62,21.61,552.22,2388.13,9118.23,1.3,48.0,520.68,2388.17,8189.73,8.5033,0.03,396,2388,100.0,38.59,23.0535,15
25,216,0.0017,-0.0002,100.0,518.67,643.87,1597.4,1421.64,14.62,21.61,552.75,2388.19,9121.51,1.3,47.92,520.02,2388.16,8186.12,8.5153,0.03,397,2388,100.0,38.54,23.0867,14
25,217,0.0023,0.0002,100.0,518.67,643.06,1604.46,1431.46,14.62,21.61,552.06,2388.16,9127.1,1.3,47.96,520.64,2388.15,8194.8,8.5333,0.03,397,2388,100.0,38.52,23.0868,13
25,218,0.0009,-0.0003,100.0,518.67,643.2,1601.87,1424.69,14.62,21.61,551.96,2388.1,9128.54,1.3,48.12,520.2,2388.16,8192.99,8.5042,0.03,395,2388,100.0,38.49,23.1001,12
25,219,0.0012,0.0003,100.0,518.67,643.54,1597.11,1424.1,14.62,21.61,552.31,2388.15,9125.76,1.3,48.01,520.1,2388.09,8196.75,8.5058,0.03,397,2388,100.0,38.55,23.0208,11
25,220,-0.0008,0.0,100.0,518.67,643.35,1601.93,1425.47,14.62,21.61,551.49,2388.15,9125.1,1.3,47.98,519.78,2388.21,8191.87,8.5385,0.03,396,2388,100.0,38.53,23.0558,10
25,221,0.0005,0.0,100.0,518.67,643.03,1601.52,1425.8,14.62,21.61,551.74,2388.16,9126.33,1.3,47.86,520.24,2388.08,8196.0,8.4919,0.03,396,2388,100.0,38.38,23.1094,9
25,222,0.0001,-0.0003,100.0,518.67,643.74,1608.24,1423.81,14.62,21.61,551.63,2388.21,9133.16,1.3,47.87,520.51,2388.13,8198.38,8.5265,0.03,397,2388,100.0,38.55,23.0497,8
25,223,-0.0015,-0.0001,100.0,518.67,643.2,1608.02,1418.96,14.62,21.61,551.74,2388.2,9137.12,1.3,48.13,520.38,2388.16,8204.4,8.5232,0.03,396,2388,100.0,38.44,23.1504,7
25,224,-0.0028,-0.0004,100.0,518.67,643.82,1605.89,1422.29,14.62,21.61,550.9,2388.14,9138.44,1.3,48.26,520.02,2388.18,8206.26,8.5088,0.03,395,2388,100.0,38.57,23.0172,6
25,225,0.0018,-0.0002,100.0,518.67,643.75,1599.19,1424.83,14.62,21.61,552.52,2388.21,9145.39,1.3,48.04,520.27,2388.17,8207.18,8.534,0.03,397,2388,100.0,38.34,23.0279,5
25,226,-0.0009,-0.0003,100.0,518.67,643.67,1600.17,1426.41,14.62,21.61,552.06,2388.19,9137.72,1.3,47.89,520.62,2388.22,8204.52,8.4973,0.03,398,2388,100.0,38.5,23.0434,4
25,227,-0.0007,-0.0003,100.0,518.67,643.86,1596.43,1433.44,14.62,21.61,551.8,2388.19,9138.82,1.3,48.05,520.21,2388.19,8207.95,8.5259,0.03,396,2388,100.0,38.28,23.0329,3
25,228,-0.005,0.0003,100.0,518.67,643.34,1599.7,1430.76,14.62,21.61,551.83,2388.24,9152.39,1.3,48.39,519.65,2388.19,8209.96,8.5266,0.03,397,2388,100.0,38.61,23.0262,2
25,229,-0.0004,-0.0,100.0,518.67,643.8,1601.85,1431.0,14.62,21.61,551.62,2388.16,9146.58,1.3,47.95,520.1,2388.2,8211.93,8.5494,0.03,396,2388,100.0,38.4,23.163,1
25,230,-0.0046,0.0001,100.0,518.67,643.67,1608.49,1432.58,14.62,21.61,552.18,2388.14,9152.46,1.3,48.12,520.16,2388.19,8209.41,8.4974,0.03,398,2388,100.0,38.38,23.0349,0
26,1,0.0002,-0.0002,100.0,518.67,642.5,1591.55,1411.43,14.62,21.61,552.93,2388.14,9041.19,1.3,47.56,521.53,2388.13,8126.96,8.4322,0.03,393,2388,100.0,38.82,23.3124,198
26,2,-0.0006,0.0,100.0,518.67,642.41,1589.84,1405.51,14.62,21.61,553.11,2388.13,9041.49,1.3,47.44,521.09,2388.14,8125.07,8.4626,0.03,392,2388,100.0,38.76,23.2642,197
26,3,0.0002,-0.0001,100.0,518.67,642.63,1588.16,1408.81,14.62,21.61,553.31,2388.09,9042.25,1.3,47.62,521.64,2388.13,8124.61,8.4142,0.03,391,2388,100.0,38.78,23.3072,196
26,4,0.0024,-0.0002,100.0,518.67,643.13,1593.67,1409.85,14.62,21.61,553.18,2388.13,9044.59,1.3,47.48,521.3,2388.1,8128.42,8.4246,0.03,394,2388,100.0,38.81,23.2889,195
26,5,0.0026,0.0001,100.0,518.67,642.8,1588.61,1414.19,14.62,21.61,553.5,2388.2,9035.69,1.3,47.38,521.3,2388.11,8126.1,8.4018,0.03,394,2388,100.0,38.84,23.2591,194
26,6,0.0026,0.0004,100.0,518.67,642.16,1588.7,1408.6,14.62,21.61,553.41,2388.05,9059.69,1.3,47.59,521.49,2388.07,8125.29,8.4515,0.03,392,2388,100.0,38.97,23.2985,193
26,7,0.0032,0.0003,100.0,518.67,642.4,1588.25,1404.3,14.62,21.61,552.82,2388.11,9040.52,1.3,47.39,521.52,2388.07,8131.55,8.4827,0.03,393,2388,100.0,38.76,23.4328,192
26,8,-0.0001,-0.0001,100.0,518.67,642.94,1586.14,1412.11,14.62,21.61,552.92,2388.15,9045.97,1.3,47.63,521.24,2388.18,8126.07,8.4106,0.03,392,2388,100.0,38.8,23.279,191
26,9,0.002,-0.0003,100.0,518.67,642.38,1592.4,1405.42,14.62,21.61,554.15,2388.11,9038.5,1.3,47.54,521.17,2388.14,8121.35,8.4442,0.03,394,2388,100.0,38.99,23.2642,190
26,10,-0.0011,0.0005,100.0,518.67,642.34,1585.35,1406.11,14.62,21.61,554.25,2388.15,9051.8,1.3,47.56,520.4,2388.1,8128.39,8.4446,0.03,394,2388,100.0,38.77,23.3325,189
26,11,0.0007,-0.0003,100.0,518.67,642.68,1586.4,1401.17,14.62,21.61,553.51,2388.11,9048.38,1.3,47.34,521.41,2388.11,8128.45,8.4435,0.03,394,2388,100.0,38.98,23.3468,188
26,12,-0.0005,-0.0002,100.0,518.67,642.91,1591.39,1408.91,14.62,21.61,552.92,2388.1,9046.7,1.3,47.48,521.59,2388.14,8131.34,8.4164,0.03,393,2388,100.0,38.78,23.2211,187
26,13,-0.0023,-0.0003,100.0,518.67,642.69,1587.16,1406.85,14.62,21.61,552.91,2388.12,9047.57,1.3,47.45,521.93,2388.13,8125.23,8.4351,0.03,393,2388,100.0,38.76,23.2512,186
26,14,0.0001,0.0004,100.0,518.67,642.78,1593.83,1411.14,14.62,21.61,553.08,2388.12,9047.88,1.3,47.48,522.11,2388.13,8129.67,8.4432,0.03,393,2388,100.0,38.94,23.3845,185
26,15,-0.001,0.0005,100.0,518.67,642.07,1591.37,1410.22,14.62,21.61,553.26,2388.17,9045.81,1.3,47.49,521.47,2388.1,8129.2,8.4303,0.03,393,2388,100.0,38.75,23.3319,184
26,16,-0.0009,0.0004,100.0,518.67,642.19,1588.19,1416.35,14.62,21.61,552.89,2388.11,9045.5,1.3,47.57,521.5,2388.09,8126.64,8.4432,0.03,394,2388,100.0,38.76,23.2297,183
26,17,0.0014,0.0003,100.0,518.67,642.84,1589.18,1405.88,14.62,21.61,553.25,2388.11,9041.77,1.3,47.49,521.34,2388.07,8123.36,8.4638,0.03,394,2388,100.0,39.1,23.2647,182
26,18,0.0013,0.0003,100.0,518.67,642.49,1588.61,1408.21,14.62,21.61,554.18,2388.07,9050.43,1.3,47.43,521.59,2388.08,8130.29,8.4456,0.03,394,2388,100.0,38.74,23.3053,181
26,19,0.0017,-0.0003,100.0,518.67,643.03,1585.33,1412.56,14.62,21.61,553.2,2388.14,9046.05,1.3,47.74,521.36,2388.14,8127.69,8.4363,0.03,394,2388,100.0,38.89,23.362,180
26,20,0.0002,0.0005,100.0,518.67,642.56,1590.92,1414.56,14.62,21.61,552.52,2388.09,9050.5,1.3,47.55,521.45,2388.17,8135.62,8.4226,0.03,394,2388,100.0,38.93,23.2996,179
26,21,0.0003,0.0003,100.0,518.67,642.79,1597.97,1414.67,14.62,21.61,553.39,2388.07,9045.5,1.3,47.51,521.66,2388.18,8122.91,8.4233,0.03,392,2388,100.0,38.61,23.3702,178
26,22,-0.0052,-0.0004,100.0,518.67,642.73,1588.83,1407.43,14.62,21.61,553.09,2388.1,9050.15,1.3,47.42,521.09,2388.13,8127.72,8.4401,0.03,394,2388,100.0,38.73,23.2687,177
26,23,-0.0003,0.0,100.0,518.67,642.56,1587.32,1415.45,14.62,21.61,554.32,2388.1,9047.48,1.3,47.54,521.54,2388.16,8129.05,8.4523,0.03,392,2388,100.0,38.75,23.3312,176
26,24,-0.0033,-0.0004,100.0,518.67,642.78,1588.64,1404.79,14.62,21.61,553.13,2388.09,9044.74,1.3,47.31,521.77,2388.16,8123.36,8.4651,0.03,393,2388,100.0,38.95,23.2863,175
26,25,-0.0022,-0.0003,100.0,518.67,642.83,1593.44,1408.98,14.62,21.61,553.7,2388.12,9049.57,1.3,47.28,521.73,2388.11,8128.21,8.4343,0.03,393,2388,100.0,38.9,23.2971,174
26,26,-0.0026,0.0004,100.0,518.67,642.41,1586.09,1408.79,14.62,21.61,553.84,2388.14,9044.72,1.3,47.36,521.57,2388.09,8124.57,8.4451,0.03,393,2388,100.0,38.9,23.3277,173
26,27,-0.006,-0.0004,100.0,518.67,642.11,1588.19,1402.79,14.62,21.61,553.35,2388.15,9050.15,1.3,47.43,521.37,2388.09,8127.8,8.4405,0.03,393,2388,100.0,38.98,23.3198,172
26,28,0.0001,0.0,100.0,518.67,642.48,1591.66,1409.19,14.62,21.61,553.14,2388.08,9049.28,1.3,47.64,521.61,2388.07,8123.67,8.4559,0.03,395,2388,100.0,38.82,23.2244,171
26,29,0.0022,-0.0004,100.0,518.67,642.75,1594.89,1405.56,14.62,21.61,552.85,2388.1,9045.79,1.3,47.51,521.28,2388.1,8129.29,8.441,0.03,393,2388,100.0,38.92,23.2838,170
26,30,-0.0002,0.0,100.0,518.67,642.36,1587.86,1406.64,14.62,21.61,553.18,2388.11,9047.95,1.3,47.65,521.43,2388.02,8131.62,8.42,0.03,392,2388,100.0,38.84,23.294,169
26,31,0.0001,-0.0002,100.0,518.67,642.69,1585.74,1405.72,14.62,21.61,554.1,2388.09,9050.52,1.3,47.69,520.88,2388.08,8121.27,8.461,0.03,393,2388,100.0,38.8,23.368,168
26,32,-0.001,-0.0002,100.0,518.67,642.57,1591.78,1406.33,14.62,21.61,552.87,2388.07,9053.86,1.3,47.43,521.37,2388.08,8129.74,8.455,0.03,393,2388,100.0,38.68,23.3068,167
26,33,0.0003,0.0004,100.0,518.67,642.19,1592.15,1396.5,14.62,21.61,554.0,2388.17,9043.79,1.3,47.67,521.5,2388.13,8124.59,8.4566,0.03,392,2388,100.0,38.91,23.3369,166
26,34,-0.0015,-0.0001,100.0,518.67,642.71,1591.04,1400.94,14.62,21.61,553.69,2388.14,9039.9,1.3,47.63,521.05,2388.15,8126.67,8.397,0.03,394,2388,100.0,39.0,23.3474,165
26,35,0.004,-0.0,100.0,518.67,643.13,1594.79,1406.94,14.62,21.61,553.33,2388.14,9045.08,1.3,47.27,521.66,2388.14,8119.6,8.4148,0.03,391,2388,100.0,38.94,23.2157,164
26,36,0.0031,0.0001,100.0,518.67,642.41,1596.72,1403.05,14.62,21.61,553.6,2388.08,9050.02,1.3,47.49,521.78,2388.06,8125.48,8.4661,0.03,393,2388,100.0,38.87,23.334,163
26,37,-0.0019,-0.0002,100.0,518.67,642.93,1589.57,1409.22,14.62,21.61,553.86,2388.14,9035.87,1.3,47.58,521.51,2388.12,8128.69,8.4773,0.03,394,2388,100.0,39.03,23.3528,162
26,38,-0.0004,0.0004,100.0,518.67,642.78,1592.15,1409.55,14.62,21.61,553.27,2388.1,9050.97,1.3,47.59,521.31,2388.16,8128.51,8.4452,0.03,392,2388,100.0,38.61,23.3046,161
26,39,-0.0049,-0.0003,100.0,518.67,642.56,1590.93,1398.15,14.62,21.61,552.88,2388.11,9055.27,1.3,47.41,521.35,2388.12,8132.76,8.4503,0.03,393,2388,100.0,38.74,23.3291,160
26,40,0.0022,-0.0001,100.0,518.67,641.82,1594.36,1410.28,14.62,21.61,553.04,2388.1,9051.73,1.3,47.47,521.74,2388.17,8126.8,8.454,0.03,392,2388,100.0,38.73,23.2737,159
26,41,0.0006,-0.0003,100.0,518.67,642.38,1596.89,1412.56,14.62,21.61,553.69,2388.16,9049.96,1.3,47.64,521.42,2388.07,8129.75,8.4588,0.03,395,2388,100.0,38.71,23.2904,158
26,42,-0.0005,0.0001,100.0,518.67,642.19,1592.9,1406.41,14.62,21.61,553.84,2388.09,9045.86,1.3,47.58,522.03,2388.15,8129.88,8.4398,0.03,393,2388,100.0,38.77,23.2234,157
26,43,-0.0013,-0.0005,100.0,518.67,642.91,1594.7,1414.93,14.62,21.61,553.25,2388.15,9048.21,1.3,47.74,521.57,2388.11,8129.49,8.4202,0.03,394,2388,100.0,38.81,23.3326,156
26,44,0.0039,0.0001,100.0,518.67,642.9,1585.88,1411.13,14.62,21.61,553.52,2388.11,9046.89,1.3,47.67,521.33,2388.12,8127.39,8.4596,0.03,392,2388,100.0,38.9,23.2664,155
26,45,-0.0021,-0.0005,100.0,518.67,642.06,1593.22,1410.96,14.62,21.61,553.19,2388.11,9050.81,1.3,47.6,520.97,2388.15,8129.89,8.4424,0.03,393,2388,100.0,38.89,23.3069,154
26,46,-0.0022,-0.0002,100.0,518.67,642.75,1602.09,1409.77,14.62,21.61,552.36,2388.15,9049.43,1.3,47.58,521.06,2388.15,8128.39,8.4722,0.03,393,2388,100.0,38.81,23.3582,153
26,47,0.0042,-0.0003,100.0,518.67,642.93,1590.74,1409.74,14.62,21.61,553.29,2388.13,9050.28,1.3,47.47,520.7,2388.14,8128.77,8.4856,0.03,392,2388,100.0,38.72,23.2004,152
26,48,0.0026,0.0003,100.0,518.67,643.02,1587.83,1413.52,14.62,21.61,553.31,2388.11,9050.36,1.3,47.4,521.23,2388.12,8124.3,8.4149,0.03,394,2388,100.0,38.77,23.2041,151
26,49,-0.0009,-0.0004,100.0,518.67,642.74,1594.99,1407.3,14.62,21.61,552.98,2388.12,9050.2,1.3,47.44,521.21,2388.12,8122.01,8.4415,0.03,394,2388,100.0,38.64,23.2306,150
26,50,-0.0025,-0.0001,100.0,518.67,642.28,1595.54,1408.57,14.62,21.61,553.79,2388.09,9045.26,1.3,47.49,521.45,2388.11,8133.22,8.4281,0.03,392,2388,100.0,38.97,23.1972,149
26,51,0.0006,-0.0001,100.0,518.67,643.33,1585.73,1405.23,14.62,21.61,553.17,2388.14,9052.66,1.3,47.51,521.22,2388.14,8129.4,8.4199,0.03,393,2388,100.0,38.86,23.2873,148
26,52,-0.0042,-0.0003,100.0,518.67,642.97,1590.9,1408.69,14.62,21.61,552.88,2388.17,9050.83,1.3,47.59,521.23,2388.12,8130.1,8.4798,0.03,393,2388,100.0,38.94,23.3206,147
26,53,0.0027,-0.0002,100.0,518.67,643.09,1588.71,1402.67,14.62,21.61,552.69,2388.12,9049.57,1.3,47.73,520.57,2388.14,8126.93,8.4393,0.03,392,2388,100.0,38.81,23.328,146
26,54,-0.0015,-0.0004,100.0,518.67,642.49,1598.95,1409.73,14.62,21.61,553.81,2388.14,9056.1,1.3,47.59,521.99,2388.14,8126.43,8.4264,0.03,395,2388,100.0,38.77,23.3513,145
26,55,-0.0006,0.0004,100.0,518.67,642.97,1589.86,1408.72,14.62,21.61,553.35,2388.11,9047.53,1.3,47.62,521.26,2388.11,8132.05,8.4147,0.03,392,2388,100.0,38.71,23.2913,144
26,56,0.0008,-0.0001,100.0,518.67,643.16,1592.72,1411.87,14.62,21.61,552.42,2388.13,9040.82,1.3,47.62,521.47,2388.11,8128.03,8.4291,0.03,393,2388,100.0,38.83,23.371,143
26,57,0.0035,-0.0004,100.0,518.67,642.82,1581.96,1412.11,14.62,21.61,553.02,2388.11,9045.18,1.3,47.51,521.36,2388.13,8128.56,8.4925,0.03,395,2388,100.0,39.02,23.3341,142
26,58,0.0014,0.0003,100.0,518.67,642.52,1589.51,1413.65,14.62,21.61,553.75,2388.11,9054.11,1.3,47.39,521.43,2388.15,8127.12,8.4437,0.03,392,2388,100.0,38.73,23.2706,141
26,59,-0.0024,-0.0004,100.0,518.67,642.3,1592.18,1404.96,14.62,21.61,552.62,2388.08,9048.88,1.3,47.64,521.59,2388.15,8137.38,8.4407,0.03,393,2388,100.0,38.83,23.398,140
26,60,-0.0049,0.0003,100.0,518.67,642.99,1592.87,1404.8,14.62,21.61,553.86,2388.11,9049.92,1.3,47.44,520.98,2388.14,8126.72,8.4356,0.03,394,2388,100.0,38.82,23.3418,139
26,61,0.0005,0.0001,100.0,518.67,642.86,1591.81,1406.61,14.62,21.61,552.62,2388.11,9044.24,1.3,47.49,521.31,2388.12,8131.03,8.4635,0.03,392,2388,100.0,38.8,23.3025,138
26,62,0.0027,0.0005,100.0,518.67,643.05,1583.13,1406.36,14.62,21.61,553.04,2388.14,9053.9,1.3,47.55,521.79,2388.11,8127.84,8.4485,0.03,395,2388,100.0,38.85,23.4051,137
26,63,0.0005,-0.0002,100.0,518.67,643.28,1598.8,1412.98,14.62,21.61,553.52,2388.13,9056.39,1.3,47.7,521.59,2388.08,8127.95,8.4821,0.03,393,2388,100.0,38.8,23.3506,136
26,64,-0.0023,0.0002,100.0,518.67,642.74,1591.21,1412.73,14.62,21.61,553.4,2388.13,9054.54,1.3,47.58,521.3,2388.04,8130.75,8.4438,0.03,392,2388,100.0,38.88,23.2142,135
26,65,0.0017,-0.0004,100.0,518.67,642.8,1591.29,1412.9,14.62,21.61,552.34,2388.15,9042.51,1.3,47.46,521.5,2388.09,8132.17,8.4122,0.03,391,2388,100.0,38.84,23.255,134
26,66,0.0014,-0.0002,100.0,518.67,642.81,1591.39,1407.43,14.62,21.61,553.47,2388.09,9051.14,1.3,47.66,521.71,2388.12,8128.78,8.4109,0.03,393,2388,100.0,38.94,23.2372,133
26,67,-0.0034,-0.0001,100.0,518.67,642.87,1593.64,1413.48,14.62,21.61,553.44,2388.1,9044.09,1.3,47.43,521.39,2388.1,8135.19,8.4042,0.03,394,2388,100.0,38.85,23.2758,132
26,68,0.0004,-0.0004,100.0,518.67,643.04,1591.04,1413.48,14.62,21.61,553.53,2388.13,9048.91,1.3,47.59,520.99,2388.08,8132.4,8.4392,0.03,392,2388,100.0,38.83,23.3559,131
26,69,0.0003,0.0004,100.0,518.67,642.78,1585.91,1408.84,14.62,21.61,552.67,2388.07,9049.82,1.3,47.52,521.2,2388.07,8128.12,8.4248,0.03,392,2388,100.0,38.76,23.3363,130
26,70,-0.0003,-0.0002,100.0,518.67,642.53,1592.82,1410.03,14.62,21.61,553.24,2388.12,9045.84,1.3,47.47,521.67,2388.15,8130.95,8.4491,0.03,393,2388,100.0,38.68,23.2131,129
26,71,0.0012,0.0001,100.0,518.67,642.52,1592.5,1405.58,14.62,21.61,553.66,2388.13,9051.11,1.3,47.6,521.22,2388.15,8123.7,8.4632,0.03,395,2388,100.0,38.8,23.2864,128
26,72,0.0016,0.0003,100.0,518.67,642.77,1591.96,1404.68,14.62,21.61,553.13,2388.14,9051.27,1.3,47.49,520.66,2388.18,8129.91,8.4266,0.03,393,2388,100.0,38.88,23.2242,127
26,73,0.0018,0.0,100.0,518.67,642.33,1595.74,1416.46,14.62,21.61,553.67,2388.1,9051.35,1.3,47.64,521.21,2388.14,8134.42,8.4453,0.03,394,2388,100.0,38.73,23.1944,126
26,74,-0.0007,-0.0002,100.0,518.67,642.4,1592.36,1412.88,14.62,21.61,552.34,2388.1,9052.58,1.3,47.49,521.2,2388.08,8126.86,8.4464,0.03,395,2388,100.0,38.83,23.2443,125
26,75,0.0016,-0.0,100.0,518.67,642.93,1590.1,1407.02,14.62,21.61,553.04,2388.12,9045.84,1.3,47.65,521.09,2388.07,8133.82,8.4578,0.03,393,2388,100.0,38.65,23.2159,124
26,76,-0.0007,-0.0003,100.0,518.67,642.67,1585.14,1418.64,14.62,21.61,552.58,2388.15,9054.71,1.3,47.54,520.74,2388.13,8130.44,8.4682,0.03,394,2388,100.0,38.66,23.2473,123
26,77,0.003,-0.0003,100.0,518.67,642.85,1588.37,1407.29,14.62,21.61,553.7,2388.17,9050.21,1.3,47.56,521.74,2388.12,8129.97,8.426,0.03,392,2388,100.0,38.83,23.2945,122
26,78,0.0002,0.0005,100.0,518.67,642.65,1600.53,1405.42,14.62,21.61,553.74,2388.09,9045.09,1.3,47.48,521.3,2388.15,8133.06,8.4371,0.03,392,2388,100.0,38.75,23.2006,121
26,79,-0.002,-0.0005,100.0,518.67,642.45,1585.95,1408.63,14.62,21.61,554.24,2388.14,9054.26,1.3,47.53,521.35,2388.13,8130.0,8.4364,0.03,392,2388,100.0,38.79,23.2569,120
26,80,0.0056,0.0004,100.0,518.67,642.6,1593.05,1418.28,14.62,21.61,553.28,2388.13,9049.17,1.3,47.49,521.03,2388.16,8128.34,8.4826,0.03,393,2388,100.0,38.66,23.3776,119
26,81,-0.0029,0.0002,100.0,518.67,642.7,1585.84,1405.19,14.62,21.61,553.68,2388.07,9054.98,1.3,47.53,520.6,2388.09,8131.59,8.4811,0.03,390,2388,100.0,38.86,23.3555,118
26,82,-0.0002,-0.0004,100.0,518.67,642.89,1593.0,1404.59,14.62,21.61,552.79,2388.12,9051.0,1.3,47.42,521.43,2388.07,8131.27,8.4789,0.03,394,2388,100.0,38.81,23.2542,117
26,83,-0.0008,-0.0005,100.0,518.67,642.51,1586.24,1412.74,14.62,21.61,552.78,2388.09,9046.34,1.3,47.71,521.39,2388.12,8131.79,8.4319,0.03,392,2388,100.0,38.81,23.2766,116
26,84,0.0012,-0.0005,100.0,518.67,642.76,1593.92,1411.69,14.62,21.61,553.82,2388.12,9056.64,1.3,47.63,520.94,2388.16,8132.3,8.4466,0.03,393,2388,100.0,38.69,23.1877,115
26,85,-0.0018,0.0004,100.0,518.67,642.89,1591.05,1413.55,14.62,21.61,553.54,2388.07,9056.87,1.3,47.63,520.65,2388.1,8129.78,8.4192,0.03,394,2388,100.0,38.84,23.3886,114
26,86,0.0019,-0.0001,100.0,518.67,642.96,1594.34,1415.89,14.62,21.61,552.72,2388.1,9060.58,1.3,47.49,521.76,2388.15,8132.07,8.4527,0.03,393,2388,100.0,38.76,23.3023,113
26,87,0.0001,0.0003,100.0,518.67,642.63,1591.85,1416.76,14.62,21.61,552.79,2388.14,9049.48,1.3,47.54,521.02,2388.1,8132.54,8.4539,0.03,395,2388,100.0,38.62,23.3896,112
26,88,0.0004,0.0001,100.0,518.67,642.9,1590.66,1413.57,14.62,21.61,553.65,2388.14,9046.93,1.3,47.57,520.89,2388.14,8131.73,8.4858,0.03,392,2388,100.0,38.94,23.2118,111
26,89,0.0036,-0.0004,100.0,518.67,643.11,1593.65,1418.21,14.62,21.61,553.32,2388.15,9052.67,1.3,47.66,521.37,2388.15,8132.66,8.4497,0.03,394,2388,100.0,38.67,23.3248,110
26,90,-0.001,0.0002,100.0,518.67,642.48,1586.98,1414.15,14.62,21.61,553.53,2388.11,9058.39,1.3,47.61,521.64,2388.16,8134.88,8.5059,0.03,393,2388,100.0,38.83,23.2848,109
26,91,0.0033,-0.0,100.0,518.67,642.92,1589.53,1402.11,14.62,21.61,553.76,2388.15,9055.07,1.3,47.54,521.44,2388.16,8137.09,8.4245,0.03,393,2388,100.0,38.7,23.3321,108
26,92,0.002,-0.0002,100.0,518.67,642.0,1585.62,1407.27,14.62,21.61,553.34,2388.15,9060.92,1.3,47.62,521.1,2388.14,8136.89,8.4528,0.03,395,2388,100.0,38.63,23.2554,107
26,93,0.0015,-0.0,100.0,518.67,642.4,1590.53,1411.94,14.62,21.61,553.46,2388.14,9053.9,1.3,47.59,520.7,2388.18,8136.4,8.4801,0.03,393,2388,100.0,38.71,23.224,106
26,94,0.0024,-0.0001,100.0,518.67,643.12,1589.86,1418.61,14.62,21.61,553.6,2388.12,9053.51,1.3,47.58,520.88,2388.06,8136.09,8.4588,0.03,395,2388,100.0,38.71,23.2066,105
26,95,0.0014,0.0004,100.0,518.67,642.57,1593.9,1410.65,14.62,21.61,553.85,2388.16,9054.27,1.3,47.47,521.55,2388.05,8141.11,8.4596,0.03,393,2388,100.0,38.89,23.221,104
26,96,0.0019,-0.0003,100.0,518.67,642.47,1593.32,1413.11,14.62,21.61,553.94,2388.13,9061.16,1.3,47.57,521.7,2388.09,8131.92,8.4668,0.03,392,2388,100.0,38.91,23.2245,103
26,97,-0.0065,0.0002,100.0,518.67,642.78,1591.38,1406.17,14.62,21.61,553.45,2388.1,9057.5,1.3,47.51,521.07,2388.16,8133.94,8.4045,0.03,393,2388,100.0,38.65,23.2665,102
26,98,-0.0002,0.0004,100.0,518.67,642.63,1596.15,1407.14,14.62,21.61,553.86,2388.13,9058.2,1.3,47.51,521.47,2388.12,8131.84,8.4465,0.03,393,2388,100.0,38.69,23.2365,101
26,99,0.0016,0.0005,100.0,518.67,642.79,1588.58,1408.83,14.62,21.61,553.58,2388.11,9058.52,1.3,47.61,521.08,2388.07,8134.14,8.4583,0.03,393,2388,100.0,38.63,23.261,100
26,100,0.0002,-0.0005,100.0,518.67,643.11,1594.0,1414.1,14.62,21.61,553.61,2388.14,9053.81,1.3,47.47,520.94,2388.15,8130.16,8.4528,0.03,394,2388,100.0,38.82,23.2701,99
26,101,0.0001,0.0,100.0,518.67,643.07,1586.06,1411.81,14.62,21.61,553.72,2388.09,9047.9,1.3,47.69,521.05,2388.11,8131.21,8.465,0.03,393,2388,100.0,38.9,23.1811,98
26,102,-0.0018,0.0003,100.0,518.67,643.01,1587.16,1407.42,14.62,21.61,553.4,2388.13,9060.86,1.3,47.62,521.03,2388.14,8138.38,8.4438,0.03,394,2388,100.0,38.78,23.2241,97
26,103,0.0004,-0.0001,100.0,518.67,642.54,1591.7,1408.83,14.62,21.61,553.04,2388.16,9060.57,1.3,47.55,521.23,2388.09,8133.07,8.4258,0.03,394,2388,100.0,38.92,23.3148,96
26,104,0.0022,-0.0002,100.0,518.67,642.57,1593.02,1407.13,14.62,21.61,552.47,2388.11,9060.68,1.3,47.58,521.58,2388.16,8130.43,8.4184,0.03,393,2388,100.0,38.88,23.2761,95
26,105,0.003,0.0002,100.0,518.67,642.81,1588.01,1418.03,14.62,21.61,553.44,2388.13,9057.56,1.3,47.63,521.32,2388.14,8136.27,8.3984,0.03,394,2388,100.0,38.89,23.2679,94
26,106,0.0008,0.0003,100.0,518.67,643.27,1589.35,1406.73,14.62,21.61,552.97,2388.07,9054.08,1.3,47.65,521.33,2388.16,8136.79,8.4427,0.03,392,2388,100.0,38.79,23.2433,93
26,107,0.0039,-0.0004,100.0,518.67,642.17,1591.59,1407.38,14.62,21.61,553.18,2388.15,9053.35,1.3,47.64,521.07,2388.14,8136.39,8.4657,0.03,394,2388,100.0,39.05,23.2332,92
26,108,0.0001,0.0003,100.0,518.67,643.0,1594.12,1411.07,14.62,21.61,552.69,2388.12,9057.91,1.3,47.71,521.18,2388.12,8137.89,8.4362,0.03,393,2388,100.0,38.79,23.2894,91
26,109,0.0006,-0.0003,100.0,518.67,642.71,1590.05,1412.41,14.62,21.61,553.04,2388.17,9056.41,1.3,47.74,521.64,2388.11,8141.97,8.4557,0.03,394,2388,100.0,38.76,23.2664,90
26,110,-0.0033,0.0003,100.0,518.67,642.47,1596.12,1403.2,14.62,21.61,552.48,2388.13,9056.07,1.3,47.57,521.02,2388.11,8137.04,8.4783,0.03,392,2388,100.0,38.72,23.2103,89
26,111,-0.0017,0.0,100.0,518.67,642.78,1597.32,1410.94,14.62,21.61,553.94,2388.13,9058.04,1.3,47.49,521.29,2388.15,8141.58,8.4341,0.03,395,2388,100.0,38.79,23.2884,88
26,112,-0.0016,-0.0,100.0,518.67,642.82,1588.95,1410.12,14.62,21.61,553.23,2388.13,9056.89,1.3,47.78,521.06,2388.1,8132.29,8.4548,0.03,394,2388,100.0,38.76,23.2857,87
26,113,0.0004,-0.0,100.0,518.67,642.89,1591.08,1409.34,14.62,21.61,554.07,2388.11,9058.26,1.3,47.6,521.72,2388.13,8136.0,8.4922,0.03,395,2388,100.0,38.71,23.2652,86
26,114,-0.0013,0.0005,100.0,518.67,642.74,1590.0,1418.36,14.62,21.61,552.91,2388.11,9061.88,1.3,47.6,521.21,2388.18,8139.32,8.4836,0.03,392,2388,100.0,38.79,23.2896,85
26,115,-0.0031,0.0001,100.0,518.67,643.09,1593.54,1412.56,14.62,21.61,552.67,2388.11,9052.34,1.3,47.41,520.97,2388.12,8141.49,8.4579,0.03,394,2388,100.0,38.74,23.3543,84
26,116,-0.0015,0.0005,100.0,518.67,642.67,1592.47,1417.74,14.62,21.61,553.0,2388.15,9064.2,1.3,47.73,520.97,2388.14,8134.59,8.4376,0.03,395,2388,100.0,38.73,23.262,83
26,117,-0.002,-0.0002,100.0,518.67,642.78,1593.47,1412.46,14.62,21.61,553.13,2388.16,9053.59,1.3,47.46,521.58,2388.13,8131.81,8.4479,0.03,394,2388,100.0,38.62,23.2787,82
26,118,0.0007,-0.0002,100.0,518.67,642.91,1595.51,1408.94,14.62,21.61,553.52,2388.13,9053.53,1.3,47.63,521.58,2388.11,8141.79,8.4692,0.03,393,2388,100.0,38.79,23.3029,81
26,119,-0.0035,0.0003,100.0,518.67,642.51,1588.65,1406.46,14.62,21.61,553.28,2388.15,9054.12,1.3,47.51,521.24,2388.11,8139.93,8.4492,0.03,393,2388,100.0,38.74,23.3369,80
26,120,-0.0027,-0.0005,100.0,518.67,642.52,1596.95,1410.53,14.62,21.61,553.02,2388.15,9062.7,1.3,47.63,521.39,2388.1,8143.82,8.4524,0.03,393,2388,100.0,38.73,23.1954,79
26,121,0.0006,0.0004,100.0,518.67,642.88,1586.93,1411.44,14.62,21.61,552.73,2388.09,9068.14,1.3,47.76,521.27,2388.13,8137.8,8.5259,0.03,395,2388,100.0,38.83,23.2952,78
26,122,-0.0028,0.0004,100.0,518.67,642.8,1596.42,1408.39,14.62,21.61,553.68,2388.1,9060.98,1.3,47.47,521.28,2388.18,8144.17,8.4295,0.03,393,2388,100.0,38.72,23.3688,77
26,123,-0.0005,-0.0004,100.0,518.67,642.67,1587.81,1416.44,14.62,21.61,552.62,2388.11,9064.94,1.3,47.62,520.63,2388.08,8133.46,8.4437,0.03,394,2388,100.0,38.75,23.2716,76
26,124,-0.0029,0.0001,100.0,518.67,642.63,1594.77,1407.34,14.62,21.61,552.86,2388.13,9058.3,1.3,47.52,521.82,2388.11,8136.89,8.44,0.03,394,2388,100.0,38.84,23.2545,75
26,125,-0.0017,-0.0002,100.0,518.67,643.2,1597.64,1415.94,14.62,21.61,552.87,2388.1,9060.97,1.3,47.58,520.6,2388.13,8144.96,8.5054,0.03,394,2388,100.0,38.94,23.2735,74
26,126,-0.0013,0.0005,100.0,518.67,642.9,1591.59,1414.9,14.62,21.61,552.92,2388.14,9066.9,1.3,47.62,521.07,2388.12,8145.35,8.4273,0.03,393,2388,100.0,38.86,23.2378,73
26,127,-0.0,0.0001,100.0,518.67,642.77,1590.04,1408.29,14.62,21.61,553.12,2388.12,9064.6,1.3,47.68,521.0,2388.11,8135.74,8.4604,0.03,394,2388,100.0,38.7,23.1846,72
26,128,-0.0018,-0.0003,100.0,518.67,643.12,1590.94,1415.23,14.62,21.61,553.39,2388.09,9069.55,1.3,47.68,521.32,2388.1,8141.66,8.4048,0.03,392,2388,100.0,38.84,23.2914,71
26,129,-0.0037,-0.0001,100.0,518.67,642.82,1587.67,1410.06,14.62,21.61,553.12,2388.14,9063.74,1.3,47.66,521.64,2388.09,8149.83,8.4466,0.03,393,2388,100.0,38.83,23.2279,70
26,130,-0.0017,0.0001,100.0,518.67,642.87,1594.46,1416.55,14.62,21.61,552.83,2388.18,9067.21,1.3,47.75,520.6,2388.13,8143.2,8.4583,0.03,394,2388,100.0,38.64,23.2408,69
26,131,0.0014,0.0002,100.0,518.67,642.86,1592.05,1411.77,14.62,21.61,553.65,2388.12,9064.62,1.3,47.57,521.38,2388.15,8142.51,8.4437,0.03,393,2388,100.0,38.82,23.2675,68
26,132,-0.0001,-0.0003,100.0,518.67,642.71,1597.23,1413.3,14.62,21.61,552.95,2388.12,9065.65,1.3,47.63,521.18,2388.09,8140.92,8.4666,0.03,394,2388,100.0,38.65,23.2512,67
26,133,0.0025,-0.0004,100.0,518.67,642.8,1587.21,1417.91,14.62,21.61,552.07,2388.07,9062.83,1.3,47.72,521.46,2388.18,8143.54,8.4855,0.03,393,2388,100.0,38.8,23.2418,66
26,134,0.0012,0.0004,100.0,518.67,643.46,1589.61,1406.24,14.62,21.61,552.69,2388.13,9064.23,1.3,47.73,520.81,2388.08,8145.79,8.4394,0.03,397,2388,100.0,38.91,23.2175,65
26,135,0.0025,-0.0004,100.0,518.67,642.61,1592.31,1406.91,14.62,21.61,553.12,2388.14,9065.68,1.3,47.7,521.41,2388.13,8147.22,8.4709,0.03,393,2388,100.0,38.85,23.2727,64
26,136,0.0008,0.0001,100.0,518.67,643.15,1588.68,1411.21,14.62,21.61,553.29,2388.18,9066.68,1.3,47.57,520.69,2388.14,8145.37,8.4657,0.03,395,2388,100.0,38.83,23.1946,63
26,137,0.0015,0.0002,100.0,518.67,643.01,1591.12,1408.75,14.62,21.61,553.01,2388.07,9068.24,1.3,47.58,521.7,2388.09,8151.68,8.4092,0.03,393,2388,100.0,38.85,23.2432,62
26,138,-0.0004,-0.0001,100.0,518.67,642.97,1589.75,1410.74,14.62,21.61,552.65,2388.08,9070.28,1.3,47.9,521.14,2388.11,8148.75,8.4432,0.03,393,2388,100.0,38.77,23.2822,61
26,139,-0.0039,-0.0005,100.0,518.67,643.41,1595.51,1409.65,14.62,21.61,553.4,2388.14,9070.31,1.3,47.72,520.96,2388.08,8144.32,8.4843,0.03,395,2388,100.0,38.67,23.2726,60
26,140,-0.0033,0.0004,100.0,518.67,643.21,1598.89,1413.78,14.62,21.61,553.15,2388.09,9072.93,1.3,47.66,521.44,2388.12,8149.51,8.4764,0.03,394,2388,100.0,38.68,23.2887,59
26,141,0.0001,-0.0001,100.0,518.67,643.34,1592.34,1413.57,14.62,21.61,553.29,2388.14,9074.48,1.3,47.71,520.82,2388.05,8147.0,8.4295,0.03,396,2388,100.0,38.83,23.2378,58
26,142,0.0022,-0.0003,100.0,518.67,642.77,1601.39,1414.4,14.62,21.61,553.11,2388.1,9074.6,1.3,47.72,521.49,2388.17,8152.2,8.4606,0.03,394,2388,100.0,38.79,23.1802,57
26,143,0.0007,-0.0,100.0,518.67,642.51,1590.82,1413.88,14.62,21.61,552.8,2388.07,9072.96,1.3,47.84,520.75,2388.11,8151.19,8.4698,0.03,393,2388,100.0,38.61,23.2324,56
26,144,-0.0,-0.0004,100.0,518.67,642.8,1597.21,1417.72,14.62,21.61,552.76,2388.1,9074.35,1.3,47.69,521.48,2388.09,8157.71,8.4735,0.03,393,2388,100.0,38.92,23.0696,55
26,145,0.0021,-0.0001,100.0,518.67,643.57,1594.19,1412.47,14.62,21.61,552.88,2388.15,9073.5,1.3,47.82,521.07,2388.12,8153.68,8.4763,0.03,393,2388,100.0,38.63,23.2157,54
26,146,-0.0018,-0.0003,100.0,518.67,643.28,1592.37,1416.5,14.62,21.61,552.47,2388.1,9070.32,1.3,47.77,520.91,2388.07,8152.26,8.4515,0.03,394,2388,100.0,38.5,23.1227,53
26,147,-0.0014,-0.0004,100.0,518.67,643.06,1587.61,1419.77,14.62,21.61,553.03,2388.11,9069.38,1.3,47.58,521.18,2388.11,8157.14,8.4686,0.03,394,2388,100.0,38.69,23.3643,52
26,148,-0.0012,0.0001,100.0,518.67,642.89,1599.67,1420.63,14.62,21.61,553.11,2388.14,9080.42,1.3,47.76,520.94,2388.12,8153.04,8.5091,0.03,396,2388,100.0,38.65,23.2159,51
26,149,0.0009,0.0001,100.0,518.67,642.87,1593.19,1410.17,14.62,21.61,552.99,2388.13,9089.8,1.3,47.81,521.56,2388.12,8157.35,8.4315,0.03,394,2388,100.0,38.75,23.2455,50
26,150,0.0001,-0.0005,100.0,518.67,643.65,1599.87,1414.22,14.62,21.61,552.57,2388.11,9078.42,1.3,47.81,521.19,2388.11,8150.6,8.4369,0.03,395,2388,100.0,38.75,23.179,49
26,151,-0.0019,0.0001,100.0,518.67,643.04,1592.56,1415.38,14.62,21.61,552.65,2388.13,9077.33,1.3,47.72,520.49,2388.08,8154.0,8.4841,0.03,392,2388,100.0,38.56,23.2403,48
26,152,-0.0026,0.0002,100.0,518.67,643.04,1590.44,1417.42,14.62,21.61,552.54,2388.11,9083.27,1.3,47.76,520.39,2388.11,8154.44,8.4598,0.03,395,2388,100.0,38.8,23.3102,47
26,153,0.0051,-0.0002,100.0,518.67,643.0,1594.28,1415.16,14.62,21.61,552.94,2388.11,9083.61,1.3,47.71,521.29,2388.12,8159.71,8.4625,0.03,393,2388,100.0,38.75,23.2126,46
26,154,0.0017,0.0001,100.0,518.67,643.01,1593.46,1422.94,14.62,21.61,552.73,2388.09,9086.74,1.3,47.63,520.56,2388.1,8152.48,8.431,0.03,395,2388,100.0,38.66,23.2891,45
26,155,0.0005,-0.0002,100.0,518.67,642.79,1591.44,1418.08,14.62,21.61,552.43,2388.05,9085.16,1.3,47.71,521.03,2388.1,8158.14,8.4715,0.03,395,2388,100.0,38.7,23.2401,44
26,156,0.0002,0.0003,100.0,518.67,643.15,1594.92,1421.8,14.62,21.61,552.32,2388.14,9084.14,1.3,47.63,521.49,2388.1,8158.03,8.4945,0.03,395,2388,100.0,38.63,23.1976,43
26,157,0.0024,-0.0005,100.0,518.67,643.45,1593.16,1417.92,14.62,21.61,552.71,2388.15,9083.6,1.3,47.7,521.03,2388.13,8155.5,8.448,0.03,395,2388,100.0,38.6,23.2071,42
26,158,0.0005,-0.0005,100.0,518.67,642.74,1590.78,1414.85,14.62,21.61,552.63,2388.11,9084.89,1.3,47.76,521.02,2388.1,8162.18,8.4482,0.03,394,2388,100.0,38.83,23.2356,41
26,159,0.0023,0.0005,100.0,518.67,643.06,1598.18,1417.35,14.62,21.61,552.83,2388.11,9088.95,1.3,47.59,520.79,2388.16,8166.78,8.5171,0.03,396,2388,100.0,38.59,23.1999,40
26,160,0.0022,-0.0005,100.0,518.67,643.49,1599.72,1409.99,14.62,21.61,552.95,2388.11,9079.8,1.3,47.77,521.33,2388.11,8156.88,8.4634,0.03,395,2388,100.0,38.61,23.1524,39
26,161,0.0021,0.0003,100.0,518.67,643.26,1592.23,1428.08,14.62,21.61,553.14,2388.15,9077.29,1.3,47.89,520.87,2388.1,8166.51,8.5008,0.03,393,2388,100.0,38.62,23.1214,38
26,162,0.0003,0.0003,100.0,518.67,643.56,1600.3,1415.76,14.62,21.61,551.9,2388.07,9089.85,1.3,47.79,520.01,2388.12,8157.68,8.4818,0.03,395,2388,100.0,38.72,23.2595,37
26,163,-0.0009,-0.0003,100.0,518.67,642.6,1590.99,1423.93,14.62,21.61,553.16,2388.1,9094.99,1.3,47.77,521.27,2388.12,8165.51,8.4865,0.03,396,2388,100.0,38.9,23.1581,36
26,164,-0.0036,0.0004,100.0,518.67,642.35,1597.21,1418.41,14.62,21.61,552.9,2388.13,9091.38,1.3,47.75,520.75,2388.12,8170.58,8.4672,0.03,395,2388,100.0,38.82,23.2149,35
26,165,-0.005,-0.0003,100.0,518.67,642.94,1602.91,1423.98,14.62,21.61,552.47,2388.12,9089.63,1.3,47.82,520.95,2388.19,8162.95,8.4769,0.03,395,2388,100.0,38.6,23.1424,34
26,166,-0.0021,-0.0002,100.0,518.67,642.89,1596.1,1420.49,14.62,21.61,553.03,2388.13,9100.15,1.3,47.89,520.73,2388.15,8169.24,8.4862,0.03,395,2388,100.0,38.71,23.115,33
26,167,-0.0,-0.0004,100.0,518.67,643.06,1597.75,1422.37,14.62,21.61,552.14,2388.15,9096.73,1.3,47.7,521.0,2388.11,8163.68,8.5003,0.03,394,2388,100.0,38.71,23.1469,32
26,168,0.0047,-0.0005,100.0,518.67,642.77,1597.38,1412.74,14.62,21.61,552.9,2388.14,9093.26,1.3,47.89,520.42,2388.16,8165.89,8.5048,0.03,394,2388,100.0,38.72,23.1771,31
26,169,-0.0041,-0.0,100.0,518.67,643.03,1594.48,1419.63,14.62,21.61,551.62,2388.14,9088.57,1.3,47.66,520.71,2388.15,8173.55,8.4572,0.03,393,2388,100.0,38.71,23.1739,30
26,170,-0.0024,0.0003,100.0,518.67,642.78,1595.07,1422.86,14.62,21.61,552.72,2388.15,9100.74,1.3,47.92,520.48,2388.18,8175.51,8.5178,0.03,395,2388,100.0,38.61,23.0953,29
26,171,-0.0021,0.0003,100.0,518.67,643.21,1600.87,1414.91,14.62,21.61,552.75,2388.15,9105.28,1.3,48.09,520.57,2388.12,8171.66,8.4872,0.03,396,2388,100.0,38.63,23.2545,28
26,172,-0.0032,-0.0002,100.0,518.67,643.18,1600.26,1427.62,14.62,21.61,552.76,2388.18,9095.48,1.3,47.64,520.48,2388.09,8177.59,8.4652,0.03,395,2388,100.0,38.74,23.263,27
26,173,-0.0006,0.0002,100.0,518.67,643.35,1597.52,1413.1,14.62,21.61,551.72,2388.13,9103.92,1.3,47.86,520.57,2388.1,8174.19,8.5235,0.03,395,2388,100.0,38.73,23.2349,26
26,174,-0.0001,-0.0001,100.0,518.67,643.44,1599.04,1421.85,14.62,21.61,552.37,2388.13,9105.33,1.3,47.85,520.95,2388.14,8178.24,8.5159,0.03,395,2388,100.0,38.58,23.2186,25
26,175,0.0007,0.0001,100.0,518.67,643.52,1597.07,1418.37,14.62,21.61,552.55,2388.14,9110.14,1.3,47.76,520.16,2388.19,8173.53,8.5125,0.03,395,2388,100.0,38.65,23.1573,24
26,176,-0.0005,-0.0001,100.0,518.67,643.29,1591.28,1423.76,14.62,21.61,551.86,2388.13,9104.96,1.3,47.91,520.79,2388.11,8177.37,8.5328,0.03,394,2388,100.0,38.6,23.0826,23
26,177,-0.001,0.0003,100.0,518.67,643.69,1592.25,1423.11,14.62,21.61,552.59,2388.12,9112.15,1.3,48.03,520.6,2388.13,8178.78,8.5052,0.03,396,2388,100.0,38.57,23.137,22
26,178,-0.0026,-0.0001,100.0,518.67,643.25,1595.48,1418.21,14.62,21.61,552.2,2388.12,9111.45,1.3,47.75,520.1,2388.11,8182.23,8.4769,0.03,395,2388,100.0,38.35,23.1517,21
26,179,0.004,0.0004,100.0,518.67,643.5,1590.51,1425.17,14.62,21.61,553.17,2388.13,9107.9,1.3,47.99,520.39,2388.13,8185.7,8.5043,0.03,396,2388,100.0,38.54,23.2159,20
26,180,0.0005,0.0005,100.0,518.67,642.67,1599.32,1422.39,14.62,21.61,552.33,2388.11,9112.96,1.3,47.82,520.31,2388.15,8182.03,8.4848,0.03,396,2388,100.0,38.67,23.1208,19
26,181,0.0034,0.0002,100.0,518.67,643.64,1595.3,1419.93,14.62,21.61,552.03,2388.1,9115.11,1.3,47.99,520.52,2388.17,8183.51,8.5251,0.03,397,2388,100.0,38.68,23.1598,18
26,182,-0.001,-0.0001,100.0,518.67,643.14,1601.23,1429.21,14.62,21.61,552.05,2388.15,9123.09,1.3,47.84,520.78,2388.11,8184.24,8.4827,0.03,394,2388,100.0,38.65,23.2101,17
26,183,-0.0022,-0.0005,100.0,518.67,643.55,1600.16,1418.84,14.62,21.61,552.59,2388.18,9121.03,1.3,48.07,520.04,2388.18,8189.5,8.4973,0.03,395,2388,100.0,38.55,23.1373,16
26,184,-0.0017,0.0003,100.0,518.67,643.14,1597.99,1415.1,14.62,21.61,551.57,2388.12,9124.85,1.3,47.83,520.25,2388.14,8186.28,8.512,0.03,394,2388,100.0,38.64,23.1791,15
26,185,-0.0007,-0.0003,100.0,518.67,643.02,1598.81,1419.15,14.62,21.61,552.39,2388.12,9129.73,1.3,47.88,520.11,2388.15,8193.97,8.5088,0.03,394,2388,100.0,38.6,23.0039,14
26,186,-0.0022,-0.0003,100.0,518.67,643.81,1601.93,1418.67,14.62,21.61,552.33,2388.13,9126.56,1.3,47.92,521.01,2388.14,8202.18,8.5137,0.03,395,2388,100.0,38.32,23.1313,13
26,187,0.0013,-0.0004,100.0,518.67,643.5,1602.0,1422.72,14.62,21.61,552.65,2388.15,9135.41,1.3,48.15,519.7,2388.08,8199.87,8.5071,0.03,395,2388,100.0,38.57,23.1639,12
26,188,-0.0013,0.0001,100.0,518.67,643.15,1603.07,1429.06,14.62,21.61,552.16,2388.12,9131.88,1.3,47.87,519.8,2388.13,8198.83,8.4834,0.03,395,2388,100.0,38.44,23.1403,11
26,189,0.0005,-0.0,100.0,518.67,643.59,1600.68,1424.71,14.62,21.61,551.99,2388.15,9130.05,1.3,48.2,520.54,2388.17,8207.26,8.4844,0.03,396,2388,100.0,38.58,23.1637,10
26,190,0.0009,-0.0003,100.0,518.67,643.29,1601.67,1428.87,14.62,21.61,551.93,2388.15,9128.33,1.3,47.95,520.33,2388.14,8204.56,8.4889,0.03,396,2388,100.0,38.63,23.2113,9
26,191,-0.0024,0.0004,100.0,518.67,643.59,1606.06,1424.87,14.62,21.61,551.83,2388.13,9139.45,1.3,47.95,519.97,2388.16,8200.26,8.5494,0.03,397,2388,100.0,38.58,23.0404,8
26,192,0.0014,0.0004,100.0,518.67,643.7,1602.26,1425.02,14.62,21.61,551.89,2388.15,9143.79,1.3,48.02,520.34,2388.21,8198.45,8.5053,0.03,397,2388,100.0,38.43,23.11,7
26,193,0.0012,0.0002,100.0,518.67,643.32,1598.78,1427.13,14.62,21.61,551.78,2388.19,9139.84,1.3,47.98,519.8,2388.15,8204.37,8.5207,0.03,396,2388,100.0,38.39,23.1663,6
26,194,0.0032,-0.0002,100.0,518.67,643.71,1599.33,1432.5,14.62,21.61,552.14,2388.13,9143.97,1.3,48.04,520.48,2388.17,8208.26,8.5348,0.03,397,2388,100.0,38.66,23.0408,5
26,195,-0.0011,0.0,100.0,518.67,643.49,1607.92,1422.33,14.62,21.61,552.0,2388.16,9145.59,1.3,48.03,520.44,2388.16,8214.85,8.5399,0.03,396,2388,100.0,38.57,23.114,4
26,196,-0.0034,0.0002,100.0,518.67,643.57,1603.45,1427.18,14.62,21.61,552.02,2388.14,9158.85,1.3,47.98,520.28,2388.16,8215.55,8.4726,0.03,395,2388,100.0,38.46,23.0408,3
26,197,0.0007,-0.0,100.0,518.67,644.04,1602.29,1426.78,14.62,21.61,551.23,2388.16,9150.89,1.3,48.14,520.41,2388.13,8219.41,8.5083,0.03,398,2388,100.0,38.57,23.0534,2
26,198,-0.0025,0.0,100.0,518.67,643.24,1599.73,1421.29,14.62,21.61,551.57,2388.19,9154.0,1.3,48.07,520.53,2388.16,8213.47,8.5098,0.03,397,2388,100.0,38.45,23.1852,1
26,199,-0.0005,0.0003,100.0,518.67,643.51,1599.25,1432.5,14.62,21.61,551.79,2388.19,9159.51,1.3,48.05,519.2,2388.2,8222.42,8.5347,0.03,398,2388,100.0,38.27,22.9867,0
27,1,0.0004,-0.0,100.0,518.67,642.41,1592.81,1403.33,14.62,21.61,554.08,2388.08,9053.27,1.3,47.61,521.21,2388.06,8144.58,8.4088,0.03,391,2388,100.0,38.74,23.3425,155
27,2,-0.0026,-0.0003,100.0,518.67,642.6,1590.48,1404.96,14.62,21.61,554.39,2388.02,9062.24,1.3,47.4,521.95,2388.11,8138.82,8.4346,0.03,395,2388,100.0,39.04,23.4075,154
27,3,0.0005,-0.0003,100.0,518.67,642.3,1581.71,1401.67,14.62,21.61,553.69,2388.07,9059.84,1.3,47.38,521.95,2388.07,8145.91,8.4253,0.03,391,2388,100.0,38.75,23.2521,153
27,4,0.0012,-0.0002,100.0,518.67,643.04,1587.25,1407.46,14.62,21.61,553.56,2388.06,9066.11,1.3,47.36,521.98,2388.03,8141.46,8.433,0.03,394,2388,100.0,38.8,23.333,152
27,5,-0.0038,-0.0005,100.0,518.67,642.47,1584.61,1406.82,14.62,21.61,554.18,2388.04,9057.75,1.3,47.44,521.96,2388.06,8138.58,8.4384,0.03,394,2388,100.0,38.98,23.392,151
27,6,-0.0012,0.0002,100.0,518.67,642.3,1584.48,1409.51,14.62,21.61,554.65,2388.02,9059.92,1.3,47.44,521.75,2388.06,8145.23,8.4208,0.03,393,2388,100.0,38.9,23.319,150
27,7,0.0003,0.0001,100.0,518.67,642.27,1595.67,1409.94,14.62,21.61,552.85,2388.09,9069.62,1.3,47.45,521.21,2388.06,8140.38,8.4177,0.03,393,2388,100.0,38.97,23.2795,149
27,8,0.0012,0.0002,100.0,518.67,642.45,1579.66,1407.34,14.62,21.61,553.45,2388.06,9066.23,1.3,47.48,522.36,2388.05,8146.22,8.4298,0.03,394,2388,100.0,38.82,23.3563,148
27,9,-0.003,0.0001,100.0,518.67,642.59,1593.52,1408.99,14.62,21.61,553.74,2388.04,9068.2,1.3,47.34,521.29,2388.08,8144.82,8.4011,0.03,392,2388,100.0,38.94,23.3202,147
27,10,0.0013,0.0001,100.0,518.67,642.54,1592.24,1408.67,14.62,21.61,554.03,2388.08,9066.4,1.3,47.52,521.19,2388.09,8142.33,8.4128,0.03,393,2388,100.0,38.95,23.4244,146
27,11,0.0006,-0.0004,100.0,518.67,642.57,1586.12,1392.42,14.62,21.61,553.0,2388.11,9062.55,1.3,47.44,521.82,2388.15,8142.34,8.4378,0.03,392,2388,100.0,38.91,23.362,145
27,12,-0.0021,-0.0003,100.0,518.67,642.48,1587.31,1404.75,14.62,21.61,553.34,2388.04,9065.14,1.3,47.45,522.05,2388.04,8138.0,8.4468,0.03,393,2388,100.0,38.82,23.3062,144
27,13,0.005,0.0004,100.0,518.67,642.36,1588.83,1410.72,14.62,21.61,553.02,2388.08,9061.13,1.3,47.44,521.87,2388.09,8144.86,8.4276,0.03,392,2388,100.0,38.64,23.3662,143
27,14,0.0012,0.0001,100.0,518.67,642.37,1583.56,1407.41,14.62,21.61,553.82,2388.05,9056.57,1.3,47.31,521.98,2388.07,8151.14,8.4452,0.03,394,2388,100.0,38.97,23.3414,142
27,15,0.0006,-0.0002,100.0,518.67,642.33,1583.7,1402.81,14.62,21.61,553.9,2388.03,9069.72,1.3,47.42,521.67,2388.06,8141.61,8.4514,0.03,393,2388,100.0,38.73,23.3552,141
27,16,-0.0024,-0.0003,100.0,518.67,642.4,1585.16,1403.97,14.62,21.61,552.58,2388.06,9067.64,1.3,47.5,521.55,2388.02,8138.07,8.4352,0.03,392,2388,100.0,38.82,23.3333,140
27,17,-0.0014,-0.0003,100.0,518.67,641.78,1591.04,1407.19,14.62,21.61,554.56,2388.0,9061.41,1.3,47.4,521.6,2388.06,8150.68,8.4351,0.03,393,2388,100.0,38.86,23.3798,139
27,18,-0.0015,0.0002,100.0,518.67,642.61,1590.43,1396.7,14.62,21.61,553.71,2388.1,9064.92,1.3,47.37,521.43,2388.09,8139.6,8.4055,0.03,393,2388,100.0,38.84,23.3399,138
27,19,-0.0019,-0.0001,100.0,518.67,642.47,1581.23,1399.5,14.62,21.61,553.43,2388.11,9062.02,1.3,47.42,521.86,2388.04,8142.48,8.4082,0.03,393,2388,100.0,38.8,23.3244,137
27,20,0.0004,-0.0003,100.0,518.67,642.66,1592.44,1407.16,14.62,21.61,553.88,2388.02,9064.36,1.3,47.4,521.61,2388.08,8139.17,8.45,0.03,393,2388,100.0,38.9,23.3725,136
27,21,-0.0002,0.0002,100.0,518.67,642.56,1584.78,1395.72,14.62,21.61,553.86,2388.02,9067.88,1.3,47.47,522.07,2388.01,8142.5,8.4341,0.03,392,2388,100.0,38.83,23.358,135
27,22,0.0025,-0.0004,100.0,518.67,642.75,1590.65,1405.19,14.62,21.61,552.86,2388.07,9059.1,1.3,47.53,522.0,2388.06,8145.14,8.4121,0.03,393,2388,100.0,38.89,23.3225,134
27,23,0.0048,-0.0005,100.0,518.67,642.3,1590.01,1407.18,14.62,21.61,553.67,2388.09,9064.01,1.3,47.52,521.71,2388.05,8142.42,8.4264,0.03,393,2388,100.0,38.89,23.2872,133
27,24,-0.0009,-0.0004,100.0,518.67,642.54,1594.77,1404.67,14.62,21.61,553.5,2387.97,9073.32,1.3,47.44,520.89,2388.12,8150.47,8.4451,0.03,393,2388,100.0,38.91,23.3274,132
27,25,0.0002,-0.0004,100.0,518.67,642.54,1590.71,1403.35,14.62,21.61,554.51,2388.14,9066.2,1.3,47.24,522.1,2388.1,8140.16,8.427,0.03,393,2388,100.0,38.9,23.2058,131
27,26,0.0001,0.0003,100.0,518.67,642.61,1587.42,1398.58,14.62,21.61,554.09,2388.06,9063.43,1.3,47.37,522.04,2388.06,8144.18,8.4276,0.03,391,2388,100.0,38.74,23.2886,130
27,27,0.0035,-0.0003,100.0,518.67,642.32,1585.31,1406.02,14.62,21.61,552.99,2388.07,9069.36,1.3,47.31,521.77,2388.08,8148.06,8.4601,0.03,393,2388,100.0,39.02,23.3902,129
27,28,0.0003,0.0003,100.0,518.67,642.55,1586.9,1404.2,14.62,21.61,554.33,2388.11,9067.38,1.3,47.34,522.21,2388.04,8145.93,8.3907,0.03,393,2388,100.0,39.12,23.3839,128
27,29,-0.0023,-0.0005,100.0,518.67,642.5,1583.07,1405.78,14.62,21.61,553.98,2388.06,9063.3,1.3,47.35,521.91,2388.04,8145.78,8.4348,0.03,392,2388,100.0,38.89,23.2319,127
27,30,-0.0009,0.0001,100.0,518.67,642.46,1589.12,1395.35,14.62,21.61,554.02,2388.05,9061.47,1.3,47.34,521.5,2388.05,8149.79,8.4483,0.03,393,2388,100.0,38.75,23.2781,126
27,31,-0.0007,0.0002,100.0,518.67,642.7,1590.1,1404.34,14.62,21.61,553.94,2388.03,9056.41,1.3,47.47,521.61,2388.03,8145.08,8.4361,0.03,392,2388,100.0,38.72,23.3471,125
27,32,-0.001,0.0,100.0,518.67,642.55,1589.05,1404.68,14.62,21.61,553.58,2388.02,9058.45,1.3,47.45,521.48,2388.01,8142.86,8.4304,0.03,393,2388,100.0,38.66,23.3432,124
27,33,-0.0025,0.0003,100.0,518.67,642.06,1590.6,1407.24,14.62,21.61,553.03,2388.07,9060.42,1.3,47.37,521.75,2388.06,8145.23,8.446,0.03,394,2388,100.0,38.89,23.2982,123
27,34,0.0014,-0.0003,100.0,518.67,642.93,1597.39,1403.23,14.62,21.61,553.9,2388.1,9062.04,1.3,47.25,522.2,2388.04,8137.51,8.4496,0.03,393,2388,100.0,38.92,23.3944,122
27,35,-0.0035,-0.0,100.0,518.67,642.31,1591.21,1405.62,14.62,21.61,553.41,2388.06,9066.63,1.3,47.45,521.89,2388.05,8138.47,8.4391,0.03,392,2388,100.0,38.91,23.365,121
27,36,-0.0022,-0.0002,100.0,518.67,642.16,1596.79,1407.68,14.62,21.61,554.49,2388.1,9068.67,1.3,47.45,521.56,2388.06,8139.3,8.3947,0.03,393,2388,100.0,38.98,23.2749,120
27,37,0.0028,0.0002,100.0,518.67,642.69,1587.68,1401.08,14.62,21.61,554.49,2388.08,9067.53,1.3,47.28,521.81,2388.04,8142.31,8.4219,0.03,391,2388,100.0,38.87,23.4123,119
27,38,0.0012,0.0002,100.0,518.67,642.55,1587.12,1409.48,14.62,21.61,554.18,2388.06,9070.16,1.3,47.52,522.24,2388.07,8144.39,8.4059,0.03,392,2388,100.0,38.96,23.3179,118
27,39,-0.0006,-0.0004,100.0,518.67,642.26,1589.69,1405.18,14.62,21.61,553.64,2388.02,9060.09,1.3,47.57,521.94,2388.1,8145.37,8.4273,0.03,393,2388,100.0,39.0,23.3514,117
27,40,0.0001,0.0003,100.0,518.67,642.42,1592.01,1409.89,14.62,21.61,554.32,2388.08,9064.69,1.3,47.53,521.57,2388.05,8150.59,8.4624,0.03,393,2388,100.0,38.85,23.3694,116
27,41,0.0012,-0.0,100.0,518.67,642.21,1583.26,1404.96,14.62,21.61,553.73,2388.06,9057.14,1.3,47.44,521.64,2388.12,8142.24,8.4502,0.03,392,2388,100.0,38.87,23.165,115
27,42,0.0009,-0.0005,100.0,518.67,642.94,1581.57,1407.92,14.62,21.61,553.41,2388.04,9068.4,1.3,47.37,521.29,2388.06,8145.28,8.4601,0.03,393,2388,100.0,38.94,23.3386,114
27,43,0.0002,-0.0004,100.0,518.67,642.84,1591.34,1401.74,14.62,21.61,553.68,2388.13,9064.24,1.3,47.38,521.49,2388.12,8149.36,8.4171,0.03,394,2388,100.0,38.79,23.3086,113
27,44,0.0001,-0.0002,100.0,518.67,642.81,1583.25,1397.69,14.62,21.61,554.14,2388.09,9072.87,1.3,47.45,521.52,2388.02,8143.18,8.4091,0.03,393,2388,100.0,38.87,23.2843,112
27,45,0.001,-0.0002,100.0,518.67,642.5,1588.66,1412.34,14.62,21.61,554.03,2388.05,9063.77,1.3,47.58,521.21,2388.04,8146.51,8.4182,0.03,392,2388,100.0,39.02,23.2726,111
27,46,-0.0038,-0.0003,100.0,518.67,642.48,1585.98,1400.43,14.62,21.61,554.23,2388.05,9070.12,1.3,47.32,521.48,2388.05,8141.42,8.4178,0.03,392,2388,100.0,38.86,23.3129,110
27,47,-0.002,-0.0002,100.0,518.67,642.32,1590.28,1409.2,14.62,21.61,553.25,2388.1,9068.49,1.3,47.47,521.83,2388.04,8141.68,8.4431,0.03,392,2388,100.0,38.87,23.2718,109
27,48,0.001,-0.0,100.0,518.67,643.11,1593.64,1412.48,14.62,21.61,553.45,2388.06,9066.14,1.3,47.6,521.73,2388.09,8140.35,8.4163,0.03,393,2388,100.0,38.88,23.4464,108
27,49,0.0032,0.0003,100.0,518.67,642.05,1590.33,1408.22,14.62,21.61,553.53,2388.07,9071.78,1.3,47.54,521.74,2388.08,8152.53,8.4277,0.03,392,2388,100.0,38.92,23.3259,107
27,50,-0.0014,-0.0003,100.0,518.67,643.12,1588.5,1406.8,14.62,21.61,553.36,2388.11,9066.57,1.3,47.64,521.26,2388.07,8147.41,8.4129,0.03,394,2388,100.0,39.0,23.3386,106
27,51,-0.0025,-0.0002,100.0,518.67,642.53,1590.41,1409.24,14.62,21.61,553.16,2388.03,9065.55,1.3,47.37,521.76,2388.12,8144.87,8.4392,0.03,393,2388,100.0,38.93,23.4062,105
27,52,-0.0008,-0.0002,100.0,518.67,642.86,1592.59,1404.88,14.62,21.6,553.17,2388.03,9063.27,1.3,47.59,521.31,2388.09,8137.45,8.4518,0.03,391,2388,100.0,38.98,23.288,104
27,53,0.0032,0.0004,100.0,518.67,642.56,1584.63,1408.94,14.62,21.61,553.14,2388.06,9060.79,1.3,47.46,522.0,2388.07,8141.03,8.4146,0.03,392,2388,100.0,38.78,23.3635,103
27,54,0.0009,0.0001,100.0,518.67,642.62,1584.73,1407.3,14.62,21.61,553.53,2388.06,9063.37,1.3,47.52,521.52,2388.13,8149.35,8.4461,0.03,392,2388,100.0,38.9,23.2081,102
27,55,0.0033,-0.0,100.0,518.67,642.28,1590.34,1403.66,14.62,21.61,554.97,2388.05,9065.81,1.3,47.45,521.68,2388.12,8148.28,8.4398,0.03,393,2388,100.0,38.92,23.4158,101
27,56,0.003,0.0003,100.0,518.67,642.91,1595.92,1403.35,14.62,21.61,553.23,2388.09,9065.89,1.3,47.21,521.48,2388.07,8136.03,8.4514,0.03,393,2388,100.0,38.9,23.3764,100
27,57,-0.0003,0.0003,100.0,518.67,642.26,1590.69,1410.43,14.62,21.61,554.17,2388.03,9066.79,1.3,47.62,521.45,2388.11,8141.63,8.4204,0.03,393,2388,100.0,38.79,23.3128,99
27,58,0.0017,0.0002,100.0,518.67,642.57,1584.91,1401.33,14.62,21.61,552.96,2388.05,9069.47,1.3,47.45,521.26,2388.07,8143.44,8.4361,0.03,393,2388,100.0,38.92,23.3731,98
27,59,-0.0028,0.0001,100.0,518.67,641.89,1595.99,1406.05,14.62,21.61,552.99,2388.11,9063.77,1.3,47.66,521.69,2388.05,8146.7,8.4306,0.03,394,2388,100.0,38.76,23.357,97
27,60,-0.0021,0.0002,100.0,518.67,642.78,1587.22,1407.53,14.62,21.61,553.02,2388.07,9069.95,1.3,47.51,521.53,2388.06,8147.55,8.4413,0.03,392,2388,100.0,38.77,23.2111,96
27,61,0.0003,-0.0004,100.0,518.67,642.56,1591.03,1408.91,14.62,21.61,552.82,2388.09,9071.13,1.3,47.39,521.15,2388.11,8148.23,8.4327,0.03,392,2388,100.0,38.69,23.379,95
27,62,0.0024,0.0002,100.0,518.67,642.26,1588.61,1414.54,14.62,21.61,553.51,2388.1,9064.77,1.3,47.38,521.63,2388.04,8144.23,8.4336,0.03,392,2388,100.0,38.93,23.2637,94
27,63,0.0004,0.0001,100.0,518.67,642.33,1590.1,1416.28,14.62,21.61,552.61,2388.08,9060.33,1.3,47.41,521.49,2388.05,8148.73,8.4618,0.03,393,2388,100.0,38.93,23.2869,93
27,64,-0.0023,-0.0004,100.0,518.67,642.59,1591.45,1403.31,14.62,21.61,553.92,2388.15,9068.6,1.3,47.55,521.87,2388.05,8146.86,8.4189,0.03,393,2388,100.0,39.07,23.3385,92
27,65,-0.0008,-0.0002,100.0,518.67,642.7,1590.78,1406.97,14.62,21.61,553.23,2388.1,9060.49,1.3,47.63,522.24,2388.06,8138.62,8.4179,0.03,393,2388,100.0,38.88,23.3298,91
27,66,-0.005,-0.0003,100.0,518.67,642.81,1589.64,1406.18,14.62,21.61,553.8,2388.07,9065.48,1.3,47.47,521.52,2388.09,8142.88,8.4438,0.03,393,2388,100.0,38.9,23.1849,90
27,67,0.0,0.0002,100.0,518.67,642.57,1586.59,1412.39,14.62,21.61,554.0,2388.07,9069.14,1.3,47.43,521.83,2388.07,8142.67,8.4508,0.03,395,2388,100.0,38.94,23.3121,89
27,68,-0.0006,-0.0001,100.0,518.67,642.73,1593.25,1413.68,14.62,21.61,553.45,2388.1,9069.39,1.3,47.34,522.14,2388.12,8147.8,8.428,0.03,392,2388,100.0,38.8,23.3597,88
27,69,0.0033,0.0003,100.0,518.67,642.77,1578.13,1407.13,14.62,21.61,553.32,2388.08,9066.37,1.3,47.54,522.12,2388.05,8149.25,8.427,0.03,394,2388,100.0,38.78,23.364,87
27,70,0.0018,-0.0003,100.0,518.67,642.53,1584.62,1408.9,14.62,21.61,553.2,2388.08,9066.9,1.3,47.44,521.9,2388.09,8142.63,8.4254,0.03,394,2388,100.0,38.88,23.3443,86
27,71,-0.0011,-0.0001,100.0,518.67,642.7,1593.27,1404.91,14.62,21.61,552.78,2388.08,9066.69,1.3,47.56,521.98,2388.07,8147.87,8.3924,0.03,393,2388,100.0,38.98,23.3195,85
27,72,-0.0001,-0.0005,100.0,518.67,642.85,1584.8,1409.4,14.62,21.61,553.28,2388.07,9070.38,1.3,47.5,522.03,2388.13,8142.34,8.4406,0.03,392,2388,100.0,38.82,23.2761,84
27,73,-0.0022,-0.0004,100.0,518.67,642.83,1595.96,1403.62,14.62,21.61,553.38,2388.08,9070.22,1.3,47.52,521.66,2388.12,8149.48,8.408,0.03,393,2388,100.0,38.83,23.2556,83
27,74,-0.0014,-0.0001,100.0,518.67,642.43,1589.75,1403.14,14.62,21.61,554.42,2388.08,9065.28,1.3,47.54,521.83,2388.12,8148.24,8.4408,0.03,393,2388,100.0,39.06,23.3193,82
27,75,-0.0002,0.0004,100.0,518.67,642.76,1589.51,1411.99,14.62,21.61,553.49,2388.04,9071.52,1.3,47.46,521.93,2388.13,8144.03,8.4467,0.03,393,2388,100.0,38.68,23.3404,81
27,76,-0.0014,0.0001,100.0,518.67,642.5,1587.74,1407.5,14.62,21.61,553.38,2388.06,9064.55,1.3,47.56,521.65,2388.11,8143.37,8.4191,0.03,393,2388,100.0,38.94,23.3429,80
27,77,0.0017,-0.0003,100.0,518.67,642.87,1588.09,1409.32,14.62,21.61,554.35,2388.03,9076.28,1.3,47.46,521.62,2388.14,8153.49,8.4316,0.03,392,2388,100.0,38.9,23.3397,79
27,78,-0.0024,-0.0002,100.0,518.67,642.43,1593.59,1411.26,14.62,21.61,553.09,2388.1,9070.92,1.3,47.45,521.76,2388.09,8145.92,8.429,0.03,395,2388,100.0,38.85,23.3428,78
27,79,-0.0024,-0.0002,100.0,518.67,642.7,1584.93,1410.78,14.62,21.61,553.87,2388.12,9071.87,1.3,47.42,521.29,2388.12,8141.38,8.4376,0.03,394,2388,100.0,38.73,23.2766,77
27,80,0.0007,-0.0005,100.0,518.67,641.84,1587.58,1414.87,14.62,21.61,553.53,2388.02,9069.73,1.3,47.46,521.35,2388.06,8151.22,8.4667,0.03,393,2388,100.0,38.84,23.2138,76
27,81,-0.0003,-0.0003,100.0,518.67,643.16,1590.25,1410.54,14.62,21.61,553.74,2388.09,9063.08,1.3,47.42,522.07,2388.12,8147.64,8.444,0.03,393,2388,100.0,38.82,23.3558,75
27,82,0.0017,-0.0,100.0,518.67,642.5,1600.91,1415.54,14.62,21.61,553.5,2388.09,9061.03,1.3,47.48,521.68,2388.08,8150.9,8.3974,0.03,392,2388,100.0,38.75,23.3561,74
27,83,0.0013,0.0001,100.0,518.67,642.24,1591.16,1399.22,14.62,21.61,553.41,2388.07,9072.18,1.3,47.53,520.86,2388.1,8153.05,8.4279,0.03,394,2388,100.0,38.92,23.3416,73
27,84,0.0026,0.0001,100.0,518.67,643.05,1590.75,1411.12,14.62,21.61,553.21,2388.11,9069.1,1.3,47.63,521.86,2388.15,8147.08,8.4312,0.03,395,2388,100.0,38.72,23.3699,72
27,85,-0.0042,0.0,100.0,518.67,641.86,1591.36,1409.92,14.62,21.61,553.28,2388.09,9074.25,1.3,47.63,521.37,2388.02,8151.2,8.4562,0.03,392,2388,100.0,38.93,23.3496,71
27,86,-0.0013,-0.0004,100.0,518.67,642.87,1593.17,1403.79,14.62,21.61,553.76,2388.1,9070.13,1.3,47.58,521.0,2388.07,8149.27,8.4437,0.03,393,2388,100.0,39.1,23.2941,70
27,87,0.0021,-0.0003,100.0,518.67,642.63,1590.85,1411.77,14.62,21.61,553.85,2388.1,9067.17,1.3,47.61,521.42,2388.12,8147.15,8.4775,0.03,391,2388,100.0,38.7,23.2104,69
27,88,0.0003,-0.0005,100.0,518.67,643.0,1586.24,1407.36,14.62,21.61,553.15,2388.05,9068.5,1.3,47.51,520.59,2388.06,8152.72,8.4216,0.03,392,2388,100.0,38.82,23.3788,68
27,89,0.0003,0.0001,100.0,518.67,642.6,1595.61,1410.14,14.62,21.61,553.43,2388.07,9074.96,1.3,47.47,520.92,2388.08,8145.83,8.4042,0.03,394,2388,100.0,38.86,23.1602,67
27,90,0.0001,0.0,100.0,518.67,642.13,1591.67,1408.51,14.62,21.61,553.68,2388.08,9069.56,1.3,47.6,520.97,2388.12,8151.82,8.4565,0.03,394,2388,100.0,38.68,23.3718,66
27,91,0.0016,-0.0002,100.0,518.67,642.94,1590.89,1409.25,14.62,21.61,553.26,2388.07,9072.4,1.3,47.54,521.51,2388.03,8148.73,8.457,0.03,394,2388,100.0,39.03,23.1897,65
27,92,-0.0008,0.0002,100.0,518.67,642.48,1585.96,1408.21,14.62,21.61,553.18,2388.09,9072.9,1.3,47.69,521.03,2388.05,8149.25,8.4985,0.03,393,2388,100.0,38.86,23.2057,64
27,93,0.0,0.0002,100.0,518.67,642.64,1592.61,1417.3,14.62,21.61,553.58,2388.12,9074.79,1.3,47.43,521.03,2388.13,8151.5,8.4139,0.03,394,2388,100.0,38.71,23.303,63
27,94,-0.0019,0.0002,100.0,518.67,642.41,1597.87,1409.0,14.62,21.61,553.78,2388.07,9086.81,1.3,47.54,521.51,2388.06,8151.6,8.4572,0.03,394,2388,100.0,38.76,23.2785,62
27,95,0.0008,-0.0001,100.0,518.67,643.26,1595.23,1408.35,14.62,21.61,552.69,2388.07,9082.15,1.3,47.71,522.37,2388.11,8146.29,8.4474,0.03,392,2388,100.0,38.87,23.2952,61
27,96,-0.0003,0.0002,100.0,518.67,642.66,1590.7,1415.73,14.62,21.61,553.07,2388.06,9073.48,1.3,47.67,520.96,2388.05,8153.95,8.484,0.03,393,2388,100.0,38.65,23.31,60
27,97,0.0031,-0.0003,100.0,518.67,643.17,1584.43,1417.08,14.62,21.61,552.48,2388.1,9075.95,1.3,47.53,521.28,2388.13,8151.37,8.4153,0.03,392,2388,100.0,38.76,23.2503,59
27,98,-0.0013,0.0004,100.0,518.67,642.59,1586.18,1408.5,14.62,21.61,552.75,2388.08,9079.74,1.3,47.73,521.06,2388.15,8146.12,8.4508,0.03,394,2388,100.0,38.82,23.1136,58
27,99,-0.0023,-0.0,100.0,518.67,642.65,1591.88,1414.29,14.62,21.61,553.3,2388.1,9077.61,1.3,47.5,521.05,2388.1,8155.67,8.4217,0.03,394,2388,100.0,38.99,23.4543,57
27,100,-0.0009,-0.0003,100.0,518.67,642.41,1591.27,1405.82,14.62,21.61,553.08,2388.12,9074.93,1.3,47.5,520.96,2388.13,8153.67,8.4529,0.03,392,2388,100.0,38.93,23.3242,56
27,101,0.0018,-0.0002,100.0,518.67,642.97,1590.05,1409.52,14.62,21.61,553.08,2388.08,9072.0,1.3,47.58,521.5,2388.05,8150.66,8.4494,0.03,393,2388,100.0,38.79,23.273,55
27,102,-0.0028,0.0001,100.0,518.67,643.27,1596.27,1410.49,14.62,21.61,552.4,2388.11,9083.46,1.3,47.69,521.26,2388.1,8150.19,8.4381,0.03,393,2388,100.0,38.71,23.1543,54
27,103,-0.0017,-0.0005,100.0,518.67,642.92,1598.29,1417.33,14.62,21.61,552.39,2388.12,9070.84,1.3,47.62,520.88,2388.08,8150.48,8.4145,0.03,395,2388,100.0,38.86,23.2877,53
27,104,-0.0006,0.0002,100.0,518.67,642.8,1590.26,1411.59,14.62,21.61,553.29,2388.12,9079.04,1.3,47.64,521.37,2388.06,8151.72,8.4773,0.03,393,2388,100.0,38.84,23.2414,52
27,105,0.0003,0.0,100.0,518.67,642.78,1594.54,1408.62,14.62,21.61,553.07,2388.12,9072.32,1.3,47.59,521.57,2388.05,8160.01,8.4467,0.03,393,2388,100.0,39.01,23.3349,51
27,106,-0.003,-0.0004,100.0,518.67,643.22,1591.24,1413.43,14.62,21.61,553.27,2388.08,9070.42,1.3,47.73,521.17,2388.11,8159.72,8.4402,0.03,396,2388,100.0,38.63,23.3546,50
27,107,0.0013,-0.0001,100.0,518.67,643.06,1592.6,1415.59,14.62,21.61,553.25,2388.1,9079.41,1.3,47.61,520.91,2388.07,8158.35,8.4471,0.03,393,2388,100.0,38.98,23.2095,49
27,108,-0.0048,-0.0,100.0,518.67,642.5,1586.58,1410.2,14.62,21.61,553.29,2388.1,9078.18,1.3,47.47,521.28,2388.1,8152.68,8.4409,0.03,394,2388,100.0,38.73,23.3405,48
27,109,-0.0005,0.0002,100.0,518.67,643.03,1596.46,1402.48,14.62,21.61,552.89,2388.07,9079.2,1.3,47.65,520.72,2388.08,8154.77,8.4645,0.03,395,2388,100.0,38.56,23.238,47
27,110,0.0007,-0.0005,100.0,518.67,643.17,1597.79,1416.82,14.62,21.61,553.23,2388.1,9082.82,1.3,47.58,521.39,2388.09,8159.55,8.4654,0.03,394,2388,100.0,38.74,23.2156,46
27,111,-0.001,-0.0002,100.0,518.67,643.07,1587.76,1408.68,14.62,21.61,552.55,2388.1,9086.44,1.3,47.5,521.2,2388.06,8157.77,8.4732,0.03,393,2388,100.0,38.75,23.1462,45
27,112,-0.0009,0.0001,100.0,518.67,642.55,1593.06,1419.78,14.62,21.61,552.7,2388.11,9086.26,1.3,47.82,520.87,2388.05,8163.05,8.4971,0.03,394,2388,100.0,38.72,23.2291,44
27,113,-0.0009,0.0004,100.0,518.67,642.01,1590.1,1419.08,14.62,21.61,553.33,2388.12,9084.23,1.3,47.66,521.38,2388.11,8154.77,8.4996,0.03,394,2388,100.0,38.86,23.2555,43
27,114,-0.0013,0.0,100.0,518.67,642.62,1589.31,1409.5,14.62,21.61,553.45,2388.16,9085.75,1.3,47.62,520.56,2388.12,8154.36,8.4495,0.03,393,2388,100.0,38.75,23.3215,42
27,115,0.0016,-0.0004,100.0,518.67,643.15,1596.43,1406.79,14.62,21.61,553.37,2388.1,9080.95,1.3,47.74,521.61,2388.12,8162.12,8.424,0.03,393,2388,100.0,38.75,23.2533,41
27,116,-0.0011,-0.0003,100.0,518.67,643.03,1595.3,1414.22,14.62,21.61,553.75,2388.12,9087.05,1.3,47.69,521.55,2388.09,8162.59,8.4847,0.03,392,2388,100.0,38.58,23.2533,40
27,117,-0.0015,-0.0002,100.0,518.67,643.13,1594.45,1412.68,14.62,21.61,553.08,2388.09,9086.99,1.3,47.63,520.64,2388.11,8161.24,8.4794,0.03,394,2388,100.0,38.82,23.2818,39
27,118,-0.0007,-0.0001,100.0,518.67,642.66,1596.54,1409.07,14.62,21.61,553.06,2388.06,9083.29,1.3,47.82,520.65,2388.11,8157.21,8.4542,0.03,394,2388,100.0,38.69,23.2242,38
27,119,0.002,-0.0003,100.0,518.67,642.63,1601.47,1413.67,14.62,21.61,552.57,2388.04,9086.62,1.3,47.71,520.96,2388.11,8156.58,8.4609,0.03,394,2388,100.0,38.67,23.1955,37
27,120,0.0003,0.0002,100.0,518.67,643.3,1596.71,1415.04,14.62,21.61,551.91,2388.08,9086.22,1.3,47.84,520.73,2388.05,8160.94,8.4257,0.03,394,2388,100.0,38.8,23.1596,36
27,121,-0.0004,-0.0001,100.0,518.67,642.67,1596.07,1411.54,14.62,21.61,553.52,2388.07,9087.76,1.3,47.73,521.19,2388.11,8162.94,8.4937,0.03,395,2388,100.0,38.81,23.2751,35
27,122,0.0012,-0.0001,100.0,518.67,642.78,1594.96,1411.04,14.62,21.61,552.51,2388.11,9082.24,1.3,47.62,520.9,2388.13,8161.81,8.4538,0.03,394,2388,100.0,38.64,23.2634,34
27,123,0.0013,-0.0005,100.0,518.67,643.01,1593.26,1418.59,14.62,21.61,553.0,2388.11,9085.06,1.3,47.79,520.44,2388.13,8160.55,8.5044,0.03,395,2388,100.0,38.77,23.2581,33
27,124,-0.0003,-0.0002,100.0,518.67,643.02,1594.17,1420.21,14.62,21.61,552.91,2388.14,9091.19,1.3,47.74,521.12,2388.08,8161.2,8.4511,0.03,393,2388,100.0,38.54,23.2164,32
27,125,-0.0012,0.0004,100.0,518.67,643.3,1594.14,1414.68,14.62,21.61,553.37,2388.13,9088.49,1.3,47.48,521.4,2388.16,8164.12,8.4702,0.03,393,2388,100.0,38.65,23.1363,31
27,126,-0.0008,-0.0003,100.0,518.67,643.13,1601.52,1418.16,14.62,21.61,552.71,2388.05,9092.73,1.3,47.86,520.72,2388.05,8167.14,8.4775,0.03,393,2388,100.0,38.69,23.2992,30
27,127,-0.0008,0.0002,100.0,518.67,642.93,1589.48,1413.76,14.62,21.61,552.81,2388.08,9095.28,1.3,47.95,520.78,2388.1,8167.12,8.4782,0.03,393,2388,100.0,38.64,23.2686,29
27,128,0.0,0.0003,100.0,518.67,642.99,1597.56,1418.09,14.62,21.61,552.65,2388.11,9100.82,1.3,47.73,520.65,2388.11,8162.7,8.421,0.03,396,2388,100.0,38.77,23.201,28
27,129,-0.0009,-0.0003,100.0,518.67,642.82,1596.58,1414.87,14.62,21.61,552.18,2388.11,9091.64,1.3,47.72,520.84,2388.09,8169.46,8.4733,0.03,395,2388,100.0,38.78,23.2787,27
27,130,-0.0012,0.0002,100.0,518.67,643.14,1588.93,1415.13,14.62,21.61,552.34,2388.13,9098.26,1.3,47.76,521.13,2388.16,8172.5,8.4932,0.03,393,2388,100.0,38.71,23.1785,26
27,131,0.0015,0.0,100.0,518.67,642.63,1596.17,1419.49,14.62,21.61,552.19,2388.11,9095.96,1.3,47.82,521.24,2388.19,8171.63,8.4656,0.03,396,2388,100.0,38.56,23.2102,25
27,132,0.0024,-0.0005,100.0,518.67,643.56,1596.9,1414.83,14.62,21.61,553.17,2388.11,9096.31,1.3,47.81,520.71,2388.12,8165.34,8.4617,0.03,395,2388,100.0,38.64,23.1495,24
27,133,-0.003,-0.0003,100.0,518.67,643.82,1596.44,1413.51,14.62,21.61,553.15,2388.09,9102.37,1.3,47.74,520.61,2388.15,8169.51,8.473,0.03,395,2388,100.0,38.66,23.135,23
27,134,-0.003,-0.0005,100.0,518.67,643.55,1594.9,1415.44,14.62,21.61,552.61,2388.17,9099.55,1.3,47.85,521.26,2388.09,8176.05,8.4878,0.03,395,2388,100.0,38.69,23.1422,22
27,135,-0.0022,0.0001,100.0,518.67,642.84,1599.93,1421.02,14.62,21.61,553.28,2388.08,9100.56,1.3,47.57,520.67,2388.11,8172.55,8.4401,0.03,395,2388,100.0,38.72,23.1423,21
27,136,-0.0051,-0.0005,100.0,518.67,643.43,1597.34,1420.99,14.62,21.61,552.33,2388.16,9103.92,1.3,47.82,520.63,2388.13,8173.82,8.48,0.03,395,2388,100.0,38.6,23.1191,20
27,137,0.0008,-0.0005,100.0,518.67,643.42,1587.85,1421.48,14.62,21.61,552.31,2388.14,9109.46,1.3,47.96,520.37,2388.13,8175.11,8.47,0.03,395,2388,100.0,38.39,23.2479,19
27,138,0.0018,0.0004,100.0,518.67,643.79,1600.39,1423.73,14.62,21.61,552.47,2388.12,9112.02,1.3,47.78,520.55,2388.14,8179.58,8.5029,0.03,397,2388,100.0,38.46,23.1376,18
27,139,-0.0018,-0.0004,100.0,518.67,643.55,1604.41,1418.5,14.62,21.61,552.66,2388.12,9109.28,1.3,47.95,520.2,2388.14,8169.95,8.4694,0.03,395,2388,100.0,38.63,23.2009,17
27,140,0.004,0.0004,100.0,518.67,643.03,1590.08,1418.17,14.62,21.61,552.13,2388.15,9106.13,1.3,47.82,520.3,2388.15,8180.48,8.5094,0.03,394,2388,100.0,38.5,23.1819,16
27,141,0.0026,0.0,100.0,518.67,643.77,1595.21,1418.75,14.62,21.61,551.98,2388.2,9112.38,1.3,47.77,520.69,2388.15,8187.91,8.4834,0.03,394,2388,100.0,38.51,23.1364,15
27,142,-0.0004,0.0001,100.0,518.67,643.22,1595.77,1416.04,14.62,21.61,552.63,2388.14,9117.4,1.3,48.09,521.08,2388.14,8185.09,8.4769,0.03,394,2388,100.0,38.6,23.0974,14
27,143,-0.0001,-0.0001,100.0,518.67,643.27,1602.64,1421.92,14.62,21.61,552.5,2388.19,9118.63,1.3,47.88,520.53,2388.12,8181.83,8.5029,0.03,394,2388,100.0,38.5,23.0649,13
27,144,-0.0017,-0.0003,100.0,518.67,643.38,1602.76,1422.56,14.62,21.61,551.99,2388.17,9121.87,1.3,48.09,520.05,2388.11,8184.17,8.4962,0.03,395,2388,100.0,38.67,23.137,12
27,145,-0.0,0.0003,100.0,518.67,643.56,1599.55,1423.96,14.62,21.61,551.38,2388.12,9118.9,1.3,48.07,520.74,2388.14,8185.61,8.5521,0.03,395,2388,100.0,38.69,23.15,11
27,146,-0.0013,0.0002,100.0,518.67,644.0,1605.27,1424.26,14.62,21.61,551.89,2388.15,9121.63,1.3,48.09,520.78,2388.19,8185.95,8.4684,0.03,396,2388,100.0,38.45,23.0716,10
27,147,0.0017,0.0003,100.0,518.67,643.6,1599.15,1423.26,14.62,21.61,551.4,2388.16,9118.21,1.3,47.98,520.66,2388.15,8194.26,8.4949,0.03,397,2388,100.0,38.58,23.0639,9
27,148,-0.0023,-0.0004,100.0,518.67,643.3,1604.17,1424.36,14.62,21.61,552.45,2388.17,9126.28,1.3,47.86,520.19,2388.22,8187.57,8.4951,0.03,395,2388,100.0,38.47,23.1164,8
27,149,-0.0042,-0.0002,100.0,518.67,643.4,1598.75,1422.67,14.62,21.61,552.41,2388.14,9122.95,1.3,47.99,520.25,2388.14,8194.73,8.5158,0.03,395,2388,100.0,38.38,23.1406,7
27,150,-0.0009,0.0001,100.0,518.67,643.75,1599.94,1419.47,14.62,21.61,551.51,2388.17,9133.75,1.3,47.99,519.94,2388.13,8196.73,8.5362,0.03,398,2388,100.0,38.42,23.1674,6
27,151,-0.005,0.0003,100.0,518.67,643.48,1604.42,1423.42,14.62,21.61,551.31,2388.17,9129.98,1.3,48.11,520.3,2388.16,8195.98,8.5312,0.03,397,2388,100.0,38.48,23.1837,5
27,152,-0.0004,0.0004,100.0,518.67,643.64,1600.46,1416.81,14.62,21.61,551.96,2388.16,9131.86,1.3,48.11,520.3,2388.24,8196.96,8.5054,0.03,396,2388,100.0,38.53,23.082,4
27,153,0.0027,0.0001,100.0,518.67,643.57,1600.98,1429.2,14.62,21.61,551.83,2388.17,9129.9,1.3,47.9,520.29,2388.19,8202.69,8.4995,0.03,395,2388,100.0,38.3,23.0855,3
27,154,0.0024,0.0002,100.0,518.67,643.8,1606.27,1431.34,14.62,21.61,551.47,2388.18,9140.82,1.3,48.15,519.87,2388.19,8205.16,8.502,0.03,397,2388,100.0,38.55,23.098,2
27,155,-0.003,0.0001,100.0,518.67,643.5,1607.67,1422.32,14.62,21.61,551.62,2388.14,9143.95,1.3,48.07,520.09,2388.25,8200.38,8.5216,0.03,398,2388,100.0,38.56,23.1217,1
27,156,0.0003,0.0004,100.0,518.67,643.76,1606.45,1429.06,14.62,21.61,551.51,2388.17,9141.14,1.3,48.26,519.43,2388.15,8210.07,8.5259,0.03,397,2388,100.0,38.65,23.0772,0
28,1,-0.0003,-0.0001,100.0,518.67,642.14,1584.11,1392.44,14.62,21.61,554.84,2387.99,9068.32,1.3,47.14,522.67,2388.0,8145.82,8.3899,0.03,391,2388,100.0,39.18,23.3642,164
28,2,-0.0002,0.0003,100.0,518.67,642.41,1583.78,1391.7,14.62,21.61,555.39,2387.99,9056.19,1.3,47.05,522.75,2387.98,8143.47,8.3977,0.03,391,2388,100.0,39.22,23.4739,163
28,3,0.0006,-0.0004,100.0,518.67,642.13,1583.81,1396.23,14.62,21.6,554.32,2388.01,9066.04,1.3,47.27,521.84,2387.99,8139.99,8.3898,0.03,391,2388,100.0,39.1,23.5312,162
28,4,0.002,-0.0001,100.0,518.67,642.51,1593.03,1395.05,14.62,21.61,554.87,2387.95,9065.22,1.3,47.07,522.72,2388.02,8145.79,8.3887,0.03,393,2388,100.0,39.01,23.3791,161
28,5,0.0002,-0.0,100.0,518.67,642.39,1577.87,1396.3,14.62,21.61,554.4,2387.98,9060.76,1.3,47.1,522.95,2387.96,8140.29,8.3771,0.03,394,2388,100.0,39.01,23.4707,160
28,6,0.0008,-0.0004,100.0,518.67,642.07,1591.74,1403.77,14.62,21.61,554.05,2388.01,9061.02,1.3,47.11,522.42,2388.0,8147.97,8.3618,0.03,391,2388,100.0,39.01,23.489,159
28,7,0.0029,-0.0002,100.0,518.67,642.05,1581.85,1400.44,14.62,21.61,554.79,2387.98,9059.22,1.3,46.94,522.75,2388.02,8140.33,8.439,0.03,391,2388,100.0,39.11,23.519,158
28,8,-0.0002,0.0001,100.0,518.67,642.21,1589.79,1395.98,14.62,21.61,554.41,2388.0,9054.45,1.3,47.27,522.38,2387.92,8144.25,8.3898,0.03,391,2388,100.0,39.08,23.5862,157
28,9,-0.0018,0.0002,100.0,518.67,642.12,1585.04,1401.82,14.62,21.61,554.79,2387.99,9058.03,1.3,47.16,522.48,2387.93,8145.92,8.3858,0.03,392,2388,100.0,38.86,23.4515,156
28,10,-0.0004,0.0003,100.0,518.67,642.01,1580.24,1396.79,14.62,21.61,554.71,2387.98,9066.17,1.3,47.1,521.77,2388.03,8146.34,8.3912,0.03,391,2388,100.0,39.06,23.4235,155
28,11,-0.0013,0.0004,100.0,518.67,642.31,1587.71,1396.13,14.62,21.61,554.6,2388.03,9061.34,1.3,47.02,522.39,2388.04,8146.04,8.4056,0.03,391,2388,100.0,39.04,23.3447,154
28,12,-0.0001,0.0005,100.0,518.67,642.01,1588.4,1399.95,14.62,21.61,554.7,2387.98,9062.82,1.3,47.2,522.25,2387.96,8144.02,8.3913,0.03,391,2388,100.0,39.01,23.547,153
28,13,0.0002,0.0005,100.0,518.67,641.58,1583.34,1397.28,14.62,21.61,554.82,2388.01,9066.09,1.3,47.08,522.08,2387.99,8149.44,8.3841,0.03,392,2388,100.0,38.97,23.4033,152
28,14,0.0044,0.0002,100.0,518.67,641.9,1585.59,1401.43,14.62,21.61,554.8,2387.99,9051.05,1.3,47.21,522.34,2387.98,8141.24,8.3898,0.03,391,2388,100.0,39.03,23.3883,151
28,15,-0.0004,0.0004,100.0,518.67,641.55,1583.1,1395.37,14.62,21.61,554.91,2388.05,9049.26,1.3,47.18,522.39,2387.99,8143.08,8.3717,0.03,391,2388,100.0,39.01,23.5113,150
28,16,0.0034,-0.0001,100.0,518.67,641.86,1582.29,1394.28,14.62,21.61,555.09,2388.06,9062.03,1.3,47.28,522.27,2387.96,8144.72,8.3851,0.03,392,2388,100.0,38.95,23.3424,149
28,17,-0.0005,-0.0001,100.0,518.67,641.88,1581.72,1398.89,14.62,21.61,555.02,2387.99,9065.75,1.3,47.09,522.48,2387.99,8136.66,8.3755,0.03,392,2388,100.0,39.1,23.4449,148
28,18,0.0039,-0.0001,100.0,518.67,642.12,1589.7,1396.29,14.62,21.61,554.92,2387.98,9067.04,1.3,47.3,521.82,2388.04,8145.74,8.446,0.03,392,2388,100.0,39.13,23.4849,147
28,19,-0.0012,0.0004,100.0,518.67,641.86,1580.18,1399.73,14.62,21.61,555.19,2387.96,9066.55,1.3,47.29,522.06,2387.98,8144.02,8.3974,0.03,390,2388,100.0,38.97,23.4707,146
28,20,-0.0035,0.0001,100.0,518.67,642.38,1588.55,1398.68,14.62,21.61,554.98,2387.97,9070.68,1.3,47.21,522.33,2387.99,8150.85,8.3633,0.03,390,2388,100.0,39.02,23.526,145
28,21,-0.0019,0.0002,100.0,518.67,641.8,1583.54,1396.72,14.62,21.61,554.41,2388.08,9070.94,1.3,47.29,522.61,2388.01,8143.52,8.419,0.03,392,2388,100.0,39.14,23.3621,144
28,22,0.0023,0.0001,100.0,518.67,641.96,1585.14,1397.42,14.62,21.61,554.77,2387.94,9062.74,1.3,47.22,522.2,2388.04,8145.17,8.3809,0.03,390,2388,100.0,39.04,23.3614,143
28,23,-0.0007,-0.0001,100.0,518.67,642.24,1592.12,1389.11,14.62,21.61,554.32,2387.99,9070.1,1.3,47.24,522.58,2387.92,8147.37,8.3752,0.03,390,2388,100.0,38.84,23.4896,142
28,24,-0.0043,0.0001,100.0,518.67,641.96,1586.78,1397.66,14.62,21.61,554.32,2388.01,9059.83,1.3,47.18,522.94,2387.99,8149.0,8.3832,0.03,391,2388,100.0,39.02,23.4439,141
28,25,0.0007,0.0004,100.0,518.67,641.99,1584.17,1393.05,14.62,21.61,553.95,2388.0,9052.73,1.3,47.24,522.35,2387.99,8138.98,8.3855,0.03,391,2388,100.0,39.12,23.4736,140
28,26,0.0013,0.0004,100.0,518.67,642.27,1583.55,1399.65,14.62,21.6,554.59,2388.02,9056.03,1.3,47.07,522.16,2387.99,8138.44,8.4107,0.03,391,2388,100.0,39.01,23.4683,139
28,27,-0.0014,0.0005,100.0,518.67,641.98,1578.48,1396.48,14.62,21.61,554.14,2388.04,9070.27,1.3,47.23,522.67,2388.0,8146.95,8.4122,0.03,391,2388,100.0,38.97,23.5858,138
28,28,-0.0016,0.0005,100.0,518.67,641.31,1577.83,1400.03,14.62,21.61,555.26,2387.98,9063.64,1.3,47.13,522.4,2387.99,8148.62,8.4115,0.03,393,2388,100.0,39.12,23.5554,137
28,29,0.0009,0.0002,100.0,518.67,641.91,1581.94,1396.35,14.62,21.61,554.65,2387.96,9057.08,1.3,47.36,522.43,2388.04,8151.44,8.4109,0.03,390,2388,100.0,38.9,23.4527,136
28,30,0.002,0.0004,100.0,518.67,641.9,1591.83,1398.37,14.62,21.61,554.52,2387.97,9060.75,1.3,47.18,522.66,2388.0,8147.77,8.4159,0.03,391,2388,100.0,39.07,23.3106,135
28,31,-0.0011,0.0003,100.0,518.67,642.59,1583.14,1396.67,14.62,21.61,553.91,2387.97,9060.02,1.3,47.15,522.21,2388.01,8146.85,8.3923,0.03,393,2388,100.0,39.06,23.4405,134
28,32,-0.0052,0.0002,100.0,518.67,641.96,1577.38,1398.27,14.62,21.61,554.45,2387.98,9061.77,1.3,47.12,521.9,2387.97,8147.61,8.364,0.03,392,2388,100.0,39.11,23.4599,133
28,33,-0.0022,0.0,100.0,518.67,642.1,1579.87,1399.7,14.62,21.61,554.87,2388.04,9063.8,1.3,47.27,522.53,2387.99,8147.2,8.3637,0.03,390,2388,100.0,38.97,23.3332,132
28,34,-0.0021,0.0,100.0,518.67,642.59,1594.85,1398.24,14.62,21.61,554.5,2388.02,9069.76,1.3,47.14,522.25,2387.92,8154.71,8.4059,0.03,390,2388,100.0,38.84,23.3499,131
28,35,-0.0021,0.0002,100.0,518.67,642.13,1590.98,1392.22,14.62,21.61,554.57,2387.97,9066.54,1.3,47.23,522.45,2387.93,8142.79,8.4076,0.03,392,2388,100.0,39.01,23.4664,130
28,36,0.0022,0.0005,100.0,518.67,641.41,1574.52,1398.33,14.62,21.61,554.14,2387.99,9052.62,1.3,47.23,522.34,2388.03,8141.16,8.4202,0.03,393,2388,100.0,38.96,23.3854,129
28,37,-0.003,-0.0002,100.0,518.67,641.84,1581.94,1392.17,14.62,21.61,555.38,2388.07,9068.16,1.3,47.13,522.07,2388.02,8146.26,8.3763,0.03,391,2388,100.0,39.13,23.4107,128
28,38,0.0009,-0.0001,100.0,518.67,641.66,1583.68,1398.96,14.62,21.61,554.18,2388.06,9068.32,1.3,47.06,522.41,2387.96,8144.52,8.409,0.03,391,2388,100.0,39.14,23.5379,127
28,39,0.0007,-0.0004,100.0,518.67,642.19,1592.26,1389.12,14.62,21.61,554.08,2387.98,9068.8,1.3,47.27,521.95,2387.98,8145.17,8.4104,0.03,393,2388,100.0,39.19,23.3943,126
28,40,0.0002,-0.0002,100.0,518.67,642.01,1587.66,1406.12,14.62,21.61,554.67,2388.01,9064.71,1.3,47.11,522.0,2387.97,8147.36,8.3907,0.03,392,2388,100.0,39.2,23.3242,125
28,41,-0.002,-0.0003,100.0,518.67,641.76,1575.6,1396.3,14.62,21.61,554.56,2387.99,9064.08,1.3,47.19,522.48,2387.99,8146.71,8.3489,0.03,391,2388,100.0,39.24,23.4913,124
28,42,0.0023,-0.0004,100.0,518.67,642.31,1585.08,1395.52,14.62,21.61,554.44,2388.02,9061.42,1.3,47.11,522.63,2387.99,8147.24,8.3567,0.03,392,2388,100.0,39.13,23.3987,123
28,43,0.0019,-0.0001,100.0,518.67,642.08,1586.32,1396.26,14.62,21.61,554.28,2387.98,9065.24,1.3,47.12,522.42,2387.97,8144.77,8.3901,0.03,392,2388,100.0,38.92,23.418,122
28,44,-0.0028,-0.0004,100.0,518.67,642.23,1586.12,1400.95,14.62,21.61,554.69,2387.97,9068.56,1.3,47.08,522.27,2388.02,8147.8,8.4043,0.03,392,2388,100.0,39.13,23.4689,121
28,45,-0.0008,-0.0003,100.0,518.67,641.87,1581.16,1394.98,14.62,21.61,555.23,2387.96,9066.97,1.3,47.26,522.4,2388.02,8149.25,8.4185,0.03,389,2388,100.0,39.06,23.353,120
28,46,0.0,0.0003,100.0,518.67,642.24,1584.24,1405.74,14.62,21.61,554.46,2388.02,9074.28,1.3,47.12,522.15,2387.99,8143.31,8.3911,0.03,390,2388,100.0,39.03,23.4541,119
28,47,0.0012,0.0005,100.0,518.67,642.29,1583.8,1394.33,14.62,21.61,553.54,2388.06,9068.95,1.3,47.17,522.68,2387.99,8148.95,8.4057,0.03,391,2388,100.0,39.19,23.504,118
28,48,-0.002,-0.0002,100.0,518.67,642.03,1578.55,1390.2,14.62,21.61,554.3,2387.97,9062.59,1.3,47.1,522.41,2387.99,8142.28,8.4239,0.03,391,2388,100.0,39.05,23.4335,117
28,49,-0.0048,0.0003,100.0,518.67,642.05,1584.38,1397.22,14.62,21.61,554.33,2388.01,9068.64,1.3,47.23,522.01,2387.98,8143.78,8.3989,0.03,391,2388,100.0,39.05,23.371,116
28,50,0.0001,0.0003,100.0,518.67,641.93,1589.99,1389.19,14.62,21.61,553.93,2388.03,9053.29,1.3,47.2,522.15,2387.94,8144.84,8.4083,0.03,390,2388,100.0,39.02,23.4871,115
28,51,0.0048,-0.0004,100.0,518.67,641.82,1583.92,1400.67,14.62,21.61,555.0,2388.01,9067.07,1.3,47.04,522.43,2387.98,8143.88,8.3757,0.03,393,2388,100.0,38.97,23.4205,114
28,52,0.0047,-0.0004,100.0,518.67,642.55,1581.69,1395.74,14.62,21.61,554.45,2387.99,9068.46,1.3,47.38,522.11,2387.99,8145.66,8.3764,0.03,391,2388,100.0,38.95,23.4285,113
28,53,0.0013,-0.0002,100.0,518.67,641.96,1583.64,1395.62,14.62,21.61,554.16,2388.01,9066.56,1.3,47.21,522.68,2387.99,8143.74,8.3889,0.03,390,2388,100.0,39.16,23.4004,112
28,54,0.0014,-0.0001,100.0,518.67,642.64,1579.5,1398.73,14.62,21.61,553.92,2388.05,9060.99,1.3,47.38,522.49,2388.03,8149.46,8.3787,0.03,391,2388,100.0,38.97,23.4836,111
28,55,0.0003,0.0001,100.0,518.67,642.11,1582.46,1401.79,14.62,21.61,554.23,2388.02,9067.45,1.3,47.33,522.16,2387.98,8143.27,8.4182,0.03,391,2388,100.0,38.96,23.4092,110
28,56,0.0053,0.0002,100.0,518.67,641.57,1583.61,1392.84,14.62,21.61,554.84,2387.97,9062.72,1.3,47.23,522.21,2388.0,8143.76,8.4071,0.03,391,2388,100.0,39.02,23.3816,109
28,57,0.0008,0.0001,100.0,518.67,642.0,1584.72,1396.69,14.62,21.61,553.53,2388.0,9067.19,1.3,47.28,522.09,2387.99,8141.57,8.4263,0.03,392,2388,100.0,38.9,23.3154,108
28,58,-0.0055,-0.0004,100.0,518.67,642.06,1585.85,1393.35,14.62,21.6,553.94,2388.03,9058.45,1.3,47.25,521.9,2388.07,8148.08,8.3993,0.03,392,2388,100.0,39.08,23.4433,107
28,59,0.0011,-0.0003,100.0,518.67,642.1,1582.48,1400.19,14.62,21.61,555.04,2387.96,9070.08,1.3,47.11,522.34,2388.02,8146.69,8.4166,0.03,392,2388,100.0,39.1,23.4337,106
28,60,0.0022,0.0005,100.0,518.67,642.12,1583.95,1399.63,14.62,21.61,554.45,2388.03,9060.3,1.3,47.18,522.36,2388.03,8148.85,8.3719,0.03,393,2388,100.0,38.97,23.3426,105
28,61,-0.0017,0.0005,100.0,518.67,642.55,1584.91,1394.03,14.62,21.61,554.19,2388.02,9066.89,1.3,47.21,522.48,2388.05,8143.65,8.3928,0.03,392,2388,100.0,38.93,23.31,104
28,62,0.0017,-0.0003,100.0,518.67,642.22,1586.18,1396.17,14.62,21.61,554.82,2388.02,9063.33,1.3,47.34,522.36,2388.0,8141.96,8.4121,0.03,392,2388,100.0,39.15,23.4007,103
28,63,0.0025,-0.0003,100.0,518.67,642.52,1583.53,1398.93,14.62,21.61,554.83,2388.04,9066.6,1.3,47.26,522.63,2387.99,8140.3,8.386,0.03,393,2388,100.0,39.22,23.3433,102
28,64,-0.0015,0.0003,100.0,518.67,642.13,1586.43,1395.3,14.62,21.61,554.59,2387.99,9063.19,1.3,47.37,522.3,2388.01,8148.07,8.3751,0.03,391,2388,100.0,39.01,23.4845,101
28,65,-0.001,-0.0002,100.0,518.67,642.18,1581.73,1396.08,14.62,21.61,553.86,2388.01,9065.88,1.3,47.18,522.6,2388.04,8144.12,8.3687,0.03,393,2388,100.0,38.84,23.4073,100
28,66,-0.0006,-0.0003,100.0,518.67,641.88,1589.67,1398.05,14.62,21.61,554.57,2388.01,9061.76,1.3,47.28,522.02,2388.0,8146.94,8.3617,0.03,392,2388,100.0,38.93,23.3639,99
28,67,0.0045,0.0,100.0,518.67,642.3,1582.51,1400.33,14.62,21.61,553.88,2388.02,9068.43,1.3,47.33,522.37,2388.05,8147.59,8.4349,0.03,392,2388,100.0,38.93,23.3905,98
28,68,-0.0014,0.0001,100.0,518.67,642.04,1584.96,1394.02,14.62,21.61,554.55,2388.06,9065.24,1.3,47.15,522.54,2387.97,8151.09,8.4225,0.03,393,2388,100.0,39.01,23.5582,97
28,69,-0.0012,0.0002,100.0,518.67,642.33,1580.4,1390.96,14.62,21.61,554.32,2388.02,9076.21,1.3,47.25,521.74,2388.01,8145.72,8.4078,0.03,391,2388,100.0,38.84,23.5081,96
28,70,0.0005,0.0002,100.0,518.67,641.85,1588.49,1398.78,14.62,21.6,555.15,2388.01,9065.58,1.3,47.28,522.0,2388.0,8142.83,8.3872,0.03,391,2388,100.0,39.09,23.3669,95
28,71,0.0015,-0.0004,100.0,518.67,641.88,1584.83,1398.94,14.62,21.61,554.52,2387.98,9070.96,1.3,47.13,522.03,2387.97,8147.54,8.3846,0.03,392,2388,100.0,39.04,23.4344,94
28,72,0.0034,0.0003,100.0,518.67,641.94,1590.87,1399.22,14.62,21.61,553.52,2387.98,9058.05,1.3,47.19,522.7,2388.07,8145.92,8.3823,0.03,392,2388,100.0,39.19,23.4449,93
28,73,0.0029,-0.0004,100.0,518.67,641.84,1583.63,1396.76,14.62,21.61,554.28,2388.01,9062.43,1.3,47.2,522.38,2388.03,8153.11,8.416,0.03,393,2388,100.0,38.9,23.3652,92
28,74,0.004,-0.0004,100.0,518.67,642.26,1589.71,1392.72,14.62,21.61,553.94,2388.02,9064.55,1.3,47.19,522.12,2388.04,8141.05,8.3927,0.03,392,2388,100.0,38.98,23.3505,91
28,75,0.0012,0.0004,100.0,518.67,642.2,1589.25,1397.92,14.62,21.61,554.47,2387.99,9061.14,1.3,47.21,522.2,2387.95,8142.93,8.4315,0.03,392,2388,100.0,39.0,23.3564,90
28,76,0.0024,-0.0002,100.0,518.67,642.63,1581.34,1396.47,14.62,21.61,554.4,2388.05,9060.49,1.3,47.24,522.65,2388.1,8142.12,8.4286,0.03,393,2388,100.0,38.98,23.3559,89
28,77,-0.0003,-0.0,100.0,518.67,642.11,1583.91,1401.63,14.62,21.6,554.41,2388.01,9068.2,1.3,47.32,522.36,2387.95,8147.81,8.3962,0.03,392,2388,100.0,39.02,23.4062,88
28,78,-0.0003,0.0001,100.0,518.67,642.21,1582.49,1396.62,14.62,21.61,554.4,2387.99,9068.86,1.3,47.2,522.02,2387.98,8155.6,8.4082,0.03,392,2388,100.0,38.98,23.3934,87
28,79,-0.0013,-0.0003,100.0,518.67,642.32,1581.55,1402.42,14.62,21.61,554.01,2388.05,9068.57,1.3,47.17,522.12,2388.02,8147.26,8.4053,0.03,392,2388,100.0,39.0,23.4542,86
28,80,-0.0026,-0.0003,100.0,518.67,641.87,1582.14,1399.29,14.62,21.61,554.7,2388.0,9066.96,1.3,47.37,522.42,2388.02,8149.74,8.4009,0.03,391,2388,100.0,39.01,23.3739,85
28,81,-0.0007,-0.0,100.0,518.67,641.88,1586.36,1401.79,14.62,21.61,554.37,2388.02,9057.4,1.3,47.16,522.34,2388.01,8144.84,8.3736,0.03,392,2388,100.0,38.87,23.4255,84
28,82,-0.0026,0.0,100.0,518.67,642.51,1588.64,1403.68,14.62,21.61,553.65,2387.97,9060.37,1.3,47.11,522.0,2387.93,8146.92,8.4566,0.03,391,2388,100.0,38.91,23.3632,83
28,83,-0.0024,0.0001,100.0,518.67,642.18,1593.18,1398.97,14.62,21.61,553.46,2388.04,9058.47,1.3,47.1,522.22,2388.06,8145.46,8.4374,0.03,391,2388,100.0,38.83,23.41,82
28,84,-0.0019,-0.0003,100.0,518.67,642.23,1584.76,1397.48,14.62,21.61,554.0,2388.03,9075.51,1.3,47.08,521.99,2388.04,8148.28,8.4306,0.03,392,2388,100.0,38.94,23.375,81
28,85,0.0018,-0.0005,100.0,518.67,642.87,1586.61,1393.44,14.62,21.61,553.76,2388.07,9063.46,1.3,47.14,521.98,2388.03,8141.92,8.4041,0.03,392,2388,100.0,38.78,23.3571,80
28,86,0.0001,0.0,100.0,518.67,641.92,1595.05,1394.52,14.62,21.61,554.55,2388.07,9072.58,1.3,47.3,522.16,2388.1,8144.94,8.4209,0.03,393,2388,100.0,39.02,23.4089,79
28,87,-0.0,0.0004,100.0,518.67,641.96,1592.49,1399.57,14.62,21.61,554.06,2388.02,9072.34,1.3,47.38,521.88,2388.02,8150.74,8.4084,0.03,393,2388,100.0,38.97,23.3528,78
28,88,-0.0015,-0.0003,100.0,518.67,641.79,1588.65,1399.83,14.62,21.61,554.03,2388.06,9067.73,1.3,47.39,522.35,2388.01,8146.97,8.4056,0.03,393,2388,100.0,38.94,23.3676,77
28,89,-0.002,-0.0,100.0,518.67,641.96,1583.78,1407.31,14.62,21.61,554.14,2388.04,9061.62,1.3,47.23,522.26,2388.04,8148.89,8.4194,0.03,392,2388,100.0,38.92,23.333,76
28,90,0.0032,-0.0003,100.0,518.67,642.51,1588.33,1405.43,14.62,21.61,554.21,2388.0,9071.85,1.3,47.42,522.3,2388.05,8149.64,8.4098,0.03,391,2388,100.0,39.07,23.3898,75
28,91,0.0022,0.0002,100.0,518.67,641.95,1586.5,1405.25,14.62,21.61,554.42,2388.06,9065.12,1.3,47.34,522.01,2388.02,8144.35,8.4066,0.03,393,2388,100.0,38.87,23.4287,74
28,92,-0.0017,-0.0003,100.0,518.67,642.28,1585.44,1394.94,14.62,21.6,554.58,2388.01,9073.66,1.3,47.37,521.94,2388.04,8153.67,8.4126,0.03,391,2388,100.0,38.85,23.1935,73
28,93,0.0002,-0.0001,100.0,518.67,642.72,1591.59,1399.35,14.62,21.6,554.28,2388.01,9069.35,1.3,47.33,521.98,2388.02,8150.16,8.4185,0.03,393,2388,100.0,38.81,23.4296,72
28,94,0.0009,0.0002,100.0,518.67,642.38,1582.06,1394.89,14.62,21.6,553.94,2388.05,9064.48,1.3,47.36,522.04,2388.08,8149.49,8.4143,0.03,392,2388,100.0,38.88,23.2959,71
28,95,-0.0002,0.0,100.0,518.67,642.55,1589.01,1407.07,14.62,21.61,553.73,2388.06,9056.85,1.3,47.35,522.12,2388.04,8148.37,8.3995,0.03,393,2388,100.0,38.86,23.2812,70
28,96,-0.0015,-0.0004,100.0,518.67,642.31,1591.21,1401.74,14.62,21.61,553.8,2388.03,9064.81,1.3,47.29,521.86,2388.01,8146.47,8.4495,0.03,394,2388,100.0,38.87,23.4844,69
28,97,-0.0004,0.0001,100.0,518.67,641.99,1581.89,1400.24,14.62,21.61,553.31,2388.0,9066.63,1.3,47.24,521.94,2388.01,8146.28,8.4075,0.03,391,2388,100.0,38.78,23.4177,68
28,98,-0.0019,-0.0004,100.0,518.67,641.91,1592.21,1401.4,14.62,21.61,553.52,2388.01,9074.76,1.3,47.46,521.91,2388.1,8146.81,8.4168,0.03,392,2388,100.0,38.9,23.2685,67
28,99,-0.0027,-0.0002,100.0,518.67,642.69,1583.56,1399.46,14.62,21.61,553.9,2388.09,9060.46,1.3,47.29,521.75,2388.06,8142.91,8.4386,0.03,394,2388,100.0,39.12,23.3521,66
28,100,0.0014,-0.0,100.0,518.67,642.29,1591.93,1395.41,14.62,21.61,553.17,2388.06,9070.47,1.3,47.33,522.1,2388.03,8142.99,8.4137,0.03,394,2388,100.0,38.95,23.339,65
28,101,0.0007,-0.0002,100.0,518.67,642.43,1588.34,1400.41,14.62,21.61,552.96,2388.06,9063.04,1.3,47.39,522.51,2388.02,8147.39,8.4105,0.03,393,2388,100.0,38.9,23.3334,64
28,102,-0.001,-0.0002,100.0,518.67,642.36,1583.1,1406.13,14.62,21.61,554.05,2388.05,9070.65,1.3,47.43,522.42,2388.01,8149.12,8.4574,0.03,393,2388,100.0,38.8,23.3367,63
28,103,0.0016,-0.0001,100.0,518.67,643.22,1589.06,1392.55,14.62,21.61,554.01,2388.11,9066.86,1.3,47.5,522.34,2388.0,8146.38,8.4222,0.03,394,2388,100.0,38.96,23.3641,62
28,104,0.0049,-0.0002,100.0,518.67,642.88,1589.67,1405.47,14.62,21.61,554.24,2388.06,9066.64,1.3,47.46,522.35,2388.04,8146.03,8.4376,0.03,394,2388,100.0,38.86,23.3536,61
28,105,0.0036,0.0002,100.0,518.67,642.21,1585.77,1405.28,14.62,21.61,553.54,2388.03,9067.68,1.3,47.5,521.68,2388.0,8147.74,8.441,0.03,392,2388,100.0,38.88,23.336,60
28,106,0.0012,-0.0001,100.0,518.67,642.6,1589.88,1408.61,14.62,21.61,554.13,2388.03,9071.53,1.3,47.41,521.64,2388.06,8152.73,8.423,0.03,392,2388,100.0,38.94,23.3182,59
28,107,0.0004,0.0002,100.0,518.67,642.82,1585.25,1406.34,14.62,21.61,553.33,2388.08,9070.99,1.3,47.46,521.72,2388.03,8147.28,8.4141,0.03,393,2388,100.0,38.9,23.2492,58
28,108,0.0005,0.0005,100.0,518.67,642.31,1591.53,1408.36,14.62,21.6,553.98,2388.07,9068.1,1.3,47.44,521.89,2388.04,8150.95,8.4284,0.03,392,2388,100.0,38.87,23.3229,57
28,109,-0.001,-0.0004,100.0,518.67,642.86,1588.87,1402.59,14.62,21.61,553.69,2388.07,9069.41,1.3,47.33,521.8,2388.03,8141.85,8.4261,0.03,394,2388,100.0,38.77,23.4303,56
28,110,0.0013,0.0004,100.0,518.67,642.8,1590.35,1403.29,14.62,21.61,553.99,2388.1,9072.74,1.3,47.36,522.14,2388.04,8151.72,8.4303,0.03,393,2388,100.0,38.76,23.2298,55
28,111,0.0038,-0.0,100.0,518.67,642.46,1587.64,1399.69,14.62,21.61,552.62,2388.04,9066.62,1.3,47.41,521.28,2388.05,8147.91,8.4127,0.03,394,2388,100.0,38.97,23.3283,54
28,112,-0.0015,-0.0001,100.0,518.67,642.66,1595.05,1406.63,14.62,21.61,554.25,2388.07,9063.78,1.3,47.44,521.66,2388.08,8151.49,8.4343,0.03,392,2388,100.0,38.93,23.293,53
28,113,-0.0007,-0.0003,100.0,518.67,642.1,1588.6,1410.62,14.62,21.61,554.19,2388.06,9073.58,1.3,47.6,521.7,2388.06,8144.06,8.4655,0.03,393,2388,100.0,38.86,23.3128,52
28,114,-0.001,0.0001,100.0,518.67,642.63,1586.07,1399.68,14.62,21.61,553.09,2388.08,9066.1,1.3,47.37,521.9,2388.11,8144.79,8.4267,0.03,393,2388,100.0,38.73,23.3627,51
28,115,0.0012,-0.0,100.0,518.67,642.63,1588.97,1411.41,14.62,21.61,552.67,2388.1,9068.71,1.3,47.45,521.84,2388.04,8155.0,8.4293,0.03,393,2388,100.0,38.83,23.25,50
28,116,0.0053,0.0004,100.0,518.67,641.99,1588.81,1404.74,14.62,21.61,553.32,2388.07,9065.56,1.3,47.55,522.11,2388.11,8148.35,8.4381,0.03,392,2388,100.0,38.86,23.3796,49
28,117,-0.0031,-0.0003,100.0,518.67,642.39,1596.89,1401.99,14.62,21.61,553.49,2388.07,9064.48,1.3,47.42,521.82,2388.07,8147.94,8.4037,0.03,394,2388,100.0,38.82,23.3743,48
28,118,0.0017,-0.0001,100.0,518.67,642.59,1594.32,1405.54,14.62,21.61,553.15,2388.11,9071.78,1.3,47.4,521.74,2388.05,8147.05,8.4527,0.03,393,2388,100.0,38.88,23.3331,47
28,119,0.0001,-0.0002,100.0,518.67,642.64,1594.68,1402.06,14.62,21.61,553.25,2388.11,9068.71,1.3,47.55,521.65,2388.05,8150.73,8.4621,0.03,393,2388,100.0,38.7,23.2723,46
28,120,-0.0014,0.0002,100.0,518.67,642.55,1586.39,1407.76,14.62,21.61,553.7,2388.09,9070.29,1.3,47.34,521.72,2388.1,8148.31,8.4557,0.03,392,2388,100.0,38.92,23.3114,45
28,121,-0.0001,0.0005,100.0,518.67,642.95,1585.59,1411.61,14.62,21.61,553.65,2388.12,9070.46,1.3,47.45,520.71,2388.13,8143.95,8.4288,0.03,392,2388,100.0,38.8,23.3848,44
28,122,0.0003,0.0004,100.0,518.67,642.46,1593.16,1407.5,14.62,21.61,553.85,2388.16,9075.11,1.3,47.43,521.53,2388.09,8143.77,8.3966,0.03,394,2388,100.0,39.04,23.2633,43
28,123,-0.0013,0.0003,100.0,518.67,642.88,1590.42,1401.19,14.62,21.61,554.11,2388.08,9066.91,1.3,47.48,521.54,2388.07,8146.49,8.4518,0.03,393,2388,100.0,38.71,23.3152,42
28,124,0.0048,0.0,100.0,518.67,642.81,1587.52,1404.91,14.62,21.61,553.89,2388.08,9065.64,1.3,47.52,521.69,2388.08,8147.68,8.4523,0.03,393,2388,100.0,38.68,23.3989,41
28,125,-0.0023,0.0005,100.0,518.67,642.69,1591.68,1411.37,14.62,21.61,553.43,2388.07,9064.05,1.3,47.58,521.68,2388.07,8151.06,8.4468,0.03,393,2388,100.0,38.77,23.272,40
28,126,-0.0,-0.0004,100.0,518.67,642.9,1590.26,1408.76,14.62,21.61,553.71,2388.06,9079.21,1.3,47.38,521.52,2388.03,8152.03,8.4685,0.03,393,2388,100.0,38.65,23.3217,39
28,127,0.0046,-0.0003,100.0,518.67,642.57,1590.9,1411.16,14.62,21.61,553.37,2388.06,9079.03,1.3,47.43,521.51,2388.06,8151.08,8.4355,0.03,395,2388,100.0,39.09,23.256,38
28,128,-0.003,0.0003,100.0,518.67,642.68,1589.29,1408.73,14.62,21.61,552.75,2388.12,9071.04,1.3,47.49,521.81,2388.11,8147.67,8.4731,0.03,393,2388,100.0,38.69,23.2458,37
28,129,-0.0013,0.0005,100.0,518.67,642.66,1593.27,1411.25,14.62,21.61,553.0,2388.08,9069.02,1.3,47.58,521.15,2388.13,8148.84,8.4617,0.03,393,2388,100.0,38.82,23.2907,36
28,130,0.0008,0.0005,100.0,518.67,643.02,1588.34,1408.79,14.62,21.61,552.71,2388.12,9070.02,1.3,47.49,521.2,2388.11,8156.17,8.4636,0.03,393,2388,100.0,38.97,23.1778,35
28,131,-0.0007,-0.0004,100.0,518.67,643.32,1596.01,1407.16,14.62,21.61,553.01,2388.13,9071.53,1.3,47.58,521.48,2388.05,8152.2,8.4385,0.03,394,2388,100.0,38.74,23.2287,34
28,132,-0.0028,0.0003,100.0,518.67,642.9,1588.76,1412.05,14.62,21.61,553.39,2388.05,9082.27,1.3,47.77,521.15,2388.09,8150.43,8.4299,0.03,393,2388,100.0,38.84,23.2317,33
28,133,0.0008,0.0003,100.0,518.67,642.7,1597.02,1413.32,14.62,21.61,554.08,2388.13,9080.29,1.3,47.6,521.13,2388.08,8152.91,8.4466,0.03,394,2388,100.0,38.7,23.1365,32
28,134,-0.0011,-0.0003,100.0,518.67,642.67,1588.91,1413.19,14.62,21.61,553.36,2388.1,9073.19,1.3,47.54,520.8,2388.1,8151.48,8.4653,0.03,396,2388,100.0,38.59,23.2933,31
28,135,-0.0003,0.0003,100.0,518.67,642.98,1598.46,1415.99,14.62,21.61,553.3,2388.14,9070.6,1.3,47.57,521.21,2388.14,8152.89,8.4131,0.03,395,2388,100.0,38.71,23.2552,30
28,136,0.0023,0.0005,100.0,518.67,643.3,1590.51,1417.54,14.62,21.61,553.19,2388.12,9070.18,1.3,47.74,521.06,2388.11,8158.08,8.4334,0.03,393,2388,100.0,38.79,23.2216,29
28,137,0.0016,-0.0004,100.0,518.67,642.03,1592.11,1415.45,14.62,21.61,552.4,2388.15,9081.98,1.3,47.71,521.62,2388.13,8150.05,8.4784,0.03,393,2388,100.0,38.71,23.2841,28
28,138,-0.0036,0.0004,100.0,518.67,643.28,1594.24,1417.41,14.62,21.61,552.28,2388.12,9070.93,1.3,47.81,520.65,2388.18,8153.67,8.4703,0.03,394,2388,100.0,38.8,23.1434,27
28,139,0.0028,-0.0001,100.0,518.67,643.5,1591.72,1414.2,14.62,21.61,553.18,2388.13,9077.91,1.3,47.71,521.42,2388.1,8149.43,8.493,0.03,395,2388,100.0,38.62,23.2133,26
28,140,0.0019,0.0,100.0,518.67,642.84,1592.1,1418.51,14.62,21.61,553.22,2388.1,9081.4,1.3,47.63,520.67,2388.14,8151.52,8.4526,0.03,394,2388,100.0,38.68,23.2411,25
28,141,0.0013,-0.0002,100.0,518.67,643.12,1590.49,1414.89,14.62,21.61,553.02,2388.14,9078.09,1.3,47.77,521.5,2388.11,8154.82,8.4868,0.03,394,2388,100.0,38.58,23.2571,24
28,142,0.0,0.0003,100.0,518.67,643.88,1600.09,1417.57,14.62,21.61,552.98,2388.12,9082.53,1.3,47.81,520.73,2388.17,8152.03,8.5027,0.03,394,2388,100.0,38.65,23.238,23
28,143,0.0002,-0.0004,100.0,518.67,643.12,1591.03,1416.38,14.62,21.61,552.69,2388.13,9072.17,1.3,47.59,520.67,2388.18,8154.09,8.4654,0.03,395,2388,100.0,38.7,23.2628,22
28,144,-0.001,0.0,100.0,518.67,642.7,1587.86,1416.58,14.62,21.61,552.75,2388.1,9077.92,1.3,47.7,520.81,2388.1,8154.7,8.4862,0.03,394,2388,100.0,38.83,23.2113,21
28,145,-0.0005,0.0,100.0,518.67,643.19,1592.22,1415.47,14.62,21.61,553.43,2388.15,9081.83,1.3,47.9,520.46,2388.13,8152.82,8.4972,0.03,396,2388,100.0,38.7,23.2044,20
28,146,-0.002,0.0005,100.0,518.67,642.81,1591.98,1421.31,14.62,21.61,552.91,2388.18,9082.54,1.3,47.97,520.36,2388.13,8151.87,8.4752,0.03,395,2388,100.0,38.75,23.209,19
28,147,0.0023,-0.0004,100.0,518.67,643.3,1593.76,1417.7,14.62,21.61,552.68,2388.15,9083.73,1.3,47.68,520.61,2388.16,8157.0,8.4826,0.03,394,2388,100.0,38.62,23.0827,18
28,148,-0.0005,-0.0003,100.0,518.67,643.41,1594.69,1414.66,14.62,21.61,552.14,2388.16,9077.92,1.3,48.0,521.0,2388.17,8150.17,8.5174,0.03,396,2388,100.0,38.41,23.1716,17
28,149,-0.0039,-0.0004,100.0,518.67,643.34,1598.63,1413.08,14.62,21.61,552.6,2388.2,9081.74,1.3,47.49,520.57,2388.17,8153.19,8.4742,0.03,395,2388,100.0,38.64,23.2073,16
28,150,-0.0023,-0.0002,100.0,518.67,643.49,1601.63,1416.81,14.62,21.61,552.48,2388.2,9069.75,1.3,47.91,520.29,2388.2,8156.72,8.4797,0.03,395,2388,100.0,38.6,23.2244,15
28,151,0.0001,0.0001,100.0,518.67,643.38,1597.84,1427.3,14.62,21.61,552.37,2388.18,9081.63,1.3,48.04,521.23,2388.16,8158.45,8.4848,0.03,394,2388,100.0,38.55,23.1402,14
28,152,0.0035,0.0002,100.0,518.67,643.6,1592.42,1422.7,14.62,21.61,552.32,2388.19,9080.04,1.3,47.96,520.54,2388.14,8156.49,8.5076,0.03,395,2388,100.0,38.76,23.1725,13
28,153,0.0,0.0,100.0,518.67,643.05,1595.44,1421.17,14.62,21.61,551.62,2388.17,9086.36,1.3,47.89,520.28,2388.14,8155.37,8.5064,0.03,396,2388,100.0,38.65,23.22,12
28,154,-0.0042,0.0003,100.0,518.67,643.79,1591.72,1416.78,14.62,21.61,552.53,2388.17,9077.1,1.3,47.93,520.46,2388.13,8155.53,8.4689,0.03,395,2388,100.0,38.6,23.1744,11
28,155,0.0016,-0.0001,100.0,518.67,642.86,1588.91,1421.73,14.62,21.61,552.41,2388.17,9080.65,1.3,48.11,520.86,2388.18,8155.71,8.4889,0.03,394,2388,100.0,38.57,23.1103,10
28,156,-0.0003,-0.0,100.0,518.67,643.25,1595.61,1421.04,14.62,21.61,552.25,2388.14,9085.06,1.3,47.96,520.36,2388.18,8154.45,8.5036,0.03,394,2388,100.0,38.59,23.0898,9
28,157,0.0016,-0.0002,100.0,518.67,643.59,1595.93,1422.9,14.62,21.61,552.07,2388.16,9089.54,1.3,48.11,520.08,2388.19,8150.49,8.4855,0.03,395,2388,100.0,38.55,22.9847,8
28,158,0.0006,0.0004,100.0,518.67,642.95,1605.08,1423.15,14.62,21.61,551.72,2388.23,9077.78,1.3,48.03,520.11,2388.16,8155.23,8.4629,0.03,394,2388,100.0,38.61,23.1739,7
28,159,0.0043,0.0001,100.0,518.67,643.4,1595.53,1420.72,14.62,21.61,551.06,2388.2,9082.95,1.3,48.0,519.91,2388.19,8150.76,8.5378,0.03,395,2388,100.0,38.31,23.0893,6
28,160,0.0004,-0.0002,100.0,518.67,643.32,1601.84,1418.55,14.62,21.61,551.39,2388.15,9085.03,1.3,48.1,519.89,2388.16,8162.01,8.5162,0.03,397,2388,100.0,38.61,23.0811,5
28,161,-0.0023,-0.0001,100.0,518.67,643.6,1594.0,1426.37,14.62,21.61,551.52,2388.18,9089.03,1.3,48.15,519.94,2388.22,8154.17,8.5019,0.03,396,2388,100.0,38.43,23.2617,4
28,162,0.0003,-0.0,100.0,518.67,643.83,1604.96,1430.24,14.62,21.61,551.63,2388.27,9081.64,1.3,48.14,519.94,2388.25,8154.59,8.5141,0.03,396,2388,100.0,38.26,23.2241,3
28,163,0.0046,0.0002,100.0,518.67,643.73,1601.34,1421.09,14.62,21.61,551.12,2388.17,9085.22,1.3,48.28,519.96,2388.18,8158.02,8.5312,0.03,396,2388,100.0,38.59,23.0807,2
28,164,-0.0038,-0.0002,100.0,518.67,643.71,1594.05,1431.96,14.62,21.61,551.92,2388.28,9088.77,1.3,48.13,520.27,2388.24,8158.56,8.5308,0.03,396,2388,100.0,38.59,22.9402,1
28,165,-0.0036,-0.0004,100.0,518.67,644.01,1600.61,1431.57,14.62,21.61,551.78,2388.19,9087.32,1.3,48.04,519.31,2388.2,8166.05,8.5311,0.03,396,2388,100.0,38.37,23.1508,0
29,1,0.0042,-0.0,100.0,518.67,642.85,1590.52,1408.46,14.62,21.61,554.41,2388.04,9055.13,1.3,47.4,521.92,2388.02,8143.8,8.4185,0.03,393,2388,100.0,39.09,23.3381,162
29,2,0.0011,0.0004,100.0,518.67,642.27,1592.43,1408.53,14.62,21.61,553.71,2388.03,9060.3,1.3,47.27,521.77,2388.05,8140.58,8.4272,0.03,392,2388,100.0,38.84,23.335,161
29,3,0.0002,-0.0001,100.0,518.67,642.67,1587.06,1399.36,14.62,21.61,554.12,2388.11,9062.25,1.3,47.56,521.94,2388.08,8144.01,8.4103,0.03,393,2388,100.0,38.81,23.3956,160
29,4,0.001,-0.0005,100.0,518.67,642.7,1590.5,1404.58,14.62,21.61,554.62,2388.05,9070.14,1.3,47.35,522.65,2388.07,8145.94,8.4657,0.03,393,2388,100.0,38.89,23.3491,159
29,5,0.0006,-0.0005,100.0,518.67,642.76,1588.83,1405.83,14.62,21.61,553.38,2388.08,9062.12,1.3,47.4,521.66,2388.06,8140.63,8.4279,0.03,393,2388,100.0,38.88,23.2584,158
29,6,-0.0032,-0.0003,100.0,518.67,642.29,1587.25,1401.97,14.62,21.61,553.52,2388.08,9057.78,1.3,47.31,521.82,2388.03,8137.41,8.4409,0.03,393,2388,100.0,38.81,23.425,157
29,7,-0.0012,-0.0,100.0,518.67,641.61,1591.95,1410.22,14.62,21.61,553.67,2388.05,9060.72,1.3,47.31,521.88,2388.05,8140.89,8.4337,0.03,392,2388,100.0,38.85,23.4348,156
29,8,0.0028,0.0002,100.0,518.67,642.45,1581.85,1403.44,14.62,21.61,553.81,2388.01,9054.0,1.3,47.4,521.63,2388.07,8140.8,8.4199,0.03,393,2388,100.0,39.05,23.4201,155
29,9,-0.0024,0.0001,100.0,518.67,641.88,1586.87,1406.02,14.62,21.61,553.43,2388.02,9064.46,1.3,47.36,521.88,2388.02,8145.7,8.4254,0.03,392,2388,100.0,38.88,23.3746,154
29,10,-0.0005,-0.0002,100.0,518.67,642.61,1588.05,1402.72,14.62,21.61,554.02,2388.06,9058.27,1.3,47.43,522.33,2388.08,8140.65,8.4242,0.03,394,2388,100.0,38.84,23.357,153
29,11,-0.0011,-0.0,100.0,518.67,642.64,1585.48,1406.08,14.62,21.61,553.32,2388.07,9059.95,1.3,47.38,521.84,2388.06,8141.68,8.4439,0.03,392,2388,100.0,38.97,23.3476,152
29,12,0.0014,-0.0001,100.0,518.67,642.33,1591.01,1410.3,14.62,21.61,554.0,2388.11,9058.11,1.3,47.27,521.79,2388.07,8143.65,8.4137,0.03,393,2388,100.0,38.88,23.2505,151
29,13,0.0006,-0.0,100.0,518.67,642.25,1596.28,1403.02,14.62,21.61,554.06,2388.09,9060.55,1.3,47.39,521.9,2388.03,8144.47,8.3917,0.03,393,2388,100.0,38.87,23.2653,150
29,14,0.0008,0.0004,100.0,518.67,642.3,1593.51,1402.65,14.62,21.61,553.24,2388.06,9060.52,1.3,47.37,522.32,2388.03,8140.22,8.4174,0.03,392,2388,100.0,38.91,23.3366,149
29,15,-0.0013,0.0002,100.0,518.67,642.42,1587.53,1402.14,14.62,21.61,554.06,2388.07,9052.72,1.3,47.49,522.23,2388.03,8141.46,8.4243,0.03,393,2388,100.0,38.92,23.4404,148
29,16,-0.0008,-0.0,100.0,518.67,642.31,1585.86,1403.55,14.62,21.61,554.53,2388.06,9057.35,1.3,47.26,522.01,2388.09,8143.12,8.4339,0.03,394,2388,100.0,39.06,23.3746,147
29,17,0.0019,0.0004,100.0,518.67,642.3,1584.21,1406.37,14.62,21.61,553.6,2388.02,9066.63,1.3,47.42,522.32,2388.11,8137.84,8.4449,0.03,393,2388,100.0,38.79,23.2866,146
29,18,0.0012,0.0001,100.0,518.67,642.08,1582.08,1405.48,14.62,21.61,554.07,2388.09,9051.79,1.3,47.44,522.0,2388.03,8142.68,8.426,0.03,393,2388,100.0,38.69,23.4351,145
29,19,0.0005,-0.0,100.0,518.67,642.27,1585.7,1405.25,14.62,21.61,553.75,2388.04,9056.57,1.3,47.41,521.79,2388.02,8134.03,8.4269,0.03,392,2388,100.0,39.0,23.3546,144
29,20,0.0046,-0.0003,100.0,518.67,642.98,1591.52,1395.22,14.62,21.61,553.6,2388.06,9052.66,1.3,47.37,522.13,2388.08,8139.29,8.4345,0.03,394,2388,100.0,38.75,23.2417,143
29,21,-0.005,0.0003,100.0,518.67,642.35,1585.9,1403.4,14.62,21.61,553.99,2388.09,9062.84,1.3,47.47,522.22,2388.07,8141.07,8.4164,0.03,393,2388,100.0,38.94,23.4182,142
29,22,-0.0001,-0.0004,100.0,518.67,642.36,1581.65,1408.38,14.62,21.61,554.21,2388.05,9062.68,1.3,47.44,521.75,2388.1,8136.41,8.3917,0.03,391,2388,100.0,38.94,23.3777,141
29,23,-0.0004,-0.0004,100.0,518.67,642.08,1587.41,1412.34,14.62,21.61,553.7,2388.07,9061.03,1.3,47.42,521.63,2388.08,8134.13,8.4581,0.03,393,2388,100.0,38.82,23.4316,140
29,24,0.0021,-0.0003,100.0,518.67,642.36,1588.52,1397.33,14.62,21.61,553.69,2388.1,9061.12,1.3,47.44,521.6,2388.08,8146.26,8.4306,0.03,393,2388,100.0,38.9,23.3503,139
29,25,-0.0027,0.0002,100.0,518.67,642.7,1582.0,1410.1,14.62,21.61,553.69,2388.07,9071.3,1.3,47.5,521.73,2388.04,8133.97,8.4458,0.03,394,2388,100.0,38.99,23.3378,138
29,26,-0.0006,0.0003,100.0,518.67,642.85,1583.93,1403.11,14.62,21.61,553.81,2388.04,9063.81,1.3,47.34,521.35,2388.02,8139.72,8.4009,0.03,392,2388,100.0,38.87,23.3478,137
29,27,-0.0057,0.0002,100.0,518.67,642.14,1581.13,1407.01,14.62,21.61,553.58,2388.04,9066.07,1.3,47.34,521.39,2388.05,8142.54,8.4456,0.03,393,2388,100.0,38.82,23.2559,136
29,28,0.0003,0.0003,100.0,518.67,642.51,1584.15,1398.75,14.62,21.61,553.59,2388.07,9061.1,1.3,47.35,521.39,2388.09,8142.03,8.4323,0.03,392,2388,100.0,38.92,23.465,135
29,29,0.0013,-0.0003,100.0,518.67,642.71,1585.42,1405.28,14.62,21.61,554.41,2388.12,9059.45,1.3,47.54,521.37,2388.03,8142.06,8.4124,0.03,394,2388,100.0,39.1,23.3463,134
29,30,0.0006,-0.0003,100.0,518.67,642.24,1587.79,1406.81,14.62,21.61,553.53,2387.98,9060.19,1.3,47.46,520.94,2388.09,8141.55,8.4218,0.03,393,2388,100.0,39.03,23.2323,133
29,31,0.004,-0.0002,100.0,518.67,642.45,1594.38,1399.43,14.62,21.61,553.87,2388.04,9059.28,1.3,47.36,521.49,2388.04,8144.61,8.4422,0.03,392,2388,100.0,38.91,23.3552,132
29,32,-0.0005,-0.0001,100.0,518.67,642.92,1590.24,1408.76,14.62,21.61,553.55,2388.07,9052.32,1.3,47.44,521.86,2388.05,8136.62,8.4209,0.03,393,2388,100.0,38.84,23.2284,131
29,33,0.0034,0.0001,100.0,518.67,642.29,1587.38,1405.33,14.62,21.61,553.9,2388.08,9064.09,1.3,47.38,521.83,2388.05,8141.57,8.4567,0.03,391,2388,100.0,38.79,23.2188,130
29,34,-0.0014,-0.0003,100.0,518.67,642.04,1584.55,1399.59,14.62,21.61,553.88,2388.01,9064.43,1.3,47.41,521.4,2388.06,8144.93,8.4102,0.03,394,2388,100.0,39.11,23.4038,129
29,35,-0.0001,-0.0005,100.0,518.67,642.21,1584.01,1400.47,14.62,21.61,553.91,2388.09,9065.36,1.3,47.39,521.87,2388.03,8137.67,8.4419,0.03,392,2388,100.0,39.1,23.2586,128
29,36,-0.0036,0.0002,100.0,518.67,642.21,1593.72,1410.4,14.62,21.61,553.82,2388.09,9055.64,1.3,47.41,521.35,2388.09,8138.18,8.4093,0.03,392,2388,100.0,38.77,23.3937,127
29,37,0.0003,-0.0003,100.0,518.67,642.64,1586.85,1403.15,14.62,21.61,554.3,2388.04,9068.56,1.3,47.45,521.64,2388.04,8146.08,8.415,0.03,391,2388,100.0,39.09,23.3825,126
29,38,0.0014,-0.0004,100.0,518.67,642.33,1593.62,1407.88,14.62,21.61,553.59,2388.06,9070.89,1.3,47.52,521.74,2388.08,8139.29,8.4193,0.03,392,2388,100.0,38.87,23.4425,125
29,39,-0.0013,-0.0003,100.0,518.67,642.17,1589.75,1405.89,14.62,21.61,553.31,2388.07,9056.31,1.3,47.63,521.9,2388.0,8139.27,8.3858,0.03,393,2388,100.0,38.8,23.2171,124
29,40,0.0009,-0.0004,100.0,518.67,641.87,1592.14,1404.5,14.62,21.61,553.94,2388.06,9066.47,1.3,47.34,521.2,2388.08,8140.91,8.4476,0.03,392,2388,100.0,39.04,23.3557,123
29,41,0.0021,-0.0004,100.0,518.67,642.75,1588.17,1400.6,14.62,21.61,553.5,2388.08,9059.69,1.3,47.28,522.02,2388.08,8137.88,8.427,0.03,392,2388,100.0,38.82,23.4085,122
29,42,-0.0018,-0.0004,100.0,518.67,642.54,1594.11,1413.29,14.62,21.61,554.23,2388.03,9056.58,1.3,47.59,521.73,2388.07,8135.83,8.4339,0.03,392,2388,100.0,38.92,23.4157,121
29,43,-0.0011,0.0004,100.0,518.67,642.84,1579.13,1402.77,14.62,21.61,553.32,2388.07,9058.47,1.3,47.38,522.23,2388.09,8138.63,8.4515,0.03,395,2388,100.0,39.03,23.2494,120
29,44,0.0001,-0.0,100.0,518.67,642.41,1590.75,1404.87,14.62,21.61,553.63,2388.05,9064.51,1.3,47.55,521.86,2388.07,8138.48,8.42,0.03,391,2388,100.0,38.93,23.4377,119
29,45,-0.0021,-0.0004,100.0,518.67,642.65,1589.98,1405.61,14.62,21.61,553.94,2388.07,9049.95,1.3,47.65,521.67,2388.16,8142.23,8.4247,0.03,391,2388,100.0,38.62,23.2942,118
29,46,0.0014,0.0004,100.0,518.67,642.54,1592.27,1405.9,14.62,21.61,553.83,2388.05,9058.01,1.3,47.26,521.93,2388.08,8145.39,8.42,0.03,394,2388,100.0,38.88,23.304,117
29,47,-0.0004,-0.0003,100.0,518.67,642.31,1592.54,1403.83,14.62,21.61,553.58,2388.09,9060.07,1.3,47.52,521.45,2388.07,8139.28,8.4489,0.03,393,2388,100.0,39.0,23.3055,116
29,48,0.0008,0.0004,100.0,518.67,642.8,1590.68,1407.53,14.62,21.61,553.69,2388.07,9058.26,1.3,47.42,521.51,2388.04,8142.19,8.4089,0.03,394,2388,100.0,38.85,23.4088,115
29,49,0.0007,-0.0004,100.0,518.67,642.42,1589.29,1400.71,14.62,21.61,553.58,2388.03,9061.27,1.3,47.4,521.38,2388.12,8145.01,8.4488,0.03,392,2388,100.0,38.81,23.2926,114
29,50,-0.0021,-0.0001,100.0,518.67,642.5,1593.66,1408.29,14.62,21.61,553.78,2388.0,9059.66,1.3,47.23,521.92,2388.1,8138.68,8.4435,0.03,393,2388,100.0,38.9,23.3318,113
29,51,-0.0,-0.0004,100.0,518.67,642.32,1587.23,1404.18,14.62,21.61,553.14,2388.05,9060.94,1.3,47.35,521.59,2388.06,8141.5,8.454,0.03,392,2388,100.0,38.83,23.3531,112
29,52,0.0028,0.0001,100.0,518.67,642.25,1585.94,1405.53,14.62,21.61,553.01,2388.12,9058.0,1.3,47.39,521.98,2388.06,8143.98,8.4326,0.03,392,2388,100.0,38.78,23.371,111
29,53,-0.0018,-0.0005,100.0,518.67,642.69,1593.0,1411.38,14.62,21.61,553.37,2388.06,9063.91,1.3,47.52,521.73,2388.08,8141.0,8.4163,0.03,393,2388,100.0,38.89,23.3445,110
29,54,-0.0027,0.0002,100.0,518.67,642.55,1588.93,1406.28,14.62,21.61,553.6,2388.05,9052.65,1.3,47.36,521.28,2388.06,8143.54,8.4577,0.03,392,2388,100.0,38.78,23.2786,109
29,55,0.0012,-0.0004,100.0,518.67,642.29,1589.22,1404.2,14.62,21.61,553.71,2388.09,9059.92,1.3,47.41,521.22,2388.08,8139.53,8.4346,0.03,393,2388,100.0,38.76,23.3344,108
29,56,0.0007,-0.0004,100.0,518.67,642.46,1587.34,1413.81,14.62,21.61,552.88,2388.11,9062.1,1.3,47.46,521.13,2388.07,8138.7,8.4379,0.03,393,2388,100.0,38.77,23.3377,107
29,57,-0.0019,0.0002,100.0,518.67,642.43,1590.67,1405.7,14.62,21.61,553.66,2388.03,9060.52,1.3,47.16,521.42,2388.05,8141.53,8.4243,0.03,394,2388,100.0,38.79,23.2463,106
29,58,0.0003,-0.0,100.0,518.67,642.56,1586.28,1405.88,14.62,21.61,554.2,2388.08,9060.87,1.3,47.34,521.87,2388.06,8140.94,8.471,0.03,392,2388,100.0,38.78,23.2487,105
29,59,-0.0033,-0.0002,100.0,518.67,642.73,1588.07,1404.57,14.62,21.61,554.3,2388.03,9056.56,1.3,47.57,521.63,2388.09,8137.89,8.4431,0.03,392,2388,100.0,38.81,23.3123,104
29,60,-0.0024,-0.0001,100.0,518.67,642.91,1596.48,1408.44,14.62,21.61,554.0,2388.1,9054.74,1.3,47.42,521.71,2388.08,8139.69,8.4286,0.03,391,2388,100.0,39.02,23.344,103
29,61,-0.0013,0.0004,100.0,518.67,642.76,1587.13,1404.93,14.62,21.61,553.79,2388.04,9057.53,1.3,47.37,521.54,2388.12,8146.49,8.4338,0.03,392,2388,100.0,38.76,23.3172,102
29,62,-0.0039,-0.0005,100.0,518.67,642.98,1591.11,1411.53,14.62,21.61,553.62,2388.13,9059.24,1.3,47.27,521.49,2388.09,8139.99,8.4113,0.03,394,2388,100.0,38.87,23.2499,101
29,63,-0.0012,-0.0003,100.0,518.67,642.42,1595.21,1410.47,14.62,21.61,553.72,2388.07,9055.17,1.3,47.66,521.16,2388.07,8136.53,8.4345,0.03,392,2388,100.0,38.86,23.3052,100
29,64,0.0007,-0.0001,100.0,518.67,642.72,1588.87,1401.07,14.62,21.61,554.09,2388.08,9063.99,1.3,47.44,521.93,2388.13,8136.88,8.4288,0.03,394,2388,100.0,38.91,23.3943,99
29,65,0.0004,-0.0004,100.0,518.67,642.75,1589.52,1408.97,14.62,21.61,554.05,2388.06,9054.38,1.3,47.25,521.78,2388.08,8142.59,8.4441,0.03,393,2388,100.0,38.94,23.3387,98
29,66,0.0007,-0.0001,100.0,518.67,642.08,1587.83,1407.49,14.62,21.61,554.01,2388.06,9063.65,1.3,47.49,521.89,2388.11,8139.78,8.4248,0.03,394,2388,100.0,38.91,23.2546,97
29,67,-0.0024,0.0004,100.0,518.67,642.69,1591.11,1409.4,14.62,21.61,553.74,2388.12,9058.3,1.3,47.54,521.18,2388.11,8140.43,8.3944,0.03,394,2388,100.0,38.76,23.3968,96
29,68,0.0011,0.0003,100.0,518.67,642.51,1589.72,1411.4,14.62,21.61,552.98,2388.1,9064.81,1.3,47.61,521.02,2388.09,8137.52,8.4487,0.03,394,2388,100.0,38.77,23.3572,95
29,69,0.0012,-0.0005,100.0,518.67,642.66,1588.63,1408.37,14.62,21.61,553.89,2388.05,9062.94,1.3,47.59,521.44,2388.11,8138.57,8.4532,0.03,394,2388,100.0,38.95,23.2969,94
29,70,-0.0031,-0.0,100.0,518.67,642.13,1590.42,1410.46,14.62,21.61,552.94,2388.11,9058.36,1.3,47.53,522.32,2388.12,8142.04,8.3887,0.03,394,2388,100.0,38.97,23.4009,93
29,71,0.0044,0.0004,100.0,518.67,642.57,1592.09,1410.74,14.62,21.61,552.82,2388.11,9065.32,1.3,47.49,521.23,2388.09,8138.2,8.4584,0.03,393,2388,100.0,38.77,23.3319,92
29,72,0.0007,-0.0005,100.0,518.67,642.21,1598.89,1409.28,14.62,21.61,553.34,2388.04,9055.82,1.3,47.45,521.1,2388.11,8134.56,8.4548,0.03,392,2388,100.0,38.81,23.2863,91
29,73,-0.0024,0.0004,100.0,518.67,642.81,1584.99,1405.06,14.62,21.61,553.16,2388.11,9067.43,1.3,47.46,521.88,2388.08,8138.17,8.4496,0.03,393,2388,100.0,38.86,23.3287,90
29,74,0.004,0.0004,100.0,518.67,642.51,1582.53,1410.7,14.62,21.61,553.31,2388.04,9064.81,1.3,47.54,521.67,2388.1,8136.92,8.4618,0.03,392,2388,100.0,39.04,23.2955,89
29,75,-0.0006,-0.0002,100.0,518.67,642.85,1586.65,1404.89,14.62,21.61,553.58,2388.11,9061.1,1.3,47.48,521.39,2388.11,8131.57,8.4415,0.03,392,2388,100.0,38.67,23.2727,88
29,76,0.0031,0.0,100.0,518.67,642.22,1589.11,1410.47,14.62,21.61,553.61,2388.1,9060.11,1.3,47.59,521.33,2388.08,8140.47,8.4324,0.03,393,2388,100.0,38.55,23.3807,87
29,77,-0.0002,0.0003,100.0,518.67,642.64,1584.1,1416.36,14.62,21.61,553.3,2388.08,9060.12,1.3,47.4,521.32,2388.12,8140.07,8.4271,0.03,391,2388,100.0,38.69,23.3162,86
29,78,0.0005,-0.0004,100.0,518.67,642.49,1592.98,1409.51,14.62,21.61,554.2,2388.14,9054.85,1.3,47.47,521.65,2388.15,8137.65,8.4343,0.03,394,2388,100.0,38.71,23.3257,85
29,79,0.0033,-0.0004,100.0,518.67,642.5,1591.54,1410.23,14.62,21.61,552.9,2388.04,9063.15,1.3,47.62,521.83,2388.08,8137.18,8.4352,0.03,394,2388,100.0,38.85,23.2857,84
29,80,0.0028,-0.0001,100.0,518.67,642.06,1585.09,1406.91,14.62,21.61,554.23,2388.13,9049.22,1.3,47.42,521.12,2388.08,8137.37,8.4129,0.03,393,2388,100.0,38.86,23.3183,83
29,81,-0.0015,0.0002,100.0,518.67,642.41,1585.61,1412.4,14.62,21.61,553.63,2388.11,9061.33,1.3,47.55,521.88,2388.08,8139.91,8.4485,0.03,393,2388,100.0,38.69,23.2924,82
29,82,0.0041,-0.0002,100.0,518.67,643.11,1596.59,1414.97,14.62,21.61,552.89,2388.1,9058.45,1.3,47.53,521.73,2388.08,8139.19,8.4494,0.03,393,2388,100.0,38.87,23.3487,81
29,83,-0.0003,0.0004,100.0,518.67,642.96,1588.97,1411.11,14.62,21.61,553.63,2388.13,9067.49,1.3,47.64,521.69,2388.12,8138.66,8.417,0.03,393,2388,100.0,38.97,23.4481,80
29,84,-0.0004,-0.0004,100.0,518.67,643.15,1590.61,1405.25,14.62,21.61,553.04,2388.01,9056.96,1.3,47.54,521.4,2388.08,8139.33,8.4208,0.03,392,2388,100.0,38.7,23.3204,79
29,85,0.0015,-0.0004,100.0,518.67,642.76,1583.97,1407.34,14.62,21.61,553.77,2388.14,9064.14,1.3,47.62,521.01,2388.13,8135.67,8.4429,0.03,393,2388,100.0,38.8,23.309,78
29,86,-0.001,0.0003,100.0,518.67,642.59,1592.08,1404.47,14.62,21.61,552.75,2388.11,9056.78,1.3,47.61,521.07,2388.08,8141.93,8.4545,0.03,392,2388,100.0,38.86,23.3123,77
29,87,-0.0047,-0.0001,100.0,518.67,642.83,1588.33,1412.09,14.62,21.61,553.3,2388.04,9054.62,1.3,47.36,521.41,2388.08,8141.68,8.4799,0.03,394,2388,100.0,38.85,23.3301,76
29,88,-0.0008,0.0002,100.0,518.67,642.52,1594.56,1414.74,14.62,21.61,552.92,2388.11,9059.01,1.3,47.54,521.3,2388.05,8135.72,8.4119,0.03,392,2388,100.0,38.79,23.1874,75
29,89,-0.0011,0.0002,100.0,518.67,642.26,1585.46,1409.7,14.62,21.61,553.79,2388.09,9065.66,1.3,47.61,521.8,2388.1,8140.29,8.4873,0.03,393,2388,100.0,38.8,23.2674,74
29,90,-0.0025,0.0002,100.0,518.67,642.25,1589.78,1411.1,14.62,21.61,553.02,2388.08,9060.94,1.3,47.66,521.13,2388.13,8144.88,8.4561,0.03,393,2388,100.0,38.83,23.2668,73
29,91,0.0005,-0.0002,100.0,518.67,642.19,1590.99,1411.07,14.62,21.61,553.81,2388.12,9054.23,1.3,47.61,521.64,2388.09,8139.49,8.4483,0.03,393,2388,100.0,38.92,23.2542,72
29,92,0.0003,-0.0005,100.0,518.67,642.5,1591.97,1416.41,14.62,21.61,553.42,2388.08,9061.4,1.3,47.41,521.05,2388.13,8139.81,8.4555,0.03,395,2388,100.0,38.68,23.4089,71
29,93,-0.0043,-0.0001,100.0,518.67,643.14,1595.01,1411.22,14.62,21.61,553.42,2388.14,9062.98,1.3,47.42,521.94,2388.14,8147.41,8.47,0.03,392,2388,100.0,38.66,23.2239,70
29,94,-0.0001,-0.0002,100.0,518.67,642.58,1592.45,1414.23,14.62,21.61,553.89,2388.1,9061.8,1.3,47.47,521.55,2388.14,8138.31,8.488,0.03,392,2388,100.0,38.85,23.2988,69
29,95,0.0031,-0.0004,100.0,518.67,641.89,1591.75,1409.73,14.62,21.61,553.76,2388.07,9056.86,1.3,47.66,521.23,2388.11,8138.23,8.4144,0.03,395,2388,100.0,38.82,23.2802,68
29,96,-0.0027,-0.0002,100.0,518.67,642.65,1592.12,1413.75,14.62,21.61,552.98,2388.12,9065.47,1.3,47.46,521.49,2388.12,8142.78,8.4468,0.03,393,2388,100.0,38.74,23.3267,67
29,97,0.0005,-0.0,100.0,518.67,642.54,1593.44,1410.83,14.62,21.61,552.65,2388.14,9051.66,1.3,47.46,521.26,2388.18,8138.65,8.4721,0.03,394,2388,100.0,38.67,23.2543,66
29,98,-0.0012,0.0003,100.0,518.67,642.8,1598.0,1410.02,14.62,21.61,553.44,2388.12,9057.66,1.3,47.66,521.15,2388.17,8135.67,8.4745,0.03,393,2388,100.0,38.63,23.2863,65
29,99,-0.0031,0.0003,100.0,518.67,642.46,1590.4,1411.72,14.62,21.61,553.5,2388.15,9059.65,1.3,47.52,521.35,2388.11,8133.87,8.4346,0.03,394,2388,100.0,38.76,23.2885,64
29,100,-0.0034,0.0002,100.0,518.67,642.77,1587.67,1410.84,14.62,21.61,553.76,2388.12,9053.97,1.3,47.45,521.4,2388.12,8141.57,8.4466,0.03,394,2388,100.0,38.54,23.2642,63
29,101,-0.0004,0.0003,100.0,518.67,642.85,1597.05,1409.89,14.62,21.61,553.68,2388.13,9059.88,1.3,47.49,521.21,2388.13,8140.03,8.4499,0.03,394,2388,100.0,39.0,23.1997,62
29,102,-0.0007,0.0001,100.0,518.67,642.83,1603.18,1410.8,14.62,21.61,552.92,2388.1,9057.86,1.3,47.52,520.86,2388.14,8138.44,8.4729,0.03,392,2388,100.0,38.89,23.224,61
29,103,0.0016,0.0001,100.0,518.67,642.32,1593.7,1411.8,14.62,21.61,553.04,2388.06,9058.48,1.3,47.48,521.77,2388.1,8135.18,8.4196,0.03,392,2388,100.0,38.88,23.3564,60
29,104,0.0016,-0.0002,100.0,518.67,642.96,1587.18,1409.54,14.62,21.61,553.41,2388.17,9063.52,1.3,47.54,520.78,2388.1,8144.1,8.4546,0.03,393,2388,100.0,38.73,23.3004,59
29,105,-0.0027,-0.0005,100.0,518.67,643.01,1594.01,1407.43,14.62,21.61,553.59,2388.07,9056.45,1.3,47.54,521.15,2388.15,8141.57,8.4504,0.03,394,2388,100.0,38.93,23.1961,58
29,106,0.0015,0.0004,100.0,518.67,643.29,1589.44,1410.4,14.62,21.61,553.95,2388.09,9061.75,1.3,47.69,521.7,2388.17,8132.66,8.4372,0.03,392,2388,100.0,38.87,23.2473,57
29,107,0.0024,0.0,100.0,518.67,642.47,1594.61,1412.02,14.62,21.61,552.71,2388.1,9054.89,1.3,47.45,521.76,2388.13,8138.26,8.4584,0.03,394,2388,100.0,38.84,23.2846,56
29,108,-0.001,-0.0005,100.0,518.67,643.03,1589.46,1411.74,14.62,21.61,553.0,2388.16,9059.93,1.3,47.85,521.36,2388.09,8133.75,8.4335,0.03,392,2388,100.0,38.72,23.182,55
29,109,-0.0025,-0.0005,100.0,518.67,642.74,1592.08,1407.86,14.62,21.61,553.38,2388.13,9064.07,1.3,47.56,520.94,2388.12,8138.63,8.4252,0.03,394,2388,100.0,38.75,23.2085,54
29,110,0.0023,0.0004,100.0,518.67,642.29,1591.64,1411.12,14.62,21.61,552.48,2388.15,9056.94,1.3,47.5,521.81,2388.13,8137.14,8.5031,0.03,395,2388,100.0,38.67,23.2644,53
29,111,-0.0013,-0.0003,100.0,518.67,643.04,1591.07,1415.41,14.62,21.61,552.65,2388.1,9062.71,1.3,47.67,521.15,2388.17,8138.64,8.4877,0.03,395,2388,100.0,38.75,23.2797,52
29,112,-0.0012,-0.0002,100.0,518.67,642.58,1593.26,1416.98,14.62,21.61,553.1,2388.13,9057.42,1.3,47.54,521.44,2388.17,8139.58,8.4434,0.03,394,2388,100.0,38.63,23.3511,51
29,113,0.0028,-0.0005,100.0,518.67,643.39,1598.56,1411.18,14.62,21.61,553.39,2388.16,9059.06,1.3,47.34,520.97,2388.13,8139.55,8.4445,0.03,394,2388,100.0,38.79,23.2551,50
29,114,-0.0009,-0.0001,100.0,518.67,643.28,1587.42,1415.36,14.62,21.61,553.27,2388.17,9063.98,1.3,47.55,520.79,2388.1,8134.44,8.4782,0.03,395,2388,100.0,38.74,23.2443,49
29,115,0.001,0.0003,100.0,518.67,643.18,1595.31,1419.12,14.62,21.61,552.98,2388.16,9059.78,1.3,47.43,520.75,2388.11,8134.17,8.4422,0.03,395,2388,100.0,38.79,23.2769,48
29,116,0.001,0.0002,100.0,518.67,642.77,1597.18,1412.73,14.62,21.61,553.75,2388.11,9054.34,1.3,47.62,520.96,2388.15,8129.72,8.4833,0.03,395,2388,100.0,38.8,23.2955,47
29,117,-0.0019,-0.0003,100.0,518.67,642.42,1589.55,1420.57,14.62,21.61,553.08,2388.2,9056.27,1.3,47.67,520.66,2388.19,8134.22,8.4455,0.03,393,2388,100.0,38.9,23.3267,46
29,118,-0.001,0.0001,100.0,518.67,643.19,1591.57,1415.58,14.62,21.61,552.73,2388.11,9054.67,1.3,47.69,521.04,2388.08,8138.16,8.4533,0.03,393,2388,100.0,38.56,23.3099,45
29,119,0.0003,-0.0005,100.0,518.67,643.27,1593.88,1410.24,14.62,21.61,552.53,2388.16,9061.45,1.3,47.64,521.0,2388.13,8134.71,8.4675,0.03,393,2388,100.0,38.7,23.2147,44
29,120,-0.0012,-0.0003,100.0,518.67,643.29,1589.25,1414.59,14.62,21.61,552.05,2388.16,9049.77,1.3,47.74,521.07,2388.15,8135.07,8.5021,0.03,393,2388,100.0,38.83,23.2224,43
29,121,0.0058,0.0004,100.0,518.67,642.75,1598.28,1411.99,14.62,21.61,552.88,2388.12,9062.59,1.3,47.6,520.75,2388.17,8131.7,8.4637,0.03,393,2388,100.0,38.79,23.1366,42
29,122,0.0014,0.0003,100.0,518.67,642.58,1587.41,1414.2,14.62,21.61,553.02,2388.14,9059.42,1.3,47.68,521.09,2388.08,8137.02,8.4484,0.03,394,2388,100.0,38.68,23.1895,41
29,123,-0.0037,-0.0002,100.0,518.67,642.68,1600.99,1413.27,14.62,21.61,551.9,2388.18,9063.65,1.3,47.63,521.26,2388.1,8135.82,8.4743,0.03,394,2388,100.0,38.63,23.3333,40
29,124,-0.001,0.0001,100.0,518.67,643.01,1590.26,1407.55,14.62,21.61,552.02,2388.17,9057.47,1.3,47.74,520.95,2388.16,8133.5,8.4748,0.03,394,2388,100.0,38.9,23.2165,39
29,125,0.0016,-0.0005,100.0,518.67,643.31,1594.45,1415.69,14.62,21.61,552.95,2388.26,9056.2,1.3,47.61,520.8,2388.13,8133.41,8.4471,0.03,394,2388,100.0,38.67,23.1823,38
29,126,-0.0051,0.0,100.0,518.67,643.29,1595.55,1411.03,14.62,21.61,552.8,2388.17,9062.0,1.3,47.64,520.86,2388.16,8136.47,8.4753,0.03,395,2388,100.0,38.72,23.2725,37
29,127,0.0002,-0.0003,100.0,518.67,643.03,1585.74,1417.54,14.62,21.61,553.17,2388.19,9053.04,1.3,47.63,521.11,2388.15,8131.88,8.4711,0.03,394,2388,100.0,38.78,23.2037,36
29,128,0.0011,0.0001,100.0,518.67,643.21,1591.02,1416.66,14.62,21.61,553.27,2388.15,9044.15,1.3,47.73,520.83,2388.17,8137.32,8.4562,0.03,395,2388,100.0,38.66,23.2952,35
29,129,0.0001,0.0002,100.0,518.67,643.41,1593.99,1412.42,14.62,21.61,552.65,2388.12,9057.13,1.3,47.68,520.82,2388.2,8134.99,8.446,0.03,394,2388,100.0,38.63,23.2382,34
29,130,-0.0021,0.0003,100.0,518.67,643.07,1591.85,1414.17,14.62,21.61,551.93,2388.15,9064.25,1.3,47.68,520.69,2388.17,8134.76,8.4487,0.03,395,2388,100.0,38.49,23.1923,33
29,131,-0.0007,0.0002,100.0,518.67,643.1,1599.41,1417.77,14.62,21.61,553.15,2388.17,9056.81,1.3,47.91,521.06,2388.2,8137.56,8.4748,0.03,395,2388,100.0,38.88,23.1604,32
29,132,-0.0023,0.0004,100.0,518.67,643.55,1596.41,1413.39,14.62,21.61,552.31,2388.17,9060.86,1.3,47.64,520.13,2388.17,8127.7,8.4962,0.03,393,2388,100.0,38.61,23.2069,31
29,133,0.0029,0.0004,100.0,518.67,643.78,1591.12,1413.6,14.62,21.61,552.31,2388.19,9053.12,1.3,47.86,520.66,2388.2,8133.6,8.4606,0.03,394,2388,100.0,38.69,23.2293,30
29,134,0.002,-0.0003,100.0,518.67,643.14,1594.34,1416.93,14.62,21.61,552.73,2388.19,9050.56,1.3,47.8,521.16,2388.17,8133.95,8.4599,0.03,395,2388,100.0,38.76,23.1991,29
29,135,0.0012,0.0004,100.0,518.67,643.61,1593.7,1417.24,14.62,21.61,552.51,2388.21,9060.9,1.3,47.94,520.65,2388.18,8137.09,8.4756,0.03,394,2388,100.0,38.73,23.1565,28
29,136,-0.0011,-0.0005,100.0,518.67,643.09,1593.44,1415.61,14.62,21.61,553.04,2388.15,9060.64,1.3,47.98,520.37,2388.16,8135.69,8.4464,0.03,393,2388,100.0,38.57,23.1277,27
29,137,-0.001,-0.0001,100.0,518.67,642.9,1598.8,1415.59,14.62,21.61,552.61,2388.18,9057.58,1.3,47.75,520.57,2388.18,8130.9,8.4755,0.03,394,2388,100.0,38.59,23.1942,26
29,138,-0.0023,-0.0002,100.0,518.67,643.35,1595.62,1423.97,14.62,21.61,552.25,2388.19,9051.04,1.3,47.85,521.11,2388.2,8135.77,8.4981,0.03,395,2388,100.0,38.52,23.1024,25
29,139,-0.0013,0.0002,100.0,518.67,643.06,1594.37,1422.19,14.62,21.61,552.42,2388.21,9057.49,1.3,47.76,520.49,2388.24,8129.93,8.5011,0.03,395,2388,100.0,38.66,23.159,24
29,140,0.0003,0.0001,100.0,518.67,642.77,1593.08,1410.25,14.62,21.61,552.75,2388.17,9047.45,1.3,47.99,520.77,2388.21,8134.25,8.4807,0.03,395,2388,100.0,38.69,23.2421,23
29,141,0.0073,-0.0004,100.0,518.67,643.15,1597.9,1412.83,14.62,21.61,551.62,2388.2,9058.83,1.3,47.95,521.15,2388.2,8130.3,8.5035,0.03,394,2388,100.0,38.69,23.0989,22
29,142,-0.0004,0.0004,100.0,518.67,643.64,1597.65,1421.65,14.62,21.61,551.75,2388.2,9055.76,1.3,47.96,520.35,2388.21,8131.22,8.4563,0.03,394,2388,100.0,38.65,23.1193,21
29,143,-0.0002,-0.0004,100.0,518.67,643.12,1595.92,1425.19,14.62,21.61,552.37,2388.16,9052.15,1.3,47.88,520.03,2388.14,8135.91,8.4938,0.03,395,2388,100.0,38.62,23.1293,20
29,144,0.0031,0.0002,100.0,518.67,643.21,1597.41,1423.05,14.62,21.61,552.02,2388.26,9049.1,1.3,48.09,520.42,2388.21,8126.78,8.4722,0.03,396,2388,100.0,38.69,23.1591,19
29,145,0.0019,-0.0003,100.0,518.67,643.06,1595.74,1428.24,14.62,21.61,551.44,2388.23,9059.63,1.3,48.02,520.26,2388.24,8136.02,8.523,0.03,395,2388,100.0,38.67,23.1281,18
29,146,0.0002,0.0003,100.0,518.67,643.02,1596.75,1423.05,14.62,21.61,552.76,2388.25,9054.13,1.3,47.91,520.75,2388.2,8134.49,8.4835,0.03,396,2388,100.0,38.66,23.1447,17
29,147,-0.0028,0.0004,100.0,518.67,643.19,1603.73,1425.52,14.62,21.61,551.28,2388.24,9049.25,1.3,48.0,520.54,2388.2,8128.73,8.4898,0.03,395,2388,100.0,38.68,23.1474,16
29,148,0.0033,0.0001,100.0,518.67,643.39,1602.68,1415.21,14.62,21.61,552.25,2388.24,9051.27,1.3,47.99,520.34,2388.22,8128.43,8.4991,0.03,394,2388,100.0,38.58,23.1623,15
29,149,-0.0016,0.0001,100.0,518.67,643.24,1592.79,1412.74,14.62,21.61,552.15,2388.22,9052.96,1.3,48.08,520.3,2388.23,8127.87,8.5332,0.03,397,2388,100.0,38.59,23.0521,14
29,150,0.0004,0.0001,100.0,518.67,643.04,1603.57,1427.73,14.62,21.61,550.51,2388.31,9056.7,1.3,48.09,519.88,2388.18,8127.17,8.4913,0.03,396,2388,100.0,38.44,22.9954,13
29,151,-0.0009,0.0002,100.0,518.67,643.53,1596.63,1422.78,14.62,21.61,551.38,2388.24,9067.12,1.3,48.05,520.21,2388.26,8126.18,8.4931,0.03,395,2388,100.0,38.72,23.0602,12
29,152,0.0031,-0.0003,100.0,518.67,643.44,1594.06,1426.79,14.62,21.61,551.54,2388.26,9055.19,1.3,47.87,519.71,2388.25,8131.2,8.5332,0.03,395,2388,100.0,38.66,23.122,11
29,153,0.0025,0.0003,100.0,518.67,643.39,1601.06,1427.74,14.62,21.61,552.33,2388.29,9048.5,1.3,48.12,520.14,2388.25,8123.36,8.5429,0.03,394,2388,100.0,38.71,23.2336,10
29,154,-0.0009,0.0004,100.0,518.67,643.41,1606.05,1426.81,14.62,21.61,551.46,2388.25,9057.64,1.3,48.14,519.62,2388.25,8129.96,8.5158,0.03,397,2388,100.0,38.59,23.2242,9
29,155,-0.0007,-0.0004,100.0,518.67,643.86,1599.92,1422.72,14.62,21.61,551.64,2388.22,9055.4,1.3,48.12,519.35,2388.27,8127.57,8.4702,0.03,396,2388,100.0,38.54,23.228,8
29,156,0.0022,0.0002,100.0,518.67,643.58,1595.46,1423.41,14.62,21.61,552.1,2388.29,9043.78,1.3,48.06,520.19,2388.3,8131.85,8.5203,0.03,397,2388,100.0,38.4,23.1415,7
29,157,0.0026,-0.0003,100.0,518.67,643.02,1594.91,1430.84,14.62,21.61,551.65,2388.22,9058.03,1.3,48.19,519.91,2388.27,8122.86,8.5097,0.03,396,2388,100.0,38.59,23.127,6
29,158,-0.0013,-0.0003,100.0,518.67,643.36,1595.08,1429.63,14.62,21.61,551.3,2388.29,9051.99,1.3,48.16,519.54,2388.28,8124.77,8.514,0.03,397,2388,100.0,38.43,22.9654,5
29,159,-0.0007,-0.0001,100.0,518.67,643.91,1597.89,1434.55,14.62,21.61,551.36,2388.27,9050.75,1.3,48.23,520.07,2388.25,8126.74,8.5532,0.03,397,2388,100.0,38.48,23.0397,4
29,160,-0.0004,0.0001,100.0,518.67,643.89,1593.49,1432.16,14.62,21.61,551.64,2388.28,9049.57,1.3,48.22,518.95,2388.26,8127.64,8.5163,0.03,395,2388,100.0,38.59,23.0645,3
29,161,0.0041,-0.0001,100.0,518.67,643.29,1601.97,1431.39,14.62,21.61,551.44,2388.28,9049.43,1.3,48.12,519.89,2388.39,8128.02,8.5148,0.03,397,2388,100.0,38.55,22.9987,2
29,162,-0.0008,0.0003,100.0,518.67,644.1,1606.95,1430.41,14.62,21.61,551.57,2388.26,9051.52,1.3,48.23,519.97,2388.27,8122.3,8.4963,0.03,396,2388,100.0,38.65,23.0762,1
29,163,-0.0018,-0.0003,100.0,518.67,643.98,1598.93,1436.41,14.62,21.61,551.64,2388.23,9042.66,1.3,48.17,519.75,2388.26,8121.38,8.5641,0.03,396,2388,100.0,38.29,23.0583,0
30,1,-0.0003,-0.0003,100.0,518.67,642.18,1587.39,1392.46,14.62,21.61,554.09,2387.99,9065.62,1.3,47.07,522.61,2387.95,8148.76,8.4058,0.03,392,2388,100.0,39.17,23.3801,193
30,2,-0.004,0.0001,100.0,518.67,641.81,1588.45,1406.94,14.62,21.61,554.98,2388.03,9062.08,1.3,47.2,522.17,2387.98,8143.72,8.3837,0.03,392,2388,100.0,39.34,23.5081,192
30,3,0.0017,0.0001,100.0,518.67,641.73,1584.32,1396.01,14.62,21.61,553.94,2388.03,9063.92,1.3,47.24,522.61,2388.02,8145.33,8.4137,0.03,393,2388,100.0,39.08,23.4344,191
30,4,0.0006,-0.0003,100.0,518.67,641.45,1580.54,1402.14,14.62,21.61,554.1,2388.01,9064.27,1.3,47.14,522.51,2387.95,8144.16,8.3953,0.03,391,2388,100.0,39.0,23.4524,190
30,5,-0.0035,-0.0001,100.0,518.67,642.15,1578.08,1398.18,14.62,21.61,554.18,2388.0,9060.01,1.3,47.05,522.2,2387.98,8143.76,8.4112,0.03,393,2388,100.0,39.13,23.3571,189
30,6,-0.0009,-0.0002,100.0,518.67,642.23,1582.68,1392.93,14.62,21.61,554.61,2387.91,9064.73,1.3,47.01,522.58,2387.97,8145.31,8.3795,0.03,391,2388,100.0,39.04,23.564,188
30,7,-0.0016,-0.0003,100.0,518.67,642.11,1581.87,1399.8,14.62,21.61,554.62,2388.05,9070.6,1.3,47.1,522.79,2388.03,8143.34,8.4,0.03,392,2388,100.0,39.1,23.4382,187
30,8,-0.0026,-0.0001,100.0,518.67,641.83,1579.69,1396.91,14.62,21.61,553.96,2387.98,9054.49,1.3,47.16,522.44,2387.98,8144.86,8.4198,0.03,392,2388,100.0,39.07,23.4006,186
30,9,0.0009,0.0002,100.0,518.67,642.04,1590.93,1388.7,14.62,21.61,554.71,2388.03,9062.01,1.3,47.21,522.63,2387.97,8142.89,8.3638,0.03,391,2388,100.0,38.96,23.5313,185
30,10,0.0045,0.0002,100.0,518.67,641.92,1583.96,1401.38,14.62,21.6,553.94,2387.97,9059.24,1.3,47.36,522.7,2387.96,8138.19,8.3983,0.03,391,2388,100.0,38.98,23.4457,184
30,11,-0.004,0.0001,100.0,518.67,642.64,1578.62,1392.01,14.62,21.61,554.73,2387.98,9058.75,1.3,47.19,522.81,2387.97,8139.61,8.3876,0.03,392,2388,100.0,39.17,23.5464,183
30,12,-0.0034,-0.0003,100.0,518.67,642.29,1593.34,1396.9,14.62,21.6,555.49,2387.99,9060.37,1.3,47.16,522.02,2387.97,8144.26,8.4074,0.03,391,2388,100.0,39.06,23.3477,182
30,13,-0.0027,0.0,100.0,518.67,641.46,1584.87,1402.07,14.62,21.61,554.73,2387.99,9054.42,1.3,47.15,522.12,2388.0,8144.55,8.406,0.03,393,2388,100.0,39.02,23.5109,181
30,14,0.0023,-0.0002,100.0,518.67,641.72,1583.39,1401.14,14.62,21.6,554.51,2387.98,9058.62,1.3,47.18,522.71,2387.94,8144.46,8.3855,0.03,392,2388,100.0,39.22,23.3945,180
30,15,-0.0019,-0.0002,100.0,518.67,642.49,1579.51,1400.21,14.62,21.61,554.84,2387.99,9061.45,1.3,47.17,522.48,2387.99,8142.69,8.3746,0.03,392,2388,100.0,39.16,23.4308,179
30,16,-0.0004,0.0002,100.0,518.67,642.28,1590.12,1394.29,14.62,21.61,554.55,2388.0,9059.2,1.3,47.2,522.52,2388.0,8144.23,8.3488,0.03,391,2388,100.0,39.04,23.3701,178
30,17,0.0022,-0.0,100.0,518.67,642.26,1586.5,1401.91,14.62,21.61,554.89,2388.0,9068.84,1.3,46.86,522.49,2387.98,8150.22,8.405,0.03,392,2388,100.0,39.08,23.3792,177
30,18,-0.0017,0.0003,100.0,518.67,642.09,1576.63,1398.25,14.62,21.61,554.86,2388.01,9064.79,1.3,47.04,522.52,2387.99,8141.48,8.4257,0.03,392,2388,100.0,39.04,23.4545,176
30,19,-0.0006,-0.0004,100.0,518.67,641.6,1588.2,1393.93,14.62,21.6,554.5,2387.94,9058.17,1.3,47.05,522.73,2387.99,8146.27,8.4192,0.03,392,2388,100.0,39.07,23.4319,175
30,20,0.0012,-0.0004,100.0,518.67,641.87,1585.62,1395.66,14.62,21.61,554.89,2387.99,9069.05,1.3,47.08,522.08,2388.0,8140.29,8.4227,0.03,392,2388,100.0,39.11,23.4404,174
30,21,-0.0002,0.0005,100.0,518.67,641.86,1577.56,1393.02,14.62,21.61,555.39,2388.0,9070.45,1.3,47.28,522.62,2388.01,8144.71,8.3859,0.03,391,2388,100.0,39.06,23.3625,173
30,22,-0.0018,-0.0003,100.0,518.67,641.63,1579.66,1391.13,14.62,21.61,554.39,2388.01,9060.76,1.3,47.26,521.99,2388.01,8144.62,8.3485,0.03,391,2388,100.0,39.09,23.3191,172
30,23,0.0028,0.0001,100.0,518.67,641.56,1583.55,1399.5,14.62,21.61,555.67,2388.03,9058.66,1.3,47.23,522.57,2387.94,8144.27,8.4295,0.03,391,2388,100.0,38.96,23.4042,171
30,24,-0.0034,-0.0003,100.0,518.67,641.84,1583.23,1389.91,14.62,21.61,554.46,2387.95,9065.74,1.3,47.18,522.7,2387.99,8146.5,8.4082,0.03,390,2388,100.0,39.06,23.4602,170
30,25,0.0005,0.0003,100.0,518.67,641.97,1590.33,1399.6,14.62,21.6,554.4,2388.03,9064.1,1.3,47.14,522.55,2388.0,8142.84,8.3728,0.03,391,2388,100.0,38.97,23.4629,169
30,26,-0.0005,-0.0,100.0,518.67,642.51,1580.48,1394.28,14.62,21.61,554.97,2388.0,9064.17,1.3,47.2,522.55,2388.02,8143.47,8.4109,0.03,391,2388,100.0,38.89,23.4197,168
30,27,0.0007,-0.0003,100.0,518.67,641.54,1583.17,1398.41,14.62,21.61,554.95,2387.97,9059.15,1.3,47.12,522.61,2388.0,8141.52,8.3828,0.03,390,2388,100.0,39.02,23.5524,167
30,28,-0.0039,-0.0003,100.0,518.67,641.92,1580.23,1394.82,14.62,21.61,554.38,2388.05,9062.43,1.3,47.06,522.5,2387.97,8142.67,8.4101,0.03,392,2388,100.0,38.99,23.4704,166
30,29,-0.0025,0.0,100.0,518.67,642.57,1579.13,1397.24,14.62,21.61,555.33,2388.04,9068.52,1.3,47.26,522.7,2388.03,8140.88,8.4018,0.03,391,2388,100.0,38.99,23.432,165
30,30,-0.0019,-0.0,100.0,518.67,641.85,1581.0,1396.49,14.62,21.61,554.64,2387.97,9062.26,1.3,47.22,522.06,2387.98,8141.24,8.3842,0.03,392,2388,100.0,39.22,23.3783,164
30,31,0.0014,0.0005,100.0,518.67,641.93,1579.16,1402.5,14.62,21.61,554.76,2387.98,9061.26,1.3,47.28,522.53,2387.98,8144.07,8.3806,0.03,392,2388,100.0,39.0,23.3137,163
30,32,-0.0012,-0.0004,100.0,518.67,642.16,1579.16,1401.48,14.62,21.61,554.96,2388.01,9061.24,1.3,47.25,522.25,2387.97,8144.18,8.3841,0.03,390,2388,100.0,39.14,23.4645,162
30,33,0.0025,0.0001,100.0,518.67,642.33,1581.25,1401.28,14.62,21.61,555.33,2388.03,9054.02,1.3,47.18,522.55,2388.0,8140.28,8.3958,0.03,392,2388,100.0,38.94,23.4554,161
30,34,-0.0,-0.0002,100.0,518.67,642.06,1583.92,1402.45,14.62,21.61,554.57,2387.98,9062.56,1.3,47.52,522.71,2388.03,8144.14,8.4162,0.03,390,2388,100.0,39.04,23.3417,160
30,35,0.0002,-0.0,100.0,518.67,642.34,1585.19,1399.12,14.62,21.61,554.28,2387.93,9065.3,1.3,47.16,522.3,2387.99,8141.14,8.4114,0.03,391,2388,100.0,39.14,23.4793,159
30,36,-0.0,-0.0004,100.0,518.67,642.18,1588.19,1406.83,14.62,21.61,555.12,2387.96,9060.92,1.3,47.19,522.32,2388.03,8145.87,8.4161,0.03,390,2388,100.0,39.09,23.4132,158
30,37,0.0021,-0.0002,100.0,518.67,642.22,1583.19,1392.92,14.62,21.61,555.34,2387.99,9055.9,1.3,47.31,522.26,2387.99,8143.49,8.4177,0.03,392,2388,100.0,39.11,23.4552,157
30,38,-0.0023,0.0004,100.0,518.67,642.08,1592.07,1397.03,14.62,21.61,554.62,2387.99,9065.48,1.3,47.38,522.79,2388.06,8144.71,8.3914,0.03,392,2388,100.0,39.15,23.372,156
30,39,0.001,-0.0001,100.0,518.67,641.79,1573.85,1400.68,14.62,21.6,554.62,2387.99,9064.49,1.3,47.29,522.44,2388.01,8146.06,8.3869,0.03,391,2388,100.0,39.07,23.3204,155
30,40,0.0007,0.0001,100.0,518.67,642.49,1576.62,1396.56,14.62,21.61,554.83,2387.98,9062.74,1.3,47.24,521.93,2387.98,8142.04,8.4149,0.03,393,2388,100.0,38.83,23.3954,154
30,41,-0.0008,0.0,100.0,518.67,642.33,1582.23,1397.44,14.62,21.61,554.65,2388.0,9067.51,1.3,47.19,523.02,2387.96,8143.8,8.3951,0.03,391,2388,100.0,39.2,23.4505,153
30,42,-0.0014,-0.0003,100.0,518.67,642.01,1584.09,1395.07,14.62,21.61,552.93,2388.01,9055.15,1.3,47.17,521.51,2388.03,8146.57,8.3938,0.03,391,2388,100.0,39.09,23.5771,152
30,43,-0.0013,-0.0002,100.0,518.67,642.54,1585.86,1389.53,14.62,21.61,554.59,2388.02,9065.92,1.3,47.15,522.57,2387.98,8148.75,8.3938,0.03,391,2388,100.0,39.01,23.417,151
30,44,-0.0011,0.0003,100.0,518.67,642.25,1582.48,1392.7,14.62,21.61,554.48,2388.01,9059.63,1.3,47.27,522.86,2387.96,8146.26,8.4046,0.03,392,2388,100.0,38.97,23.4317,150
30,45,-0.0009,0.0004,100.0,518.67,642.63,1582.57,1395.17,14.62,21.61,554.48,2388.01,9059.29,1.3,47.11,522.36,2388.05,8142.53,8.4136,0.03,392,2388,100.0,39.01,23.4841,149
30,46,-0.0013,-0.0005,100.0,518.67,641.6,1579.91,1398.65,14.62,21.61,554.46,2387.99,9059.22,1.3,47.06,522.47,2388.01,8142.81,8.3736,0.03,392,2388,100.0,39.0,23.4249,148
30,47,-0.0008,-0.0002,100.0,518.67,641.65,1584.22,1394.82,14.62,21.61,555.19,2387.96,9056.07,1.3,47.14,521.8,2387.99,8141.65,8.3717,0.03,391,2388,100.0,39.07,23.3628,147
30,48,-0.0013,-0.0,100.0,518.67,642.12,1584.85,1394.7,14.62,21.61,554.65,2388.03,9062.44,1.3,47.27,522.34,2387.99,8147.04,8.3805,0.03,391,2388,100.0,38.98,23.3428,146
30,49,-0.0009,0.0,100.0,518.67,641.77,1583.5,1403.79,14.62,21.61,554.56,2387.98,9058.74,1.3,47.34,522.25,2387.91,8142.87,8.3856,0.03,392,2388,100.0,39.27,23.3326,145
30,50,-0.0003,-0.0001,100.0,518.67,642.69,1591.98,1386.69,14.62,21.61,554.96,2388.04,9057.53,1.3,47.31,522.38,2388.02,8148.25,8.3958,0.03,392,2388,100.0,39.09,23.3434,144
30,51,-0.003,-0.0003,100.0,518.67,641.66,1581.86,1395.76,14.62,21.61,554.16,2387.98,9066.93,1.3,47.2,522.55,2387.97,8147.16,8.3966,0.03,391,2388,100.0,39.05,23.4946,143
30,52,-0.0004,0.0005,100.0,518.67,642.1,1582.77,1395.75,14.62,21.61,554.66,2388.01,9063.48,1.3,47.12,522.32,2388.0,8142.47,8.4098,0.03,392,2388,100.0,39.15,23.485,142
30,53,-0.0006,0.0005,100.0,518.67,642.66,1586.75,1397.13,14.62,21.61,555.45,2387.93,9058.41,1.3,47.24,522.54,2387.98,8142.22,8.3718,0.03,391,2388,100.0,39.04,23.556,141
30,54,-0.0005,0.0,100.0,518.67,642.14,1585.66,1407.99,14.62,21.61,554.75,2388.0,9064.1,1.3,47.36,522.55,2388.02,8149.15,8.3862,0.03,391,2388,100.0,39.07,23.4289,140
30,55,0.0016,-0.0004,100.0,518.67,642.42,1577.95,1392.36,14.62,21.6,554.45,2387.98,9067.7,1.3,47.21,523.08,2387.97,8144.22,8.3837,0.03,390,2388,100.0,39.05,23.4493,139
30,56,-0.0006,-0.0002,100.0,518.67,642.07,1590.96,1400.13,14.62,21.61,554.68,2388.0,9060.06,1.3,47.23,522.16,2387.99,8146.48,8.365,0.03,391,2388,100.0,38.98,23.3885,138
30,57,-0.0016,0.0003,100.0,518.67,642.17,1585.65,1393.73,14.62,21.61,554.23,2388.02,9062.9,1.3,47.17,522.35,2387.99,8146.17,8.4254,0.03,392,2388,100.0,39.12,23.5117,137
30,58,0.0011,-0.0003,100.0,518.67,642.12,1585.61,1397.02,14.62,21.61,554.24,2388.0,9060.13,1.3,46.86,522.59,2388.0,8148.83,8.4077,0.03,392,2388,100.0,39.01,23.2698,136
30,59,-0.0023,0.0003,100.0,518.67,642.3,1585.01,1400.35,14.62,21.6,554.54,2388.02,9062.67,1.3,47.24,522.13,2388.0,8141.56,8.4204,0.03,394,2388,100.0,39.08,23.4127,135
30,60,-0.0005,-0.0003,100.0,518.67,642.0,1588.2,1390.33,14.62,21.61,554.58,2388.0,9064.68,1.3,47.08,522.62,2388.04,8142.48,8.3959,0.03,391,2388,100.0,38.9,23.4121,134
30,61,-0.0003,-0.0005,100.0,518.67,642.27,1586.78,1392.98,14.62,21.61,554.49,2388.01,9062.23,1.3,47.22,522.1,2387.98,8142.44,8.3791,0.03,392,2388,100.0,39.14,23.4028,133
30,62,-0.0001,-0.0003,100.0,518.67,642.22,1587.12,1400.98,14.62,21.6,554.32,2388.01,9064.36,1.3,47.14,522.6,2388.02,8148.18,8.3555,0.03,393,2388,100.0,39.15,23.4328,132
30,63,-0.0036,-0.0003,100.0,518.67,642.47,1580.44,1395.34,14.62,21.61,554.11,2388.01,9066.83,1.3,47.14,522.0,2388.03,8145.54,8.4064,0.03,390,2388,100.0,38.81,23.4557,131
30,64,0.0022,0.0003,100.0,518.67,641.94,1581.31,1393.91,14.62,21.61,554.58,2388.0,9057.31,1.3,47.27,522.5,2387.99,8150.32,8.39,0.03,391,2388,100.0,39.1,23.4577,130
30,65,0.0021,-0.0004,100.0,518.67,642.39,1584.99,1395.51,14.62,21.61,554.14,2388.02,9065.93,1.3,47.27,522.47,2388.04,8147.89,8.412,0.03,392,2388,100.0,38.9,23.4004,129
30,66,0.0018,-0.0001,100.0,518.67,642.01,1593.44,1399.14,14.62,21.61,555.04,2388.05,9065.03,1.3,47.19,522.8,2388.02,8145.23,8.393,0.03,393,2388,100.0,38.75,23.3491,128
30,67,0.0026,-0.0003,100.0,518.67,641.82,1585.83,1395.31,14.62,21.61,555.07,2388.11,9059.19,1.3,47.38,522.87,2387.97,8145.66,8.3813,0.03,393,2388,100.0,38.98,23.409,127
30,68,-0.0004,0.0,100.0,518.67,642.37,1583.89,1394.37,14.62,21.61,554.52,2387.97,9068.05,1.3,47.35,522.0,2388.02,8148.91,8.3729,0.03,391,2388,100.0,39.2,23.5163,126
30,69,-0.0023,0.0001,100.0,518.67,642.62,1580.37,1404.47,14.62,21.61,554.44,2388.0,9067.91,1.3,47.07,522.73,2388.04,8142.44,8.4075,0.03,390,2388,100.0,39.05,23.3784,125
30,70,-0.0008,0.0002,100.0,518.67,642.15,1584.58,1397.05,14.62,21.61,554.68,2387.97,9068.03,1.3,47.39,522.85,2388.04,8144.84,8.4073,0.03,392,2388,100.0,38.8,23.3425,124
30,71,-0.0005,-0.0005,100.0,518.67,641.58,1580.78,1398.2,14.62,21.61,554.18,2388.07,9054.7,1.3,47.28,522.08,2388.02,8144.12,8.3464,0.03,391,2388,100.0,38.93,23.4917,123
30,72,0.0005,0.0001,100.0,518.67,642.41,1583.87,1401.78,14.62,21.61,554.41,2388.01,9072.22,1.3,47.29,522.64,2388.0,8142.83,8.415,0.03,392,2388,100.0,39.13,23.3726,122
30,73,0.0021,-0.0002,100.0,518.67,642.17,1584.59,1401.3,14.62,21.61,554.4,2387.99,9052.57,1.3,47.32,522.85,2387.97,8142.62,8.3778,0.03,393,2388,100.0,39.01,23.4059,121
30,74,-0.0004,-0.0001,100.0,518.67,642.31,1581.72,1408.31,14.62,21.61,554.44,2388.03,9059.39,1.3,46.95,522.83,2388.0,8146.71,8.4066,0.03,392,2388,100.0,39.0,23.3415,120
30,75,0.0031,0.0003,100.0,518.67,642.61,1580.23,1398.62,14.62,21.61,554.34,2388.02,9059.31,1.3,47.14,521.55,2387.98,8147.49,8.3975,0.03,392,2388,100.0,39.04,23.4104,119
30,76,-0.0002,-0.0001,100.0,518.67,642.22,1584.14,1404.48,14.62,21.61,554.37,2388.0,9056.64,1.3,47.25,521.93,2388.04,8141.81,8.3485,0.03,390,2388,100.0,39.08,23.4195,118
30,77,0.0009,0.0001,100.0,518.67,642.45,1585.72,1398.18,14.62,21.61,554.52,2388.01,9062.14,1.3,47.11,522.45,2388.0,8143.92,8.4275,0.03,392,2388,100.0,38.87,23.4208,117
30,78,0.0018,-0.0005,100.0,518.67,641.71,1582.59,1398.05,14.62,21.6,554.3,2388.04,9069.2,1.3,47.17,521.9,2388.0,8144.82,8.4039,0.03,391,2388,100.0,39.02,23.2979,116
30,79,-0.0011,-0.0001,100.0,518.67,641.99,1590.07,1402.3,14.62,21.61,554.37,2387.98,9064.1,1.3,47.27,521.86,2388.01,8143.56,8.3936,0.03,392,2388,100.0,38.91,23.3932,115
30,80,-0.0006,0.0001,100.0,518.67,641.95,1579.25,1397.53,14.62,21.61,554.49,2388.0,9062.21,1.3,47.29,522.24,2387.99,8143.12,8.4198,0.03,393,2388,100.0,39.16,23.3492,114
30,81,-0.0003,0.0005,100.0,518.67,642.18,1587.63,1397.48,14.62,21.61,554.67,2388.11,9058.6,1.3,47.15,521.84,2388.0,8143.04,8.4238,0.03,393,2388,100.0,38.91,23.3211,113
30,82,-0.0019,0.0,100.0,518.67,642.2,1584.63,1395.38,14.62,21.6,553.88,2387.99,9064.81,1.3,47.13,522.11,2388.03,8141.2,8.4148,0.03,391,2388,100.0,38.88,23.3756,112
30,83,0.0012,0.0004,100.0,518.67,642.11,1582.55,1394.98,14.62,21.61,554.14,2388.01,9058.02,1.3,47.36,522.38,2387.98,8147.29,8.4185,0.03,391,2388,100.0,39.04,23.2968,111
30,84,0.0004,0.0003,100.0,518.67,641.79,1584.57,1401.34,14.62,21.61,554.59,2387.99,9061.88,1.3,47.17,521.81,2388.02,8144.97,8.4112,0.03,392,2388,100.0,39.08,23.3616,110
30,85,-0.0007,-0.0002,100.0,518.67,642.43,1582.33,1397.52,14.62,21.61,554.4,2388.01,9058.01,1.3,47.25,522.01,2387.98,8146.59,8.4274,0.03,391,2388,100.0,38.98,23.4296,109
30,86,-0.0047,-0.0005,100.0,518.67,642.44,1585.37,1398.23,14.62,21.61,554.86,2388.06,9064.07,1.3,47.4,522.42,2387.97,8145.31,8.3646,0.03,391,2388,100.0,39.03,23.3863,108
30,87,-0.0035,-0.0004,100.0,518.67,642.02,1589.85,1387.36,14.62,21.61,554.1,2388.04,9065.85,1.3,47.15,522.44,2387.99,8145.26,8.3858,0.03,392,2388,100.0,38.9,23.4056,107
30,88,-0.0052,0.0002,100.0,518.67,642.23,1577.76,1394.11,14.62,21.61,555.04,2388.0,9056.32,1.3,47.23,522.62,2387.95,8144.04,8.3793,0.03,393,2388,100.0,39.15,23.3897,106
30,89,0.0009,0.0001,100.0,518.67,642.03,1577.75,1399.62,14.62,21.61,553.83,2387.96,9064.48,1.3,47.36,522.34,2388.01,8141.9,8.424,0.03,391,2388,100.0,38.91,23.4586,105
30,90,0.0008,-0.0001,100.0,518.67,642.35,1592.11,1400.35,14.62,21.61,553.87,2388.04,9064.95,1.3,47.22,522.68,2388.03,8140.16,8.4266,0.03,391,2388,100.0,39.01,23.4515,104
30,91,0.0058,-0.0,100.0,518.67,642.27,1587.08,1400.44,14.62,21.61,554.31,2388.05,9062.69,1.3,47.25,522.45,2388.01,8145.74,8.3918,0.03,392,2388,100.0,39.04,23.3655,103
30,92,0.0001,-0.0002,100.0,518.67,642.41,1585.92,1408.06,14.62,21.61,554.52,2387.97,9063.86,1.3,47.2,521.84,2388.0,8140.88,8.4067,0.03,392,2388,100.0,38.78,23.5047,102
30,93,0.0032,0.0002,100.0,518.67,641.7,1580.59,1395.09,14.62,21.61,553.91,2387.96,9063.62,1.3,47.34,522.52,2388.05,8146.83,8.3981,0.03,393,2388,100.0,38.98,23.4019,101
30,94,0.0033,-0.0004,100.0,518.67,642.44,1581.85,1399.89,14.62,21.61,554.24,2388.03,9064.01,1.3,47.24,522.17,2388.04,8140.67,8.4213,0.03,393,2388,100.0,39.05,23.4338,100
30,95,0.0003,-0.0004,100.0,518.67,642.08,1577.72,1390.22,14.62,21.61,553.68,2388.06,9058.08,1.3,47.34,521.97,2387.99,8140.84,8.3651,0.03,391,2388,100.0,38.89,23.4305,99
30,96,-0.0007,-0.0004,100.0,518.67,642.08,1587.5,1402.12,14.62,21.61,554.3,2388.01,9057.33,1.3,47.34,522.21,2388.03,8143.95,8.4031,0.03,391,2388,100.0,38.96,23.4079,98
30,97,0.0002,0.0001,100.0,518.67,642.37,1584.39,1398.59,14.62,21.61,554.09,2388.04,9062.08,1.3,47.26,521.74,2387.99,8142.92,8.4203,0.03,393,2388,100.0,38.89,23.4042,97
30,98,0.0042,-0.0004,100.0,518.67,642.65,1591.22,1402.72,14.62,21.61,554.31,2388.02,9053.13,1.3,47.28,522.02,2388.02,8142.93,8.4223,0.03,392,2388,100.0,38.95,23.4166,96
30,99,0.0002,0.0003,100.0,518.67,642.42,1592.99,1396.54,14.62,21.61,554.06,2388.08,9064.04,1.3,47.27,521.9,2387.99,8145.97,8.4359,0.03,393,2388,100.0,39.08,23.2926,95
30,100,0.0,-0.0002,100.0,518.67,642.39,1586.3,1400.74,14.62,21.61,553.53,2388.0,9057.1,1.3,47.4,521.81,2388.02,8143.15,8.3997,0.03,391,2388,100.0,38.97,23.4027,94
30,101,0.0033,0.0001,100.0,518.67,641.81,1583.0,1404.81,14.62,21.61,553.79,2388.03,9063.28,1.3,47.3,522.31,2387.98,8137.59,8.3892,0.03,392,2388,100.0,38.98,23.3485,93
30,102,-0.002,-0.0,100.0,518.67,642.57,1588.31,1401.86,14.62,21.61,554.29,2388.01,9058.77,1.3,47.18,522.58,2388.04,8143.07,8.3833,0.03,391,2388,100.0,39.16,23.3412,92
30,103,-0.0044,0.0,100.0,518.67,642.03,1581.91,1397.28,14.62,21.61,554.28,2388.05,9058.25,1.3,47.31,522.32,2388.09,8141.96,8.4062,0.03,392,2388,100.0,38.86,23.2906,91
30,104,0.001,0.0001,100.0,518.67,642.43,1583.52,1402.0,14.62,21.61,554.09,2388.07,9062.12,1.3,47.17,522.02,2387.99,8142.67,8.3795,0.03,392,2388,100.0,38.91,23.2822,90
30,105,0.0011,-0.0002,100.0,518.67,642.01,1585.26,1405.92,14.62,21.61,554.02,2388.01,9067.59,1.3,47.39,522.39,2388.0,8145.82,8.3834,0.03,392,2388,100.0,38.93,23.3958,89
30,106,-0.0001,0.0,100.0,518.67,642.44,1588.9,1402.93,14.62,21.61,554.18,2388.01,9061.9,1.3,47.48,521.66,2388.06,8140.34,8.394,0.03,393,2388,100.0,38.88,23.2506,88
30,107,-0.0004,0.0004,100.0,518.67,641.9,1591.75,1402.29,14.62,21.61,553.91,2388.05,9057.84,1.3,47.23,521.86,2388.06,8143.99,8.3791,0.03,393,2388,100.0,38.89,23.3928,87
30,108,0.0042,-0.0004,100.0,518.67,642.26,1588.58,1399.83,14.62,21.61,554.08,2388.07,9062.61,1.3,47.24,522.12,2388.0,8136.14,8.4102,0.03,393,2388,100.0,39.06,23.3976,86
30,109,0.0005,0.0004,100.0,518.67,642.18,1588.58,1402.83,14.62,21.61,553.47,2388.05,9060.12,1.3,47.27,521.71,2388.1,8140.81,8.4138,0.03,393,2388,100.0,39.0,23.2846,85
30,110,0.0014,-0.0003,100.0,518.67,642.28,1586.12,1401.54,14.62,21.61,554.52,2388.03,9059.82,1.3,47.57,521.56,2388.03,8137.15,8.4099,0.03,392,2388,100.0,38.9,23.2249,84
30,111,0.003,0.0005,100.0,518.67,641.98,1584.82,1406.2,14.62,21.61,553.69,2388.08,9057.28,1.3,47.34,521.76,2388.03,8139.39,8.4232,0.03,393,2388,100.0,38.93,23.4376,83
30,112,0.0016,-0.0001,100.0,518.67,642.33,1584.19,1396.72,14.62,21.61,554.13,2388.08,9059.06,1.3,47.24,521.63,2388.0,8141.15,8.3935,0.03,393,2388,100.0,38.83,23.3444,82
30,113,-0.0006,-0.0004,100.0,518.67,642.87,1585.17,1394.55,14.62,21.61,554.11,2388.04,9054.07,1.3,47.33,521.82,2388.02,8140.81,8.4097,0.03,391,2388,100.0,38.88,23.4792,81
30,114,-0.0001,-0.0,100.0,518.67,642.53,1582.19,1403.23,14.62,21.61,554.32,2388.05,9063.13,1.3,47.25,522.47,2388.02,8145.19,8.3964,0.03,394,2388,100.0,38.95,23.3742,80
30,115,-0.0013,0.0002,100.0,518.67,641.81,1589.56,1402.69,14.62,21.61,554.32,2388.1,9059.82,1.3,47.2,521.96,2388.05,8144.13,8.451,0.03,393,2388,100.0,38.91,23.443,79
30,116,-0.0018,-0.0003,100.0,518.67,641.77,1585.28,1405.81,14.62,21.61,553.52,2388.09,9065.04,1.3,47.21,521.98,2388.05,8140.7,8.4002,0.03,394,2388,100.0,38.82,23.3915,78
30,117,0.0004,-0.0001,100.0,518.67,642.64,1580.11,1401.32,14.62,21.61,553.79,2388.02,9065.67,1.3,47.35,521.38,2388.04,8141.31,8.3948,0.03,391,2388,100.0,38.91,23.3781,77
30,118,0.0019,0.0005,100.0,518.67,642.16,1581.71,1397.66,14.62,21.61,553.92,2388.0,9065.09,1.3,47.13,522.03,2388.02,8142.21,8.4231,0.03,391,2388,100.0,39.02,23.3816,76
30,119,-0.0012,-0.0003,100.0,518.67,642.35,1585.69,1399.37,14.62,21.61,554.23,2388.04,9061.09,1.3,47.15,522.1,2388.04,8142.29,8.4148,0.03,391,2388,100.0,39.04,23.3975,75
30,120,-0.0017,0.0001,100.0,518.67,642.73,1584.64,1401.4,14.62,21.61,554.2,2388.06,9053.64,1.3,47.4,522.44,2388.05,8141.3,8.4349,0.03,392,2388,100.0,38.91,23.2933,74
30,121,0.0018,0.0003,100.0,518.67,642.48,1582.56,1393.52,14.62,21.61,554.41,2388.04,9051.13,1.3,47.35,522.22,2388.03,8140.79,8.4001,0.03,392,2388,100.0,38.92,23.386,73
30,122,-0.0033,0.0003,100.0,518.67,642.99,1588.91,1406.33,14.62,21.61,554.03,2388.08,9062.45,1.3,47.34,522.06,2388.04,8146.49,8.4607,0.03,392,2388,100.0,38.87,23.3282,72
30,123,-0.0001,0.0003,100.0,518.67,642.04,1586.54,1404.95,14.62,21.61,553.72,2388.03,9069.17,1.3,47.37,521.62,2388.01,8141.57,8.4163,0.03,392,2388,100.0,38.83,23.3618,71
30,124,0.0003,-0.0,100.0,518.67,642.48,1585.57,1403.67,14.62,21.61,554.58,2388.07,9052.53,1.3,47.16,521.93,2388.11,8143.22,8.4545,0.03,391,2388,100.0,38.73,23.4269,70
30,125,-0.0012,-0.0003,100.0,518.67,642.53,1585.08,1409.54,14.62,21.61,554.38,2388.05,9065.83,1.3,47.29,521.61,2387.96,8145.05,8.4223,0.03,391,2388,100.0,39.02,23.3843,69
30,126,0.0001,-0.0004,100.0,518.67,642.45,1593.46,1399.84,14.62,21.61,553.71,2388.0,9062.29,1.3,47.43,522.72,2388.09,8143.35,8.4343,0.03,392,2388,100.0,38.93,23.3004,68
30,127,0.0019,-0.0001,100.0,518.67,642.24,1591.6,1402.34,14.62,21.61,553.93,2388.08,9059.01,1.3,47.43,521.96,2388.09,8142.33,8.4193,0.03,392,2388,100.0,38.78,23.3592,67
30,128,0.0012,0.0001,100.0,518.67,642.27,1594.41,1406.55,14.62,21.61,554.45,2388.03,9058.34,1.3,47.42,521.33,2388.07,8137.84,8.4193,0.03,393,2388,100.0,39.03,23.4067,66
30,129,-0.0012,0.0001,100.0,518.67,642.19,1584.39,1414.22,14.62,21.61,553.92,2388.07,9062.12,1.3,47.41,522.03,2388.1,8140.84,8.3986,0.03,393,2388,100.0,39.0,23.3117,65
30,130,-0.0036,-0.0002,100.0,518.67,642.65,1594.28,1397.82,14.62,21.61,553.99,2388.1,9054.61,1.3,47.36,521.92,2388.03,8147.05,8.4135,0.03,393,2388,100.0,38.98,23.2622,64
30,131,0.0019,0.0001,100.0,518.67,642.69,1584.96,1406.77,14.62,21.61,553.37,2388.05,9059.81,1.3,47.38,521.91,2388.07,8145.88,8.4248,0.03,393,2388,100.0,38.78,23.3401,63
30,132,0.0016,-0.0001,100.0,518.67,641.95,1584.66,1403.19,14.62,21.61,553.52,2388.11,9058.52,1.3,47.39,522.05,2388.11,8140.54,8.4011,0.03,392,2388,100.0,39.08,23.3263,62
30,133,-0.0024,-0.0004,100.0,518.67,642.52,1593.26,1404.17,14.62,21.61,553.96,2388.07,9059.55,1.3,47.36,521.54,2388.04,8140.2,8.412,0.03,393,2388,100.0,39.0,23.2852,61
30,134,-0.0015,0.0004,100.0,518.67,642.2,1591.22,1407.07,14.62,21.61,553.9,2388.06,9064.56,1.3,47.24,521.52,2388.08,8139.88,8.4122,0.03,392,2388,100.0,38.87,23.2746,60
30,135,-0.0003,0.0,100.0,518.67,642.21,1577.89,1403.44,14.62,21.61,553.69,2388.02,9062.27,1.3,47.46,521.98,2388.05,8138.58,8.4386,0.03,393,2388,100.0,38.76,23.2909,59
30,136,-0.0042,0.0002,100.0,518.67,642.72,1589.32,1405.63,14.62,21.61,553.27,2388.15,9054.96,1.3,47.38,521.81,2388.11,8148.09,8.3976,0.03,392,2388,100.0,38.98,23.3789,58
30,137,-0.0033,0.0003,100.0,518.67,642.76,1592.26,1405.53,14.62,21.61,552.86,2388.08,9054.68,1.3,47.35,521.81,2388.02,8136.45,8.4428,0.03,393,2388,100.0,38.96,23.4407,57
30,138,0.0022,-0.0004,100.0,518.67,642.74,1586.59,1411.94,14.62,21.61,553.01,2388.1,9062.87,1.3,47.58,521.51,2388.02,8142.95,8.4443,0.03,393,2388,100.0,38.76,23.3684,56
30,139,0.0011,-0.0004,100.0,518.67,642.29,1590.39,1408.71,14.62,21.61,553.44,2388.05,9060.32,1.3,47.6,521.57,2388.09,8144.41,8.4358,0.03,394,2388,100.0,38.79,23.2696,55
30,140,0.0015,-0.0003,100.0,518.67,642.09,1590.22,1401.57,14.62,21.61,553.34,2388.06,9058.2,1.3,47.39,521.49,2388.06,8138.82,8.4153,0.03,392,2388,100.0,38.87,23.361,54
30,141,-0.0011,0.0,100.0,518.67,642.54,1586.22,1402.83,14.62,21.61,554.02,2388.11,9062.92,1.3,47.48,521.42,2388.12,8139.63,8.4558,0.03,392,2388,100.0,38.88,23.3348,53
30,142,-0.0007,0.0002,100.0,518.67,642.61,1583.32,1409.76,14.62,21.61,553.47,2388.16,9060.62,1.3,47.52,521.68,2388.11,8144.54,8.4723,0.03,394,2388,100.0,38.81,23.3449,52
30,143,0.0005,0.0001,100.0,518.67,642.51,1590.92,1410.08,14.62,21.61,553.43,2388.04,9056.86,1.3,47.5,521.42,2388.08,8138.19,8.3969,0.03,393,2388,100.0,38.97,23.3814,51
30,144,0.0045,-0.0002,100.0,518.67,642.45,1592.41,1405.23,14.62,21.61,553.39,2388.1,9065.14,1.3,47.53,521.6,2388.1,8138.21,8.4475,0.03,394,2388,100.0,38.7,23.384,50
30,145,-0.0028,-0.0002,100.0,518.67,642.42,1593.25,1409.11,14.62,21.61,553.32,2388.08,9062.42,1.3,47.41,521.23,2388.13,8136.7,8.4658,0.03,393,2388,100.0,38.87,23.2412,49
30,146,-0.0024,-0.0002,100.0,518.67,642.44,1592.71,1405.58,14.62,21.61,553.71,2388.12,9065.44,1.3,47.54,521.57,2388.07,8131.83,8.4606,0.03,393,2388,100.0,38.8,23.2319,48
30,147,0.0001,-0.0002,100.0,518.67,642.05,1591.29,1413.02,14.62,21.61,554.01,2388.11,9058.34,1.3,47.52,521.02,2388.04,8141.09,8.4407,0.03,394,2388,100.0,38.76,23.3498,47
30,148,0.0025,0.0003,100.0,518.67,643.01,1587.19,1415.8,14.62,21.61,553.42,2388.11,9053.82,1.3,47.57,521.21,2388.12,8141.43,8.4307,0.03,394,2388,100.0,38.8,23.2313,46
30,149,-0.0011,-0.0002,100.0,518.67,642.37,1591.14,1407.63,14.62,21.61,552.87,2388.07,9055.04,1.3,47.38,521.72,2388.15,8140.33,8.4151,0.03,392,2388,100.0,38.74,23.354,45
30,150,0.0035,0.0001,100.0,518.67,642.62,1590.33,1411.98,14.62,21.61,553.36,2388.16,9060.0,1.3,47.64,521.03,2388.1,8132.5,8.4593,0.03,394,2388,100.0,38.97,23.2037,44
30,151,0.0028,0.0,100.0,518.67,642.65,1590.11,1410.16,14.62,21.61,553.14,2388.07,9064.54,1.3,47.6,521.1,2388.07,8140.68,8.4347,0.03,394,2388,100.0,38.75,23.1521,43
30,152,-0.0023,-0.0001,100.0,518.67,642.54,1590.7,1409.7,14.62,21.61,553.18,2388.13,9058.32,1.3,47.79,521.32,2388.08,8141.4,8.4349,0.03,394,2388,100.0,38.74,23.2894,42
30,153,0.0001,-0.0001,100.0,518.67,642.89,1593.52,1417.0,14.62,21.61,553.86,2388.13,9060.56,1.3,47.44,520.85,2388.11,8132.47,8.4373,0.03,394,2388,100.0,38.72,23.1734,41
30,154,-0.0022,-0.0003,100.0,518.67,642.55,1587.3,1406.04,14.62,21.61,553.21,2388.15,9060.98,1.3,47.64,521.31,2388.12,8134.99,8.4326,0.03,393,2388,100.0,38.82,23.2581,40
30,155,-0.0014,-0.0004,100.0,518.67,642.92,1593.63,1404.65,14.62,21.61,553.26,2388.15,9058.46,1.3,47.58,521.34,2388.1,8136.12,8.4767,0.03,394,2388,100.0,39.08,23.2471,39
30,156,0.0024,0.0003,100.0,518.67,642.34,1586.8,1402.97,14.62,21.61,553.45,2388.12,9060.81,1.3,47.82,520.92,2388.13,8136.61,8.4352,0.03,393,2388,100.0,38.86,23.2616,38
30,157,-0.0006,0.0003,100.0,518.67,642.61,1595.7,1406.4,14.62,21.61,553.35,2388.13,9058.52,1.3,47.58,520.86,2388.16,8135.51,8.4695,0.03,393,2388,100.0,38.73,23.2119,37
30,158,0.0025,-0.0,100.0,518.67,642.9,1594.27,1416.24,14.62,21.61,553.17,2388.13,9057.01,1.3,47.61,521.57,2388.19,8135.07,8.4396,0.03,394,2388,100.0,38.73,23.2411,36
30,159,0.0012,0.0002,100.0,518.67,643.07,1597.02,1412.94,14.62,21.61,552.53,2388.13,9053.09,1.3,47.5,521.12,2388.13,8131.48,8.4338,0.03,396,2388,100.0,38.73,23.1997,35
30,160,0.0021,0.0002,100.0,518.67,642.93,1597.49,1416.64,14.62,21.61,553.61,2388.14,9060.17,1.3,47.48,520.71,2388.13,8137.93,8.5068,0.03,394,2388,100.0,38.89,23.2727,34
30,161,-0.0035,-0.0002,100.0,518.67,642.45,1598.89,1415.27,14.62,21.61,553.0,2388.18,9055.47,1.3,47.59,520.99,2388.12,8138.03,8.4597,0.03,394,2388,100.0,38.69,23.16,33
30,162,-0.0023,0.0002,100.0,518.67,642.32,1594.88,1412.51,14.62,21.61,552.77,2388.12,9058.14,1.3,47.62,520.97,2388.2,8137.11,8.4557,0.03,392,2388,100.0,38.63,23.2997,32
30,163,-0.0015,0.0003,100.0,518.67,642.64,1599.86,1410.54,14.62,21.61,552.34,2388.14,9057.36,1.3,47.69,521.01,2388.18,8135.16,8.4717,0.03,392,2388,100.0,38.82,23.2873,31
30,164,0.0002,-0.0003,100.0,518.67,642.93,1592.68,1418.13,14.62,21.61,552.66,2388.18,9059.48,1.3,47.77,520.82,2388.15,8137.57,8.4624,0.03,394,2388,100.0,38.83,23.2539,30
30,165,0.0034,0.0003,100.0,518.67,642.94,1592.27,1414.8,14.62,21.61,552.97,2388.12,9046.45,1.3,47.71,521.07,2388.12,8132.01,8.4374,0.03,395,2388,100.0,38.66,23.1558,29
30,166,-0.0035,-0.0002,100.0,518.67,643.19,1594.47,1405.06,14.62,21.61,552.11,2388.11,9054.68,1.3,47.69,521.27,2388.16,8134.12,8.453,0.03,394,2388,100.0,38.63,23.3154,28
30,167,0.0022,0.0005,100.0,518.67,642.6,1590.69,1418.89,14.62,21.61,553.04,2388.14,9052.43,1.3,47.75,520.91,2388.1,8130.41,8.482,0.03,393,2388,100.0,38.76,23.3618,27
30,168,0.0029,-0.0001,100.0,518.67,643.22,1593.18,1409.51,14.62,21.61,552.46,2388.15,9049.28,1.3,47.86,520.7,2388.22,8136.44,8.4309,0.03,395,2388,100.0,38.83,23.2764,26
30,169,-0.0003,-0.0005,100.0,518.67,642.78,1593.76,1416.89,14.62,21.61,552.69,2388.25,9054.99,1.3,47.61,520.85,2388.21,8133.76,8.4441,0.03,396,2388,100.0,38.68,23.1873,25
30,170,0.0018,-0.0003,100.0,518.67,643.23,1591.67,1413.31,14.62,21.61,552.48,2388.15,9063.22,1.3,47.81,521.12,2388.19,8132.8,8.4651,0.03,393,2388,100.0,38.48,23.1442,24
30,171,0.0011,-0.0005,100.0,518.67,642.97,1596.9,1418.05,14.62,21.61,552.6,2388.19,9048.73,1.3,47.62,521.02,2388.12,8130.42,8.4728,0.03,394,2388,100.0,38.65,23.1261,23
30,172,0.0009,-0.0003,100.0,518.67,643.27,1588.64,1416.87,14.62,21.61,552.59,2388.19,9057.89,1.3,47.71,521.3,2388.2,8128.04,8.4821,0.03,394,2388,100.0,38.8,23.2791,22
30,173,0.0015,0.0002,100.0,518.67,643.05,1588.62,1420.56,14.62,21.61,552.13,2388.2,9052.17,1.3,47.87,520.78,2388.27,8134.3,8.4934,0.03,395,2388,100.0,38.69,23.1842,21
30,174,0.0013,0.0003,100.0,518.67,643.64,1588.97,1419.27,14.62,21.61,551.94,2388.2,9055.73,1.3,47.88,520.43,2388.2,8130.57,8.4688,0.03,393,2388,100.0,38.57,23.257,20
30,175,0.0002,-0.0002,100.0,518.67,642.68,1593.68,1418.61,14.62,21.61,552.44,2388.15,9057.8,1.3,47.86,519.81,2388.17,8128.02,8.5048,0.03,394,2388,100.0,38.66,23.1409,19
30,176,0.003,-0.0003,100.0,518.67,643.13,1594.82,1420.87,14.62,21.61,552.03,2388.25,9056.14,1.3,48.0,520.56,2388.21,8133.02,8.4569,0.03,394,2388,100.0,38.67,23.0812,18
30,177,0.0001,-0.0002,100.0,518.67,642.84,1594.17,1418.86,14.62,21.61,553.03,2388.25,9055.25,1.3,47.94,519.74,2388.18,8124.54,8.4652,0.03,395,2388,100.0,38.68,23.1291,17
30,178,0.0009,0.0001,100.0,518.67,642.92,1596.34,1418.78,14.62,21.61,551.75,2388.14,9056.49,1.3,48.0,520.6,2388.17,8131.07,8.4717,0.03,394,2388,100.0,38.55,23.2355,16
30,179,-0.0042,0.0004,100.0,518.67,643.75,1594.22,1419.01,14.62,21.61,552.85,2388.12,9061.87,1.3,47.92,520.72,2388.19,8130.8,8.475,0.03,394,2388,100.0,38.67,23.1937,15
30,180,0.0006,-0.0003,100.0,518.67,643.36,1593.48,1427.11,14.62,21.61,552.0,2388.23,9045.55,1.3,48.0,519.93,2388.2,8130.47,8.464,0.03,393,2388,100.0,38.58,23.2488,14
30,181,0.0005,0.0004,100.0,518.67,643.27,1600.72,1420.74,14.62,21.61,551.41,2388.18,9054.9,1.3,47.81,520.71,2388.18,8127.81,8.4716,0.03,395,2388,100.0,38.5,23.1706,13
30,182,-0.0005,0.0004,100.0,518.67,643.72,1600.24,1420.71,14.62,21.61,552.3,2388.25,9053.48,1.3,48.13,520.33,2388.2,8128.47,8.5077,0.03,396,2388,100.0,38.51,23.2195,12
30,183,0.0005,0.0,100.0,518.67,643.87,1602.57,1412.64,14.62,21.61,552.33,2388.22,9054.52,1.3,47.93,520.01,2388.21,8128.09,8.5284,0.03,394,2388,100.0,38.57,23.1144,11
30,184,-0.0021,0.0001,100.0,518.67,643.41,1603.89,1424.56,14.62,21.61,552.44,2388.24,9055.41,1.3,47.95,520.08,2388.18,8127.93,8.5278,0.03,395,2388,100.0,38.55,23.0789,10
30,185,-0.0014,-0.0003,100.0,518.67,643.0,1598.5,1431.53,14.62,21.61,551.79,2388.28,9050.22,1.3,47.9,519.83,2388.22,8126.35,8.4843,0.03,395,2388,100.0,38.57,23.133,9
30,186,-0.0009,-0.0001,100.0,518.67,643.26,1594.24,1426.02,14.62,21.61,552.09,2388.25,9056.84,1.3,47.95,519.74,2388.19,8124.15,8.5004,0.03,395,2388,100.0,38.49,23.2516,8
30,187,0.0016,-0.0,100.0,518.67,643.33,1599.63,1427.59,14.62,21.61,551.12,2388.29,9048.77,1.3,48.1,519.88,2388.3,8117.48,8.4856,0.03,394,2388,100.0,38.63,23.0802,7
30,188,-0.0002,-0.0002,100.0,518.67,643.42,1596.46,1431.49,14.62,21.61,551.75,2388.25,9055.32,1.3,48.0,520.5,2388.28,8123.25,8.4991,0.03,397,2388,100.0,38.47,23.1048,6
30,189,-0.0006,-0.0002,100.0,518.67,643.46,1600.32,1425.35,14.62,21.61,551.17,2388.22,9049.57,1.3,47.99,519.74,2388.28,8119.92,8.5502,0.03,396,2388,100.0,38.45,23.127,5
30,190,0.0002,0.0001,100.0,518.67,643.8,1601.46,1423.61,14.62,21.61,551.75,2388.21,9046.62,1.3,48.05,519.91,2388.31,8127.39,8.5077,0.03,397,2388,100.0,38.53,23.1087,4
30,191,-0.0026,0.0001,100.0,518.67,643.72,1603.55,1423.84,14.62,21.61,551.62,2388.29,9049.47,1.3,48.06,519.68,2388.27,8118.84,8.5266,0.03,394,2388,100.0,38.5,23.0123,3
30,192,-0.0032,-0.0003,100.0,518.67,643.6,1604.26,1422.34,14.62,21.61,551.89,2388.28,9052.51,1.3,48.04,519.75,2388.25,8123.18,8.528,0.03,395,2388,100.0,38.5,23.0121,2
30,193,0.0026,0.0003,100.0,518.67,644.01,1595.95,1427.62,14.62,21.61,551.86,2388.25,9052.23,1.3,48.2,519.28,2388.29,8126.56,8.5148,0.03,395,2388,100.0,38.44,22.9821,1
30,194,0.0003,0.0005,100.0,518.67,643.34,1604.03,1441.49,14.62,21.61,551.1,2388.32,9050.0,1.3,48.17,519.22,2388.3,8118.21,8.5298,0.03,396,2388,100.0,38.24,23.1925,0
31,1,-0.0009,-0.0,100.0,518.67,642.32,1582.38,1393.03,14.62,21.61,554.79,2388.05,9058.68,1.3,47.19,522.25,2387.99,8138.73,8.4135,0.03,392,2388,100.0,39.02,23.4287,233
31,2,-0.0005,-0.0003,100.0,518.67,642.49,1584.07,1394.01,14.62,21.61,554.15,2388.02,9059.34,1.3,47.31,522.46,2388.02,8140.24,8.3995,0.03,393,2388,100.0,39.01,23.4805,232
31,3,0.0029,-0.0002,100.0,518.67,642.49,1585.07,1394.99,14.62,21.61,554.23,2388.0,9055.34,1.3,47.1,522.68,2388.01,8140.79,8.4159,0.03,391,2388,100.0,39.05,23.3977,231
31,4,-0.0037,-0.0002,100.0,518.67,642.21,1572.4,1394.07,14.62,21.61,554.77,2388.0,9046.9,1.3,47.19,522.76,2388.01,8136.16,8.4232,0.03,391,2388,100.0,39.02,23.3805,230
31,5,-0.0011,0.0005,100.0,518.67,641.84,1584.77,1396.82,14.62,21.61,554.84,2388.03,9059.21,1.3,47.29,522.84,2388.02,8139.68,8.3922,0.03,393,2388,100.0,39.11,23.3663,229
31,6,-0.0003,-0.0003,100.0,518.67,642.48,1582.5,1398.27,14.62,21.61,554.74,2387.99,9061.88,1.3,47.3,522.14,2387.99,8136.34,8.3867,0.03,391,2388,100.0,38.97,23.5206,228
31,7,-0.0031,0.0005,100.0,518.67,642.3,1584.57,1405.87,14.62,21.61,554.9,2388.01,9054.53,1.3,47.23,522.44,2388.0,8132.69,8.3756,0.03,391,2388,100.0,39.1,23.3069,227
31,8,0.0032,-0.0002,100.0,518.67,642.32,1586.33,1401.08,14.62,21.61,554.08,2388.06,9067.5,1.3,47.03,522.37,2387.98,8141.14,8.3977,0.03,391,2388,100.0,38.97,23.4163,226
31,9,0.0037,-0.0001,100.0,518.67,641.84,1585.09,1402.92,14.62,21.61,554.09,2387.97,9055.05,1.3,47.21,521.9,2387.98,8133.34,8.3894,0.03,391,2388,100.0,38.9,23.4756,225
31,10,-0.0027,-0.0001,100.0,518.67,642.64,1595.07,1399.16,14.62,21.61,554.44,2388.01,9053.89,1.3,47.02,522.29,2388.02,8137.21,8.3873,0.03,389,2388,100.0,39.12,23.469,224
31,11,0.0013,0.0002,100.0,518.67,642.17,1579.12,1399.42,14.62,21.61,554.43,2387.98,9055.09,1.3,47.15,522.24,2388.01,8139.73,8.3832,0.03,392,2388,100.0,39.12,23.4295,223
31,12,-0.0009,0.0003,100.0,518.67,642.18,1579.01,1394.44,14.62,21.61,554.3,2387.99,9057.49,1.3,47.17,522.12,2388.01,8139.59,8.4032,0.03,390,2388,100.0,39.0,23.4151,222
31,13,0.0042,-0.0001,100.0,518.67,642.06,1581.71,1397.1,14.62,21.61,554.25,2388.01,9059.26,1.3,47.23,522.66,2388.06,8140.13,8.3956,0.03,393,2388,100.0,38.89,23.5862,221
31,14,-0.003,0.0001,100.0,518.67,641.66,1587.61,1398.61,14.62,21.61,554.4,2388.01,9057.46,1.3,47.31,522.8,2387.99,8140.72,8.3706,0.03,391,2388,100.0,38.99,23.4726,220
31,15,0.0011,0.0001,100.0,518.67,642.49,1583.13,1391.64,14.62,21.61,554.4,2388.04,9057.39,1.3,47.19,522.33,2388.02,8135.72,8.3784,0.03,392,2388,100.0,39.06,23.4839,219
31,16,0.0013,-0.0,100.0,518.67,641.65,1585.84,1398.7,14.62,21.61,554.72,2388.0,9049.27,1.3,47.04,522.21,2388.02,8142.44,8.3947,0.03,392,2388,100.0,38.94,23.3974,218
31,17,-0.0027,0.0005,100.0,518.67,642.13,1582.29,1401.29,14.62,21.61,554.0,2388.04,9054.63,1.3,47.11,522.56,2388.03,8133.96,8.4062,0.03,392,2388,100.0,39.11,23.3932,217
31,18,0.0019,0.0004,100.0,518.67,641.76,1589.63,1392.85,14.62,21.61,553.69,2388.04,9054.25,1.3,47.06,522.75,2388.03,8134.16,8.4117,0.03,393,2388,100.0,39.02,23.5791,216
31,19,-0.0011,0.0,100.0,518.67,642.18,1587.07,1399.25,14.62,21.61,554.14,2388.01,9055.95,1.3,47.32,522.08,2388.01,8135.21,8.4282,0.03,389,2388,100.0,39.03,23.4234,215
31,20,0.0009,-0.0003,100.0,518.67,642.16,1592.08,1397.95,14.62,21.61,554.36,2388.05,9057.86,1.3,47.14,521.89,2388.03,8138.31,8.371,0.03,393,2388,100.0,39.08,23.476,214
31,21,-0.0041,-0.0003,100.0,518.67,642.43,1590.86,1405.43,14.62,21.61,554.3,2388.01,9057.22,1.3,47.09,521.99,2388.05,8137.42,8.4408,0.03,392,2388,100.0,39.01,23.4254,213
31,22,-0.0,0.0005,100.0,518.67,642.41,1585.3,1395.91,14.62,21.61,554.1,2387.97,9059.15,1.3,47.2,522.0,2388.0,8139.19,8.3647,0.03,390,2388,100.0,39.07,23.3529,212
31,23,-0.0003,0.0001,100.0,518.67,642.13,1583.72,1398.73,14.62,21.61,554.09,2387.99,9049.36,1.3,47.45,522.33,2387.97,8142.07,8.3973,0.03,392,2388,100.0,39.07,23.4756,211
31,24,-0.0009,0.0003,100.0,518.67,642.02,1583.53,1400.11,14.62,21.61,554.34,2388.04,9054.41,1.3,47.01,522.85,2388.01,8138.91,8.3842,0.03,391,2388,100.0,39.05,23.4339,210
31,25,-0.0001,0.0003,100.0,518.67,641.81,1587.24,1395.24,14.62,21.61,555.03,2388.05,9053.45,1.3,47.3,521.68,2387.98,8140.76,8.4043,0.03,392,2388,100.0,38.93,23.3552,209
31,26,-0.0034,0.0005,100.0,518.67,642.49,1588.89,1394.61,14.62,21.61,554.05,2388.05,9057.32,1.3,47.16,522.33,2387.94,8136.26,8.4098,0.03,393,2388,100.0,38.83,23.4585,208
31,27,0.0007,0.0,100.0,518.67,641.97,1586.29,1395.12,14.62,21.61,554.79,2388.02,9060.61,1.3,47.26,522.39,2387.97,8141.44,8.3659,0.03,390,2388,100.0,38.92,23.3088,207
31,28,-0.0014,-0.0002,100.0,518.67,641.82,1584.33,1395.34,14.62,21.61,554.39,2387.96,9051.49,1.3,47.24,521.92,2387.98,8138.33,8.4182,0.03,392,2388,100.0,38.99,23.3738,206
31,29,0.0015,0.0004,100.0,518.67,642.75,1582.95,1397.95,14.62,21.6,553.71,2388.0,9056.69,1.3,47.25,522.83,2388.01,8140.99,8.4084,0.03,390,2388,100.0,39.13,23.4073,205
31,30,0.0012,0.0003,100.0,518.67,642.43,1584.37,1402.39,14.62,21.61,554.6,2388.08,9060.37,1.3,47.25,521.85,2388.0,8136.63,8.4189,0.03,391,2388,100.0,38.82,23.263,204
31,31,0.0,0.0005,100.0,518.67,642.43,1585.58,1398.84,14.62,21.61,554.62,2388.0,9057.53,1.3,47.15,522.64,2388.0,8140.67,8.3931,0.03,393,2388,100.0,38.92,23.4831,203
31,32,-0.0033,-0.0004,100.0,518.67,642.07,1583.16,1393.16,14.62,21.6,554.65,2388.05,9059.82,1.3,47.41,522.22,2388.0,8140.07,8.4297,0.03,392,2388,100.0,38.99,23.4403,202
31,33,0.0017,0.0004,100.0,518.67,642.6,1589.24,1401.33,14.62,21.61,554.16,2388.05,9060.87,1.3,47.07,522.68,2388.03,8141.31,8.4018,0.03,392,2388,100.0,38.92,23.4052,201
31,34,0.0012,-0.0003,100.0,518.67,642.08,1588.91,1399.33,14.62,21.61,555.31,2388.0,9050.68,1.3,47.11,522.17,2388.05,8144.41,8.4,0.03,391,2388,100.0,39.13,23.4073,200
31,35,-0.002,0.0003,100.0,518.67,642.63,1589.74,1399.15,14.62,21.61,554.26,2388.06,9053.42,1.3,47.3,522.31,2388.06,8138.96,8.416,0.03,392,2388,100.0,39.0,23.5561,199
31,36,0.0022,-0.0003,100.0,518.67,642.26,1575.27,1397.59,14.62,21.61,554.97,2388.04,9049.85,1.3,47.37,522.35,2388.04,8134.19,8.4196,0.03,392,2388,100.0,39.09,23.4543,198
31,37,-0.0003,-0.0003,100.0,518.67,641.53,1588.56,1395.54,14.62,21.61,554.72,2387.99,9054.71,1.3,47.06,522.01,2388.03,8136.76,8.3852,0.03,393,2388,100.0,38.93,23.4069,197
31,38,0.0016,-0.0004,100.0,518.67,642.27,1585.97,1400.07,14.62,21.61,554.72,2387.98,9060.69,1.3,47.07,522.86,2388.03,8141.31,8.3874,0.03,391,2388,100.0,38.91,23.4678,196
31,39,-0.0001,-0.0,100.0,518.67,642.16,1582.17,1395.41,14.62,21.61,554.48,2388.01,9053.07,1.3,47.26,522.41,2388.0,8137.55,8.4151,0.03,392,2388,100.0,39.02,23.5421,195
31,40,0.0028,0.0001,100.0,518.67,642.61,1583.26,1397.76,14.62,21.6,553.67,2387.98,9056.09,1.3,47.1,522.16,2387.98,8141.46,8.3976,0.03,390,2388,100.0,38.87,23.403,194
31,41,-0.0012,-0.0,100.0,518.67,641.87,1586.7,1396.71,14.62,21.6,553.96,2388.09,9059.83,1.3,47.2,522.42,2388.04,8134.72,8.3995,0.03,392,2388,100.0,39.11,23.4224,193
31,42,-0.0026,-0.0003,100.0,518.67,642.09,1581.83,1399.34,14.62,21.61,555.28,2387.97,9057.89,1.3,47.22,521.92,2387.96,8142.58,8.392,0.03,392,2388,100.0,39.04,23.3833,192
31,43,-0.0012,0.0003,100.0,518.67,641.5,1577.74,1394.51,14.62,21.61,554.17,2388.0,9059.11,1.3,47.06,521.95,2388.03,8132.31,8.3855,0.03,391,2388,100.0,38.96,23.413,191
31,44,-0.0012,-0.0003,100.0,518.67,642.27,1584.28,1391.16,14.62,21.61,554.36,2388.04,9051.2,1.3,47.13,522.09,2388.01,8133.31,8.3587,0.03,392,2388,100.0,38.87,23.4417,190
31,45,-0.0017,0.0004,100.0,518.67,641.91,1588.78,1404.39,14.62,21.61,554.2,2388.0,9058.85,1.3,47.07,522.25,2388.03,8141.85,8.4147,0.03,390,2388,100.0,39.13,23.45,189
31,46,-0.0013,0.0005,100.0,518.67,642.67,1579.99,1395.96,14.62,21.61,554.25,2387.99,9059.75,1.3,47.12,522.28,2388.03,8138.42,8.3972,0.03,390,2388,100.0,39.22,23.4009,188
31,47,-0.0036,-0.0003,100.0,518.67,642.16,1586.8,1396.91,14.62,21.6,554.53,2388.02,9057.24,1.3,47.23,522.3,2388.03,8142.75,8.3637,0.03,393,2388,100.0,39.0,23.4342,187
31,48,-0.007,-0.0004,100.0,518.67,642.16,1582.58,1398.43,14.62,21.61,555.04,2388.02,9053.91,1.3,47.3,522.53,2387.97,8138.96,8.4014,0.03,394,2388,100.0,39.07,23.5247,186
31,49,-0.0013,-0.0002,100.0,518.67,642.35,1576.11,1398.33,14.62,21.61,554.02,2388.04,9054.19,1.3,47.04,522.54,2387.98,8141.86,8.3911,0.03,394,2388,100.0,39.11,23.4696,185
31,50,0.0007,0.0004,100.0,518.67,642.5,1587.31,1404.68,14.62,21.6,554.5,2388.01,9049.55,1.3,47.27,522.24,2388.01,8138.66,8.3969,0.03,391,2388,100.0,39.07,23.5154,184
31,51,-0.003,0.0004,100.0,518.67,642.49,1587.64,1403.08,14.62,21.61,554.32,2387.98,9049.21,1.3,47.16,521.86,2388.01,8138.28,8.4113,0.03,393,2388,100.0,39.12,23.3379,183
31,52,0.0001,0.0004,100.0,518.67,642.27,1583.5,1394.1,14.62,21.61,554.62,2387.95,9065.9,1.3,47.29,522.31,2388.0,8140.29,8.3646,0.03,390,2388,100.0,39.2,23.4843,182
31,53,0.0009,-0.0003,100.0,518.67,642.11,1591.74,1406.84,14.62,21.61,553.97,2388.06,9061.54,1.3,47.23,522.3,2387.99,8140.83,8.4042,0.03,391,2388,100.0,38.99,23.4381,181
31,54,-0.0018,0.0004,100.0,518.67,641.7,1581.44,1397.18,14.62,21.61,554.57,2388.02,9057.25,1.3,47.33,522.19,2388.04,8140.84,8.4005,0.03,392,2388,100.0,38.98,23.4706,180
31,55,-0.0011,0.0003,100.0,518.67,642.27,1577.19,1396.34,14.62,21.61,553.59,2388.05,9051.68,1.3,47.13,522.04,2388.04,8133.8,8.4091,0.03,392,2388,100.0,38.91,23.4684,179
31,56,0.0008,0.0,100.0,518.67,642.32,1582.58,1396.36,14.62,21.61,554.67,2387.99,9055.52,1.3,47.21,522.78,2387.95,8139.85,8.4156,0.03,393,2388,100.0,39.01,23.4246,178
31,57,0.0001,-0.0001,100.0,518.67,642.04,1580.68,1396.08,14.62,21.61,555.23,2388.06,9053.23,1.3,47.11,522.42,2387.98,8142.32,8.4029,0.03,393,2388,100.0,39.22,23.4429,177
31,58,0.0006,0.0005,100.0,518.67,642.39,1590.24,1398.19,14.62,21.61,554.7,2388.05,9053.09,1.3,47.17,522.32,2388.02,8141.27,8.4052,0.03,393,2388,100.0,39.11,23.3814,176
31,59,-0.0003,0.0004,100.0,518.67,642.71,1584.82,1395.32,14.62,21.61,554.41,2388.01,9056.26,1.3,47.36,522.2,2388.01,8141.39,8.3941,0.03,393,2388,100.0,38.99,23.4277,175
31,60,0.0014,-0.0004,100.0,518.67,641.79,1580.03,1397.52,14.62,21.61,554.71,2388.08,9055.6,1.3,47.25,522.35,2388.05,8141.28,8.4057,0.03,393,2388,100.0,39.02,23.5239,174
31,61,-0.0015,-0.0004,100.0,518.67,642.03,1584.42,1400.26,14.62,21.6,554.15,2387.98,9055.27,1.3,47.19,522.25,2388.0,8143.3,8.3946,0.03,391,2388,100.0,38.98,23.4154,173
31,62,0.0009,-0.0,100.0,518.67,642.37,1581.94,1400.59,14.62,21.61,554.49,2387.98,9053.13,1.3,47.33,522.38,2388.03,8137.91,8.4107,0.03,391,2388,100.0,38.94,23.3159,172
31,63,0.0002,0.0,100.0,518.67,642.51,1583.2,1404.25,14.62,21.61,554.65,2388.03,9053.81,1.3,47.3,522.08,2388.1,8140.65,8.4201,0.03,392,2388,100.0,39.22,23.4375,171
31,64,-0.0014,-0.0001,100.0,518.67,641.93,1578.34,1394.57,14.62,21.6,553.74,2388.01,9060.72,1.3,47.25,521.88,2388.11,8139.69,8.3898,0.03,392,2388,100.0,39.06,23.4081,170
31,65,0.0006,0.0005,100.0,518.67,642.06,1580.85,1402.65,14.62,21.61,554.97,2388.01,9059.01,1.3,47.2,522.31,2388.03,8138.9,8.4168,0.03,392,2388,100.0,38.9,23.4173,169
31,66,0.0002,-0.0005,100.0,518.67,642.3,1587.25,1401.11,14.62,21.61,554.17,2387.99,9064.4,1.3,47.32,522.39,2388.05,8146.49,8.403,0.03,391,2388,100.0,38.93,23.4114,168
31,67,0.0016,-0.0004,100.0,518.67,641.83,1585.17,1402.06,14.62,21.61,554.84,2388.0,9061.78,1.3,47.14,522.41,2388.02,8145.25,8.4404,0.03,392,2388,100.0,39.04,23.4479,167
31,68,-0.0006,0.0001,100.0,518.67,642.51,1580.51,1401.55,14.62,21.61,554.1,2388.1,9062.01,1.3,47.2,521.56,2388.01,8140.54,8.3873,0.03,390,2388,100.0,38.91,23.5005,166
31,69,-0.0022,0.0005,100.0,518.67,642.15,1589.08,1402.87,14.62,21.61,554.78,2388.04,9048.6,1.3,47.28,522.33,2388.04,8137.07,8.3597,0.03,391,2388,100.0,39.08,23.462,165
31,70,-0.0017,-0.0002,100.0,518.67,641.95,1578.36,1390.86,14.62,21.61,554.37,2388.04,9058.4,1.3,47.37,522.48,2388.07,8143.0,8.3843,0.03,391,2388,100.0,39.07,23.4163,164
31,71,0.0017,-0.0002,100.0,518.67,642.24,1583.58,1389.59,14.62,21.61,553.74,2388.08,9057.16,1.3,47.31,522.85,2388.01,8141.48,8.3745,0.03,390,2388,100.0,39.06,23.3219,163
31,72,-0.001,0.0001,100.0,518.67,642.09,1586.63,1394.39,14.62,21.61,554.58,2388.05,9052.4,1.3,47.21,522.35,2387.99,8139.29,8.4163,0.03,393,2388,100.0,38.87,23.4494,162
31,73,0.0013,-0.0,100.0,518.67,642.25,1590.14,1401.52,14.62,21.61,554.53,2388.02,9060.66,1.3,47.29,522.1,2387.95,8140.92,8.3996,0.03,390,2388,100.0,39.08,23.3939,161
31,74,-0.0018,-0.0004,100.0,518.67,642.3,1580.25,1398.63,14.62,21.61,554.93,2388.02,9062.01,1.3,47.36,522.05,2387.96,8138.76,8.4138,0.03,393,2388,100.0,38.98,23.3986,160
31,75,-0.0061,-0.0004,100.0,518.67,642.07,1582.09,1403.33,14.62,21.61,554.09,2388.03,9044.83,1.3,47.58,521.66,2388.05,8140.32,8.398,0.03,393,2388,100.0,39.17,23.3992,159
31,76,0.0022,-0.0,100.0,518.67,642.13,1584.29,1401.17,14.62,21.61,554.17,2388.06,9057.23,1.3,47.15,522.24,2388.09,8140.49,8.4217,0.03,391,2388,100.0,38.97,23.3696,158
31,77,-0.0024,-0.0002,100.0,518.67,642.1,1582.16,1397.17,14.62,21.61,553.97,2388.04,9058.22,1.3,47.25,521.94,2388.02,8132.2,8.4135,0.03,392,2388,100.0,39.04,23.3315,157
31,78,0.0027,-0.0003,100.0,518.67,642.55,1584.71,1397.01,14.62,21.61,553.76,2388.03,9062.0,1.3,47.3,522.17,2388.09,8141.35,8.3719,0.03,392,2388,100.0,39.01,23.3907,156
31,79,0.0034,-0.0002,100.0,518.67,642.24,1583.94,1399.87,14.62,21.61,554.71,2388.04,9056.32,1.3,47.16,521.93,2387.99,8138.69,8.3815,0.03,391,2388,100.0,38.98,23.4214,155
31,80,0.0025,-0.0003,100.0,518.67,642.36,1589.73,1399.27,14.62,21.61,554.34,2388.03,9056.46,1.3,47.21,522.08,2388.03,8140.97,8.3977,0.03,391,2388,100.0,38.8,23.3383,154
31,81,-0.0022,-0.0004,100.0,518.67,642.16,1586.86,1397.11,14.62,21.61,554.44,2388.01,9052.36,1.3,47.32,522.2,2388.0,8140.48,8.4083,0.03,395,2388,100.0,39.08,23.3733,153
31,82,0.0031,-0.0004,100.0,518.67,642.4,1586.49,1403.04,14.62,21.6,553.41,2388.01,9049.36,1.3,47.3,521.43,2388.0,8144.57,8.4063,0.03,393,2388,100.0,39.07,23.4354,152
31,83,-0.0031,0.0002,100.0,518.67,642.13,1586.11,1398.99,14.62,21.61,554.18,2388.01,9056.86,1.3,47.37,521.92,2388.03,8139.89,8.4442,0.03,393,2388,100.0,38.95,23.4576,151
31,84,-0.0001,-0.0004,100.0,518.67,642.27,1583.84,1396.03,14.62,21.61,554.39,2388.05,9059.83,1.3,47.27,522.38,2388.02,8138.92,8.3898,0.03,393,2388,100.0,38.84,23.3944,150
31,85,0.002,-0.0,100.0,518.67,641.96,1584.79,1398.88,14.62,21.61,554.45,2388.03,9059.34,1.3,47.26,522.55,2388.03,8144.85,8.3892,0.03,390,2388,100.0,39.05,23.4604,149
31,86,-0.0001,-0.0002,100.0,518.67,641.84,1581.38,1396.55,14.62,21.61,554.64,2388.01,9060.45,1.3,47.4,522.51,2388.06,8140.54,8.4166,0.03,391,2388,100.0,38.85,23.2815,148
31,87,0.0014,0.0001,100.0,518.67,642.06,1582.91,1397.71,14.62,21.61,554.85,2388.01,9057.86,1.3,47.34,521.77,2388.02,8135.4,8.4112,0.03,392,2388,100.0,38.8,23.3901,147
31,88,-0.0036,0.0002,100.0,518.67,642.44,1584.18,1400.34,14.62,21.61,554.48,2388.04,9058.58,1.3,47.28,522.18,2388.06,8139.15,8.395,0.03,394,2388,100.0,39.13,23.4183,146
31,89,0.0004,0.0003,100.0,518.67,642.12,1585.38,1403.75,14.62,21.61,553.96,2388.04,9059.74,1.3,47.25,522.67,2388.01,8136.24,8.4133,0.03,393,2388,100.0,39.13,23.4733,145
31,90,-0.0004,-0.0003,100.0,518.67,642.58,1580.59,1404.03,14.62,21.61,553.75,2388.0,9051.58,1.3,47.26,521.75,2388.05,8141.35,8.3926,0.03,392,2388,100.0,39.27,23.4482,144
31,91,-0.0022,0.0003,100.0,518.67,642.49,1589.4,1400.75,14.62,21.61,554.2,2388.05,9059.84,1.3,47.21,522.22,2388.03,8140.34,8.4495,0.03,393,2388,100.0,39.07,23.4234,143
31,92,-0.0044,-0.0,100.0,518.67,642.45,1591.97,1394.88,14.62,21.61,554.07,2388.04,9051.65,1.3,47.37,521.91,2388.13,8141.99,8.4121,0.03,391,2388,100.0,39.03,23.5272,142
31,93,-0.0005,0.0004,100.0,518.67,641.77,1584.84,1397.48,14.62,21.61,553.98,2388.05,9051.51,1.3,47.23,522.26,2388.04,8133.56,8.4089,0.03,390,2388,100.0,38.97,23.3959,141
31,94,0.0042,-0.0004,100.0,518.67,642.27,1592.33,1402.49,14.62,21.61,554.2,2388.0,9059.41,1.3,47.44,521.86,2388.04,8139.53,8.4134,0.03,392,2388,100.0,39.04,23.3312,140
31,95,0.0005,-0.0003,100.0,518.67,642.14,1583.63,1396.89,14.62,21.61,553.83,2387.99,9054.55,1.3,47.2,522.13,2388.04,8142.26,8.4077,0.03,392,2388,100.0,38.8,23.4486,139
31,96,0.0029,-0.0001,100.0,518.67,642.71,1576.78,1400.69,14.62,21.61,553.99,2388.07,9054.65,1.3,47.37,521.93,2388.09,8136.15,8.4311,0.03,392,2388,100.0,38.97,23.4938,138
31,97,0.0003,-0.0002,100.0,518.67,642.25,1581.34,1405.52,14.62,21.61,554.0,2388.0,9055.23,1.3,47.3,522.13,2388.04,8139.72,8.4229,0.03,391,2388,100.0,39.06,23.3329,137
31,98,-0.0019,0.0003,100.0,518.67,642.05,1588.96,1399.88,14.62,21.61,554.68,2388.01,9054.65,1.3,47.16,522.36,2388.05,8137.11,8.4126,0.03,391,2388,100.0,38.94,23.4385,136
31,99,-0.0008,0.0,100.0,518.67,642.3,1584.06,1398.71,14.62,21.61,554.68,2388.05,9064.69,1.3,47.28,522.39,2388.0,8143.29,8.4094,0.03,391,2388,100.0,38.98,23.2732,135
31,100,-0.0012,-0.0003,100.0,518.67,641.94,1582.21,1399.09,14.62,21.61,554.61,2388.05,9058.63,1.3,47.05,521.49,2388.03,8135.1,8.4277,0.03,392,2388,100.0,38.88,23.4044,134
31,101,0.0031,0.0001,100.0,518.67,642.1,1583.86,1401.44,14.62,21.6,554.52,2388.08,9055.73,1.3,47.35,521.76,2388.08,8133.5,8.3783,0.03,392,2388,100.0,38.85,23.3846,133
31,102,-0.0058,0.0004,100.0,518.67,642.16,1584.69,1402.89,14.62,21.61,553.74,2388.07,9059.28,1.3,47.45,522.31,2388.01,8137.85,8.4326,0.03,393,2388,100.0,38.98,23.4357,132
31,103,0.0009,0.0003,100.0,518.67,642.18,1586.57,1406.99,14.62,21.61,554.49,2388.02,9059.29,1.3,47.34,521.9,2388.03,8139.48,8.3977,0.03,391,2388,100.0,38.91,23.4291,131
31,104,0.0035,-0.0002,100.0,518.67,642.0,1582.16,1397.98,14.62,21.61,555.12,2388.01,9059.97,1.3,47.23,522.18,2388.0,8137.13,8.4324,0.03,390,2388,100.0,38.88,23.3485,130
31,105,0.0026,-0.0003,100.0,518.67,642.24,1588.38,1398.02,14.62,21.6,553.83,2388.03,9054.88,1.3,47.14,521.85,2388.04,8143.61,8.4088,0.03,391,2388,100.0,39.02,23.2901,129
31,106,0.0001,-0.0003,100.0,518.67,642.17,1587.18,1401.05,14.62,21.61,554.75,2388.05,9056.12,1.3,47.2,522.07,2388.07,8143.08,8.3646,0.03,392,2388,100.0,38.92,23.3532,128
31,107,0.0022,0.0005,100.0,518.67,642.26,1583.76,1399.65,14.62,21.61,554.08,2388.05,9059.05,1.3,47.26,522.01,2388.01,8141.29,8.4216,0.03,392,2388,100.0,39.1,23.3989,127
31,108,0.0006,-0.0,100.0,518.67,641.96,1581.24,1401.0,14.62,21.61,554.82,2388.07,9051.46,1.3,47.32,521.89,2388.04,8137.96,8.4162,0.03,390,2388,100.0,38.78,23.4721,126
31,109,-0.0031,0.0001,100.0,518.67,642.17,1578.66,1403.88,14.62,21.61,554.95,2388.07,9055.69,1.3,47.2,522.17,2388.03,8136.79,8.4345,0.03,393,2388,100.0,38.98,23.4442,125
31,110,0.0006,-0.0004,100.0,518.67,641.99,1587.94,1398.14,14.62,21.61,554.43,2388.0,9060.78,1.3,47.16,521.94,2388.06,8137.47,8.4513,0.03,391,2388,100.0,38.96,23.4025,124
31,111,-0.002,0.0001,100.0,518.67,642.82,1585.58,1407.75,14.62,21.61,553.91,2388.05,9057.34,1.3,47.35,522.11,2388.08,8139.48,8.4285,0.03,393,2388,100.0,38.81,23.3864,123
31,112,0.0018,0.0004,100.0,518.67,642.32,1584.73,1403.76,14.62,21.61,553.93,2388.06,9056.15,1.3,47.3,522.38,2388.04,8140.98,8.3935,0.03,391,2388,100.0,39.16,23.3309,122
31,113,0.0003,0.0,100.0,518.67,641.82,1585.36,1398.06,14.62,21.61,554.31,2388.0,9058.13,1.3,47.33,522.12,2388.06,8131.73,8.3836,0.03,393,2388,100.0,39.18,23.3139,121
31,114,-0.0007,-0.0005,100.0,518.67,642.47,1573.92,1398.89,14.62,21.61,554.7,2388.07,9058.71,1.3,47.31,522.43,2388.06,8141.55,8.3988,0.03,391,2388,100.0,39.04,23.4133,120
31,115,-0.0027,-0.0002,100.0,518.67,642.76,1591.29,1400.61,14.62,21.61,554.79,2388.06,9061.07,1.3,47.42,522.24,2388.07,8137.88,8.4209,0.03,393,2388,100.0,38.84,23.4881,119
31,116,-0.0024,-0.0004,100.0,518.67,641.89,1595.6,1408.42,14.62,21.61,554.09,2388.05,9055.25,1.3,47.34,522.08,2388.01,8141.52,8.3771,0.03,393,2388,100.0,38.93,23.3913,118
31,117,0.0007,-0.0003,100.0,518.67,642.24,1584.86,1401.82,14.62,21.61,553.89,2388.05,9058.63,1.3,47.35,522.38,2388.09,8139.19,8.4188,0.03,393,2388,100.0,38.91,23.4307,117
31,118,-0.0009,-0.0002,100.0,518.67,642.22,1585.92,1399.92,14.62,21.61,553.86,2388.04,9060.32,1.3,47.42,522.15,2388.03,8135.56,8.3992,0.03,391,2388,100.0,38.91,23.3304,116
31,119,-0.0031,0.0002,100.0,518.67,642.41,1579.35,1402.17,14.62,21.61,553.31,2388.02,9047.77,1.3,47.17,521.81,2388.11,8138.43,8.4055,0.03,393,2388,100.0,38.99,23.2714,115
31,120,0.0015,-0.0,100.0,518.67,642.42,1587.09,1402.37,14.62,21.61,554.58,2388.03,9056.19,1.3,47.27,522.13,2388.06,8139.8,8.4156,0.03,393,2388,100.0,38.68,23.5514,114
31,121,0.0057,-0.0002,100.0,518.67,641.76,1585.79,1402.34,14.62,21.61,554.01,2388.08,9054.32,1.3,47.27,521.83,2387.95,8138.64,8.4092,0.03,392,2388,100.0,39.04,23.3617,113
31,122,0.0008,0.0005,100.0,518.67,642.18,1588.45,1406.25,14.62,21.61,553.83,2388.15,9049.93,1.3,47.2,522.05,2388.02,8137.65,8.3856,0.03,391,2388,100.0,38.96,23.3398,112
31,123,0.0004,-0.0003,100.0,518.67,642.68,1585.86,1404.48,14.62,21.61,553.81,2388.05,9058.7,1.3,47.16,522.22,2387.99,8139.85,8.3936,0.03,392,2388,100.0,39.02,23.3139,111
31,124,0.001,0.0003,100.0,518.67,642.34,1584.66,1405.53,14.62,21.61,554.19,2388.07,9056.85,1.3,47.32,521.68,2388.06,8140.42,8.4203,0.03,392,2388,100.0,38.99,23.5337,110
31,125,0.0013,0.0002,100.0,518.67,641.93,1585.47,1403.84,14.62,21.61,553.38,2388.06,9050.05,1.3,47.37,521.4,2388.01,8137.92,8.4015,0.03,394,2388,100.0,39.02,23.3915,109
31,126,0.0007,0.0005,100.0,518.67,642.35,1586.36,1403.85,14.62,21.61,553.71,2388.06,9053.55,1.3,47.31,522.17,2388.04,8136.24,8.4667,0.03,392,2388,100.0,39.29,23.4391,108
31,127,-0.0001,0.0002,100.0,518.67,642.82,1586.92,1404.85,14.62,21.61,554.1,2388.01,9059.17,1.3,47.38,521.85,2388.06,8136.73,8.4483,0.03,392,2388,100.0,38.78,23.3477,107
31,128,0.0009,0.0001,100.0,518.67,642.58,1590.97,1402.36,14.62,21.61,554.42,2388.02,9059.25,1.3,47.17,522.08,2388.08,8136.52,8.4376,0.03,391,2388,100.0,38.99,23.3748,106
31,129,-0.0001,-0.0002,100.0,518.67,641.98,1588.97,1404.6,14.62,21.6,553.63,2387.99,9059.61,1.3,47.31,521.84,2388.04,8143.15,8.4003,0.03,392,2388,100.0,39.1,23.301,105
31,130,-0.0006,-0.0004,100.0,518.67,642.46,1585.58,1407.02,14.62,21.6,554.55,2388.08,9054.18,1.3,47.27,522.28,2388.06,8137.95,8.4061,0.03,392,2388,100.0,38.86,23.285,104
31,131,-0.0007,-0.0001,100.0,518.67,643.02,1581.67,1408.27,14.62,21.61,553.78,2388.05,9053.97,1.3,47.2,522.04,2388.04,8136.96,8.4122,0.03,392,2388,100.0,38.94,23.3609,103
31,132,-0.0012,-0.0002,100.0,518.67,642.51,1586.16,1398.13,14.62,21.61,554.53,2388.05,9057.29,1.3,47.51,521.92,2388.07,8136.88,8.4164,0.03,392,2388,100.0,39.06,23.3908,102
31,133,0.0008,-0.0,100.0,518.67,642.26,1588.12,1405.45,14.62,21.61,554.43,2388.08,9062.87,1.3,47.22,522.16,2388.07,8138.06,8.4393,0.03,392,2388,100.0,38.98,23.3907,101
31,134,-0.0012,0.0005,100.0,518.67,642.19,1589.83,1405.31,14.62,21.61,553.39,2388.03,9053.93,1.3,47.49,522.01,2388.06,8129.12,8.4016,0.03,394,2388,100.0,38.91,23.2717,100
31,135,-0.0058,0.0005,100.0,518.67,641.56,1590.87,1401.49,14.62,21.61,554.2,2388.08,9058.74,1.3,47.33,521.61,2388.09,8140.09,8.4031,0.03,393,2388,100.0,38.72,23.4951,99
31,136,-0.0021,-0.0,100.0,518.67,642.73,1583.42,1401.02,14.62,21.61,553.57,2388.11,9055.48,1.3,47.37,522.11,2388.11,8142.39,8.4027,0.03,394,2388,100.0,38.85,23.3925,98
31,137,-0.0057,-0.0001,100.0,518.67,642.18,1592.42,1408.51,14.62,21.61,553.23,2388.02,9053.81,1.3,47.43,522.21,2388.06,8137.45,8.4156,0.03,392,2388,100.0,39.07,23.3351,97
31,138,0.0008,-0.0001,100.0,518.67,642.62,1587.27,1404.89,14.62,21.61,554.26,2388.06,9060.34,1.3,47.47,522.37,2388.1,8141.35,8.4174,0.03,392,2388,100.0,38.89,23.2082,96
31,139,-0.0034,0.0004,100.0,518.67,642.29,1593.1,1401.78,14.62,21.61,553.62,2388.11,9055.71,1.3,47.31,521.89,2388.05,8131.82,8.4492,0.03,393,2388,100.0,39.03,23.2539,95
31,140,-0.003,-0.0003,100.0,518.67,642.47,1588.69,1403.44,14.62,21.61,554.84,2388.08,9056.63,1.3,47.51,521.52,2388.07,8129.43,8.4666,0.03,392,2388,100.0,39.01,23.2502,94
31,141,0.0005,-0.0001,100.0,518.67,642.58,1591.87,1398.14,14.62,21.61,553.95,2388.09,9053.6,1.3,47.42,522.5,2388.06,8140.13,8.4442,0.03,390,2388,100.0,38.91,23.2488,93
31,142,0.0022,-0.0002,100.0,518.67,642.44,1587.55,1404.11,14.62,21.61,554.23,2388.07,9055.67,1.3,47.26,522.15,2388.06,8138.99,8.4237,0.03,392,2388,100.0,38.91,23.3373,92
31,143,0.0,-0.0002,100.0,518.67,642.22,1588.18,1405.62,14.62,21.61,554.33,2388.04,9060.88,1.3,47.47,522.2,2388.08,8143.74,8.4239,0.03,393,2388,100.0,38.84,23.372,91
31,144,0.0008,0.0005,100.0,518.67,642.08,1584.98,1400.03,14.62,21.61,553.72,2388.07,9053.41,1.3,47.3,521.66,2388.06,8141.43,8.4416,0.03,391,2388,100.0,38.82,23.4426,90
31,145,0.0007,-0.0004,100.0,518.67,642.13,1585.38,1411.23,14.62,21.61,553.4,2388.07,9057.53,1.3,47.45,521.98,2388.08,8142.62,8.4399,0.03,393,2388,100.0,38.88,23.3472,89
31,146,0.0023,-0.0005,100.0,518.67,642.57,1588.63,1401.39,14.62,21.61,554.57,2388.08,9058.67,1.3,47.48,521.45,2388.1,8140.73,8.4106,0.03,392,2388,100.0,39.06,23.3759,88
31,147,0.0028,-0.0002,100.0,518.67,642.35,1589.01,1405.08,14.62,21.61,554.21,2388.09,9061.8,1.3,47.37,521.79,2388.1,8140.38,8.4413,0.03,395,2388,100.0,38.83,23.316,87
31,148,-0.0014,0.0002,100.0,518.67,642.57,1592.49,1402.39,14.62,21.61,553.96,2388.1,9058.01,1.3,47.31,520.87,2388.08,8137.83,8.4221,0.03,392,2388,100.0,38.89,23.3517,86
31,149,0.0014,0.0001,100.0,518.67,642.5,1596.95,1407.89,14.62,21.61,553.84,2388.01,9054.99,1.3,47.36,521.53,2388.09,8138.33,8.3871,0.03,392,2388,100.0,39.07,23.4434,85
31,150,-0.0032,0.0004,100.0,518.67,642.57,1587.82,1402.37,14.62,21.61,553.58,2388.05,9056.79,1.3,47.41,521.9,2388.06,8139.52,8.4045,0.03,392,2388,100.0,38.98,23.3595,84
31,151,-0.0016,-0.0004,100.0,518.67,642.21,1587.25,1405.01,14.62,21.6,552.81,2388.08,9056.44,1.3,47.35,521.8,2388.06,8136.21,8.4409,0.03,394,2388,100.0,38.76,23.3454,83
31,152,0.0023,-0.0,100.0,518.67,642.47,1585.13,1407.14,14.62,21.61,554.2,2388.06,9060.49,1.3,47.46,521.89,2388.12,8135.55,8.4387,0.03,392,2388,100.0,38.91,23.3289,82
31,153,0.0028,-0.0004,100.0,518.67,642.72,1591.58,1404.64,14.62,21.61,553.7,2388.05,9050.4,1.3,47.31,521.26,2388.07,8137.41,8.4287,0.03,392,2388,100.0,38.89,23.2679,81
31,154,-0.0015,0.0002,100.0,518.67,642.57,1588.47,1408.25,14.62,21.61,554.33,2388.03,9055.23,1.3,47.37,521.86,2388.08,8141.83,8.4345,0.03,393,2388,100.0,38.76,23.3128,80
31,155,0.0032,0.0002,100.0,518.67,642.83,1593.09,1405.83,14.62,21.61,553.96,2388.06,9055.35,1.3,47.59,521.7,2388.07,8135.07,8.435,0.03,393,2388,100.0,38.89,23.3514,79
31,156,0.0026,0.0002,100.0,518.67,642.78,1588.92,1405.88,14.62,21.61,553.72,2388.09,9060.96,1.3,47.45,521.18,2388.08,8129.07,8.419,0.03,392,2388,100.0,39.0,23.3315,78
31,157,-0.0016,0.0004,100.0,518.67,642.15,1595.21,1400.72,14.62,21.61,553.18,2388.12,9063.01,1.3,47.42,521.87,2388.07,8133.55,8.4417,0.03,393,2388,100.0,38.84,23.2909,77
31,158,0.0007,0.0004,100.0,518.67,642.46,1592.1,1404.73,14.62,21.61,553.52,2388.06,9055.82,1.3,47.46,521.44,2388.11,8132.74,8.4492,0.03,393,2388,100.0,38.93,23.2213,76
31,159,0.0016,-0.0001,100.0,518.67,642.33,1591.55,1403.24,14.62,21.61,553.57,2388.11,9050.51,1.3,47.5,521.66,2388.1,8142.78,8.4563,0.03,393,2388,100.0,38.76,23.222,75
31,160,-0.0005,-0.0003,100.0,518.67,642.93,1591.64,1401.32,14.62,21.61,554.02,2388.07,9057.35,1.3,47.54,521.46,2388.04,8144.75,8.451,0.03,393,2388,100.0,38.9,23.3917,74
31,161,0.0011,0.0001,100.0,518.67,642.52,1591.1,1407.04,14.62,21.61,552.74,2388.05,9068.41,1.3,47.57,522.14,2388.07,8136.68,8.4306,0.03,393,2388,100.0,38.95,23.1793,73
31,162,0.0,0.0005,100.0,518.67,643.02,1594.85,1410.34,14.62,21.61,553.92,2388.04,9055.64,1.3,47.29,521.79,2388.15,8133.29,8.4432,0.03,392,2388,100.0,39.01,23.3423,72
31,163,-0.0013,-0.0001,100.0,518.67,642.69,1585.73,1403.17,14.62,21.61,553.86,2388.1,9060.3,1.3,47.45,521.57,2388.14,8136.67,8.4195,0.03,393,2388,100.0,38.91,23.3211,71
31,164,0.0001,0.0005,100.0,518.67,642.15,1586.6,1409.25,14.62,21.61,553.51,2388.06,9045.41,1.3,47.35,521.59,2388.04,8140.7,8.4308,0.03,393,2388,100.0,38.97,23.3815,70
31,165,-0.0013,0.0,100.0,518.67,642.26,1581.7,1406.3,14.62,21.61,553.19,2388.08,9057.01,1.3,47.61,521.41,2388.1,8139.01,8.4037,0.03,393,2388,100.0,38.95,23.3877,69
31,166,0.0019,0.0002,100.0,518.67,643.1,1588.23,1409.64,14.62,21.61,553.54,2388.08,9046.73,1.3,47.45,521.86,2388.07,8133.37,8.4267,0.03,394,2388,100.0,38.99,23.3332,68
31,167,-0.0003,-0.0004,100.0,518.67,641.62,1591.98,1410.44,14.62,21.61,552.82,2388.11,9057.21,1.3,47.74,521.71,2388.18,8141.96,8.452,0.03,394,2388,100.0,38.93,23.1925,67
31,168,0.0015,-0.0001,100.0,518.67,642.15,1587.05,1404.56,14.62,21.61,553.39,2388.05,9054.61,1.3,47.39,521.48,2388.12,8143.78,8.4207,0.03,395,2388,100.0,38.85,23.3879,66
31,169,-0.0033,-0.0001,100.0,518.67,642.55,1578.77,1407.48,14.62,21.61,554.0,2388.11,9058.31,1.3,47.64,521.22,2388.05,8135.95,8.4244,0.03,394,2388,100.0,38.68,23.3424,65
31,170,0.002,0.0,100.0,518.67,642.81,1591.95,1401.14,14.62,21.61,552.52,2388.12,9051.56,1.3,47.6,521.49,2388.15,8137.57,8.425,0.03,393,2388,100.0,38.96,23.253,64
31,171,0.0026,-0.0005,100.0,518.67,642.34,1589.46,1406.34,14.62,21.61,553.63,2388.15,9054.76,1.3,47.65,521.35,2388.08,8134.7,8.4268,0.03,394,2388,100.0,38.79,23.3784,63
31,172,0.0011,-0.0003,100.0,518.67,643.03,1582.03,1411.49,14.62,21.61,553.87,2388.12,9060.76,1.3,47.7,521.34,2388.11,8131.87,8.4785,0.03,393,2388,100.0,38.89,23.2834,62
31,173,0.0016,-0.0004,100.0,518.67,642.57,1590.28,1410.64,14.62,21.61,552.66,2388.04,9058.45,1.3,47.53,521.4,2388.09,8139.4,8.4333,0.03,392,2388,100.0,38.79,23.338,61
31,174,0.0006,-0.0004,100.0,518.67,642.54,1587.72,1400.46,14.62,21.61,553.6,2388.08,9064.21,1.3,47.45,520.93,2388.1,8135.97,8.4473,0.03,393,2388,100.0,38.73,23.2243,60
31,175,0.0043,-0.0002,100.0,518.67,642.68,1590.79,1411.52,14.62,21.61,553.9,2388.09,9063.63,1.3,47.6,521.18,2388.09,8134.7,8.4759,0.03,393,2388,100.0,38.68,23.2591,59
31,176,-0.0009,-0.0003,100.0,518.67,643.76,1585.81,1402.83,14.62,21.61,553.38,2388.12,9056.24,1.3,47.57,521.12,2388.1,8132.89,8.4431,0.03,395,2388,100.0,38.78,23.2197,58
31,177,0.0008,0.0,100.0,518.67,642.44,1585.01,1408.47,14.62,21.61,552.27,2388.12,9056.85,1.3,47.48,521.69,2388.1,8136.43,8.4643,0.03,394,2388,100.0,38.78,23.2824,57
31,178,-0.0034,0.0002,100.0,518.67,642.83,1596.38,1407.84,14.62,21.61,553.69,2388.08,9059.01,1.3,47.54,520.86,2388.16,8133.52,8.4216,0.03,392,2388,100.0,38.88,23.3443,56
31,179,0.0014,0.0005,100.0,518.67,642.31,1597.18,1414.18,14.62,21.61,553.59,2388.12,9055.06,1.3,47.65,520.93,2388.1,8136.11,8.4523,0.03,395,2388,100.0,38.74,23.2259,55
31,180,0.0001,-0.0001,100.0,518.67,642.44,1592.08,1410.57,14.62,21.61,553.02,2388.09,9054.74,1.3,47.56,521.27,2388.06,8134.8,8.4281,0.03,393,2388,100.0,38.98,23.3185,54
31,181,0.0028,0.0005,100.0,518.67,643.11,1583.92,1407.05,14.62,21.61,553.17,2388.16,9050.13,1.3,47.58,521.23,2388.14,8135.4,8.4477,0.03,393,2388,100.0,38.67,23.254,53
31,182,0.0017,-0.0004,100.0,518.67,642.75,1590.59,1403.05,14.62,21.61,552.68,2388.17,9063.22,1.3,47.6,521.63,2388.11,8131.61,8.449,0.03,395,2388,100.0,38.78,23.3036,52
31,183,0.0023,0.0005,100.0,518.67,642.78,1593.46,1407.03,14.62,21.61,553.27,2388.1,9054.33,1.3,47.46,521.64,2388.13,8134.98,8.412,0.03,394,2388,100.0,38.75,23.3858,51
31,184,0.0002,-0.0004,100.0,518.67,642.77,1593.08,1411.46,14.62,21.61,553.97,2388.11,9052.59,1.3,47.62,520.86,2388.08,8132.26,8.4668,0.03,394,2388,100.0,38.77,23.2027,50
31,185,-0.0059,-0.0005,100.0,518.67,642.93,1595.2,1409.93,14.62,21.61,552.86,2388.12,9062.71,1.3,47.6,520.97,2388.15,8133.37,8.4421,0.03,394,2388,100.0,38.74,23.2711,49
31,186,0.0009,0.0,100.0,518.67,643.24,1588.74,1413.03,14.62,21.61,553.12,2388.12,9064.28,1.3,47.72,521.36,2388.07,8132.65,8.4706,0.03,393,2388,100.0,38.89,23.2308,48
31,187,-0.0018,-0.0002,100.0,518.67,642.41,1596.81,1418.82,14.62,21.61,553.56,2388.11,9058.06,1.3,47.58,521.52,2388.2,8128.44,8.444,0.03,393,2388,100.0,38.83,23.2724,47
31,188,0.0029,0.0004,100.0,518.67,643.42,1596.19,1411.94,14.62,21.61,552.54,2388.17,9057.4,1.3,47.7,521.72,2388.17,8130.56,8.4378,0.03,394,2388,100.0,38.75,23.3027,46
31,189,-0.0004,-0.0001,100.0,518.67,643.1,1595.59,1411.58,14.62,21.61,553.18,2388.2,9056.37,1.3,47.56,521.34,2388.2,8127.67,8.4472,0.03,392,2388,100.0,38.75,23.221,45
31,190,0.0033,0.0002,100.0,518.67,643.28,1595.87,1406.14,14.62,21.61,552.64,2388.16,9055.0,1.3,47.52,521.24,2388.15,8133.46,8.4656,0.03,394,2388,100.0,38.8,23.1736,44
31,191,0.0026,-0.0002,100.0,518.67,643.2,1590.33,1413.24,14.62,21.61,552.89,2388.15,9051.5,1.3,47.66,521.05,2388.17,8129.67,8.4497,0.03,393,2388,100.0,38.69,23.3146,43
31,192,0.0016,-0.0001,100.0,518.67,642.93,1591.79,1409.32,14.62,21.61,553.19,2388.17,9057.62,1.3,47.46,520.64,2388.12,8133.59,8.4582,0.03,393,2388,100.0,38.94,23.3407,42
31,193,0.0005,-0.0001,100.0,518.67,643.15,1588.7,1418.24,14.62,21.61,552.82,2388.15,9057.39,1.3,47.6,521.03,2388.11,8127.11,8.4467,0.03,393,2388,100.0,38.96,23.2027,41
31,194,0.0005,0.0003,100.0,518.67,642.3,1588.3,1416.01,14.62,21.61,552.5,2388.17,9059.46,1.3,47.79,521.01,2388.16,8133.52,8.4709,0.03,394,2388,100.0,38.73,23.3371,40
31,195,0.003,0.0002,100.0,518.67,642.86,1597.28,1413.72,14.62,21.61,553.4,2388.14,9057.98,1.3,47.57,520.64,2388.15,8133.13,8.4697,0.03,394,2388,100.0,38.63,23.2138,39
31,196,0.0029,0.0004,100.0,518.67,643.06,1589.6,1415.21,14.62,21.61,552.26,2388.15,9048.02,1.3,47.72,520.34,2388.11,8132.68,8.4483,0.03,394,2388,100.0,38.79,23.2927,38
31,197,0.0009,0.0003,100.0,518.67,642.87,1592.55,1411.15,14.62,21.61,552.55,2388.19,9047.21,1.3,47.79,520.81,2388.2,8129.55,8.4487,0.03,395,2388,100.0,38.7,23.2288,37
31,198,0.0009,0.0001,100.0,518.67,642.48,1590.2,1417.66,14.62,21.61,552.34,2388.17,9053.11,1.3,47.55,521.04,2388.18,8137.49,8.4781,0.03,395,2388,100.0,38.57,23.1996,36
31,199,-0.0021,0.0005,100.0,518.67,642.54,1594.44,1424.13,14.62,21.61,551.98,2388.18,9060.5,1.3,47.67,521.03,2388.16,8133.52,8.468,0.03,393,2388,100.0,38.69,23.2373,35
31,200,-0.0006,0.0001,100.0,518.67,642.99,1591.2,1424.56,14.62,21.61,552.83,2388.16,9058.74,1.3,47.61,520.74,2388.14,8127.5,8.4825,0.03,395,2388,100.0,38.58,23.1759,34
31,201,0.0002,0.0003,100.0,518.67,643.39,1590.35,1418.49,14.62,21.61,551.77,2388.17,9056.61,1.3,47.84,520.33,2388.19,8131.66,8.4808,0.03,394,2388,100.0,38.73,23.1204,33
31,202,-0.0011,-0.0003,100.0,518.67,642.7,1602.78,1416.46,14.62,21.61,552.67,2388.17,9050.38,1.3,47.72,520.75,2388.14,8129.53,8.472,0.03,393,2388,100.0,38.66,23.2345,32
31,203,0.0005,0.0002,100.0,518.67,643.08,1587.54,1418.31,14.62,21.61,552.01,2388.18,9054.14,1.3,47.94,520.53,2388.18,8131.65,8.4792,0.03,394,2388,100.0,38.59,23.268,31
31,204,-0.0031,0.0004,100.0,518.67,642.67,1597.92,1411.85,14.62,21.61,552.22,2388.19,9049.57,1.3,47.79,520.79,2388.17,8131.51,8.4292,0.03,394,2388,100.0,38.67,23.1413,30
31,205,-0.0036,0.0,100.0,518.67,643.26,1592.93,1412.85,14.62,21.61,552.02,2388.18,9054.82,1.3,47.86,520.66,2388.25,8129.28,8.4899,0.03,393,2388,100.0,38.45,23.2457,29
31,206,-0.0022,0.0001,100.0,518.67,643.28,1595.29,1427.59,14.62,21.61,552.32,2388.17,9053.81,1.3,47.83,520.66,2388.25,8130.5,8.4771,0.03,394,2388,100.0,38.64,23.139,28
31,207,0.0005,0.0002,100.0,518.67,642.6,1591.08,1411.14,14.62,21.61,552.33,2388.22,9052.93,1.3,47.82,519.88,2388.19,8131.82,8.4957,0.03,393,2388,100.0,38.66,23.1918,27
31,208,0.0002,-0.0002,100.0,518.67,643.27,1606.79,1418.33,14.62,21.61,552.29,2388.19,9053.57,1.3,47.89,520.46,2388.2,8129.32,8.4544,0.03,394,2388,100.0,38.6,23.2397,26
31,209,0.0017,0.0002,100.0,518.67,643.1,1590.49,1417.6,14.62,21.61,552.26,2388.21,9050.85,1.3,47.89,520.82,2388.18,8132.4,8.4563,0.03,394,2388,100.0,38.54,23.1642,25
31,210,-0.003,0.0001,100.0,518.67,643.14,1600.49,1414.18,14.62,21.61,552.22,2388.23,9047.31,1.3,47.78,520.54,2388.23,8121.07,8.5095,0.03,396,2388,100.0,38.65,23.1762,24
31,211,0.001,0.0002,100.0,518.67,643.26,1604.58,1427.97,14.62,21.61,552.47,2388.22,9046.26,1.3,48.01,520.53,2388.22,8123.03,8.5038,0.03,396,2388,100.0,38.57,23.2898,23
31,212,0.0018,-0.0004,100.0,518.67,643.35,1591.18,1425.24,14.62,21.61,552.06,2388.19,9051.62,1.3,47.94,519.9,2388.18,8125.9,8.4583,0.03,395,2388,100.0,38.65,23.1623,22
31,213,0.0002,0.0003,100.0,518.67,643.19,1596.87,1416.53,14.62,21.61,552.23,2388.19,9051.37,1.3,47.7,520.57,2388.23,8132.45,8.4483,0.03,396,2388,100.0,38.36,23.246,21
31,214,0.0012,0.0005,100.0,518.67,643.5,1596.65,1420.56,14.62,21.61,551.97,2388.23,9046.68,1.3,47.91,520.1,2388.22,8126.62,8.4957,0.03,394,2388,100.0,38.59,23.1847,20
31,215,-0.0035,0.0001,100.0,518.67,642.41,1604.84,1420.7,14.62,21.61,552.66,2388.23,9049.47,1.3,48.08,520.6,2388.25,8128.08,8.4771,0.03,395,2388,100.0,38.65,23.1527,19
31,216,0.0018,0.0004,100.0,518.67,642.93,1598.21,1415.41,14.62,21.61,552.29,2388.18,9060.59,1.3,47.93,520.43,2388.26,8127.4,8.4698,0.03,396,2388,100.0,38.62,23.171,18
31,217,0.003,0.0005,100.0,518.67,643.28,1594.03,1421.66,14.62,21.61,552.04,2388.17,9043.2,1.3,48.07,520.66,2388.15,8128.93,8.49,0.03,396,2388,100.0,38.54,23.178,17
31,218,0.0006,0.0001,100.0,518.67,643.69,1598.21,1423.87,14.62,21.61,551.89,2388.19,9047.17,1.3,48.21,520.47,2388.17,8122.47,8.4957,0.03,396,2388,100.0,38.63,23.1818,16
31,219,0.0004,0.0001,100.0,518.67,643.37,1594.68,1423.53,14.62,21.61,551.57,2388.22,9051.27,1.3,48.15,520.34,2388.27,8126.04,8.4898,0.03,395,2388,100.0,38.63,23.1122,15
31,220,0.0049,0.0004,100.0,518.67,643.98,1595.32,1429.25,14.62,21.61,552.19,2388.21,9047.58,1.3,47.93,519.77,2388.23,8128.88,8.4865,0.03,394,2388,100.0,38.7,23.1928,14
31,221,-0.0004,-0.0001,100.0,518.67,643.52,1600.61,1423.13,14.62,21.61,552.43,2388.21,9043.86,1.3,48.16,520.32,2388.29,8129.98,8.5174,0.03,396,2388,100.0,38.42,23.0305,13
31,222,-0.0002,-0.0,100.0,518.67,643.22,1600.63,1420.58,14.62,21.61,551.78,2388.26,9047.4,1.3,47.92,520.03,2388.19,8130.27,8.4755,0.03,395,2388,100.0,38.59,23.1057,12
31,223,-0.0008,0.0002,100.0,518.67,642.98,1606.34,1422.75,14.62,21.61,551.1,2388.26,9045.3,1.3,47.96,519.28,2388.2,8122.55,8.5229,0.03,393,2388,100.0,38.42,23.1375,11
31,224,-0.0003,-0.0003,100.0,518.67,643.62,1598.21,1432.73,14.62,21.61,551.43,2388.29,9045.11,1.3,48.03,519.9,2388.2,8126.02,8.5313,0.03,395,2388,100.0,38.44,23.1149,10
31,225,-0.0038,0.0005,100.0,518.67,643.35,1595.95,1423.18,14.62,21.61,551.37,2388.29,9046.08,1.3,48.0,520.09,2388.25,8119.34,8.4932,0.03,396,2388,100.0,38.63,23.0751,9
31,226,-0.0008,-0.0005,100.0,518.67,643.05,1601.52,1426.01,14.62,21.61,552.04,2388.29,9047.34,1.3,48.11,520.25,2388.28,8118.91,8.5264,0.03,397,2388,100.0,38.5,23.1028,8
31,227,0.0019,-0.0004,100.0,518.67,643.51,1601.75,1424.33,14.62,21.61,551.33,2388.3,9050.69,1.3,48.13,519.77,2388.25,8127.06,8.5089,0.03,395,2388,100.0,38.51,23.0634,7
31,228,0.0013,0.0,100.0,518.67,642.77,1594.36,1426.05,14.62,21.61,551.45,2388.22,9044.63,1.3,48.22,520.05,2388.22,8126.02,8.5145,0.03,396,2388,100.0,38.59,23.0135,6
31,229,-0.0012,0.0004,100.0,518.67,644.11,1602.35,1429.78,14.62,21.61,551.66,2388.3,9050.49,1.3,48.26,519.23,2388.3,8125.82,8.5085,0.03,396,2388,100.0,38.45,23.0127,5
31,230,0.0005,-0.0002,100.0,518.67,643.48,1602.57,1428.95,14.62,21.61,550.93,2388.2,9045.1,1.3,48.0,519.64,2388.27,8123.25,8.4803,0.03,396,2388,100.0,38.52,23.0058,4
31,231,0.0001,0.0001,100.0,518.67,643.75,1606.56,1428.63,14.62,21.61,551.45,2388.28,9052.33,1.3,48.1,519.62,2388.3,8124.55,8.5289,0.03,397,2388,100.0,38.4,23.1205,3
31,232,0.0022,-0.0,100.0,518.67,644.07,1602.77,1429.18,14.62,21.61,551.15,2388.32,9043.3,1.3,48.08,519.65,2388.25,8128.78,8.5153,0.03,394,2388,100.0,38.48,23.0406,2
31,233,-0.0011,-0.0003,100.0,518.67,643.41,1601.56,1424.74,14.62,21.61,551.29,2388.27,9048.94,1.3,48.04,519.68,2388.3,8118.7,8.5001,0.03,396,2388,100.0,38.29,23.1609,1
31,234,0.0023,-0.0001,100.0,518.67,643.5,1599.79,1425.76,14.62,21.61,550.86,2388.34,9042.46,1.3,48.32,519.88,2388.35,8116.96,8.4871,0.03,397,2388,100.0,38.46,23.0314,0
32,1,0.0002,0.0005,100.0,518.67,643.03,1588.85,1405.9,14.62,21.61,553.38,2388.17,9047.84,1.3,47.68,521.08,2388.14,8124.43,8.4717,0.03,393,2388,100.0,38.79,23.3229,190
32,2,-0.0031,0.0001,100.0,518.67,642.69,1587.64,1402.8,14.62,21.61,553.45,2388.09,9055.53,1.3,47.61,521.68,2388.15,8131.61,8.4412,0.03,394,2388,100.0,38.79,23.371,189
32,3,-0.0024,-0.0002,100.0,518.67,642.56,1590.75,1403.3,14.62,21.61,552.79,2388.1,9054.0,1.3,47.54,521.37,2388.12,8132.46,8.4176,0.03,394,2388,100.0,38.87,23.3437,188
32,4,-0.0009,-0.0001,100.0,518.67,642.33,1587.59,1410.18,14.62,21.61,553.67,2388.13,9044.51,1.3,47.48,521.69,2388.18,8131.52,8.4113,0.03,393,2388,100.0,38.73,23.278,187
32,5,0.003,0.0002,100.0,518.67,642.71,1590.78,1407.27,14.62,21.61,553.82,2388.15,9051.71,1.3,47.47,521.56,2388.13,8128.1,8.4297,0.03,394,2388,100.0,38.78,23.2464,186
32,6,-0.0002,0.0,100.0,518.67,642.55,1592.45,1402.86,14.62,21.61,552.87,2388.09,9045.41,1.3,47.52,521.41,2388.08,8125.23,8.4464,0.03,393,2388,100.0,38.85,23.271,185
32,7,-0.0031,-0.0004,100.0,518.67,642.69,1592.23,1407.25,14.62,21.61,552.91,2388.12,9053.34,1.3,47.69,521.31,2388.11,8125.77,8.4507,0.03,393,2388,100.0,38.56,23.2722,184
32,8,0.0056,-0.0003,100.0,518.67,642.89,1590.62,1409.63,14.62,21.61,552.9,2388.13,9054.27,1.3,47.66,521.35,2388.17,8132.59,8.4183,0.03,394,2388,100.0,38.95,23.2828,183
32,9,-0.0008,0.0003,100.0,518.67,642.9,1586.53,1410.39,14.62,21.61,553.12,2388.12,9044.04,1.3,47.5,521.49,2388.16,8124.42,8.4557,0.03,394,2388,100.0,38.61,23.3429,182
32,10,0.0052,-0.0003,100.0,518.67,642.65,1593.89,1409.03,14.62,21.61,553.6,2388.11,9056.44,1.3,47.78,521.21,2388.1,8126.57,8.4563,0.03,394,2388,100.0,38.82,23.3468,181
32,11,0.0004,0.0002,100.0,518.67,643.04,1589.22,1405.68,14.62,21.61,553.43,2388.1,9051.52,1.3,47.74,521.12,2388.14,8128.24,8.4175,0.03,395,2388,100.0,38.89,23.3806,180
32,12,-0.0026,0.0005,100.0,518.67,642.71,1589.75,1402.48,14.62,21.61,553.3,2388.14,9051.09,1.3,47.45,520.95,2388.1,8132.71,8.4628,0.03,393,2388,100.0,38.86,23.3214,179
32,13,-0.0003,0.0002,100.0,518.67,643.17,1591.85,1411.06,14.62,21.61,553.13,2388.13,9049.86,1.3,47.44,521.1,2388.14,8126.33,8.4234,0.03,392,2388,100.0,38.71,23.2398,178
32,14,0.0006,-0.0001,100.0,518.67,642.71,1589.21,1409.66,14.62,21.61,552.75,2388.08,9046.65,1.3,47.35,521.57,2388.13,8132.63,8.4608,0.03,394,2388,100.0,38.56,23.3053,177
32,15,-0.0002,-0.0003,100.0,518.67,643.19,1586.95,1415.05,14.62,21.61,553.31,2388.16,9052.67,1.3,47.52,521.49,2388.14,8133.39,8.404,0.03,394,2388,100.0,38.73,23.2958,176
32,16,0.0051,0.0001,100.0,518.67,642.61,1585.11,1405.61,14.62,21.61,553.12,2388.12,9053.07,1.3,47.46,520.99,2388.08,8131.89,8.4164,0.03,394,2388,100.0,38.93,23.3462,175
32,17,-0.0008,-0.0001,100.0,518.67,642.94,1590.4,1410.7,14.62,21.61,554.19,2388.17,9050.29,1.3,47.63,521.44,2388.11,8130.51,8.4677,0.03,394,2388,100.0,38.77,23.2141,174
32,18,-0.0006,-0.0002,100.0,518.67,643.08,1587.97,1410.28,14.62,21.61,553.15,2388.13,9046.81,1.3,47.52,521.54,2388.1,8132.17,8.4542,0.03,394,2388,100.0,38.85,23.4037,173
32,19,0.0016,0.0,100.0,518.67,642.28,1588.93,1406.56,14.62,21.61,553.85,2388.17,9046.79,1.3,47.41,521.77,2388.09,8130.35,8.4351,0.03,392,2388,100.0,38.78,23.1949,172
32,20,-0.0012,0.0001,100.0,518.67,642.73,1587.11,1420.61,14.62,21.61,553.76,2388.07,9050.54,1.3,47.47,521.29,2388.17,8135.19,8.4827,0.03,393,2388,100.0,38.92,23.2388,171
32,21,-0.001,-0.0001,100.0,518.67,643.35,1597.23,1415.42,14.62,21.61,552.75,2388.14,9052.71,1.3,47.38,521.51,2388.12,8127.97,8.3979,0.03,395,2388,100.0,38.69,23.3501,170
32,22,0.0011,-0.0004,100.0,518.67,642.31,1591.53,1404.95,14.62,21.61,553.27,2388.14,9047.24,1.3,47.53,520.96,2388.06,8127.56,8.4311,0.03,392,2388,100.0,38.76,23.4096,169
32,23,-0.0024,-0.0004,100.0,518.67,642.7,1594.49,1401.24,14.62,21.61,552.99,2388.17,9054.37,1.3,47.42,521.61,2388.12,8130.42,8.4518,0.03,393,2388,100.0,38.8,23.2279,168
32,24,0.0009,-0.0003,100.0,518.67,642.5,1590.83,1406.22,14.62,21.61,552.91,2388.16,9053.69,1.3,47.43,521.53,2388.11,8133.12,8.4314,0.03,394,2388,100.0,38.87,23.33,167
32,25,-0.0003,0.0002,100.0,518.67,642.9,1588.45,1414.77,14.62,21.61,553.52,2388.08,9052.01,1.3,47.5,521.37,2388.1,8134.85,8.4596,0.03,394,2388,100.0,38.87,23.3002,166
32,26,0.0003,0.0002,100.0,518.67,642.39,1601.88,1410.55,14.62,21.61,552.61,2388.06,9051.55,1.3,47.48,521.53,2388.13,8130.17,8.4576,0.03,392,2388,100.0,38.84,23.1325,165
32,27,-0.0018,-0.0,100.0,518.67,643.35,1594.34,1411.97,14.62,21.61,553.71,2388.14,9050.91,1.3,47.54,520.92,2388.09,8124.48,8.4504,0.03,393,2388,100.0,38.76,23.1795,164
32,28,0.0007,0.0001,100.0,518.67,642.72,1589.22,1406.5,14.62,21.61,552.14,2388.1,9051.1,1.3,47.54,521.72,2388.13,8126.7,8.4369,0.03,392,2388,100.0,38.82,23.2714,163
32,29,0.0019,0.0002,100.0,518.67,642.58,1589.57,1410.51,14.62,21.61,553.41,2388.11,9049.8,1.3,47.57,521.21,2388.15,8130.62,8.4308,0.03,393,2388,100.0,38.76,23.2873,162
32,30,-0.0001,-0.0004,100.0,518.67,642.81,1579.68,1406.51,14.62,21.61,553.2,2388.12,9053.92,1.3,47.63,520.76,2388.12,8126.31,8.4342,0.03,393,2388,100.0,38.76,23.2309,161
32,31,0.0024,-0.0,100.0,518.67,643.15,1588.28,1407.18,14.62,21.61,553.05,2388.15,9048.26,1.3,47.45,521.56,2388.08,8124.44,8.4689,0.03,393,2388,100.0,38.88,23.2711,160
32,32,0.0021,0.0005,100.0,518.67,642.96,1589.91,1413.24,14.62,21.61,553.52,2388.13,9050.34,1.3,47.39,521.26,2388.14,8128.42,8.4956,0.03,394,2388,100.0,38.76,23.3232,159
32,33,-0.0033,-0.0001,100.0,518.67,643.33,1587.75,1407.25,14.62,21.61,553.56,2388.12,9056.46,1.3,47.43,521.45,2388.1,8129.92,8.4495,0.03,391,2388,100.0,38.94,23.32,158
32,34,-0.0004,-0.0003,100.0,518.67,642.78,1593.39,1406.59,14.62,21.61,553.28,2388.1,9048.07,1.3,47.52,521.13,2388.11,8127.84,8.4566,0.03,394,2388,100.0,38.71,23.2476,157
32,35,0.0039,-0.0003,100.0,518.67,642.6,1593.3,1412.89,14.62,21.61,553.34,2388.16,9049.95,1.3,47.56,521.56,2388.11,8134.09,8.4384,0.03,392,2388,100.0,38.81,23.2459,156
32,36,-0.0005,0.0001,100.0,518.67,642.54,1575.9,1402.41,14.62,21.61,553.16,2388.14,9042.24,1.3,47.63,521.59,2388.2,8130.72,8.4476,0.03,393,2388,100.0,38.78,23.2506,155
32,37,-0.0029,0.0002,100.0,518.67,643.01,1593.56,1403.09,14.62,21.61,553.17,2388.15,9051.42,1.3,47.64,520.88,2388.13,8125.57,8.4312,0.03,393,2388,100.0,38.83,23.29,154
32,38,0.0023,-0.0005,100.0,518.67,642.77,1589.74,1408.53,14.62,21.61,553.79,2388.13,9050.46,1.3,47.63,520.85,2388.15,8127.17,8.4144,0.03,395,2388,100.0,38.82,23.2964,153
32,39,-0.0036,-0.0003,100.0,518.67,642.89,1588.25,1402.41,14.62,21.61,552.66,2388.15,9042.74,1.3,47.56,521.49,2388.11,8124.09,8.4624,0.03,391,2388,100.0,38.69,23.2767,152
32,40,0.0014,-0.0004,100.0,518.67,642.72,1592.19,1408.56,14.62,21.61,553.1,2388.08,9051.46,1.3,47.55,520.98,2388.12,8122.4,8.4275,0.03,392,2388,100.0,38.81,23.2703,151
32,41,0.0006,-0.0001,100.0,518.67,642.74,1593.16,1410.51,14.62,21.61,553.94,2388.09,9056.94,1.3,47.53,521.29,2388.08,8133.92,8.4626,0.03,394,2388,100.0,38.88,23.3179,150
32,42,-0.0005,0.0004,100.0,518.67,642.43,1591.59,1415.57,14.62,21.61,553.47,2388.14,9055.64,1.3,47.63,521.16,2388.1,8126.23,8.4389,0.03,393,2388,100.0,38.72,23.2562,149
32,43,-0.0016,0.0002,100.0,518.67,642.47,1592.81,1409.94,14.62,21.61,552.88,2388.1,9053.41,1.3,47.59,521.64,2388.09,8133.25,8.4499,0.03,393,2388,100.0,38.89,23.1593,148
32,44,0.0004,0.0003,100.0,518.67,642.8,1598.75,1413.23,14.62,21.61,553.84,2388.09,9044.25,1.3,47.55,521.36,2388.11,8128.76,8.4456,0.03,393,2388,100.0,38.67,23.1554,147
32,45,0.0006,-0.0003,100.0,518.67,642.74,1585.27,1411.16,14.62,21.61,552.47,2388.09,9047.59,1.3,47.5,521.63,2388.18,8125.71,8.4114,0.03,393,2388,100.0,38.74,23.3292,146
32,46,-0.0002,0.0001,100.0,518.67,642.51,1594.3,1409.85,14.62,21.61,553.24,2388.12,9054.96,1.3,47.54,521.63,2388.13,8135.32,8.451,0.03,394,2388,100.0,39.0,23.2587,145
32,47,-0.0022,0.0002,100.0,518.67,642.58,1592.59,1415.16,14.62,21.61,554.07,2388.11,9046.88,1.3,47.49,521.06,2388.1,8126.78,8.4459,0.03,393,2388,100.0,38.69,23.2743,144
32,48,0.0011,0.0,100.0,518.67,642.53,1589.15,1403.72,14.62,21.61,553.03,2388.17,9045.21,1.3,47.53,521.61,2388.14,8133.26,8.4227,0.03,393,2388,100.0,38.87,23.3041,143
32,49,-0.002,-0.0004,100.0,518.67,643.11,1593.59,1415.19,14.62,21.61,552.9,2388.1,9053.1,1.3,47.64,521.2,2388.15,8131.0,8.457,0.03,395,2388,100.0,38.82,23.2753,142
32,50,0.0026,0.0004,100.0,518.67,642.26,1586.73,1404.57,14.62,21.61,553.5,2388.16,9054.34,1.3,47.54,520.88,2388.07,8130.29,8.4564,0.03,392,2388,100.0,38.7,23.2423,141
32,51,-0.0022,0.0005,100.0,518.67,642.8,1586.46,1409.4,14.62,21.61,553.33,2388.14,9044.22,1.3,47.55,521.42,2388.1,8126.01,8.4368,0.03,394,2388,100.0,38.91,23.3317,140
32,52,-0.0019,0.0,100.0,518.67,642.82,1590.38,1414.78,14.62,21.61,553.19,2388.11,9047.78,1.3,47.64,521.29,2388.11,8132.27,8.4272,0.03,394,2388,100.0,38.72,23.1388,139
32,53,-0.0003,0.0002,100.0,518.67,643.45,1594.02,1412.12,14.62,21.61,553.03,2388.12,9046.1,1.3,47.52,520.95,2388.1,8126.76,8.4523,0.03,391,2388,100.0,38.79,23.2594,138
32,54,-0.0024,-0.0001,100.0,518.67,642.64,1589.84,1403.18,14.62,21.61,553.31,2388.12,9054.42,1.3,47.49,521.39,2388.14,8127.45,8.4292,0.03,393,2388,100.0,38.7,23.2727,137
32,55,0.0001,0.0004,100.0,518.67,642.76,1587.72,1410.09,14.62,21.61,552.71,2388.12,9042.23,1.3,47.52,521.49,2388.08,8131.48,8.4311,0.03,395,2388,100.0,38.9,23.225,136
32,56,-0.0015,-0.0004,100.0,518.67,642.87,1588.6,1409.04,14.62,21.61,552.8,2388.15,9045.94,1.3,47.7,521.32,2388.14,8125.52,8.4417,0.03,393,2388,100.0,38.65,23.3999,135
32,57,0.001,-0.0003,100.0,518.67,643.04,1589.88,1412.03,14.62,21.61,553.23,2388.06,9048.33,1.3,47.56,521.83,2388.15,8133.31,8.4337,0.03,393,2388,100.0,38.77,23.2263,134
32,58,0.0009,-0.0003,100.0,518.67,642.61,1591.13,1410.4,14.62,21.61,552.83,2388.18,9054.43,1.3,47.59,521.35,2388.16,8128.92,8.4474,0.03,394,2388,100.0,38.77,23.3147,133
32,59,0.0007,0.0002,100.0,518.67,643.0,1597.01,1412.37,14.62,21.61,552.59,2388.13,9054.4,1.3,47.64,521.56,2388.14,8133.15,8.4677,0.03,393,2388,100.0,38.99,23.3316,132
32,60,-0.0007,-0.0003,100.0,518.67,642.6,1589.23,1414.73,14.62,21.61,553.44,2388.13,9048.53,1.3,47.59,521.7,2388.09,8132.84,8.4383,0.03,394,2388,100.0,38.74,23.2456,131
32,61,-0.0023,-0.0001,100.0,518.67,643.21,1589.99,1408.85,14.62,21.61,552.75,2388.12,9049.0,1.3,47.4,521.52,2388.07,8128.99,8.4411,0.03,395,2388,100.0,38.94,23.3041,130
32,62,0.0044,0.0004,100.0,518.67,642.1,1595.47,1411.96,14.62,21.61,552.93,2388.13,9049.87,1.3,47.64,521.55,2388.12,8131.03,8.4781,0.03,393,2388,100.0,38.81,23.235,129
32,63,-0.0013,-0.0002,100.0,518.67,642.6,1593.07,1411.01,14.62,21.61,553.33,2388.11,9046.0,1.3,47.8,521.43,2388.13,8138.15,8.4308,0.03,392,2388,100.0,38.71,23.2673,128
32,64,-0.0036,0.0005,100.0,518.67,642.77,1595.23,1418.64,14.62,21.61,552.92,2388.13,9050.02,1.3,47.7,521.27,2388.14,8132.91,8.4191,0.03,393,2388,100.0,38.96,23.3069,127
32,65,0.0022,0.0002,100.0,518.67,643.14,1582.14,1406.15,14.62,21.61,552.74,2388.13,9048.09,1.3,47.74,521.44,2388.1,8126.62,8.4316,0.03,394,2388,100.0,38.66,23.2625,126
32,66,0.0018,0.0005,100.0,518.67,643.21,1587.99,1418.87,14.62,21.61,553.24,2388.12,9052.91,1.3,47.56,520.66,2388.15,8122.23,8.44,0.03,394,2388,100.0,38.8,23.2342,125
32,67,0.0039,0.0002,100.0,518.67,643.04,1596.69,1405.46,14.62,21.61,553.13,2388.13,9051.98,1.3,47.68,521.19,2388.12,8125.43,8.4212,0.03,393,2388,100.0,38.78,23.2917,124
32,68,0.0034,0.0003,100.0,518.67,642.89,1588.24,1411.26,14.62,21.61,553.23,2388.18,9055.54,1.3,47.65,521.23,2388.07,8128.45,8.4208,0.03,395,2388,100.0,38.83,23.241,123
32,69,0.0006,-0.0005,100.0,518.67,642.72,1592.38,1413.12,14.62,21.61,552.98,2388.12,9053.26,1.3,47.51,521.42,2388.12,8129.42,8.4105,0.03,391,2388,100.0,38.85,23.2847,122
32,70,-0.0018,0.0001,100.0,518.67,642.77,1588.93,1413.65,14.62,21.61,553.3,2388.13,9048.0,1.3,47.37,521.3,2388.12,8130.88,8.4617,0.03,392,2388,100.0,38.92,23.3295,121
32,71,0.0019,0.0003,100.0,518.67,642.43,1594.53,1398.95,14.62,21.61,553.0,2388.08,9051.57,1.3,47.51,521.28,2388.13,8128.61,8.4839,0.03,394,2388,100.0,38.84,23.2256,120
32,72,0.0001,0.0005,100.0,518.67,642.66,1594.84,1410.64,14.62,21.61,552.79,2388.18,9056.19,1.3,47.61,520.98,2388.18,8133.29,8.3846,0.03,393,2388,100.0,38.96,23.2413,119
32,73,-0.002,0.0001,100.0,518.67,643.19,1591.24,1411.32,14.62,21.61,553.2,2388.14,9048.95,1.3,47.69,521.41,2388.15,8122.7,8.4574,0.03,394,2388,100.0,38.84,23.3037,118
32,74,-0.0015,-0.0001,100.0,518.67,642.78,1588.94,1410.89,14.62,21.61,553.04,2388.15,9053.1,1.3,47.48,521.01,2388.16,8133.62,8.4113,0.03,393,2388,100.0,38.87,23.4242,117
32,75,0.002,0.0002,100.0,518.67,643.06,1590.6,1413.27,14.62,21.61,553.61,2388.1,9060.41,1.3,47.58,521.48,2388.13,8140.0,8.4208,0.03,394,2388,100.0,38.64,23.3621,116
32,76,0.0005,0.0001,100.0,518.67,642.16,1588.98,1404.54,14.62,21.61,553.23,2388.12,9050.2,1.3,47.6,521.4,2388.12,8132.14,8.464,0.03,393,2388,100.0,38.59,23.2645,115
32,77,0.0033,0.0001,100.0,518.67,642.54,1587.99,1409.46,14.62,21.61,552.86,2388.15,9052.22,1.3,47.47,521.15,2388.13,8128.29,8.4573,0.03,394,2388,100.0,38.88,23.2737,114
32,78,-0.0017,-0.0002,100.0,518.67,642.45,1589.82,1410.07,14.62,21.61,553.2,2388.15,9057.82,1.3,47.59,520.92,2388.13,8135.88,8.4425,0.03,392,2388,100.0,38.84,23.1274,113
32,79,0.0008,-0.0003,100.0,518.67,642.71,1589.85,1408.33,14.62,21.61,553.04,2388.12,9046.95,1.3,47.76,521.63,2388.14,8128.83,8.4205,0.03,395,2388,100.0,38.74,23.2151,112
32,80,0.0029,-0.0004,100.0,518.67,642.98,1585.46,1409.33,14.62,21.61,552.94,2388.1,9050.61,1.3,47.65,521.02,2388.14,8136.15,8.443,0.03,395,2388,100.0,38.95,23.2346,111
32,81,0.001,0.0002,100.0,518.67,642.71,1591.06,1414.03,14.62,21.61,553.23,2388.1,9055.58,1.3,47.5,521.34,2388.15,8129.42,8.445,0.03,395,2388,100.0,38.7,23.347,110
32,82,0.0015,0.0004,100.0,518.67,643.12,1588.05,1411.68,14.62,21.61,553.54,2388.11,9051.48,1.3,47.65,521.32,2388.08,8133.77,8.4611,0.03,393,2388,100.0,38.62,23.3497,109
32,83,-0.0045,0.0004,100.0,518.67,643.27,1592.54,1405.67,14.62,21.61,553.03,2388.09,9055.78,1.3,47.66,521.61,2388.14,8131.22,8.4448,0.03,393,2388,100.0,38.84,23.1973,108
32,84,-0.0016,0.0005,100.0,518.67,642.67,1587.24,1413.53,14.62,21.61,552.96,2388.1,9055.4,1.3,47.52,521.01,2388.2,8131.71,8.4174,0.03,393,2388,100.0,38.92,23.2686,107
32,85,0.0002,-0.0001,100.0,518.67,642.85,1598.13,1411.63,14.62,21.61,552.28,2388.12,9054.54,1.3,47.55,521.2,2388.14,8135.36,8.4489,0.03,393,2388,100.0,38.7,23.3047,106
32,86,-0.0023,0.0004,100.0,518.67,643.06,1585.69,1408.53,14.62,21.61,553.16,2388.15,9054.91,1.3,47.73,521.57,2388.15,8133.36,8.4214,0.03,394,2388,100.0,38.64,23.2206,105
32,87,-0.0055,0.0,100.0,518.67,642.61,1595.36,1410.62,14.62,21.61,553.02,2388.11,9054.11,1.3,47.57,521.22,2388.15,8129.41,8.4559,0.03,395,2388,100.0,38.72,23.199,104
32,88,0.0002,-0.0003,100.0,518.67,642.78,1596.3,1411.92,14.62,21.61,552.63,2388.12,9057.01,1.3,47.87,521.18,2388.14,8137.99,8.4459,0.03,394,2388,100.0,38.73,23.3565,103
32,89,0.0034,0.0003,100.0,518.67,642.89,1594.13,1407.34,14.62,21.61,553.31,2388.18,9049.28,1.3,47.73,520.81,2388.13,8129.06,8.4104,0.03,393,2388,100.0,38.79,23.2882,102
32,90,-0.0003,0.0002,100.0,518.67,642.09,1586.01,1414.69,14.62,21.61,553.29,2388.11,9051.9,1.3,47.48,521.34,2388.13,8134.85,8.4427,0.03,392,2388,100.0,38.84,23.3455,101
32,91,0.0021,-0.0002,100.0,518.67,642.77,1596.24,1413.26,14.62,21.61,552.51,2388.1,9056.45,1.3,47.57,520.95,2388.15,8137.23,8.4706,0.03,392,2388,100.0,38.73,23.1774,100
32,92,-0.0017,0.0001,100.0,518.67,643.38,1589.51,1406.65,14.62,21.61,553.21,2388.1,9049.65,1.3,47.52,521.42,2388.2,8132.91,8.4738,0.03,393,2388,100.0,38.8,23.2609,99
32,93,0.0031,0.0,100.0,518.67,643.39,1594.65,1414.92,14.62,21.61,552.73,2388.13,9066.16,1.3,47.44,521.25,2388.09,8130.01,8.4672,0.03,392,2388,100.0,38.85,23.1859,98
32,94,-0.0015,-0.0004,100.0,518.67,642.77,1591.56,1408.45,14.62,21.61,553.04,2388.15,9054.53,1.3,47.53,520.82,2388.13,8130.63,8.4531,0.03,393,2388,100.0,38.7,23.1766,97
32,95,0.0007,-0.0001,100.0,518.67,643.06,1592.18,1414.69,14.62,21.61,552.93,2388.18,9055.52,1.3,47.74,521.17,2388.13,8133.89,8.4458,0.03,394,2388,100.0,38.86,23.2536,96
32,96,-0.0014,0.0003,100.0,518.67,643.07,1588.99,1411.76,14.62,21.61,553.27,2388.15,9056.87,1.3,47.8,520.88,2388.13,8138.63,8.466,0.03,392,2388,100.0,38.67,23.224,95
32,97,-0.0021,0.0002,100.0,518.67,642.76,1588.96,1408.98,14.62,21.61,552.91,2388.14,9058.25,1.3,47.78,521.33,2388.14,8140.24,8.4606,0.03,393,2388,100.0,38.75,23.2715,94
32,98,-0.0035,0.0005,100.0,518.67,643.2,1587.12,1408.77,14.62,21.61,552.72,2388.15,9049.99,1.3,47.74,521.35,2388.17,8133.31,8.445,0.03,395,2388,100.0,38.63,23.2593,93
32,99,0.0016,0.0001,100.0,518.67,643.41,1590.54,1404.11,14.62,21.61,553.21,2388.09,9057.3,1.3,47.62,521.05,2388.11,8131.97,8.4415,0.03,393,2388,100.0,38.59,23.2357,92
32,100,0.0026,0.0001,100.0,518.67,643.2,1591.71,1411.12,14.62,21.61,553.11,2388.15,9048.98,1.3,47.75,521.5,2388.14,8132.82,8.4579,0.03,394,2388,100.0,38.73,23.2031,91
32,101,-0.002,-0.0004,100.0,518.67,642.6,1592.93,1415.0,14.62,21.61,553.52,2388.16,9053.15,1.3,47.64,521.05,2388.1,8127.44,8.4534,0.03,394,2388,100.0,38.65,23.3606,90
32,102,0.0014,0.0005,100.0,518.67,642.59,1588.15,1409.09,14.62,21.61,553.41,2388.19,9056.77,1.3,47.72,520.87,2388.15,8134.47,8.4393,0.03,394,2388,100.0,38.73,23.3052,89
32,103,-0.0015,0.0002,100.0,518.67,643.06,1595.24,1417.72,14.62,21.61,552.38,2388.19,9058.18,1.3,47.68,521.43,2388.11,8137.59,8.4561,0.03,394,2388,100.0,38.78,23.2069,88
32,104,0.0013,0.0005,100.0,518.67,642.54,1597.88,1420.69,14.62,21.61,552.66,2388.1,9062.48,1.3,47.74,521.03,2388.17,8131.78,8.4495,0.03,393,2388,100.0,38.84,23.2273,87
32,105,-0.0006,0.0001,100.0,518.67,643.2,1591.51,1418.82,14.62,21.61,552.92,2388.13,9063.99,1.3,47.86,521.25,2388.16,8131.02,8.4513,0.03,394,2388,100.0,38.63,23.1943,86
32,106,0.0,-0.0002,100.0,518.67,642.45,1595.15,1409.14,14.62,21.61,552.96,2388.15,9058.27,1.3,47.6,520.92,2388.17,8136.75,8.4463,0.03,393,2388,100.0,38.66,23.2868,85
32,107,0.0001,0.0004,100.0,518.67,642.59,1597.75,1416.19,14.62,21.61,552.6,2388.11,9054.66,1.3,47.59,520.96,2388.16,8138.93,8.4763,0.03,394,2388,100.0,38.76,23.2579,84
32,108,0.0005,-0.0004,100.0,518.67,642.61,1581.78,1415.2,14.62,21.61,553.01,2388.13,9055.85,1.3,47.67,520.97,2388.14,8134.6,8.4691,0.03,394,2388,100.0,38.9,23.3524,83
32,109,0.0011,0.0003,100.0,518.67,642.18,1591.58,1417.17,14.62,21.61,553.37,2388.12,9056.65,1.3,47.72,520.98,2388.13,8133.76,8.4089,0.03,392,2388,100.0,38.75,23.2752,82
32,110,0.0011,-0.0003,100.0,518.67,642.87,1589.98,1412.99,14.62,21.61,552.98,2388.2,9059.33,1.3,47.68,520.95,2388.18,8136.61,8.4465,0.03,393,2388,100.0,38.6,23.1122,81
32,111,0.0011,0.0002,100.0,518.67,642.41,1585.26,1417.72,14.62,21.61,552.05,2388.15,9052.97,1.3,47.54,521.35,2388.14,8133.06,8.4797,0.03,394,2388,100.0,38.71,23.2641,80
32,112,0.0003,-0.0002,100.0,518.67,642.68,1593.49,1415.1,14.62,21.61,553.09,2388.18,9053.99,1.3,47.51,521.04,2388.14,8135.23,8.4346,0.03,393,2388,100.0,38.78,23.2421,79
32,113,0.0023,0.0001,100.0,518.67,643.03,1591.9,1415.13,14.62,21.61,553.0,2388.12,9051.58,1.3,47.72,520.95,2388.17,8133.59,8.4656,0.03,394,2388,100.0,38.74,23.2313,78
32,114,-0.0028,-0.0004,100.0,518.67,643.17,1587.25,1413.51,14.62,21.61,552.65,2388.13,9052.93,1.3,47.62,521.0,2388.1,8140.75,8.4453,0.03,394,2388,100.0,38.83,23.2744,77
32,115,0.0054,-0.0001,100.0,518.67,643.07,1593.26,1416.45,14.62,21.61,552.99,2388.13,9054.77,1.3,47.8,521.2,2388.15,8132.33,8.4947,0.03,393,2388,100.0,38.63,23.2113,76
32,116,0.0007,-0.0,100.0,518.67,643.57,1597.09,1409.36,14.62,21.61,553.1,2388.15,9055.93,1.3,47.87,521.03,2388.15,8133.01,8.4373,0.03,393,2388,100.0,38.75,23.2187,75
32,117,0.0006,0.0004,100.0,518.67,642.52,1593.45,1415.21,14.62,21.61,553.36,2388.16,9064.43,1.3,47.71,521.1,2388.2,8131.79,8.4616,0.03,394,2388,100.0,38.86,23.2261,74
32,118,0.003,0.0005,100.0,518.67,643.11,1593.08,1414.8,14.62,21.61,552.27,2388.17,9059.45,1.3,48.01,521.28,2388.09,8133.93,8.4897,0.03,393,2388,100.0,38.7,23.286,73
32,119,0.0011,-0.0004,100.0,518.67,643.01,1590.87,1416.1,14.62,21.61,553.11,2388.14,9057.53,1.3,47.62,521.09,2388.15,8137.83,8.4807,0.03,395,2388,100.0,38.72,23.2872,72
32,120,-0.0022,0.0002,100.0,518.67,642.9,1591.17,1413.64,14.62,21.61,552.94,2388.1,9051.45,1.3,47.74,520.8,2388.19,8133.72,8.4746,0.03,394,2388,100.0,38.68,23.1447,71
32,121,-0.0035,0.0002,100.0,518.67,643.19,1604.11,1412.62,14.62,21.61,553.48,2388.1,9051.02,1.3,47.58,520.99,2388.12,8135.07,8.4977,0.03,393,2388,100.0,38.76,23.1846,70
32,122,0.0021,-0.0005,100.0,518.67,642.96,1597.2,1413.93,14.62,21.61,553.12,2388.18,9063.4,1.3,47.65,520.74,2388.17,8135.15,8.4707,0.03,393,2388,100.0,38.72,23.2185,69
32,123,-0.0001,0.0003,100.0,518.67,643.13,1591.25,1412.98,14.62,21.61,552.31,2388.15,9055.48,1.3,47.71,520.75,2388.19,8136.61,8.4612,0.03,396,2388,100.0,38.71,23.1669,68
32,124,-0.0011,0.0001,100.0,518.67,642.76,1592.06,1409.69,14.62,21.61,552.82,2388.13,9059.31,1.3,47.74,520.82,2388.17,8137.47,8.4699,0.03,395,2388,100.0,38.75,23.2803,67
32,125,-0.0032,0.0,100.0,518.67,642.95,1595.26,1412.92,14.62,21.61,553.08,2388.15,9057.4,1.3,47.55,521.1,2388.14,8134.59,8.4861,0.03,394,2388,100.0,38.59,23.1752,66
32,126,0.0007,0.0003,100.0,518.67,642.95,1594.87,1410.98,14.62,21.61,552.83,2388.12,9059.93,1.3,47.73,521.43,2388.11,8138.59,8.4747,0.03,395,2388,100.0,38.84,23.2334,65
32,127,0.0001,0.0001,100.0,518.67,642.86,1595.9,1407.04,14.62,21.61,553.45,2388.17,9064.88,1.3,47.51,520.63,2388.18,8133.59,8.448,0.03,393,2388,100.0,38.7,23.2255,64
32,128,0.002,0.0004,100.0,518.67,642.52,1595.03,1415.11,14.62,21.61,552.92,2388.16,9058.03,1.3,47.67,520.78,2388.14,8135.59,8.4648,0.03,393,2388,100.0,38.45,23.174,63
32,129,-0.0046,0.0004,100.0,518.67,643.15,1594.26,1413.96,14.62,21.61,552.83,2388.15,9060.17,1.3,47.81,520.73,2388.12,8133.86,8.4635,0.03,393,2388,100.0,38.52,23.2761,62
32,130,0.0008,-0.0,100.0,518.67,643.03,1590.84,1411.91,14.62,21.61,553.47,2388.12,9064.48,1.3,47.7,520.69,2388.15,8138.6,8.4462,0.03,393,2388,100.0,38.84,23.1326,61
32,131,-0.0021,-0.0004,100.0,518.67,642.9,1591.69,1420.57,14.62,21.61,552.97,2388.13,9056.59,1.3,47.81,520.71,2388.07,8137.25,8.5212,0.03,394,2388,100.0,38.64,23.2128,60
32,132,-0.0033,0.0004,100.0,518.67,642.97,1590.33,1415.96,14.62,21.61,552.52,2388.15,9067.61,1.3,47.74,520.84,2388.18,8137.2,8.4794,0.03,394,2388,100.0,38.64,23.2253,59
32,133,-0.0011,-0.0004,100.0,518.67,643.21,1592.67,1420.18,14.62,21.61,552.94,2388.13,9067.11,1.3,47.8,521.11,2388.15,8137.22,8.4672,0.03,393,2388,100.0,38.47,23.3179,58
32,134,-0.0011,-0.0003,100.0,518.67,643.22,1593.66,1424.93,14.62,21.61,552.55,2388.16,9062.55,1.3,47.87,520.83,2388.15,8141.62,8.4176,0.03,396,2388,100.0,38.76,23.3021,57
32,135,0.0002,0.0002,100.0,518.67,643.55,1593.32,1414.46,14.62,21.61,553.41,2388.12,9064.05,1.3,48.02,520.93,2388.17,8138.82,8.4974,0.03,393,2388,100.0,38.7,23.1736,56
32,136,0.0012,0.0001,100.0,518.67,642.66,1594.92,1421.56,14.62,21.61,552.04,2388.19,9064.02,1.3,47.69,520.73,2388.17,8139.59,8.4619,0.03,396,2388,100.0,38.72,23.0896,55
32,137,0.0004,-0.0001,100.0,518.67,642.75,1593.97,1417.69,14.62,21.61,552.83,2388.13,9068.08,1.3,47.7,520.6,2388.17,8134.65,8.4465,0.03,395,2388,100.0,38.73,23.2006,54
32,138,0.0001,-0.0004,100.0,518.67,642.51,1596.73,1413.38,14.62,21.61,552.44,2388.18,9060.04,1.3,47.79,521.23,2388.14,8135.84,8.4779,0.03,396,2388,100.0,38.52,23.1638,53
32,139,-0.0011,-0.0,100.0,518.67,642.89,1595.07,1419.87,14.62,21.61,552.7,2388.18,9062.33,1.3,47.83,521.24,2388.17,8142.07,8.4708,0.03,394,2388,100.0,38.63,23.137,52
32,140,-0.0003,-0.0001,100.0,518.67,642.62,1595.38,1420.68,14.62,21.61,552.51,2388.16,9063.17,1.3,47.82,521.03,2388.2,8140.08,8.4586,0.03,394,2388,100.0,38.62,23.1936,51
32,141,0.0,0.0003,100.0,518.67,643.24,1587.72,1424.15,14.62,21.61,552.87,2388.18,9063.91,1.3,47.83,520.78,2388.15,8134.66,8.4927,0.03,393,2388,100.0,38.72,23.1835,50
32,142,-0.0014,-0.0003,100.0,518.67,643.44,1598.61,1419.27,14.62,21.61,551.78,2388.2,9069.36,1.3,47.57,520.99,2388.23,8146.8,8.5028,0.03,395,2388,100.0,38.66,23.2004,49
32,143,0.0017,-0.0001,100.0,518.67,643.62,1595.09,1412.56,14.62,21.61,552.46,2388.16,9063.27,1.3,47.98,520.79,2388.12,8148.47,8.4774,0.03,396,2388,100.0,38.71,23.2323,48
32,144,0.0056,0.0005,100.0,518.67,642.82,1597.47,1412.12,14.62,21.61,552.59,2388.13,9064.58,1.3,47.85,521.03,2388.2,8136.23,8.4474,0.03,395,2388,100.0,38.59,23.2716,47
32,145,0.0005,-0.0004,100.0,518.67,643.13,1598.2,1425.74,14.62,21.61,552.09,2388.14,9067.22,1.3,47.86,521.04,2388.17,8139.74,8.4731,0.03,395,2388,100.0,38.55,23.1409,46
32,146,-0.0012,0.0005,100.0,518.67,643.28,1586.29,1413.99,14.62,21.61,551.89,2388.11,9059.93,1.3,47.85,520.67,2388.16,8140.26,8.4833,0.03,395,2388,100.0,38.69,23.2742,45
32,147,-0.0023,-0.0003,100.0,518.67,643.13,1597.63,1412.88,14.62,21.61,553.07,2388.19,9065.31,1.3,47.86,521.15,2388.19,8139.57,8.4825,0.03,394,2388,100.0,38.69,23.278,44
32,148,0.0025,-0.0001,100.0,518.67,643.06,1592.59,1415.64,14.62,21.61,552.44,2388.16,9069.13,1.3,47.72,520.62,2388.17,8144.06,8.4777,0.03,395,2388,100.0,38.61,23.2173,43
32,149,-0.0012,-0.0002,100.0,518.67,643.07,1599.17,1415.65,14.62,21.61,552.34,2388.16,9069.92,1.3,47.61,520.32,2388.12,8141.68,8.4888,0.03,395,2388,100.0,38.58,23.2535,42
32,150,0.0009,-0.0001,100.0,518.67,643.12,1591.1,1414.27,14.62,21.61,552.33,2388.16,9063.65,1.3,47.88,520.67,2388.2,8138.53,8.4758,0.03,393,2388,100.0,38.61,23.2106,41
32,151,-0.0016,0.0,100.0,518.67,642.64,1594.11,1416.67,14.62,21.61,552.52,2388.13,9066.89,1.3,47.93,520.39,2388.19,8144.03,8.4651,0.03,395,2388,100.0,38.53,23.1815,40
32,152,0.0021,0.0,100.0,518.67,643.5,1595.9,1418.22,14.62,21.61,552.91,2388.22,9070.08,1.3,47.78,520.79,2388.15,8141.92,8.4842,0.03,395,2388,100.0,38.65,23.1338,39
32,153,-0.004,0.0002,100.0,518.67,643.43,1595.09,1414.1,14.62,21.61,552.59,2388.17,9074.86,1.3,47.76,520.23,2388.21,8140.38,8.4905,0.03,395,2388,100.0,38.42,23.0981,38
32,154,0.0005,0.0003,100.0,518.67,643.02,1599.29,1419.79,14.62,21.61,551.88,2388.19,9061.37,1.3,47.88,520.1,2388.14,8137.89,8.4771,0.03,395,2388,100.0,38.67,23.1298,37
32,155,-0.0005,-0.0003,100.0,518.67,642.94,1590.69,1423.71,14.62,21.61,552.35,2388.16,9063.34,1.3,47.71,520.38,2388.18,8139.65,8.4572,0.03,395,2388,100.0,38.48,23.2381,36
32,156,-0.0056,-0.0004,100.0,518.67,643.06,1600.69,1417.16,14.62,21.61,552.29,2388.14,9064.17,1.3,47.9,520.74,2388.11,8145.43,8.4965,0.03,395,2388,100.0,38.65,23.1552,35
32,157,-0.0006,-0.0004,100.0,518.67,643.08,1593.49,1423.07,14.62,21.61,552.54,2388.16,9066.76,1.3,47.82,520.4,2388.17,8142.08,8.468,0.03,393,2388,100.0,38.64,23.2297,34
32,158,0.0004,0.0001,100.0,518.67,642.97,1604.48,1423.25,14.62,21.61,552.39,2388.21,9067.46,1.3,47.93,520.52,2388.18,8142.12,8.5064,0.03,396,2388,100.0,38.56,23.1026,33
32,159,-0.0016,-0.0004,100.0,518.67,643.25,1603.5,1424.0,14.62,21.61,551.69,2388.15,9073.62,1.3,47.94,519.69,2388.17,8142.11,8.4864,0.03,396,2388,100.0,38.46,23.1657,32
32,160,-0.0004,0.0002,100.0,518.67,642.97,1592.5,1414.76,14.62,21.61,552.53,2388.19,9077.78,1.3,47.86,520.24,2388.17,8146.88,8.4829,0.03,395,2388,100.0,38.47,23.0734,31
32,161,0.002,-0.0001,100.0,518.67,643.23,1585.11,1427.52,14.62,21.61,551.84,2388.2,9074.32,1.3,48.12,520.11,2388.18,8150.09,8.4795,0.03,397,2388,100.0,38.61,23.1756,30
32,162,0.0008,0.0003,100.0,518.67,643.17,1598.09,1416.42,14.62,21.61,552.1,2388.17,9069.1,1.3,47.94,521.11,2388.21,8149.07,8.4925,0.03,394,2388,100.0,38.47,23.248,29
32,163,-0.0007,-0.0005,100.0,518.67,643.59,1595.62,1425.06,14.62,21.61,552.57,2388.24,9070.79,1.3,47.88,520.14,2388.21,8138.44,8.4907,0.03,396,2388,100.0,38.77,23.0088,28
32,164,0.0002,-0.0003,100.0,518.67,643.25,1600.47,1416.92,14.62,21.61,552.09,2388.23,9079.07,1.3,47.99,520.61,2388.17,8144.57,8.5228,0.03,395,2388,100.0,38.71,23.2542,27
32,165,-0.0011,0.0001,100.0,518.67,643.37,1601.42,1420.93,14.62,21.61,551.9,2388.16,9068.0,1.3,48.05,520.64,2388.21,8147.39,8.5018,0.03,395,2388,100.0,38.61,23.0816,26
32,166,0.0009,-0.0002,100.0,518.67,643.07,1599.14,1426.65,14.62,21.61,551.75,2388.19,9076.82,1.3,47.95,519.98,2388.24,8152.16,8.5067,0.03,395,2388,100.0,38.67,23.066,25
32,167,-0.0013,-0.0003,100.0,518.67,643.63,1600.23,1424.4,14.62,21.61,551.43,2388.22,9073.91,1.3,47.95,520.09,2388.19,8147.12,8.4941,0.03,396,2388,100.0,38.49,23.11,24
32,168,0.0006,0.0001,100.0,518.67,643.79,1598.7,1420.09,14.62,21.61,552.22,2388.23,9071.83,1.3,48.1,520.21,2388.19,8147.31,8.4841,0.03,395,2388,100.0,38.69,23.0624,23
32,169,0.0012,0.0001,100.0,518.67,643.71,1602.69,1423.19,14.62,21.61,551.15,2388.19,9068.05,1.3,47.76,520.13,2388.19,8149.31,8.5271,0.03,395,2388,100.0,38.57,23.1569,22
32,170,-0.0003,0.0002,100.0,518.67,643.54,1596.95,1416.23,14.62,21.61,552.38,2388.15,9076.58,1.3,48.11,520.81,2388.21,8150.55,8.4951,0.03,395,2388,100.0,38.57,23.1431,21
32,171,-0.0041,-0.0005,100.0,518.67,643.29,1595.19,1422.27,14.62,21.61,551.8,2388.18,9074.73,1.3,48.02,520.21,2388.19,8144.99,8.4753,0.03,396,2388,100.0,38.54,23.2284,20
32,172,-0.0016,-0.0004,100.0,518.67,643.24,1599.06,1424.99,14.62,21.61,552.09,2388.18,9076.53,1.3,48.05,519.91,2388.2,8150.06,8.5169,0.03,395,2388,100.0,38.44,23.0351,19
32,173,0.0011,-0.0001,100.0,518.67,643.73,1602.88,1423.61,14.62,21.61,551.12,2388.22,9082.25,1.3,48.17,520.13,2388.21,8149.42,8.4917,0.03,396,2388,100.0,38.46,23.0737,18
32,174,0.0019,0.0001,100.0,518.67,643.38,1599.59,1418.3,14.62,21.61,551.35,2388.25,9078.77,1.3,47.99,519.9,2388.22,8150.37,8.5494,0.03,395,2388,100.0,38.64,23.1118,17
32,175,-0.0012,0.0005,100.0,518.67,643.54,1597.73,1417.94,14.62,21.61,551.31,2388.24,9081.04,1.3,48.04,520.43,2388.17,8151.34,8.4674,0.03,396,2388,100.0,38.54,23.1733,16
32,176,0.0014,0.0004,100.0,518.67,643.56,1595.79,1427.29,14.62,21.61,551.37,2388.18,9078.08,1.3,47.93,520.0,2388.2,8151.65,8.4987,0.03,395,2388,100.0,38.59,23.156,15
32,177,-0.0003,-0.0002,100.0,518.67,643.4,1597.47,1428.69,14.62,21.61,552.22,2388.23,9084.62,1.3,48.15,519.85,2388.19,8150.67,8.4842,0.03,397,2388,100.0,38.49,22.9933,14
32,178,-0.0006,0.0003,100.0,518.67,643.34,1597.84,1430.73,14.62,21.61,552.15,2388.2,9083.82,1.3,48.14,519.83,2388.26,8150.02,8.52,0.03,397,2388,100.0,38.51,23.0393,13
32,179,-0.0,-0.0005,100.0,518.67,643.71,1604.82,1422.95,14.62,21.61,550.76,2388.2,9081.84,1.3,48.09,520.05,2388.28,8150.75,8.49,0.03,396,2388,100.0,38.43,23.0918,12
32,180,0.0006,0.0003,100.0,518.67,643.11,1604.94,1423.33,14.62,21.61,551.72,2388.17,9079.93,1.3,48.1,520.41,2388.18,8153.95,8.5034,0.03,397,2388,100.0,38.61,23.1649,11
32,181,0.0029,0.0005,100.0,518.67,643.82,1605.61,1427.33,14.62,21.61,551.75,2388.21,9076.89,1.3,48.0,519.93,2388.16,8150.6,8.5359,0.03,398,2388,100.0,38.46,23.0849,10
32,182,0.0027,-0.0004,100.0,518.67,643.35,1600.74,1421.69,14.62,21.61,551.3,2388.18,9086.81,1.3,47.9,519.93,2388.17,8154.16,8.488,0.03,395,2388,100.0,38.54,23.0462,9
32,183,0.0004,-0.0004,100.0,518.67,643.33,1599.92,1427.48,14.62,21.61,552.27,2388.18,9081.34,1.3,48.23,520.09,2388.24,8154.37,8.5098,0.03,395,2388,100.0,38.62,23.1186,8
32,184,0.002,-0.0002,100.0,518.67,643.77,1592.4,1429.07,14.62,21.61,551.39,2388.21,9089.39,1.3,48.3,520.37,2388.23,8156.38,8.474,0.03,395,2388,100.0,38.47,23.2104,7
32,185,0.0025,-0.0005,100.0,518.67,643.63,1604.23,1428.19,14.62,21.61,551.34,2388.22,9090.48,1.3,48.07,520.46,2388.24,8155.41,8.4894,0.03,396,2388,100.0,38.48,23.0683,6
32,186,0.0027,0.0001,100.0,518.67,643.04,1600.38,1427.36,14.62,21.61,551.28,2388.27,9092.4,1.3,48.18,520.02,2388.21,8152.81,8.5223,0.03,397,2388,100.0,38.39,23.0851,5
32,187,-0.0018,-0.0004,100.0,518.67,643.66,1597.73,1431.95,14.62,21.61,551.39,2388.21,9088.75,1.3,48.02,520.29,2388.21,8153.27,8.5203,0.03,395,2388,100.0,38.52,23.0518,4
32,188,0.0012,0.0004,100.0,518.67,643.18,1603.72,1433.31,14.62,21.61,551.27,2388.22,9085.92,1.3,48.1,519.72,2388.21,8156.89,8.5276,0.03,396,2388,100.0,38.58,23.0711,3
32,189,0.0016,-0.0003,100.0,518.67,643.49,1602.65,1429.42,14.62,21.61,551.72,2388.17,9087.26,1.3,48.23,520.03,2388.2,8154.47,8.5147,0.03,397,2388,100.0,38.47,23.1576,2
32,190,-0.0012,0.0001,100.0,518.67,643.88,1608.09,1430.3,14.62,21.61,551.6,2388.27,9095.02,1.3,48.14,519.72,2388.21,8158.32,8.549,0.03,397,2388,100.0,38.48,23.0643,1
32,191,0.0013,-0.0003,100.0,518.67,643.35,1605.39,1435.15,14.62,21.61,551.45,2388.18,9089.9,1.3,48.53,519.65,2388.21,8156.17,8.5372,0.03,396,2388,100.0,38.3,23.1225,0
33,1,-0.0021,0.0003,100.0,518.67,642.24,1584.98,1396.83,14.62,21.61,554.03,2388.01,9057.65,1.3,47.21,522.49,2388.03,8145.03,8.3918,0.03,390,2388,100.0,38.9,23.5107,199
33,2,0.004,0.0004,100.0,518.67,642.24,1584.36,1395.22,14.62,21.6,554.72,2388.04,9065.4,1.3,47.22,523.16,2387.99,8138.39,8.3998,0.03,391,2388,100.0,38.96,23.2986,198
33,3,0.0021,0.0003,100.0,518.67,642.09,1584.35,1397.91,14.62,21.61,554.19,2387.97,9066.69,1.3,47.16,521.7,2388.0,8142.27,8.3713,0.03,391,2388,100.0,39.0,23.2993,197
33,4,0.0001,0.0005,100.0,518.67,642.01,1579.06,1400.32,14.62,21.61,554.09,2387.99,9059.67,1.3,47.08,522.57,2387.95,8142.49,8.3884,0.03,391,2388,100.0,39.01,23.4489,196
33,5,0.0036,0.0004,100.0,518.67,641.84,1585.45,1398.53,14.62,21.61,554.38,2387.99,9067.52,1.3,47.06,522.2,2387.98,8148.44,8.3859,0.03,391,2388,100.0,38.98,23.3944,195
33,6,0.0009,-0.0002,100.0,518.67,641.6,1577.55,1396.63,14.62,21.61,554.21,2387.99,9055.7,1.3,47.16,521.89,2388.01,8146.01,8.3591,0.03,390,2388,100.0,39.11,23.4429,194
33,7,-0.0042,0.0004,100.0,518.67,641.96,1581.63,1401.66,14.62,21.6,553.82,2388.0,9063.57,1.3,47.02,522.13,2388.01,8142.59,8.3696,0.03,392,2388,100.0,38.87,23.4763,193
33,8,0.0003,0.0004,100.0,518.67,641.91,1581.19,1395.91,14.62,21.61,554.74,2388.03,9059.89,1.3,47.01,522.11,2387.98,8144.77,8.4009,0.03,391,2388,100.0,38.96,23.443,192
33,9,-0.0025,-0.0002,100.0,518.67,642.39,1584.46,1396.13,14.62,21.61,554.5,2387.99,9071.35,1.3,47.15,522.74,2387.97,8145.61,8.4148,0.03,392,2388,100.0,39.1,23.3631,191
33,10,0.0014,-0.0001,100.0,518.67,642.14,1579.37,1394.44,14.62,21.61,553.99,2388.03,9054.61,1.3,47.27,522.84,2387.96,8150.38,8.3762,0.03,391,2388,100.0,38.94,23.3957,190
33,11,-0.0006,-0.0,100.0,518.67,641.36,1582.87,1403.9,14.62,21.6,554.43,2387.99,9070.19,1.3,47.16,522.47,2387.99,8147.42,8.435,0.03,392,2388,100.0,38.82,23.4143,189
33,12,0.0011,0.0,100.0,518.67,642.26,1580.99,1394.07,14.62,21.61,554.33,2388.01,9060.03,1.3,47.14,522.65,2388.0,8145.21,8.3998,0.03,392,2388,100.0,39.11,23.459,188
33,13,-0.0041,-0.0,100.0,518.67,642.3,1581.8,1394.13,14.62,21.61,554.2,2387.99,9053.45,1.3,47.25,522.63,2388.0,8139.45,8.4064,0.03,391,2388,100.0,38.94,23.4752,187
33,14,-0.0016,-0.0004,100.0,518.67,642.01,1582.26,1394.42,14.62,21.61,554.44,2387.98,9060.31,1.3,47.17,522.31,2388.01,8144.7,8.3571,0.03,392,2388,100.0,39.13,23.4963,186
33,15,-0.0008,0.0005,100.0,518.67,642.06,1584.74,1395.96,14.62,21.6,555.06,2387.95,9060.74,1.3,47.25,522.52,2388.03,8141.85,8.3835,0.03,390,2388,100.0,39.0,23.5347,185
33,16,0.0023,0.0002,100.0,518.67,641.71,1574.02,1393.09,14.62,21.61,554.94,2387.95,9061.0,1.3,47.17,522.37,2387.99,8144.73,8.3643,0.03,393,2388,100.0,39.06,23.3248,184
33,17,-0.001,0.0005,100.0,518.67,641.93,1577.88,1388.35,14.62,21.61,555.01,2387.96,9058.57,1.3,47.06,523.07,2388.0,8145.63,8.3736,0.03,392,2388,100.0,38.98,23.3902,183
33,18,-0.0018,0.0005,100.0,518.67,642.26,1580.78,1397.48,14.62,21.6,555.27,2387.99,9062.84,1.3,47.09,523.27,2387.98,8145.53,8.3752,0.03,392,2388,100.0,39.08,23.3638,182
33,19,0.0002,-0.0002,100.0,518.67,641.7,1587.63,1402.12,14.62,21.6,554.26,2388.01,9061.05,1.3,47.04,522.58,2387.98,8146.15,8.4159,0.03,391,2388,100.0,38.88,23.5072,181
33,20,-0.0005,-0.0,100.0,518.67,642.05,1576.02,1397.76,14.62,21.6,554.31,2387.98,9066.53,1.3,47.24,522.55,2387.95,8144.91,8.4065,0.03,390,2388,100.0,38.98,23.4197,180
33,21,-0.0009,0.0001,100.0,518.67,642.05,1579.53,1400.87,14.62,21.61,554.11,2388.08,9062.58,1.3,46.89,523.38,2387.94,8147.31,8.425,0.03,391,2388,100.0,39.07,23.3869,179
33,22,0.0022,0.0,100.0,518.67,642.31,1584.54,1393.14,14.62,21.61,554.65,2388.04,9056.5,1.3,47.15,522.94,2388.05,8144.43,8.4137,0.03,393,2388,100.0,38.96,23.5036,178
33,23,0.0004,0.0002,100.0,518.67,641.98,1576.94,1396.29,14.62,21.61,554.09,2388.01,9063.67,1.3,47.11,521.93,2388.0,8145.87,8.3671,0.03,392,2388,100.0,39.1,23.4241,177
33,24,0.0024,-0.0004,100.0,518.67,641.7,1593.21,1394.35,14.62,21.61,554.56,2388.0,9055.05,1.3,47.21,522.79,2387.97,8139.96,8.3764,0.03,392,2388,100.0,39.16,23.491,176
33,25,0.0018,-0.0004,100.0,518.67,642.34,1588.46,1398.95,14.62,21.61,554.47,2388.02,9053.97,1.3,47.19,522.48,2388.0,8145.9,8.387,0.03,391,2388,100.0,39.09,23.3641,175
33,26,-0.0001,-0.0,100.0,518.67,641.62,1588.24,1396.42,14.62,21.61,554.19,2387.99,9061.27,1.3,47.27,522.32,2387.98,8138.38,8.4039,0.03,391,2388,100.0,38.88,23.3954,174
33,27,0.0009,0.0003,100.0,518.67,641.79,1590.44,1388.88,14.62,21.6,554.72,2388.05,9056.7,1.3,47.07,522.76,2388.02,8141.25,8.3778,0.03,390,2388,100.0,38.98,23.3423,173
33,28,-0.0003,0.0001,100.0,518.67,641.47,1582.45,1394.62,14.62,21.61,554.26,2388.01,9057.51,1.3,47.11,522.35,2387.99,8146.18,8.3938,0.03,390,2388,100.0,38.92,23.362,172
33,29,0.0035,-0.0001,100.0,518.67,641.97,1587.11,1392.43,14.62,21.6,554.6,2387.96,9065.0,1.3,47.22,522.47,2388.01,8149.93,8.386,0.03,392,2388,100.0,39.09,23.491,171
33,30,0.0008,-0.0001,100.0,518.67,641.73,1585.99,1390.69,14.62,21.61,554.19,2387.97,9060.93,1.3,47.15,522.21,2387.99,8142.34,8.3904,0.03,392,2388,100.0,39.01,23.4067,170
33,31,-0.002,-0.0004,100.0,518.67,642.2,1579.74,1402.15,14.62,21.61,555.04,2388.0,9057.82,1.3,47.01,522.55,2387.98,8142.21,8.3681,0.03,391,2388,100.0,39.07,23.5123,169
33,32,0.0026,-0.0004,100.0,518.67,642.0,1582.29,1395.04,14.62,21.61,554.47,2387.97,9062.42,1.3,47.11,522.77,2387.95,8147.15,8.3576,0.03,392,2388,100.0,39.03,23.4168,168
33,33,0.0025,-0.0001,100.0,518.67,641.78,1583.2,1393.37,14.62,21.6,554.53,2388.01,9060.11,1.3,47.15,522.26,2388.02,8144.21,8.388,0.03,392,2388,100.0,39.19,23.4803,167
33,34,0.0009,0.0001,100.0,518.67,642.26,1575.58,1389.75,14.62,21.61,554.11,2387.99,9070.02,1.3,47.3,522.37,2387.99,8146.73,8.3889,0.03,392,2388,100.0,39.11,23.4375,166
33,35,0.0005,0.0001,100.0,518.67,641.93,1590.11,1393.44,14.62,21.61,555.08,2388.04,9059.7,1.3,47.12,522.03,2388.03,8139.14,8.399,0.03,393,2388,100.0,39.1,23.441,165
33,36,0.0008,-0.0003,100.0,518.67,642.17,1588.51,1395.5,14.62,21.61,554.54,2387.92,9055.12,1.3,47.05,522.1,2388.07,8150.92,8.3667,0.03,393,2388,100.0,39.08,23.475,164
33,37,-0.0024,0.0005,100.0,518.67,641.87,1588.53,1403.8,14.62,21.61,554.75,2388.01,9056.58,1.3,47.25,522.89,2387.94,8143.31,8.3528,0.03,392,2388,100.0,38.99,23.3981,163
33,38,-0.0013,-0.0004,100.0,518.67,641.6,1589.54,1390.76,14.62,21.61,554.28,2388.02,9057.82,1.3,47.08,522.02,2388.01,8141.48,8.401,0.03,390,2388,100.0,38.99,23.4052,162
33,39,-0.0021,-0.0003,100.0,518.67,642.4,1574.81,1400.98,14.62,21.61,554.8,2388.01,9066.05,1.3,46.97,522.8,2387.99,8141.83,8.3772,0.03,393,2388,100.0,38.91,23.5746,161
33,40,0.001,-0.0002,100.0,518.67,642.4,1576.28,1393.05,14.62,21.61,554.22,2387.98,9062.38,1.3,47.16,522.64,2388.03,8146.42,8.403,0.03,391,2388,100.0,39.17,23.4219,160
33,41,0.0004,-0.0004,100.0,518.67,642.27,1584.62,1397.32,14.62,21.61,554.06,2387.97,9064.37,1.3,47.23,522.62,2387.98,8145.79,8.401,0.03,390,2388,100.0,39.12,23.4323,159
33,42,0.003,-0.0,100.0,518.67,641.96,1587.84,1401.25,14.62,21.61,554.21,2388.0,9056.35,1.3,47.0,522.68,2388.03,8145.74,8.3805,0.03,391,2388,100.0,39.0,23.4304,158
33,43,0.0015,0.0002,100.0,518.67,642.16,1581.26,1392.66,14.62,21.61,554.74,2388.02,9066.34,1.3,47.08,522.83,2387.97,8145.16,8.4012,0.03,391,2388,100.0,38.88,23.5104,157
33,44,-0.0055,-0.0001,100.0,518.67,642.02,1585.53,1394.83,14.62,21.61,554.53,2387.98,9065.13,1.3,47.1,521.85,2388.0,8150.67,8.3861,0.03,392,2388,100.0,38.96,23.4322,156
33,45,0.0012,-0.0004,100.0,518.67,642.18,1579.23,1397.56,14.62,21.61,554.52,2388.02,9065.03,1.3,47.21,522.92,2388.0,8148.39,8.3851,0.03,392,2388,100.0,39.01,23.3907,155
33,46,-0.0038,-0.0003,100.0,518.67,641.92,1590.06,1400.34,14.62,21.6,554.72,2387.97,9065.26,1.3,47.07,522.85,2387.99,8148.92,8.3853,0.03,392,2388,100.0,38.97,23.4452,154
33,47,0.0013,0.0001,100.0,518.67,642.02,1583.19,1396.42,14.62,21.61,554.55,2388.06,9059.28,1.3,47.08,522.9,2388.0,8142.98,8.423,0.03,390,2388,100.0,39.01,23.4638,153
33,48,0.0012,0.0001,100.0,518.67,642.11,1578.65,1397.55,14.62,21.61,554.12,2388.03,9064.34,1.3,47.42,522.62,2388.04,8142.1,8.3831,0.03,391,2388,100.0,38.98,23.5047,152
33,49,-0.0025,-0.0004,100.0,518.67,641.87,1581.41,1401.23,14.62,21.61,554.02,2388.01,9063.85,1.3,47.18,522.58,2388.08,8143.75,8.3953,0.03,391,2388,100.0,39.01,23.4052,151
33,50,-0.0024,0.0002,100.0,518.67,642.02,1584.53,1405.07,14.62,21.61,553.93,2388.0,9063.77,1.3,47.08,522.35,2387.99,8145.33,8.3966,0.03,392,2388,100.0,39.07,23.5215,150
33,51,-0.0003,0.0001,100.0,518.67,642.07,1576.2,1406.53,14.62,21.61,554.25,2388.02,9060.91,1.3,47.21,522.1,2387.97,8144.15,8.3708,0.03,391,2388,100.0,39.21,23.3286,149
33,52,0.0009,-0.0003,100.0,518.67,642.27,1587.58,1394.06,14.62,21.61,554.4,2387.98,9059.61,1.3,46.92,521.9,2388.02,8141.7,8.4418,0.03,392,2388,100.0,38.95,23.4549,148
33,53,0.0028,0.0001,100.0,518.67,642.0,1581.9,1402.88,14.62,21.6,554.05,2388.04,9057.54,1.3,47.13,521.78,2388.0,8144.6,8.4179,0.03,392,2388,100.0,39.07,23.4021,147
33,54,-0.001,-0.0002,100.0,518.67,642.1,1582.75,1396.31,14.62,21.6,554.73,2388.03,9058.17,1.3,47.14,522.24,2387.97,8138.87,8.3936,0.03,392,2388,100.0,39.01,23.3104,146
33,55,0.0024,-0.0,100.0,518.67,642.09,1588.87,1392.6,14.62,21.61,555.32,2387.98,9060.19,1.3,47.25,522.43,2388.02,8142.29,8.4047,0.03,391,2388,100.0,38.99,23.289,145
33,56,0.0008,-0.0002,100.0,518.67,641.62,1587.93,1403.26,14.62,21.61,554.42,2387.94,9061.67,1.3,47.14,522.65,2387.96,8144.15,8.3811,0.03,392,2388,100.0,39.11,23.411,144
33,57,-0.004,-0.0004,100.0,518.67,642.45,1572.76,1401.24,14.62,21.61,554.76,2387.99,9066.35,1.3,47.19,522.38,2387.98,8147.42,8.4129,0.03,391,2388,100.0,39.27,23.3795,143
33,58,0.0039,-0.0004,100.0,518.67,642.23,1583.8,1399.63,14.62,21.61,554.04,2387.99,9069.02,1.3,47.11,522.44,2388.0,8143.5,8.3937,0.03,391,2388,100.0,39.14,23.5011,142
33,59,0.0039,-0.0005,100.0,518.67,642.16,1588.27,1394.98,14.62,21.61,554.09,2388.02,9056.56,1.3,47.26,522.36,2387.98,8147.2,8.3942,0.03,392,2388,100.0,39.21,23.4428,141
33,60,0.0008,-0.0001,100.0,518.67,642.5,1585.65,1392.73,14.62,21.61,555.11,2388.01,9061.67,1.3,47.15,522.05,2388.02,8149.72,8.3698,0.03,393,2388,100.0,39.0,23.3748,140
33,61,0.0016,0.0003,100.0,518.67,642.1,1582.95,1401.52,14.62,21.61,554.55,2388.04,9064.15,1.3,47.33,522.69,2388.01,8147.38,8.392,0.03,392,2388,100.0,39.12,23.3367,139
33,62,0.004,0.0004,100.0,518.67,642.19,1590.18,1396.74,14.62,21.61,554.06,2388.02,9060.39,1.3,47.27,522.3,2387.95,8151.07,8.3588,0.03,391,2388,100.0,38.94,23.4153,138
33,63,0.0014,-0.0004,100.0,518.67,642.53,1587.11,1394.36,14.62,21.6,554.49,2388.01,9062.64,1.3,47.17,522.76,2387.97,8146.11,8.4009,0.03,392,2388,100.0,39.04,23.3596,137
33,64,-0.0028,-0.0003,100.0,518.67,642.09,1588.64,1393.61,14.62,21.61,554.03,2388.01,9066.17,1.3,47.12,522.11,2388.02,8146.19,8.4084,0.03,393,2388,100.0,38.87,23.4436,136
33,65,0.0033,0.0,100.0,518.67,642.49,1580.96,1403.85,14.62,21.61,554.17,2388.01,9059.15,1.3,47.15,522.36,2388.05,8140.82,8.4129,0.03,390,2388,100.0,38.9,23.435,135
33,66,-0.0039,-0.0004,100.0,518.67,642.99,1582.59,1399.58,14.62,21.61,554.15,2387.98,9052.16,1.3,47.17,522.14,2388.03,8147.85,8.4236,0.03,392,2388,100.0,39.1,23.3718,134
33,67,0.0007,0.0001,100.0,518.67,642.64,1581.92,1397.59,14.62,21.61,553.87,2388.03,9074.83,1.3,47.21,521.48,2387.99,8143.2,8.4268,0.03,392,2388,100.0,39.11,23.4046,133
33,68,-0.0012,-0.0004,100.0,518.67,642.43,1585.74,1389.39,14.62,21.61,554.72,2387.97,9064.09,1.3,47.24,522.66,2388.0,8151.73,8.3754,0.03,392,2388,100.0,38.99,23.473,132
33,69,-0.0023,0.0004,100.0,518.67,642.1,1585.42,1405.19,14.62,21.61,553.78,2387.96,9065.64,1.3,47.2,522.02,2388.01,8149.72,8.3676,0.03,394,2388,100.0,38.91,23.3597,131
33,70,-0.0013,-0.0001,100.0,518.67,641.69,1592.19,1397.87,14.62,21.61,554.39,2388.04,9067.55,1.3,47.31,522.54,2388.04,8147.1,8.3833,0.03,392,2388,100.0,39.12,23.4229,130
33,71,0.0019,-0.0002,100.0,518.67,642.21,1581.15,1397.43,14.62,21.61,554.12,2387.99,9067.32,1.3,47.07,522.45,2388.04,8146.21,8.4209,0.03,392,2388,100.0,38.99,23.4438,129
33,72,-0.0001,0.0004,100.0,518.67,642.35,1581.99,1395.39,14.62,21.61,554.75,2388.03,9062.21,1.3,47.24,522.72,2388.01,8140.42,8.395,0.03,391,2388,100.0,39.12,23.3829,128
33,73,0.0017,-0.0002,100.0,518.67,642.16,1587.72,1403.88,14.62,21.61,553.73,2388.01,9062.02,1.3,47.34,522.55,2387.96,8145.34,8.4286,0.03,392,2388,100.0,39.1,23.5215,127
33,74,-0.0007,-0.0001,100.0,518.67,642.09,1579.89,1400.88,14.62,21.61,554.37,2388.02,9060.39,1.3,47.25,522.84,2387.99,8144.88,8.3881,0.03,392,2388,100.0,39.06,23.3631,126
33,75,0.0008,0.0004,100.0,518.67,642.0,1587.11,1393.02,14.62,21.61,554.19,2388.01,9058.79,1.3,47.16,522.2,2388.0,8146.12,8.3973,0.03,391,2388,100.0,39.08,23.3527,125
33,76,0.0007,0.0005,100.0,518.67,641.91,1588.38,1394.83,14.62,21.61,554.31,2388.03,9067.52,1.3,47.18,522.29,2388.04,8142.07,8.376,0.03,391,2388,100.0,39.05,23.3119,124
33,77,0.0012,0.0005,100.0,518.67,642.66,1585.98,1403.68,14.62,21.6,554.97,2387.98,9062.06,1.3,47.29,521.66,2387.97,8144.72,8.3647,0.03,390,2388,100.0,39.18,23.4646,123
33,78,-0.0017,0.0001,100.0,518.67,642.62,1582.58,1397.84,14.62,21.61,554.96,2388.03,9071.95,1.3,47.2,522.81,2388.05,8141.95,8.4269,0.03,391,2388,100.0,38.98,23.4772,122
33,79,-0.001,-0.0002,100.0,518.67,642.18,1588.24,1408.21,14.62,21.61,553.82,2388.04,9056.81,1.3,47.21,522.41,2388.04,8140.47,8.4123,0.03,392,2388,100.0,39.01,23.4434,121
33,80,-0.0006,-0.0,100.0,518.67,642.43,1587.82,1396.6,14.62,21.61,554.52,2387.94,9060.19,1.3,47.09,522.62,2388.02,8144.69,8.4134,0.03,391,2388,100.0,38.84,23.4007,120
33,81,-0.0021,-0.0,100.0,518.67,641.86,1580.87,1404.98,14.62,21.61,554.02,2388.01,9055.19,1.3,47.3,522.46,2388.04,8148.99,8.3665,0.03,391,2388,100.0,38.97,23.4203,119
33,82,0.0023,-0.0002,100.0,518.67,641.9,1584.67,1396.36,14.62,21.61,553.65,2388.05,9061.6,1.3,47.25,522.16,2388.01,8146.28,8.3725,0.03,390,2388,100.0,39.14,23.4846,118
33,83,-0.0004,-0.0001,100.0,518.67,641.95,1576.85,1392.43,14.62,21.61,553.87,2387.96,9051.13,1.3,47.01,522.85,2388.05,8146.7,8.4177,0.03,393,2388,100.0,38.98,23.3826,117
33,84,-0.0003,0.0001,100.0,518.67,642.53,1580.11,1399.74,14.62,21.61,554.81,2387.97,9060.87,1.3,47.15,523.23,2388.01,8142.15,8.4128,0.03,393,2388,100.0,39.07,23.4714,116
33,85,-0.0011,-0.0002,100.0,518.67,642.94,1586.47,1401.0,14.62,21.61,554.43,2387.99,9069.37,1.3,47.37,522.2,2388.03,8149.58,8.4002,0.03,392,2388,100.0,38.89,23.3886,115
33,86,-0.0008,0.0004,100.0,518.67,642.33,1583.74,1398.29,14.62,21.61,553.88,2388.04,9060.34,1.3,47.25,522.36,2387.96,8147.4,8.3993,0.03,389,2388,100.0,38.89,23.4605,114
33,87,-0.0022,0.0001,100.0,518.67,641.88,1583.15,1399.51,14.62,21.61,555.04,2388.06,9060.79,1.3,47.27,522.42,2388.02,8143.58,8.3898,0.03,391,2388,100.0,39.07,23.4565,113
33,88,-0.0014,-0.0002,100.0,518.67,642.75,1585.45,1394.73,14.62,21.61,554.73,2388.0,9063.99,1.3,47.4,522.08,2388.0,8148.88,8.4114,0.03,392,2388,100.0,39.08,23.4336,112
33,89,0.0001,-0.0002,100.0,518.67,642.11,1581.37,1393.07,14.62,21.61,554.11,2387.99,9053.55,1.3,47.34,522.01,2388.01,8151.55,8.414,0.03,392,2388,100.0,38.93,23.3768,111
33,90,-0.0015,-0.0003,100.0,518.67,641.75,1586.76,1401.33,14.62,21.61,554.14,2388.03,9062.75,1.3,47.3,521.86,2387.96,8145.51,8.429,0.03,393,2388,100.0,38.87,23.3823,110
33,91,-0.0018,0.0004,100.0,518.67,642.59,1589.08,1407.34,14.62,21.61,554.78,2388.06,9059.71,1.3,47.38,522.15,2388.02,8141.21,8.4519,0.03,392,2388,100.0,38.75,23.3328,109
33,92,0.0019,0.0002,100.0,518.67,642.09,1581.91,1396.03,14.62,21.61,554.37,2388.03,9060.55,1.3,47.51,522.21,2388.04,8148.06,8.3954,0.03,391,2388,100.0,38.9,23.5115,108
33,93,-0.0056,-0.0001,100.0,518.67,642.64,1586.28,1409.2,14.62,21.61,554.66,2388.0,9059.15,1.3,47.26,522.36,2388.08,8148.71,8.4256,0.03,392,2388,100.0,38.97,23.5023,107
33,94,-0.0013,0.0003,100.0,518.67,642.29,1587.77,1405.53,14.62,21.61,553.88,2388.05,9061.92,1.3,47.2,522.4,2388.05,8146.75,8.4088,0.03,391,2388,100.0,38.95,23.3474,106
33,95,-0.0011,-0.0001,100.0,518.67,641.99,1588.55,1394.99,14.62,21.61,553.95,2388.01,9070.24,1.3,47.28,522.15,2388.04,8146.67,8.3785,0.03,392,2388,100.0,38.99,23.4109,105
33,96,0.0001,0.0003,100.0,518.67,642.25,1587.25,1408.73,14.62,21.61,554.46,2388.05,9056.81,1.3,47.23,522.95,2388.02,8144.14,8.3929,0.03,392,2388,100.0,39.01,23.3023,104
33,97,-0.0013,0.0001,100.0,518.67,642.25,1584.6,1404.52,14.62,21.61,554.24,2388.0,9058.24,1.3,47.26,522.66,2388.04,8140.52,8.3919,0.03,392,2388,100.0,39.17,23.4729,103
33,98,0.0004,0.0,100.0,518.67,642.74,1583.84,1399.48,14.62,21.61,554.33,2388.05,9064.92,1.3,47.15,522.77,2388.01,8143.9,8.4012,0.03,392,2388,100.0,38.97,23.3007,102
33,99,-0.0025,0.0003,100.0,518.67,642.24,1586.22,1404.67,14.62,21.61,554.73,2388.04,9063.4,1.3,47.32,521.83,2388.06,8149.85,8.3946,0.03,393,2388,100.0,39.01,23.3628,101
33,100,-0.0008,0.0004,100.0,518.67,642.22,1590.5,1398.46,14.62,21.61,553.99,2388.06,9060.02,1.3,47.13,521.56,2388.09,8143.88,8.3864,0.03,391,2388,100.0,38.94,23.3365,100
33,101,0.0028,0.0002,100.0,518.67,642.51,1589.2,1405.51,14.62,21.61,554.04,2388.01,9063.12,1.3,47.27,521.91,2388.05,8145.33,8.4215,0.03,393,2388,100.0,38.73,23.4001,99
33,102,0.0014,-0.0,100.0,518.67,642.0,1588.4,1398.28,14.62,21.61,554.59,2388.0,9063.25,1.3,47.32,522.3,2388.04,8149.53,8.3802,0.03,390,2388,100.0,38.92,23.4651,98
33,103,-0.0009,0.0003,100.0,518.67,641.42,1588.56,1394.59,14.62,21.6,555.0,2387.99,9047.15,1.3,47.25,522.15,2388.03,8143.36,8.4262,0.03,390,2388,100.0,38.95,23.374,97
33,104,0.0002,0.0001,100.0,518.67,642.72,1588.89,1411.72,14.62,21.61,554.05,2388.07,9061.61,1.3,47.35,521.9,2388.01,8144.49,8.4472,0.03,393,2388,100.0,39.11,23.4196,96
33,105,-0.0009,-0.0003,100.0,518.67,642.12,1575.82,1406.51,14.62,21.61,554.76,2388.03,9059.63,1.3,47.35,522.13,2387.95,8138.59,8.4164,0.03,392,2388,100.0,38.85,23.3241,95
33,106,0.0015,0.0001,100.0,518.67,642.75,1577.54,1401.66,14.62,21.6,554.81,2388.05,9063.33,1.3,47.32,522.23,2388.02,8142.78,8.4495,0.03,391,2388,100.0,39.2,23.3465,94
33,107,0.0018,0.0003,100.0,518.67,642.06,1585.8,1402.85,14.62,21.61,553.91,2388.0,9059.68,1.3,47.57,521.92,2388.02,8143.94,8.4145,0.03,393,2388,100.0,38.98,23.4065,93
33,108,0.0009,-0.0004,100.0,518.67,642.29,1584.89,1399.92,14.62,21.61,554.95,2387.98,9059.47,1.3,47.29,522.32,2388.02,8139.31,8.412,0.03,392,2388,100.0,38.92,23.3207,92
33,109,0.0013,-0.0,100.0,518.67,642.19,1593.32,1393.35,14.62,21.61,554.12,2388.07,9063.07,1.3,47.41,522.56,2388.05,8138.68,8.4082,0.03,391,2388,100.0,39.16,23.3388,91
33,110,0.0035,0.0001,100.0,518.67,642.03,1583.96,1401.54,14.62,21.61,553.95,2388.04,9065.5,1.3,47.26,521.94,2388.02,8141.96,8.4196,0.03,393,2388,100.0,38.81,23.3784,90
33,111,0.0003,-0.0003,100.0,518.67,642.84,1587.65,1402.3,14.62,21.61,553.65,2388.03,9060.35,1.3,47.32,522.3,2388.05,8142.23,8.3999,0.03,392,2388,100.0,38.88,23.3861,89
33,112,-0.0032,0.0004,100.0,518.67,642.25,1585.09,1406.79,14.62,21.61,554.08,2388.06,9065.31,1.3,47.27,522.11,2387.99,8145.4,8.4402,0.03,392,2388,100.0,39.03,23.4157,88
33,113,-0.0026,0.0003,100.0,518.67,642.1,1582.54,1398.17,14.62,21.61,554.95,2388.01,9065.05,1.3,47.12,522.3,2388.03,8143.44,8.4088,0.03,393,2388,100.0,38.99,23.3885,87
33,114,-0.0017,0.0003,100.0,518.67,641.91,1588.96,1397.61,14.62,21.61,554.11,2388.05,9062.22,1.3,47.37,522.09,2388.02,8143.19,8.4344,0.03,392,2388,100.0,38.8,23.333,86
33,115,0.0002,0.0,100.0,518.67,642.44,1584.04,1400.39,14.62,21.61,554.42,2388.07,9055.5,1.3,47.33,521.59,2388.11,8143.17,8.4213,0.03,393,2388,100.0,38.98,23.281,85
33,116,0.0004,0.0001,100.0,518.67,642.4,1590.13,1409.9,14.62,21.61,553.41,2388.01,9065.71,1.3,47.37,522.45,2388.05,8146.09,8.4366,0.03,392,2388,100.0,39.01,23.4177,84
33,117,0.0011,-0.0,100.0,518.67,642.0,1581.18,1395.67,14.62,21.61,554.55,2388.07,9068.07,1.3,47.51,521.2,2388.07,8142.76,8.4159,0.03,392,2388,100.0,38.98,23.3886,83
33,118,0.0007,0.0004,100.0,518.67,642.45,1590.2,1398.77,14.62,21.61,553.86,2388.09,9063.52,1.3,47.27,522.3,2388.05,8150.83,8.4344,0.03,393,2388,100.0,39.05,23.4831,82
33,119,0.0013,-0.0001,100.0,518.67,642.23,1592.56,1406.67,14.62,21.61,553.64,2388.1,9059.74,1.3,47.4,521.96,2388.05,8137.93,8.4678,0.03,392,2388,100.0,38.8,23.387,81
33,120,-0.001,-0.0001,100.0,518.67,641.97,1590.67,1403.04,14.62,21.61,553.84,2388.03,9060.0,1.3,47.27,522.17,2388.06,8144.6,8.4414,0.03,392,2388,100.0,38.72,23.4453,80
33,121,-0.0014,-0.0001,100.0,518.67,641.9,1575.93,1405.73,14.62,21.61,553.76,2388.05,9059.34,1.3,47.38,522.0,2388.04,8149.14,8.4102,0.03,392,2388,100.0,38.95,23.3682,79
33,122,0.0,-0.0002,100.0,518.67,642.44,1577.54,1396.89,14.62,21.61,553.56,2388.03,9064.37,1.3,47.42,522.02,2388.03,8142.19,8.4166,0.03,394,2388,100.0,38.74,23.2658,78
33,123,0.0012,-0.0001,100.0,518.67,642.47,1588.13,1407.06,14.62,21.61,553.48,2388.11,9047.54,1.3,47.31,521.78,2388.07,8144.72,8.3941,0.03,393,2388,100.0,38.72,23.3137,77
33,124,0.0018,-0.0003,100.0,518.67,642.34,1586.69,1393.51,14.62,21.61,553.6,2388.0,9070.33,1.3,47.4,521.43,2388.11,8139.38,8.4087,0.03,393,2388,100.0,38.86,23.345,76
33,125,-0.0038,-0.0,100.0,518.67,642.4,1589.06,1404.38,14.62,21.61,554.05,2388.04,9064.54,1.3,47.4,521.95,2388.04,8145.46,8.4077,0.03,392,2388,100.0,38.93,23.3852,75
33,126,0.0031,0.0004,100.0,518.67,641.66,1585.06,1401.68,14.62,21.61,553.84,2388.05,9062.33,1.3,47.39,522.22,2388.05,8138.46,8.4106,0.03,393,2388,100.0,39.01,23.4236,74
33,127,-0.0002,0.0,100.0,518.67,642.84,1591.97,1405.09,14.62,21.61,553.81,2388.05,9057.49,1.3,47.32,522.06,2388.07,8138.19,8.4234,0.03,393,2388,100.0,38.9,23.3501,73
33,128,0.0005,0.0004,100.0,518.67,642.08,1587.6,1395.3,14.62,21.61,553.72,2388.05,9067.12,1.3,47.39,522.25,2388.06,8139.41,8.4322,0.03,392,2388,100.0,38.81,23.3168,72
33,129,0.0009,0.0005,100.0,518.67,642.47,1597.59,1400.48,14.62,21.61,553.69,2388.09,9064.58,1.3,47.46,522.37,2388.1,8145.05,8.4208,0.03,391,2388,100.0,38.94,23.3593,71
33,130,-0.001,-0.0005,100.0,518.67,642.08,1593.67,1400.83,14.62,21.61,554.38,2388.05,9065.58,1.3,47.42,522.19,2388.08,8144.66,8.4122,0.03,391,2388,100.0,38.91,23.3495,70
33,131,0.002,-0.0005,100.0,518.67,641.82,1588.69,1401.32,14.62,21.61,553.81,2388.08,9057.97,1.3,47.39,521.43,2388.07,8146.39,8.4196,0.03,392,2388,100.0,38.86,23.2601,69
33,132,-0.003,0.0003,100.0,518.67,642.5,1589.82,1411.11,14.62,21.61,554.06,2388.06,9047.44,1.3,47.4,521.78,2388.14,8140.34,8.4465,0.03,390,2388,100.0,39.14,23.3888,68
33,133,0.0018,0.0004,100.0,518.67,642.9,1587.62,1409.01,14.62,21.61,554.46,2388.04,9062.26,1.3,47.52,521.88,2388.07,8142.35,8.4537,0.03,394,2388,100.0,38.88,23.2703,67
33,134,0.0006,-0.0,100.0,518.67,642.57,1583.3,1397.33,14.62,21.61,553.66,2388.11,9061.55,1.3,47.52,521.35,2388.06,8131.16,8.4224,0.03,393,2388,100.0,38.78,23.3362,66
33,135,0.0,0.0003,100.0,518.67,642.44,1590.67,1409.44,14.62,21.61,553.76,2388.08,9061.68,1.3,47.55,521.55,2388.05,8143.16,8.4298,0.03,393,2388,100.0,38.93,23.3261,65
33,136,0.0004,0.0003,100.0,518.67,642.35,1586.29,1409.18,14.62,21.61,553.69,2388.07,9064.84,1.3,47.36,521.51,2388.04,8147.41,8.4121,0.03,394,2388,100.0,39.05,23.3923,64
33,137,0.0017,0.0002,100.0,518.67,642.38,1586.55,1410.89,14.62,21.61,553.96,2388.07,9063.59,1.3,47.45,521.95,2388.05,8141.51,8.4305,0.03,391,2388,100.0,39.0,23.3508,63
33,138,0.0037,0.0003,100.0,518.67,643.21,1586.01,1399.66,14.62,21.61,553.67,2388.01,9063.17,1.3,47.43,521.57,2388.11,8145.96,8.4162,0.03,392,2388,100.0,39.07,23.2327,62
33,139,-0.0012,0.0004,100.0,518.67,642.6,1595.97,1405.25,14.62,21.61,554.05,2388.11,9063.63,1.3,47.18,521.7,2388.07,8147.89,8.4411,0.03,393,2388,100.0,39.08,23.3786,61
33,140,-0.0013,-0.0004,100.0,518.67,642.78,1589.01,1404.71,14.62,21.61,553.67,2388.08,9064.69,1.3,47.53,521.56,2388.1,8143.13,8.4274,0.03,393,2388,100.0,38.8,23.2495,60
33,141,-0.0005,-0.0003,100.0,518.67,642.83,1582.29,1396.38,14.62,21.61,552.46,2388.05,9059.45,1.3,47.28,521.78,2388.09,8144.22,8.4667,0.03,393,2388,100.0,38.72,23.3784,59
33,142,0.0006,0.0002,100.0,518.67,642.3,1579.26,1407.96,14.62,21.61,553.87,2388.12,9064.14,1.3,47.3,521.79,2388.12,8136.87,8.4406,0.03,392,2388,100.0,38.64,23.4127,58
33,143,-0.001,0.0003,100.0,518.67,642.8,1590.27,1404.11,14.62,21.61,553.8,2388.08,9061.46,1.3,47.5,522.15,2388.11,8145.75,8.436,0.03,393,2388,100.0,38.98,23.2919,57
33,144,-0.0028,0.0002,100.0,518.67,642.85,1599.31,1406.63,14.62,21.6,553.56,2388.09,9061.46,1.3,47.54,521.24,2388.12,8138.69,8.4125,0.03,393,2388,100.0,38.68,23.2835,56
33,145,-0.0005,-0.0001,100.0,518.67,642.75,1592.66,1405.42,14.62,21.61,553.18,2388.08,9058.98,1.3,47.45,521.51,2388.1,8137.8,8.4521,0.03,394,2388,100.0,38.88,23.3268,55
33,146,0.0005,-0.0004,100.0,518.67,642.44,1593.4,1404.11,14.62,21.61,553.76,2388.08,9059.35,1.3,47.37,521.62,2388.11,8139.56,8.4461,0.03,392,2388,100.0,38.72,23.3353,54
33,147,0.0029,0.0002,100.0,518.67,643.15,1592.11,1414.58,14.62,21.61,552.26,2388.06,9063.75,1.3,47.49,521.76,2388.03,8142.85,8.4514,0.03,392,2388,100.0,38.92,23.2504,53
33,148,-0.002,-0.0004,100.0,518.67,642.54,1593.02,1412.25,14.62,21.61,553.35,2388.08,9058.11,1.3,47.67,521.52,2388.13,8141.12,8.4209,0.03,395,2388,100.0,38.95,23.2597,52
33,149,0.0039,-0.0002,100.0,518.67,642.96,1599.58,1416.69,14.62,21.61,553.65,2388.1,9058.61,1.3,47.5,521.57,2388.15,8140.97,8.4603,0.03,393,2388,100.0,38.96,23.3478,51
33,150,0.0019,0.0001,100.0,518.67,642.92,1594.11,1402.33,14.62,21.61,553.1,2388.12,9065.57,1.3,47.49,521.3,2388.07,8137.85,8.4274,0.03,394,2388,100.0,38.92,23.2811,50
33,151,-0.0018,0.0004,100.0,518.67,642.33,1594.89,1407.8,14.62,21.61,553.72,2388.09,9057.04,1.3,47.66,521.54,2388.1,8136.52,8.4284,0.03,394,2388,100.0,38.82,23.3229,49
33,152,0.0019,0.0005,100.0,518.67,642.47,1592.65,1412.92,14.62,21.61,553.48,2388.09,9059.64,1.3,47.71,521.2,2388.04,8135.87,8.4839,0.03,393,2388,100.0,38.9,23.2782,48
33,153,0.0009,-0.0,100.0,518.67,642.54,1590.01,1404.38,14.62,21.61,553.68,2388.1,9060.19,1.3,47.7,521.58,2388.11,8139.51,8.4259,0.03,393,2388,100.0,38.87,23.3383,47
33,154,-0.0001,0.0004,100.0,518.67,642.64,1587.83,1407.67,14.62,21.61,553.83,2388.09,9059.2,1.3,47.57,521.04,2388.09,8140.63,8.4372,0.03,395,2388,100.0,38.86,23.2993,46
33,155,-0.0049,0.0004,100.0,518.67,643.15,1593.4,1412.88,14.62,21.61,553.22,2388.11,9055.66,1.3,47.52,521.13,2388.07,8140.41,8.4461,0.03,394,2388,100.0,38.66,23.1495,45
33,156,0.0008,0.0002,100.0,518.67,642.4,1592.39,1404.42,14.62,21.61,553.42,2388.12,9069.84,1.3,47.6,521.35,2388.09,8138.4,8.457,0.03,393,2388,100.0,38.82,23.2812,44
33,157,-0.0011,0.0004,100.0,518.67,642.27,1592.99,1405.44,14.62,21.61,553.51,2388.09,9063.12,1.3,47.51,521.52,2388.15,8141.14,8.4609,0.03,392,2388,100.0,38.85,23.2937,43
33,158,0.0007,0.0003,100.0,518.67,643.19,1592.95,1408.69,14.62,21.61,552.25,2388.11,9063.71,1.3,47.62,521.29,2388.07,8146.36,8.497,0.03,393,2388,100.0,38.82,23.3193,42
33,159,-0.001,0.0003,100.0,518.67,643.09,1586.13,1417.08,14.62,21.61,552.74,2388.11,9063.79,1.3,47.52,521.11,2388.09,8137.79,8.4586,0.03,392,2388,100.0,38.84,23.1832,41
33,160,-0.0019,-0.0002,100.0,518.67,643.04,1588.22,1413.0,14.62,21.61,553.36,2388.12,9053.62,1.3,47.8,521.27,2388.09,8132.06,8.4522,0.03,393,2388,100.0,38.77,23.2444,40
33,161,0.0031,0.0001,100.0,518.67,642.42,1590.15,1409.57,14.62,21.61,553.32,2388.08,9057.02,1.3,47.45,521.13,2388.07,8141.35,8.459,0.03,393,2388,100.0,38.92,23.2257,39
33,162,0.0018,0.0003,100.0,518.67,643.21,1592.28,1408.67,14.62,21.61,553.61,2388.14,9051.17,1.3,47.67,521.36,2388.14,8135.03,8.4411,0.03,393,2388,100.0,38.59,23.1742,38
33,163,0.0022,0.0005,100.0,518.67,642.69,1591.25,1403.35,14.62,21.61,553.33,2388.16,9057.84,1.3,47.65,521.35,2388.13,8140.53,8.5088,0.03,393,2388,100.0,38.68,23.2946,37
33,164,0.0008,-0.0005,100.0,518.67,642.81,1589.48,1410.76,14.62,21.61,553.24,2388.18,9066.53,1.3,47.6,520.92,2388.16,8134.23,8.429,0.03,394,2388,100.0,38.86,23.2305,36
33,165,0.0005,0.0003,100.0,518.67,642.37,1594.24,1415.13,14.62,21.61,552.43,2388.16,9062.21,1.3,47.71,520.75,2388.13,8139.5,8.493,0.03,395,2388,100.0,38.66,23.2438,35
33,166,0.0031,0.0005,100.0,518.67,642.76,1595.49,1408.81,14.62,21.61,552.99,2388.09,9062.46,1.3,47.67,520.98,2388.14,8137.78,8.489,0.03,395,2388,100.0,38.8,23.2183,34
33,167,-0.0014,0.0003,100.0,518.67,643.22,1593.3,1413.93,14.62,21.61,553.21,2388.19,9063.2,1.3,47.73,520.31,2388.1,8136.57,8.4559,0.03,394,2388,100.0,38.54,23.1157,33
33,168,0.0039,-0.0002,100.0,518.67,642.56,1600.08,1418.79,14.62,21.61,553.81,2388.16,9052.54,1.3,47.6,520.67,2388.16,8140.98,8.4371,0.03,393,2388,100.0,38.74,23.2954,32
33,169,0.0006,-0.0,100.0,518.67,642.77,1595.27,1411.55,14.62,21.61,552.5,2388.12,9052.52,1.3,47.71,520.49,2388.13,8134.12,8.4722,0.03,395,2388,100.0,38.78,23.3103,31
33,170,-0.0008,0.0005,100.0,518.67,642.65,1598.14,1418.98,14.62,21.61,552.78,2388.17,9062.47,1.3,47.76,520.37,2388.15,8136.84,8.4599,0.03,393,2388,100.0,38.85,23.3423,30
33,171,-0.0005,-0.0004,100.0,518.67,642.86,1596.19,1414.74,14.62,21.61,552.85,2388.09,9062.33,1.3,47.75,520.92,2388.18,8133.15,8.4961,0.03,395,2388,100.0,38.79,23.1898,29
33,172,0.0009,-0.0005,100.0,518.67,643.43,1593.87,1418.88,14.62,21.61,552.75,2388.16,9055.75,1.3,47.71,520.82,2388.1,8132.37,8.4493,0.03,393,2388,100.0,38.83,23.18,28
33,173,-0.0013,-0.0001,100.0,518.67,642.96,1588.19,1415.07,14.62,21.61,552.86,2388.14,9052.69,1.3,47.69,521.21,2388.16,8134.63,8.4471,0.03,394,2388,100.0,38.62,23.2471,27
33,174,-0.0008,-0.0002,100.0,518.67,642.95,1592.19,1419.95,14.62,21.61,552.51,2388.17,9058.33,1.3,47.69,520.38,2388.14,8136.27,8.4501,0.03,394,2388,100.0,38.53,23.2006,26
33,175,-0.0021,0.0002,100.0,518.67,642.63,1597.72,1415.62,14.62,21.61,552.16,2388.2,9054.73,1.3,47.9,520.84,2388.14,8135.53,8.4748,0.03,392,2388,100.0,38.69,23.2892,25
33,176,0.0012,-0.0001,100.0,518.67,643.54,1599.7,1424.1,14.62,21.61,553.22,2388.18,9061.74,1.3,47.82,520.75,2388.19,8134.39,8.4351,0.03,392,2388,100.0,38.81,23.2417,24
33,177,-0.0012,0.0004,100.0,518.67,642.36,1594.74,1417.09,14.62,21.61,552.55,2388.17,9055.23,1.3,47.68,521.04,2388.18,8137.09,8.5124,0.03,395,2388,100.0,38.57,23.043,23
33,178,0.0002,-0.0001,100.0,518.67,643.37,1593.36,1424.29,14.62,21.61,552.99,2388.16,9055.4,1.3,47.72,521.08,2388.19,8132.41,8.4845,0.03,394,2388,100.0,38.72,23.2399,22
33,179,0.0024,0.0003,100.0,518.67,642.67,1598.58,1419.15,14.62,21.61,552.44,2388.2,9057.65,1.3,47.79,520.4,2388.18,8135.19,8.4591,0.03,394,2388,100.0,38.61,23.2125,21
33,180,-0.0009,0.0004,100.0,518.67,642.84,1596.84,1419.13,14.62,21.61,553.02,2388.17,9059.77,1.3,47.95,521.11,2388.14,8128.65,8.4893,0.03,394,2388,100.0,38.85,23.2268,20
33,181,0.0018,0.0002,100.0,518.67,642.87,1597.81,1424.44,14.62,21.61,551.88,2388.15,9058.79,1.3,48.02,520.86,2388.19,8138.05,8.5119,0.03,395,2388,100.0,38.69,23.2136,19
33,182,-0.0012,-0.0004,100.0,518.67,642.73,1594.45,1416.24,14.62,21.61,552.65,2388.2,9059.32,1.3,47.68,520.41,2388.2,8135.35,8.5099,0.03,393,2388,100.0,38.68,23.204,18
33,183,0.0031,0.0003,100.0,518.67,643.1,1598.03,1425.09,14.62,21.61,552.18,2388.17,9056.14,1.3,47.99,520.59,2388.2,8137.66,8.5067,0.03,395,2388,100.0,38.65,23.1232,17
33,184,0.0007,0.0,100.0,518.67,643.06,1595.03,1415.14,14.62,21.61,551.38,2388.21,9055.46,1.3,47.83,520.1,2388.15,8134.33,8.4624,0.03,395,2388,100.0,38.64,23.2367,16
33,185,-0.0,0.0001,100.0,518.67,643.03,1595.02,1419.46,14.62,21.61,552.2,2388.16,9059.54,1.3,47.96,520.35,2388.19,8133.39,8.4906,0.03,393,2388,100.0,38.44,23.2753,15
33,186,0.0031,0.0001,100.0,518.67,643.06,1602.98,1424.52,14.62,21.61,551.92,2388.22,9059.89,1.3,47.84,520.78,2388.23,8140.41,8.4667,0.03,395,2388,100.0,38.68,23.2366,14
33,187,0.0001,-0.0001,100.0,518.67,642.96,1596.19,1421.34,14.62,21.61,551.4,2388.24,9063.76,1.3,48.0,520.09,2388.19,8131.43,8.52,0.03,395,2388,100.0,38.59,23.1803,13
33,188,0.0038,-0.0004,100.0,518.67,643.33,1593.44,1422.77,14.62,21.61,552.16,2388.25,9059.52,1.3,48.08,519.98,2388.16,8137.09,8.4771,0.03,395,2388,100.0,38.6,23.1558,12
33,189,-0.002,-0.0003,100.0,518.67,643.04,1590.44,1418.35,14.62,21.61,550.75,2388.23,9052.34,1.3,48.03,520.66,2388.24,8127.8,8.4955,0.03,395,2388,100.0,38.48,23.1752,11
33,190,0.0015,-0.0001,100.0,518.67,643.45,1598.22,1423.76,14.62,21.61,551.56,2388.25,9059.6,1.3,48.03,519.74,2388.22,8131.18,8.5431,0.03,396,2388,100.0,38.53,23.2324,10
33,191,-0.0017,-0.0003,100.0,518.67,643.16,1600.37,1422.06,14.62,21.61,551.25,2388.22,9057.1,1.3,47.8,520.01,2388.24,8134.85,8.5413,0.03,394,2388,100.0,38.81,23.1665,9
33,192,-0.001,-0.0005,100.0,518.67,643.2,1598.73,1431.43,14.62,21.61,552.28,2388.23,9055.02,1.3,47.88,520.26,2388.23,8128.79,8.4893,0.03,395,2388,100.0,38.55,23.0206,8
33,193,-0.0038,0.0002,100.0,518.67,643.08,1596.42,1424.34,14.62,21.61,551.48,2388.26,9057.22,1.3,48.03,520.13,2388.22,8132.2,8.5413,0.03,394,2388,100.0,38.54,23.1715,7
33,194,-0.0018,-0.0005,100.0,518.67,644.05,1590.05,1428.52,14.62,21.61,552.28,2388.24,9055.52,1.3,48.25,519.78,2388.27,8127.17,8.4459,0.03,398,2388,100.0,38.57,23.0798,6
33,195,0.0022,0.0002,100.0,518.67,643.54,1599.44,1431.92,14.62,21.61,551.55,2388.23,9049.65,1.3,47.99,519.77,2388.22,8131.42,8.5007,0.03,396,2388,100.0,38.52,23.089,5
33,196,-0.0005,-0.0001,100.0,518.67,643.65,1605.26,1425.13,14.62,21.61,551.36,2388.23,9054.9,1.3,48.27,519.36,2388.32,8131.23,8.4942,0.03,396,2388,100.0,38.58,23.0581,4
33,197,-0.0057,0.0001,100.0,518.67,643.37,1599.96,1431.02,14.62,21.61,551.36,2388.28,9060.97,1.3,48.14,519.7,2388.31,8125.33,8.5113,0.03,396,2388,100.0,38.38,23.0525,3
33,198,0.0009,-0.0001,100.0,518.67,643.55,1601.52,1429.85,14.62,21.61,551.22,2388.29,9049.79,1.3,48.13,519.38,2388.28,8129.45,8.5442,0.03,396,2388,100.0,38.42,23.0661,2
33,199,0.0016,0.0001,100.0,518.67,643.97,1601.62,1425.2,14.62,21.61,551.06,2388.32,9059.43,1.3,48.16,519.71,2388.26,8125.97,8.5512,0.03,395,2388,100.0,38.4,22.9525,1
33,200,-0.0013,-0.0003,100.0,518.67,643.93,1605.51,1433.49,14.62,21.61,551.28,2388.23,9050.89,1.3,48.28,519.81,2388.31,8127.7,8.5146,0.03,397,2388,100.0,38.42,22.9862,0
34,1,0.0035,-0.0002,100.0,518.67,642.44,1586.84,1407.9,14.62,21.61,553.56,2388.07,9058.32,1.3,47.33,521.54,2388.07,8143.4,8.4248,0.03,392,2388,100.0,38.76,23.242,194
34,2,-0.002,-0.0001,100.0,518.67,642.16,1585.43,1404.51,14.62,21.61,553.62,2388.12,9063.24,1.3,47.14,521.2,2387.99,8143.09,8.3995,0.03,394,2388,100.0,38.8,23.2772,193
34,3,-0.0002,0.0004,100.0,518.67,642.87,1587.98,1403.07,14.62,21.61,554.76,2388.07,9059.4,1.3,47.36,521.65,2388.08,8138.5,8.4287,0.03,392,2388,100.0,39.06,23.2365,192
34,4,-0.0029,0.0003,100.0,518.67,642.22,1591.59,1400.73,14.62,21.61,553.86,2388.14,9054.09,1.3,47.56,521.94,2388.08,8139.79,8.4225,0.03,394,2388,100.0,38.93,23.3723,191
34,5,0.0001,0.0003,100.0,518.67,641.69,1590.08,1404.55,14.62,21.61,554.34,2388.07,9049.74,1.3,47.58,521.99,2388.12,8138.64,8.409,0.03,392,2388,100.0,38.78,23.2569,190
34,6,-0.0015,-0.0002,100.0,518.67,642.1,1591.54,1409.35,14.62,21.61,554.03,2388.03,9057.65,1.3,47.37,521.91,2388.06,8140.77,8.4086,0.03,394,2388,100.0,38.92,23.3895,189
34,7,-0.0012,0.0005,100.0,518.67,642.83,1587.08,1403.87,14.62,21.61,553.57,2388.08,9060.15,1.3,47.29,521.68,2388.01,8138.34,8.4453,0.03,393,2388,100.0,38.85,23.4315,188
34,8,0.0003,0.0006,100.0,518.67,642.41,1579.1,1401.76,14.62,21.61,553.76,2388.12,9053.28,1.3,47.32,521.63,2388.07,8134.38,8.4285,0.03,390,2388,100.0,38.9,23.3029,187
34,9,0.0006,0.0004,100.0,518.67,642.63,1589.51,1405.36,14.62,21.61,553.66,2388.1,9062.06,1.3,47.55,521.82,2388.04,8140.72,8.4172,0.03,392,2388,100.0,38.93,23.4358,186
34,10,-0.0024,-0.0002,100.0,518.67,642.77,1589.45,1401.62,14.62,21.61,554.33,2388.06,9057.7,1.3,47.3,521.15,2388.03,8134.58,8.4137,0.03,393,2388,100.0,38.93,23.3387,185
34,11,-0.0026,-0.0002,100.0,518.67,642.81,1594.28,1408.71,14.62,21.61,553.93,2388.08,9056.48,1.3,47.62,521.55,2388.08,8132.44,8.4251,0.03,393,2388,100.0,38.72,23.2583,184
34,12,-0.003,0.0,100.0,518.67,642.96,1580.19,1405.5,14.62,21.61,554.06,2388.05,9063.23,1.3,47.58,521.37,2388.11,8134.78,8.4601,0.03,391,2388,100.0,38.77,23.2702,183
34,13,-0.0006,-0.0001,100.0,518.67,641.8,1589.15,1406.61,14.62,21.61,554.03,2388.07,9066.11,1.3,47.23,521.28,2388.04,8140.99,8.4304,0.03,394,2388,100.0,38.88,23.3323,182
34,14,0.0005,0.0001,100.0,518.67,642.14,1589.91,1407.89,14.62,21.61,553.93,2388.09,9062.29,1.3,47.56,522.32,2388.1,8139.32,8.443,0.03,394,2388,100.0,38.8,23.2588,181
34,15,0.0023,0.0004,100.0,518.67,642.55,1593.95,1410.94,14.62,21.61,554.52,2388.03,9059.18,1.3,47.24,521.84,2388.12,8138.5,8.4345,0.03,394,2388,100.0,38.9,23.302,180
34,16,0.0016,0.0005,100.0,518.67,642.41,1582.81,1393.39,14.62,21.61,553.28,2388.09,9061.95,1.3,47.34,521.66,2388.06,8138.61,8.4385,0.03,393,2388,100.0,38.83,23.349,179
34,17,-0.0029,-0.0001,100.0,518.67,642.34,1582.9,1411.03,14.62,21.61,552.75,2388.09,9059.53,1.3,47.4,521.96,2388.09,8141.71,8.43,0.03,391,2388,100.0,38.85,23.4101,178
34,18,-0.0017,0.0002,100.0,518.67,642.16,1590.36,1406.15,14.62,21.61,553.35,2388.05,9051.31,1.3,47.25,522.21,2388.06,8133.08,8.4408,0.03,393,2388,100.0,38.71,23.2618,177
34,19,0.0016,-0.0,100.0,518.67,642.81,1582.26,1407.36,14.62,21.61,554.11,2388.07,9062.65,1.3,47.48,521.71,2388.07,8144.16,8.4302,0.03,392,2388,100.0,38.86,23.304,176
34,20,0.0013,0.0005,100.0,518.67,642.8,1593.16,1411.01,14.62,21.61,553.86,2388.05,9054.32,1.3,47.3,522.18,2388.1,8137.77,8.4538,0.03,391,2388,100.0,38.87,23.2972,175
34,21,-0.0014,-0.0002,100.0,518.67,642.61,1595.56,1411.06,14.62,21.61,553.89,2388.08,9050.34,1.3,47.36,521.49,2388.07,8138.26,8.4209,0.03,393,2388,100.0,38.84,23.3097,174
34,22,-0.0025,0.0006,100.0,518.67,642.55,1597.6,1400.88,14.62,21.61,553.72,2388.04,9062.39,1.3,47.31,521.44,2388.07,8135.66,8.453,0.03,392,2388,100.0,38.88,23.2835,173
34,23,0.0002,-0.0002,100.0,518.67,642.62,1581.63,1399.94,14.62,21.61,553.26,2388.06,9056.45,1.3,47.38,522.0,2388.09,8140.03,8.4402,0.03,391,2388,100.0,38.9,23.394,172
34,24,0.0014,0.0006,100.0,518.67,642.81,1587.33,1407.67,14.62,21.61,553.41,2388.06,9062.28,1.3,47.54,521.17,2388.1,8141.39,8.4283,0.03,392,2388,100.0,38.91,23.3411,171
34,25,-0.0016,-0.0001,100.0,518.67,642.05,1595.39,1409.69,14.62,21.61,553.11,2388.16,9049.94,1.3,47.36,521.91,2388.06,8135.63,8.401,0.03,392,2388,100.0,38.82,23.1221,170
34,26,-0.0054,0.0006,100.0,518.67,642.77,1589.52,1399.66,14.62,21.61,554.17,2388.07,9062.43,1.3,47.37,521.89,2388.15,8139.21,8.427,0.03,393,2388,100.0,38.74,23.3325,169
34,27,-0.0005,-0.0001,100.0,518.67,642.68,1590.23,1409.37,14.62,21.61,554.33,2388.08,9058.08,1.3,47.66,521.7,2388.02,8138.23,8.4129,0.03,394,2388,100.0,38.98,23.358,168
34,28,-0.0005,0.0001,100.0,518.67,642.63,1592.38,1405.91,14.62,21.61,553.7,2388.08,9060.69,1.3,47.37,522.0,2388.07,8139.31,8.4308,0.03,392,2388,100.0,38.86,23.4111,167
34,29,0.0049,0.0004,100.0,518.67,642.19,1587.72,1405.95,14.62,21.61,554.04,2388.05,9051.73,1.3,47.52,521.75,2388.04,8135.5,8.4775,0.03,393,2388,100.0,38.89,23.3982,166
34,30,0.003,0.0003,100.0,518.67,642.39,1592.08,1413.57,14.62,21.61,554.3,2388.07,9064.83,1.3,47.3,521.87,2388.02,8137.81,8.4225,0.03,394,2388,100.0,38.9,23.3223,165
34,31,0.0033,0.0002,100.0,518.67,642.08,1587.7,1406.34,14.62,21.61,553.52,2388.11,9052.28,1.3,47.58,521.41,2388.1,8142.86,8.4347,0.03,392,2388,100.0,38.86,23.4244,164
34,32,-0.001,-0.0002,100.0,518.67,642.58,1588.79,1412.95,14.62,21.61,553.53,2388.02,9064.11,1.3,47.57,521.57,2388.06,8138.13,8.4352,0.03,392,2388,100.0,38.95,23.1939,163
34,33,-0.0023,0.0,100.0,518.67,642.22,1586.02,1400.52,14.62,21.61,554.39,2388.08,9055.78,1.3,47.33,521.65,2388.08,8142.24,8.4115,0.03,393,2388,100.0,38.79,23.2488,162
34,34,0.0038,-0.0001,100.0,518.67,642.45,1582.58,1405.64,14.62,21.61,553.91,2388.07,9056.63,1.3,47.37,521.54,2388.07,8137.42,8.4318,0.03,394,2388,100.0,38.8,23.3369,161
34,35,0.0001,0.0001,100.0,518.67,642.25,1593.06,1404.57,14.62,21.61,552.96,2388.1,9053.5,1.3,47.44,521.29,2388.04,8136.89,8.4296,0.03,393,2388,100.0,38.81,23.4492,160
34,36,0.0017,-0.0001,100.0,518.67,643.33,1584.04,1399.0,14.62,21.61,555.21,2388.1,9061.85,1.3,47.38,521.95,2388.04,8144.02,8.4243,0.03,392,2388,100.0,39.11,23.3295,159
34,37,-0.0013,0.0006,100.0,518.67,642.78,1588.01,1407.98,14.62,21.61,553.3,2388.07,9052.47,1.3,47.37,521.76,2388.13,8138.29,8.4321,0.03,393,2388,100.0,38.96,23.2246,158
34,38,0.0027,0.0002,100.0,518.67,642.81,1592.44,1404.47,14.62,21.61,553.97,2388.05,9062.28,1.3,47.71,521.79,2388.09,8145.18,8.4139,0.03,392,2388,100.0,38.82,23.2971,157
34,39,0.0048,-0.0004,100.0,518.67,642.52,1585.67,1404.37,14.62,21.61,553.18,2388.02,9060.39,1.3,47.39,521.56,2388.04,8137.56,8.4177,0.03,392,2388,100.0,38.82,23.3361,156
34,40,-0.0005,-0.0004,100.0,518.67,642.72,1588.38,1400.41,14.62,21.61,553.76,2388.05,9062.51,1.3,47.39,521.49,2388.07,8147.63,8.4386,0.03,393,2388,100.0,38.88,23.3154,155
34,41,0.0001,0.0003,100.0,518.67,641.78,1588.06,1400.25,14.62,21.61,553.73,2388.02,9055.12,1.3,47.34,521.72,2388.08,8139.01,8.4212,0.03,392,2388,100.0,39.09,23.2734,154
34,42,0.0025,0.0006,100.0,518.67,641.57,1587.67,1407.12,14.62,21.61,553.83,2388.07,9061.17,1.3,47.43,521.86,2388.07,8140.84,8.4427,0.03,393,2388,100.0,38.93,23.2725,153
34,43,0.0032,0.0004,100.0,518.67,642.4,1593.49,1407.26,14.62,21.61,553.64,2388.1,9058.17,1.3,47.41,521.74,2388.07,8139.37,8.4069,0.03,393,2388,100.0,38.96,23.3085,152
34,44,0.0016,-0.0002,100.0,518.67,642.74,1579.87,1402.52,14.62,21.61,554.25,2388.08,9059.87,1.3,47.43,521.58,2388.06,8137.86,8.4423,0.03,393,2388,100.0,39.07,23.3093,151
34,45,0.0047,-0.0001,100.0,518.67,642.9,1579.53,1407.75,14.62,21.61,554.15,2388.1,9060.95,1.3,47.52,521.8,2388.03,8136.11,8.4222,0.03,393,2388,100.0,38.93,23.2076,150
34,46,-0.0002,0.0004,100.0,518.67,642.85,1581.07,1413.07,14.62,21.61,553.68,2388.1,9057.01,1.3,47.42,521.83,2388.13,8142.22,8.4391,0.03,392,2388,100.0,38.85,23.2845,149
34,47,0.0003,-0.0003,100.0,518.67,642.39,1590.54,1406.22,14.62,21.61,553.94,2388.03,9066.25,1.3,47.34,521.62,2388.06,8141.14,8.4457,0.03,392,2388,100.0,38.96,23.38,148
34,48,-0.0028,0.0004,100.0,518.67,642.19,1585.97,1398.02,14.62,21.61,554.22,2388.1,9063.22,1.3,47.6,521.3,2388.09,8141.99,8.388,0.03,392,2388,100.0,38.87,23.2446,147
34,49,-0.0019,0.0001,100.0,518.67,642.19,1592.61,1407.11,14.62,21.6,553.72,2388.1,9051.07,1.3,47.43,521.13,2388.04,8138.07,8.4501,0.03,392,2388,100.0,38.89,23.4083,146
34,50,0.001,-0.0001,100.0,518.67,643.1,1586.32,1409.96,14.62,21.61,553.57,2388.08,9062.25,1.3,47.5,521.5,2388.12,8136.43,8.4074,0.03,393,2388,100.0,38.87,23.315,145
34,51,0.0022,-0.0001,100.0,518.67,642.32,1585.91,1404.25,14.62,21.61,552.8,2388.02,9068.73,1.3,47.52,521.61,2388.04,8139.62,8.4553,0.03,393,2388,100.0,38.95,23.2841,144
34,52,0.0006,-0.0004,100.0,518.67,642.74,1586.11,1402.05,14.62,21.61,553.77,2388.06,9058.26,1.3,47.24,521.86,2388.06,8138.45,8.4105,0.03,393,2388,100.0,38.93,23.3873,143
34,53,0.0009,0.0003,100.0,518.67,642.6,1593.38,1403.11,14.62,21.61,553.14,2388.07,9063.74,1.3,47.39,522.13,2388.08,8145.25,8.4292,0.03,393,2388,100.0,38.93,23.4019,142
34,54,-0.0015,0.0002,100.0,518.67,642.07,1595.68,1410.01,14.62,21.61,553.55,2388.1,9059.59,1.3,47.5,521.57,2388.09,8147.56,8.4226,0.03,394,2388,100.0,38.74,23.2064,141
34,55,-0.0002,-0.0003,100.0,518.67,642.62,1594.13,1405.19,14.62,21.61,553.49,2388.1,9053.94,1.3,47.48,521.67,2388.1,8140.26,8.4689,0.03,394,2388,100.0,38.9,23.2388,140
34,56,-0.0042,-0.0002,100.0,518.67,642.31,1589.15,1407.03,14.62,21.61,553.37,2388.06,9065.04,1.3,47.36,521.92,2388.07,8140.82,8.4042,0.03,393,2388,100.0,38.86,23.3543,139
34,57,-0.0016,0.0003,100.0,518.67,642.82,1585.1,1401.73,14.62,21.61,553.42,2388.1,9053.93,1.3,47.29,521.27,2388.03,8140.29,8.4528,0.03,392,2388,100.0,38.69,23.2589,138
34,58,-0.0024,-0.0001,100.0,518.67,642.18,1588.88,1398.02,14.62,21.61,553.9,2388.06,9065.76,1.3,47.34,521.9,2388.06,8140.36,8.4433,0.03,393,2388,100.0,38.88,23.3289,137
34,59,0.0023,-0.0001,100.0,518.67,642.4,1590.72,1399.68,14.62,21.61,553.86,2388.07,9059.63,1.3,47.37,521.22,2388.07,8144.52,8.3928,0.03,391,2388,100.0,38.79,23.4203,136
34,60,0.0008,0.0003,100.0,518.67,642.99,1591.46,1401.72,14.62,21.61,552.97,2388.06,9054.11,1.3,47.47,521.71,2388.05,8142.43,8.4031,0.03,394,2388,100.0,38.95,23.3458,135
34,61,0.003,-0.0003,100.0,518.67,642.1,1591.23,1406.89,14.62,21.61,553.46,2388.04,9067.36,1.3,47.4,521.75,2388.06,8145.49,8.4243,0.03,393,2388,100.0,38.74,23.3103,134
34,62,-0.0012,0.0006,100.0,518.67,642.56,1588.1,1407.27,14.62,21.61,553.64,2388.12,9059.44,1.3,47.41,521.65,2388.07,8138.17,8.4354,0.03,393,2388,100.0,38.79,23.3106,133
34,63,-0.0011,-0.0003,100.0,518.67,643.34,1590.64,1407.1,14.62,21.61,553.94,2388.08,9062.98,1.3,47.64,521.49,2388.09,8144.55,8.4264,0.03,393,2388,100.0,38.89,23.2826,132
34,64,-0.0022,-0.0001,100.0,518.67,642.97,1581.83,1407.09,14.62,21.61,553.1,2388.13,9055.8,1.3,47.32,521.62,2388.1,8141.82,8.442,0.03,392,2388,100.0,39.02,23.2584,131
34,65,0.0003,-0.0003,100.0,518.67,642.4,1586.04,1402.96,14.62,21.61,553.09,2388.08,9058.78,1.3,47.44,521.97,2388.08,8136.47,8.4349,0.03,391,2388,100.0,38.89,23.2628,130
34,66,-0.0005,-0.0003,100.0,518.67,642.38,1584.29,1397.86,14.62,21.61,553.67,2388.08,9062.45,1.3,47.44,521.59,2388.07,8141.22,8.4374,0.03,392,2388,100.0,38.68,23.374,129
34,67,0.0013,0.0002,100.0,518.67,642.49,1590.73,1405.53,14.62,21.61,554.62,2388.09,9063.96,1.3,47.33,521.51,2388.06,8142.46,8.4049,0.03,394,2388,100.0,38.75,23.418,128
34,68,0.002,0.0001,100.0,518.67,642.88,1586.2,1405.68,14.62,21.61,553.58,2388.08,9057.22,1.3,47.45,521.49,2388.02,8140.92,8.428,0.03,394,2388,100.0,38.85,23.2545,127
34,69,-0.0004,0.0001,100.0,518.67,642.94,1591.77,1404.64,14.62,21.61,553.97,2388.07,9058.9,1.3,47.34,522.06,2388.05,8140.16,8.3985,0.03,393,2388,100.0,38.86,23.3099,126
34,70,-0.0005,0.0,100.0,518.67,641.92,1598.08,1414.73,14.62,21.61,553.42,2388.08,9060.66,1.3,47.43,521.6,2388.07,8142.78,8.4133,0.03,394,2388,100.0,38.78,23.3579,125
34,71,-0.0021,-0.0,100.0,518.67,642.49,1586.31,1399.19,14.62,21.61,553.9,2388.07,9054.54,1.3,47.66,521.68,2388.13,8150.68,8.4319,0.03,393,2388,100.0,38.77,23.314,124
34,72,0.001,-0.0002,100.0,518.67,642.28,1593.62,1406.23,14.62,21.61,552.75,2388.08,9057.63,1.3,47.54,521.63,2388.06,8143.26,8.4236,0.03,393,2388,100.0,38.91,23.2126,123
34,73,0.0019,-0.0,100.0,518.67,642.41,1588.33,1411.6,14.62,21.61,553.61,2388.07,9064.08,1.3,47.33,521.94,2388.07,8146.94,8.4287,0.03,393,2388,100.0,38.73,23.2742,122
34,74,-0.0006,0.0001,100.0,518.67,642.78,1589.21,1402.95,14.62,21.61,554.46,2388.08,9065.82,1.3,47.37,521.94,2388.07,8141.76,8.4302,0.03,393,2388,100.0,38.79,23.3161,121
34,75,-0.0022,-0.0001,100.0,518.67,642.08,1594.52,1410.05,14.62,21.61,554.49,2388.04,9068.85,1.3,47.44,521.75,2388.06,8138.57,8.4445,0.03,394,2388,100.0,38.91,23.3479,120
34,76,-0.0042,0.0006,100.0,518.67,642.58,1587.11,1401.31,14.62,21.61,552.97,2388.07,9064.94,1.3,47.35,521.95,2388.09,8141.75,8.4375,0.03,392,2388,100.0,38.87,23.327,119
34,77,0.0009,0.0003,100.0,518.67,642.75,1594.03,1405.09,14.62,21.61,554.07,2388.17,9061.7,1.3,47.4,521.76,2388.04,8142.43,8.4298,0.03,392,2388,100.0,38.68,23.273,118
34,78,-0.0007,0.0001,100.0,518.67,642.96,1590.94,1403.74,14.62,21.61,553.81,2388.06,9064.17,1.3,47.44,521.82,2388.1,8143.41,8.4091,0.03,393,2388,100.0,38.77,23.3573,117
34,79,-0.0025,0.0002,100.0,518.67,642.26,1591.88,1404.2,14.62,21.61,552.7,2388.07,9070.36,1.3,47.55,521.71,2388.1,8139.21,8.4227,0.03,394,2388,100.0,38.8,23.2292,116
34,80,0.0034,0.0005,100.0,518.67,643.04,1598.38,1404.13,14.62,21.61,553.71,2388.12,9064.26,1.3,47.67,521.59,2388.09,8138.29,8.4409,0.03,393,2388,100.0,38.89,23.2893,115
34,81,0.003,-0.0002,100.0,518.67,642.49,1582.83,1411.27,14.62,21.61,553.95,2388.06,9066.46,1.3,47.61,522.29,2388.1,8139.31,8.4641,0.03,392,2388,100.0,38.73,23.3494,114
34,82,0.0028,0.0,100.0,518.67,642.2,1588.4,1409.52,14.62,21.61,553.53,2388.1,9065.08,1.3,47.48,521.58,2388.02,8143.99,8.4196,0.03,394,2388,100.0,38.73,23.2784,113
34,83,-0.0018,0.0006,100.0,518.67,642.78,1597.1,1411.81,14.62,21.61,554.64,2388.09,9058.95,1.3,47.52,521.57,2388.07,8142.37,8.4305,0.03,392,2388,100.0,38.78,23.4206,112
34,84,-0.0033,0.0002,100.0,518.67,642.66,1590.94,1407.45,14.62,21.61,553.33,2388.1,9068.49,1.3,47.58,521.3,2388.12,8140.33,8.428,0.03,391,2388,100.0,38.88,23.2912,111
34,85,0.0028,-0.0002,100.0,518.67,642.91,1591.24,1413.17,14.62,21.61,552.67,2388.06,9067.16,1.3,47.55,521.62,2388.09,8139.69,8.4133,0.03,393,2388,100.0,38.8,23.3607,110
34,86,0.0002,-0.0003,100.0,518.67,642.93,1593.41,1404.76,14.62,21.61,553.08,2388.03,9061.23,1.3,47.55,521.17,2388.11,8144.34,8.4346,0.03,393,2388,100.0,38.81,23.3333,109
34,87,0.0005,0.0002,100.0,518.67,642.27,1587.08,1399.25,14.62,21.61,553.65,2388.07,9057.03,1.3,47.45,521.74,2388.08,8147.82,8.4464,0.03,394,2388,100.0,38.8,23.3282,108
34,88,0.0042,0.0006,100.0,518.67,642.04,1586.72,1409.98,14.62,21.61,553.07,2388.05,9063.23,1.3,47.45,521.93,2388.07,8143.71,8.4273,0.03,393,2388,100.0,38.97,23.3775,107
34,89,0.0006,0.0001,100.0,518.67,642.87,1587.07,1410.57,14.62,21.61,553.01,2388.11,9065.22,1.3,47.46,521.01,2388.12,8143.09,8.4264,0.03,394,2388,100.0,38.76,23.4224,106
34,90,-0.0009,-0.0003,100.0,518.67,643.01,1585.65,1407.77,14.62,21.61,553.99,2388.1,9066.19,1.3,47.48,521.27,2388.08,8148.4,8.4146,0.03,393,2388,100.0,38.9,23.3544,105
34,91,-0.0001,0.0003,100.0,518.67,642.17,1585.98,1406.98,14.62,21.61,553.32,2388.07,9062.96,1.3,47.76,521.94,2388.07,8147.51,8.4306,0.03,394,2388,100.0,38.83,23.4003,104
34,92,-0.0043,0.0005,100.0,518.67,642.33,1585.98,1407.92,14.62,21.61,553.48,2388.07,9067.05,1.3,47.5,521.46,2388.0,8147.87,8.429,0.03,393,2388,100.0,38.73,23.2569,103
34,93,0.0057,0.0003,100.0,518.67,642.27,1584.96,1413.55,14.62,21.61,553.3,2388.12,9070.81,1.3,47.34,521.77,2388.02,8147.38,8.4549,0.03,395,2388,100.0,38.74,23.218,102
34,94,-0.0019,0.0002,100.0,518.67,642.12,1588.32,1410.49,14.62,21.61,553.27,2388.08,9073.59,1.3,47.53,521.85,2388.0,8138.85,8.4165,0.03,392,2388,100.0,38.93,23.2349,101
34,95,0.0013,-0.0003,100.0,518.67,643.0,1589.67,1405.43,14.62,21.61,553.95,2388.0,9064.19,1.3,47.43,521.45,2388.09,8146.89,8.437,0.03,393,2388,100.0,38.82,23.3666,100
34,96,-0.0,0.0005,100.0,518.67,642.32,1591.4,1408.72,14.62,21.61,553.36,2388.05,9071.29,1.3,47.43,521.81,2388.04,8140.98,8.4093,0.03,394,2388,100.0,38.79,23.3088,99
34,97,0.0032,0.0003,100.0,518.67,642.39,1589.47,1412.55,14.62,21.61,553.68,2388.03,9066.36,1.3,47.43,521.37,2388.08,8144.26,8.4534,0.03,393,2388,100.0,38.92,23.2416,98
34,98,0.0032,-0.0001,100.0,518.67,642.56,1591.0,1408.27,14.62,21.61,553.66,2388.1,9060.41,1.3,47.42,521.09,2388.08,8140.63,8.4414,0.03,394,2388,100.0,38.71,23.2201,97
34,99,-0.0,-0.0003,100.0,518.67,642.43,1587.86,1404.24,14.62,21.61,553.28,2388.11,9069.36,1.3,47.42,522.19,2388.07,8148.2,8.4527,0.03,392,2388,100.0,38.93,23.3279,96
34,100,0.0011,0.0004,100.0,518.67,643.23,1588.09,1410.34,14.62,21.61,553.75,2388.02,9068.8,1.3,47.6,522.0,2388.06,8152.58,8.47,0.03,393,2388,100.0,38.68,23.3118,95
34,101,0.0011,-0.0003,100.0,518.67,642.4,1590.5,1415.84,14.62,21.61,552.62,2388.06,9068.28,1.3,47.5,521.29,2388.12,8147.03,8.4784,0.03,394,2388,100.0,38.93,23.3211,94
34,102,0.0014,0.0005,100.0,518.67,643.24,1595.19,1401.75,14.62,21.61,553.1,2388.05,9065.03,1.3,47.74,521.37,2388.06,8149.31,8.4333,0.03,392,2388,100.0,38.8,23.3329,93
34,103,-0.0012,0.0002,100.0,518.67,642.88,1588.28,1406.05,14.62,21.61,553.76,2388.05,9059.6,1.3,47.49,521.19,2388.09,8142.01,8.4568,0.03,392,2388,100.0,38.98,23.2256,92
34,104,0.0026,-0.0001,100.0,518.67,642.63,1587.95,1411.39,14.62,21.61,552.92,2388.08,9065.82,1.3,47.63,521.38,2388.09,8142.93,8.422,0.03,393,2388,100.0,38.74,23.2705,91
34,105,0.0006,0.0001,100.0,518.67,642.86,1592.18,1413.81,14.62,21.61,553.22,2388.08,9065.37,1.3,47.62,521.39,2388.09,8144.35,8.4337,0.03,393,2388,100.0,38.68,23.2611,90
34,106,-0.0034,0.0004,100.0,518.67,643.05,1595.62,1408.83,14.62,21.61,553.27,2388.07,9076.74,1.3,47.5,520.84,2388.11,8144.17,8.4548,0.03,392,2388,100.0,38.82,23.341,89
34,107,0.0015,-0.0002,100.0,518.67,642.75,1594.66,1411.37,14.62,21.61,553.69,2388.1,9065.19,1.3,47.6,521.33,2388.11,8148.43,8.41,0.03,392,2388,100.0,38.83,23.1518,88
34,108,0.0035,0.0004,100.0,518.67,642.71,1590.01,1401.82,14.62,21.61,553.24,2388.12,9070.67,1.3,47.44,521.53,2388.15,8145.15,8.4084,0.03,394,2388,100.0,38.7,23.2632,87
34,109,-0.0012,-0.0004,100.0,518.67,642.47,1587.34,1402.53,14.62,21.61,553.19,2388.11,9067.14,1.3,47.53,521.7,2388.06,8145.41,8.4547,0.03,393,2388,100.0,38.82,23.1446,86
34,110,0.0024,-0.0,100.0,518.67,642.92,1595.45,1403.2,14.62,21.61,552.9,2388.06,9073.36,1.3,47.46,521.25,2388.06,8148.33,8.4324,0.03,393,2388,100.0,38.88,23.2356,85
34,111,0.001,0.0003,100.0,518.67,642.67,1594.25,1406.57,14.62,21.61,552.62,2388.1,9075.09,1.3,47.51,521.46,2388.1,8149.33,8.47,0.03,393,2388,100.0,38.96,23.1901,84
34,112,0.001,0.0004,100.0,518.67,642.2,1591.06,1410.34,14.62,21.61,553.65,2388.13,9071.46,1.3,47.64,521.86,2388.07,8150.18,8.4176,0.03,393,2388,100.0,38.92,23.2321,83
34,113,-0.0004,0.0004,100.0,518.67,642.5,1586.36,1414.49,14.62,21.61,553.21,2388.03,9072.8,1.3,47.62,521.13,2388.1,8144.65,8.4723,0.03,394,2388,100.0,38.7,23.3738,82
34,114,0.0033,-0.0,100.0,518.67,642.58,1594.94,1411.57,14.62,21.61,553.45,2388.1,9072.99,1.3,47.57,521.21,2388.02,8148.42,8.4354,0.03,392,2388,100.0,38.66,23.3156,81
34,115,0.0018,0.0002,100.0,518.67,642.17,1588.34,1411.36,14.62,21.61,553.72,2388.12,9076.91,1.3,47.4,521.74,2388.06,8148.07,8.4453,0.03,394,2388,100.0,38.73,23.3623,80
34,116,0.0014,0.0004,100.0,518.67,642.77,1589.0,1404.91,14.62,21.61,553.69,2388.07,9078.16,1.3,47.48,521.52,2388.11,8154.4,8.4516,0.03,394,2388,100.0,38.92,23.2053,79
34,117,0.001,-0.0,100.0,518.67,642.89,1587.05,1407.67,14.62,21.61,554.07,2388.03,9069.94,1.3,47.49,521.19,2388.07,8148.84,8.4173,0.03,393,2388,100.0,38.71,23.2901,78
34,118,-0.0018,0.0001,100.0,518.67,642.34,1587.17,1413.98,14.62,21.61,553.25,2388.1,9078.15,1.3,47.4,521.03,2388.04,8147.59,8.4525,0.03,392,2388,100.0,38.82,23.331,77
34,119,0.0029,0.0001,100.0,518.67,642.8,1589.61,1406.24,14.62,21.61,553.78,2388.07,9070.58,1.3,47.54,521.15,2388.09,8149.37,8.4605,0.03,394,2388,100.0,38.63,23.2639,76
34,120,-0.0008,-0.0001,100.0,518.67,642.9,1588.23,1411.91,14.62,21.61,553.78,2388.09,9073.56,1.3,47.53,521.09,2388.08,8156.12,8.4694,0.03,394,2388,100.0,38.76,23.2153,75
34,121,-0.0017,0.0005,100.0,518.67,642.94,1594.26,1404.87,14.62,21.61,553.55,2388.12,9075.59,1.3,47.51,521.33,2388.15,8147.5,8.4411,0.03,395,2388,100.0,38.98,23.3351,74
34,122,0.0008,0.0004,100.0,518.67,643.33,1590.47,1405.9,14.62,21.61,553.41,2388.14,9078.05,1.3,47.64,521.26,2388.06,8149.53,8.4579,0.03,394,2388,100.0,38.94,23.2889,73
34,123,0.0028,0.0004,100.0,518.67,642.86,1593.34,1404.13,14.62,21.61,553.83,2388.11,9069.99,1.3,47.55,521.49,2388.11,8149.89,8.4807,0.03,394,2388,100.0,38.62,23.1041,72
34,124,-0.0054,-0.0004,100.0,518.67,642.59,1599.05,1407.12,14.62,21.61,552.65,2388.16,9078.77,1.3,47.48,521.27,2388.12,8149.39,8.4463,0.03,393,2388,100.0,38.88,23.3437,71
34,125,0.0013,0.0004,100.0,518.67,642.6,1586.42,1415.65,14.62,21.61,552.38,2388.07,9071.16,1.3,47.56,521.3,2388.06,8156.92,8.4469,0.03,393,2388,100.0,38.91,23.1779,70
34,126,-0.0025,-0.0003,100.0,518.67,642.5,1595.22,1407.99,14.62,21.61,553.7,2388.04,9077.15,1.3,47.48,521.06,2388.03,8152.88,8.454,0.03,395,2388,100.0,38.9,23.3216,69
34,127,-0.0027,0.0005,100.0,518.67,642.24,1595.09,1410.51,14.62,21.61,552.94,2388.07,9085.29,1.3,47.53,521.3,2388.11,8151.79,8.4298,0.03,392,2388,100.0,38.83,23.2812,68
34,128,-0.0031,-0.0001,100.0,518.67,642.85,1597.51,1414.31,14.62,21.61,552.44,2388.08,9072.89,1.3,47.73,521.36,2388.12,8154.11,8.4636,0.03,393,2388,100.0,38.79,23.2286,67
34,129,-0.0002,0.0001,100.0,518.67,642.57,1587.44,1416.4,14.62,21.61,553.63,2388.11,9084.62,1.3,47.6,521.13,2388.09,8150.92,8.4601,0.03,392,2388,100.0,38.75,23.2974,66
34,130,0.0029,-0.0003,100.0,518.67,643.1,1589.41,1413.81,14.62,21.61,553.03,2388.14,9081.13,1.3,47.48,521.37,2388.11,8158.11,8.4386,0.03,394,2388,100.0,39.16,23.2703,65
34,131,0.0003,-0.0,100.0,518.67,642.88,1591.29,1410.87,14.62,21.61,553.38,2388.07,9079.25,1.3,47.46,521.59,2388.09,8162.95,8.4702,0.03,393,2388,100.0,38.63,23.1323,64
34,132,0.0011,0.0004,100.0,518.67,642.52,1598.77,1413.76,14.62,21.61,552.39,2388.08,9075.98,1.3,47.53,521.33,2388.11,8154.85,8.461,0.03,395,2388,100.0,38.78,23.315,63
34,133,0.0006,0.0,100.0,518.67,642.39,1595.6,1416.64,14.62,21.61,553.05,2388.1,9082.99,1.3,47.72,520.97,2388.1,8157.08,8.462,0.03,395,2388,100.0,38.84,23.2767,62
34,134,-0.0012,-0.0001,100.0,518.67,643.16,1593.07,1415.95,14.62,21.61,553.47,2388.08,9081.04,1.3,47.56,520.54,2388.09,8155.83,8.4564,0.03,393,2388,100.0,38.78,23.2685,61
34,135,0.0001,0.0004,100.0,518.67,642.74,1592.84,1409.06,14.62,21.61,552.57,2388.1,9078.56,1.3,47.56,520.95,2388.09,8152.35,8.4526,0.03,394,2388,100.0,38.98,23.276,60
34,136,-0.0021,0.0002,100.0,518.67,642.56,1594.72,1412.12,14.62,21.61,552.9,2388.09,9085.2,1.3,47.65,521.45,2388.08,8154.28,8.4578,0.03,396,2388,100.0,38.6,23.3061,59
34,137,-0.0009,0.0001,100.0,518.67,642.59,1590.82,1406.06,14.62,21.61,553.19,2388.11,9078.28,1.3,47.37,520.84,2388.1,8158.69,8.4572,0.03,394,2388,100.0,38.75,23.2107,58
34,138,-0.0011,0.0003,100.0,518.67,643.0,1595.74,1406.22,14.62,21.61,553.19,2388.08,9076.15,1.3,47.63,521.14,2388.1,8153.67,8.4546,0.03,393,2388,100.0,38.8,23.2919,57
34,139,0.0004,-0.0001,100.0,518.67,642.77,1598.47,1411.32,14.62,21.61,552.86,2388.11,9078.56,1.3,47.67,520.57,2388.05,8157.22,8.4703,0.03,393,2388,100.0,38.71,23.3597,56
34,140,-0.002,0.0,100.0,518.67,643.63,1585.91,1409.45,14.62,21.61,552.67,2388.13,9082.64,1.3,47.74,521.8,2388.05,8163.14,8.4572,0.03,395,2388,100.0,38.67,23.394,55
34,141,-0.0012,0.0004,100.0,518.67,643.11,1588.95,1413.42,14.62,21.61,552.93,2388.08,9087.31,1.3,47.59,521.52,2388.08,8154.68,8.4221,0.03,391,2388,100.0,38.81,23.156,54
34,142,-0.0011,0.0005,100.0,518.67,642.51,1590.73,1409.63,14.62,21.61,552.35,2388.13,9082.67,1.3,47.6,520.95,2388.07,8159.57,8.4967,0.03,392,2388,100.0,38.75,23.2984,53
34,143,0.0012,0.0004,100.0,518.67,643.29,1593.02,1410.48,14.62,21.61,552.96,2388.1,9083.08,1.3,47.58,521.1,2388.11,8166.79,8.45,0.03,394,2388,100.0,38.78,23.1907,52
34,144,0.0003,0.0001,100.0,518.67,643.15,1599.2,1417.97,14.62,21.61,553.54,2388.11,9089.71,1.3,47.77,521.16,2388.13,8165.57,8.4597,0.03,392,2388,100.0,38.77,23.1555,51
34,145,-0.0008,0.0005,100.0,518.67,642.76,1584.96,1405.74,14.62,21.61,553.18,2388.08,9089.61,1.3,47.6,520.92,2388.05,8162.29,8.4781,0.03,394,2388,100.0,38.7,23.2894,50
34,146,-0.0032,0.0004,100.0,518.67,642.94,1593.96,1406.33,14.62,21.61,552.75,2388.09,9093.26,1.3,47.57,521.56,2388.09,8168.81,8.4674,0.03,395,2388,100.0,38.82,23.289,49
34,147,0.0046,0.0003,100.0,518.67,642.73,1595.25,1422.99,14.62,21.61,553.16,2388.11,9089.86,1.3,47.55,520.93,2388.08,8161.76,8.4756,0.03,394,2388,100.0,38.74,23.3026,48
34,148,-0.0023,0.0004,100.0,518.67,642.86,1601.14,1416.22,14.62,21.61,552.95,2388.09,9090.25,1.3,47.64,520.84,2388.14,8166.46,8.4616,0.03,395,2388,100.0,38.66,23.2557,47
34,149,-0.0001,0.0005,100.0,518.67,642.7,1593.19,1408.42,14.62,21.61,553.04,2388.11,9087.97,1.3,47.64,520.97,2388.15,8163.75,8.4575,0.03,393,2388,100.0,38.8,23.221,46
34,150,0.0011,0.0005,100.0,518.67,643.46,1589.54,1410.75,14.62,21.61,552.93,2388.03,9093.51,1.3,47.74,521.12,2388.09,8167.0,8.4526,0.03,394,2388,100.0,38.56,23.1587,45
34,151,0.0037,0.0001,100.0,518.67,642.85,1586.99,1411.99,14.62,21.61,552.43,2388.07,9091.22,1.3,47.62,520.64,2388.04,8161.54,8.4697,0.03,395,2388,100.0,38.84,23.1504,44
34,152,0.0009,0.0002,100.0,518.67,642.86,1592.46,1414.93,14.62,21.61,552.76,2388.11,9088.5,1.3,47.66,521.05,2388.11,8165.28,8.4722,0.03,394,2388,100.0,38.7,23.2403,43
34,153,0.0016,0.0001,100.0,518.67,643.07,1600.12,1412.27,14.62,21.61,552.29,2388.11,9091.62,1.3,47.53,520.64,2388.05,8168.99,8.4303,0.03,394,2388,100.0,38.74,23.2021,42
34,154,-0.0011,0.0004,100.0,518.67,642.8,1590.54,1417.1,14.62,21.61,552.43,2388.16,9095.69,1.3,47.69,520.4,2388.1,8164.2,8.4657,0.03,394,2388,100.0,38.7,23.1475,41
34,155,0.0051,0.0,100.0,518.67,642.99,1591.27,1414.88,14.62,21.61,553.4,2388.1,9098.48,1.3,47.52,521.05,2388.07,8174.41,8.495,0.03,395,2388,100.0,38.66,23.1985,40
34,156,-0.0002,0.0001,100.0,518.67,642.93,1587.54,1413.29,14.62,21.61,552.81,2388.09,9103.29,1.3,47.76,521.35,2388.11,8173.79,8.4224,0.03,394,2388,100.0,38.65,23.1507,39
34,157,0.0013,-0.0,100.0,518.67,643.02,1593.0,1419.02,14.62,21.61,553.73,2388.13,9102.08,1.3,47.7,521.17,2388.11,8176.98,8.4719,0.03,392,2388,100.0,38.71,23.2835,38
34,158,-0.0029,0.0002,100.0,518.67,643.44,1584.73,1417.52,14.62,21.61,552.59,2388.11,9096.55,1.3,47.72,521.08,2388.1,8172.43,8.4911,0.03,394,2388,100.0,38.48,23.1967,37
34,159,-0.0009,0.0004,100.0,518.67,643.33,1593.69,1414.27,14.62,21.61,552.82,2388.09,9097.53,1.3,47.97,520.72,2388.16,8169.24,8.5069,0.03,395,2388,100.0,38.75,23.1277,36
34,160,0.0026,0.0004,100.0,518.67,642.86,1594.78,1417.02,14.62,21.61,551.97,2388.11,9099.73,1.3,47.7,521.43,2388.15,8168.88,8.4933,0.03,393,2388,100.0,38.56,23.1401,35
34,161,-0.0013,0.0003,100.0,518.67,642.86,1590.89,1410.38,14.62,21.61,552.9,2388.11,9099.03,1.3,47.65,521.58,2388.1,8171.56,8.4643,0.03,396,2388,100.0,38.73,23.2084,34
34,162,0.0025,-0.0001,100.0,518.67,643.14,1592.95,1409.5,14.62,21.61,552.91,2388.08,9111.01,1.3,47.85,520.53,2388.12,8179.29,8.4669,0.03,393,2388,100.0,38.69,23.1557,33
34,163,0.0007,0.0,100.0,518.67,643.4,1590.3,1421.17,14.62,21.61,552.48,2388.08,9103.25,1.3,47.61,520.58,2388.1,8174.4,8.4696,0.03,393,2388,100.0,38.82,23.2383,32
34,164,-0.0024,-0.0003,100.0,518.67,643.17,1610.14,1419.84,14.62,21.61,552.52,2388.09,9104.05,1.3,47.66,521.01,2388.08,8179.24,8.4818,0.03,394,2388,100.0,38.74,23.2412,31
34,165,0.0002,-0.0001,100.0,518.67,643.26,1592.59,1418.39,14.62,21.61,552.21,2388.12,9107.79,1.3,47.99,520.68,2388.1,8181.81,8.5121,0.03,396,2388,100.0,38.88,23.2412,30
34,166,-0.003,0.0003,100.0,518.67,642.79,1599.95,1417.31,14.62,21.61,553.02,2388.12,9114.36,1.3,47.83,520.62,2388.11,8179.22,8.485,0.03,394,2388,100.0,38.74,23.2144,29
34,167,0.0038,0.0006,100.0,518.67,642.92,1595.61,1415.52,14.62,21.61,552.31,2388.1,9108.1,1.3,47.55,520.58,2388.08,8180.29,8.4967,0.03,394,2388,100.0,38.58,23.135,28
34,168,-0.0007,0.0003,100.0,518.67,643.02,1598.32,1420.72,14.62,21.61,552.36,2388.08,9116.68,1.3,47.72,520.85,2388.09,8178.04,8.4695,0.03,395,2388,100.0,38.79,23.204,27
34,169,0.0011,0.0002,100.0,518.67,643.19,1593.26,1418.78,14.62,21.61,552.58,2388.12,9108.72,1.3,47.81,520.28,2388.11,8184.63,8.477,0.03,396,2388,100.0,38.74,23.2687,26
34,170,-0.002,0.0003,100.0,518.67,643.22,1599.85,1421.7,14.62,21.61,552.28,2388.14,9113.24,1.3,47.73,520.31,2388.17,8179.94,8.4975,0.03,394,2388,100.0,38.73,23.2821,25
34,171,-0.0039,-0.0004,100.0,518.67,642.56,1590.82,1415.32,14.62,21.61,552.25,2388.14,9116.69,1.3,47.78,520.85,2388.07,8183.4,8.4795,0.03,394,2388,100.0,38.65,23.2086,24
34,172,-0.0006,0.0006,100.0,518.67,643.1,1601.06,1422.56,14.62,21.61,551.85,2388.14,9113.62,1.3,47.87,521.21,2388.14,8181.76,8.4519,0.03,394,2388,100.0,38.65,23.0896,23
34,173,-0.0022,0.0003,100.0,518.67,643.58,1602.55,1419.57,14.62,21.61,552.66,2388.08,9117.78,1.3,47.83,521.15,2388.12,8187.58,8.486,0.03,395,2388,100.0,38.58,23.1,22
34,174,-0.0018,-0.0,100.0,518.67,643.42,1601.32,1419.74,14.62,21.61,552.66,2388.1,9117.32,1.3,47.81,520.59,2388.11,8189.36,8.4736,0.03,396,2388,100.0,38.58,23.2538,21
34,175,-0.0004,-0.0001,100.0,518.67,642.77,1601.29,1418.78,14.62,21.61,552.13,2388.13,9120.39,1.3,47.77,520.87,2388.11,8195.13,8.4565,0.03,396,2388,100.0,38.63,23.0932,20
34,176,-0.0026,0.0,100.0,518.67,643.41,1599.66,1415.32,14.62,21.61,552.92,2388.1,9122.53,1.3,47.84,521.03,2388.17,8191.31,8.5046,0.03,395,2388,100.0,38.67,23.2376,19
34,177,0.001,-0.0002,100.0,518.67,643.22,1591.4,1417.64,14.62,21.61,552.44,2388.16,9123.99,1.3,47.86,520.91,2388.11,8194.71,8.521,0.03,396,2388,100.0,38.58,23.21,18
34,178,0.0014,0.0003,100.0,518.67,643.45,1604.03,1421.08,14.62,21.61,552.63,2388.13,9126.7,1.3,47.88,520.41,2388.09,8194.55,8.4976,0.03,395,2388,100.0,38.62,23.081,17
34,179,0.0019,-0.0,100.0,518.67,643.48,1597.72,1419.03,14.62,21.61,552.24,2388.17,9125.75,1.3,47.89,520.66,2388.13,8191.1,8.4974,0.03,396,2388,100.0,38.68,23.1899,16
34,180,0.0022,0.0005,100.0,518.67,643.21,1596.12,1418.7,14.62,21.61,552.58,2388.15,9133.19,1.3,47.72,520.7,2388.12,8195.12,8.4777,0.03,395,2388,100.0,38.42,23.1092,15
34,181,0.0007,0.0003,100.0,518.67,643.18,1600.96,1412.98,14.62,21.61,552.15,2388.11,9129.07,1.3,47.76,520.67,2388.13,8199.88,8.4759,0.03,397,2388,100.0,38.71,23.0938,14
34,182,-0.0015,-0.0003,100.0,518.67,643.36,1599.16,1418.46,14.62,21.61,552.31,2388.13,9131.6,1.3,47.97,520.39,2388.16,8199.66,8.4928,0.03,396,2388,100.0,38.55,23.0697,13
34,183,-0.0041,0.0003,100.0,518.67,643.52,1604.74,1421.05,14.62,21.61,552.19,2388.19,9134.8,1.3,47.92,520.44,2388.16,8203.53,8.4883,0.03,397,2388,100.0,38.52,23.1732,12
34,184,-0.0037,0.0002,100.0,518.67,643.06,1593.95,1424.35,14.62,21.61,551.84,2388.17,9141.75,1.3,48.02,520.53,2388.16,8200.4,8.5054,0.03,396,2388,100.0,38.57,23.2029,11
34,185,0.0034,-0.0002,100.0,518.67,643.25,1601.11,1427.22,14.62,21.61,551.67,2388.13,9136.63,1.3,47.88,520.46,2388.15,8203.44,8.5127,0.03,396,2388,100.0,38.51,23.0462,10
34,186,0.0022,0.0003,100.0,518.67,643.75,1598.98,1422.41,14.62,21.61,552.3,2388.18,9146.83,1.3,48.35,520.62,2388.17,8211.62,8.5046,0.03,396,2388,100.0,38.45,23.0505,9
34,187,0.0019,0.0003,100.0,518.67,643.91,1599.92,1425.4,14.62,21.61,552.49,2388.12,9144.14,1.3,47.98,519.85,2388.17,8204.7,8.5215,0.03,396,2388,100.0,38.43,23.1659,8
34,188,-0.0003,0.0003,100.0,518.67,643.63,1597.71,1425.85,14.62,21.61,552.34,2388.14,9144.57,1.3,48.06,520.11,2388.19,8214.84,8.4984,0.03,396,2388,100.0,38.43,23.0691,7
34,189,0.0011,-0.0003,100.0,518.67,643.93,1599.6,1425.76,14.62,21.61,552.06,2388.12,9151.28,1.3,48.13,520.39,2388.12,8220.08,8.4878,0.03,396,2388,100.0,38.39,23.1228,6
34,190,-0.0025,-0.0003,100.0,518.67,643.29,1607.37,1425.41,14.62,21.61,551.59,2388.15,9157.54,1.3,48.01,519.79,2388.23,8216.41,8.4646,0.03,395,2388,100.0,38.48,23.0289,5
34,191,0.0001,0.0001,100.0,518.67,643.83,1601.08,1431.68,14.62,21.61,552.2,2388.14,9155.1,1.3,48.11,520.47,2388.13,8216.68,8.5044,0.03,397,2388,100.0,38.37,23.0613,4
34,192,0.0009,0.0005,100.0,518.67,643.53,1602.3,1428.02,14.62,21.61,552.04,2388.14,9164.23,1.3,48.07,519.49,2388.16,8216.6,8.5151,0.03,397,2388,100.0,38.38,22.9959,3
34,193,-0.0009,-0.0001,100.0,518.67,643.61,1602.13,1424.76,14.62,21.61,551.73,2388.19,9163.9,1.3,48.09,520.24,2388.15,8220.91,8.4963,0.03,396,2388,100.0,38.41,23.0797,2
34,194,-0.0026,-0.0002,100.0,518.67,643.44,1601.27,1426.19,14.62,21.61,551.45,2388.18,9166.06,1.3,48.08,520.41,2388.12,8228.95,8.5213,0.03,396,2388,100.0,38.36,23.0603,1
34,195,0.004,0.0006,100.0,518.67,643.94,1597.74,1434.09,14.62,21.61,551.46,2388.17,9162.57,1.3,48.33,520.01,2388.14,8230.84,8.5014,0.03,397,2388,100.0,38.36,22.9984,0
35,1,-0.0008,0.0004,100.0,518.67,642.25,1589.5,1401.87,14.62,21.61,553.94,2388.06,9061.4,1.3,47.45,521.22,2388.05,8138.2,8.4282,0.03,392,2388,100.0,38.83,23.3682,180
35,2,-0.0044,0.0,100.0,518.67,642.49,1589.83,1406.99,14.62,21.61,553.99,2388.05,9059.03,1.3,47.33,521.51,2388.06,8137.11,8.4087,0.03,393,2388,100.0,38.77,23.3206,179
35,3,-0.0013,-0.0005,100.0,518.67,642.53,1589.32,1400.83,14.62,21.61,553.5,2388.05,9052.52,1.3,47.37,521.3,2388.07,8136.42,8.3998,0.03,393,2388,100.0,38.94,23.2977,178
35,4,-0.0017,0.0004,100.0,518.67,642.2,1588.27,1399.64,14.62,21.61,554.54,2388.09,9067.84,1.3,47.18,522.4,2388.06,8139.33,8.4467,0.03,393,2388,100.0,39.08,23.3072,177
35,5,0.0022,-0.0,100.0,518.67,642.23,1583.66,1400.4,14.62,21.61,554.62,2388.06,9050.17,1.3,47.34,521.46,2388.05,8132.84,8.376,0.03,393,2388,100.0,38.97,23.4655,176
35,6,0.0011,0.0002,100.0,518.67,642.01,1587.18,1401.92,14.62,21.61,554.19,2388.05,9051.72,1.3,47.39,521.64,2388.07,8140.22,8.406,0.03,393,2388,100.0,38.88,23.315,175
35,7,0.0003,0.0003,100.0,518.67,642.4,1589.78,1408.96,14.62,21.61,553.81,2388.04,9055.41,1.3,47.35,521.85,2388.07,8142.37,8.4104,0.03,392,2388,100.0,38.91,23.3393,174
35,8,-0.0003,-0.0004,100.0,518.67,642.84,1587.55,1416.7,14.62,21.61,553.94,2388.06,9058.74,1.3,47.21,521.78,2388.05,8140.81,8.4298,0.03,394,2388,100.0,38.98,23.3395,173
35,9,-0.0006,0.0,100.0,518.67,642.43,1587.82,1406.31,14.62,21.61,553.0,2388.04,9048.74,1.3,47.41,521.42,2388.13,8138.9,8.415,0.03,394,2388,100.0,38.87,23.3598,172
35,10,0.001,0.0004,100.0,518.67,642.36,1580.89,1406.41,14.62,21.61,554.3,2388.04,9058.32,1.3,47.46,522.08,2388.06,8136.61,8.4281,0.03,391,2388,100.0,39.02,23.4417,171
35,11,0.0001,0.0002,100.0,518.67,642.15,1588.7,1404.76,14.62,21.61,554.36,2388.04,9063.46,1.3,47.33,522.3,2388.03,8135.09,8.4159,0.03,393,2388,100.0,38.95,23.4215,170
35,12,0.0015,-0.0001,100.0,518.67,642.27,1592.84,1400.14,14.62,21.61,554.21,2388.02,9054.41,1.3,47.32,522.02,2388.07,8139.63,8.4659,0.03,391,2388,100.0,39.03,23.4061,169
35,13,-0.0017,0.0004,100.0,518.67,642.45,1590.13,1402.35,14.62,21.61,553.97,2388.08,9056.18,1.3,47.27,521.76,2388.0,8131.11,8.4274,0.03,391,2388,100.0,38.77,23.3665,168
35,14,-0.0014,0.0003,100.0,518.67,642.86,1585.07,1400.46,14.62,21.61,554.13,2388.07,9049.4,1.3,47.41,521.53,2388.01,8139.37,8.3957,0.03,392,2388,100.0,39.02,23.3227,167
35,15,0.0033,0.0003,100.0,518.67,642.65,1585.83,1407.15,14.62,21.61,554.13,2388.05,9055.17,1.3,47.24,520.94,2388.05,8138.42,8.3967,0.03,392,2388,100.0,38.91,23.3144,166
35,16,0.0039,0.0001,100.0,518.67,642.12,1585.54,1396.67,14.62,21.61,553.85,2388.08,9054.29,1.3,47.59,521.86,2388.08,8135.14,8.3955,0.03,392,2388,100.0,38.92,23.409,165
35,17,0.0046,0.0003,100.0,518.67,642.31,1587.72,1399.77,14.62,21.61,554.21,2388.07,9050.59,1.3,47.23,521.87,2388.05,8139.51,8.4246,0.03,392,2388,100.0,38.77,23.4234,164
35,18,0.003,0.0005,100.0,518.67,642.41,1579.41,1403.72,14.62,21.61,553.93,2388.05,9048.7,1.3,47.51,521.95,2388.06,8139.55,8.3914,0.03,392,2388,100.0,39.0,23.2559,163
35,19,0.0033,-0.0003,100.0,518.67,642.23,1588.51,1407.22,14.62,21.61,553.91,2388.06,9048.49,1.3,47.25,521.38,2388.04,8135.17,8.4101,0.03,393,2388,100.0,38.95,23.4109,162
35,20,0.0011,0.0005,100.0,518.67,643.07,1592.18,1409.41,14.62,21.61,553.7,2388.05,9053.43,1.3,47.28,521.4,2388.07,8140.38,8.4165,0.03,393,2388,100.0,39.19,23.3626,161
35,21,-0.001,-0.0002,100.0,518.67,642.46,1584.32,1409.2,14.62,21.61,553.92,2388.09,9056.49,1.3,47.42,522.4,2388.0,8136.93,8.398,0.03,391,2388,100.0,38.85,23.3323,160
35,22,-0.0023,-0.0002,100.0,518.67,642.02,1587.78,1403.48,14.62,21.61,554.15,2388.03,9060.22,1.3,47.53,522.23,2388.05,8139.27,8.4275,0.03,391,2388,100.0,38.95,23.3704,159
35,23,-0.0014,-0.0,100.0,518.67,642.74,1586.29,1407.88,14.62,21.61,553.54,2388.02,9057.71,1.3,47.31,521.82,2388.09,8136.42,8.4283,0.03,393,2388,100.0,38.77,23.3239,158
35,24,0.0,-0.0003,100.0,518.67,641.87,1589.7,1400.9,14.62,21.61,553.75,2388.03,9059.84,1.3,47.51,522.11,2388.04,8135.13,8.4089,0.03,392,2388,100.0,39.03,23.4284,157
35,25,-0.001,-0.0,100.0,518.67,642.05,1590.48,1410.74,14.62,21.61,553.88,2388.11,9062.81,1.3,47.57,521.94,2388.08,8138.08,8.4171,0.03,392,2388,100.0,38.89,23.355,156
35,26,-0.0001,-0.0001,100.0,518.67,643.02,1586.54,1399.08,14.62,21.61,554.2,2388.08,9063.19,1.3,47.32,522.1,2388.04,8136.61,8.4336,0.03,393,2388,100.0,38.85,23.2809,155
35,27,-0.0007,-0.0003,100.0,518.67,642.84,1580.38,1402.64,14.62,21.61,554.09,2388.05,9059.42,1.3,47.37,521.27,2388.02,8136.55,8.4223,0.03,392,2388,100.0,38.91,23.4519,154
35,28,0.0025,0.0003,100.0,518.67,643.01,1588.44,1404.87,14.62,21.61,554.33,2388.09,9055.71,1.3,47.34,521.42,2388.03,8141.81,8.4358,0.03,393,2388,100.0,38.83,23.3231,153
35,29,0.0023,-0.0005,100.0,518.67,642.35,1586.64,1405.61,14.62,21.61,554.01,2388.1,9048.11,1.3,47.48,521.47,2388.05,8144.91,8.4392,0.03,392,2388,100.0,38.82,23.3867,152
35,30,-0.0011,0.0002,100.0,518.67,642.6,1586.51,1396.77,14.62,21.61,554.15,2388.03,9048.18,1.3,47.43,521.74,2388.07,8137.09,8.4152,0.03,392,2388,100.0,38.93,23.3005,151
35,31,0.0004,-0.0004,100.0,518.67,642.52,1590.76,1402.33,14.62,21.61,554.6,2388.08,9053.65,1.3,47.5,521.89,2388.08,8137.81,8.4084,0.03,394,2388,100.0,38.94,23.3222,150
35,32,-0.0018,0.0004,100.0,518.67,642.69,1596.28,1400.43,14.62,21.61,553.44,2388.03,9056.28,1.3,47.37,521.84,2388.1,8131.79,8.4338,0.03,393,2388,100.0,38.92,23.2817,149
35,33,-0.0011,0.0,100.0,518.67,642.33,1586.07,1408.38,14.62,21.61,553.96,2388.1,9060.98,1.3,47.35,521.85,2388.04,8135.25,8.4258,0.03,391,2388,100.0,38.69,23.3466,148
35,34,0.0015,0.0002,100.0,518.67,642.28,1590.47,1405.59,14.62,21.61,554.27,2388.07,9055.94,1.3,47.36,522.02,2388.06,8137.13,8.4215,0.03,391,2388,100.0,39.01,23.3414,147
35,35,0.0014,0.0004,100.0,518.67,642.58,1586.61,1402.57,14.62,21.61,554.44,2388.03,9052.82,1.3,47.25,521.61,2388.09,8136.89,8.4218,0.03,392,2388,100.0,38.87,23.2547,146
35,36,-0.0025,-0.0001,100.0,518.67,642.86,1580.39,1405.98,14.62,21.61,554.16,2388.07,9057.05,1.3,47.38,521.6,2388.04,8137.64,8.4057,0.03,392,2388,100.0,38.89,23.3219,145
35,37,0.002,0.0001,100.0,518.67,642.59,1591.21,1402.95,14.62,21.61,554.39,2388.04,9059.27,1.3,47.37,521.57,2388.09,8139.28,8.4173,0.03,393,2388,100.0,39.15,23.3206,144
35,38,-0.0019,0.0,100.0,518.67,641.93,1592.56,1396.15,14.62,21.61,554.3,2388.05,9059.56,1.3,47.21,521.7,2388.08,8138.43,8.4235,0.03,393,2388,100.0,39.06,23.3351,143
35,39,-0.0013,-0.0005,100.0,518.67,642.73,1581.18,1401.27,14.62,21.61,553.99,2388.02,9059.07,1.3,47.33,521.5,2388.12,8143.93,8.4327,0.03,392,2388,100.0,39.06,23.3584,142
35,40,-0.0007,-0.0001,100.0,518.67,641.62,1592.06,1399.35,14.62,21.61,554.6,2388.07,9056.05,1.3,47.37,521.64,2388.04,8139.45,8.4182,0.03,395,2388,100.0,39.12,23.3576,141
35,41,0.0037,-0.0003,100.0,518.67,642.63,1582.33,1406.82,14.62,21.61,553.05,2388.07,9054.24,1.3,47.33,521.92,2388.07,8139.2,8.4059,0.03,392,2388,100.0,38.9,23.226,140
35,42,0.0011,0.0004,100.0,518.67,643.01,1588.39,1403.91,14.62,21.61,553.33,2388.09,9066.33,1.3,47.64,521.47,2388.07,8139.15,8.4058,0.03,391,2388,100.0,38.91,23.3218,139
35,43,-0.0018,0.0002,100.0,518.67,642.4,1590.54,1398.85,14.62,21.61,554.12,2388.09,9053.88,1.3,47.36,521.83,2388.04,8134.97,8.4211,0.03,393,2388,100.0,38.89,23.3196,138
35,44,-0.002,-0.0002,100.0,518.67,642.67,1588.97,1397.97,14.62,21.61,552.55,2388.11,9056.0,1.3,47.58,521.61,2388.1,8138.74,8.4454,0.03,395,2388,100.0,38.78,23.3451,137
35,45,0.0013,0.0001,100.0,518.67,642.68,1592.77,1399.74,14.62,21.61,553.87,2388.04,9061.22,1.3,47.46,521.56,2388.07,8139.0,8.4138,0.03,392,2388,100.0,38.9,23.41,136
35,46,-0.003,-0.0001,100.0,518.67,642.3,1591.91,1403.67,14.62,21.61,553.82,2388.04,9054.91,1.3,47.46,521.56,2388.09,8136.27,8.4125,0.03,393,2388,100.0,38.99,23.3152,135
35,47,-0.0008,0.0004,100.0,518.67,643.04,1597.01,1406.95,14.62,21.61,553.97,2388.05,9057.8,1.3,47.45,522.03,2388.08,8136.36,8.4127,0.03,394,2388,100.0,39.24,23.3204,134
35,48,-0.0012,-0.0003,100.0,518.67,642.63,1579.64,1409.17,14.62,21.61,553.86,2388.04,9069.85,1.3,47.6,521.94,2388.04,8138.75,8.4168,0.03,393,2388,100.0,38.98,23.3039,133
35,49,-0.0014,-0.0005,100.0,518.67,642.3,1589.31,1402.99,14.62,21.61,554.16,2388.0,9059.78,1.3,47.25,521.35,2388.06,8137.2,8.4088,0.03,392,2388,100.0,38.76,23.3652,132
35,50,-0.001,-0.0003,100.0,518.67,642.45,1582.3,1399.43,14.62,21.61,553.2,2388.09,9049.71,1.3,47.28,522.28,2388.05,8136.91,8.4465,0.03,393,2388,100.0,39.0,23.3485,131
35,51,0.0041,0.0004,100.0,518.67,642.14,1582.8,1406.39,14.62,21.61,553.67,2388.05,9052.26,1.3,47.3,521.66,2388.1,8139.72,8.4065,0.03,392,2388,100.0,38.85,23.2969,130
35,52,-0.0034,0.0002,100.0,518.67,642.26,1586.66,1405.07,14.62,21.61,553.49,2388.06,9058.54,1.3,47.47,521.88,2388.08,8134.69,8.4305,0.03,391,2388,100.0,38.9,23.3715,129
35,53,0.0001,-0.0005,100.0,518.67,642.53,1583.73,1403.69,14.62,21.61,552.88,2388.05,9058.43,1.3,47.27,522.09,2388.05,8138.0,8.4264,0.03,392,2388,100.0,38.84,23.3517,128
35,54,-0.0023,0.0002,100.0,518.67,642.36,1596.41,1406.94,14.62,21.61,553.56,2388.02,9050.51,1.3,47.55,521.7,2388.02,8142.86,8.4126,0.03,392,2388,100.0,38.82,23.3169,127
35,55,-0.0019,0.0002,100.0,518.67,642.94,1581.86,1410.96,14.62,21.61,553.74,2388.08,9060.73,1.3,47.45,521.71,2388.1,8139.75,8.3787,0.03,392,2388,100.0,38.89,23.2523,126
35,56,-0.003,0.0004,100.0,518.67,642.05,1586.7,1406.67,14.62,21.61,554.47,2388.11,9065.75,1.3,47.38,521.8,2388.07,8138.91,8.3971,0.03,392,2388,100.0,38.87,23.2997,125
35,57,0.0044,0.0005,100.0,518.67,642.1,1587.87,1398.25,14.62,21.61,554.47,2388.07,9062.29,1.3,47.33,521.83,2388.07,8143.6,8.4383,0.03,393,2388,100.0,38.8,23.4227,124
35,58,0.0011,-0.0001,100.0,518.67,642.27,1592.66,1404.54,14.62,21.61,554.24,2388.09,9062.17,1.3,47.41,521.3,2388.14,8135.08,8.4158,0.03,392,2388,100.0,39.18,23.1574,123
35,59,-0.0008,0.0005,100.0,518.67,642.61,1586.78,1401.55,14.62,21.61,552.8,2388.11,9055.03,1.3,47.56,521.97,2388.11,8136.3,8.4377,0.03,392,2388,100.0,38.89,23.2869,122
35,60,0.0016,0.0,100.0,518.67,642.73,1587.71,1411.19,14.62,21.61,554.16,2388.13,9061.05,1.3,47.29,521.5,2388.04,8139.74,8.4481,0.03,392,2388,100.0,38.96,23.3203,121
35,61,-0.0007,0.0001,100.0,518.67,642.3,1585.95,1401.61,14.62,21.61,552.97,2388.07,9056.22,1.3,47.5,522.28,2388.12,8137.39,8.436,0.03,392,2388,100.0,38.81,23.3766,120
35,62,0.0004,-0.0003,100.0,518.67,642.42,1586.17,1410.88,14.62,21.61,552.71,2388.06,9058.7,1.3,47.54,521.83,2388.1,8140.97,8.3987,0.03,392,2388,100.0,38.81,23.2741,119
35,63,0.0033,-0.0002,100.0,518.67,642.34,1581.5,1411.81,14.62,21.61,553.12,2388.11,9059.89,1.3,47.35,521.82,2388.08,8134.53,8.4005,0.03,392,2388,100.0,38.77,23.342,118
35,64,-0.0017,-0.0002,100.0,518.67,642.82,1586.82,1405.52,14.62,21.61,554.3,2388.11,9061.74,1.3,47.56,522.12,2388.09,8133.72,8.4115,0.03,393,2388,100.0,39.0,23.2286,117
35,65,0.0002,-0.0003,100.0,518.67,642.19,1584.95,1397.87,14.62,21.61,553.81,2388.03,9065.11,1.3,47.44,522.24,2388.04,8140.58,8.4506,0.03,394,2388,100.0,38.87,23.2646,116
35,66,-0.0008,-0.0003,100.0,518.67,642.48,1581.56,1402.14,14.62,21.61,553.44,2388.1,9053.21,1.3,47.43,522.09,2388.13,8136.09,8.4741,0.03,392,2388,100.0,38.84,23.3377,115
35,67,0.0008,0.0001,100.0,518.67,642.33,1592.88,1403.69,14.62,21.61,553.49,2388.13,9062.79,1.3,47.38,521.64,2388.06,8138.57,8.4278,0.03,392,2388,100.0,38.81,23.37,114
35,68,0.0029,-0.0004,100.0,518.67,642.24,1582.44,1409.7,14.62,21.61,553.48,2388.11,9060.21,1.3,47.53,521.42,2388.07,8140.48,8.4082,0.03,392,2388,100.0,38.92,23.3569,113
35,69,0.0047,-0.0003,100.0,518.67,642.3,1586.31,1405.71,14.62,21.61,553.24,2388.05,9055.47,1.3,47.47,521.74,2388.06,8140.53,8.4302,0.03,392,2388,100.0,38.81,23.4189,112
35,70,0.0006,0.0002,100.0,518.67,642.1,1585.79,1402.95,14.62,21.61,554.18,2388.0,9059.88,1.3,47.41,521.93,2388.11,8141.72,8.4135,0.03,392,2388,100.0,38.93,23.4091,111
35,71,0.0007,0.0004,100.0,518.67,642.67,1585.24,1405.13,14.62,21.61,553.54,2388.09,9069.78,1.3,47.57,521.3,2388.09,8145.77,8.4204,0.03,392,2388,100.0,38.86,23.3908,110
35,72,0.0009,0.0004,100.0,518.67,642.74,1594.35,1401.82,14.62,21.61,552.77,2388.07,9064.76,1.3,47.52,521.78,2388.08,8141.51,8.4548,0.03,392,2388,100.0,38.74,23.2168,109
35,73,-0.0025,-0.0005,100.0,518.67,642.31,1588.56,1395.83,14.62,21.61,553.5,2388.02,9071.05,1.3,47.43,521.54,2388.08,8135.78,8.4799,0.03,393,2388,100.0,38.87,23.3282,108
35,74,0.0025,0.0,100.0,518.67,643.04,1580.01,1407.71,14.62,21.61,553.85,2388.06,9059.07,1.3,47.55,521.58,2388.06,8138.55,8.422,0.03,392,2388,100.0,38.81,23.3196,107
35,75,0.0017,-0.0002,100.0,518.67,642.32,1588.85,1402.76,14.62,21.61,553.53,2388.08,9054.15,1.3,47.46,521.77,2388.07,8143.45,8.4093,0.03,393,2388,100.0,38.78,23.2428,106
35,76,0.0014,0.0002,100.0,518.67,642.52,1588.55,1405.47,14.62,21.61,553.64,2388.07,9064.62,1.3,47.58,521.55,2388.06,8135.7,8.4177,0.03,392,2388,100.0,39.01,23.259,105
35,77,-0.0,0.0005,100.0,518.67,642.18,1582.22,1405.7,14.62,21.61,552.98,2388.11,9056.84,1.3,47.25,521.61,2388.02,8138.28,8.4682,0.03,392,2388,100.0,38.9,23.3013,104
35,78,0.001,0.0,100.0,518.67,642.68,1588.81,1406.56,14.62,21.61,553.71,2388.05,9054.2,1.3,47.35,521.65,2388.1,8143.51,8.4178,0.03,393,2388,100.0,38.85,23.3028,103
35,79,0.0031,0.0005,100.0,518.67,641.76,1585.87,1401.39,14.62,21.61,553.75,2388.09,9057.32,1.3,47.41,521.38,2388.06,8139.12,8.4294,0.03,394,2388,100.0,38.91,23.3813,102
35,80,-0.0014,-0.0003,100.0,518.67,642.5,1587.97,1408.67,14.62,21.61,554.66,2388.04,9066.28,1.3,47.42,521.52,2388.06,8141.53,8.4034,0.03,391,2388,100.0,39.01,23.3142,101
35,81,0.0022,0.0001,100.0,518.67,642.71,1589.41,1412.58,14.62,21.61,553.29,2388.08,9060.48,1.3,47.58,521.89,2388.08,8141.02,8.4137,0.03,395,2388,100.0,38.73,23.2422,100
35,82,0.0004,0.0004,100.0,518.67,642.71,1597.33,1407.31,14.62,21.61,553.43,2388.08,9064.24,1.3,47.52,521.37,2388.11,8138.59,8.4152,0.03,392,2388,100.0,38.78,23.3481,99
35,83,0.0044,0.0004,100.0,518.67,643.11,1588.02,1405.73,14.62,21.61,552.98,2388.13,9065.23,1.3,47.44,521.4,2388.06,8140.89,8.4415,0.03,393,2388,100.0,38.82,23.3133,98
35,84,-0.003,0.0004,100.0,518.67,642.54,1587.47,1414.92,14.62,21.61,553.49,2388.09,9051.93,1.3,47.6,521.73,2388.11,8138.37,8.4636,0.03,393,2388,100.0,38.93,23.4023,97
35,85,0.0036,-0.0001,100.0,518.67,642.35,1590.7,1409.13,14.62,21.61,553.39,2388.06,9054.24,1.3,47.31,521.94,2388.13,8137.35,8.4237,0.03,394,2388,100.0,38.76,23.3153,96
35,86,0.001,0.0001,100.0,518.67,642.45,1585.11,1404.45,14.62,21.61,553.46,2388.05,9063.81,1.3,47.49,521.42,2388.05,8141.32,8.3904,0.03,393,2388,100.0,38.73,23.288,95
35,87,-0.0005,0.0001,100.0,518.67,642.06,1583.98,1407.81,14.62,21.61,553.24,2388.11,9058.33,1.3,47.47,521.75,2388.09,8138.84,8.4117,0.03,392,2388,100.0,38.9,23.4093,94
35,88,0.004,0.0005,100.0,518.67,642.4,1591.96,1403.93,14.62,21.61,553.7,2388.06,9063.66,1.3,47.32,521.27,2388.08,8143.39,8.4422,0.03,392,2388,100.0,38.98,23.2711,93
35,89,-0.0012,-0.0004,100.0,518.67,643.03,1581.49,1406.63,14.62,21.61,553.14,2388.0,9056.4,1.3,47.51,521.71,2388.11,8140.67,8.4518,0.03,393,2388,100.0,38.95,23.3454,92
35,90,-0.0036,-0.0,100.0,518.67,642.38,1587.22,1405.56,14.62,21.61,553.56,2388.08,9062.04,1.3,47.26,521.7,2388.09,8145.09,8.4337,0.03,394,2388,100.0,38.67,23.3205,91
35,91,0.0019,0.0005,100.0,518.67,642.23,1587.53,1406.15,14.62,21.61,553.74,2388.11,9059.57,1.3,47.5,521.95,2388.09,8140.93,8.3853,0.03,393,2388,100.0,38.8,23.1624,90
35,92,-0.0001,-0.0003,100.0,518.67,642.6,1590.32,1410.63,14.62,21.61,553.04,2388.11,9058.24,1.3,47.4,521.58,2388.09,8139.22,8.4359,0.03,394,2388,100.0,38.89,23.3002,89
35,93,-0.0047,-0.0002,100.0,518.67,642.33,1592.67,1403.33,14.62,21.61,553.18,2388.13,9064.94,1.3,47.26,521.82,2388.07,8136.27,8.4641,0.03,394,2388,100.0,38.95,23.376,88
35,94,0.0026,-0.0004,100.0,518.67,643.06,1590.49,1408.64,14.62,21.61,553.25,2388.1,9065.02,1.3,47.37,521.47,2388.06,8138.55,8.4118,0.03,392,2388,100.0,38.85,23.2697,87
35,95,0.0019,-0.0001,100.0,518.67,643.29,1587.1,1403.14,14.62,21.61,553.46,2388.11,9065.37,1.3,47.41,521.28,2388.16,8136.8,8.4458,0.03,394,2388,100.0,38.99,23.2576,86
35,96,-0.0017,0.0004,100.0,518.67,642.6,1593.3,1405.67,14.62,21.61,553.69,2388.07,9061.37,1.3,47.62,521.24,2388.07,8140.45,8.4442,0.03,392,2388,100.0,38.81,23.3846,85
35,97,-0.0001,0.0002,100.0,518.67,642.19,1589.82,1405.18,14.62,21.61,553.52,2388.09,9059.85,1.3,47.48,521.48,2388.13,8138.24,8.4546,0.03,391,2388,100.0,38.92,23.2866,84
35,98,-0.0013,0.0004,100.0,518.67,642.36,1582.83,1410.88,14.62,21.61,553.56,2388.07,9065.03,1.3,47.57,521.26,2388.06,8140.58,8.442,0.03,393,2388,100.0,38.69,23.3015,83
35,99,-0.0003,0.0003,100.0,518.67,642.56,1585.05,1404.62,14.62,21.61,553.13,2388.13,9063.71,1.3,47.41,521.66,2388.08,8144.57,8.4198,0.03,394,2388,100.0,38.87,23.2423,82
35,100,-0.0005,0.0001,100.0,518.67,642.61,1591.29,1399.15,14.62,21.61,553.93,2388.06,9061.61,1.3,47.48,522.03,2388.04,8141.42,8.4751,0.03,393,2388,100.0,38.81,23.3442,81
35,101,0.0043,0.0004,100.0,518.67,642.11,1591.82,1406.24,14.62,21.61,553.33,2388.13,9066.26,1.3,47.4,521.67,2388.13,8134.09,8.4608,0.03,392,2388,100.0,38.77,23.2909,80
35,102,0.0026,0.0003,100.0,518.67,642.35,1587.83,1410.7,14.62,21.61,554.28,2388.07,9064.03,1.3,47.62,521.58,2388.07,8150.51,8.4376,0.03,393,2388,100.0,38.82,23.3365,79
35,103,-0.0024,-0.0,100.0,518.67,642.78,1590.68,1405.02,14.62,21.61,553.75,2388.06,9071.31,1.3,47.56,521.77,2388.11,8137.48,8.4471,0.03,392,2388,100.0,38.78,23.2918,78
35,104,0.0024,-0.0,100.0,518.67,642.15,1594.16,1412.4,14.62,21.61,552.83,2388.13,9065.51,1.3,47.51,521.25,2388.1,8138.09,8.4978,0.03,393,2388,100.0,38.77,23.2568,77
35,105,0.0017,-0.0002,100.0,518.67,642.74,1593.23,1410.79,14.62,21.61,553.34,2388.1,9063.63,1.3,47.58,521.04,2388.06,8146.4,8.4361,0.03,393,2388,100.0,38.96,23.2225,76
35,106,-0.0018,-0.0005,100.0,518.67,643.09,1592.15,1405.52,14.62,21.61,553.08,2388.06,9066.7,1.3,47.54,521.06,2388.12,8146.24,8.4437,0.03,394,2388,100.0,38.65,23.3943,75
35,107,0.0031,-0.0001,100.0,518.67,642.89,1587.93,1405.19,14.62,21.61,553.3,2388.04,9073.41,1.3,47.43,521.04,2388.1,8145.51,8.4395,0.03,392,2388,100.0,38.76,23.3245,74
35,108,-0.0022,-0.0002,100.0,518.67,642.58,1593.26,1406.36,14.62,21.61,553.23,2388.05,9060.9,1.3,47.59,521.85,2388.09,8141.19,8.4482,0.03,392,2388,100.0,38.83,23.3348,73
35,109,0.0019,0.0003,100.0,518.67,642.44,1590.97,1400.32,14.62,21.61,553.36,2388.11,9061.5,1.3,47.61,521.57,2388.1,8143.01,8.4129,0.03,393,2388,100.0,38.91,23.148,72
35,110,-0.0014,0.0004,100.0,518.67,642.59,1595.59,1409.49,14.62,21.61,554.09,2388.08,9067.85,1.3,47.45,521.53,2388.11,8138.71,8.4616,0.03,394,2388,100.0,38.78,23.2561,71
35,111,0.0003,0.0003,100.0,518.67,642.56,1590.82,1410.95,14.62,21.61,553.36,2388.09,9071.67,1.3,47.61,521.66,2388.07,8145.3,8.4432,0.03,394,2388,100.0,38.88,23.2846,70
35,112,-0.0019,-0.0003,100.0,518.67,642.85,1592.73,1411.98,14.62,21.61,553.4,2388.1,9066.32,1.3,47.62,521.28,2388.07,8144.53,8.4413,0.03,391,2388,100.0,38.69,23.3392,69
35,113,-0.0002,-0.0003,100.0,518.67,642.85,1593.61,1412.91,14.62,21.61,553.5,2388.11,9063.6,1.3,47.61,520.82,2388.11,8142.66,8.4493,0.03,394,2388,100.0,38.84,23.3414,68
35,114,0.0028,-0.0,100.0,518.67,642.54,1588.82,1409.88,14.62,21.61,553.21,2388.11,9062.74,1.3,47.45,521.68,2388.1,8140.62,8.4101,0.03,393,2388,100.0,38.94,23.3297,67
35,115,0.0026,-0.0002,100.0,518.67,642.29,1587.27,1406.42,14.62,21.61,553.1,2388.14,9064.26,1.3,47.57,521.45,2388.13,8145.18,8.4419,0.03,392,2388,100.0,38.57,23.1732,66
35,116,0.0025,0.0002,100.0,518.67,642.9,1589.5,1407.49,14.62,21.61,553.39,2388.07,9063.73,1.3,47.44,521.62,2388.1,8146.09,8.4492,0.03,394,2388,100.0,38.84,23.1775,65
35,117,-0.0013,-0.0003,100.0,518.67,643.01,1585.09,1413.76,14.62,21.61,553.03,2388.1,9072.99,1.3,47.45,521.22,2388.12,8143.83,8.4632,0.03,394,2388,100.0,38.72,23.2126,64
35,118,0.0027,-0.0001,100.0,518.67,642.25,1590.1,1408.74,14.62,21.61,553.83,2388.03,9058.16,1.3,47.58,520.83,2388.1,8140.51,8.4187,0.03,393,2388,100.0,38.79,23.3917,63
35,119,-0.0051,-0.0003,100.0,518.67,643.45,1590.2,1404.73,14.62,21.61,553.93,2388.08,9068.37,1.3,47.48,520.91,2388.09,8143.42,8.4736,0.03,394,2388,100.0,38.84,23.3682,62
35,120,-0.0004,-0.0,100.0,518.67,643.14,1595.06,1410.27,14.62,21.61,553.29,2388.05,9061.36,1.3,47.66,521.16,2388.12,8146.65,8.4461,0.03,395,2388,100.0,38.79,23.3532,61
35,121,-0.0003,-0.0003,100.0,518.67,642.74,1596.19,1403.25,14.62,21.61,552.99,2388.07,9068.35,1.3,47.63,520.94,2388.14,8144.23,8.4454,0.03,393,2388,100.0,38.88,23.2247,60
35,122,-0.0002,-0.0002,100.0,518.67,643.07,1587.8,1405.27,14.62,21.61,553.0,2388.06,9068.37,1.3,47.68,521.32,2388.07,8147.41,8.4642,0.03,393,2388,100.0,38.62,23.2766,59
35,123,-0.0035,0.0005,100.0,518.67,642.88,1595.21,1413.36,14.62,21.61,554.0,2388.07,9072.39,1.3,47.49,521.61,2388.12,8139.87,8.4035,0.03,394,2388,100.0,38.66,23.3297,58
35,124,-0.0027,0.0001,100.0,518.67,642.31,1589.4,1413.34,14.62,21.61,553.16,2388.14,9071.56,1.3,47.6,521.03,2388.12,8148.53,8.466,0.03,394,2388,100.0,38.82,23.3232,57
35,125,0.0007,-0.0003,100.0,518.67,642.54,1594.88,1414.32,14.62,21.61,552.88,2388.09,9061.02,1.3,47.69,521.2,2388.12,8150.46,8.4821,0.03,394,2388,100.0,38.73,23.3224,56
35,126,-0.0018,-0.0004,100.0,518.67,642.97,1584.93,1420.15,14.62,21.61,552.99,2388.13,9073.51,1.3,47.62,521.4,2388.14,8149.6,8.4645,0.03,394,2388,100.0,38.79,23.2482,55
35,127,-0.0005,0.0002,100.0,518.67,642.71,1594.26,1410.08,14.62,21.61,553.3,2388.14,9066.8,1.3,47.63,521.32,2388.08,8143.11,8.4642,0.03,392,2388,100.0,38.71,23.2413,54
35,128,0.0001,0.0003,100.0,518.67,642.56,1590.41,1407.57,14.62,21.61,552.95,2388.19,9071.13,1.3,47.64,521.14,2388.18,8143.88,8.4361,0.03,394,2388,100.0,38.82,23.3164,53
35,129,-0.0019,0.0002,100.0,518.67,642.76,1592.99,1410.38,14.62,21.61,552.2,2388.12,9070.64,1.3,47.62,521.29,2388.13,8144.1,8.4492,0.03,393,2388,100.0,38.65,23.3404,52
35,130,-0.0002,-0.0004,100.0,518.67,642.44,1597.73,1412.14,14.62,21.61,553.42,2388.04,9075.76,1.3,47.65,521.1,2388.16,8141.15,8.41,0.03,393,2388,100.0,38.59,23.3159,51
35,131,-0.0011,0.0004,100.0,518.67,642.65,1597.09,1416.57,14.62,21.61,552.25,2388.12,9070.32,1.3,47.7,521.37,2388.14,8146.37,8.4489,0.03,394,2388,100.0,38.77,23.2278,50
35,132,-0.0012,0.0003,100.0,518.67,643.0,1601.5,1413.38,14.62,21.61,552.71,2388.11,9068.49,1.3,47.72,520.55,2388.18,8149.03,8.4654,0.03,393,2388,100.0,38.8,23.11,49
35,133,-0.0016,-0.0001,100.0,518.67,643.39,1591.42,1412.79,14.62,21.61,553.46,2388.1,9064.62,1.3,47.84,521.14,2388.1,8145.45,8.4597,0.03,393,2388,100.0,38.89,23.1164,48
35,134,0.0024,-0.0003,100.0,518.67,643.48,1592.32,1410.8,14.62,21.61,553.11,2388.13,9069.37,1.3,47.43,521.46,2388.12,8145.6,8.4657,0.03,393,2388,100.0,38.51,23.2705,47
35,135,0.0002,0.0001,100.0,518.67,643.29,1594.0,1407.12,14.62,21.61,553.27,2388.12,9070.53,1.3,47.9,520.99,2388.08,8143.81,8.4376,0.03,394,2388,100.0,38.63,23.2593,46
35,136,-0.0015,0.0003,100.0,518.67,642.37,1591.26,1412.05,14.62,21.61,552.67,2388.11,9069.39,1.3,47.76,520.89,2388.12,8152.63,8.4922,0.03,394,2388,100.0,38.83,23.2447,45
35,137,0.0001,-0.0002,100.0,518.67,642.81,1597.1,1418.41,14.62,21.61,553.48,2388.12,9070.18,1.3,47.68,520.32,2388.15,8150.05,8.4303,0.03,393,2388,100.0,38.64,23.2804,44
35,138,-0.0036,-0.0004,100.0,518.67,642.58,1594.07,1415.72,14.62,21.61,553.19,2388.13,9082.23,1.3,47.56,520.61,2388.1,8148.31,8.4501,0.03,393,2388,100.0,38.65,23.1941,43
35,139,-0.0023,-0.0005,100.0,518.67,643.27,1592.59,1412.65,14.62,21.61,552.79,2388.13,9073.4,1.3,47.48,520.62,2388.15,8148.3,8.4467,0.03,395,2388,100.0,38.72,23.2879,42
35,140,-0.001,0.0002,100.0,518.67,642.98,1598.25,1415.07,14.62,21.61,552.64,2388.14,9068.26,1.3,47.7,520.98,2388.13,8148.83,8.4519,0.03,392,2388,100.0,38.66,23.2201,41
35,141,-0.0019,-0.0,100.0,518.67,642.95,1588.84,1415.53,14.62,21.61,552.76,2388.09,9069.76,1.3,47.7,520.74,2388.17,8145.48,8.4806,0.03,394,2388,100.0,38.77,23.2503,40
35,142,0.0028,0.0003,100.0,518.67,643.09,1594.87,1410.43,14.62,21.61,552.3,2388.1,9068.84,1.3,47.59,520.64,2388.12,8145.49,8.4606,0.03,395,2388,100.0,38.79,23.1504,39
35,143,-0.002,-0.0002,100.0,518.67,644.0,1596.14,1414.48,14.62,21.61,552.15,2388.11,9070.62,1.3,47.64,520.86,2388.15,8144.41,8.474,0.03,393,2388,100.0,38.71,23.2706,38
35,144,-0.0037,-0.0004,100.0,518.67,642.6,1593.5,1415.16,14.62,21.61,552.77,2388.14,9072.8,1.3,47.83,520.62,2388.15,8145.7,8.4464,0.03,393,2388,100.0,38.67,23.2671,37
35,145,-0.0004,0.0003,100.0,518.67,643.26,1590.72,1409.61,14.62,21.61,552.73,2388.1,9081.13,1.3,47.7,520.94,2388.08,8148.09,8.4668,0.03,395,2388,100.0,38.72,23.2635,36
35,146,0.0012,-0.0004,100.0,518.67,643.05,1593.15,1415.32,14.62,21.61,553.18,2388.15,9070.24,1.3,47.84,520.08,2388.15,8153.98,8.4634,0.03,394,2388,100.0,38.57,23.2443,35
35,147,-0.0022,-0.0003,100.0,518.67,642.76,1602.29,1412.96,14.62,21.61,552.78,2388.09,9073.5,1.3,47.81,520.42,2388.16,8148.54,8.4704,0.03,394,2388,100.0,38.71,23.2271,34
35,148,0.0004,-0.0004,100.0,518.67,643.17,1594.43,1409.13,14.62,21.61,552.57,2388.17,9075.63,1.3,47.87,520.4,2388.13,8150.57,8.4789,0.03,392,2388,100.0,38.62,23.1758,33
35,149,-0.0012,0.0004,100.0,518.67,643.22,1594.99,1408.65,14.62,21.61,552.28,2388.11,9080.53,1.3,47.83,521.16,2388.15,8155.46,8.477,0.03,394,2388,100.0,38.55,23.174,32
35,150,0.0016,-0.0,100.0,518.67,642.58,1595.09,1417.18,14.62,21.61,552.74,2388.13,9069.19,1.3,47.8,520.69,2388.12,8155.6,8.4655,0.03,395,2388,100.0,38.64,23.1664,31
35,151,-0.0011,0.0001,100.0,518.67,643.3,1596.39,1416.72,14.62,21.61,552.28,2388.11,9073.08,1.3,47.82,521.02,2388.15,8153.77,8.4619,0.03,394,2388,100.0,38.72,23.1084,30
35,152,0.001,-0.0004,100.0,518.67,643.41,1602.53,1423.12,14.62,21.61,552.21,2388.16,9083.16,1.3,47.75,521.03,2388.13,8155.99,8.4771,0.03,393,2388,100.0,38.37,23.2615,29
35,153,-0.0016,-0.0,100.0,518.67,643.32,1594.46,1414.92,14.62,21.61,552.66,2388.17,9079.13,1.3,48.04,520.71,2388.11,8152.2,8.4737,0.03,395,2388,100.0,38.57,23.1704,28
35,154,0.0009,-0.0001,100.0,518.67,642.87,1593.98,1416.36,14.62,21.61,552.53,2388.17,9078.19,1.3,47.92,520.54,2388.15,8156.67,8.4915,0.03,394,2388,100.0,38.67,23.2105,27
35,155,0.0012,-0.0004,100.0,518.67,643.5,1600.73,1418.48,14.62,21.61,552.35,2388.17,9077.12,1.3,48.11,520.31,2388.16,8151.14,8.4748,0.03,395,2388,100.0,38.48,23.1946,26
35,156,0.0004,0.0003,100.0,518.67,642.97,1600.93,1415.16,14.62,21.61,552.38,2388.16,9077.77,1.3,47.85,520.61,2388.15,8155.0,8.494,0.03,394,2388,100.0,38.53,23.1676,25
35,157,-0.0013,0.0001,100.0,518.67,642.72,1601.01,1424.69,14.62,21.61,552.4,2388.17,9075.92,1.3,47.82,520.41,2388.14,8153.51,8.4652,0.03,395,2388,100.0,38.71,23.1675,24
35,158,-0.0018,-0.0004,100.0,518.67,643.69,1598.17,1422.22,14.62,21.61,551.79,2388.12,9081.33,1.3,47.91,520.09,2388.17,8153.54,8.4448,0.03,395,2388,100.0,38.6,23.1246,23
35,159,-0.0046,0.0002,100.0,518.67,643.17,1600.23,1417.34,14.62,21.61,551.55,2388.18,9079.97,1.3,47.93,520.39,2388.2,8162.27,8.4917,0.03,395,2388,100.0,38.81,23.3186,22
35,160,0.0074,-0.0005,100.0,518.67,643.05,1599.85,1419.51,14.62,21.61,551.97,2388.11,9082.44,1.3,47.98,520.34,2388.15,8155.39,8.4705,0.03,396,2388,100.0,38.6,23.2034,21
35,161,0.0017,0.0,100.0,518.67,643.29,1603.18,1414.32,14.62,21.61,552.06,2388.19,9084.16,1.3,47.78,520.61,2388.18,8155.26,8.5063,0.03,394,2388,100.0,38.61,23.2349,20
35,162,0.0006,0.0003,100.0,518.67,643.54,1596.11,1424.92,14.62,21.61,551.97,2388.11,9076.64,1.3,47.84,520.64,2388.16,8161.07,8.4589,0.03,395,2388,100.0,38.55,23.1629,19
35,163,-0.0032,0.0004,100.0,518.67,643.33,1598.03,1423.75,14.62,21.61,552.0,2388.17,9083.47,1.3,47.98,520.69,2388.19,8156.3,8.4964,0.03,396,2388,100.0,38.59,23.1511,18
35,164,0.0039,0.0003,100.0,518.67,643.24,1605.47,1426.2,14.62,21.61,552.48,2388.15,9084.74,1.3,47.89,519.84,2388.18,8153.4,8.4926,0.03,396,2388,100.0,38.6,23.1026,17
35,165,-0.0019,0.0002,100.0,518.67,642.96,1594.43,1423.98,14.62,21.61,551.61,2388.21,9094.8,1.3,48.2,520.29,2388.14,8159.37,8.5178,0.03,395,2388,100.0,38.43,23.1747,16
35,166,0.0009,0.0003,100.0,518.67,643.31,1603.92,1423.17,14.62,21.61,551.99,2388.17,9084.22,1.3,47.95,520.47,2388.2,8156.52,8.4833,0.03,395,2388,100.0,38.43,23.1508,15
35,167,-0.0057,0.0003,100.0,518.67,643.58,1602.02,1422.57,14.62,21.61,551.68,2388.16,9085.74,1.3,47.96,519.95,2388.19,8161.46,8.5057,0.03,397,2388,100.0,38.62,23.1322,14
35,168,-0.0033,-0.0003,100.0,518.67,642.95,1593.66,1420.47,14.62,21.61,551.84,2388.11,9090.61,1.3,47.92,520.54,2388.17,8158.48,8.498,0.03,396,2388,100.0,38.5,23.2832,13
35,169,-0.0004,0.0003,100.0,518.67,643.31,1596.45,1421.9,14.62,21.61,552.54,2388.13,9091.5,1.3,47.93,520.04,2388.17,8164.94,8.5009,0.03,396,2388,100.0,38.62,23.1209,12
35,170,0.0002,-0.0003,100.0,518.67,643.59,1603.11,1424.39,14.62,21.61,552.12,2388.18,9090.72,1.3,47.88,520.07,2388.18,8159.63,8.4861,0.03,394,2388,100.0,38.48,23.1265,11
35,171,0.0003,-0.0005,100.0,518.67,643.68,1599.6,1416.14,14.62,21.61,551.64,2388.14,9094.22,1.3,48.02,520.01,2388.17,8165.06,8.5138,0.03,396,2388,100.0,38.53,23.1125,10
35,172,-0.0036,0.0002,100.0,518.67,644.09,1599.97,1423.94,14.62,21.61,551.89,2388.19,9093.37,1.3,47.91,519.92,2388.24,8166.49,8.5449,0.03,397,2388,100.0,38.7,23.16,9
35,173,0.003,-0.0003,100.0,518.67,643.07,1600.37,1430.44,14.62,21.61,551.22,2388.19,9088.3,1.3,48.07,520.42,2388.2,8161.55,8.4848,0.03,396,2388,100.0,38.42,23.082,8
35,174,0.001,-0.0002,100.0,518.67,643.27,1600.35,1424.91,14.62,21.61,551.07,2388.21,9098.34,1.3,48.06,519.71,2388.25,8164.85,8.5053,0.03,395,2388,100.0,38.35,23.1766,7
35,175,0.003,-0.0004,100.0,518.67,643.46,1599.93,1423.07,14.62,21.61,551.72,2388.21,9096.69,1.3,47.97,520.22,2388.21,8165.12,8.5155,0.03,397,2388,100.0,38.57,23.0902,6
35,176,-0.0006,0.0004,100.0,518.67,643.81,1606.37,1429.28,14.62,21.61,551.53,2388.2,9096.02,1.3,48.02,519.91,2388.16,8166.44,8.5465,0.03,396,2388,100.0,38.48,23.1452,5
35,177,-0.0027,-0.0002,100.0,518.67,643.59,1600.98,1431.02,14.62,21.61,551.83,2388.26,9096.55,1.3,48.02,519.99,2388.21,8166.07,8.5246,0.03,396,2388,100.0,38.4,23.1584,4
35,178,0.0002,-0.0002,100.0,518.67,643.76,1599.85,1425.42,14.62,21.61,552.15,2388.17,9102.85,1.3,48.15,520.17,2388.19,8163.18,8.5207,0.03,397,2388,100.0,38.52,22.9625,3
35,179,0.0032,0.0001,100.0,518.67,643.8,1596.52,1426.09,14.62,21.61,551.36,2388.22,9101.02,1.3,48.16,519.61,2388.23,8166.77,8.5041,0.03,396,2388,100.0,38.49,22.9421,2
35,180,-0.0004,-0.0003,100.0,518.67,643.17,1599.05,1426.95,14.62,21.61,551.22,2388.18,9093.6,1.3,48.1,519.88,2388.26,8168.36,8.5157,0.03,397,2388,100.0,38.61,23.1659,1
35,181,0.0003,0.0002,100.0,518.67,643.91,1600.31,1431.5,14.62,21.61,551.16,2388.24,9098.3,1.3,48.08,519.84,2388.25,8166.97,8.5153,0.03,396,2388,100.0,38.44,23.0205,0
36,1,0.0007,-0.0004,100.0,518.67,642.95,1592.01,1407.56,14.62,21.61,553.39,2388.08,9053.52,1.3,47.29,521.38,2388.09,8140.18,8.4318,0.03,393,2388,100.0,38.92,23.3887,157
36,2,0.0017,0.0003,100.0,518.67,642.79,1584.77,1402.96,14.62,21.61,553.06,2388.13,9064.98,1.3,47.6,521.72,2388.06,8137.54,8.4328,0.03,395,2388,100.0,38.83,23.3423,156
36,3,0.0029,0.0001,100.0,518.67,642.7,1588.63,1404.26,14.62,21.61,553.52,2388.01,9058.85,1.3,47.33,521.66,2388.09,8138.18,8.4268,0.03,392,2388,100.0,38.83,23.363,155
36,4,0.002,0.0003,100.0,518.67,642.62,1583.71,1408.5,14.62,21.61,553.98,2388.09,9058.27,1.3,47.36,521.59,2388.08,8135.27,8.4268,0.03,394,2388,100.0,38.89,23.3044,154
36,5,-0.0008,-0.0001,100.0,518.67,642.77,1591.86,1401.24,14.62,21.61,553.64,2388.07,9062.89,1.3,47.66,521.83,2388.11,8136.07,8.4243,0.03,393,2388,100.0,38.91,23.4608,153
36,6,-0.0015,0.0,100.0,518.67,642.94,1588.6,1406.49,14.62,21.61,553.76,2388.11,9062.66,1.3,47.41,521.58,2388.09,8139.4,8.4635,0.03,392,2388,100.0,38.88,23.2545,152
36,7,-0.0048,0.0003,100.0,518.67,642.45,1589.24,1408.13,14.62,21.61,553.94,2388.14,9063.63,1.3,47.63,521.57,2388.11,8141.27,8.4315,0.03,393,2388,100.0,38.9,23.3848,151
36,8,0.002,0.0001,100.0,518.67,642.73,1585.88,1411.64,14.62,21.61,553.77,2388.09,9057.19,1.3,47.52,521.82,2388.08,8144.83,8.3967,0.03,394,2388,100.0,39.02,23.3342,150
36,9,0.0012,0.0,100.0,518.67,643.01,1591.56,1410.02,14.62,21.61,553.92,2388.03,9061.73,1.3,47.63,521.82,2388.13,8136.6,8.4316,0.03,393,2388,100.0,38.76,23.3442,149
36,10,-0.0009,0.0004,100.0,518.67,642.33,1590.41,1405.97,14.62,21.61,553.72,2388.06,9062.73,1.3,47.76,521.94,2388.07,8138.0,8.4145,0.03,393,2388,100.0,38.6,23.4146,148
36,11,0.0004,0.0002,100.0,518.67,642.32,1589.73,1408.51,14.62,21.61,553.86,2388.11,9059.65,1.3,47.45,521.92,2388.08,8134.13,8.4688,0.03,392,2388,100.0,38.79,23.4241,147
36,12,0.0004,-0.0005,100.0,518.67,642.35,1594.56,1406.33,14.62,21.61,553.45,2388.08,9062.28,1.3,47.39,521.67,2388.08,8143.21,8.4629,0.03,393,2388,100.0,38.75,23.3234,146
36,13,-0.003,-0.0003,100.0,518.67,642.66,1590.46,1406.87,14.62,21.61,553.54,2388.05,9052.82,1.3,47.43,521.64,2388.08,8138.85,8.4147,0.03,393,2388,100.0,38.71,23.3453,145
36,14,0.0035,0.0004,100.0,518.67,642.06,1593.08,1405.96,14.62,21.61,552.9,2388.04,9055.11,1.3,47.53,521.15,2388.08,8138.83,8.4253,0.03,393,2388,100.0,38.77,23.2536,144
36,15,-0.0008,0.0001,100.0,518.67,642.12,1588.2,1401.15,14.62,21.61,553.41,2388.04,9056.78,1.3,47.35,521.82,2388.09,8136.5,8.445,0.03,394,2388,100.0,38.8,23.387,143
36,16,-0.0001,0.0001,100.0,518.67,642.68,1592.63,1409.12,14.62,21.61,553.3,2388.08,9058.42,1.3,47.62,521.36,2388.07,8137.3,8.397,0.03,392,2388,100.0,38.74,23.3399,142
36,17,-0.0007,-0.0005,100.0,518.67,642.54,1589.76,1402.29,14.62,21.61,553.55,2388.14,9056.86,1.3,47.58,521.78,2388.04,8142.83,8.4328,0.03,392,2388,100.0,38.78,23.2056,141
36,18,0.001,0.0003,100.0,518.67,642.14,1588.67,1411.5,14.62,21.61,553.58,2388.06,9054.07,1.3,47.6,522.22,2388.11,8139.56,8.4253,0.03,393,2388,100.0,39.1,23.3983,140
36,19,0.0016,0.0001,100.0,518.67,642.66,1589.08,1404.81,14.62,21.61,553.41,2388.11,9062.08,1.3,47.38,521.52,2388.06,8137.76,8.4456,0.03,393,2388,100.0,38.91,23.3084,139
36,20,0.0023,0.0,100.0,518.67,642.38,1584.08,1402.7,14.62,21.61,553.59,2388.08,9061.5,1.3,47.44,521.63,2388.08,8140.76,8.4539,0.03,392,2388,100.0,38.78,23.3281,138
36,21,0.0005,0.0001,100.0,518.67,642.49,1585.8,1405.54,14.62,21.61,553.42,2388.09,9055.91,1.3,47.53,521.63,2388.12,8133.52,8.4522,0.03,394,2388,100.0,39.02,23.3991,137
36,22,0.0023,-0.0003,100.0,518.67,642.53,1592.38,1406.48,14.62,21.61,553.62,2388.07,9065.12,1.3,47.58,520.98,2388.14,8136.49,8.4622,0.03,394,2388,100.0,38.91,23.2782,136
36,23,0.0005,0.0001,100.0,518.67,643.14,1581.07,1406.67,14.62,21.61,553.23,2388.09,9066.24,1.3,47.69,522.13,2388.12,8138.5,8.4364,0.03,393,2388,100.0,38.77,23.3312,135
36,24,-0.0018,-0.0006,100.0,518.67,642.46,1591.41,1408.48,14.62,21.61,554.0,2388.11,9052.59,1.3,47.53,521.66,2388.1,8131.72,8.4316,0.03,392,2388,100.0,38.73,23.2198,134
36,25,0.0021,0.0001,100.0,518.67,642.34,1587.16,1411.35,14.62,21.61,553.36,2388.06,9056.69,1.3,47.49,521.59,2388.05,8131.95,8.4443,0.03,392,2388,100.0,38.76,23.2969,133
36,26,0.002,-0.0001,100.0,518.67,642.51,1590.05,1405.76,14.62,21.61,554.29,2388.06,9056.38,1.3,47.52,521.39,2388.07,8138.48,8.4391,0.03,392,2388,100.0,38.92,23.2505,132
36,27,0.0039,-0.0001,100.0,518.67,643.03,1587.5,1403.75,14.62,21.61,553.75,2388.07,9060.46,1.3,47.46,521.67,2388.08,8140.13,8.3889,0.03,392,2388,100.0,38.93,23.2794,131
36,28,-0.0002,-0.0005,100.0,518.67,642.35,1590.34,1405.9,14.62,21.61,552.88,2388.1,9064.39,1.3,47.38,521.03,2388.08,8139.93,8.423,0.03,391,2388,100.0,38.91,23.3204,130
36,29,0.0031,0.0002,100.0,518.67,642.82,1586.49,1405.59,14.62,21.61,553.52,2388.13,9059.48,1.3,47.49,521.62,2388.01,8139.27,8.4448,0.03,394,2388,100.0,38.8,23.4098,129
36,30,-0.0015,-0.0003,100.0,518.67,642.81,1591.3,1399.65,14.62,21.61,553.35,2388.12,9065.75,1.3,47.29,521.17,2388.05,8136.4,8.4158,0.03,394,2388,100.0,39.0,23.3548,128
36,31,0.0,-0.0,100.0,518.67,643.17,1596.22,1405.93,14.62,21.61,553.15,2388.11,9058.53,1.3,47.43,521.99,2388.11,8143.59,8.4485,0.03,393,2388,100.0,38.75,23.4314,127
36,32,-0.0015,-0.0003,100.0,518.67,642.23,1590.0,1406.21,14.62,21.61,552.88,2388.12,9059.15,1.3,47.52,521.58,2388.06,8140.78,8.4195,0.03,396,2388,100.0,39.05,23.3562,126
36,33,-0.0011,-0.0003,100.0,518.67,642.62,1589.7,1405.17,14.62,21.61,553.47,2388.09,9057.95,1.3,47.51,521.45,2388.1,8140.88,8.4503,0.03,391,2388,100.0,38.91,23.2315,125
36,34,0.0022,-0.0003,100.0,518.67,642.88,1587.0,1400.81,14.62,21.61,553.49,2388.09,9062.15,1.3,47.52,521.19,2388.14,8140.79,8.4628,0.03,392,2388,100.0,38.78,23.2955,124
36,35,0.0013,0.0003,100.0,518.67,642.64,1591.13,1406.26,14.62,21.61,553.8,2388.11,9062.0,1.3,47.39,521.78,2388.08,8139.26,8.4349,0.03,391,2388,100.0,38.85,23.2508,123
36,36,0.0012,-0.0001,100.0,518.67,642.53,1591.74,1411.68,14.62,21.61,553.92,2388.14,9061.36,1.3,47.59,521.67,2388.05,8142.52,8.4491,0.03,393,2388,100.0,38.92,23.2554,122
36,37,0.0039,0.0,100.0,518.67,642.48,1592.05,1407.75,14.62,21.61,552.74,2388.12,9062.34,1.3,47.63,520.79,2388.11,8135.5,8.401,0.03,393,2388,100.0,38.93,23.2517,121
36,38,0.0026,0.0001,100.0,518.67,642.53,1590.3,1399.8,14.62,21.61,553.05,2388.09,9064.47,1.3,47.47,521.71,2388.08,8136.93,8.4296,0.03,392,2388,100.0,38.83,23.3589,120
36,39,-0.0014,-0.0004,100.0,518.67,642.26,1586.52,1404.38,14.62,21.61,552.79,2388.09,9060.75,1.3,47.59,521.39,2388.14,8135.54,8.4564,0.03,394,2388,100.0,38.87,23.2808,119
36,40,-0.0006,-0.0004,100.0,518.67,642.96,1594.81,1409.63,14.62,21.61,553.1,2388.13,9055.48,1.3,47.7,521.1,2388.11,8136.34,8.447,0.03,394,2388,100.0,38.77,23.3466,118
36,41,-0.0021,0.0001,100.0,518.67,643.2,1595.67,1413.74,14.62,21.61,554.07,2388.09,9065.85,1.3,47.54,521.7,2388.1,8138.15,8.4407,0.03,394,2388,100.0,38.9,23.2691,117
36,42,0.0,0.0001,100.0,518.67,642.46,1588.56,1406.93,14.62,21.61,553.02,2388.07,9067.87,1.3,47.58,521.47,2388.11,8137.31,8.4597,0.03,393,2388,100.0,38.96,23.2617,116
36,43,0.0009,0.0004,100.0,518.67,643.0,1588.38,1406.64,14.62,21.61,553.33,2388.09,9055.01,1.3,47.52,521.41,2388.08,8139.11,8.4503,0.03,393,2388,100.0,39.09,23.2629,115
36,44,-0.0009,0.0004,100.0,518.67,642.91,1590.25,1405.54,14.62,21.61,553.73,2388.08,9052.66,1.3,47.65,521.46,2388.11,8139.06,8.4443,0.03,394,2388,100.0,38.93,23.2949,114
36,45,0.0012,-0.0001,100.0,518.67,643.02,1589.4,1418.38,14.62,21.61,553.32,2388.13,9060.73,1.3,47.41,520.84,2388.09,8135.46,8.428,0.03,394,2388,100.0,38.88,23.2406,113
36,46,0.001,0.0,100.0,518.67,642.34,1590.75,1408.81,14.62,21.61,553.03,2388.13,9058.42,1.3,47.57,521.65,2388.05,8138.17,8.4085,0.03,392,2388,100.0,39.08,23.3221,112
36,47,0.0012,-0.0003,100.0,518.67,642.91,1590.8,1401.25,14.62,21.61,553.74,2388.09,9067.79,1.3,47.44,521.55,2388.06,8136.17,8.4242,0.03,394,2388,100.0,38.83,23.2782,111
36,48,0.0004,0.0001,100.0,518.67,642.48,1594.08,1407.22,14.62,21.61,553.63,2388.1,9052.56,1.3,47.53,521.63,2388.05,8135.91,8.4258,0.03,394,2388,100.0,38.88,23.3521,110
36,49,-0.0018,0.0,100.0,518.67,642.15,1589.41,1405.5,14.62,21.61,553.6,2388.08,9063.37,1.3,47.41,521.8,2388.09,8136.9,8.4304,0.03,394,2388,100.0,38.88,23.2562,109
36,50,-0.0017,-0.0004,100.0,518.67,642.45,1593.98,1412.77,14.62,21.61,553.28,2388.08,9060.56,1.3,47.57,521.28,2388.09,8140.97,8.4168,0.03,395,2388,100.0,38.78,23.2822,108
36,51,-0.0007,-0.0002,100.0,518.67,642.48,1581.84,1407.96,14.62,21.61,553.1,2388.07,9063.83,1.3,47.6,521.55,2388.07,8134.05,8.416,0.03,394,2388,100.0,38.89,23.2802,107
36,52,0.0018,-0.0004,100.0,518.67,642.66,1589.59,1411.4,14.62,21.61,553.11,2388.13,9062.53,1.3,47.44,521.69,2388.1,8141.82,8.4264,0.03,393,2388,100.0,38.77,23.4385,106
36,53,-0.0024,-0.0004,100.0,518.67,642.2,1587.0,1408.94,14.62,21.61,552.84,2388.08,9063.54,1.3,47.47,521.34,2388.1,8138.72,8.4004,0.03,393,2388,100.0,38.84,23.2646,105
36,54,-0.0018,-0.0002,100.0,518.67,642.77,1585.93,1400.2,14.62,21.61,552.87,2388.12,9060.93,1.3,47.49,521.74,2388.08,8137.69,8.4309,0.03,393,2388,100.0,38.93,23.3491,104
36,55,0.001,-0.0004,100.0,518.67,642.89,1589.28,1407.39,14.62,21.61,553.87,2388.11,9061.96,1.3,47.6,520.85,2388.09,8135.81,8.4096,0.03,391,2388,100.0,38.82,23.2144,103
36,56,-0.0023,-0.0004,100.0,518.67,642.87,1587.26,1408.95,14.62,21.61,553.31,2388.11,9056.47,1.3,47.53,521.27,2388.09,8141.42,8.4416,0.03,394,2388,100.0,38.76,23.2303,102
36,57,-0.0002,0.0004,100.0,518.67,642.2,1585.3,1407.17,14.62,21.61,553.37,2388.12,9068.39,1.3,47.57,521.36,2388.09,8142.87,8.4066,0.03,395,2388,100.0,38.88,23.2827,101
36,58,-0.0028,-0.0003,100.0,518.67,642.63,1589.94,1416.19,14.62,21.61,553.84,2388.11,9060.14,1.3,47.59,521.17,2388.12,8140.46,8.4155,0.03,393,2388,100.0,38.93,23.2315,100
36,59,0.0029,-0.0,100.0,518.67,642.66,1594.68,1407.59,14.62,21.61,553.67,2388.09,9063.8,1.3,47.6,521.57,2388.15,8134.57,8.4176,0.03,394,2388,100.0,38.76,23.2457,99
36,60,-0.0023,0.0,100.0,518.67,642.55,1586.73,1405.5,14.62,21.61,553.37,2388.09,9062.6,1.3,47.62,521.09,2388.1,8142.27,8.4487,0.03,391,2388,100.0,38.75,23.2926,98
36,61,0.001,0.0001,100.0,518.67,642.75,1594.44,1409.85,14.62,21.61,553.4,2388.09,9058.57,1.3,47.59,520.97,2388.12,8148.85,8.4382,0.03,394,2388,100.0,38.88,23.2425,97
36,62,0.0022,-0.0003,100.0,518.67,642.78,1591.47,1413.51,14.62,21.61,553.32,2388.11,9055.44,1.3,47.56,521.76,2388.13,8136.14,8.4607,0.03,394,2388,100.0,38.85,23.2229,96
36,63,0.0012,0.0004,100.0,518.67,643.14,1590.58,1402.33,14.62,21.61,553.27,2388.07,9056.51,1.3,47.67,521.64,2388.08,8132.45,8.4546,0.03,393,2388,100.0,39.03,23.2444,95
36,64,-0.0044,0.0002,100.0,518.67,642.41,1592.92,1407.3,14.62,21.61,552.89,2388.15,9060.17,1.3,47.51,521.47,2388.11,8136.77,8.4169,0.03,392,2388,100.0,38.76,23.2874,94
36,65,-0.0024,0.0002,100.0,518.67,642.16,1587.32,1402.45,14.62,21.61,553.07,2388.12,9068.81,1.3,47.58,521.58,2388.08,8142.2,8.4273,0.03,394,2388,100.0,38.96,23.2919,93
36,66,-0.0018,0.0002,100.0,518.67,643.12,1586.41,1411.15,14.62,21.61,553.38,2388.14,9062.46,1.3,47.58,521.65,2388.02,8142.89,8.4448,0.03,393,2388,100.0,38.95,23.3027,92
36,67,0.0008,-0.0003,100.0,518.67,642.85,1598.78,1413.08,14.62,21.61,552.64,2388.14,9057.65,1.3,47.51,521.96,2388.15,8133.59,8.4612,0.03,394,2388,100.0,38.7,23.323,91
36,68,0.0045,0.0003,100.0,518.67,642.84,1591.35,1406.2,14.62,21.61,553.45,2388.09,9058.23,1.3,47.46,521.44,2388.12,8137.11,8.404,0.03,393,2388,100.0,38.95,23.3544,90
36,69,0.0003,-0.0005,100.0,518.67,642.86,1596.55,1409.31,14.62,21.61,553.16,2388.08,9057.37,1.3,47.55,521.2,2388.08,8136.1,8.4255,0.03,394,2388,100.0,38.96,23.3517,89
36,70,0.0016,-0.0002,100.0,518.67,642.8,1593.09,1422.02,14.62,21.61,553.59,2388.12,9060.2,1.3,47.58,521.81,2388.13,8139.75,8.4313,0.03,393,2388,100.0,38.81,23.1919,88
36,71,0.0038,0.0003,100.0,518.67,642.35,1590.79,1401.8,14.62,21.61,553.48,2388.07,9063.9,1.3,47.38,521.53,2388.14,8139.36,8.4268,0.03,394,2388,100.0,38.79,23.2331,87
36,72,-0.0012,-0.0005,100.0,518.67,642.41,1597.55,1404.34,14.62,21.61,552.66,2388.06,9060.7,1.3,47.85,520.51,2388.1,8134.7,8.4617,0.03,395,2388,100.0,38.48,23.4198,86
36,73,0.0023,0.0002,100.0,518.67,643.17,1589.62,1402.4,14.62,21.61,552.97,2388.09,9055.04,1.3,47.48,521.31,2388.11,8134.47,8.4445,0.03,392,2388,100.0,38.73,23.3142,85
36,74,0.0011,-0.0001,100.0,518.67,642.4,1587.46,1406.27,14.62,21.61,553.3,2388.14,9059.75,1.3,47.59,521.34,2388.11,8138.64,8.4523,0.03,392,2388,100.0,38.91,23.2436,84
36,75,-0.0015,-0.0004,100.0,518.67,642.65,1596.43,1401.12,14.62,21.61,554.54,2388.13,9060.55,1.3,47.52,521.33,2388.09,8142.32,8.4397,0.03,394,2388,100.0,38.95,23.2929,83
36,76,-0.001,0.0003,100.0,518.67,642.23,1588.46,1411.65,14.62,21.61,553.56,2388.13,9060.01,1.3,47.62,521.39,2388.14,8137.62,8.4415,0.03,393,2388,100.0,38.61,23.3696,82
36,77,-0.0024,-0.0002,100.0,518.67,642.87,1587.56,1414.77,14.62,21.61,553.44,2388.14,9051.78,1.3,47.52,521.2,2388.12,8141.21,8.494,0.03,394,2388,100.0,38.89,23.2068,81
36,78,-0.0048,-0.0005,100.0,518.67,643.02,1592.07,1414.56,14.62,21.61,553.09,2388.09,9063.73,1.3,47.66,521.21,2388.15,8142.29,8.4778,0.03,394,2388,100.0,38.75,23.3997,80
36,79,-0.0039,-0.0005,100.0,518.67,642.5,1586.28,1410.05,14.62,21.61,552.97,2388.13,9052.61,1.3,47.55,521.22,2388.11,8141.49,8.4302,0.03,393,2388,100.0,38.67,23.4101,79
36,80,-0.004,0.0002,100.0,518.67,642.85,1592.38,1413.0,14.62,21.61,553.64,2388.11,9062.59,1.3,47.5,520.45,2388.13,8139.8,8.4617,0.03,394,2388,100.0,38.69,23.2749,78
36,81,0.0,-0.0004,100.0,518.67,642.86,1583.48,1410.48,14.62,21.61,552.76,2388.12,9060.55,1.3,47.83,521.01,2388.09,8136.25,8.4246,0.03,393,2388,100.0,38.83,23.2744,77
36,82,-0.0,0.0,100.0,518.67,642.32,1592.11,1415.33,14.62,21.61,552.38,2388.15,9062.9,1.3,47.65,521.54,2388.11,8141.27,8.4499,0.03,392,2388,100.0,38.85,23.3256,76
36,83,0.0035,-0.0002,100.0,518.67,643.46,1589.91,1417.57,14.62,21.61,553.33,2388.13,9059.18,1.3,47.74,521.82,2388.16,8141.65,8.4148,0.03,394,2388,100.0,38.66,23.2498,75
36,84,-0.0022,-0.0003,100.0,518.67,642.38,1589.01,1407.39,14.62,21.61,553.13,2388.12,9062.22,1.3,47.65,521.3,2388.11,8133.35,8.465,0.03,394,2388,100.0,38.83,23.4258,74
36,85,0.0006,0.0002,100.0,518.67,642.99,1592.08,1417.04,14.62,21.61,553.44,2388.12,9062.46,1.3,47.53,521.5,2388.15,8140.35,8.4719,0.03,393,2388,100.0,38.7,23.2765,73
36,86,0.0023,-0.0005,100.0,518.67,642.3,1595.45,1412.35,14.62,21.61,553.44,2388.16,9060.95,1.3,47.68,521.47,2388.14,8133.65,8.4738,0.03,393,2388,100.0,38.67,23.3321,72
36,87,0.0002,0.0002,100.0,518.67,643.1,1596.51,1413.52,14.62,21.61,553.37,2388.11,9055.74,1.3,47.53,521.2,2388.11,8136.5,8.4745,0.03,394,2388,100.0,38.83,23.3708,71
36,88,-0.0026,-0.0002,100.0,518.67,643.06,1591.54,1416.07,14.62,21.61,553.36,2388.13,9062.76,1.3,47.46,521.32,2388.1,8138.63,8.4641,0.03,392,2388,100.0,38.59,23.2018,70
36,89,0.0004,-0.0004,100.0,518.67,643.48,1590.49,1411.85,14.62,21.61,553.68,2388.15,9064.25,1.3,47.61,521.22,2388.08,8143.52,8.4679,0.03,394,2388,100.0,38.84,23.2753,69
36,90,0.0024,0.0001,100.0,518.67,642.67,1590.04,1413.8,14.62,21.61,553.51,2388.16,9067.04,1.3,47.51,521.2,2388.1,8138.02,8.4244,0.03,392,2388,100.0,38.68,23.326,68
36,91,0.0017,-0.0,100.0,518.67,642.65,1584.48,1409.99,14.62,21.61,553.13,2388.14,9069.39,1.3,47.59,521.57,2388.19,8137.27,8.4488,0.03,393,2388,100.0,38.78,23.254,67
36,92,0.002,-0.0003,100.0,518.67,643.01,1587.86,1414.97,14.62,21.61,552.83,2388.14,9067.67,1.3,47.65,521.45,2388.14,8133.44,8.4485,0.03,393,2388,100.0,38.75,23.3706,66
36,93,-0.0001,0.0,100.0,518.67,642.5,1586.8,1406.9,14.62,21.61,553.54,2388.16,9056.47,1.3,47.48,520.94,2388.15,8140.24,8.4485,0.03,394,2388,100.0,38.91,23.216,65
36,94,-0.006,-0.0001,100.0,518.67,642.33,1599.11,1418.44,14.62,21.61,553.17,2388.16,9059.4,1.3,47.75,520.94,2388.11,8141.62,8.4516,0.03,393,2388,100.0,38.77,23.2851,64
36,95,-0.0018,-0.0001,100.0,518.67,643.11,1594.29,1414.71,14.62,21.61,553.81,2388.1,9059.0,1.3,47.75,521.22,2388.14,8132.24,8.4494,0.03,395,2388,100.0,38.68,23.2631,63
36,96,0.0014,0.0002,100.0,518.67,642.44,1593.83,1415.09,14.62,21.61,553.0,2388.14,9057.61,1.3,47.64,520.96,2388.08,8139.35,8.4742,0.03,394,2388,100.0,38.62,23.2174,62
36,97,-0.0047,0.0003,100.0,518.67,643.21,1591.07,1413.72,14.62,21.61,553.22,2388.16,9054.53,1.3,47.75,521.42,2388.13,8134.51,8.4631,0.03,394,2388,100.0,38.99,23.2968,61
36,98,-0.0011,-0.0,100.0,518.67,642.35,1597.29,1416.01,14.62,21.61,552.73,2388.14,9056.22,1.3,47.75,520.49,2388.16,8145.6,8.3951,0.03,394,2388,100.0,38.73,23.2734,60
36,99,-0.0013,-0.0,100.0,518.67,642.87,1586.28,1414.94,14.62,21.61,552.44,2388.13,9060.01,1.3,47.63,521.03,2388.12,8135.45,8.472,0.03,394,2388,100.0,39.03,23.2613,59
36,100,0.0008,0.0002,100.0,518.67,643.05,1586.24,1413.31,14.62,21.61,552.83,2388.12,9060.37,1.3,47.81,521.4,2388.12,8138.27,8.4424,0.03,392,2388,100.0,38.82,23.1501,58
36,101,0.0023,0.0004,100.0,518.67,642.84,1593.29,1412.57,14.62,21.61,552.86,2388.11,9059.33,1.3,47.61,520.5,2388.14,8139.4,8.4399,0.03,393,2388,100.0,38.84,23.2692,57
36,102,0.0004,-0.0001,100.0,518.67,642.95,1595.14,1417.98,14.62,21.61,551.75,2388.15,9059.28,1.3,47.81,520.81,2388.13,8138.9,8.469,0.03,393,2388,100.0,38.8,23.225,56
36,103,0.0019,-0.0,100.0,518.67,642.78,1588.82,1410.5,14.62,21.61,552.68,2388.15,9059.14,1.3,47.62,520.36,2388.1,8134.38,8.4771,0.03,393,2388,100.0,38.8,23.2019,55
36,104,0.001,0.0001,100.0,518.67,642.97,1597.35,1414.24,14.62,21.61,551.95,2388.12,9052.25,1.3,47.57,520.67,2388.15,8133.43,8.4574,0.03,393,2388,100.0,38.67,23.2319,54
36,105,-0.0006,-0.0002,100.0,518.67,642.46,1594.44,1407.07,14.62,21.61,552.96,2388.11,9056.22,1.3,47.69,520.59,2388.17,8140.31,8.4393,0.03,394,2388,100.0,38.65,23.2119,53
36,106,0.0057,0.0004,100.0,518.67,643.45,1593.43,1418.75,14.62,21.61,552.85,2388.13,9057.34,1.3,47.73,520.82,2388.14,8137.75,8.457,0.03,394,2388,100.0,38.73,23.2858,52
36,107,-0.0029,-0.0002,100.0,518.67,642.22,1589.73,1413.35,14.62,21.61,552.75,2388.15,9057.82,1.3,47.73,521.27,2388.16,8132.23,8.4534,0.03,393,2388,100.0,38.77,23.3112,51
36,108,-0.0022,-0.0002,100.0,518.67,642.98,1586.8,1417.61,14.62,21.61,553.44,2388.17,9062.06,1.3,47.62,521.44,2388.13,8138.89,8.4436,0.03,395,2388,100.0,38.86,23.2827,50
36,109,0.0002,-0.0005,100.0,518.67,643.19,1596.4,1411.76,14.62,21.61,552.78,2388.17,9057.13,1.3,47.9,521.36,2388.18,8137.63,8.4543,0.03,393,2388,100.0,38.75,23.3756,49
36,110,0.0034,-0.0003,100.0,518.67,642.75,1588.48,1415.28,14.62,21.61,552.28,2388.15,9054.26,1.3,47.77,520.6,2388.15,8133.2,8.4699,0.03,394,2388,100.0,38.68,23.2186,48
36,111,0.0032,-0.0004,100.0,518.67,643.0,1598.22,1412.02,14.62,21.61,552.7,2388.15,9059.91,1.3,47.67,520.85,2388.16,8138.53,8.4953,0.03,394,2388,100.0,38.68,23.2154,47
36,112,0.0007,0.0001,100.0,518.67,643.34,1597.71,1409.99,14.62,21.61,552.69,2388.13,9060.82,1.3,47.75,520.27,2388.22,8140.15,8.4979,0.03,396,2388,100.0,38.52,23.2082,46
36,113,-0.0028,-0.0002,100.0,518.67,643.57,1588.86,1414.55,14.62,21.61,552.88,2388.16,9059.82,1.3,47.67,520.64,2388.14,8137.08,8.4926,0.03,395,2388,100.0,38.85,23.1288,45
36,114,-0.0003,-0.0003,100.0,518.67,642.97,1594.14,1412.17,14.62,21.61,552.03,2388.16,9056.66,1.3,47.68,520.57,2388.14,8138.32,8.4702,0.03,394,2388,100.0,38.66,23.1766,44
36,115,-0.0037,-0.0001,100.0,518.67,642.81,1597.1,1413.11,14.62,21.61,552.4,2388.14,9060.62,1.3,47.73,521.17,2388.21,8135.2,8.4114,0.03,394,2388,100.0,38.77,23.1929,43
36,116,0.0007,-0.0001,100.0,518.67,643.19,1589.11,1417.19,14.62,21.61,552.68,2388.17,9065.23,1.3,47.87,520.71,2388.17,8136.21,8.4828,0.03,394,2388,100.0,38.69,23.1816,42
36,117,-0.0013,-0.0,100.0,518.67,642.83,1594.3,1419.24,14.62,21.61,552.18,2388.12,9054.25,1.3,47.82,521.04,2388.15,8145.59,8.447,0.03,393,2388,100.0,38.69,23.1954,41
36,118,-0.0011,-0.0003,100.0,518.67,643.0,1592.91,1410.89,14.62,21.61,552.96,2388.18,9061.85,1.3,47.63,521.26,2388.16,8137.3,8.5095,0.03,394,2388,100.0,38.66,23.1098,40
36,119,-0.0001,-0.0004,100.0,518.67,642.98,1592.93,1415.11,14.62,21.61,552.4,2388.15,9058.04,1.3,47.84,521.35,2388.12,8134.31,8.4685,0.03,394,2388,100.0,38.77,23.2097,39
36,120,0.0017,0.0001,100.0,518.67,643.13,1587.68,1414.21,14.62,21.61,552.9,2388.17,9060.33,1.3,47.75,520.34,2388.12,8135.82,8.4998,0.03,393,2388,100.0,38.77,23.3012,38
36,121,0.0021,-0.0004,100.0,518.67,643.94,1587.42,1418.39,14.62,21.61,552.38,2388.15,9062.0,1.3,47.67,520.57,2388.22,8134.51,8.4687,0.03,395,2388,100.0,38.86,23.1504,37
36,122,0.0005,-0.0,100.0,518.67,643.04,1593.8,1421.21,14.62,21.61,552.89,2388.18,9061.67,1.3,47.68,520.27,2388.19,8141.59,8.4458,0.03,396,2388,100.0,38.71,23.1548,36
36,123,0.0006,-0.0005,100.0,518.67,642.74,1604.75,1421.09,14.62,21.61,552.09,2388.21,9065.85,1.3,47.87,520.65,2388.15,8133.94,8.4578,0.03,396,2388,100.0,38.63,23.1117,35
36,124,0.0002,0.0004,100.0,518.67,642.76,1595.89,1412.12,14.62,21.61,552.83,2388.17,9054.35,1.3,47.99,520.69,2388.15,8136.13,8.4964,0.03,393,2388,100.0,38.66,23.2345,34
36,125,-0.0027,0.0002,100.0,518.67,643.07,1602.03,1420.91,14.62,21.61,552.4,2388.15,9058.61,1.3,47.76,520.21,2388.15,8133.98,8.5122,0.03,394,2388,100.0,38.47,23.2242,33
36,126,0.0003,0.0003,100.0,518.67,643.05,1595.42,1416.7,14.62,21.61,552.83,2388.18,9054.96,1.3,47.91,520.36,2388.17,8134.32,8.4762,0.03,394,2388,100.0,38.68,23.1765,32
36,127,0.0051,0.0001,100.0,518.67,642.88,1592.84,1419.59,14.62,21.61,552.26,2388.15,9057.49,1.3,47.98,520.63,2388.21,8130.53,8.4854,0.03,395,2388,100.0,38.65,23.2799,31
36,128,-0.0029,0.0002,100.0,518.67,642.95,1589.15,1422.23,14.62,21.61,552.62,2388.14,9063.3,1.3,47.73,520.25,2388.2,8142.49,8.4931,0.03,394,2388,100.0,38.61,23.1168,30
36,129,-0.0002,0.0002,100.0,518.67,643.16,1591.2,1412.58,14.62,21.61,552.0,2388.22,9064.46,1.3,47.98,519.96,2388.18,8136.91,8.4881,0.03,395,2388,100.0,38.66,23.1879,29
36,130,0.0051,-0.0,100.0,518.67,643.31,1596.54,1414.89,14.62,21.61,551.77,2388.19,9064.11,1.3,47.82,520.62,2388.18,8135.43,8.4552,0.03,396,2388,100.0,38.72,23.2613,28
36,131,0.0034,-0.0003,100.0,518.67,642.63,1601.03,1418.97,14.62,21.61,552.68,2388.18,9060.91,1.3,48.05,520.61,2388.24,8135.53,8.463,0.03,395,2388,100.0,38.55,23.2111,27
36,132,-0.0006,0.0001,100.0,518.67,642.95,1598.82,1418.22,14.62,21.61,551.72,2388.17,9061.46,1.3,47.79,520.38,2388.17,8136.38,8.4766,0.03,395,2388,100.0,38.46,23.1681,26
36,133,-0.0017,-0.0001,100.0,518.67,643.31,1591.5,1424.15,14.62,21.61,552.14,2388.18,9054.41,1.3,47.86,520.57,2388.2,8129.47,8.4893,0.03,396,2388,100.0,38.58,23.1332,25
36,134,0.0016,0.0,100.0,518.67,643.49,1604.32,1425.36,14.62,21.61,552.22,2388.18,9062.01,1.3,47.98,520.28,2388.19,8134.44,8.4851,0.03,397,2388,100.0,38.71,23.0618,24
36,135,0.0021,-0.0002,100.0,518.67,643.85,1596.06,1426.22,14.62,21.61,551.25,2388.21,9059.25,1.3,47.92,520.95,2388.23,8132.62,8.4809,0.03,397,2388,100.0,38.72,23.2235,23
36,136,-0.0048,0.0,100.0,518.67,643.22,1598.44,1422.05,14.62,21.61,552.19,2388.17,9059.43,1.3,47.87,519.85,2388.23,8130.75,8.4747,0.03,396,2388,100.0,38.7,23.2004,22
36,137,-0.0006,-0.0004,100.0,518.67,643.72,1592.11,1421.59,14.62,21.61,552.57,2388.21,9055.68,1.3,47.88,520.27,2388.2,8135.24,8.474,0.03,394,2388,100.0,38.55,23.1452,21
36,138,-0.0006,0.0,100.0,518.67,643.73,1597.96,1422.34,14.62,21.61,551.91,2388.2,9058.02,1.3,47.89,520.25,2388.24,8134.65,8.518,0.03,395,2388,100.0,38.34,23.1913,20
36,139,-0.0022,0.0003,100.0,518.67,643.44,1589.79,1416.46,14.62,21.61,552.79,2388.19,9054.07,1.3,47.89,520.15,2388.23,8134.34,8.4641,0.03,396,2388,100.0,38.58,23.175,19
36,140,0.0083,-0.0001,100.0,518.67,644.01,1594.5,1428.7,14.62,21.61,552.32,2388.22,9059.55,1.3,48.17,520.15,2388.24,8134.89,8.4883,0.03,394,2388,100.0,38.63,23.1156,18
36,141,-0.0033,-0.0005,100.0,518.67,643.24,1599.93,1420.72,14.62,21.61,552.35,2388.17,9060.54,1.3,47.81,519.91,2388.19,8135.27,8.47,0.03,395,2388,100.0,38.62,23.1442,17
36,142,0.0021,0.0001,100.0,518.67,643.29,1596.3,1418.29,14.62,21.61,551.69,2388.2,9054.25,1.3,47.92,520.48,2388.21,8130.89,8.5087,0.03,395,2388,100.0,38.65,23.2174,16
36,143,0.001,-0.0004,100.0,518.67,643.54,1595.15,1421.14,14.62,21.61,552.39,2388.22,9065.54,1.3,48.09,520.18,2388.26,8132.61,8.4947,0.03,394,2388,100.0,38.55,23.1692,15
36,144,0.0023,0.0002,100.0,518.67,643.38,1595.16,1425.25,14.62,21.61,551.02,2388.18,9056.99,1.3,47.98,520.31,2388.26,8137.9,8.5087,0.03,395,2388,100.0,38.48,23.1261,14
36,145,0.0016,0.0003,100.0,518.67,643.77,1597.25,1428.83,14.62,21.61,551.69,2388.23,9052.61,1.3,47.88,519.84,2388.23,8135.64,8.5063,0.03,395,2388,100.0,38.73,23.1583,13
36,146,0.0018,0.0,100.0,518.67,643.75,1594.2,1419.61,14.62,21.61,551.29,2388.22,9061.91,1.3,48.09,519.89,2388.22,8129.8,8.5318,0.03,395,2388,100.0,38.59,23.1861,12
36,147,-0.0012,-0.0002,100.0,518.67,643.64,1597.08,1425.03,14.62,21.61,551.64,2388.25,9054.02,1.3,48.11,519.83,2388.23,8133.97,8.5027,0.03,397,2388,100.0,38.45,23.0551,11
36,148,0.0001,-0.0,100.0,518.67,643.25,1600.93,1425.35,14.62,21.61,551.42,2388.27,9055.93,1.3,48.07,520.62,2388.21,8128.04,8.4897,0.03,395,2388,100.0,38.66,23.0497,10
36,149,0.001,0.0002,100.0,518.67,643.45,1592.85,1431.97,14.62,21.61,551.73,2388.29,9052.39,1.3,48.02,519.69,2388.26,8134.23,8.4919,0.03,396,2388,100.0,38.69,23.0948,9
36,150,0.0041,-0.0005,100.0,518.67,643.53,1595.55,1428.45,14.62,21.61,552.21,2388.23,9061.65,1.3,48.02,520.25,2388.27,8129.37,8.5117,0.03,396,2388,100.0,38.55,23.1343,8
36,151,-0.0008,0.0004,100.0,518.67,643.81,1597.38,1427.92,14.62,21.61,551.7,2388.23,9060.53,1.3,48.05,519.61,2388.29,8130.59,8.4733,0.03,397,2388,100.0,38.59,23.089,7
36,152,-0.0004,-0.0003,100.0,518.67,643.59,1595.1,1431.26,14.62,21.61,552.03,2388.22,9050.49,1.3,48.17,519.38,2388.27,8124.16,8.5234,0.03,395,2388,100.0,38.46,23.1204,6
36,153,-0.0023,-0.0003,100.0,518.67,643.63,1598.71,1424.73,14.62,21.61,551.74,2388.2,9057.12,1.3,48.18,519.98,2388.25,8129.94,8.5288,0.03,395,2388,100.0,38.55,23.1005,5
36,154,0.0001,0.0004,100.0,518.67,643.83,1597.45,1420.45,14.62,21.61,551.67,2388.25,9048.87,1.3,48.06,519.6,2388.29,8127.78,8.5334,0.03,397,2388,100.0,38.41,23.1648,4
36,155,0.0026,-0.0002,100.0,518.67,643.98,1598.5,1430.87,14.62,21.61,552.0,2388.25,9061.08,1.3,47.92,519.45,2388.26,8125.48,8.5326,0.03,397,2388,100.0,38.42,22.9776,3
36,156,-0.0026,-0.0001,100.0,518.67,643.87,1598.34,1432.17,14.62,21.61,551.98,2388.34,9054.17,1.3,48.0,519.62,2388.31,8130.62,8.5165,0.03,396,2388,100.0,38.64,23.1127,2
36,157,0.0015,-0.0002,100.0,518.67,643.68,1593.61,1428.71,14.62,21.61,551.5,2388.25,9062.51,1.3,48.3,519.78,2388.22,8127.07,8.4977,0.03,396,2388,100.0,38.42,22.9966,1
36,158,-0.0005,-0.0001,100.0,518.67,643.31,1606.6,1432.33,14.62,21.61,551.7,2388.28,9051.21,1.3,48.26,519.4,2388.31,8124.67,8.5327,0.03,396,2388,100.0,38.39,22.9915,0
37,1,0.0035,0.0001,100.0,518.67,642.5,1586.54,1404.33,14.62,21.61,553.48,2388.04,9045.66,1.3,47.35,521.5,2388.09,8127.28,8.4529,0.03,392,2388,100.0,39.11,23.4308,169
37,2,-0.0017,0.0001,100.0,518.67,642.92,1588.48,1405.62,14.62,21.61,553.6,2388.07,9048.59,1.3,47.43,521.95,2388.09,8126.1,8.3788,0.03,392,2388,100.0,38.86,23.3651,168
37,3,0.0006,0.0002,100.0,518.67,642.98,1587.26,1407.49,14.62,21.61,553.89,2388.14,9048.71,1.3,47.4,522.06,2388.1,8125.95,8.4155,0.03,392,2388,100.0,38.96,23.3742,167
37,4,-0.0016,-0.0005,100.0,518.67,641.91,1588.28,1405.6,14.62,21.61,553.74,2388.1,9041.67,1.3,47.41,521.94,2388.12,8122.85,8.4248,0.03,392,2388,100.0,38.93,23.2615,166
37,5,0.0031,0.0,100.0,518.67,642.73,1589.12,1405.39,14.62,21.61,553.16,2388.1,9046.52,1.3,47.29,521.85,2388.07,8131.29,8.3972,0.03,391,2388,100.0,38.87,23.2821,165
37,6,0.0012,0.0004,100.0,518.67,641.81,1588.21,1404.35,14.62,21.61,553.36,2388.08,9044.63,1.3,47.39,521.9,2388.13,8129.16,8.4226,0.03,391,2388,100.0,38.87,23.3251,164
37,7,0.0028,0.0001,100.0,518.67,642.35,1592.92,1401.08,14.62,21.61,554.24,2388.12,9048.44,1.3,47.35,521.9,2388.09,8125.11,8.4142,0.03,391,2388,100.0,38.92,23.3192,163
37,8,0.0012,-0.0004,100.0,518.67,642.75,1590.43,1414.15,14.62,21.61,554.12,2388.1,9037.8,1.3,47.49,521.8,2388.07,8129.08,8.4259,0.03,390,2388,100.0,38.78,23.3021,162
37,9,0.0004,-0.0005,100.0,518.67,642.31,1586.53,1402.66,14.62,21.61,553.96,2388.14,9043.44,1.3,47.41,521.87,2388.06,8120.23,8.4134,0.03,393,2388,100.0,39.0,23.2373,161
37,10,-0.0009,0.0003,100.0,518.67,643.42,1583.09,1403.06,14.62,21.61,553.83,2388.06,9044.81,1.3,47.42,521.19,2388.07,8127.12,8.3981,0.03,393,2388,100.0,39.04,23.3901,160
37,11,0.007,0.0004,100.0,518.67,642.61,1581.38,1402.61,14.62,21.61,554.28,2388.09,9041.31,1.3,47.48,521.56,2388.1,8123.79,8.4051,0.03,394,2388,100.0,38.81,23.2653,159
37,12,-0.0045,0.0,100.0,518.67,643.03,1595.92,1408.37,14.62,21.61,553.59,2388.1,9047.06,1.3,47.35,521.44,2388.1,8128.02,8.4237,0.03,392,2388,100.0,38.97,23.4243,158
37,13,-0.0025,0.0001,100.0,518.67,642.46,1591.6,1412.52,14.62,21.61,553.71,2388.08,9053.06,1.3,47.54,521.78,2388.09,8123.54,8.4379,0.03,391,2388,100.0,38.97,23.3851,157
37,14,-0.0039,0.0003,100.0,518.67,643.24,1591.89,1401.8,14.62,21.61,553.78,2388.12,9055.67,1.3,47.41,521.68,2388.14,8131.0,8.4266,0.03,393,2388,100.0,38.8,23.345,156
37,15,0.0032,0.0003,100.0,518.67,642.34,1594.41,1404.49,14.62,21.61,553.5,2388.06,9045.05,1.3,47.53,521.72,2388.11,8126.83,8.4421,0.03,393,2388,100.0,39.04,23.3592,155
37,16,0.0019,-0.0002,100.0,518.67,642.33,1587.32,1408.82,14.62,21.61,554.09,2388.04,9049.37,1.3,47.54,521.24,2388.16,8133.05,8.4128,0.03,393,2388,100.0,38.97,23.1965,154
37,17,0.0007,-0.0003,100.0,518.67,642.32,1587.45,1413.91,14.62,21.61,554.34,2388.12,9047.32,1.3,47.43,521.94,2388.1,8128.72,8.4158,0.03,392,2388,100.0,38.66,23.3304,153
37,18,0.0003,-0.0004,100.0,518.67,642.52,1595.98,1408.33,14.62,21.61,553.4,2388.04,9047.15,1.3,47.47,521.73,2388.13,8128.47,8.4277,0.03,394,2388,100.0,38.89,23.3713,152
37,19,0.0007,-0.0003,100.0,518.67,642.64,1584.77,1403.72,14.62,21.61,553.96,2388.07,9048.64,1.3,47.46,521.75,2388.12,8130.34,8.426,0.03,392,2388,100.0,38.85,23.3438,151
37,20,0.0057,0.0003,100.0,518.67,642.32,1592.11,1407.08,14.62,21.61,553.23,2388.06,9041.88,1.3,47.45,521.35,2388.06,8124.57,8.4123,0.03,393,2388,100.0,38.83,23.2338,150
37,21,-0.0001,0.0001,100.0,518.67,643.06,1588.47,1401.8,14.62,21.61,553.74,2388.07,9042.21,1.3,47.57,521.21,2388.13,8121.33,8.4245,0.03,393,2388,100.0,38.85,23.3026,149
37,22,0.0032,-0.0001,100.0,518.67,642.52,1591.28,1410.47,14.62,21.61,554.03,2388.09,9044.74,1.3,47.5,521.44,2388.09,8120.54,8.424,0.03,392,2388,100.0,38.82,23.3173,148
37,23,-0.0023,0.0001,100.0,518.67,642.29,1589.51,1409.31,14.62,21.61,554.34,2388.1,9045.04,1.3,47.42,521.38,2388.1,8120.53,8.4339,0.03,391,2388,100.0,38.96,23.2952,147
37,24,-0.001,0.0003,100.0,518.67,642.4,1591.92,1409.21,14.62,21.61,553.37,2388.11,9044.73,1.3,47.29,521.63,2388.11,8122.41,8.4412,0.03,394,2388,100.0,39.03,23.3359,146
37,25,0.0018,-0.0003,100.0,518.67,642.71,1586.02,1399.81,14.62,21.61,553.95,2388.1,9050.83,1.3,47.54,521.84,2388.08,8122.29,8.4139,0.03,393,2388,100.0,38.91,23.3409,145
37,26,-0.0047,0.0001,100.0,518.67,642.42,1594.25,1414.05,14.62,21.61,553.07,2388.12,9047.02,1.3,47.53,521.39,2388.14,8128.52,8.4296,0.03,393,2388,100.0,38.9,23.3782,144
37,27,0.0001,0.0001,100.0,518.67,643.07,1588.2,1404.08,14.62,21.61,553.52,2388.12,9051.33,1.3,47.49,521.44,2388.1,8129.74,8.4047,0.03,393,2388,100.0,38.98,23.4082,143
37,28,0.0017,-0.0003,100.0,518.67,642.21,1581.71,1401.31,14.62,21.61,554.1,2388.05,9039.75,1.3,47.48,521.9,2388.1,8127.02,8.4521,0.03,392,2388,100.0,38.84,23.2769,142
37,29,-0.0014,0.0003,100.0,518.67,642.39,1590.63,1409.33,14.62,21.61,554.52,2388.11,9049.22,1.3,47.46,521.68,2388.15,8132.09,8.4431,0.03,393,2388,100.0,38.84,23.3194,141
37,30,-0.003,0.0002,100.0,518.67,642.22,1584.79,1412.19,14.62,21.61,553.39,2388.09,9045.62,1.3,47.57,521.84,2388.08,8123.37,8.4157,0.03,392,2388,100.0,38.92,23.322,140
37,31,0.0026,0.0003,100.0,518.67,642.39,1587.81,1404.79,14.62,21.61,553.72,2388.13,9044.68,1.3,47.57,521.31,2388.1,8123.31,8.4139,0.03,393,2388,100.0,38.96,23.3071,139
37,32,0.0003,-0.0002,100.0,518.67,642.64,1582.31,1409.24,14.62,21.61,553.82,2388.16,9036.3,1.3,47.58,521.86,2388.06,8125.6,8.4357,0.03,393,2388,100.0,39.07,23.236,138
37,33,-0.0027,0.0002,100.0,518.67,642.67,1590.11,1402.02,14.62,21.61,553.48,2388.09,9047.83,1.3,47.56,521.96,2388.15,8127.28,8.4365,0.03,392,2388,100.0,38.96,23.4055,137
37,34,-0.0009,-0.0004,100.0,518.67,642.58,1585.84,1406.21,14.62,21.61,553.95,2388.13,9057.51,1.3,47.31,521.91,2388.03,8123.97,8.4177,0.03,392,2388,100.0,38.9,23.3303,136
37,35,0.0026,-0.0003,100.0,518.67,642.14,1585.78,1405.47,14.62,21.61,554.01,2388.13,9042.51,1.3,47.54,521.24,2388.08,8127.25,8.4185,0.03,392,2388,100.0,38.9,23.2039,135
37,36,-0.0005,0.0001,100.0,518.67,642.56,1583.7,1401.22,14.62,21.61,553.08,2388.05,9044.77,1.3,47.46,522.36,2388.14,8125.8,8.4442,0.03,392,2388,100.0,38.97,23.3966,134
37,37,0.0006,-0.0003,100.0,518.67,642.94,1587.96,1407.31,14.62,21.61,553.85,2388.08,9049.02,1.3,47.53,521.53,2388.08,8124.59,8.4299,0.03,391,2388,100.0,38.96,23.3027,133
37,38,-0.0012,-0.0,100.0,518.67,642.68,1592.84,1413.0,14.62,21.61,553.59,2388.09,9045.3,1.3,47.53,521.72,2388.12,8124.35,8.4251,0.03,393,2388,100.0,38.84,23.3244,132
37,39,0.0016,0.0004,100.0,518.67,642.39,1589.76,1400.73,14.62,21.61,554.17,2388.11,9052.8,1.3,47.32,521.79,2388.14,8128.21,8.4036,0.03,393,2388,100.0,39.02,23.268,131
37,40,-0.0001,0.0003,100.0,518.67,642.79,1585.6,1399.48,14.62,21.61,553.85,2388.08,9044.98,1.3,47.39,521.25,2388.13,8121.51,8.4136,0.03,391,2388,100.0,39.08,23.2388,130
37,41,-0.0029,-0.0003,100.0,518.67,642.45,1584.82,1402.73,14.62,21.61,552.91,2388.12,9047.4,1.3,47.36,521.56,2388.13,8129.21,8.4021,0.03,393,2388,100.0,38.85,23.32,129
37,42,0.0013,0.0002,100.0,518.67,642.73,1584.07,1403.36,14.62,21.61,553.41,2388.11,9034.32,1.3,47.38,522.03,2388.1,8130.47,8.4654,0.03,392,2388,100.0,38.87,23.2979,128
37,43,-0.0011,-0.0,100.0,518.67,642.59,1580.0,1407.56,14.62,21.61,553.29,2388.1,9041.93,1.3,47.48,521.7,2388.1,8128.4,8.4499,0.03,393,2388,100.0,38.85,23.3694,127
37,44,-0.0016,0.0003,100.0,518.67,642.19,1593.57,1411.21,14.62,21.61,553.5,2388.12,9040.52,1.3,47.49,521.3,2388.17,8124.42,8.444,0.03,392,2388,100.0,38.88,23.2111,126
37,45,0.003,-0.0002,100.0,518.67,642.55,1585.72,1406.68,14.62,21.61,553.88,2388.14,9046.28,1.3,47.68,521.85,2388.05,8126.67,8.435,0.03,392,2388,100.0,38.72,23.3284,125
37,46,0.0027,-0.0,100.0,518.67,642.77,1586.48,1405.59,14.62,21.61,553.94,2388.11,9045.47,1.3,47.3,522.11,2388.11,8127.52,8.4227,0.03,392,2388,100.0,39.0,23.2755,124
37,47,0.0048,-0.0005,100.0,518.67,642.5,1588.93,1403.14,14.62,21.61,553.71,2388.11,9036.06,1.3,47.47,521.81,2388.06,8124.61,8.4613,0.03,393,2388,100.0,39.1,23.3444,123
37,48,-0.0012,-0.0003,100.0,518.67,642.33,1586.64,1401.04,14.62,21.61,553.6,2388.14,9048.65,1.3,47.59,521.59,2388.12,8124.65,8.406,0.03,392,2388,100.0,38.8,23.3524,122
37,49,-0.0009,-0.0004,100.0,518.67,642.35,1586.63,1406.91,14.62,21.61,553.15,2388.12,9046.52,1.3,47.45,521.92,2388.08,8127.76,8.4418,0.03,392,2388,100.0,38.73,23.416,121
37,50,0.0,-0.0005,100.0,518.67,642.14,1587.79,1400.96,14.62,21.61,553.73,2388.16,9043.88,1.3,47.45,521.88,2388.07,8124.68,8.4407,0.03,393,2388,100.0,38.97,23.3188,120
37,51,-0.0003,-0.0001,100.0,518.67,642.05,1591.66,1404.84,14.62,21.61,553.35,2388.1,9042.18,1.3,47.49,522.0,2388.13,8124.96,8.4235,0.03,393,2388,100.0,38.91,23.2631,119
37,52,-0.0024,-0.0,100.0,518.67,642.54,1587.28,1398.83,14.62,21.61,553.57,2388.05,9044.02,1.3,47.44,521.73,2388.1,8130.06,8.4506,0.03,393,2388,100.0,38.97,23.3561,118
37,53,0.0007,0.0,100.0,518.67,642.5,1585.21,1402.36,14.62,21.61,553.37,2388.14,9039.24,1.3,47.35,521.46,2388.13,8124.51,8.4276,0.03,393,2388,100.0,38.97,23.247,117
37,54,0.0035,-0.0003,100.0,518.67,642.84,1595.39,1406.71,14.62,21.61,553.36,2388.1,9048.38,1.3,47.51,521.84,2388.1,8124.56,8.4198,0.03,392,2388,100.0,38.94,23.2281,116
37,55,-0.0028,-0.0001,100.0,518.67,642.24,1595.6,1404.91,14.62,21.61,552.65,2388.13,9048.35,1.3,47.59,521.39,2388.18,8129.0,8.4652,0.03,394,2388,100.0,38.73,23.3556,115
37,56,-0.0047,-0.0,100.0,518.67,642.49,1590.94,1410.27,14.62,21.61,553.78,2388.17,9048.07,1.3,47.54,521.48,2388.09,8132.81,8.4319,0.03,393,2388,100.0,38.93,23.3576,114
37,57,-0.0014,0.0001,100.0,518.67,642.86,1600.31,1399.77,14.62,21.61,552.73,2388.13,9032.79,1.3,47.48,521.45,2388.1,8125.13,8.445,0.03,392,2388,100.0,38.83,23.3823,113
37,58,-0.0019,0.0002,100.0,518.67,643.28,1582.94,1410.48,14.62,21.61,554.11,2388.12,9038.82,1.3,47.36,521.61,2388.11,8127.74,8.4104,0.03,393,2388,100.0,38.85,23.336,112
37,59,0.0027,0.0004,100.0,518.67,642.55,1595.46,1408.57,14.62,21.61,553.05,2388.11,9048.18,1.3,47.5,520.88,2388.15,8124.66,8.4292,0.03,393,2388,100.0,38.8,23.3332,111
37,60,0.0013,-0.0003,100.0,518.67,642.34,1585.25,1414.78,14.62,21.61,554.26,2388.14,9040.92,1.3,47.53,521.24,2388.13,8125.27,8.4282,0.03,392,2388,100.0,38.93,23.2334,110
37,61,0.0035,0.0003,100.0,518.67,642.45,1591.16,1400.18,14.62,21.61,553.54,2388.15,9046.19,1.3,47.52,521.55,2388.16,8126.77,8.4703,0.03,394,2388,100.0,38.89,23.2826,109
37,62,-0.0014,0.0004,100.0,518.67,642.61,1581.5,1402.58,14.62,21.61,553.89,2388.17,9050.07,1.3,47.66,521.0,2388.11,8120.52,8.4238,0.03,393,2388,100.0,38.9,23.2605,108
37,63,-0.001,-0.0001,100.0,518.67,642.24,1591.84,1403.74,14.62,21.61,553.42,2388.09,9050.05,1.3,47.44,521.95,2388.12,8121.31,8.4414,0.03,393,2388,100.0,38.8,23.2469,107
37,64,-0.002,-0.0001,100.0,518.67,642.81,1594.2,1409.64,14.62,21.61,553.51,2388.1,9039.4,1.3,47.39,521.22,2388.14,8125.12,8.436,0.03,393,2388,100.0,39.2,23.312,106
37,65,-0.0013,0.0004,100.0,518.67,642.52,1589.93,1408.69,14.62,21.61,553.37,2388.07,9039.19,1.3,47.6,521.68,2388.11,8128.66,8.4259,0.03,393,2388,100.0,38.69,23.3188,105
37,66,-0.0022,-0.0003,100.0,518.67,642.7,1590.27,1400.52,14.62,21.61,553.66,2388.08,9042.36,1.3,47.49,521.66,2388.15,8121.44,8.4468,0.03,392,2388,100.0,38.92,23.3215,104
37,67,0.0006,-0.0004,100.0,518.67,642.41,1593.17,1413.88,14.62,21.61,553.11,2388.09,9050.62,1.3,47.41,521.31,2388.13,8125.16,8.4489,0.03,394,2388,100.0,38.86,23.3045,103
37,68,0.0043,-0.0003,100.0,518.67,642.48,1586.68,1414.36,14.62,21.61,553.09,2388.14,9044.4,1.3,47.49,521.63,2388.12,8124.2,8.4769,0.03,392,2388,100.0,38.7,23.414,102
37,69,0.0002,0.0004,100.0,518.67,643.04,1584.36,1409.55,14.62,21.61,553.93,2388.14,9049.64,1.3,47.52,521.52,2388.1,8126.56,8.4417,0.03,393,2388,100.0,38.84,23.2232,101
37,70,0.001,0.0004,100.0,518.67,642.64,1591.47,1410.36,14.62,21.61,554.07,2388.12,9041.24,1.3,47.48,521.62,2388.13,8124.59,8.4332,0.03,392,2388,100.0,39.08,23.3232,100
37,71,0.0026,0.0004,100.0,518.67,643.18,1596.56,1408.8,14.62,21.61,553.11,2388.14,9047.93,1.3,47.69,521.47,2388.12,8124.71,8.4388,0.03,393,2388,100.0,38.9,23.2814,99
37,72,-0.0014,0.0004,100.0,518.67,642.81,1588.86,1412.05,14.62,21.61,553.01,2388.14,9043.99,1.3,47.6,521.7,2388.14,8128.16,8.465,0.03,393,2388,100.0,38.85,23.2723,98
37,73,-0.0024,-0.0004,100.0,518.67,642.85,1590.2,1407.48,14.62,21.61,553.37,2388.08,9037.43,1.3,47.3,521.2,2388.1,8125.55,8.4593,0.03,392,2388,100.0,38.8,23.3026,97
37,74,-0.0016,0.0003,100.0,518.67,642.22,1584.28,1409.37,14.62,21.61,552.95,2388.07,9037.22,1.3,47.46,521.63,2388.08,8124.58,8.4715,0.03,392,2388,100.0,39.05,23.3422,96
37,75,0.0015,-0.0005,100.0,518.67,642.68,1593.18,1411.24,14.62,21.61,553.65,2388.09,9047.28,1.3,47.64,521.53,2388.13,8126.98,8.4622,0.03,394,2388,100.0,38.67,23.2209,95
37,76,0.0038,-0.0002,100.0,518.67,642.79,1591.41,1406.27,14.62,21.61,553.36,2388.13,9043.94,1.3,47.68,521.35,2388.09,8127.71,8.4411,0.03,392,2388,100.0,39.02,23.3288,94
37,77,0.0027,0.0004,100.0,518.67,642.43,1594.22,1408.53,14.62,21.61,553.34,2388.13,9047.23,1.3,47.58,521.82,2388.16,8118.21,8.4256,0.03,393,2388,100.0,38.82,23.4415,93
37,78,-0.0019,-0.0002,100.0,518.67,642.76,1587.6,1411.61,14.62,21.61,553.71,2388.1,9048.23,1.3,47.62,521.38,2388.17,8123.06,8.4429,0.03,390,2388,100.0,39.04,23.3077,92
37,79,-0.0003,-0.0003,100.0,518.67,642.84,1582.68,1413.18,14.62,21.61,553.57,2388.09,9046.21,1.3,47.53,521.42,2388.11,8124.75,8.4368,0.03,392,2388,100.0,38.79,23.2713,91
37,80,-0.0038,0.0,100.0,518.67,642.75,1593.82,1406.21,14.62,21.61,553.14,2388.12,9042.24,1.3,47.52,521.24,2388.09,8123.32,8.4126,0.03,393,2388,100.0,38.88,23.311,90
37,81,0.0009,0.0002,100.0,518.67,642.67,1589.55,1405.92,14.62,21.61,553.28,2388.12,9041.82,1.3,47.59,521.32,2388.07,8126.57,8.4171,0.03,393,2388,100.0,38.85,23.2601,89
37,82,0.0009,0.0003,100.0,518.67,642.65,1585.97,1407.54,14.62,21.61,553.16,2388.08,9044.36,1.3,47.55,521.5,2388.1,8124.81,8.4355,0.03,392,2388,100.0,38.92,23.1745,88
37,83,-0.0012,0.0004,100.0,518.67,642.59,1587.24,1408.22,14.62,21.61,552.85,2388.14,9052.38,1.3,47.84,521.54,2388.15,8123.6,8.4693,0.03,393,2388,100.0,38.83,23.2861,87
37,84,0.0018,-0.0004,100.0,518.67,642.56,1588.8,1411.69,14.62,21.61,553.72,2388.12,9045.12,1.3,47.4,522.14,2388.1,8125.28,8.4607,0.03,391,2388,100.0,38.77,23.258,86
37,85,0.0035,0.0004,100.0,518.67,642.4,1589.23,1404.18,14.62,21.61,553.64,2388.12,9056.44,1.3,47.62,521.82,2388.11,8124.08,8.4146,0.03,394,2388,100.0,38.9,23.2472,85
37,86,0.002,0.0004,100.0,518.67,642.6,1591.05,1407.47,14.62,21.61,553.16,2388.1,9047.38,1.3,47.58,521.73,2388.17,8126.84,8.4486,0.03,392,2388,100.0,38.66,23.288,84
37,87,0.0027,-0.0004,100.0,518.67,642.38,1590.4,1406.92,14.62,21.61,552.78,2388.16,9041.15,1.3,47.39,520.98,2388.16,8119.16,8.4119,0.03,393,2388,100.0,38.76,23.2998,83
37,88,0.0033,-0.0005,100.0,518.67,642.83,1587.11,1404.05,14.62,21.61,552.99,2388.17,9046.34,1.3,47.52,521.24,2388.07,8121.6,8.4818,0.03,394,2388,100.0,38.73,23.4232,82
37,89,-0.0029,0.0004,100.0,518.67,643.14,1596.21,1410.57,14.62,21.61,553.64,2388.08,9047.96,1.3,47.69,521.39,2388.16,8121.51,8.4471,0.03,393,2388,100.0,38.83,23.3039,81
37,90,-0.0037,0.0,100.0,518.67,643.33,1587.6,1402.97,14.62,21.61,553.07,2388.16,9046.31,1.3,47.67,521.41,2388.15,8121.73,8.432,0.03,394,2388,100.0,38.81,23.1895,80
37,91,-0.0014,-0.0002,100.0,518.67,642.76,1588.03,1411.44,14.62,21.61,553.6,2388.16,9044.28,1.3,47.55,521.0,2388.09,8120.69,8.4685,0.03,392,2388,100.0,39.0,23.3672,79
37,92,-0.0004,0.0,100.0,518.67,642.21,1595.12,1411.27,14.62,21.61,552.97,2388.1,9049.74,1.3,47.56,520.91,2388.11,8124.01,8.4343,0.03,393,2388,100.0,38.71,23.2792,78
37,93,0.002,-0.0002,100.0,518.67,642.44,1589.43,1415.84,14.62,21.61,553.97,2388.19,9050.93,1.3,47.61,521.58,2388.17,8127.41,8.4452,0.03,394,2388,100.0,38.9,23.2977,77
37,94,-0.0005,0.0001,100.0,518.67,642.66,1588.44,1411.07,14.62,21.61,552.61,2388.17,9040.81,1.3,47.68,520.38,2388.16,8120.18,8.4288,0.03,391,2388,100.0,38.78,23.3459,76
37,95,0.0016,0.0002,100.0,518.67,642.91,1587.31,1408.24,14.62,21.61,552.84,2388.16,9043.79,1.3,47.46,521.44,2388.14,8124.71,8.4523,0.03,394,2388,100.0,38.8,23.2014,75
37,96,0.0001,-0.0001,100.0,518.67,642.64,1597.41,1403.71,14.62,21.61,553.59,2388.16,9048.82,1.3,47.72,521.75,2388.16,8121.9,8.4188,0.03,392,2388,100.0,38.83,23.1807,74
37,97,0.0013,0.0004,100.0,518.67,643.25,1595.02,1408.1,14.62,21.61,552.93,2388.08,9039.71,1.3,47.57,521.08,2388.15,8121.14,8.4485,0.03,393,2388,100.0,38.76,23.2951,73
37,98,0.0001,0.0004,100.0,518.67,642.51,1585.84,1406.89,14.62,21.61,552.76,2388.16,9038.68,1.3,47.45,521.04,2388.1,8121.55,8.4193,0.03,395,2388,100.0,38.72,23.2516,72
37,99,-0.0024,-0.0003,100.0,518.67,642.83,1595.02,1415.18,14.62,21.61,553.06,2388.19,9040.85,1.3,47.6,521.31,2388.19,8126.19,8.4941,0.03,393,2388,100.0,38.9,23.2972,71
37,100,0.0003,0.0004,100.0,518.67,642.25,1591.71,1406.54,14.62,21.61,553.08,2388.17,9038.85,1.3,47.71,521.34,2388.14,8124.29,8.4493,0.03,393,2388,100.0,38.79,23.3511,70
37,101,-0.0015,-0.0004,100.0,518.67,642.8,1582.79,1409.2,14.62,21.61,553.42,2388.15,9042.36,1.3,47.52,521.48,2388.16,8128.41,8.4577,0.03,392,2388,100.0,38.93,23.2037,69
37,102,-0.0001,-0.0004,100.0,518.67,642.82,1591.73,1412.22,14.62,21.61,552.7,2388.11,9032.69,1.3,47.73,521.28,2388.19,8121.28,8.4467,0.03,394,2388,100.0,38.61,23.3243,68
37,103,-0.0025,0.0004,100.0,518.67,642.96,1589.82,1416.65,14.62,21.61,552.7,2388.19,9045.33,1.3,47.7,521.19,2388.12,8128.38,8.4453,0.03,394,2388,100.0,38.75,23.213,67
37,104,-0.0001,-0.0,100.0,518.67,642.85,1594.16,1406.87,14.62,21.61,553.65,2388.11,9041.86,1.3,47.61,521.46,2388.1,8125.86,8.4353,0.03,394,2388,100.0,38.89,23.3884,66
37,105,0.0017,-0.0005,100.0,518.67,642.78,1587.19,1410.75,14.62,21.61,553.42,2388.18,9035.96,1.3,47.62,521.18,2388.14,8121.9,8.4667,0.03,393,2388,100.0,38.71,23.2297,65
37,106,0.0052,-0.0003,100.0,518.67,642.49,1594.29,1412.05,14.62,21.61,552.15,2388.22,9039.67,1.3,47.83,520.58,2388.16,8124.76,8.445,0.03,392,2388,100.0,38.89,23.2644,64
37,107,-0.0025,-0.0005,100.0,518.67,642.81,1586.56,1402.35,14.62,21.61,553.51,2388.13,9043.09,1.3,47.79,521.31,2388.15,8117.35,8.4709,0.03,393,2388,100.0,38.67,23.2388,63
37,108,-0.0001,0.0,100.0,518.67,642.38,1580.0,1409.01,14.62,21.61,552.55,2388.16,9046.16,1.3,47.7,522.01,2388.11,8124.23,8.4271,0.03,393,2388,100.0,38.59,23.2278,62
37,109,-0.002,-0.0005,100.0,518.67,642.75,1593.44,1413.71,14.62,21.61,553.55,2388.15,9051.84,1.3,47.71,521.06,2388.18,8124.46,8.4555,0.03,392,2388,100.0,38.74,23.3249,61
37,110,-0.0018,-0.0001,100.0,518.67,642.32,1591.99,1404.23,14.62,21.61,552.94,2388.12,9042.54,1.3,47.94,520.61,2388.12,8128.38,8.455,0.03,395,2388,100.0,38.73,23.2382,60
37,111,0.0007,0.0004,100.0,518.67,642.28,1592.08,1407.31,14.62,21.61,552.94,2388.14,9045.56,1.3,47.72,521.49,2388.12,8120.09,8.4249,0.03,394,2388,100.0,38.68,23.2141,59
37,112,0.0028,-0.0001,100.0,518.67,642.91,1592.04,1409.36,14.62,21.61,553.65,2388.17,9043.58,1.3,47.57,521.13,2388.14,8120.89,8.481,0.03,395,2388,100.0,38.59,23.2764,58
37,113,-0.0029,-0.0002,100.0,518.67,642.95,1591.5,1410.96,14.62,21.61,552.77,2388.12,9040.59,1.3,47.57,520.86,2388.13,8120.66,8.4718,0.03,394,2388,100.0,38.73,23.2279,57
37,114,-0.0036,-0.0003,100.0,518.67,643.23,1588.02,1406.73,14.62,21.61,553.35,2388.14,9044.04,1.3,47.81,521.53,2388.15,8121.8,8.4468,0.03,394,2388,100.0,38.72,23.2456,56
37,115,0.0008,0.0001,100.0,518.67,643.18,1587.01,1409.43,14.62,21.61,552.91,2388.18,9036.31,1.3,47.57,521.14,2388.23,8122.66,8.4808,0.03,394,2388,100.0,38.67,23.1229,55
37,116,-0.0002,0.0,100.0,518.67,642.6,1590.07,1409.19,14.62,21.61,552.75,2388.2,9036.43,1.3,47.67,520.56,2388.09,8117.86,8.4786,0.03,393,2388,100.0,38.79,23.1928,54
37,117,-0.0025,-0.0,100.0,518.67,643.05,1592.83,1407.45,14.62,21.61,553.07,2388.14,9038.38,1.3,47.74,520.63,2388.16,8116.11,8.4721,0.03,393,2388,100.0,38.82,23.2922,53
37,118,0.0022,-0.0005,100.0,518.67,643.18,1592.46,1422.06,14.62,21.61,552.07,2388.15,9044.26,1.3,47.71,520.41,2388.15,8120.74,8.4428,0.03,395,2388,100.0,38.73,23.22,52
37,119,0.0024,0.0001,100.0,518.67,643.16,1588.24,1410.48,14.62,21.61,553.34,2388.14,9039.32,1.3,47.64,521.01,2388.21,8121.28,8.4163,0.03,395,2388,100.0,38.7,23.213,51
37,120,-0.003,-0.0003,100.0,518.67,642.95,1594.96,1413.22,14.62,21.61,552.28,2388.18,9041.93,1.3,47.69,520.82,2388.12,8125.52,8.4661,0.03,394,2388,100.0,38.81,23.1364,50
37,121,0.0029,-0.0002,100.0,518.67,643.19,1586.61,1422.59,14.62,21.61,553.39,2388.15,9040.43,1.3,47.56,520.99,2388.14,8120.71,8.4548,0.03,394,2388,100.0,38.84,23.2068,49
37,122,-0.0014,-0.0002,100.0,518.67,643.05,1582.08,1411.7,14.62,21.61,553.0,2388.19,9037.21,1.3,47.89,520.67,2388.16,8117.92,8.4625,0.03,394,2388,100.0,38.87,23.2487,48
37,123,-0.0025,0.0,100.0,518.67,642.61,1593.83,1415.42,14.62,21.61,552.25,2388.14,9042.63,1.3,47.66,521.07,2388.17,8116.55,8.4659,0.03,394,2388,100.0,38.69,23.2544,47
37,124,0.0032,-0.0004,100.0,518.67,643.11,1587.36,1414.56,14.62,21.61,553.63,2388.14,9046.92,1.3,47.68,521.16,2388.23,8123.7,8.4783,0.03,392,2388,100.0,38.72,23.1418,46
37,125,0.0043,-0.0002,100.0,518.67,643.31,1590.95,1418.46,14.62,21.61,552.51,2388.23,9047.19,1.3,47.6,520.74,2388.2,8119.8,8.4733,0.03,393,2388,100.0,38.57,23.2318,45
37,126,-0.0021,0.0004,100.0,518.67,643.34,1594.74,1410.82,14.62,21.61,552.95,2388.19,9044.83,1.3,47.92,520.82,2388.21,8120.23,8.5147,0.03,394,2388,100.0,38.94,23.1775,44
37,127,-0.0019,0.0,100.0,518.67,642.61,1593.17,1414.05,14.62,21.61,552.66,2388.17,9038.78,1.3,47.67,520.51,2388.17,8122.34,8.4422,0.03,395,2388,100.0,38.9,23.1179,43
37,128,-0.0023,0.0001,100.0,518.67,642.99,1595.74,1416.59,14.62,21.61,552.47,2388.21,9046.79,1.3,47.79,521.2,2388.18,8122.77,8.4684,0.03,394,2388,100.0,39.01,23.1962,42
37,129,0.0006,-0.0001,100.0,518.67,642.36,1592.32,1416.01,14.62,21.61,552.26,2388.15,9047.06,1.3,47.59,520.89,2388.21,8121.99,8.4877,0.03,393,2388,100.0,38.88,23.2703,41
37,130,-0.0029,-0.0004,100.0,518.67,643.31,1586.27,1415.35,14.62,21.61,552.83,2388.17,9039.5,1.3,47.7,520.98,2388.13,8121.66,8.4777,0.03,394,2388,100.0,38.62,23.2562,40
37,131,0.0,0.0005,100.0,518.67,642.7,1586.31,1414.7,14.62,21.61,552.6,2388.17,9043.21,1.3,47.82,520.57,2388.19,8117.98,8.4774,0.03,392,2388,100.0,38.67,23.1927,39
37,132,-0.0014,-0.0005,100.0,518.67,643.47,1593.79,1417.36,14.62,21.61,552.55,2388.23,9042.98,1.3,47.84,521.02,2388.22,8119.85,8.479,0.03,393,2388,100.0,38.73,23.2166,38
37,133,-0.0006,-0.0004,100.0,518.67,643.21,1595.7,1415.17,14.62,21.61,552.47,2388.2,9045.7,1.3,47.91,520.69,2388.19,8121.21,8.4346,0.03,395,2388,100.0,38.65,23.1339,37
37,134,0.0016,0.0004,100.0,518.67,642.93,1595.39,1415.32,14.62,21.61,552.73,2388.16,9046.09,1.3,47.69,520.83,2388.2,8125.41,8.4751,0.03,394,2388,100.0,38.56,23.171,36
37,135,-0.0,0.0004,100.0,518.67,642.92,1599.63,1417.45,14.62,21.61,552.53,2388.19,9045.8,1.3,47.82,520.27,2388.19,8123.87,8.5231,0.03,395,2388,100.0,38.81,23.2239,35
37,136,0.0015,0.0004,100.0,518.67,643.04,1593.55,1414.51,14.62,21.61,552.62,2388.21,9042.28,1.3,47.66,520.57,2388.17,8126.18,8.4474,0.03,393,2388,100.0,38.72,23.235,34
37,137,-0.0056,-0.0003,100.0,518.67,643.18,1592.38,1420.06,14.62,21.61,551.9,2388.23,9041.71,1.3,47.74,521.17,2388.21,8120.72,8.4441,0.03,395,2388,100.0,38.7,23.1444,33
37,138,-0.0038,0.0004,100.0,518.67,643.44,1591.35,1410.92,14.62,21.61,551.78,2388.19,9046.24,1.3,47.81,520.85,2388.25,8124.75,8.4414,0.03,393,2388,100.0,38.74,23.3247,32
37,139,0.0007,0.0,100.0,518.67,643.67,1602.55,1417.32,14.62,21.61,552.58,2388.24,9046.73,1.3,47.62,520.51,2388.21,8121.46,8.4808,0.03,394,2388,100.0,38.72,23.2326,31
37,140,-0.0039,-0.0001,100.0,518.67,643.12,1600.13,1412.81,14.62,21.61,552.06,2388.2,9044.98,1.3,47.79,520.19,2388.21,8117.33,8.5031,0.03,394,2388,100.0,38.6,23.1167,30
37,141,-0.0021,0.0005,100.0,518.67,643.68,1597.93,1417.61,14.62,21.61,552.45,2388.21,9045.22,1.3,47.82,520.61,2388.23,8118.12,8.4424,0.03,393,2388,100.0,38.6,23.1697,29
37,142,-0.0042,0.0001,100.0,518.67,642.97,1590.14,1417.74,14.62,21.61,552.17,2388.25,9051.32,1.3,47.97,520.58,2388.21,8122.55,8.4766,0.03,396,2388,100.0,38.79,23.0342,28
37,143,-0.0012,-0.0003,100.0,518.67,643.26,1592.18,1415.23,14.62,21.61,551.69,2388.26,9039.19,1.3,47.68,520.32,2388.19,8118.64,8.4889,0.03,395,2388,100.0,38.53,23.0669,27
37,144,0.0003,0.0002,100.0,518.67,643.22,1597.41,1420.38,14.62,21.61,552.4,2388.21,9035.99,1.3,47.9,520.35,2388.23,8122.41,8.4535,0.03,394,2388,100.0,38.78,23.1909,26
37,145,0.0009,-0.0003,100.0,518.67,643.21,1599.99,1420.81,14.62,21.61,552.38,2388.23,9034.8,1.3,47.73,520.33,2388.29,8116.26,8.4624,0.03,395,2388,100.0,38.54,23.0806,25
37,146,-0.0001,-0.0005,100.0,518.67,643.3,1597.96,1427.11,14.62,21.61,552.07,2388.23,9037.37,1.3,48.12,520.21,2388.23,8117.2,8.4845,0.03,394,2388,100.0,38.73,23.2275,24
37,147,0.0023,0.0001,100.0,518.67,643.01,1594.42,1417.51,14.62,21.61,552.52,2388.21,9047.75,1.3,47.83,520.53,2388.25,8120.98,8.4406,0.03,395,2388,100.0,38.59,23.15,23
37,148,-0.0036,-0.0002,100.0,518.67,642.96,1596.76,1419.79,14.62,21.61,551.87,2388.26,9035.26,1.3,47.9,520.19,2388.25,8116.2,8.4762,0.03,395,2388,100.0,38.54,23.129,22
37,149,0.0019,-0.0001,100.0,518.67,643.24,1596.37,1424.04,14.62,21.61,552.3,2388.23,9045.68,1.3,47.85,520.52,2388.28,8123.38,8.5196,0.03,394,2388,100.0,38.46,23.1588,21
37,150,0.0001,-0.0004,100.0,518.67,643.29,1599.33,1422.3,14.62,21.61,551.24,2388.23,9040.85,1.3,48.14,520.67,2388.28,8119.98,8.4517,0.03,395,2388,100.0,38.69,23.2262,20
37,151,0.0002,0.0001,100.0,518.67,643.2,1594.26,1416.13,14.62,21.61,552.02,2388.28,9046.24,1.3,47.78,520.44,2388.21,8122.61,8.4954,0.03,396,2388,100.0,38.5,23.0952,19
37,152,0.0004,0.0003,100.0,518.67,643.02,1601.18,1427.34,14.62,21.61,551.45,2388.28,9045.45,1.3,48.09,520.0,2388.19,8120.55,8.5061,0.03,393,2388,100.0,38.5,23.1117,18
37,153,-0.0007,-0.0003,100.0,518.67,643.44,1597.64,1424.47,14.62,21.61,552.65,2388.16,9043.85,1.3,48.22,520.13,2388.24,8121.13,8.4952,0.03,394,2388,100.0,38.57,23.2405,17
37,154,0.0018,-0.0001,100.0,518.67,643.21,1595.54,1417.42,14.62,21.61,552.13,2388.29,9047.64,1.3,48.0,520.18,2388.19,8118.81,8.5111,0.03,394,2388,100.0,38.47,23.1735,16
37,155,0.0037,0.0003,100.0,518.67,643.65,1594.14,1418.74,14.62,21.61,551.34,2388.29,9044.04,1.3,48.23,519.62,2388.23,8119.13,8.5114,0.03,395,2388,100.0,38.52,23.1268,15
37,156,0.0018,0.0002,100.0,518.67,643.58,1598.74,1421.92,14.62,21.61,552.11,2388.23,9034.19,1.3,48.09,519.61,2388.22,8118.12,8.4991,0.03,394,2388,100.0,38.56,23.0869,14
37,157,0.0021,-0.0003,100.0,518.67,643.43,1595.5,1419.62,14.62,21.61,552.31,2388.28,9047.43,1.3,47.94,520.06,2388.3,8118.79,8.5312,0.03,397,2388,100.0,38.53,23.1102,13
37,158,-0.0017,-0.0001,100.0,518.67,643.56,1596.53,1427.85,14.62,21.61,551.94,2388.17,9052.44,1.3,48.02,520.08,2388.24,8118.75,8.461,0.03,394,2388,100.0,38.5,23.0803,12
37,159,-0.0002,-0.0002,100.0,518.67,643.46,1597.3,1423.41,14.62,21.61,552.19,2388.28,9042.14,1.3,48.11,519.98,2388.3,8123.97,8.4995,0.03,395,2388,100.0,38.72,23.0551,11
37,160,0.0004,-0.0001,100.0,518.67,643.77,1592.67,1424.75,14.62,21.61,551.44,2388.21,9042.94,1.3,47.9,520.46,2388.28,8116.59,8.4973,0.03,394,2388,100.0,38.53,23.1719,10
37,161,-0.0022,-0.0004,100.0,518.67,643.65,1593.88,1426.97,14.62,21.61,551.14,2388.3,9042.71,1.3,48.02,519.91,2388.31,8114.51,8.4895,0.03,396,2388,100.0,38.51,23.0457,9
37,162,0.0037,-0.0004,100.0,518.67,643.65,1601.93,1422.98,14.62,21.61,551.78,2388.22,9038.84,1.3,48.06,520.2,2388.22,8109.05,8.5263,0.03,397,2388,100.0,38.64,23.0703,8
37,163,-0.001,0.0001,100.0,518.67,643.65,1602.86,1419.81,14.62,21.61,550.42,2388.26,9029.11,1.3,47.96,520.14,2388.26,8115.17,8.5042,0.03,396,2388,100.0,38.42,23.1404,7
37,164,-0.0024,0.0001,100.0,518.67,643.86,1603.81,1428.52,14.62,21.61,551.93,2388.26,9035.29,1.3,48.08,519.24,2388.31,8120.99,8.5206,0.03,396,2388,100.0,38.36,23.1513,6
37,165,-0.0019,-0.0003,100.0,518.67,643.53,1603.75,1427.53,14.62,21.61,551.97,2388.33,9036.86,1.3,48.16,519.34,2388.26,8117.11,8.4813,0.03,396,2388,100.0,38.4,23.0925,5
37,166,-0.0006,-0.0001,100.0,518.67,642.96,1596.19,1429.56,14.62,21.61,552.02,2388.28,9043.72,1.3,48.18,520.2,2388.33,8113.98,8.5092,0.03,396,2388,100.0,38.4,22.9895,4
37,167,-0.001,0.0001,100.0,518.67,643.82,1607.34,1428.05,14.62,21.61,551.9,2388.26,9042.51,1.3,47.99,519.7,2388.37,8120.42,8.5406,0.03,395,2388,100.0,38.38,22.985,3
37,168,-0.0005,0.0,100.0,518.67,643.95,1599.55,1428.01,14.62,21.61,551.52,2388.32,9039.08,1.3,48.13,519.34,2388.37,8117.61,8.4846,0.03,395,2388,100.0,38.41,23.1322,2
37,169,-0.002,0.0001,100.0,518.67,643.61,1598.41,1428.01,14.62,21.61,551.44,2388.24,9034.99,1.3,48.14,519.51,2388.29,8113.76,8.5367,0.03,397,2388,100.0,38.53,23.058,1
37,170,0.0024,-0.0005,100.0,518.67,643.85,1603.36,1425.87,14.62,21.61,551.28,2388.29,9038.73,1.3,48.4,519.15,2388.27,8116.79,8.5559,0.03,396,2388,100.0,38.37,23.1615,0
38,1,-0.0011,-0.0004,100.0,518.67,642.25,1589.3,1409.25,14.62,21.61,553.83,2388.03,9050.25,1.3,47.49,521.34,2388.1,8122.88,8.4875,0.03,393,2388,100.0,38.95,23.2628,193
38,2,-0.0009,-0.0002,100.0,518.67,642.42,1586.56,1402.84,14.62,21.61,554.13,2388.12,9044.49,1.3,47.34,521.6,2388.11,8129.18,8.4099,0.03,393,2388,100.0,38.9,23.3776,192
38,3,0.0024,-0.0,100.0,518.67,643.33,1593.66,1404.94,14.62,21.61,553.88,2388.1,9052.82,1.3,47.43,521.51,2388.15,8131.6,8.4434,0.03,393,2388,100.0,38.96,23.3164,191
38,4,0.001,0.0001,100.0,518.67,642.93,1590.03,1408.01,14.62,21.61,553.77,2388.1,9048.51,1.3,47.49,521.78,2388.1,8126.54,8.4255,0.03,392,2388,100.0,38.73,23.3894,190
38,5,-0.0051,-0.0004,100.0,518.67,642.69,1587.7,1412.24,14.62,21.61,553.37,2388.14,9043.0,1.3,47.36,521.65,2388.09,8127.32,8.4261,0.03,392,2388,100.0,38.64,23.4375,189
38,6,0.0018,0.0003,100.0,518.67,642.88,1589.93,1411.93,14.62,21.61,553.05,2388.07,9041.16,1.3,47.41,521.56,2388.07,8125.95,8.4314,0.03,393,2388,100.0,38.86,23.3884,188
38,7,0.0037,0.0003,100.0,518.67,642.65,1589.61,1406.36,14.62,21.61,553.6,2388.12,9050.33,1.3,47.47,521.39,2388.09,8132.4,8.3881,0.03,393,2388,100.0,39.01,23.2315,187
38,8,-0.0032,-0.0004,100.0,518.67,642.23,1585.79,1412.36,14.62,21.61,554.19,2388.18,9055.89,1.3,47.5,521.38,2388.11,8128.1,8.4701,0.03,393,2388,100.0,38.8,23.377,186
38,9,-0.0003,-0.0002,100.0,518.67,642.16,1587.54,1406.74,14.62,21.61,554.03,2388.17,9042.8,1.3,47.62,521.96,2388.09,8126.31,8.44,0.03,392,2388,100.0,39.06,23.2893,185
38,10,-0.0002,0.0003,100.0,518.67,643.0,1589.58,1410.93,14.62,21.61,553.06,2388.13,9049.31,1.3,47.42,521.15,2388.14,8128.41,8.4132,0.03,393,2388,100.0,38.8,23.336,184
38,11,0.0016,0.0002,100.0,518.67,642.12,1589.44,1410.93,14.62,21.61,553.22,2388.12,9051.73,1.3,47.39,522.0,2388.12,8127.28,8.451,0.03,392,2388,100.0,38.91,23.1972,183
38,12,0.0005,0.0003,100.0,518.67,643.24,1588.18,1414.47,14.62,21.61,552.34,2388.19,9050.25,1.3,47.61,521.42,2388.17,8127.49,8.4685,0.03,393,2388,100.0,38.84,23.3892,182
38,13,-0.0016,-0.0001,100.0,518.67,642.81,1590.28,1412.48,14.62,21.61,554.03,2388.11,9040.79,1.3,47.63,521.61,2388.12,8124.02,8.42,0.03,392,2388,100.0,38.72,23.3364,181
38,14,0.0014,-0.0003,100.0,518.67,642.41,1587.56,1403.03,14.62,21.61,553.58,2388.12,9055.77,1.3,47.45,521.24,2388.18,8134.02,8.4495,0.03,391,2388,100.0,38.69,23.273,180
38,15,0.0006,-0.0001,100.0,518.67,642.44,1594.9,1412.99,14.62,21.61,553.54,2388.12,9049.56,1.3,47.63,521.92,2388.11,8131.18,8.4579,0.03,391,2388,100.0,38.72,23.3186,179
38,16,0.0029,0.0001,100.0,518.67,642.64,1582.04,1412.53,14.62,21.61,554.33,2388.17,9049.28,1.3,47.44,521.32,2388.13,8132.15,8.4355,0.03,392,2388,100.0,38.8,23.3469,178
38,17,-0.0021,-0.0001,100.0,518.67,642.34,1587.03,1400.59,14.62,21.61,553.75,2388.13,9059.38,1.3,47.34,521.59,2388.07,8120.81,8.4204,0.03,393,2388,100.0,38.81,23.3542,177
38,18,-0.0018,-0.0001,100.0,518.67,643.02,1585.7,1410.65,14.62,21.61,552.92,2388.11,9042.39,1.3,47.23,521.86,2388.12,8122.48,8.4608,0.03,393,2388,100.0,38.87,23.3424,176
38,19,-0.0025,0.0002,100.0,518.67,642.84,1596.47,1412.33,14.62,21.61,553.91,2388.1,9048.0,1.3,47.49,521.3,2388.08,8125.9,8.4467,0.03,394,2388,100.0,38.89,23.2625,175
38,20,-0.0002,-0.0004,100.0,518.67,642.13,1593.09,1406.41,14.62,21.61,553.42,2388.06,9044.05,1.3,47.43,521.05,2388.11,8129.12,8.4439,0.03,393,2388,100.0,38.84,23.3772,174
38,21,0.0003,-0.0004,100.0,518.67,642.24,1594.31,1400.38,14.62,21.61,553.05,2388.16,9046.44,1.3,47.48,521.58,2388.07,8133.51,8.4597,0.03,393,2388,100.0,38.74,23.4,173
38,22,0.0005,-0.0002,100.0,518.67,642.09,1587.18,1421.1,14.62,21.61,553.46,2388.17,9054.54,1.3,47.65,521.03,2388.1,8124.67,8.4423,0.03,393,2388,100.0,38.8,23.2618,172
38,23,0.0009,-0.0,100.0,518.67,642.26,1584.89,1408.2,14.62,21.61,554.03,2388.08,9047.9,1.3,47.57,520.85,2388.09,8127.6,8.4606,0.03,392,2388,100.0,38.86,23.3257,171
38,24,-0.0005,-0.0,100.0,518.67,642.39,1586.82,1409.61,14.62,21.61,553.22,2388.15,9047.66,1.3,47.5,521.62,2388.13,8126.7,8.4447,0.03,392,2388,100.0,38.88,23.2764,170
38,25,0.0005,-0.0005,100.0,518.67,642.63,1581.1,1407.94,14.62,21.61,553.43,2388.15,9038.89,1.3,47.45,521.23,2388.11,8125.09,8.4474,0.03,394,2388,100.0,38.9,23.2561,169
38,26,-0.0023,0.0001,100.0,518.67,643.14,1595.06,1403.16,14.62,21.61,552.5,2388.21,9044.37,1.3,47.53,521.47,2388.11,8128.4,8.4306,0.03,394,2388,100.0,38.93,23.3049,168
38,27,0.0006,0.0,100.0,518.67,642.46,1591.91,1401.65,14.62,21.61,553.74,2388.09,9054.55,1.3,47.72,521.74,2388.1,8128.15,8.4221,0.03,394,2388,100.0,38.88,23.2469,167
38,28,0.0009,-0.0001,100.0,518.67,642.43,1592.08,1412.18,14.62,21.61,553.75,2388.09,9049.94,1.3,47.52,521.76,2388.12,8127.77,8.4695,0.03,394,2388,100.0,38.88,23.403,166
38,29,0.0009,-0.0002,100.0,518.67,642.64,1586.68,1407.41,14.62,21.61,553.89,2388.11,9048.03,1.3,47.51,521.43,2388.08,8128.6,8.4529,0.03,394,2388,100.0,39.03,23.258,165
38,30,0.0023,0.0,100.0,518.67,642.44,1589.07,1407.62,14.62,21.61,553.31,2388.15,9051.79,1.3,47.52,521.27,2388.08,8123.99,8.4439,0.03,394,2388,100.0,38.81,23.3986,164
38,31,0.0007,0.0004,100.0,518.67,642.84,1589.54,1409.44,14.62,21.61,553.3,2388.13,9053.52,1.3,47.4,521.68,2388.11,8126.69,8.4045,0.03,394,2388,100.0,38.74,23.3012,163
38,32,-0.0015,0.0003,100.0,518.67,643.16,1587.08,1395.47,14.62,21.61,553.38,2388.09,9052.24,1.3,47.49,521.05,2388.11,8130.56,8.4401,0.03,393,2388,100.0,38.78,23.2933,162
38,33,0.0009,-0.0,100.0,518.67,642.67,1587.12,1412.4,14.62,21.61,554.02,2388.11,9040.54,1.3,47.57,521.27,2388.1,8125.02,8.4201,0.03,392,2388,100.0,38.87,23.3629,161
38,34,0.0014,-0.0,100.0,518.67,642.28,1589.41,1405.96,14.62,21.61,553.71,2388.11,9048.04,1.3,47.56,520.74,2388.15,8124.49,8.4116,0.03,391,2388,100.0,38.83,23.3505,160
38,35,0.0024,0.0002,100.0,518.67,641.88,1583.35,1408.37,14.62,21.61,553.15,2388.13,9044.18,1.3,47.52,521.58,2388.08,8129.72,8.4148,0.03,392,2388,100.0,38.86,23.3355,159
38,36,0.0033,-0.0003,100.0,518.67,642.91,1595.17,1399.64,14.62,21.61,553.46,2388.08,9052.31,1.3,47.47,521.04,2388.08,8127.66,8.4389,0.03,393,2388,100.0,38.84,23.3631,158
38,37,0.0005,-0.0003,100.0,518.67,642.66,1592.21,1407.84,14.62,21.61,553.53,2388.08,9049.85,1.3,47.38,521.94,2388.1,8134.08,8.4513,0.03,393,2388,100.0,38.8,23.2601,157
38,38,-0.0009,0.0003,100.0,518.67,642.96,1588.21,1405.72,14.62,21.61,552.98,2388.12,9046.59,1.3,47.57,520.87,2388.15,8128.51,8.4593,0.03,394,2388,100.0,38.93,23.3728,156
38,39,0.0011,0.0002,100.0,518.67,642.6,1582.37,1409.37,14.62,21.61,553.32,2388.11,9048.57,1.3,47.49,521.59,2388.09,8131.75,8.4424,0.03,393,2388,100.0,38.77,23.2768,155
38,40,0.0034,0.0004,100.0,518.67,642.77,1591.33,1409.21,14.62,21.61,553.48,2388.14,9047.07,1.3,47.49,521.7,2388.08,8130.22,8.4092,0.03,393,2388,100.0,38.92,23.298,154
38,41,-0.005,-0.0004,100.0,518.67,642.56,1590.95,1410.36,14.62,21.61,553.32,2388.09,9049.8,1.3,47.6,521.23,2388.1,8134.27,8.4142,0.03,391,2388,100.0,38.98,23.2736,153
38,42,0.0021,-0.0003,100.0,518.67,642.66,1589.06,1414.37,14.62,21.61,553.82,2388.06,9054.45,1.3,47.54,521.89,2388.12,8130.74,8.4274,0.03,393,2388,100.0,38.85,23.3433,152
38,43,-0.0005,-0.0005,100.0,518.67,642.84,1586.78,1412.06,14.62,21.61,553.76,2388.1,9052.16,1.3,47.56,521.42,2388.16,8128.0,8.4451,0.03,393,2388,100.0,38.75,23.392,151
38,44,0.0005,-0.0003,100.0,518.67,642.72,1582.54,1398.19,14.62,21.61,553.77,2388.12,9043.14,1.3,47.6,521.53,2388.06,8130.07,8.4283,0.03,393,2388,100.0,39.11,23.2875,150
38,45,-0.0018,-0.0,100.0,518.67,642.3,1590.58,1407.52,14.62,21.61,552.92,2388.14,9051.31,1.3,47.63,521.54,2388.09,8131.43,8.4291,0.03,394,2388,100.0,38.91,23.2259,149
38,46,-0.0034,0.0004,100.0,518.67,642.82,1588.4,1409.1,14.62,21.61,553.25,2388.09,9053.6,1.3,47.66,521.62,2388.09,8127.34,8.4032,0.03,392,2388,100.0,38.88,23.3197,148
38,47,0.0014,0.0002,100.0,518.67,642.64,1589.48,1407.74,14.62,21.61,553.15,2388.19,9045.17,1.3,47.53,521.37,2388.08,8132.59,8.4375,0.03,394,2388,100.0,38.75,23.2922,147
38,48,0.0027,0.0003,100.0,518.67,642.49,1595.8,1406.74,14.62,21.61,553.71,2388.13,9050.68,1.3,47.47,521.77,2388.07,8128.78,8.4737,0.03,393,2388,100.0,38.81,23.3485,146
38,49,-0.0034,0.0003,100.0,518.67,642.91,1586.08,1409.42,14.62,21.61,552.92,2388.15,9048.79,1.3,47.58,521.61,2388.23,8138.43,8.4611,0.03,392,2388,100.0,38.72,23.3256,145
38,50,0.0006,-0.0001,100.0,518.67,642.08,1592.84,1413.28,14.62,21.61,553.0,2388.13,9049.69,1.3,47.67,521.05,2388.16,8125.51,8.4427,0.03,393,2388,100.0,38.72,23.2577,144
38,51,-0.0017,-0.0004,100.0,518.67,642.64,1588.2,1406.63,14.62,21.61,553.4,2388.13,9049.88,1.3,47.63,521.42,2388.09,8132.1,8.4644,0.03,393,2388,100.0,38.83,23.2531,143
38,52,0.0008,0.0004,100.0,518.67,643.0,1585.87,1407.94,14.62,21.61,553.88,2388.11,9045.83,1.3,47.66,521.63,2388.09,8130.58,8.4534,0.03,393,2388,100.0,38.75,23.282,142
38,53,-0.0033,-0.0,100.0,518.67,643.04,1590.97,1404.66,14.62,21.61,553.46,2388.07,9048.27,1.3,47.56,521.45,2388.05,8133.78,8.4331,0.03,394,2388,100.0,38.98,23.3775,141
38,54,0.0022,0.0001,100.0,518.67,642.16,1588.87,1405.83,14.62,21.61,553.24,2388.07,9046.0,1.3,47.47,521.04,2388.11,8132.83,8.4302,0.03,394,2388,100.0,38.79,23.3762,140
38,55,0.0016,-0.0,100.0,518.67,643.13,1584.03,1409.16,14.62,21.61,553.24,2388.09,9045.14,1.3,47.47,521.94,2388.06,8133.28,8.4132,0.03,394,2388,100.0,38.79,23.4527,139
38,56,-0.0013,-0.0003,100.0,518.67,642.48,1592.67,1406.19,14.62,21.61,554.12,2388.13,9048.66,1.3,47.46,521.07,2388.07,8130.13,8.4266,0.03,392,2388,100.0,38.77,23.3474,138
38,57,-0.0006,0.0003,100.0,518.67,643.35,1589.08,1404.46,14.62,21.61,552.72,2388.11,9051.49,1.3,47.61,521.56,2388.1,8132.28,8.4704,0.03,393,2388,100.0,38.99,23.2358,137
38,58,0.0002,0.0005,100.0,518.67,642.84,1604.36,1409.41,14.62,21.61,553.57,2388.12,9044.66,1.3,47.48,521.41,2388.12,8136.2,8.4278,0.03,392,2388,100.0,38.86,23.3168,136
38,59,0.0018,0.0003,100.0,518.67,642.8,1588.15,1401.74,14.62,21.61,553.69,2388.1,9048.43,1.3,47.52,521.58,2388.09,8129.44,8.434,0.03,394,2388,100.0,38.84,23.3378,135
38,60,-0.0011,-0.0005,100.0,518.67,643.35,1596.09,1411.57,14.62,21.61,552.43,2388.09,9050.54,1.3,47.53,520.99,2388.08,8128.79,8.4346,0.03,394,2388,100.0,38.95,23.3436,134
38,61,0.0019,-0.0001,100.0,518.67,642.23,1591.98,1405.75,14.62,21.61,553.54,2388.13,9044.1,1.3,47.45,521.26,2388.13,8131.22,8.4254,0.03,392,2388,100.0,38.91,23.2271,133
38,62,-0.0021,-0.0,100.0,518.67,642.8,1588.81,1405.14,14.62,21.61,553.02,2388.07,9046.04,1.3,47.5,521.93,2388.11,8139.8,8.4306,0.03,392,2388,100.0,38.61,23.4048,132
38,63,-0.0044,-0.0001,100.0,518.67,642.44,1585.8,1409.6,14.62,21.61,553.04,2388.09,9044.17,1.3,47.62,522.0,2388.11,8128.73,8.4407,0.03,393,2388,100.0,38.87,23.2797,131
38,64,0.0018,0.0002,100.0,518.67,642.88,1592.13,1404.47,14.62,21.61,553.61,2388.13,9049.28,1.3,47.4,521.09,2388.1,8127.36,8.4284,0.03,393,2388,100.0,38.85,23.3077,130
38,65,0.002,0.0003,100.0,518.67,642.89,1600.54,1405.82,14.62,21.61,553.21,2388.14,9057.21,1.3,47.32,522.06,2388.11,8129.97,8.4409,0.03,392,2388,100.0,38.78,23.258,129
38,66,-0.0,0.0001,100.0,518.67,642.54,1592.63,1411.24,14.62,21.61,553.38,2388.14,9045.52,1.3,47.54,521.56,2388.04,8130.73,8.453,0.03,394,2388,100.0,38.75,23.277,128
38,67,0.0018,-0.0002,100.0,518.67,642.0,1599.84,1403.88,14.62,21.61,552.56,2388.06,9051.3,1.3,47.46,521.51,2388.08,8131.73,8.4125,0.03,393,2388,100.0,38.7,23.3579,127
38,68,-0.0006,-0.0003,100.0,518.67,642.72,1591.46,1404.84,14.62,21.61,552.79,2388.1,9053.15,1.3,47.53,521.77,2388.15,8129.3,8.434,0.03,393,2388,100.0,38.82,23.2709,126
38,69,0.0007,0.0002,100.0,518.67,643.01,1591.1,1413.15,14.62,21.61,552.86,2388.06,9052.33,1.3,47.61,521.05,2388.1,8127.57,8.4475,0.03,394,2388,100.0,39.08,23.3611,125
38,70,-0.0014,0.0,100.0,518.67,642.52,1592.06,1404.53,14.62,21.61,553.26,2388.08,9048.6,1.3,47.51,521.34,2388.13,8129.38,8.4578,0.03,394,2388,100.0,38.71,23.3773,124
38,71,-0.0043,-0.0001,100.0,518.67,642.9,1585.93,1398.16,14.62,21.61,553.74,2388.06,9046.19,1.3,47.5,521.52,2388.1,8130.29,8.4671,0.03,393,2388,100.0,38.95,23.2984,123
38,72,0.0005,0.0004,100.0,518.67,643.14,1594.27,1409.37,14.62,21.61,553.2,2388.11,9050.92,1.3,47.56,521.55,2388.13,8134.6,8.449,0.03,391,2388,100.0,38.93,23.4225,122
38,73,0.0006,-0.0003,100.0,518.67,642.76,1591.18,1406.75,14.62,21.61,553.52,2388.14,9046.5,1.3,47.53,521.42,2388.11,8133.22,8.4207,0.03,392,2388,100.0,38.9,23.3453,121
38,74,-0.0008,0.0004,100.0,518.67,642.45,1585.85,1408.38,14.62,21.61,553.33,2388.14,9052.98,1.3,47.56,520.98,2388.11,8136.69,8.4526,0.03,394,2388,100.0,38.8,23.139,120
38,75,0.0003,-0.0001,100.0,518.67,642.93,1588.53,1403.69,14.62,21.61,553.42,2388.11,9053.05,1.3,47.47,521.46,2388.09,8130.5,8.4354,0.03,393,2388,100.0,38.61,23.3062,119
38,76,0.0002,0.0004,100.0,518.67,642.53,1584.43,1408.84,14.62,21.61,552.65,2388.09,9055.66,1.3,47.52,521.72,2388.17,8128.11,8.486,0.03,393,2388,100.0,38.89,23.1985,118
38,77,-0.0007,-0.0,100.0,518.67,642.65,1589.27,1407.19,14.62,21.61,553.43,2388.11,9059.39,1.3,47.67,521.67,2388.09,8134.22,8.4709,0.03,393,2388,100.0,38.71,23.2104,117
38,78,-0.0034,-0.0002,100.0,518.67,642.65,1593.05,1406.31,14.62,21.61,553.19,2388.16,9053.75,1.3,47.61,521.35,2388.09,8134.78,8.4401,0.03,393,2388,100.0,38.89,23.2875,116
38,79,-0.0025,-0.0005,100.0,518.67,643.06,1590.31,1414.25,14.62,21.61,553.37,2388.13,9061.03,1.3,47.57,521.53,2388.13,8130.15,8.4293,0.03,392,2388,100.0,38.8,23.2711,115
38,80,-0.0004,0.0001,100.0,518.67,642.22,1589.19,1406.79,14.62,21.61,553.44,2388.13,9048.79,1.3,47.47,521.47,2388.18,8129.17,8.4272,0.03,394,2388,100.0,38.8,23.2825,114
38,81,0.0026,-0.0002,100.0,518.67,643.31,1589.78,1409.91,14.62,21.61,553.62,2388.09,9050.71,1.3,47.43,521.38,2388.12,8129.01,8.408,0.03,394,2388,100.0,38.94,23.2134,113
38,82,-0.0004,-0.0003,100.0,518.67,642.24,1586.66,1404.55,14.62,21.61,554.38,2388.09,9050.44,1.3,47.5,521.09,2388.11,8132.27,8.4409,0.03,392,2388,100.0,38.81,23.267,112
38,83,0.0006,-0.0005,100.0,518.67,642.21,1584.46,1410.64,14.62,21.61,553.27,2388.11,9046.38,1.3,47.5,520.94,2388.12,8131.1,8.4539,0.03,395,2388,100.0,38.75,23.3345,111
38,84,0.0008,-0.0002,100.0,518.67,642.67,1597.0,1408.25,14.62,21.61,553.49,2388.16,9055.6,1.3,47.48,521.02,2388.15,8133.24,8.4147,0.03,393,2388,100.0,38.84,23.2865,110
38,85,-0.0014,-0.0002,100.0,518.67,642.99,1589.45,1405.64,14.62,21.61,553.07,2388.13,9054.8,1.3,47.42,521.5,2388.05,8136.87,8.4305,0.03,395,2388,100.0,38.69,23.2868,109
38,86,0.0016,-0.0004,100.0,518.67,643.23,1584.84,1407.81,14.62,21.61,552.76,2388.1,9057.41,1.3,47.57,521.2,2388.1,8133.92,8.4246,0.03,393,2388,100.0,38.73,23.2219,108
38,87,0.0012,-0.0004,100.0,518.67,643.01,1588.51,1412.47,14.62,21.61,553.45,2388.1,9052.04,1.3,47.48,521.67,2388.09,8134.44,8.4228,0.03,392,2388,100.0,38.93,23.4679,107
38,88,-0.0005,0.0002,100.0,518.67,643.14,1594.67,1413.3,14.62,21.61,553.24,2388.13,9055.47,1.3,47.47,521.43,2388.09,8128.89,8.4358,0.03,394,2388,100.0,38.9,23.4242,106
38,89,-0.0027,-0.0002,100.0,518.67,642.43,1589.96,1406.46,14.62,21.61,553.2,2388.12,9047.94,1.3,47.61,521.46,2388.11,8124.19,8.4655,0.03,393,2388,100.0,38.84,23.2803,105
38,90,-0.0018,-0.0003,100.0,518.67,642.48,1589.25,1399.51,14.62,21.61,553.48,2388.13,9053.09,1.3,47.6,521.43,2388.08,8140.2,8.417,0.03,393,2388,100.0,38.65,23.2607,104
38,91,0.0028,-0.0,100.0,518.67,642.19,1589.17,1411.22,14.62,21.61,553.5,2388.16,9045.49,1.3,47.57,521.75,2388.06,8129.41,8.4449,0.03,394,2388,100.0,38.92,23.3045,103
38,92,0.0013,0.0,100.0,518.67,642.52,1592.64,1405.69,14.62,21.61,552.88,2388.09,9050.17,1.3,47.44,521.75,2388.08,8137.89,8.4834,0.03,394,2388,100.0,38.9,23.2929,102
38,93,-0.0036,-0.0004,100.0,518.67,642.89,1591.07,1409.64,14.62,21.61,553.7,2388.09,9055.18,1.3,47.58,521.42,2388.14,8140.62,8.444,0.03,393,2388,100.0,38.86,23.3233,101
38,94,0.0014,-0.0001,100.0,518.67,642.77,1586.61,1407.9,14.62,21.61,553.26,2388.09,9058.64,1.3,47.48,521.43,2388.16,8134.56,8.4604,0.03,394,2388,100.0,38.73,23.3036,100
38,95,0.0023,-0.0001,100.0,518.67,642.9,1594.15,1411.2,14.62,21.61,552.59,2388.15,9048.54,1.3,47.58,521.23,2388.12,8135.74,8.4576,0.03,393,2388,100.0,38.8,23.3051,99
38,96,0.0043,-0.0001,100.0,518.67,642.94,1588.48,1406.95,14.62,21.61,553.8,2388.09,9050.17,1.3,47.69,521.82,2388.11,8132.57,8.4416,0.03,393,2388,100.0,38.85,23.2399,98
38,97,-0.0038,-0.0,100.0,518.67,642.51,1587.39,1403.5,14.62,21.61,553.25,2388.09,9058.95,1.3,47.52,521.07,2388.1,8134.28,8.4496,0.03,393,2388,100.0,38.62,23.2162,97
38,98,-0.0016,0.0003,100.0,518.67,642.77,1591.31,1405.71,14.62,21.61,552.78,2388.14,9051.96,1.3,47.66,521.51,2388.12,8134.57,8.4537,0.03,393,2388,100.0,38.77,23.1696,96
38,99,-0.0032,-0.0002,100.0,518.67,642.73,1597.89,1412.09,14.62,21.61,553.62,2388.13,9050.81,1.3,47.69,520.95,2388.11,8136.21,8.4478,0.03,394,2388,100.0,38.81,23.1952,95
38,100,0.0006,-0.0004,100.0,518.67,642.91,1587.0,1412.3,14.62,21.61,553.61,2388.11,9052.84,1.3,47.63,520.79,2388.1,8141.58,8.4179,0.03,393,2388,100.0,38.87,23.2959,94
38,101,0.0016,-0.0001,100.0,518.67,642.86,1596.66,1408.13,14.62,21.61,553.39,2388.07,9056.77,1.3,47.51,521.74,2388.15,8131.2,8.5014,0.03,393,2388,100.0,38.96,23.273,93
38,102,0.0017,0.0002,100.0,518.67,642.61,1590.32,1408.52,14.62,21.61,553.38,2388.04,9057.72,1.3,47.49,521.81,2388.14,8138.34,8.4131,0.03,394,2388,100.0,38.68,23.3957,92
38,103,-0.0015,0.0001,100.0,518.67,642.71,1594.07,1414.99,14.62,21.61,552.96,2388.11,9051.45,1.3,47.68,521.36,2388.13,8134.93,8.4754,0.03,394,2388,100.0,38.75,23.2851,91
38,104,0.0011,0.0005,100.0,518.67,643.17,1583.23,1412.96,14.62,21.61,553.53,2388.18,9051.35,1.3,47.58,521.39,2388.14,8134.53,8.4759,0.03,393,2388,100.0,38.66,23.3439,90
38,105,-0.0031,-0.0001,100.0,518.67,642.96,1592.03,1418.3,14.62,21.61,552.63,2388.14,9050.9,1.3,47.73,521.5,2388.1,8131.47,8.4694,0.03,395,2388,100.0,38.82,23.1592,89
38,106,-0.0015,0.0003,100.0,518.67,642.17,1591.61,1402.58,14.62,21.61,553.44,2388.15,9065.48,1.3,47.52,520.76,2388.14,8133.04,8.4322,0.03,395,2388,100.0,38.9,23.2814,88
38,107,-0.0011,0.0,100.0,518.67,643.22,1588.06,1418.64,14.62,21.61,553.9,2388.09,9058.94,1.3,47.6,521.55,2388.12,8138.99,8.4236,0.03,394,2388,100.0,38.96,23.2589,87
38,108,0.0038,-0.0004,100.0,518.67,642.36,1590.23,1415.08,14.62,21.61,552.81,2388.15,9049.71,1.3,47.43,521.45,2388.11,8132.38,8.4217,0.03,393,2388,100.0,39.04,23.2318,86
38,109,0.0005,-0.0001,100.0,518.67,642.82,1589.7,1410.0,14.62,21.61,552.91,2388.13,9060.74,1.3,47.45,521.31,2388.15,8142.74,8.4575,0.03,393,2388,100.0,38.88,23.3238,85
38,110,-0.0013,-0.0,100.0,518.67,642.21,1592.95,1412.21,14.62,21.61,553.94,2388.1,9054.39,1.3,47.54,521.28,2388.07,8136.53,8.4225,0.03,394,2388,100.0,38.82,23.3953,84
38,111,0.0072,-0.0002,100.0,518.67,643.14,1589.98,1409.05,14.62,21.61,553.83,2388.11,9060.58,1.3,47.65,520.93,2388.06,8135.06,8.477,0.03,394,2388,100.0,38.81,23.3629,83
38,112,-0.0041,-0.0003,100.0,518.67,642.96,1595.07,1403.47,14.62,21.61,553.91,2388.0,9060.44,1.3,47.7,520.73,2388.13,8142.72,8.4597,0.03,393,2388,100.0,38.67,23.2571,82
38,113,-0.0029,-0.0004,100.0,518.67,642.56,1591.98,1399.48,14.62,21.61,553.46,2388.11,9065.56,1.3,47.52,521.37,2388.15,8135.39,8.4368,0.03,392,2388,100.0,38.94,23.2581,81
38,114,0.0037,0.0002,100.0,518.67,642.94,1592.81,1410.77,14.62,21.61,552.64,2388.07,9064.07,1.3,47.5,521.44,2388.14,8140.5,8.4587,0.03,393,2388,100.0,38.7,23.3256,80
38,115,0.0024,0.0005,100.0,518.67,643.28,1582.88,1408.63,14.62,21.61,553.3,2388.13,9061.74,1.3,47.68,521.36,2388.12,8143.66,8.4597,0.03,393,2388,100.0,38.81,23.3281,79
38,116,0.0013,0.0001,100.0,518.67,642.74,1584.78,1408.38,14.62,21.61,553.25,2388.12,9066.29,1.3,47.59,521.32,2388.07,8142.25,8.4317,0.03,394,2388,100.0,38.6,23.26,78
38,117,0.0017,-0.0003,100.0,518.67,642.25,1592.93,1403.03,14.62,21.61,553.16,2388.08,9064.91,1.3,47.59,521.52,2388.1,8135.06,8.4929,0.03,393,2388,100.0,38.58,23.2607,77
38,118,0.0008,-0.0001,100.0,518.67,642.26,1585.67,1421.01,14.62,21.61,553.09,2388.07,9056.48,1.3,47.54,520.83,2388.13,8140.87,8.4514,0.03,393,2388,100.0,38.76,23.1766,76
38,119,-0.0001,0.0003,100.0,518.67,643.27,1585.15,1410.51,14.62,21.61,552.96,2388.06,9063.89,1.3,47.73,520.48,2388.09,8141.55,8.4492,0.03,394,2388,100.0,38.72,23.247,75
38,120,-0.0012,0.0004,100.0,518.67,642.79,1595.13,1409.18,14.62,21.61,553.13,2388.05,9061.28,1.3,47.65,521.2,2388.14,8143.57,8.4324,0.03,394,2388,100.0,38.97,23.2083,74
38,121,0.0007,-0.0004,100.0,518.67,643.19,1590.55,1411.28,14.62,21.61,553.36,2388.11,9062.95,1.3,47.61,520.92,2388.16,8137.96,8.4777,0.03,393,2388,100.0,38.82,23.2822,73
38,122,-0.0004,0.0001,100.0,518.67,642.37,1587.66,1407.04,14.62,21.61,553.12,2388.1,9058.88,1.3,47.62,521.42,2388.14,8142.22,8.4301,0.03,393,2388,100.0,38.78,23.184,72
38,123,0.0004,0.0001,100.0,518.67,642.6,1594.37,1418.21,14.62,21.61,553.03,2388.11,9063.18,1.3,47.61,521.27,2388.12,8138.84,8.437,0.03,392,2388,100.0,38.91,23.3147,71
38,124,0.0029,-0.0003,100.0,518.67,642.56,1590.51,1409.86,14.62,21.61,553.45,2388.12,9061.42,1.3,47.55,520.62,2388.13,8142.55,8.4648,0.03,394,2388,100.0,38.74,23.3418,70
38,125,-0.0005,-0.0004,100.0,518.67,642.82,1589.36,1408.79,14.62,21.61,553.53,2388.11,9062.92,1.3,47.53,521.34,2388.18,8149.17,8.4326,0.03,393,2388,100.0,38.79,23.3474,69
38,126,0.0031,-0.0003,100.0,518.67,643.36,1598.07,1410.26,14.62,21.61,552.96,2388.09,9063.96,1.3,47.66,521.07,2388.13,8143.02,8.4716,0.03,393,2388,100.0,38.86,23.241,68
38,127,-0.0,0.0001,100.0,518.67,642.64,1596.74,1412.05,14.62,21.61,553.01,2388.14,9072.52,1.3,47.51,521.64,2388.14,8147.61,8.4477,0.03,395,2388,100.0,38.87,23.21,67
38,128,0.0018,-0.0005,100.0,518.67,643.06,1585.61,1412.8,14.62,21.61,553.75,2388.1,9063.04,1.3,47.73,521.09,2388.13,8148.45,8.501,0.03,393,2388,100.0,38.87,23.3607,66
38,129,-0.0031,-0.0004,100.0,518.67,642.52,1592.15,1417.85,14.62,21.61,553.69,2388.14,9062.08,1.3,47.65,521.84,2388.07,8143.13,8.4769,0.03,394,2388,100.0,38.63,23.3353,65
38,130,0.0007,-0.0001,100.0,518.67,642.51,1593.14,1408.32,14.62,21.61,552.74,2388.08,9066.51,1.3,47.62,520.91,2388.1,8146.28,8.4658,0.03,394,2388,100.0,38.67,23.223,64
38,131,0.003,0.0003,100.0,518.67,643.24,1592.74,1414.99,14.62,21.61,553.19,2388.03,9073.05,1.3,47.67,521.18,2388.14,8144.93,8.376,0.03,393,2388,100.0,38.69,23.2411,63
38,132,0.0005,0.0003,100.0,518.67,643.14,1597.58,1413.44,14.62,21.61,553.31,2388.12,9061.77,1.3,47.67,521.33,2388.09,8145.39,8.4351,0.03,394,2388,100.0,38.74,23.2767,62
38,133,-0.0011,-0.0,100.0,518.67,642.88,1593.02,1418.87,14.62,21.61,553.12,2388.11,9068.07,1.3,47.55,520.83,2388.13,8142.7,8.4723,0.03,394,2388,100.0,38.74,23.317,61
38,134,-0.0009,-0.0003,100.0,518.67,643.08,1587.14,1410.15,14.62,21.61,553.06,2388.09,9073.51,1.3,47.42,521.03,2388.11,8146.25,8.4417,0.03,394,2388,100.0,38.67,23.1283,60
38,135,0.0026,-0.0005,100.0,518.67,643.07,1597.93,1409.71,14.62,21.61,552.76,2388.06,9070.14,1.3,47.54,520.83,2388.16,8147.27,8.4442,0.03,393,2388,100.0,38.5,23.2582,59
38,136,0.0016,-0.0003,100.0,518.67,642.63,1596.09,1412.75,14.62,21.61,553.74,2388.09,9067.47,1.3,47.79,521.34,2388.16,8145.56,8.4788,0.03,395,2388,100.0,38.78,23.1958,58
38,137,0.0016,0.0003,100.0,518.67,642.63,1595.19,1405.32,14.62,21.61,552.45,2388.13,9072.92,1.3,47.76,520.85,2388.11,8148.95,8.4326,0.03,394,2388,100.0,38.73,23.3127,57
38,138,-0.0028,-0.0005,100.0,518.67,643.16,1586.84,1411.02,14.62,21.61,552.84,2388.19,9073.25,1.3,47.79,520.89,2388.07,8149.19,8.471,0.03,396,2388,100.0,38.66,23.3063,56
38,139,-0.0009,-0.0,100.0,518.67,642.55,1594.27,1415.12,14.62,21.61,553.19,2388.11,9073.27,1.3,47.73,521.22,2388.14,8144.58,8.4876,0.03,393,2388,100.0,38.74,23.258,55
38,140,0.0018,-0.0003,100.0,518.67,642.62,1587.43,1412.93,14.62,21.61,553.07,2388.11,9072.17,1.3,47.67,521.03,2388.15,8154.91,8.4612,0.03,395,2388,100.0,38.66,23.1983,54
38,141,0.003,0.0004,100.0,518.67,643.28,1591.59,1407.34,14.62,21.61,553.18,2388.09,9065.46,1.3,47.69,521.22,2388.07,8153.29,8.4582,0.03,394,2388,100.0,38.56,23.1826,53
38,142,-0.0004,-0.0004,100.0,518.67,643.16,1596.77,1416.99,14.62,21.61,552.43,2388.09,9070.89,1.3,47.49,520.5,2388.15,8150.65,8.4575,0.03,394,2388,100.0,38.64,23.2017,52
38,143,-0.0013,-0.0003,100.0,518.67,642.5,1600.87,1421.51,14.62,21.61,552.02,2388.06,9071.38,1.3,47.72,521.29,2388.1,8150.53,8.5339,0.03,394,2388,100.0,38.67,23.1425,51
38,144,0.0019,0.0003,100.0,518.67,642.75,1591.26,1411.79,14.62,21.61,553.38,2388.13,9087.03,1.3,47.64,520.94,2388.05,8149.48,8.409,0.03,394,2388,100.0,38.81,23.2951,50
38,145,0.0036,-0.0005,100.0,518.67,643.36,1591.29,1412.79,14.62,21.61,552.78,2388.16,9081.27,1.3,47.85,520.97,2388.06,8149.53,8.4581,0.03,396,2388,100.0,38.56,23.1519,49
38,146,0.0004,-0.0004,100.0,518.67,643.38,1600.91,1414.32,14.62,21.61,552.59,2388.14,9077.4,1.3,47.66,520.46,2388.09,8155.16,8.4594,0.03,395,2388,100.0,38.58,23.2027,48
38,147,-0.0056,-0.0003,100.0,518.67,643.59,1604.7,1415.64,14.62,21.61,553.08,2388.06,9078.85,1.3,47.75,520.97,2388.11,8156.53,8.4496,0.03,395,2388,100.0,38.55,23.2296,47
38,148,0.0014,0.0004,100.0,518.67,643.11,1598.43,1422.18,14.62,21.61,553.2,2388.09,9075.98,1.3,47.81,521.04,2388.12,8154.22,8.4512,0.03,395,2388,100.0,38.73,23.2717,46
38,149,-0.0013,-0.0004,100.0,518.67,643.24,1592.16,1416.73,14.62,21.61,552.5,2388.1,9081.19,1.3,47.77,520.66,2388.06,8148.69,8.4655,0.03,393,2388,100.0,38.78,23.2089,45
38,150,0.0022,0.0002,100.0,518.67,642.24,1600.0,1416.68,14.62,21.61,552.81,2388.1,9076.96,1.3,47.88,521.06,2388.1,8154.4,8.4436,0.03,395,2388,100.0,38.69,23.2033,44
38,151,-0.0001,-0.0002,100.0,518.67,642.95,1594.61,1417.77,14.62,21.61,552.47,2388.1,9078.0,1.3,47.65,520.82,2388.12,8156.01,8.4636,0.03,396,2388,100.0,38.53,23.2487,43
38,152,-0.0005,0.0002,100.0,518.67,642.84,1597.48,1420.25,14.62,21.61,552.17,2388.09,9081.12,1.3,47.8,520.61,2388.15,8156.97,8.4824,0.03,395,2388,100.0,38.7,23.2834,42
38,153,0.0002,0.0001,100.0,518.67,642.84,1604.77,1418.01,14.62,21.61,552.75,2388.11,9079.53,1.3,47.62,520.49,2388.13,8163.14,8.4716,0.03,394,2388,100.0,38.76,23.1457,41
38,154,-0.0003,0.0002,100.0,518.67,643.17,1589.94,1418.38,14.62,21.61,552.61,2388.11,9085.08,1.3,47.86,520.89,2388.12,8159.1,8.4564,0.03,394,2388,100.0,38.66,23.161,40
38,155,-0.0036,0.0002,100.0,518.67,643.49,1596.46,1417.73,14.62,21.61,551.98,2388.12,9091.65,1.3,47.84,520.02,2388.12,8162.99,8.4955,0.03,395,2388,100.0,38.88,23.225,39
38,156,0.0033,-0.0004,100.0,518.67,643.47,1603.73,1412.15,14.62,21.61,552.47,2388.09,9090.04,1.3,47.75,520.48,2388.11,8168.49,8.4484,0.03,396,2388,100.0,38.66,23.2177,38
38,157,-0.0,0.0001,100.0,518.67,642.94,1592.51,1413.71,14.62,21.61,552.37,2388.12,9089.33,1.3,47.59,520.82,2388.12,8163.71,8.4668,0.03,395,2388,100.0,38.54,23.1024,37
38,158,0.0004,-0.0004,100.0,518.67,643.0,1593.39,1419.62,14.62,21.61,553.63,2388.14,9088.02,1.3,47.84,520.7,2388.09,8163.05,8.467,0.03,396,2388,100.0,38.56,23.1527,36
38,159,-0.0008,-0.0002,100.0,518.67,642.96,1594.29,1416.71,14.62,21.61,552.87,2388.08,9092.19,1.3,47.73,520.57,2388.08,8164.52,8.4571,0.03,394,2388,100.0,38.52,23.0857,35
38,160,-0.0023,0.0,100.0,518.67,642.84,1586.99,1419.87,14.62,21.61,552.28,2388.1,9091.77,1.3,47.9,520.49,2388.14,8164.76,8.4687,0.03,393,2388,100.0,38.7,23.1869,34
38,161,0.0019,-0.0,100.0,518.67,643.27,1604.36,1419.95,14.62,21.61,552.61,2388.08,9092.28,1.3,47.67,520.82,2388.1,8160.21,8.443,0.03,394,2388,100.0,38.48,23.2537,33
38,162,0.0015,0.0002,100.0,518.67,643.42,1592.85,1415.36,14.62,21.61,552.41,2388.1,9097.62,1.3,47.84,520.36,2388.15,8162.43,8.4816,0.03,395,2388,100.0,38.67,23.217,32
38,163,-0.0005,-0.0003,100.0,518.67,643.06,1591.02,1424.59,14.62,21.61,552.84,2388.15,9096.95,1.3,47.7,520.32,2388.08,8167.53,8.4599,0.03,395,2388,100.0,38.68,23.2453,31
38,164,-0.0026,0.0003,100.0,518.67,643.07,1593.36,1419.41,14.62,21.61,553.32,2388.14,9093.04,1.3,47.73,520.97,2388.14,8167.33,8.4802,0.03,395,2388,100.0,38.61,23.1382,30
38,165,-0.0021,-0.0004,100.0,518.67,643.2,1599.33,1412.85,14.62,21.61,552.49,2388.2,9097.67,1.3,47.83,520.85,2388.19,8171.47,8.4999,0.03,395,2388,100.0,38.69,23.1216,29
38,166,-0.0041,-0.0003,100.0,518.67,643.76,1600.07,1416.44,14.62,21.61,552.86,2388.15,9103.63,1.3,47.81,520.4,2388.13,8169.41,8.4959,0.03,394,2388,100.0,38.75,23.1031,28
38,167,0.0006,0.0001,100.0,518.67,643.09,1590.66,1419.83,14.62,21.61,552.77,2388.12,9100.11,1.3,47.89,519.91,2388.11,8177.36,8.4796,0.03,394,2388,100.0,38.8,23.1763,27
38,168,0.0008,-0.0003,100.0,518.67,643.04,1593.17,1423.66,14.62,21.61,552.25,2388.13,9100.65,1.3,47.91,520.68,2388.14,8174.16,8.4942,0.03,396,2388,100.0,38.48,23.14,26
38,169,-0.0028,-0.0004,100.0,518.67,642.93,1601.55,1419.62,14.62,21.61,552.63,2388.11,9110.4,1.3,47.83,520.43,2388.08,8178.52,8.5071,0.03,395,2388,100.0,38.57,23.0668,25
38,170,0.0023,-0.0002,100.0,518.67,642.65,1604.55,1415.21,14.62,21.61,552.04,2388.17,9108.25,1.3,47.94,520.76,2388.09,8177.78,8.5047,0.03,395,2388,100.0,38.58,23.2694,24
38,171,0.0038,0.0,100.0,518.67,643.45,1594.43,1422.14,14.62,21.61,552.76,2388.13,9100.84,1.3,47.82,520.92,2388.11,8183.26,8.4793,0.03,395,2388,100.0,38.72,23.1439,23
38,172,-0.0006,-0.0005,100.0,518.67,643.02,1597.33,1424.64,14.62,21.61,552.24,2388.1,9107.26,1.3,47.91,521.09,2388.15,8182.07,8.4902,0.03,394,2388,100.0,38.62,23.0322,22
38,173,-0.0003,-0.0003,100.0,518.67,643.22,1605.01,1418.63,14.62,21.61,552.21,2388.12,9107.88,1.3,47.99,521.04,2388.1,8175.27,8.4761,0.03,396,2388,100.0,38.59,23.1237,21
38,174,0.0012,0.0002,100.0,518.67,643.24,1599.67,1430.24,14.62,21.61,551.96,2388.17,9114.33,1.3,48.08,521.19,2388.14,8179.55,8.4668,0.03,397,2388,100.0,38.59,23.0522,20
38,175,0.0002,-0.0003,100.0,518.67,643.35,1592.64,1418.61,14.62,21.61,552.18,2388.15,9112.85,1.3,47.76,520.41,2388.15,8181.32,8.4891,0.03,396,2388,100.0,38.55,23.1113,19
38,176,0.0001,-0.0,100.0,518.67,643.15,1597.64,1421.22,14.62,21.61,552.26,2388.14,9110.23,1.3,48.05,519.97,2388.15,8183.81,8.5131,0.03,396,2388,100.0,38.46,23.1801,18
38,177,0.0007,-0.0003,100.0,518.67,643.35,1602.44,1423.77,14.62,21.61,552.47,2388.11,9123.54,1.3,47.88,521.1,2388.1,8184.52,8.5014,0.03,396,2388,100.0,38.76,23.0744,17
38,178,-0.0004,0.0004,100.0,518.67,643.82,1600.23,1421.11,14.62,21.61,551.37,2388.15,9120.81,1.3,47.84,520.32,2388.15,8194.0,8.5243,0.03,395,2388,100.0,38.57,23.2017,16
38,179,0.0039,0.0004,100.0,518.67,643.55,1594.33,1426.04,14.62,21.61,552.33,2388.21,9114.94,1.3,48.09,520.66,2388.18,8189.38,8.5002,0.03,396,2388,100.0,38.42,23.2328,15
38,180,0.0013,0.0003,100.0,518.67,643.4,1594.51,1425.28,14.62,21.61,551.06,2388.11,9126.3,1.3,47.82,520.51,2388.16,8195.5,8.4679,0.03,395,2388,100.0,38.74,23.1098,14
38,181,0.0,-0.0004,100.0,518.67,643.57,1591.28,1416.64,14.62,21.61,551.84,2388.15,9126.0,1.3,47.93,520.86,2388.14,8195.45,8.5004,0.03,395,2388,100.0,38.56,23.1342,13
38,182,0.0013,-0.0,100.0,518.67,643.56,1603.5,1422.16,14.62,21.61,552.46,2388.13,9129.92,1.3,48.01,520.7,2388.18,8197.67,8.5204,0.03,394,2388,100.0,38.56,23.1349,12
38,183,-0.0016,-0.0002,100.0,518.67,642.83,1590.86,1420.58,14.62,21.61,551.81,2388.17,9132.15,1.3,47.87,520.28,2388.2,8199.11,8.517,0.03,394,2388,100.0,38.49,23.1141,11
38,184,-0.0017,0.0002,100.0,518.67,642.96,1597.06,1423.57,14.62,21.61,551.89,2388.08,9133.05,1.3,47.94,520.61,2388.18,8199.19,8.4795,0.03,396,2388,100.0,38.46,23.0831,10
38,185,-0.0015,-0.0,100.0,518.67,643.58,1598.91,1429.47,14.62,21.61,551.37,2388.18,9139.16,1.3,48.04,520.76,2388.14,8191.04,8.5422,0.03,397,2388,100.0,38.36,23.0453,9
38,186,-0.0031,-0.0002,100.0,518.67,643.58,1597.97,1425.29,14.62,21.61,551.75,2388.14,9134.14,1.3,47.88,520.39,2388.16,8196.38,8.474,0.03,396,2388,100.0,38.56,23.1217,8
38,187,0.0005,0.0001,100.0,518.67,643.52,1606.12,1432.11,14.62,21.61,552.39,2388.18,9134.76,1.3,48.14,519.91,2388.18,8206.67,8.481,0.03,397,2388,100.0,38.66,23.0874,7
38,188,-0.0005,-0.0003,100.0,518.67,643.33,1598.92,1425.12,14.62,21.61,551.75,2388.12,9141.02,1.3,47.99,519.77,2388.19,8204.76,8.5051,0.03,396,2388,100.0,38.67,23.052,6
38,189,0.0047,0.0001,100.0,518.67,643.92,1602.98,1429.18,14.62,21.61,551.55,2388.18,9147.53,1.3,48.11,520.44,2388.14,8210.99,8.5033,0.03,396,2388,100.0,38.49,23.0723,5
38,190,0.0015,0.0002,100.0,518.67,643.97,1601.42,1435.51,14.62,21.61,551.08,2388.19,9146.3,1.3,48.12,519.92,2388.22,8218.72,8.5201,0.03,396,2388,100.0,38.4,23.0671,4
38,191,0.0007,-0.0004,100.0,518.67,643.13,1604.78,1428.62,14.62,21.61,552.75,2388.11,9150.36,1.3,47.97,519.2,2388.19,8221.84,8.5265,0.03,395,2388,100.0,38.48,23.0973,3
38,192,0.0014,0.0002,100.0,518.67,643.65,1602.43,1430.7,14.62,21.61,551.56,2388.17,9150.13,1.3,48.08,519.17,2388.19,8225.24,8.542,0.03,398,2388,100.0,38.5,23.0961,2
38,193,0.0032,-0.0004,100.0,518.67,643.45,1604.46,1429.92,14.62,21.61,551.5,2388.21,9157.23,1.3,47.98,519.79,2388.16,8219.84,8.5484,0.03,397,2388,100.0,38.53,22.9884,1
38,194,-0.0017,0.0004,100.0,518.67,643.95,1606.9,1426.16,14.62,21.61,551.67,2388.26,9156.77,1.3,48.52,520.07,2388.16,8217.94,8.5574,0.03,397,2388,100.0,38.35,23.001,0
39,1,-0.0004,-0.0002,100.0,518.67,642.72,1592.37,1410.0,14.62,21.61,552.82,2388.12,9043.49,1.3,47.64,521.78,2388.1,8133.27,8.4451,0.03,392,2388,100.0,38.9,23.2947,127
39,2,-0.0062,0.0002,100.0,518.67,642.61,1586.25,1407.99,14.62,21.61,553.25,2388.1,9049.07,1.3,47.6,521.56,2388.1,8126.0,8.4279,0.03,395,2388,100.0,38.82,23.4604,126
39,3,0.0007,-0.0,100.0,518.67,642.26,1586.25,1407.48,14.62,21.61,552.9,2388.13,9040.05,1.3,47.56,522.15,2388.07,8123.32,8.4143,0.03,394,2388,100.0,38.73,23.2669,125
39,4,-0.0039,0.0005,100.0,518.67,642.46,1587.9,1405.23,14.62,21.61,553.55,2388.12,9053.54,1.3,47.4,521.83,2388.13,8123.19,8.4599,0.03,394,2388,100.0,38.82,23.3789,124
39,5,0.0039,0.0002,100.0,518.67,642.31,1587.08,1408.78,14.62,21.61,553.4,2388.1,9044.92,1.3,47.5,521.76,2388.07,8125.88,8.4607,0.03,394,2388,100.0,38.73,23.3338,123
39,6,0.0001,-0.0003,100.0,518.67,642.6,1592.86,1405.05,14.62,21.61,552.84,2388.11,9039.07,1.3,47.64,521.37,2388.16,8124.36,8.4492,0.03,392,2388,100.0,38.98,23.3029,122
39,7,-0.0,0.0001,100.0,518.67,642.65,1596.39,1406.06,14.62,21.61,553.55,2388.09,9044.9,1.3,47.58,521.68,2388.12,8131.4,8.4691,0.03,394,2388,100.0,38.91,23.2378,121
39,8,-0.0001,0.0005,100.0,518.67,643.4,1592.81,1403.31,14.62,21.61,552.95,2388.11,9043.71,1.3,47.35,521.55,2388.12,8128.05,8.4023,0.03,393,2388,100.0,38.8,23.3534,120
39,9,0.003,0.0001,100.0,518.67,642.13,1592.98,1406.26,14.62,21.61,553.43,2388.13,9051.36,1.3,47.69,521.81,2388.1,8124.23,8.4383,0.03,392,2388,100.0,38.84,23.2386,119
39,10,0.0,0.0001,100.0,518.67,642.43,1590.41,1402.45,14.62,21.61,552.58,2388.07,9038.89,1.3,47.49,521.23,2388.1,8123.05,8.4152,0.03,392,2388,100.0,38.97,23.2466,118
39,11,-0.0027,-0.0003,100.0,518.67,642.76,1588.85,1409.87,14.62,21.61,553.31,2388.12,9043.65,1.3,47.42,521.2,2388.11,8126.79,8.4319,0.03,392,2388,100.0,38.87,23.3439,117
39,12,0.0029,0.0004,100.0,518.67,642.53,1585.95,1415.5,14.62,21.61,553.46,2388.15,9051.08,1.3,47.47,521.54,2388.12,8130.6,8.451,0.03,394,2388,100.0,38.73,23.29,116
39,13,0.0026,0.0004,100.0,518.67,642.98,1585.78,1402.06,14.62,21.61,553.77,2388.11,9046.51,1.3,47.41,521.49,2388.12,8129.55,8.479,0.03,395,2388,100.0,38.89,23.1604,115
39,14,-0.0073,-0.0003,100.0,518.67,643.09,1592.43,1413.83,14.62,21.61,553.38,2388.14,9049.83,1.3,47.47,521.62,2388.08,8125.62,8.4756,0.03,391,2388,100.0,38.88,23.432,114
39,15,-0.002,-0.0001,100.0,518.67,642.68,1595.97,1402.86,14.62,21.61,553.59,2388.14,9051.1,1.3,47.45,521.24,2388.09,8122.07,8.4487,0.03,393,2388,100.0,39.05,23.3769,113
39,16,0.0002,0.0001,100.0,518.67,643.0,1591.13,1407.21,14.62,21.61,553.49,2388.14,9042.79,1.3,47.59,521.75,2388.12,8128.67,8.4166,0.03,392,2388,100.0,38.82,23.4289,112
39,17,-0.0014,-0.0003,100.0,518.67,642.46,1584.58,1412.54,14.62,21.61,553.3,2388.09,9054.07,1.3,47.58,521.23,2388.1,8122.1,8.4542,0.03,392,2388,100.0,38.77,23.2967,111
39,18,-0.0018,0.0005,100.0,518.67,642.77,1586.47,1405.7,14.62,21.61,553.87,2388.1,9037.09,1.3,47.51,520.85,2388.12,8121.13,8.3977,0.03,391,2388,100.0,38.98,23.3503,110
39,19,0.0039,0.0,100.0,518.67,642.73,1592.2,1405.95,14.62,21.61,553.41,2388.2,9047.52,1.3,47.43,521.95,2388.07,8126.61,8.447,0.03,391,2388,100.0,38.89,23.3198,109
39,20,0.0022,0.0002,100.0,518.67,642.85,1590.91,1404.46,14.62,21.61,553.32,2388.11,9042.38,1.3,47.52,521.46,2388.14,8125.37,8.4275,0.03,393,2388,100.0,38.86,23.3369,108
39,21,0.0008,0.0004,100.0,518.67,642.79,1595.16,1410.79,14.62,21.61,553.41,2388.1,9050.09,1.3,47.57,521.59,2388.12,8128.82,8.4434,0.03,393,2388,100.0,39.0,23.31,107
39,22,0.0032,0.0003,100.0,518.67,642.13,1582.68,1413.57,14.62,21.61,553.24,2388.11,9041.18,1.3,47.6,521.34,2388.12,8128.84,8.4461,0.03,393,2388,100.0,39.05,23.2936,106
39,23,-0.0006,-0.0001,100.0,518.67,642.55,1589.03,1411.81,14.62,21.61,552.95,2388.09,9050.15,1.3,47.47,521.07,2388.14,8128.39,8.4301,0.03,392,2388,100.0,38.99,23.4627,105
39,24,0.0002,0.0001,100.0,518.67,642.03,1591.94,1403.83,14.62,21.61,553.21,2388.11,9051.44,1.3,47.47,521.41,2388.09,8129.0,8.4525,0.03,392,2388,100.0,38.89,23.264,104
39,25,0.0019,0.0001,100.0,518.67,642.73,1587.03,1412.02,14.62,21.61,553.42,2388.16,9045.81,1.3,47.36,521.28,2388.11,8133.03,8.4262,0.03,393,2388,100.0,38.82,23.3324,103
39,26,0.0007,-0.0003,100.0,518.67,641.85,1590.95,1415.05,14.62,21.61,553.37,2388.16,9042.54,1.3,47.38,520.94,2388.11,8121.84,8.4703,0.03,394,2388,100.0,38.8,23.2967,102
39,27,0.0008,-0.0,100.0,518.67,642.88,1595.83,1412.91,14.62,21.61,552.75,2388.13,9044.45,1.3,47.54,521.91,2388.18,8123.65,8.4644,0.03,394,2388,100.0,38.8,23.2626,101
39,28,-0.0001,-0.0004,100.0,518.67,642.54,1595.34,1408.73,14.62,21.61,553.5,2388.11,9042.99,1.3,47.42,521.58,2388.12,8127.75,8.3966,0.03,395,2388,100.0,38.85,23.1975,100
39,29,-0.0,0.0004,100.0,518.67,642.74,1586.9,1407.22,14.62,21.61,553.9,2388.14,9049.22,1.3,47.47,521.69,2388.11,8128.76,8.4475,0.03,392,2388,100.0,38.59,23.2849,99
39,30,-0.0006,0.0001,100.0,518.67,642.95,1592.19,1411.79,14.62,21.61,553.56,2388.08,9037.95,1.3,47.55,520.96,2388.17,8124.6,8.4164,0.03,394,2388,100.0,38.79,23.3179,98
39,31,0.0008,0.0003,100.0,518.67,642.53,1588.21,1405.8,14.62,21.61,553.31,2388.1,9044.96,1.3,47.56,520.95,2388.19,8121.37,8.4548,0.03,391,2388,100.0,38.89,23.2977,97
39,32,-0.0005,0.0004,100.0,518.67,642.92,1587.21,1398.77,14.62,21.61,553.6,2388.12,9054.29,1.3,47.51,521.26,2388.09,8131.83,8.4109,0.03,393,2388,100.0,38.73,23.1936,96
39,33,-0.0004,0.0,100.0,518.67,642.94,1585.95,1410.36,14.62,21.61,553.02,2388.15,9041.83,1.3,47.67,521.46,2388.14,8122.05,8.4105,0.03,393,2388,100.0,38.78,23.2472,95
39,34,-0.0016,0.0004,100.0,518.67,642.63,1592.9,1408.57,14.62,21.61,553.5,2388.1,9043.23,1.3,47.65,521.19,2388.14,8129.02,8.4651,0.03,392,2388,100.0,38.83,23.2467,94
39,35,0.0012,-0.0001,100.0,518.67,642.7,1594.01,1406.85,14.62,21.61,553.73,2388.16,9044.02,1.3,47.63,521.12,2388.12,8119.21,8.3988,0.03,393,2388,100.0,38.8,23.3009,93
39,36,-0.0009,0.0003,100.0,518.67,642.91,1583.59,1413.11,14.62,21.61,553.59,2388.1,9050.55,1.3,47.46,521.87,2388.08,8125.89,8.4201,0.03,394,2388,100.0,38.55,23.2627,92
39,37,0.0027,-0.0001,100.0,518.67,642.21,1590.96,1405.47,14.62,21.61,553.02,2388.08,9044.65,1.3,47.65,520.97,2388.17,8123.78,8.4264,0.03,393,2388,100.0,38.76,23.2761,91
39,38,-0.0004,0.0004,100.0,518.67,642.71,1591.42,1410.03,14.62,21.61,552.74,2388.13,9046.52,1.3,47.76,521.33,2388.15,8132.22,8.4474,0.03,392,2388,100.0,38.78,23.3095,90
39,39,0.001,0.0,100.0,518.67,642.72,1588.11,1404.33,14.62,21.61,553.22,2388.13,9047.31,1.3,47.41,521.24,2388.13,8129.65,8.4302,0.03,392,2388,100.0,38.73,23.2919,89
39,40,0.0026,0.0,100.0,518.67,642.83,1589.27,1407.81,14.62,21.61,552.63,2388.1,9041.85,1.3,47.75,521.4,2388.12,8126.82,8.4198,0.03,394,2388,100.0,38.77,23.3176,88
39,41,-0.001,0.0001,100.0,518.67,642.76,1592.32,1404.03,14.62,21.61,553.88,2388.15,9044.33,1.3,47.46,521.55,2388.16,8125.09,8.4205,0.03,394,2388,100.0,38.94,23.2372,87
39,42,-0.0004,0.0,100.0,518.67,642.47,1590.93,1414.16,14.62,21.61,553.14,2388.1,9040.58,1.3,47.58,521.28,2388.17,8122.91,8.4503,0.03,393,2388,100.0,38.84,23.238,86
39,43,0.0009,0.0005,100.0,518.67,643.11,1594.15,1413.13,14.62,21.61,552.94,2388.15,9050.67,1.3,47.44,521.23,2388.11,8128.86,8.4358,0.03,395,2388,100.0,38.85,23.3339,85
39,44,0.0008,-0.0004,100.0,518.67,643.34,1593.9,1414.35,14.62,21.61,553.29,2388.1,9037.2,1.3,47.54,521.14,2388.14,8127.92,8.4415,0.03,394,2388,100.0,38.76,23.3393,84
39,45,0.003,-0.0001,100.0,518.67,643.39,1588.25,1411.81,14.62,21.61,553.94,2388.08,9050.08,1.3,47.59,521.23,2388.17,8126.17,8.4584,0.03,393,2388,100.0,38.94,23.3357,83
39,46,-0.0029,-0.0004,100.0,518.67,642.56,1588.53,1411.79,14.62,21.61,553.04,2388.15,9046.93,1.3,47.47,521.4,2388.09,8123.21,8.4787,0.03,394,2388,100.0,38.62,23.3359,82
39,47,0.0014,0.0002,100.0,518.67,642.76,1584.28,1414.16,14.62,21.61,553.03,2388.14,9047.9,1.3,47.6,521.1,2388.14,8127.14,8.4361,0.03,394,2388,100.0,38.7,23.2567,81
39,48,0.0013,0.0005,100.0,518.67,643.25,1589.47,1408.86,14.62,21.61,553.81,2388.11,9043.29,1.3,47.49,521.2,2388.18,8123.37,8.4396,0.03,394,2388,100.0,38.75,23.1738,80
39,49,-0.0028,0.0005,100.0,518.67,642.66,1591.59,1408.56,14.62,21.61,552.85,2388.09,9046.05,1.3,47.38,521.55,2388.15,8127.1,8.4195,0.03,393,2388,100.0,38.73,23.2049,79
39,50,-0.0029,0.0002,100.0,518.67,643.36,1583.21,1415.61,14.62,21.61,553.38,2388.12,9043.58,1.3,47.61,521.27,2388.14,8127.44,8.4446,0.03,394,2388,100.0,38.92,23.3538,78
39,51,-0.0014,-0.0003,100.0,518.67,642.8,1597.39,1408.4,14.62,21.61,553.27,2388.1,9044.73,1.3,47.48,521.6,2388.11,8122.71,8.4462,0.03,395,2388,100.0,38.65,23.1438,77
39,52,-0.0013,-0.0003,100.0,518.67,642.02,1583.74,1406.88,14.62,21.61,553.35,2388.05,9042.89,1.3,47.46,521.13,2388.16,8131.41,8.4857,0.03,393,2388,100.0,38.87,23.2734,76
39,53,0.0026,-0.0004,100.0,518.67,642.38,1589.71,1402.11,14.62,21.61,553.09,2388.11,9046.64,1.3,47.5,521.58,2388.16,8124.33,8.4634,0.03,393,2388,100.0,38.79,23.3081,75
39,54,0.0004,-0.0004,100.0,518.67,642.63,1590.54,1412.68,14.62,21.61,552.97,2388.12,9044.24,1.3,47.63,520.86,2388.16,8124.15,8.4307,0.03,394,2388,100.0,39.0,23.3524,74
39,55,-0.0006,0.0003,100.0,518.67,642.77,1592.77,1407.2,14.62,21.61,553.97,2388.12,9047.56,1.3,47.57,521.04,2388.16,8127.46,8.4488,0.03,394,2388,100.0,38.73,23.2892,73
39,56,-0.0,0.0002,100.0,518.67,642.96,1588.39,1414.37,14.62,21.61,552.26,2388.16,9039.91,1.3,47.68,520.8,2388.19,8124.11,8.4358,0.03,394,2388,100.0,38.82,23.2573,72
39,57,-0.001,0.0005,100.0,518.67,642.71,1591.09,1409.3,14.62,21.61,552.92,2388.12,9043.9,1.3,47.67,521.58,2388.12,8123.31,8.4282,0.03,394,2388,100.0,38.73,23.2617,71
39,58,-0.0006,0.0005,100.0,518.67,642.84,1589.72,1406.84,14.62,21.61,552.84,2388.12,9044.64,1.3,47.64,521.76,2388.19,8127.25,8.4291,0.03,394,2388,100.0,38.69,23.3291,70
39,59,0.0005,0.0004,100.0,518.67,643.17,1593.03,1413.46,14.62,21.61,552.92,2388.1,9038.48,1.3,47.51,521.29,2388.08,8125.01,8.4413,0.03,393,2388,100.0,38.79,23.2923,69
39,60,-0.002,0.0002,100.0,518.67,642.96,1587.9,1410.06,14.62,21.61,553.43,2388.16,9047.66,1.3,47.64,521.52,2388.15,8130.65,8.4583,0.03,394,2388,100.0,38.93,23.2868,68
39,61,-0.0004,-0.0001,100.0,518.67,643.32,1602.39,1407.5,14.62,21.61,552.88,2388.08,9038.81,1.3,47.53,521.4,2388.19,8126.56,8.4675,0.03,393,2388,100.0,38.78,23.1802,67
39,62,0.0011,0.0002,100.0,518.67,642.85,1585.81,1407.29,14.62,21.61,553.33,2388.11,9039.36,1.3,47.7,521.39,2388.11,8126.03,8.4584,0.03,392,2388,100.0,38.79,23.2451,66
39,63,0.002,0.0001,100.0,518.67,642.96,1596.67,1410.53,14.62,21.61,554.05,2388.18,9038.93,1.3,47.7,521.4,2388.1,8120.77,8.442,0.03,395,2388,100.0,38.82,23.2033,65
39,64,0.0024,0.0004,100.0,518.67,642.51,1585.11,1407.61,14.62,21.61,553.0,2388.12,9051.36,1.3,47.61,521.2,2388.17,8126.89,8.4751,0.03,393,2388,100.0,38.88,23.3147,64
39,65,-0.0017,0.0002,100.0,518.67,642.8,1594.73,1415.16,14.62,21.61,553.53,2388.16,9041.59,1.3,47.63,521.01,2388.12,8128.29,8.4408,0.03,394,2388,100.0,38.95,23.2279,63
39,66,0.0009,-0.0002,100.0,518.67,642.41,1588.58,1416.51,14.62,21.61,552.05,2388.19,9044.87,1.3,47.64,520.86,2388.17,8123.97,8.4487,0.03,394,2388,100.0,38.82,23.2377,62
39,67,0.001,-0.0004,100.0,518.67,642.9,1593.03,1417.61,14.62,21.61,553.0,2388.17,9043.38,1.3,47.6,520.99,2388.16,8121.58,8.4318,0.03,393,2388,100.0,38.68,23.2522,61
39,68,-0.0007,0.0006,100.0,518.67,642.88,1590.92,1414.87,14.62,21.61,552.32,2388.19,9045.37,1.3,47.64,521.23,2388.13,8124.62,8.4839,0.03,395,2388,100.0,38.87,23.3279,60
39,69,0.0038,0.0003,100.0,518.67,643.44,1591.99,1419.44,14.62,21.61,554.09,2388.13,9046.42,1.3,47.79,520.98,2388.19,8125.76,8.4731,0.03,393,2388,100.0,38.55,23.2801,59
39,70,0.0028,0.0006,100.0,518.67,643.0,1587.58,1412.73,14.62,21.61,552.67,2388.17,9037.93,1.3,47.77,521.59,2388.14,8119.94,8.4643,0.03,394,2388,100.0,38.79,23.294,58
39,71,-0.0011,-0.0003,100.0,518.67,642.52,1595.32,1407.47,14.62,21.61,552.97,2388.09,9041.01,1.3,47.56,520.65,2388.16,8122.5,8.438,0.03,393,2388,100.0,38.66,23.2692,57
39,72,-0.0009,-0.0,100.0,518.67,642.95,1580.98,1408.48,14.62,21.61,552.66,2388.13,9039.2,1.3,47.72,520.8,2388.13,8126.94,8.4516,0.03,393,2388,100.0,38.72,23.2538,56
39,73,-0.0,0.0003,100.0,518.67,642.86,1599.87,1413.97,14.62,21.61,553.2,2388.12,9045.31,1.3,47.57,521.04,2388.18,8126.01,8.4717,0.03,394,2388,100.0,38.89,23.1381,55
39,74,0.0002,0.0005,100.0,518.67,642.27,1593.26,1411.48,14.62,21.61,553.43,2388.2,9044.84,1.3,47.46,521.38,2388.12,8125.68,8.4619,0.03,396,2388,100.0,38.94,23.2831,54
39,75,0.0024,0.0003,100.0,518.67,643.1,1590.47,1416.06,14.62,21.61,552.84,2388.15,9047.07,1.3,47.68,521.07,2388.17,8119.55,8.4746,0.03,394,2388,100.0,38.75,23.2702,53
39,76,0.0018,0.0005,100.0,518.67,643.23,1587.38,1412.78,14.62,21.61,552.38,2388.16,9037.99,1.3,47.69,520.38,2388.12,8121.6,8.4449,0.03,393,2388,100.0,38.74,23.2642,52
39,77,0.0027,0.0004,100.0,518.67,643.19,1595.87,1416.88,14.62,21.61,553.41,2388.21,9034.65,1.3,47.67,521.52,2388.15,8122.56,8.4594,0.03,393,2388,100.0,38.81,23.2058,51
39,78,-0.0047,0.0004,100.0,518.67,642.89,1592.22,1414.4,14.62,21.61,552.33,2388.15,9041.95,1.3,47.83,520.88,2388.19,8125.87,8.4676,0.03,392,2388,100.0,39.11,23.1702,50
39,79,-0.0012,0.0006,100.0,518.67,642.94,1592.51,1413.13,14.62,21.61,552.94,2388.15,9048.85,1.3,47.6,521.33,2388.15,8125.04,8.4449,0.03,393,2388,100.0,38.81,23.2381,49
39,80,0.0035,0.0003,100.0,518.67,642.74,1593.62,1413.4,14.62,21.61,552.91,2388.16,9054.62,1.3,47.68,521.17,2388.18,8131.03,8.4803,0.03,393,2388,100.0,38.62,23.3142,48
39,81,0.0017,-0.0,100.0,518.67,643.05,1595.45,1410.52,14.62,21.61,552.5,2388.12,9045.43,1.3,47.62,520.71,2388.16,8122.47,8.4895,0.03,395,2388,100.0,38.81,23.3019,47
39,82,0.0019,-0.0,100.0,518.67,643.05,1587.95,1415.88,14.62,21.61,553.93,2388.16,9043.67,1.3,47.68,520.45,2388.21,8123.7,8.4876,0.03,395,2388,100.0,38.74,23.2134,46
39,83,-0.0009,0.0001,100.0,518.67,643.35,1592.37,1418.84,14.62,21.61,552.9,2388.19,9045.0,1.3,47.65,520.94,2388.2,8125.01,8.4506,0.03,393,2388,100.0,38.71,23.2231,45
39,84,-0.0013,-0.0002,100.0,518.67,643.65,1589.78,1421.08,14.62,21.61,552.2,2388.14,9044.72,1.3,47.69,521.08,2388.15,8121.75,8.4643,0.03,394,2388,100.0,38.74,23.1789,44
39,85,-0.0017,0.0003,100.0,518.67,642.83,1590.63,1407.79,14.62,21.61,552.5,2388.18,9046.41,1.3,47.69,520.62,2388.18,8124.1,8.4582,0.03,393,2388,100.0,38.71,23.2418,43
39,86,0.0022,-0.0003,100.0,518.67,643.43,1596.16,1413.98,14.62,21.61,553.15,2388.2,9040.66,1.3,47.74,520.92,2388.17,8124.73,8.4465,0.03,394,2388,100.0,38.65,23.2529,42
39,87,0.0032,-0.0002,100.0,518.67,643.27,1592.2,1418.57,14.62,21.61,552.54,2388.21,9036.69,1.3,47.82,520.74,2388.14,8122.21,8.4711,0.03,395,2388,100.0,38.65,23.1944,41
39,88,0.004,0.0004,100.0,518.67,643.23,1589.07,1409.74,14.62,21.61,552.7,2388.13,9041.72,1.3,47.66,520.86,2388.13,8120.7,8.4483,0.03,394,2388,100.0,38.85,23.2763,40
39,89,0.0003,-0.0001,100.0,518.67,643.12,1594.06,1413.09,14.62,21.61,552.91,2388.21,9039.92,1.3,47.84,520.94,2388.19,8116.82,8.4561,0.03,393,2388,100.0,38.73,23.2742,39
39,90,0.0016,-0.0002,100.0,518.67,642.98,1596.38,1419.96,14.62,21.61,552.84,2388.18,9044.47,1.3,47.72,520.53,2388.2,8120.35,8.4657,0.03,394,2388,100.0,38.65,23.1558,38
39,91,-0.0013,-0.0003,100.0,518.67,643.05,1597.78,1417.74,14.62,21.61,552.8,2388.23,9043.17,1.3,47.85,520.89,2388.17,8124.59,8.4601,0.03,393,2388,100.0,38.81,23.2826,37
39,92,-0.0031,-0.0,100.0,518.67,643.54,1598.69,1416.18,14.62,21.61,552.32,2388.21,9042.84,1.3,47.69,520.83,2388.19,8124.56,8.4855,0.03,392,2388,100.0,38.55,23.2827,36
39,93,-0.0013,-0.0002,100.0,518.67,642.62,1595.7,1413.46,14.62,21.61,552.28,2388.2,9050.03,1.3,47.58,520.23,2388.2,8122.19,8.4482,0.03,395,2388,100.0,38.66,23.2207,35
39,94,0.0042,0.0005,100.0,518.67,642.29,1589.79,1413.72,14.62,21.61,552.51,2388.19,9043.51,1.3,47.75,520.42,2388.2,8125.24,8.4686,0.03,394,2388,100.0,38.75,23.0704,34
39,95,-0.0006,0.0004,100.0,518.67,642.9,1588.53,1414.27,14.62,21.61,552.72,2388.21,9040.68,1.3,47.71,520.82,2388.21,8117.9,8.4669,0.03,393,2388,100.0,38.78,23.2257,33
39,96,-0.001,0.0003,100.0,518.67,643.12,1604.64,1420.19,14.62,21.61,552.35,2388.18,9032.17,1.3,48.01,520.75,2388.17,8122.36,8.483,0.03,394,2388,100.0,38.68,23.2655,32
39,97,-0.0037,0.0003,100.0,518.67,643.0,1587.72,1415.77,14.62,21.61,552.15,2388.18,9040.58,1.3,47.71,520.74,2388.17,8124.7,8.4783,0.03,394,2388,100.0,38.7,23.1562,31
39,98,-0.0028,0.0001,100.0,518.67,643.23,1588.41,1416.1,14.62,21.61,552.91,2388.2,9039.97,1.3,47.73,520.73,2388.17,8121.0,8.5026,0.03,393,2388,100.0,38.62,23.1748,30
39,99,-0.0017,-0.0001,100.0,518.67,643.25,1595.48,1423.01,14.62,21.61,552.77,2388.17,9042.48,1.3,47.9,520.72,2388.17,8122.8,8.4572,0.03,394,2388,100.0,38.82,23.2711,29
39,100,-0.0015,-0.0004,100.0,518.67,642.79,1594.87,1420.8,14.62,21.61,552.28,2388.17,9050.13,1.3,48.02,520.62,2388.17,8116.07,8.4752,0.03,392,2388,100.0,38.68,23.3037,28
39,101,0.0034,0.0,100.0,518.67,642.8,1589.7,1409.44,14.62,21.61,551.73,2388.22,9037.39,1.3,47.96,520.71,2388.16,8118.53,8.4809,0.03,394,2388,100.0,38.76,23.1643,27
39,102,0.0007,0.0,100.0,518.67,642.9,1600.39,1428.36,14.62,21.61,552.81,2388.23,9042.79,1.3,47.88,521.12,2388.25,8118.57,8.4744,0.03,395,2388,100.0,38.63,23.1369,26
39,103,0.0002,-0.0001,100.0,518.67,642.98,1586.03,1414.03,14.62,21.61,552.0,2388.26,9037.11,1.3,47.9,520.43,2388.25,8119.2,8.4884,0.03,395,2388,100.0,38.55,23.1751,25
39,104,0.001,-0.0,100.0,518.67,643.0,1604.27,1421.64,14.62,21.61,552.36,2388.18,9043.8,1.3,47.84,520.54,2388.18,8112.58,8.4649,0.03,395,2388,100.0,38.59,23.24,24
39,105,-0.002,-0.0003,100.0,518.67,643.15,1594.41,1419.62,14.62,21.61,552.23,2388.19,9036.57,1.3,47.89,520.63,2388.22,8115.0,8.4595,0.03,393,2388,100.0,38.64,23.138,23
39,106,0.0064,0.0006,100.0,518.67,642.46,1604.07,1423.65,14.62,21.61,553.18,2388.25,9039.51,1.3,47.97,519.98,2388.21,8121.62,8.4693,0.03,394,2388,100.0,38.46,23.0806,22
39,107,-0.0004,-0.0002,100.0,518.67,643.16,1594.26,1427.77,14.62,21.61,552.3,2388.19,9044.11,1.3,47.81,520.54,2388.19,8111.02,8.4808,0.03,394,2388,100.0,38.81,23.2182,21
39,108,0.0007,-0.0,100.0,518.67,643.24,1598.05,1410.83,14.62,21.61,552.67,2388.22,9046.71,1.3,47.65,520.6,2388.24,8115.18,8.4796,0.03,394,2388,100.0,38.67,23.2456,20
39,109,0.0023,-0.0002,100.0,518.67,643.39,1596.78,1423.07,14.62,21.61,552.04,2388.2,9039.82,1.3,47.86,520.51,2388.21,8119.66,8.5002,0.03,395,2388,100.0,38.48,23.1187,19
39,110,-0.0003,0.0005,100.0,518.67,643.58,1602.8,1423.25,14.62,21.61,552.16,2388.22,9043.58,1.3,47.89,520.55,2388.25,8119.89,8.491,0.03,395,2388,100.0,38.42,23.2385,18
39,111,0.0021,0.0,100.0,518.67,643.24,1600.73,1430.95,14.62,21.61,552.85,2388.23,9036.64,1.3,47.95,520.97,2388.18,8120.85,8.5021,0.03,394,2388,100.0,38.54,23.1685,17
39,112,-0.0011,0.0001,100.0,518.67,642.82,1604.01,1423.67,14.62,21.61,552.55,2388.25,9034.49,1.3,47.91,519.7,2388.28,8119.63,8.491,0.03,396,2388,100.0,38.48,23.0713,16
39,113,0.0014,-0.0,100.0,518.67,643.2,1590.01,1417.9,14.62,21.61,552.23,2388.3,9027.44,1.3,47.92,519.79,2388.22,8113.24,8.5143,0.03,395,2388,100.0,38.7,23.0778,15
39,114,-0.0039,0.0003,100.0,518.67,643.73,1593.04,1424.94,14.62,21.61,552.51,2388.29,9040.03,1.3,48.04,519.52,2388.29,8114.46,8.5288,0.03,393,2388,100.0,38.65,23.1153,14
39,115,-0.0006,0.0001,100.0,518.67,643.66,1601.05,1422.15,14.62,21.61,551.25,2388.2,9034.82,1.3,48.06,520.29,2388.26,8113.17,8.5289,0.03,393,2388,100.0,38.59,23.1344,13
39,116,0.003,0.0006,100.0,518.67,643.89,1603.68,1430.13,14.62,21.61,551.47,2388.22,9036.15,1.3,47.94,520.03,2388.26,8113.55,8.491,0.03,397,2388,100.0,38.57,23.1147,12
39,117,-0.0025,-0.0003,100.0,518.67,643.6,1603.65,1422.08,14.62,21.61,552.77,2388.3,9047.28,1.3,48.04,519.93,2388.23,8111.59,8.508,0.03,395,2388,100.0,38.51,23.077,11
39,118,-0.0035,0.0004,100.0,518.67,643.72,1596.04,1431.35,14.62,21.61,551.19,2388.3,9038.36,1.3,48.17,520.21,2388.28,8113.05,8.5379,0.03,396,2388,100.0,38.58,23.0341,10
39,119,0.0011,-0.0002,100.0,518.67,643.79,1601.46,1421.53,14.62,21.61,552.03,2388.23,9039.55,1.3,48.23,519.57,2388.25,8117.77,8.5258,0.03,394,2388,100.0,38.53,23.065,9
39,120,0.0003,-0.0003,100.0,518.67,643.49,1597.64,1427.32,14.62,21.61,551.32,2388.27,9036.9,1.3,48.16,519.64,2388.3,8114.52,8.5292,0.03,396,2388,100.0,38.58,23.0664,8
39,121,0.0003,-0.0002,100.0,518.67,643.66,1599.46,1427.89,14.62,21.61,551.51,2388.3,9039.67,1.3,48.11,519.61,2388.34,8113.99,8.5178,0.03,396,2388,100.0,38.44,23.1703,7
39,122,-0.0014,-0.0001,100.0,518.67,643.83,1599.38,1432.9,14.62,21.61,551.45,2388.23,9035.77,1.3,48.08,519.73,2388.33,8110.95,8.4953,0.03,394,2388,100.0,38.62,23.1146,6
39,123,0.0007,0.0002,100.0,518.67,643.56,1606.05,1429.54,14.62,21.61,551.8,2388.3,9033.19,1.3,48.0,519.59,2388.24,8113.65,8.5113,0.03,394,2388,100.0,38.62,23.1701,5
39,124,-0.0044,0.0005,100.0,518.67,643.4,1601.14,1426.38,14.62,21.61,551.69,2388.31,9035.42,1.3,48.1,519.56,2388.34,8110.8,8.5038,0.03,396,2388,100.0,38.52,23.065,4
39,125,0.0062,0.0002,100.0,518.67,643.82,1600.98,1436.58,14.62,21.61,549.85,2388.32,9048.84,1.3,48.34,520.04,2388.27,8112.34,8.5306,0.03,397,2388,100.0,38.54,23.2056,3
39,126,0.0036,0.0002,100.0,518.67,644.24,1605.85,1426.13,14.62,21.61,551.74,2388.34,9031.64,1.3,48.01,519.66,2388.28,8108.51,8.5338,0.03,396,2388,100.0,38.45,23.1504,2
39,127,0.0004,0.0001,100.0,518.67,644.53,1595.03,1426.95,14.62,21.61,551.59,2388.36,9037.13,1.3,48.27,519.24,2388.32,8105.83,8.5383,0.03,395,2388,100.0,38.29,23.109,1
39,128,-0.0029,0.0002,100.0,518.67,643.66,1604.19,1428.14,14.62,21.61,550.68,2388.3,9036.1,1.3,48.27,518.83,2388.31,8106.63,8.5148,0.03,395,2388,100.0,38.5,23.0281,0
40,1,0.0012,0.0,100.0,518.67,642.71,1594.14,1412.72,14.62,21.61,552.9,2388.08,9051.76,1.3,47.59,521.25,2388.07,8134.87,8.4417,0.03,394,2388,100.0,38.61,23.2017,187
40,2,0.0015,0.0001,100.0,518.67,642.91,1585.97,1414.86,14.62,21.61,553.02,2388.13,9058.39,1.3,47.55,521.29,2388.14,8137.99,8.4227,0.03,392,2388,100.0,38.63,23.3334,186
40,3,0.0031,-0.0002,100.0,518.67,643.19,1593.68,1410.39,14.62,21.61,552.7,2388.16,9052.46,1.3,47.39,521.49,2388.11,8142.58,8.4526,0.03,394,2388,100.0,38.81,23.3308,185
40,4,-0.0012,0.0001,100.0,518.67,642.76,1592.3,1397.07,14.62,21.61,554.1,2388.13,9053.78,1.3,47.65,520.89,2388.11,8136.67,8.4452,0.03,393,2388,100.0,39.0,23.3082,184
40,5,0.0021,-0.0,100.0,518.67,642.9,1586.67,1412.14,14.62,21.61,553.47,2388.16,9058.23,1.3,47.47,520.75,2388.11,8132.89,8.4603,0.03,394,2388,100.0,38.73,23.3157,183
40,6,0.0034,0.0001,100.0,518.67,642.83,1593.66,1411.76,14.62,21.61,553.49,2388.09,9058.48,1.3,47.38,521.36,2388.1,8133.72,8.4303,0.03,393,2388,100.0,38.81,23.3616,182
40,7,0.0022,0.0004,100.0,518.67,642.46,1589.19,1408.85,14.62,21.61,553.5,2388.11,9047.93,1.3,47.38,520.96,2388.12,8139.5,8.4591,0.03,392,2388,100.0,38.71,23.2662,181
40,8,0.0025,-0.0,100.0,518.67,642.78,1591.79,1413.12,14.62,21.61,554.21,2388.11,9055.95,1.3,47.63,521.13,2388.13,8134.78,8.468,0.03,395,2388,100.0,38.85,23.2745,180
40,9,0.0016,-0.0004,100.0,518.67,642.79,1597.62,1410.11,14.62,21.61,553.81,2388.12,9054.91,1.3,47.57,520.81,2388.14,8134.09,8.4579,0.03,394,2388,100.0,38.91,23.1765,179
40,10,0.0005,0.0,100.0,518.67,642.83,1586.46,1411.55,14.62,21.61,554.41,2388.11,9057.67,1.3,47.58,521.13,2388.14,8136.79,8.4313,0.03,395,2388,100.0,38.76,23.2966,178
40,11,0.0002,0.0004,100.0,518.67,642.36,1590.28,1419.81,14.62,21.61,553.63,2388.1,9060.92,1.3,47.66,521.49,2388.17,8140.49,8.4429,0.03,394,2388,100.0,38.78,23.2786,177
40,12,-0.0036,0.0004,100.0,518.67,642.51,1588.0,1410.43,14.62,21.61,553.07,2388.07,9060.64,1.3,47.69,521.33,2388.15,8137.14,8.4291,0.03,393,2388,100.0,38.73,23.31,176
40,13,0.0008,0.0001,100.0,518.67,642.94,1589.98,1407.93,14.62,21.61,552.61,2388.16,9056.51,1.3,47.52,521.61,2388.12,8134.05,8.4294,0.03,394,2388,100.0,38.72,23.2496,175
40,14,-0.0005,0.0005,100.0,518.67,642.18,1590.02,1409.9,14.62,21.61,553.73,2388.08,9059.31,1.3,47.42,521.39,2388.13,8134.25,8.444,0.03,393,2388,100.0,38.79,23.2742,174
40,15,-0.0023,0.0001,100.0,518.67,643.19,1591.23,1412.32,14.62,21.61,552.93,2388.15,9048.76,1.3,47.61,521.52,2388.12,8136.89,8.4483,0.03,393,2388,100.0,38.73,23.3176,173
40,16,-0.0004,-0.0004,100.0,518.67,643.2,1591.5,1412.44,14.62,21.61,553.58,2388.1,9051.32,1.3,47.57,521.53,2388.15,8136.96,8.4535,0.03,393,2388,100.0,38.67,23.2702,172
40,17,-0.0006,0.0002,100.0,518.67,642.56,1591.77,1414.27,14.62,21.61,553.88,2388.14,9060.58,1.3,47.65,521.58,2388.09,8141.22,8.433,0.03,392,2388,100.0,38.85,23.1651,171
40,18,0.0006,0.0003,100.0,518.67,642.64,1588.2,1413.64,14.62,21.61,553.0,2388.07,9066.33,1.3,47.43,521.47,2388.12,8131.63,8.447,0.03,392,2388,100.0,38.73,23.2036,170
40,19,-0.0033,-0.0004,100.0,518.67,643.19,1582.17,1405.28,14.62,21.61,553.09,2388.18,9059.49,1.3,47.55,521.34,2388.1,8135.07,8.4649,0.03,393,2388,100.0,38.73,23.3641,169
40,20,0.0019,0.0002,100.0,518.67,642.33,1590.42,1407.63,14.62,21.61,552.73,2388.15,9049.23,1.3,47.72,521.39,2388.07,8134.51,8.4422,0.03,393,2388,100.0,38.7,23.1759,168
40,21,-0.0004,0.0003,100.0,518.67,642.51,1593.76,1413.32,14.62,21.61,554.33,2388.1,9056.21,1.3,47.57,521.5,2388.18,8137.26,8.4398,0.03,393,2388,100.0,38.82,23.2687,167
40,22,-0.0029,0.0001,100.0,518.67,643.2,1585.89,1408.6,14.62,21.61,552.61,2388.15,9052.51,1.3,47.55,521.01,2388.11,8134.27,8.4962,0.03,392,2388,100.0,38.81,23.2584,166
40,23,-0.0006,0.0004,100.0,518.67,642.38,1597.07,1406.47,14.62,21.61,553.09,2388.12,9060.62,1.3,47.56,521.23,2388.11,8135.59,8.4524,0.03,395,2388,100.0,38.54,23.356,165
40,24,0.0017,-0.0003,100.0,518.67,642.8,1588.47,1408.76,14.62,21.61,552.88,2388.18,9057.23,1.3,47.61,521.41,2388.14,8137.74,8.4263,0.03,395,2388,100.0,38.83,23.2815,164
40,25,0.0019,-0.0001,100.0,518.67,643.16,1592.65,1406.65,14.62,21.61,553.77,2388.14,9054.5,1.3,47.69,521.31,2388.13,8135.14,8.407,0.03,392,2388,100.0,38.76,23.3242,163
40,26,-0.0034,-0.0004,100.0,518.67,642.79,1596.22,1402.24,14.62,21.61,553.01,2388.12,9065.03,1.3,47.48,521.64,2388.09,8136.92,8.452,0.03,395,2388,100.0,38.62,23.1935,162
40,27,0.0011,-0.0003,100.0,518.67,643.05,1586.74,1408.86,14.62,21.61,553.44,2388.14,9059.52,1.3,47.75,521.4,2388.14,8137.12,8.4473,0.03,393,2388,100.0,39.0,23.3386,161
40,28,0.0021,-0.0002,100.0,518.67,643.11,1591.34,1409.8,14.62,21.61,553.32,2388.1,9057.05,1.3,47.69,521.05,2388.08,8133.88,8.4479,0.03,393,2388,100.0,38.81,23.3432,160
40,29,0.0028,0.0004,100.0,518.67,642.29,1592.54,1409.44,14.62,21.61,553.22,2388.1,9057.23,1.3,47.48,521.35,2388.08,8132.79,8.4622,0.03,393,2388,100.0,38.75,23.2615,159
40,30,-0.0005,-0.0001,100.0,518.67,642.58,1587.66,1403.24,14.62,21.61,553.56,2388.02,9060.61,1.3,47.67,521.78,2388.11,8136.39,8.4513,0.03,393,2388,100.0,38.72,23.2686,158
40,31,-0.0,0.0003,100.0,518.67,642.67,1589.31,1410.67,14.62,21.61,553.54,2388.14,9062.06,1.3,47.62,521.76,2388.12,8136.97,8.4464,0.03,395,2388,100.0,38.69,23.32,157
40,32,0.0009,-0.0001,100.0,518.67,643.13,1590.3,1412.57,14.62,21.61,554.36,2388.14,9064.1,1.3,47.71,521.51,2388.13,8139.1,8.4438,0.03,393,2388,100.0,38.78,23.3247,156
40,33,0.0035,-0.0004,100.0,518.67,642.74,1592.62,1410.32,14.62,21.61,553.35,2388.09,9060.33,1.3,47.57,521.72,2388.09,8136.43,8.402,0.03,395,2388,100.0,38.71,23.3052,155
40,34,0.002,0.0,100.0,518.67,643.08,1595.37,1412.12,14.62,21.61,552.85,2388.14,9060.34,1.3,47.65,520.65,2388.11,8133.56,8.4462,0.03,392,2388,100.0,38.97,23.238,154
40,35,-0.0014,-0.0002,100.0,518.67,642.83,1592.36,1409.24,14.62,21.61,553.03,2388.08,9050.74,1.3,47.58,521.39,2388.13,8141.58,8.4667,0.03,392,2388,100.0,38.85,23.3051,153
40,36,-0.0016,0.0005,100.0,518.67,643.12,1594.8,1419.64,14.62,21.61,553.04,2388.12,9051.8,1.3,47.69,520.72,2388.12,8139.16,8.467,0.03,392,2388,100.0,38.81,23.2452,152
40,37,-0.002,0.0003,100.0,518.67,642.54,1587.98,1410.43,14.62,21.61,553.41,2388.15,9055.64,1.3,47.44,521.76,2388.09,8138.09,8.448,0.03,393,2388,100.0,38.88,23.3287,151
40,38,0.0021,-0.0002,100.0,518.67,642.6,1586.63,1414.05,14.62,21.61,553.34,2388.13,9057.31,1.3,47.78,521.88,2388.12,8135.48,8.4604,0.03,393,2388,100.0,38.77,23.2696,150
40,39,0.0021,0.0,100.0,518.67,642.48,1589.93,1409.54,14.62,21.61,553.14,2388.07,9059.41,1.3,47.6,520.52,2388.24,8137.06,8.447,0.03,393,2388,100.0,38.88,23.1313,149
40,40,-0.0018,-0.0001,100.0,518.67,643.2,1587.55,1409.94,14.62,21.61,553.11,2388.13,9064.16,1.3,47.52,520.86,2388.13,8140.64,8.4851,0.03,392,2388,100.0,38.81,23.159,148
40,41,0.0013,0.0004,100.0,518.67,642.44,1594.77,1405.1,14.62,21.61,553.11,2388.13,9057.93,1.3,47.54,521.4,2388.11,8137.75,8.4705,0.03,392,2388,100.0,38.62,23.2912,147
40,42,0.0004,0.0001,100.0,518.67,642.97,1592.56,1414.16,14.62,21.61,553.09,2388.11,9057.76,1.3,47.68,521.63,2388.08,8134.66,8.4507,0.03,393,2388,100.0,38.93,23.3395,146
40,43,-0.0002,-0.0004,100.0,518.67,642.63,1589.56,1407.18,14.62,21.61,552.97,2388.11,9050.67,1.3,47.65,520.82,2388.07,8133.85,8.4583,0.03,394,2388,100.0,38.82,23.2922,145
40,44,0.001,0.0001,100.0,518.67,642.73,1589.39,1406.72,14.62,21.61,553.08,2388.13,9059.67,1.3,47.55,520.89,2388.12,8137.17,8.4397,0.03,395,2388,100.0,38.58,23.2741,144
40,45,-0.0021,0.0001,100.0,518.67,642.77,1590.79,1408.39,14.62,21.61,553.22,2388.14,9054.68,1.3,47.73,521.1,2388.1,8134.1,8.471,0.03,392,2388,100.0,38.87,23.3171,143
40,46,0.0034,-0.0004,100.0,518.67,642.62,1592.66,1412.87,14.62,21.61,552.55,2388.12,9056.11,1.3,47.57,520.66,2388.14,8135.68,8.452,0.03,394,2388,100.0,38.71,23.2818,142
40,47,0.0009,0.0003,100.0,518.67,642.57,1589.71,1414.45,14.62,21.61,553.49,2388.1,9056.29,1.3,47.58,520.75,2388.14,8140.14,8.4421,0.03,394,2388,100.0,38.67,23.1959,141
40,48,0.0007,-0.0001,100.0,518.67,642.64,1594.51,1415.7,14.62,21.61,553.28,2388.12,9066.92,1.3,47.71,521.68,2388.19,8134.43,8.4731,0.03,394,2388,100.0,38.69,23.2099,140
40,49,-0.0012,-0.0001,100.0,518.67,642.48,1588.87,1411.14,14.62,21.61,553.46,2388.07,9060.44,1.3,47.61,521.67,2388.08,8143.35,8.4589,0.03,392,2388,100.0,38.8,23.3461,139
40,50,0.0015,-0.0005,100.0,518.67,642.66,1593.37,1408.61,14.62,21.61,553.07,2388.15,9059.14,1.3,47.66,520.96,2388.14,8135.14,8.4229,0.03,392,2388,100.0,38.78,23.2677,138
40,51,-0.0006,-0.0004,100.0,518.67,642.56,1587.02,1407.15,14.62,21.61,553.04,2388.12,9062.87,1.3,47.62,521.46,2388.15,8137.27,8.4712,0.03,394,2388,100.0,38.84,23.2322,137
40,52,0.0022,-0.0001,100.0,518.67,643.28,1599.39,1413.37,14.62,21.61,552.8,2388.13,9059.5,1.3,47.5,520.99,2388.14,8134.92,8.4454,0.03,393,2388,100.0,38.89,23.2111,136
40,53,0.0007,0.0003,100.0,518.67,642.35,1596.21,1408.84,14.62,21.61,553.07,2388.1,9054.56,1.3,47.45,521.2,2388.12,8134.73,8.4289,0.03,394,2388,100.0,38.58,23.2225,135
40,54,0.0043,-0.0003,100.0,518.67,642.88,1592.2,1419.34,14.62,21.61,553.19,2388.1,9049.98,1.3,47.47,521.08,2388.11,8140.83,8.4235,0.03,393,2388,100.0,38.67,23.2745,134
40,55,0.0005,-0.0004,100.0,518.67,643.17,1584.07,1414.24,14.62,21.61,553.02,2388.14,9062.83,1.3,47.57,521.49,2388.1,8137.33,8.4902,0.03,393,2388,100.0,38.91,23.375,133
40,56,0.0022,0.0004,100.0,518.67,642.34,1590.22,1405.11,14.62,21.61,553.18,2388.13,9061.16,1.3,47.66,521.6,2388.05,8138.0,8.4149,0.03,394,2388,100.0,38.79,23.2956,132
40,57,0.001,0.0001,100.0,518.67,642.72,1590.75,1406.19,14.62,21.61,553.59,2388.07,9064.79,1.3,47.52,520.86,2388.12,8136.07,8.4655,0.03,392,2388,100.0,38.87,23.2412,131
40,58,0.0019,0.0001,100.0,518.67,642.73,1589.18,1409.57,14.62,21.61,553.25,2388.08,9061.39,1.3,47.73,520.84,2388.08,8135.68,8.4075,0.03,393,2388,100.0,38.77,23.2759,130
40,59,-0.0004,0.0001,100.0,518.67,643.05,1592.81,1409.68,14.62,21.61,553.19,2388.15,9062.16,1.3,47.69,521.33,2388.11,8139.16,8.4601,0.03,394,2388,100.0,38.73,23.2414,129
40,60,-0.003,0.0005,100.0,518.67,642.9,1590.62,1409.03,14.62,21.61,553.08,2388.06,9056.04,1.3,47.56,521.23,2388.1,8138.59,8.4596,0.03,394,2388,100.0,38.79,23.2207,128
40,61,-0.0008,0.0002,100.0,518.67,642.63,1593.3,1413.51,14.62,21.61,552.87,2388.14,9065.25,1.3,47.64,521.49,2388.17,8138.15,8.4577,0.03,393,2388,100.0,38.73,23.3164,127
40,62,0.0017,0.0005,100.0,518.67,642.24,1593.8,1414.58,14.62,21.61,552.52,2388.15,9058.67,1.3,47.49,521.16,2388.1,8133.16,8.4513,0.03,391,2388,100.0,38.75,23.2461,126
40,63,0.0014,-0.0001,100.0,518.67,642.68,1598.3,1412.29,14.62,21.61,553.04,2388.1,9061.96,1.3,47.67,521.52,2388.1,8145.19,8.4659,0.03,394,2388,100.0,38.73,23.3229,125
40,64,0.0011,-0.0001,100.0,518.67,642.84,1583.9,1411.15,14.62,21.61,552.95,2388.16,9058.88,1.3,47.64,521.0,2388.12,8142.12,8.4025,0.03,394,2388,100.0,38.71,23.3062,124
40,65,0.002,-0.0002,100.0,518.67,642.79,1590.67,1403.66,14.62,21.61,552.94,2388.11,9059.11,1.3,47.52,521.82,2388.11,8139.33,8.491,0.03,394,2388,100.0,38.67,23.159,123
40,66,0.0004,0.0003,100.0,518.67,642.66,1590.61,1404.16,14.62,21.61,552.7,2388.12,9063.15,1.3,47.7,521.33,2388.11,8138.01,8.4276,0.03,393,2388,100.0,38.83,23.1865,122
40,67,-0.001,-0.0001,100.0,518.67,642.59,1589.7,1407.57,14.62,21.61,553.56,2388.06,9058.31,1.3,47.49,521.32,2388.11,8139.77,8.406,0.03,393,2388,100.0,38.86,23.222,121
40,68,0.002,0.0005,100.0,518.67,643.53,1596.04,1410.59,14.62,21.61,553.1,2388.16,9064.53,1.3,47.6,521.24,2388.15,8139.65,8.4505,0.03,392,2388,100.0,38.99,23.3446,120
40,69,-0.0017,-0.0002,100.0,518.67,643.06,1592.68,1410.34,14.62,21.61,552.96,2388.12,9062.32,1.3,47.77,521.16,2388.04,8141.79,8.448,0.03,395,2388,100.0,39.1,23.275,119
40,70,-0.0045,-0.0004,100.0,518.67,643.06,1594.98,1411.94,14.62,21.61,554.27,2388.12,9060.07,1.3,47.6,521.72,2388.09,8143.29,8.4442,0.03,393,2388,100.0,38.94,23.3139,118
40,71,-0.0006,0.0004,100.0,518.67,642.31,1594.95,1415.67,14.62,21.61,553.07,2388.13,9060.08,1.3,47.61,521.26,2388.13,8140.19,8.482,0.03,391,2388,100.0,38.89,23.2546,117
40,72,0.0017,0.0,100.0,518.67,642.5,1591.17,1413.75,14.62,21.61,553.8,2388.14,9059.7,1.3,47.67,520.81,2388.13,8140.85,8.4594,0.03,393,2388,100.0,38.85,23.2792,116
40,73,0.0023,-0.0004,100.0,518.67,642.35,1581.96,1411.64,14.62,21.61,552.77,2388.16,9063.02,1.3,47.62,521.03,2388.11,8137.76,8.4607,0.03,394,2388,100.0,38.69,23.3159,115
40,74,0.001,-0.0001,100.0,518.67,642.53,1596.6,1409.01,14.62,21.61,552.9,2388.13,9061.61,1.3,47.67,521.35,2388.06,8142.06,8.4719,0.03,394,2388,100.0,38.71,23.1927,114
40,75,0.002,0.0,100.0,518.67,642.87,1588.77,1415.56,14.62,21.61,552.88,2388.08,9058.67,1.3,47.6,521.36,2388.12,8132.59,8.4545,0.03,393,2388,100.0,38.77,23.2344,113
40,76,0.0032,-0.0001,100.0,518.67,642.43,1593.47,1417.79,14.62,21.61,553.18,2388.1,9067.22,1.3,47.64,520.71,2388.08,8140.98,8.4718,0.03,394,2388,100.0,38.61,23.2327,112
40,77,0.0031,0.0005,100.0,518.67,642.24,1596.49,1413.79,14.62,21.61,553.41,2388.16,9065.98,1.3,47.69,521.03,2388.11,8138.7,8.4311,0.03,394,2388,100.0,38.65,23.2423,111
40,78,-0.0045,0.0001,100.0,518.67,643.17,1589.04,1408.29,14.62,21.61,553.81,2388.1,9062.64,1.3,47.58,521.08,2388.14,8136.19,8.4571,0.03,393,2388,100.0,38.89,23.1645,110
40,79,0.0006,-0.0001,100.0,518.67,642.82,1590.31,1417.75,14.62,21.61,554.17,2388.09,9061.32,1.3,47.43,521.26,2388.12,8136.18,8.4494,0.03,393,2388,100.0,38.76,23.2611,109
40,80,-0.0007,0.0,100.0,518.67,642.64,1593.31,1413.66,14.62,21.61,553.62,2388.13,9063.38,1.3,47.59,521.11,2388.09,8141.66,8.4677,0.03,393,2388,100.0,38.69,23.3749,108
40,81,0.0062,0.0003,100.0,518.67,642.99,1592.2,1405.56,14.62,21.61,552.78,2388.11,9063.92,1.3,47.68,521.1,2388.14,8137.41,8.475,0.03,393,2388,100.0,38.64,23.1707,107
40,82,0.0041,0.0001,100.0,518.67,642.58,1594.91,1415.43,14.62,21.61,552.82,2388.09,9064.93,1.3,47.6,521.12,2388.14,8134.89,8.4584,0.03,394,2388,100.0,38.82,23.1879,106
40,83,-0.0022,-0.0,100.0,518.67,643.09,1594.49,1410.25,14.62,21.61,553.17,2388.13,9064.5,1.3,47.61,521.04,2388.16,8135.61,8.4671,0.03,393,2388,100.0,38.58,23.2723,105
40,84,0.001,0.0001,100.0,518.67,642.87,1587.46,1412.34,14.62,21.61,552.49,2388.12,9060.51,1.3,47.83,521.35,2388.1,8138.09,8.4588,0.03,392,2388,100.0,38.64,23.1565,104
40,85,0.0019,0.0004,100.0,518.67,642.88,1588.02,1414.32,14.62,21.61,553.09,2388.19,9061.97,1.3,47.6,521.33,2388.08,8144.3,8.4339,0.03,393,2388,100.0,38.71,23.2003,103
40,86,-0.0074,0.0003,100.0,518.67,643.29,1594.18,1418.97,14.62,21.61,553.72,2388.11,9062.92,1.3,47.61,520.81,2388.06,8133.37,8.4388,0.03,393,2388,100.0,38.73,23.2281,102
40,87,0.004,-0.0002,100.0,518.67,643.14,1590.84,1410.74,14.62,21.61,552.33,2388.08,9060.53,1.3,47.73,520.56,2388.18,8142.4,8.4681,0.03,393,2388,100.0,38.79,23.1591,101
40,88,-0.0021,0.0003,100.0,518.67,642.41,1592.78,1408.72,14.62,21.61,552.86,2388.06,9057.75,1.3,47.64,520.58,2388.1,8141.21,8.4905,0.03,393,2388,100.0,38.67,23.3422,100
40,89,-0.0005,0.0005,100.0,518.67,642.81,1592.81,1417.96,14.62,21.61,553.04,2388.15,9063.58,1.3,47.59,521.63,2388.14,8145.93,8.4467,0.03,394,2388,100.0,38.73,23.2449,99
40,90,-0.0003,-0.0003,100.0,518.67,642.71,1590.56,1412.49,14.62,21.61,553.28,2388.09,9062.91,1.3,47.67,521.17,2388.14,8142.23,8.4675,0.03,395,2388,100.0,38.7,23.1938,98
40,91,0.001,0.0003,100.0,518.67,643.58,1592.55,1416.53,14.62,21.61,552.89,2388.11,9068.33,1.3,47.68,520.85,2388.09,8144.45,8.4574,0.03,393,2388,100.0,38.7,23.2028,97
40,92,-0.0034,-0.0001,100.0,518.67,643.02,1592.39,1414.66,14.62,21.61,553.01,2388.11,9066.73,1.3,47.53,520.61,2388.13,8143.06,8.4619,0.03,395,2388,100.0,38.75,23.2744,96
40,93,-0.0011,0.0005,100.0,518.67,643.38,1596.95,1414.46,14.62,21.61,553.14,2388.14,9068.07,1.3,47.53,521.32,2388.12,8140.81,8.4603,0.03,394,2388,100.0,38.74,23.3175,95
40,94,0.0013,0.0002,100.0,518.67,642.96,1593.34,1415.38,14.62,21.61,553.33,2388.11,9064.36,1.3,47.62,521.27,2388.08,8143.56,8.4351,0.03,394,2388,100.0,39.01,23.3343,94
40,95,-0.0024,-0.0002,100.0,518.67,643.21,1592.83,1414.74,14.62,21.61,552.31,2388.17,9062.83,1.3,47.68,521.11,2388.12,8137.3,8.4225,0.03,395,2388,100.0,38.52,23.1453,93
40,96,-0.0004,-0.0,100.0,518.67,642.28,1598.15,1413.48,14.62,21.61,553.85,2388.12,9062.73,1.3,47.64,520.98,2388.11,8146.4,8.4753,0.03,393,2388,100.0,38.87,23.2752,92
40,97,0.0018,0.0001,100.0,518.67,642.68,1591.1,1413.47,14.62,21.61,552.89,2388.08,9064.99,1.3,47.76,520.82,2388.12,8143.16,8.4455,0.03,394,2388,100.0,38.73,23.3222,91
40,98,0.002,0.0003,100.0,518.67,642.44,1594.5,1414.3,14.62,21.61,553.67,2388.16,9065.59,1.3,47.6,521.29,2388.13,8142.77,8.4906,0.03,396,2388,100.0,38.67,23.1859,90
40,99,0.0029,-0.0003,100.0,518.67,642.56,1593.36,1410.74,14.62,21.61,552.55,2388.15,9068.94,1.3,47.68,521.22,2388.13,8143.24,8.4554,0.03,394,2388,100.0,38.82,23.2319,89
40,100,0.0029,-0.0001,100.0,518.67,642.61,1592.13,1410.7,14.62,21.61,552.92,2388.15,9069.26,1.3,47.86,521.23,2388.14,8142.5,8.4719,0.03,393,2388,100.0,38.6,23.1742,88
40,101,-0.0021,0.0004,100.0,518.67,642.92,1589.92,1420.24,14.62,21.61,553.04,2388.08,9062.74,1.3,47.7,521.24,2388.15,8139.36,8.4421,0.03,393,2388,100.0,38.8,23.1153,87
40,102,-0.0015,-0.0001,100.0,518.67,642.88,1596.55,1421.29,14.62,21.61,553.43,2388.13,9064.8,1.3,47.85,521.14,2388.14,8145.42,8.4694,0.03,395,2388,100.0,38.73,23.3326,86
40,103,-0.0009,0.0004,100.0,518.67,643.17,1595.13,1411.95,14.62,21.61,554.03,2388.1,9064.2,1.3,47.63,520.38,2388.14,8146.2,8.4525,0.03,394,2388,100.0,38.83,23.2187,85
40,104,-0.0017,-0.0002,100.0,518.67,643.21,1584.57,1413.01,14.62,21.61,553.82,2388.14,9070.46,1.3,47.6,520.99,2388.1,8147.42,8.4554,0.03,392,2388,100.0,38.82,23.291,84
40,105,-0.0004,-0.0003,100.0,518.67,642.88,1590.1,1415.68,14.62,21.61,553.09,2388.15,9066.12,1.3,47.72,520.79,2388.09,8142.27,8.4423,0.03,394,2388,100.0,38.69,23.2934,83
40,106,-0.0019,-0.0004,100.0,518.67,643.24,1588.99,1422.89,14.62,21.61,552.4,2388.1,9070.77,1.3,47.6,521.02,2388.15,8147.3,8.4755,0.03,394,2388,100.0,38.83,23.2113,82
40,107,0.0046,0.0003,100.0,518.67,643.05,1590.21,1411.95,14.62,21.61,552.87,2388.19,9064.55,1.3,47.78,521.99,2388.15,8137.03,8.4617,0.03,394,2388,100.0,38.84,23.1594,81
40,108,-0.0029,0.0001,100.0,518.67,643.65,1591.38,1417.07,14.62,21.61,553.32,2388.13,9065.78,1.3,47.78,521.06,2388.17,8143.28,8.4781,0.03,394,2388,100.0,38.64,23.2279,80
40,109,-0.0009,-0.0001,100.0,518.67,642.65,1589.15,1415.79,14.62,21.61,553.25,2388.13,9076.12,1.3,47.7,521.26,2388.11,8142.91,8.4727,0.03,394,2388,100.0,38.7,23.1671,79
40,110,-0.0019,0.0001,100.0,518.67,643.05,1601.65,1413.05,14.62,21.61,553.03,2388.08,9066.92,1.3,47.7,520.95,2388.09,8143.01,8.4593,0.03,394,2388,100.0,38.89,23.1446,78
40,111,-0.002,-0.0003,100.0,518.67,642.86,1592.16,1412.76,14.62,21.61,552.67,2388.15,9065.85,1.3,47.83,520.8,2388.15,8140.96,8.4163,0.03,394,2388,100.0,38.83,23.2337,77
40,112,-0.0025,-0.0001,100.0,518.67,642.63,1593.34,1415.28,14.62,21.61,553.36,2388.14,9062.68,1.3,47.74,521.02,2388.11,8145.92,8.4555,0.03,394,2388,100.0,38.86,23.1957,76
40,113,0.0023,-0.0003,100.0,518.67,643.29,1595.24,1406.46,14.62,21.61,552.96,2388.1,9071.81,1.3,47.62,520.94,2388.09,8141.99,8.4394,0.03,394,2388,100.0,38.7,23.3191,75
40,114,-0.0022,-0.0002,100.0,518.67,643.35,1596.76,1410.8,14.62,21.61,553.02,2388.17,9071.91,1.3,47.6,520.68,2388.11,8144.87,8.4579,0.03,395,2388,100.0,38.74,23.204,74
40,115,-0.0024,-0.0003,100.0,518.67,642.49,1592.47,1412.2,14.62,21.61,553.0,2388.09,9066.05,1.3,47.56,521.07,2388.09,8150.23,8.477,0.03,395,2388,100.0,38.7,23.3213,73
40,116,0.0007,-0.0004,100.0,518.67,643.39,1595.58,1416.41,14.62,21.61,552.89,2388.17,9075.93,1.3,47.83,521.08,2388.16,8150.82,8.4484,0.03,394,2388,100.0,38.66,23.2514,72
40,117,-0.0007,0.0003,100.0,518.67,642.99,1590.89,1416.29,14.62,21.61,552.33,2388.12,9071.42,1.3,47.86,521.44,2388.16,8149.87,8.4684,0.03,395,2388,100.0,38.71,23.3111,71
40,118,-0.0038,0.0003,100.0,518.67,642.83,1594.88,1414.41,14.62,21.61,552.96,2388.19,9068.83,1.3,47.66,521.1,2388.14,8148.56,8.438,0.03,395,2388,100.0,38.69,23.1924,70
40,119,-0.0,0.0003,100.0,518.67,643.23,1592.27,1406.44,14.62,21.61,552.7,2388.19,9079.77,1.3,47.54,520.77,2388.13,8153.57,8.4931,0.03,395,2388,100.0,38.73,23.2514,69
40,120,-0.0019,0.0002,100.0,518.67,643.69,1596.67,1412.09,14.62,21.61,552.52,2388.16,9070.72,1.3,47.66,521.19,2388.17,8144.69,8.4549,0.03,394,2388,100.0,38.72,23.3413,68
40,121,-0.0029,0.0002,100.0,518.67,642.66,1590.1,1412.01,14.62,21.61,553.24,2388.13,9072.38,1.3,47.44,520.72,2388.11,8151.0,8.4926,0.03,394,2388,100.0,38.79,23.2284,67
40,122,0.0006,0.0001,100.0,518.67,643.39,1588.78,1418.72,14.62,21.61,553.39,2388.12,9072.86,1.3,47.75,520.24,2388.15,8149.08,8.4719,0.03,393,2388,100.0,38.83,23.1672,66
40,123,0.0,0.0,100.0,518.67,642.99,1597.06,1414.84,14.62,21.61,553.35,2388.12,9065.8,1.3,47.71,520.98,2388.17,8147.8,8.4571,0.03,394,2388,100.0,38.62,23.1853,65
40,124,0.0017,0.0001,100.0,518.67,643.19,1593.54,1419.88,14.62,21.61,553.0,2388.19,9071.46,1.3,47.8,520.92,2388.1,8150.41,8.4947,0.03,394,2388,100.0,38.72,23.225,64
40,125,0.0009,0.0001,100.0,518.67,642.48,1588.22,1412.83,14.62,21.61,552.21,2388.13,9072.55,1.3,47.69,520.94,2388.1,8142.58,8.4888,0.03,394,2388,100.0,38.68,23.2241,63
40,126,-0.0025,-0.0001,100.0,518.67,643.31,1600.8,1421.92,14.62,21.61,551.98,2388.16,9068.38,1.3,47.66,521.21,2388.12,8151.49,8.4805,0.03,394,2388,100.0,38.64,23.1126,62
40,127,-0.0024,0.0005,100.0,518.67,642.99,1596.53,1412.73,14.62,21.61,553.1,2388.16,9073.05,1.3,47.68,521.54,2388.14,8148.8,8.4389,0.03,395,2388,100.0,38.77,23.25,61
40,128,0.0007,-0.0003,100.0,518.67,643.47,1593.05,1415.51,14.62,21.61,552.57,2388.12,9075.73,1.3,47.62,520.49,2388.11,8153.02,8.4844,0.03,396,2388,100.0,38.77,23.2382,60
40,129,-0.003,-0.0002,100.0,518.67,643.12,1597.15,1415.94,14.62,21.61,551.94,2388.11,9074.7,1.3,47.85,521.13,2388.14,8147.46,8.477,0.03,395,2388,100.0,38.68,23.2466,59
40,130,-0.0033,0.0003,100.0,518.67,642.58,1589.19,1422.86,14.62,21.61,552.9,2388.13,9074.44,1.3,47.79,520.98,2388.14,8148.6,8.4642,0.03,395,2388,100.0,38.44,23.1718,58
40,131,-0.0012,0.0003,100.0,518.67,643.04,1596.71,1416.33,14.62,21.61,552.19,2388.1,9072.25,1.3,47.67,520.9,2388.15,8148.33,8.4732,0.03,396,2388,100.0,38.76,22.9884,57
40,132,-0.0015,-0.0002,100.0,518.67,642.91,1595.06,1424.12,14.62,21.61,552.56,2388.05,9071.38,1.3,47.71,520.98,2388.11,8154.47,8.4802,0.03,394,2388,100.0,38.7,23.089,56
40,133,0.0044,0.0,100.0,518.67,642.81,1599.75,1420.19,14.62,21.61,552.89,2388.14,9072.47,1.3,47.7,520.85,2388.14,8152.35,8.4813,0.03,397,2388,100.0,38.71,23.2426,55
40,134,-0.0005,0.0001,100.0,518.67,642.96,1591.02,1416.87,14.62,21.61,553.06,2388.07,9079.03,1.3,47.73,520.69,2388.1,8152.74,8.431,0.03,394,2388,100.0,38.76,23.1097,54
40,135,0.0024,-0.0,100.0,518.67,643.28,1593.03,1416.27,14.62,21.61,553.56,2388.07,9087.11,1.3,47.92,520.43,2388.15,8151.37,8.4907,0.03,394,2388,100.0,38.8,23.172,53
40,136,0.0028,0.0002,100.0,518.67,642.75,1593.1,1417.51,14.62,21.61,552.93,2388.13,9082.91,1.3,47.8,520.59,2388.11,8148.46,8.4909,0.03,394,2388,100.0,38.75,23.1907,52
40,137,0.0006,0.0,100.0,518.67,642.75,1590.91,1411.93,14.62,21.61,552.6,2388.16,9077.03,1.3,47.91,520.87,2388.18,8152.56,8.4292,0.03,393,2388,100.0,38.68,23.2265,51
40,138,0.0019,0.0002,100.0,518.67,642.84,1600.93,1414.9,14.62,21.61,552.35,2388.19,9087.51,1.3,47.72,521.16,2388.2,8148.69,8.4698,0.03,395,2388,100.0,38.62,23.1908,50
40,139,-0.0022,0.0002,100.0,518.67,643.02,1591.79,1411.65,14.62,21.61,552.54,2388.11,9076.22,1.3,47.69,520.91,2388.09,8150.78,8.4631,0.03,394,2388,100.0,38.66,23.2684,49
40,140,-0.0011,0.0005,100.0,518.67,643.11,1601.04,1416.32,14.62,21.61,552.76,2388.13,9079.96,1.3,47.78,521.19,2388.16,8155.07,8.4827,0.03,394,2388,100.0,38.49,23.1124,48
40,141,0.0011,-0.0,100.0,518.67,642.41,1593.39,1420.84,14.62,21.61,552.16,2388.12,9073.17,1.3,47.79,520.84,2388.14,8154.24,8.5089,0.03,396,2388,100.0,38.41,23.226,47
40,142,0.0025,0.0001,100.0,518.67,643.46,1598.31,1417.29,14.62,21.61,553.09,2388.13,9081.26,1.3,47.82,520.64,2388.16,8159.74,8.4494,0.03,394,2388,100.0,38.63,23.2028,46
40,143,0.0012,0.0003,100.0,518.67,642.89,1595.6,1415.5,14.62,21.61,551.77,2388.15,9078.17,1.3,47.61,521.15,2388.13,8158.62,8.5097,0.03,396,2388,100.0,38.63,23.2497,45
40,144,0.001,-0.0001,100.0,518.67,643.72,1596.64,1418.99,14.62,21.61,552.66,2388.16,9082.25,1.3,47.86,520.63,2388.18,8154.85,8.4692,0.03,394,2388,100.0,38.65,23.1117,44
40,145,0.0022,0.0002,100.0,518.67,642.87,1594.2,1420.09,14.62,21.61,553.1,2388.07,9087.31,1.3,47.93,520.44,2388.13,8162.84,8.4877,0.03,396,2388,100.0,38.53,23.2354,43
40,146,0.0004,0.0005,100.0,518.67,643.31,1594.14,1414.27,14.62,21.61,552.43,2388.1,9082.02,1.3,47.64,520.86,2388.13,8152.76,8.5127,0.03,395,2388,100.0,38.49,23.22,42
40,147,-0.0017,0.0003,100.0,518.67,643.31,1593.49,1417.04,14.62,21.61,552.64,2388.16,9085.17,1.3,47.68,521.02,2388.15,8163.24,8.4695,0.03,395,2388,100.0,38.7,23.2738,41
40,148,0.0031,0.0,100.0,518.67,643.54,1596.47,1420.1,14.62,21.61,552.19,2388.13,9084.94,1.3,47.75,520.42,2388.17,8161.67,8.4593,0.03,396,2388,100.0,38.71,23.1265,40
40,149,0.003,-0.0001,100.0,518.67,642.77,1598.98,1421.33,14.62,21.61,553.36,2388.17,9085.53,1.3,47.71,521.01,2388.14,8162.69,8.4716,0.03,394,2388,100.0,38.67,23.1167,39
40,150,0.0001,0.0002,100.0,518.67,643.56,1598.29,1423.88,14.62,21.61,553.07,2388.12,9089.1,1.3,47.95,520.86,2388.2,8163.49,8.4644,0.03,394,2388,100.0,38.74,23.1691,38
40,151,-0.0017,0.0003,100.0,518.67,642.84,1597.36,1420.46,14.62,21.61,552.5,2388.14,9081.96,1.3,47.74,520.62,2388.17,8166.34,8.4725,0.03,394,2388,100.0,38.64,23.1927,37
40,152,0.0025,-0.0,100.0,518.67,643.65,1596.73,1411.43,14.62,21.61,551.94,2388.13,9086.9,1.3,47.98,520.51,2388.09,8162.25,8.4777,0.03,393,2388,100.0,38.57,23.1096,36
40,153,0.0019,-0.0004,100.0,518.67,643.23,1594.83,1416.22,14.62,21.61,553.15,2388.15,9084.36,1.3,47.77,520.94,2388.15,8161.16,8.5221,0.03,396,2388,100.0,38.56,23.1506,35
40,154,-0.0042,0.0003,100.0,518.67,643.13,1596.86,1418.6,14.62,21.61,552.21,2388.14,9093.35,1.3,48.0,520.28,2388.19,8159.78,8.4865,0.03,395,2388,100.0,38.52,23.0844,34
40,155,0.0011,-0.0002,100.0,518.67,643.04,1597.9,1417.95,14.62,21.61,552.05,2388.11,9099.13,1.3,47.85,520.31,2388.12,8167.58,8.4892,0.03,395,2388,100.0,38.55,23.0479,33
40,156,0.0007,-0.0003,100.0,518.67,643.44,1593.4,1423.83,14.62,21.61,552.35,2388.22,9098.02,1.3,47.82,520.28,2388.16,8165.98,8.4869,0.03,398,2388,100.0,38.71,23.2481,32
40,157,0.0003,0.0004,100.0,518.67,642.91,1596.23,1420.97,14.62,21.61,552.9,2388.17,9099.86,1.3,47.87,520.5,2388.18,8167.85,8.4936,0.03,395,2388,100.0,38.68,23.2025,31
40,158,-0.0022,-0.0003,100.0,518.67,642.96,1598.97,1421.75,14.62,21.61,551.57,2388.21,9090.2,1.3,47.92,520.19,2388.18,8164.87,8.4846,0.03,394,2388,100.0,38.71,23.0951,30
40,159,0.0008,0.0001,100.0,518.67,643.41,1598.67,1415.27,14.62,21.61,552.05,2388.16,9096.12,1.3,47.97,520.5,2388.18,8165.11,8.4841,0.03,396,2388,100.0,38.46,23.206,29
40,160,0.0027,0.0003,100.0,518.67,642.87,1595.69,1422.9,14.62,21.61,552.62,2388.15,9092.63,1.3,47.98,519.88,2388.18,8167.62,8.4912,0.03,396,2388,100.0,38.6,23.1296,28
40,161,-0.0017,0.0004,100.0,518.67,643.53,1583.91,1425.36,14.62,21.61,552.27,2388.18,9093.04,1.3,47.89,520.71,2388.16,8169.04,8.5036,0.03,395,2388,100.0,38.64,23.0539,27
40,162,-0.0023,-0.0004,100.0,518.67,643.69,1601.18,1423.7,14.62,21.61,551.53,2388.11,9102.56,1.3,47.71,520.31,2388.17,8169.79,8.4862,0.03,396,2388,100.0,38.57,23.0332,26
40,163,-0.0011,-0.0002,100.0,518.67,643.17,1594.13,1417.51,14.62,21.61,552.19,2388.13,9103.55,1.3,47.73,520.41,2388.18,8164.49,8.4827,0.03,393,2388,100.0,38.69,23.2238,25
40,164,-0.0011,0.0,100.0,518.67,643.53,1602.3,1424.2,14.62,21.61,552.56,2388.16,9095.95,1.3,47.82,520.13,2388.18,8172.54,8.4999,0.03,393,2388,100.0,38.54,23.1855,24
40,165,0.0021,-0.0003,100.0,518.67,643.45,1597.18,1421.72,14.62,21.61,552.59,2388.16,9102.92,1.3,47.85,520.32,2388.14,8170.34,8.4927,0.03,394,2388,100.0,38.43,23.1393,23
40,166,0.0014,-0.0003,100.0,518.67,643.59,1598.48,1422.24,14.62,21.61,551.82,2388.18,9100.85,1.3,48.03,520.28,2388.12,8171.39,8.5036,0.03,396,2388,100.0,38.52,23.0775,22
40,167,0.001,-0.0002,100.0,518.67,643.61,1592.84,1422.9,14.62,21.61,551.87,2388.22,9105.82,1.3,47.87,520.53,2388.18,8167.87,8.482,0.03,396,2388,100.0,38.58,23.1092,21
40,168,-0.0039,0.0003,100.0,518.67,643.2,1596.3,1424.77,14.62,21.61,552.12,2388.16,9110.94,1.3,47.78,520.06,2388.23,8173.09,8.4896,0.03,398,2388,100.0,38.38,23.2124,20
40,169,0.0004,-0.0003,100.0,518.67,643.27,1598.73,1423.45,14.62,21.61,552.01,2388.11,9102.26,1.3,48.13,520.22,2388.14,8176.48,8.513,0.03,395,2388,100.0,38.51,23.0678,19
40,170,-0.0027,0.0004,100.0,518.67,643.29,1599.9,1422.47,14.62,21.61,552.12,2388.13,9110.13,1.3,47.89,520.19,2388.22,8178.88,8.476,0.03,395,2388,100.0,38.52,23.1798,18
40,171,0.0038,-0.0003,100.0,518.67,643.44,1599.69,1421.72,14.62,21.61,552.29,2388.18,9101.61,1.3,47.83,520.4,2388.13,8179.72,8.512,0.03,398,2388,100.0,38.41,23.1361,17
40,172,-0.0035,-0.0,100.0,518.67,643.42,1597.18,1422.74,14.62,21.61,552.08,2388.17,9105.17,1.3,48.04,520.55,2388.2,8183.77,8.5442,0.03,395,2388,100.0,38.55,23.1271,16
40,173,-0.0001,0.0004,100.0,518.67,643.95,1599.81,1429.6,14.62,21.61,552.3,2388.18,9112.69,1.3,47.88,520.12,2388.23,8178.68,8.5191,0.03,395,2388,100.0,38.53,23.2039,15
40,174,-0.0018,-0.0005,100.0,518.67,643.51,1604.6,1430.95,14.62,21.61,552.78,2388.16,9120.78,1.3,48.12,520.43,2388.13,8186.11,8.4808,0.03,396,2388,100.0,38.45,23.0757,14
40,175,-0.0024,-0.0004,100.0,518.67,643.63,1598.28,1423.96,14.62,21.61,551.82,2388.2,9111.11,1.3,47.99,520.53,2388.18,8179.09,8.5106,0.03,395,2388,100.0,38.52,23.124,13
40,176,-0.0008,0.0005,100.0,518.67,643.97,1607.64,1415.96,14.62,21.61,551.27,2388.14,9121.78,1.3,48.08,519.74,2388.18,8185.17,8.4808,0.03,395,2388,100.0,38.63,23.1903,12
40,177,0.0008,0.0004,100.0,518.67,644.26,1598.58,1425.87,14.62,21.61,551.54,2388.17,9122.69,1.3,47.98,520.49,2388.17,8181.32,8.5179,0.03,395,2388,100.0,38.52,23.1628,11
40,178,0.0015,-0.0002,100.0,518.67,643.93,1603.02,1429.43,14.62,21.61,551.27,2388.19,9112.86,1.3,48.06,519.92,2388.16,8188.82,8.4845,0.03,394,2388,100.0,38.41,23.0295,10
40,179,0.0002,0.0004,100.0,518.67,643.3,1598.63,1419.48,14.62,21.61,551.6,2388.24,9125.11,1.3,47.97,520.47,2388.23,8192.22,8.5238,0.03,397,2388,100.0,38.74,23.1035,9
40,180,0.0019,0.0001,100.0,518.67,643.68,1606.65,1431.78,14.62,21.61,551.36,2388.16,9118.87,1.3,48.05,520.81,2388.11,8186.41,8.5237,0.03,397,2388,100.0,38.39,22.9777,8
40,181,0.001,0.0002,100.0,518.67,643.33,1606.82,1429.35,14.62,21.61,552.15,2388.17,9123.82,1.3,48.16,520.51,2388.22,8194.13,8.503,0.03,395,2388,100.0,38.58,23.0732,7
40,182,-0.0056,-0.0004,100.0,518.67,643.81,1607.54,1430.81,14.62,21.61,551.38,2388.19,9127.8,1.3,48.13,520.03,2388.14,8193.83,8.5184,0.03,398,2388,100.0,38.39,23.0108,6
40,183,-0.0024,-0.0004,100.0,518.67,643.7,1602.54,1428.22,14.62,21.61,551.88,2388.15,9130.24,1.3,48.2,520.39,2388.15,8195.59,8.5317,0.03,396,2388,100.0,38.53,22.9529,5
40,184,0.002,-0.0002,100.0,518.67,643.59,1604.29,1425.46,14.62,21.61,551.38,2388.18,9129.43,1.3,48.08,520.31,2388.19,8199.71,8.5105,0.03,396,2388,100.0,38.54,23.0755,4
40,185,0.0007,-0.0002,100.0,518.67,643.32,1604.87,1427.3,14.62,21.61,552.45,2388.21,9127.07,1.3,48.12,519.56,2388.18,8194.02,8.5312,0.03,397,2388,100.0,38.47,22.9686,3
40,186,0.0002,0.0003,100.0,518.67,643.6,1614.93,1427.59,14.62,21.61,551.58,2388.22,9133.34,1.3,48.16,519.73,2388.21,8198.36,8.4929,0.03,396,2388,100.0,38.3,23.1198,2
40,187,-0.0016,0.0,100.0,518.67,644.06,1604.34,1428.42,14.62,21.61,550.87,2388.14,9133.51,1.3,48.15,519.75,2388.22,8198.9,8.4856,0.03,397,2388,100.0,38.5,23.0906,1
40,188,0.0002,-0.0003,100.0,518.67,643.87,1611.92,1432.96,14.62,21.61,551.08,2388.23,9142.42,1.3,48.03,520.33,2388.25,8202.76,8.535,0.03,397,2388,100.0,38.37,23.1022,0
41,1,-0.0034,-0.0003,100.0,518.67,642.66,1581.02,1400.05,14.62,21.61,554.87,2387.99,9064.13,1.3,47.19,522.24,2388.08,8153.35,8.413,0.03,391,2388,100.0,38.94,23.3608,215
41,2,0.0019,0.0003,100.0,518.67,642.35,1591.17,1403.99,14.62,21.61,554.48,2387.97,9067.53,1.3,47.26,522.02,2388.02,8143.42,8.3996,0.03,391,2388,100.0,39.02,23.3779,214
41,3,-0.004,-0.0004,100.0,518.67,642.2,1589.71,1398.08,14.62,21.61,554.91,2387.99,9068.64,1.3,47.45,522.07,2388.02,8143.22,8.4215,0.03,391,2388,100.0,38.95,23.3598,213
41,4,0.0026,-0.0004,100.0,518.67,641.74,1585.53,1408.89,14.62,21.61,555.07,2388.05,9071.36,1.3,47.27,521.79,2388.07,8145.13,8.4023,0.03,391,2388,100.0,39.09,23.3986,212
41,5,-0.0006,0.0001,100.0,518.67,642.11,1578.21,1406.45,14.62,21.61,554.83,2388.0,9063.7,1.3,47.14,522.32,2388.03,8146.4,8.3793,0.03,391,2388,100.0,38.91,23.4437,211
41,6,-0.0031,-0.0004,100.0,518.67,642.63,1589.03,1404.52,14.62,21.61,553.89,2387.99,9060.44,1.3,47.27,523.09,2388.04,8146.57,8.4035,0.03,391,2388,100.0,38.76,23.4517,210
41,7,0.0013,-0.0004,100.0,518.67,642.26,1579.0,1400.55,14.62,21.61,553.96,2388.02,9062.93,1.3,47.15,522.43,2388.06,8145.23,8.4,0.03,392,2388,100.0,38.94,23.5234,209
41,8,-0.0,-0.0004,100.0,518.67,642.35,1582.59,1399.75,14.62,21.61,554.02,2388.05,9063.62,1.3,47.33,522.51,2388.05,8150.17,8.4147,0.03,392,2388,100.0,38.97,23.3617,208
41,9,-0.0006,-0.0002,100.0,518.67,642.21,1582.04,1398.77,14.62,21.61,554.63,2388.03,9062.24,1.3,47.21,521.89,2388.02,8143.67,8.3797,0.03,392,2388,100.0,39.11,23.3347,207
41,10,-0.0003,0.0005,100.0,518.67,641.93,1586.49,1391.09,14.62,21.61,554.88,2388.01,9064.75,1.3,47.17,522.55,2388.02,8141.51,8.4026,0.03,392,2388,100.0,38.96,23.4328,206
41,11,-0.0007,-0.0004,100.0,518.67,642.08,1581.89,1395.51,14.62,21.6,554.13,2388.02,9058.42,1.3,47.33,522.34,2388.0,8149.94,8.4099,0.03,392,2388,100.0,39.04,23.3279,205
41,12,0.0026,0.0004,100.0,518.67,642.52,1580.81,1397.28,14.62,21.61,554.85,2388.04,9061.76,1.3,47.3,522.35,2388.02,8141.58,8.3841,0.03,391,2388,100.0,38.9,23.3475,204
41,13,-0.0042,0.0002,100.0,518.67,642.49,1585.24,1398.72,14.62,21.61,554.66,2388.01,9063.05,1.3,47.25,522.28,2387.98,8151.39,8.387,0.03,391,2388,100.0,38.93,23.3529,203
41,14,-0.0016,0.0002,100.0,518.67,642.69,1585.0,1402.3,14.62,21.61,554.24,2388.07,9062.88,1.3,47.18,522.17,2388.06,8143.26,8.3834,0.03,392,2388,100.0,39.06,23.3631,202
41,15,0.0056,0.0004,100.0,518.67,642.1,1584.93,1393.25,14.62,21.61,554.62,2388.0,9061.26,1.3,47.24,522.37,2387.98,8140.26,8.4384,0.03,392,2388,100.0,38.83,23.4242,201
41,16,0.0032,0.0005,100.0,518.67,642.68,1583.94,1405.22,14.62,21.6,553.92,2388.02,9067.72,1.3,47.26,521.67,2387.98,8148.42,8.4058,0.03,393,2388,100.0,39.09,23.3661,200
41,17,-0.0008,-0.0003,100.0,518.67,642.23,1591.01,1406.69,14.62,21.6,554.62,2387.98,9059.67,1.3,47.23,522.1,2388.07,8146.11,8.415,0.03,392,2388,100.0,39.12,23.3098,199
41,18,0.0042,-0.0004,100.0,518.67,641.96,1584.48,1398.87,14.62,21.61,553.94,2388.04,9068.2,1.3,47.27,522.54,2387.98,8148.12,8.4417,0.03,390,2388,100.0,38.98,23.4416,198
41,19,0.0017,0.0003,100.0,518.67,641.75,1584.57,1396.24,14.62,21.61,554.19,2387.97,9060.53,1.3,47.38,522.58,2387.99,8145.28,8.3845,0.03,393,2388,100.0,38.92,23.3302,197
41,20,0.0003,0.0005,100.0,518.67,641.94,1588.72,1400.14,14.62,21.61,554.16,2388.05,9061.15,1.3,47.26,522.02,2388.08,8151.86,8.412,0.03,392,2388,100.0,38.96,23.4141,196
41,21,0.0006,-0.0003,100.0,518.67,642.12,1587.0,1395.03,14.62,21.6,554.32,2388.01,9059.48,1.3,47.37,522.56,2388.0,8148.23,8.4302,0.03,393,2388,100.0,38.92,23.3716,195
41,22,-0.0029,0.0001,100.0,518.67,641.57,1583.3,1401.3,14.62,21.61,553.75,2388.03,9066.42,1.3,47.31,521.86,2388.07,8150.16,8.3875,0.03,391,2388,100.0,39.15,23.4643,194
41,23,0.0011,-0.0001,100.0,518.67,642.65,1588.16,1399.07,14.62,21.61,554.49,2388.01,9071.6,1.3,47.35,522.36,2388.06,8139.22,8.3807,0.03,392,2388,100.0,39.07,23.4666,193
41,24,-0.0011,-0.0004,100.0,518.67,642.47,1581.81,1391.27,14.62,21.61,554.0,2388.03,9065.11,1.3,47.34,521.75,2387.98,8145.66,8.3903,0.03,392,2388,100.0,38.96,23.4438,192
41,25,0.0015,-0.0001,100.0,518.67,641.98,1582.24,1396.86,14.62,21.61,553.36,2388.07,9060.33,1.3,47.25,521.28,2388.01,8148.46,8.3946,0.03,394,2388,100.0,38.92,23.4964,191
41,26,-0.0003,0.0004,100.0,518.67,642.28,1579.99,1396.47,14.62,21.61,554.32,2388.05,9064.07,1.3,47.23,521.81,2388.0,8144.15,8.3843,0.03,392,2388,100.0,39.1,23.4039,190
41,27,-0.0023,-0.0001,100.0,518.67,642.58,1584.5,1404.92,14.62,21.61,554.25,2387.95,9066.1,1.3,47.32,522.37,2388.02,8148.42,8.396,0.03,392,2388,100.0,38.81,23.3427,189
41,28,0.0,0.0002,100.0,518.67,642.04,1582.13,1405.05,14.62,21.61,554.41,2388.05,9059.97,1.3,47.3,522.13,2388.03,8149.57,8.4107,0.03,391,2388,100.0,38.99,23.3916,188
41,29,0.0023,-0.0003,100.0,518.67,642.15,1584.24,1402.21,14.62,21.61,554.49,2388.04,9072.69,1.3,47.2,522.16,2388.01,8146.1,8.4184,0.03,392,2388,100.0,39.03,23.4006,187
41,30,0.0014,-0.0001,100.0,518.67,642.04,1585.09,1399.26,14.62,21.61,553.94,2388.0,9063.19,1.3,47.29,522.26,2387.99,8147.47,8.3857,0.03,392,2388,100.0,39.02,23.363,186
41,31,0.0027,-0.0004,100.0,518.67,642.15,1586.98,1402.33,14.62,21.61,554.12,2388.01,9060.51,1.3,47.12,521.73,2388.02,8148.77,8.3943,0.03,393,2388,100.0,38.99,23.476,185
41,32,0.0004,0.0,100.0,518.67,641.95,1582.23,1401.77,14.62,21.61,554.03,2388.01,9065.86,1.3,47.38,521.99,2388.01,8149.09,8.4214,0.03,393,2388,100.0,38.93,23.2778,184
41,33,-0.0028,0.0002,100.0,518.67,642.38,1581.22,1400.33,14.62,21.61,554.43,2388.02,9066.31,1.3,47.23,522.09,2388.02,8148.18,8.3938,0.03,393,2388,100.0,39.05,23.2761,183
41,34,-0.0004,-0.0002,100.0,518.67,642.04,1585.91,1399.54,14.62,21.61,554.58,2388.03,9055.66,1.3,47.28,522.07,2387.97,8145.77,8.4406,0.03,395,2388,100.0,39.03,23.3824,182
41,35,0.002,0.0005,100.0,518.67,642.34,1584.76,1399.08,14.62,21.6,553.83,2388.01,9063.45,1.3,47.26,522.61,2387.94,8147.2,8.4345,0.03,393,2388,100.0,39.05,23.3314,181
41,36,0.0007,0.0005,100.0,518.67,642.04,1586.15,1392.32,14.62,21.61,554.08,2388.02,9070.39,1.3,47.32,522.49,2388.05,8150.78,8.4117,0.03,394,2388,100.0,38.89,23.4742,180
41,37,0.0024,0.0001,100.0,518.67,642.24,1581.95,1393.5,14.62,21.61,554.79,2388.07,9056.15,1.3,47.21,522.52,2387.99,8144.85,8.446,0.03,390,2388,100.0,39.04,23.3135,179
41,38,0.0046,-0.0002,100.0,518.67,642.2,1591.46,1399.35,14.62,21.61,554.42,2388.02,9057.45,1.3,47.29,522.31,2388.05,8144.78,8.4073,0.03,391,2388,100.0,38.92,23.3953,178
41,39,0.0024,0.0003,100.0,518.67,642.23,1583.6,1400.98,14.62,21.61,553.95,2387.98,9061.77,1.3,47.39,522.08,2387.99,8144.62,8.3953,0.03,392,2388,100.0,39.02,23.4833,177
41,40,0.0045,0.0005,100.0,518.67,642.64,1580.17,1403.14,14.62,21.6,554.22,2388.03,9065.44,1.3,47.16,522.31,2388.0,8152.02,8.4046,0.03,393,2388,100.0,39.1,23.3544,176
41,41,0.0007,0.0004,100.0,518.67,641.85,1582.34,1402.59,14.62,21.61,554.95,2388.03,9064.13,1.3,47.39,522.44,2387.99,8148.49,8.4065,0.03,392,2388,100.0,38.95,23.4668,175
41,42,-0.0021,0.0,100.0,518.67,641.81,1588.33,1391.1,14.62,21.61,554.42,2388.08,9061.63,1.3,47.15,522.05,2388.03,8148.52,8.4031,0.03,393,2388,100.0,39.01,23.2587,174
41,43,-0.0014,-0.0003,100.0,518.67,642.07,1577.23,1393.64,14.62,21.61,554.4,2387.96,9061.57,1.3,47.39,522.22,2387.98,8151.17,8.4001,0.03,392,2388,100.0,38.95,23.3855,173
41,44,-0.0027,-0.0004,100.0,518.67,641.65,1585.47,1394.68,14.62,21.61,554.62,2387.98,9060.9,1.3,47.33,522.32,2388.02,8151.77,8.3957,0.03,390,2388,100.0,38.91,23.3669,172
41,45,0.0016,0.0002,100.0,518.67,641.97,1582.37,1400.23,14.62,21.61,554.08,2388.0,9072.14,1.3,47.27,522.54,2388.05,8147.75,8.3904,0.03,390,2388,100.0,38.91,23.4365,171
41,46,0.0015,0.0002,100.0,518.67,641.99,1591.46,1400.64,14.62,21.61,554.68,2388.02,9062.52,1.3,47.28,521.77,2387.99,8142.76,8.4201,0.03,390,2388,100.0,38.95,23.4101,170
41,47,0.001,0.0005,100.0,518.67,642.37,1585.87,1399.9,14.62,21.61,553.34,2388.01,9064.71,1.3,47.01,522.27,2388.04,8145.72,8.4311,0.03,391,2388,100.0,39.08,23.4619,169
41,48,0.0013,0.0003,100.0,518.67,642.47,1585.33,1398.75,14.62,21.61,554.23,2388.05,9066.26,1.3,47.29,522.1,2388.0,8148.98,8.3789,0.03,394,2388,100.0,39.04,23.2837,168
41,49,0.0005,0.0005,100.0,518.67,642.86,1588.91,1410.01,14.62,21.61,554.1,2388.02,9065.53,1.3,47.22,522.32,2388.04,8146.76,8.4205,0.03,391,2388,100.0,38.85,23.3819,167
41,50,0.0046,-0.0,100.0,518.67,642.33,1577.37,1398.79,14.62,21.61,554.09,2388.02,9066.14,1.3,47.39,522.09,2388.03,8146.24,8.4352,0.03,391,2388,100.0,38.93,23.3785,166
41,51,0.0011,-0.0002,100.0,518.67,642.37,1584.74,1406.36,14.62,21.61,554.2,2387.98,9063.36,1.3,47.26,522.78,2388.0,8144.84,8.4198,0.03,392,2388,100.0,38.92,23.3366,165
41,52,-0.0028,-0.0001,100.0,518.67,641.94,1586.37,1400.62,14.62,21.61,554.0,2388.09,9060.8,1.3,47.0,522.07,2387.98,8142.97,8.4082,0.03,392,2388,100.0,39.02,23.3932,164
41,53,-0.0039,-0.0002,100.0,518.67,642.87,1587.74,1399.86,14.62,21.61,553.68,2388.05,9061.14,1.3,47.3,522.14,2388.03,8148.58,8.4034,0.03,392,2388,100.0,39.02,23.4442,163
41,54,-0.0024,0.0005,100.0,518.67,642.52,1586.43,1390.39,14.62,21.61,554.46,2387.99,9070.34,1.3,47.37,522.4,2387.97,8149.58,8.41,0.03,393,2388,100.0,38.92,23.4417,162
41,55,-0.0021,0.0001,100.0,518.67,642.07,1584.27,1397.37,14.62,21.61,553.97,2388.04,9063.69,1.3,47.52,522.17,2388.03,8149.05,8.3982,0.03,392,2388,100.0,38.99,23.4015,161
41,56,0.0007,0.0005,100.0,518.67,642.37,1593.66,1392.76,14.62,21.61,554.37,2388.04,9067.6,1.3,47.18,522.26,2388.01,8146.55,8.3742,0.03,391,2388,100.0,38.88,23.306,160
41,57,0.0008,-0.0004,100.0,518.67,643.02,1591.66,1398.37,14.62,21.61,554.49,2387.98,9068.75,1.3,47.45,522.26,2388.02,8150.33,8.4069,0.03,392,2388,100.0,39.1,23.4089,159
41,58,0.0015,-0.0004,100.0,518.67,642.04,1583.3,1402.08,14.62,21.61,553.26,2387.99,9063.47,1.3,47.35,521.85,2388.0,8147.09,8.4161,0.03,393,2388,100.0,38.91,23.3008,158
41,59,0.0024,0.0001,100.0,518.67,642.13,1585.0,1398.72,14.62,21.61,554.46,2388.0,9072.67,1.3,47.18,522.11,2388.05,8145.31,8.3847,0.03,392,2388,100.0,38.98,23.3135,157
41,60,-0.0019,-0.0001,100.0,518.67,642.01,1587.08,1395.29,14.62,21.61,553.97,2388.02,9065.32,1.3,47.34,521.65,2388.05,8150.78,8.4135,0.03,391,2388,100.0,38.96,23.319,156
41,61,-0.0026,0.0004,100.0,518.67,642.13,1576.83,1403.8,14.62,21.61,553.48,2387.98,9066.21,1.3,47.26,521.96,2387.94,8145.3,8.4253,0.03,392,2388,100.0,38.94,23.4705,155
41,62,-0.0001,0.0,100.0,518.67,642.28,1585.19,1398.85,14.62,21.61,554.1,2387.99,9067.95,1.3,47.19,522.0,2388.03,8153.06,8.4138,0.03,393,2388,100.0,38.91,23.3669,154
41,63,-0.0023,-0.0004,100.0,518.67,642.79,1583.41,1400.66,14.62,21.61,554.37,2388.03,9061.4,1.3,47.38,521.91,2388.02,8145.49,8.3983,0.03,392,2388,100.0,38.95,23.3178,153
41,64,0.0027,0.0005,100.0,518.67,642.27,1583.89,1399.08,14.62,21.61,553.91,2388.01,9066.63,1.3,47.47,522.13,2388.01,8143.6,8.4355,0.03,393,2388,100.0,38.87,23.3468,152
41,65,-0.0012,0.0002,100.0,518.67,642.03,1587.47,1397.3,14.62,21.61,553.17,2388.01,9062.41,1.3,47.3,522.0,2388.07,8142.82,8.3904,0.03,393,2388,100.0,39.12,23.4441,151
41,66,-0.0024,-0.0002,100.0,518.67,642.12,1587.24,1396.98,14.62,21.61,554.87,2388.02,9076.33,1.3,47.3,521.97,2388.01,8146.39,8.4173,0.03,393,2388,100.0,38.94,23.3509,150
41,67,0.0023,0.0001,100.0,518.67,642.57,1592.68,1397.86,14.62,21.61,553.77,2388.03,9070.2,1.3,47.29,522.31,2388.02,8145.52,8.4081,0.03,394,2388,100.0,39.07,23.4797,149
41,68,-0.0045,-0.0001,100.0,518.67,642.38,1594.09,1415.21,14.62,21.61,553.81,2388.06,9071.07,1.3,47.32,522.35,2388.0,8150.47,8.3892,0.03,391,2388,100.0,38.99,23.3345,148
41,69,0.0015,-0.0003,100.0,518.67,642.51,1578.47,1406.24,14.62,21.61,554.24,2388.05,9069.43,1.3,47.36,522.83,2388.02,8151.03,8.4118,0.03,392,2388,100.0,38.88,23.4061,147
41,70,-0.0013,0.0,100.0,518.67,641.91,1589.73,1400.06,14.62,21.61,554.15,2388.03,9069.31,1.3,47.26,521.88,2388.03,8154.23,8.4209,0.03,391,2388,100.0,38.83,23.3617,146
41,71,0.0003,-0.0001,100.0,518.67,642.21,1583.86,1404.21,14.62,21.61,554.49,2387.98,9074.95,1.3,47.29,522.42,2388.01,8148.32,8.3769,0.03,392,2388,100.0,38.97,23.3813,145
41,72,0.0039,0.0002,100.0,518.67,642.31,1586.55,1400.07,14.62,21.61,554.72,2388.02,9068.75,1.3,47.37,522.35,2388.0,8144.45,8.391,0.03,391,2388,100.0,39.03,23.3448,144
41,73,-0.0009,-0.0001,100.0,518.67,643.0,1581.44,1398.11,14.62,21.61,554.15,2388.1,9071.75,1.3,47.21,522.19,2388.05,8152.35,8.4007,0.03,393,2388,100.0,38.95,23.3807,143
41,74,-0.0043,0.0002,100.0,518.67,642.54,1588.95,1399.17,14.62,21.61,553.51,2388.06,9064.95,1.3,47.15,521.56,2387.99,8147.43,8.4423,0.03,392,2388,100.0,39.01,23.4185,142
41,75,-0.0009,0.0003,100.0,518.67,641.97,1596.15,1408.89,14.62,21.61,553.59,2388.02,9056.22,1.3,47.1,521.38,2388.04,8151.5,8.4232,0.03,391,2388,100.0,38.77,23.3613,141
41,76,0.002,0.0005,100.0,518.67,642.6,1583.46,1401.28,14.62,21.61,554.93,2388.08,9067.56,1.3,47.34,521.98,2388.06,8154.07,8.4241,0.03,392,2388,100.0,39.11,23.3172,140
41,77,0.0011,-0.0001,100.0,518.67,642.21,1581.49,1401.89,14.62,21.61,554.65,2388.01,9067.59,1.3,47.39,522.4,2388.05,8151.75,8.4489,0.03,392,2388,100.0,39.05,23.3856,139
41,78,-0.0003,-0.0,100.0,518.67,641.94,1589.77,1398.42,14.62,21.61,553.9,2388.06,9064.74,1.3,47.1,522.8,2388.02,8142.89,8.4334,0.03,391,2388,100.0,38.88,23.4167,138
41,79,0.0016,-0.0002,100.0,518.67,642.75,1585.32,1404.53,14.62,21.61,554.39,2388.02,9073.28,1.3,47.17,522.07,2388.05,8149.99,8.3993,0.03,392,2388,100.0,38.86,23.2632,137
41,80,-0.0007,0.0005,100.0,518.67,642.25,1574.75,1404.14,14.62,21.61,553.87,2388.03,9066.76,1.3,47.34,522.1,2388.0,8145.81,8.4419,0.03,393,2388,100.0,38.81,23.409,136
41,81,-0.0,0.0,100.0,518.67,641.47,1584.14,1399.08,14.62,21.61,554.04,2388.05,9065.52,1.3,47.45,521.8,2388.04,8150.22,8.3943,0.03,392,2388,100.0,38.96,23.5181,135
41,82,0.0003,0.0001,100.0,518.67,642.13,1594.1,1403.61,14.62,21.61,554.52,2388.02,9064.11,1.3,47.29,522.49,2388.05,8147.52,8.4334,0.03,392,2388,100.0,38.95,23.3764,134
41,83,0.0004,-0.0004,100.0,518.67,642.43,1588.62,1404.47,14.62,21.61,553.65,2388.03,9070.12,1.3,47.36,522.37,2388.05,8149.49,8.4402,0.03,393,2388,100.0,38.94,23.5444,133
41,84,-0.001,0.0001,100.0,518.67,643.14,1582.52,1390.03,14.62,21.61,554.02,2388.02,9068.44,1.3,47.44,522.52,2388.04,8152.81,8.3984,0.03,390,2388,100.0,38.96,23.3158,132
41,85,-0.0018,0.0004,100.0,518.67,642.14,1587.45,1405.65,14.62,21.61,554.17,2388.04,9069.46,1.3,47.4,521.98,2388.0,8147.42,8.4264,0.03,392,2388,100.0,39.1,23.3126,131
41,86,0.0013,-0.0003,100.0,518.67,642.01,1591.37,1398.48,14.62,21.61,554.57,2388.01,9060.09,1.3,47.48,522.5,2388.04,8145.86,8.4142,0.03,392,2388,100.0,38.76,23.4508,130
41,87,0.0032,0.0002,100.0,518.67,642.76,1585.28,1403.97,14.62,21.6,554.18,2388.03,9063.66,1.3,47.21,522.26,2387.97,8149.73,8.3983,0.03,392,2388,100.0,38.82,23.4371,129
41,88,-0.0003,-0.0001,100.0,518.67,642.34,1583.29,1398.25,14.62,21.61,554.29,2388.0,9072.97,1.3,47.26,522.15,2388.04,8144.47,8.3781,0.03,393,2388,100.0,39.14,23.3553,128
41,89,0.0037,0.0004,100.0,518.67,641.91,1585.96,1403.46,14.62,21.61,554.65,2387.98,9066.45,1.3,47.39,522.64,2388.02,8155.51,8.4384,0.03,393,2388,100.0,38.96,23.3483,127
41,90,-0.0019,0.0001,100.0,518.67,642.18,1593.36,1403.89,14.62,21.61,554.37,2388.01,9077.09,1.3,47.38,522.09,2387.98,8149.65,8.3937,0.03,391,2388,100.0,38.95,23.2136,126
41,91,-0.0016,-0.0004,100.0,518.67,642.92,1580.98,1400.1,14.62,21.61,554.06,2388.04,9068.85,1.3,47.36,522.28,2388.01,8147.5,8.4333,0.03,391,2388,100.0,39.03,23.3007,125
41,92,0.0007,-0.0001,100.0,518.67,642.52,1585.5,1391.57,14.62,21.61,553.73,2388.01,9071.92,1.3,47.42,522.09,2388.06,8151.19,8.3621,0.03,392,2388,100.0,38.92,23.3262,124
41,93,-0.0029,0.0004,100.0,518.67,641.9,1592.2,1402.3,14.62,21.61,554.44,2388.08,9071.42,1.3,47.21,521.75,2388.02,8152.88,8.4452,0.03,393,2388,100.0,38.95,23.3024,123
41,94,0.0017,0.0005,100.0,518.67,641.86,1581.17,1399.7,14.62,21.61,554.23,2388.02,9066.07,1.3,47.18,521.71,2388.04,8150.75,8.4404,0.03,393,2388,100.0,39.1,23.3619,122
41,95,0.0014,0.0,100.0,518.67,642.23,1581.02,1406.45,14.62,21.61,554.2,2388.04,9061.5,1.3,47.18,521.87,2388.07,8147.55,8.433,0.03,393,2388,100.0,38.97,23.2193,121
41,96,-0.0031,0.0005,100.0,518.67,642.61,1584.33,1402.66,14.62,21.61,553.99,2388.01,9068.1,1.3,47.26,521.85,2388.02,8152.2,8.4442,0.03,392,2388,100.0,38.89,23.2864,120
41,97,-0.0015,0.0001,100.0,518.67,642.59,1590.74,1403.21,14.62,21.61,553.69,2388.01,9067.26,1.3,47.37,521.76,2387.99,8154.44,8.4439,0.03,392,2388,100.0,38.91,23.3741,119
41,98,0.003,0.0004,100.0,518.67,642.44,1584.77,1401.43,14.62,21.61,553.95,2388.02,9063.64,1.3,47.35,521.71,2388.06,8149.11,8.4289,0.03,391,2388,100.0,38.99,23.2899,118
41,99,0.0006,-0.0004,100.0,518.67,642.24,1585.08,1398.2,14.62,21.61,554.44,2387.93,9063.83,1.3,47.19,522.04,2388.05,8151.87,8.4307,0.03,393,2388,100.0,38.82,23.3179,117
41,100,0.0017,0.0005,100.0,518.67,642.87,1597.59,1406.99,14.62,21.61,554.07,2388.1,9066.47,1.3,47.38,522.15,2388.01,8150.46,8.4156,0.03,392,2388,100.0,38.92,23.2304,116
41,101,-0.0012,-0.0004,100.0,518.67,643.08,1588.91,1404.61,14.62,21.61,554.33,2388.03,9077.0,1.3,47.38,522.05,2388.09,8156.04,8.3978,0.03,391,2388,100.0,38.99,23.3855,115
41,102,0.0005,-0.0002,100.0,518.67,643.02,1583.21,1407.7,14.62,21.61,553.9,2388.03,9074.5,1.3,47.33,522.07,2388.08,8146.97,8.4159,0.03,393,2388,100.0,38.97,23.3209,114
41,103,0.0023,-0.0004,100.0,518.67,642.07,1585.52,1406.22,14.62,21.61,554.27,2388.04,9078.05,1.3,47.31,522.41,2388.07,8153.04,8.406,0.03,395,2388,100.0,38.85,23.3706,113
41,104,-0.0007,-0.0001,100.0,518.67,642.25,1588.69,1406.73,14.62,21.61,554.41,2388.01,9069.15,1.3,47.3,522.17,2387.97,8150.53,8.4196,0.03,391,2388,100.0,39.05,23.4737,112
41,105,0.0002,0.0003,100.0,518.67,642.3,1586.0,1412.53,14.62,21.61,553.99,2388.02,9067.48,1.3,47.34,522.06,2388.06,8151.72,8.4046,0.03,392,2388,100.0,38.87,23.2925,111
41,106,0.0001,0.0003,100.0,518.67,642.33,1587.36,1405.95,14.62,21.61,554.79,2388.04,9060.86,1.3,47.22,522.28,2388.04,8155.39,8.4462,0.03,391,2388,100.0,38.67,23.2898,110
41,107,0.0036,-0.0,100.0,518.67,642.4,1585.43,1406.36,14.62,21.61,553.75,2388.03,9079.72,1.3,47.34,521.93,2388.03,8155.11,8.4006,0.03,392,2388,100.0,38.91,23.4421,109
41,108,0.0021,0.0001,100.0,518.67,642.38,1586.82,1405.84,14.62,21.61,553.43,2388.04,9068.81,1.3,47.54,522.24,2388.0,8153.6,8.3985,0.03,392,2388,100.0,39.06,23.2663,108
41,109,-0.0014,-0.0003,100.0,518.67,642.63,1585.81,1395.54,14.62,21.61,554.13,2388.09,9075.54,1.3,47.56,522.13,2388.07,8149.43,8.4272,0.03,393,2388,100.0,38.89,23.4292,107
41,110,-0.0005,0.0001,100.0,518.67,642.09,1589.77,1406.41,14.62,21.61,554.32,2388.01,9071.53,1.3,47.26,521.91,2388.02,8158.86,8.4123,0.03,393,2388,100.0,38.94,23.2614,106
41,111,-0.0022,0.0004,100.0,518.67,642.09,1585.93,1401.59,14.62,21.61,554.63,2388.04,9076.62,1.3,47.43,522.45,2388.08,8151.96,8.3999,0.03,392,2388,100.0,38.93,23.4159,105
41,112,0.0,-0.0004,100.0,518.67,642.07,1585.89,1395.67,14.62,21.6,553.61,2388.04,9072.16,1.3,47.49,522.02,2388.03,8155.86,8.4235,0.03,393,2388,100.0,38.98,23.2328,104
41,113,0.0003,-0.0001,100.0,518.67,642.39,1589.31,1405.26,14.62,21.61,554.04,2388.02,9076.44,1.3,47.57,521.36,2388.1,8151.82,8.413,0.03,391,2388,100.0,38.83,23.3436,103
41,114,-0.0001,0.0002,100.0,518.67,642.44,1587.88,1393.8,14.62,21.61,553.62,2388.05,9071.54,1.3,47.49,522.52,2388.05,8150.46,8.3872,0.03,393,2388,100.0,38.86,23.2953,102
41,115,-0.0,-0.0001,100.0,518.67,642.72,1582.15,1402.18,14.62,21.61,554.36,2388.02,9079.56,1.3,47.21,521.96,2388.01,8151.31,8.4436,0.03,390,2388,100.0,39.01,23.3328,101
41,116,-0.001,-0.0003,100.0,518.67,642.19,1591.14,1403.87,14.62,21.61,554.7,2388.07,9064.39,1.3,47.43,521.68,2388.01,8154.11,8.3949,0.03,394,2388,100.0,38.89,23.3805,100
41,117,-0.0008,-0.0004,100.0,518.67,642.25,1584.14,1404.49,14.62,21.61,554.25,2388.0,9069.65,1.3,47.3,521.64,2388.09,8154.14,8.4102,0.03,393,2388,100.0,39.01,23.3369,99
41,118,-0.002,0.0001,100.0,518.67,642.78,1584.74,1407.69,14.62,21.61,553.55,2388.07,9077.08,1.3,47.17,521.93,2388.05,8151.0,8.401,0.03,394,2388,100.0,38.91,23.2631,98
41,119,0.0009,0.0004,100.0,518.67,642.71,1586.06,1398.44,14.62,21.61,554.6,2388.06,9072.6,1.3,47.38,522.21,2388.07,8150.19,8.4475,0.03,393,2388,100.0,38.8,23.3927,97
41,120,-0.0021,0.0005,100.0,518.67,642.36,1585.47,1412.08,14.62,21.61,554.97,2388.04,9078.11,1.3,47.4,522.17,2388.01,8160.02,8.443,0.03,393,2388,100.0,39.0,23.4454,96
41,121,0.0006,-0.0,100.0,518.67,642.68,1583.15,1400.21,14.62,21.61,554.0,2388.0,9079.49,1.3,47.3,522.04,2388.07,8149.2,8.4181,0.03,394,2388,100.0,38.62,23.3317,95
41,122,-0.0005,-0.0001,100.0,518.67,642.52,1591.09,1408.33,14.62,21.61,554.06,2387.97,9075.12,1.3,47.51,522.16,2388.0,8153.94,8.4154,0.03,392,2388,100.0,38.78,23.3482,94
41,123,-0.0034,-0.0,100.0,518.67,642.96,1583.8,1403.33,14.62,21.61,553.87,2388.06,9076.81,1.3,47.5,521.87,2388.02,8153.02,8.4435,0.03,394,2388,100.0,38.77,23.3781,93
41,124,-0.0001,0.0002,100.0,518.67,642.3,1595.06,1406.41,14.62,21.61,553.99,2388.03,9074.25,1.3,47.42,521.76,2388.07,8155.32,8.429,0.03,393,2388,100.0,38.8,23.2778,92
41,125,0.0017,-0.0,100.0,518.67,642.68,1584.56,1405.34,14.62,21.61,554.46,2388.05,9077.11,1.3,47.57,521.91,2387.99,8157.56,8.4237,0.03,394,2388,100.0,38.89,23.3177,91
41,126,0.0018,0.0001,100.0,518.67,642.5,1583.8,1401.41,14.62,21.61,553.65,2388.0,9076.65,1.3,47.46,522.28,2388.09,8155.34,8.4177,0.03,393,2388,100.0,38.72,23.3559,90
41,127,0.002,-0.0002,100.0,518.67,642.73,1582.78,1402.07,14.62,21.61,553.74,2388.05,9075.7,1.3,47.29,521.56,2388.04,8149.98,8.4505,0.03,393,2388,100.0,38.85,23.3532,89
41,128,0.0022,-0.0002,100.0,518.67,642.9,1590.67,1411.28,14.62,21.61,553.76,2388.03,9080.13,1.3,47.38,521.28,2387.98,8158.04,8.4487,0.03,393,2388,100.0,38.96,23.3155,88
41,129,-0.0009,0.0005,100.0,518.67,642.26,1586.66,1406.71,14.62,21.61,553.63,2387.99,9078.53,1.3,47.19,521.44,2388.05,8150.07,8.4127,0.03,394,2388,100.0,38.91,23.4011,87
41,130,0.0,-0.0004,100.0,518.67,642.8,1589.53,1404.81,14.62,21.61,553.84,2388.06,9082.71,1.3,47.56,522.0,2388.07,8156.84,8.4413,0.03,392,2388,100.0,39.01,23.3835,86
41,131,0.0015,0.0004,100.0,518.67,642.19,1585.34,1403.7,14.62,21.61,553.43,2388.04,9076.0,1.3,47.23,521.31,2388.07,8156.43,8.4311,0.03,395,2388,100.0,39.01,23.3803,85
41,132,-0.0034,-0.0002,100.0,518.67,642.83,1593.33,1405.44,14.62,21.61,553.62,2388.03,9083.74,1.3,47.51,520.44,2388.08,8158.17,8.426,0.03,391,2388,100.0,38.74,23.3853,84
41,133,-0.0008,-0.0,100.0,518.67,642.42,1580.2,1409.9,14.62,21.61,553.59,2388.02,9078.08,1.3,47.25,521.61,2388.07,8156.63,8.4277,0.03,393,2388,100.0,38.81,23.3346,83
41,134,-0.0012,0.0,100.0,518.67,642.17,1590.65,1404.59,14.62,21.61,553.8,2387.98,9076.82,1.3,47.4,521.78,2388.05,8158.91,8.4201,0.03,392,2388,100.0,39.01,23.3459,82
41,135,0.0015,-0.0002,100.0,518.67,642.88,1592.81,1405.24,14.62,21.61,553.28,2388.08,9078.26,1.3,47.48,521.5,2388.06,8156.43,8.4413,0.03,393,2388,100.0,39.04,23.3521,81
41,136,0.0012,-0.0002,100.0,518.67,642.39,1592.89,1410.61,14.62,21.61,553.12,2388.06,9076.97,1.3,47.15,521.58,2388.05,8156.49,8.4304,0.03,393,2388,100.0,38.85,23.3768,80
41,137,-0.0016,0.0003,100.0,518.67,642.32,1590.52,1400.78,14.62,21.61,553.71,2388.05,9077.09,1.3,47.44,522.26,2388.08,8155.64,8.4339,0.03,392,2388,100.0,38.86,23.3819,79
41,138,-0.0034,0.0002,100.0,518.67,642.54,1587.16,1405.0,14.62,21.61,553.75,2388.07,9068.36,1.3,47.35,521.55,2388.04,8154.82,8.4298,0.03,393,2388,100.0,38.88,23.2919,78
41,139,0.0003,-0.0004,100.0,518.67,642.78,1592.59,1400.2,14.62,21.61,553.15,2388.05,9085.07,1.3,47.39,521.84,2388.05,8158.01,8.4223,0.03,392,2388,100.0,38.79,23.2241,77
41,140,0.0011,0.0004,100.0,518.67,642.64,1586.41,1405.88,14.62,21.61,553.16,2388.01,9075.39,1.3,47.43,521.11,2388.09,8155.58,8.4166,0.03,395,2388,100.0,38.88,23.2367,76
41,141,-0.0008,-0.0003,100.0,518.67,643.2,1583.27,1401.32,14.62,21.61,554.29,2388.1,9085.21,1.3,47.36,521.79,2387.98,8157.53,8.4414,0.03,392,2388,100.0,38.99,23.2998,75
41,142,0.0013,-0.0002,100.0,518.67,642.61,1586.44,1407.36,14.62,21.61,553.58,2388.02,9081.65,1.3,47.59,521.53,2388.07,8156.12,8.4054,0.03,394,2388,100.0,38.95,23.3494,74
41,143,0.002,0.0001,100.0,518.67,642.69,1593.62,1407.71,14.62,21.61,554.41,2388.05,9076.53,1.3,47.42,521.73,2388.02,8158.09,8.4281,0.03,393,2388,100.0,38.84,23.3023,73
41,144,0.0006,-0.0002,100.0,518.67,642.89,1583.18,1399.27,14.62,21.61,553.43,2388.09,9082.84,1.3,47.34,522.15,2387.99,8160.12,8.4198,0.03,393,2388,100.0,38.75,23.3732,72
41,145,0.0006,0.0002,100.0,518.67,642.57,1586.68,1407.37,14.62,21.61,553.1,2388.06,9082.47,1.3,47.49,521.21,2388.03,8159.79,8.4478,0.03,393,2388,100.0,38.92,23.3038,71
41,146,0.0003,-0.0003,100.0,518.67,642.65,1585.78,1408.99,14.62,21.61,553.63,2388.06,9086.48,1.3,47.66,521.19,2388.08,8158.04,8.4293,0.03,391,2388,100.0,38.79,23.28,70
41,147,0.0017,-0.0001,100.0,518.67,642.25,1593.33,1407.71,14.62,21.61,553.04,2388.05,9079.35,1.3,47.37,521.49,2388.11,8157.52,8.4261,0.03,395,2388,100.0,38.74,23.2972,69
41,148,0.0023,-0.0003,100.0,518.67,642.86,1588.61,1409.34,14.62,21.61,553.35,2388.05,9082.35,1.3,47.43,521.83,2388.06,8162.85,8.4772,0.03,393,2388,100.0,38.86,23.2589,68
41,149,0.0021,-0.0002,100.0,518.67,642.91,1591.03,1409.11,14.62,21.61,553.48,2388.06,9085.54,1.3,47.45,521.23,2387.97,8162.8,8.4625,0.03,393,2388,100.0,38.84,23.345,67
41,150,-0.0018,0.0001,100.0,518.67,642.92,1595.44,1410.32,14.62,21.61,553.13,2388.1,9081.9,1.3,47.7,521.25,2388.04,8156.93,8.4524,0.03,393,2388,100.0,38.79,23.2779,66
41,151,-0.0039,0.0003,100.0,518.67,642.02,1592.7,1413.37,14.62,21.61,553.74,2388.06,9086.61,1.3,47.3,521.31,2388.04,8165.01,8.4453,0.03,392,2388,100.0,38.78,23.3812,65
41,152,0.0033,-0.0002,100.0,518.67,642.91,1593.76,1407.4,14.62,21.61,553.82,2388.09,9084.84,1.3,47.58,521.3,2388.09,8156.39,8.4383,0.03,393,2388,100.0,38.84,23.3251,64
41,153,0.0015,0.0005,100.0,518.67,642.88,1590.68,1408.85,14.62,21.61,552.94,2388.1,9082.19,1.3,47.45,520.89,2388.08,8164.78,8.4174,0.03,394,2388,100.0,38.9,23.2922,63
41,154,-0.0022,-0.0004,100.0,518.67,643.0,1585.28,1404.21,14.62,21.61,553.67,2388.03,9085.17,1.3,47.59,521.43,2388.05,8162.18,8.4653,0.03,393,2388,100.0,38.89,23.3182,62
41,155,0.0015,-0.0001,100.0,518.67,642.09,1594.44,1413.32,14.62,21.61,553.78,2388.09,9087.29,1.3,47.5,521.93,2388.07,8158.76,8.4401,0.03,392,2388,100.0,38.85,23.1918,61
41,156,-0.0012,-0.0001,100.0,518.67,642.76,1592.1,1403.18,14.62,21.61,554.19,2388.1,9088.67,1.3,47.74,522.3,2388.06,8167.5,8.4597,0.03,395,2388,100.0,38.98,23.2808,60
41,157,0.0024,-0.0004,100.0,518.67,642.59,1597.51,1408.85,14.62,21.61,553.67,2388.01,9094.33,1.3,47.7,521.49,2388.08,8163.75,8.4252,0.03,392,2388,100.0,38.91,23.2811,59
41,158,-0.0038,0.0002,100.0,518.67,642.32,1592.73,1413.18,14.62,21.61,553.81,2388.08,9082.98,1.3,47.55,521.3,2388.12,8165.81,8.4456,0.03,393,2388,100.0,38.75,23.2287,58
41,159,-0.0,-0.0003,100.0,518.67,642.61,1593.13,1409.84,14.62,21.61,553.29,2388.02,9082.55,1.3,47.49,521.35,2388.06,8170.65,8.4682,0.03,394,2388,100.0,38.81,23.2689,57
41,160,-0.0038,-0.0002,100.0,518.67,642.72,1595.89,1409.44,14.62,21.61,553.63,2388.07,9093.64,1.3,47.86,521.47,2388.05,8168.96,8.4334,0.03,393,2388,100.0,38.9,23.2451,56
41,161,0.0018,-0.0002,100.0,518.67,642.41,1589.33,1407.25,14.62,21.61,553.36,2388.09,9087.74,1.3,47.58,521.02,2388.07,8163.47,8.4697,0.03,392,2388,100.0,38.71,23.2267,55
41,162,-0.0023,-0.0002,100.0,518.67,643.2,1598.11,1410.54,14.62,21.61,553.86,2388.09,9089.97,1.3,47.65,521.83,2388.09,8164.34,8.4517,0.03,393,2388,100.0,38.81,23.224,54
41,163,-0.0026,-0.0002,100.0,518.67,642.37,1598.88,1409.36,14.62,21.61,553.9,2388.02,9092.77,1.3,47.61,520.85,2388.03,8165.11,8.4683,0.03,394,2388,100.0,38.88,23.3096,53
41,164,0.0034,0.0003,100.0,518.67,642.47,1596.59,1413.97,14.62,21.61,553.14,2388.02,9085.32,1.3,47.65,520.98,2388.07,8167.44,8.4409,0.03,393,2388,100.0,38.88,23.2296,52
41,165,0.0006,-0.0002,100.0,518.67,642.64,1586.58,1409.72,14.62,21.61,553.3,2388.14,9091.95,1.3,47.47,520.98,2388.07,8161.42,8.4256,0.03,395,2388,100.0,38.76,23.3594,51
41,166,-0.0013,0.0005,100.0,518.67,643.26,1590.1,1408.81,14.62,21.61,553.32,2388.06,9095.88,1.3,47.41,520.93,2388.11,8168.0,8.4811,0.03,393,2388,100.0,38.95,23.3031,50
41,167,0.002,0.0001,100.0,518.67,642.65,1589.84,1411.28,14.62,21.61,552.83,2388.06,9098.71,1.3,47.47,520.77,2388.1,8164.53,8.4152,0.03,393,2388,100.0,38.81,23.2936,49
41,168,0.0002,0.0002,100.0,518.67,643.26,1597.34,1413.42,14.62,21.61,553.05,2388.08,9099.19,1.3,47.67,521.38,2388.09,8171.32,8.4293,0.03,395,2388,100.0,38.73,23.1988,48
41,169,0.0013,0.0004,100.0,518.67,642.96,1594.28,1412.46,14.62,21.61,553.72,2388.09,9098.67,1.3,47.51,521.19,2388.07,8167.74,8.4957,0.03,394,2388,100.0,38.75,23.2162,47
41,170,0.0024,0.0,100.0,518.67,643.11,1589.34,1407.76,14.62,21.61,552.67,2388.09,9095.28,1.3,47.78,521.47,2388.01,8175.77,8.4045,0.03,393,2388,100.0,38.76,23.2066,46
41,171,-0.0007,0.0001,100.0,518.67,643.12,1591.17,1405.76,14.62,21.61,553.4,2388.02,9105.49,1.3,47.48,521.33,2388.1,8173.37,8.4522,0.03,393,2388,100.0,38.9,23.3059,45
41,172,0.0039,0.0001,100.0,518.67,642.27,1594.37,1415.16,14.62,21.61,552.65,2388.11,9094.36,1.3,47.74,521.36,2388.1,8172.57,8.4662,0.03,393,2388,100.0,38.72,23.2645,44
41,173,0.0039,0.0004,100.0,518.67,642.79,1586.63,1413.04,14.62,21.61,552.99,2388.08,9102.72,1.3,47.54,521.71,2388.06,8166.96,8.44,0.03,394,2388,100.0,38.65,23.3386,43
41,174,-0.0038,0.0004,100.0,518.67,642.95,1585.76,1410.72,14.62,21.61,553.0,2388.07,9096.16,1.3,47.7,521.12,2388.05,8174.89,8.4599,0.03,395,2388,100.0,38.56,23.1265,42
41,175,-0.0003,0.0002,100.0,518.67,642.59,1595.91,1416.94,14.62,21.61,552.66,2388.04,9104.67,1.3,47.6,521.52,2388.02,8177.34,8.4868,0.03,394,2388,100.0,38.61,23.2915,41
41,176,-0.0037,-0.0,100.0,518.67,642.89,1589.53,1408.97,14.62,21.61,553.7,2388.11,9095.6,1.3,47.71,520.7,2388.09,8173.94,8.4426,0.03,393,2388,100.0,38.72,23.1792,40
41,177,-0.0026,0.0004,100.0,518.67,643.14,1590.16,1414.19,14.62,21.61,553.38,2388.07,9095.05,1.3,47.72,520.6,2388.08,8170.74,8.4863,0.03,392,2388,100.0,38.75,23.2574,39
41,178,0.0014,-0.0004,100.0,518.67,642.88,1587.66,1410.69,14.62,21.61,552.81,2388.08,9098.14,1.3,47.78,521.41,2388.11,8169.79,8.4457,0.03,395,2388,100.0,38.89,23.265,38
41,179,-0.0023,-0.0001,100.0,518.67,643.16,1590.5,1416.75,14.62,21.61,553.16,2388.1,9099.9,1.3,47.49,521.74,2388.06,8170.6,8.4918,0.03,394,2388,100.0,38.72,23.2674,37
41,180,-0.0036,0.0003,100.0,518.67,642.64,1595.51,1411.95,14.62,21.61,553.64,2388.14,9100.24,1.3,47.82,521.91,2388.08,8175.53,8.4719,0.03,395,2388,100.0,38.77,23.2302,36
41,181,0.0004,0.0002,100.0,518.67,642.71,1597.78,1417.32,14.62,21.61,553.35,2388.08,9099.51,1.3,47.55,521.12,2388.07,8176.74,8.4465,0.03,396,2388,100.0,38.65,23.2573,35
41,182,-0.0043,0.0002,100.0,518.67,642.99,1598.58,1413.15,14.62,21.61,553.84,2388.11,9099.43,1.3,47.77,520.3,2388.11,8178.82,8.4514,0.03,394,2388,100.0,38.71,23.2068,34
41,183,-0.0008,0.0004,100.0,518.67,643.03,1591.14,1409.14,14.62,21.61,552.89,2388.08,9098.74,1.3,47.74,521.32,2388.09,8181.83,8.4696,0.03,394,2388,100.0,38.84,23.2241,33
41,184,0.0012,0.0002,100.0,518.67,643.24,1601.58,1414.72,14.62,21.61,552.92,2388.13,9110.47,1.3,47.9,520.55,2388.11,8175.71,8.4747,0.03,395,2388,100.0,38.65,23.2767,32
41,185,0.0042,0.0,100.0,518.67,642.8,1590.27,1414.12,14.62,21.61,552.62,2388.06,9098.99,1.3,47.97,520.65,2388.12,8173.27,8.4837,0.03,394,2388,100.0,38.65,23.2606,31
41,186,0.0036,0.0003,100.0,518.67,642.74,1595.82,1418.46,14.62,21.61,553.31,2388.08,9107.87,1.3,47.65,521.17,2388.11,8181.8,8.4536,0.03,395,2388,100.0,38.66,23.2067,30
41,187,0.0019,-0.0003,100.0,518.67,642.82,1595.98,1420.22,14.62,21.61,552.17,2388.13,9112.47,1.3,47.72,520.98,2388.15,8184.22,8.4642,0.03,396,2388,100.0,38.82,23.1661,29
41,188,-0.0018,-0.0,100.0,518.67,642.37,1598.42,1420.56,14.62,21.61,551.95,2388.14,9116.94,1.3,47.84,520.61,2388.12,8183.08,8.4492,0.03,395,2388,100.0,38.56,23.289,28
41,189,-0.0027,0.0002,100.0,518.67,643.62,1598.57,1421.09,14.62,21.61,553.06,2388.11,9116.88,1.3,47.82,520.8,2388.11,8190.93,8.4892,0.03,396,2388,100.0,38.72,23.1772,27
41,190,0.0003,0.0,100.0,518.67,642.48,1597.18,1421.2,14.62,21.61,553.11,2388.08,9109.74,1.3,47.52,520.89,2388.09,8190.5,8.4716,0.03,394,2388,100.0,38.83,23.2267,26
41,191,-0.0013,0.0002,100.0,518.67,643.17,1598.63,1415.36,14.62,21.61,552.65,2388.13,9114.68,1.3,47.8,520.84,2388.11,8181.36,8.4943,0.03,395,2388,100.0,38.56,23.1498,25
41,192,0.0022,-0.0003,100.0,518.67,643.29,1593.07,1418.73,14.62,21.61,552.65,2388.12,9120.14,1.3,47.85,520.56,2388.11,8188.37,8.5129,0.03,394,2388,100.0,38.72,23.1414,24
41,193,-0.0011,0.0002,100.0,518.67,643.36,1595.21,1419.76,14.62,21.61,552.58,2388.15,9115.98,1.3,47.72,521.13,2388.04,8189.85,8.4625,0.03,395,2388,100.0,38.74,23.1496,23
41,194,-0.0005,0.0005,100.0,518.67,642.96,1594.57,1422.46,14.62,21.61,552.59,2388.13,9117.9,1.3,47.77,520.49,2388.09,8193.91,8.5019,0.03,395,2388,100.0,38.59,23.2329,22
41,195,-0.0031,-0.0004,100.0,518.67,642.35,1596.48,1421.22,14.62,21.61,552.62,2388.08,9125.32,1.3,47.82,520.57,2388.11,8193.8,8.5162,0.03,394,2388,100.0,38.48,23.1055,21
41,196,-0.0006,0.0003,100.0,518.67,643.28,1600.51,1414.8,14.62,21.61,552.06,2388.13,9117.01,1.3,47.77,520.95,2388.07,8196.84,8.4745,0.03,396,2388,100.0,38.73,23.2066,20
41,197,0.002,-0.0003,100.0,518.67,643.62,1599.12,1419.88,14.62,21.61,552.74,2388.08,9121.2,1.3,47.86,520.62,2388.11,8189.84,8.4912,0.03,395,2388,100.0,38.68,23.188,19
41,198,-0.0004,-0.0002,100.0,518.67,643.23,1596.67,1416.36,14.62,21.61,552.76,2388.11,9119.39,1.3,47.87,520.34,2388.08,8186.77,8.4935,0.03,396,2388,100.0,38.59,23.1971,18
41,199,0.0006,0.0002,100.0,518.67,643.3,1592.09,1419.63,14.62,21.61,552.68,2388.09,9120.93,1.3,47.84,520.59,2388.14,8197.98,8.4879,0.03,396,2388,100.0,38.64,23.0716,17
41,200,-0.0042,-0.0003,100.0,518.67,643.03,1593.26,1421.77,14.62,21.61,552.21,2388.16,9126.41,1.3,47.86,520.2,2388.08,8199.6,8.477,0.03,394,2388,100.0,38.56,23.2225,16
41,201,0.003,0.0003,100.0,518.67,643.08,1596.2,1416.68,14.62,21.61,551.53,2388.15,9133.0,1.3,47.96,520.47,2388.1,8194.11,8.4683,0.03,396,2388,100.0,38.62,23.1026,15
41,202,-0.0002,0.0004,100.0,518.67,642.8,1594.17,1417.11,14.62,21.61,552.11,2388.12,9130.02,1.3,47.92,520.59,2388.14,8198.03,8.4752,0.03,397,2388,100.0,38.59,23.0607,14
41,203,0.0017,-0.0003,100.0,518.67,643.22,1594.8,1424.74,14.62,21.61,552.71,2388.16,9128.06,1.3,47.81,520.52,2388.15,8197.88,8.4812,0.03,396,2388,100.0,38.49,23.1872,13
41,204,0.0012,0.0002,100.0,518.67,643.03,1598.1,1421.35,14.62,21.61,551.83,2388.15,9131.22,1.3,47.98,520.56,2388.15,8199.49,8.5129,0.03,395,2388,100.0,38.56,23.1615,12
41,205,0.0008,-0.0,100.0,518.67,643.34,1600.74,1415.37,14.62,21.61,551.98,2388.12,9139.97,1.3,48.03,520.04,2388.12,8197.56,8.5,0.03,395,2388,100.0,38.64,23.0379,11
41,206,0.0057,0.0003,100.0,518.67,643.63,1599.01,1419.32,14.62,21.61,552.15,2388.15,9137.83,1.3,47.87,520.97,2388.14,8206.71,8.4998,0.03,395,2388,100.0,38.45,23.1545,10
41,207,-0.0037,-0.0,100.0,518.67,643.4,1601.51,1420.83,14.62,21.61,552.77,2388.12,9142.0,1.3,47.99,520.4,2388.13,8209.36,8.5278,0.03,397,2388,100.0,38.71,23.1533,9
41,208,-0.0007,0.0,100.0,518.67,643.68,1599.48,1428.41,14.62,21.61,551.7,2388.19,9141.47,1.3,47.95,520.06,2388.1,8202.8,8.4869,0.03,397,2388,100.0,38.71,23.1123,8
41,209,0.0016,0.0003,100.0,518.67,643.63,1597.54,1422.52,14.62,21.61,552.91,2388.18,9148.09,1.3,48.15,520.37,2388.12,8208.9,8.5426,0.03,395,2388,100.0,38.63,23.0502,7
41,210,0.0016,0.0003,100.0,518.67,642.86,1597.65,1421.63,14.62,21.61,551.88,2388.16,9143.5,1.3,48.19,520.4,2388.15,8212.79,8.5217,0.03,396,2388,100.0,38.24,23.0194,6
41,211,-0.0001,0.0005,100.0,518.67,643.95,1601.42,1429.42,14.62,21.61,551.44,2388.15,9143.75,1.3,48.06,520.17,2388.12,8213.3,8.5323,0.03,396,2388,100.0,38.49,23.0543,5
41,212,-0.0012,0.0005,100.0,518.67,643.91,1603.06,1423.13,14.62,21.61,551.85,2388.15,9149.0,1.3,48.25,520.08,2388.15,8214.56,8.551,0.03,396,2388,100.0,38.59,23.0281,4
41,213,-0.0013,-0.0002,100.0,518.67,643.49,1605.82,1434.97,14.62,21.61,551.97,2388.15,9149.92,1.3,48.32,519.69,2388.17,8209.9,8.5262,0.03,397,2388,100.0,38.48,23.0126,3
41,214,-0.0014,0.0,100.0,518.67,644.07,1602.54,1431.63,14.62,21.61,550.98,2388.18,9155.38,1.3,48.03,519.6,2388.17,8215.17,8.5404,0.03,398,2388,100.0,38.49,23.0107,2
41,215,-0.0,-0.0002,100.0,518.67,643.82,1610.3,1423.4,14.62,21.61,552.7,2388.22,9147.43,1.3,48.17,519.94,2388.19,8216.11,8.5354,0.03,398,2388,100.0,38.47,23.0304,1
41,216,-0.0024,-0.0001,100.0,518.67,643.51,1603.91,1428.74,14.62,21.61,551.53,2388.16,9152.86,1.3,48.34,520.07,2388.17,8214.55,8.4999,0.03,398,2388,100.0,38.25,23.1237,0
42,1,0.0016,-0.0001,100.0,518.67,642.6,1580.46,1394.47,14.62,21.61,554.81,2388.08,9061.05,1.3,47.38,521.97,2388.03,8144.4,8.4151,0.03,391,2388,100.0,38.87,23.3795,195
42,2,0.0012,-0.0001,100.0,518.67,642.4,1588.76,1400.28,14.62,21.61,554.47,2388.08,9060.98,1.3,47.1,522.16,2388.0,8141.45,8.3744,0.03,391,2388,100.0,39.08,23.3892,194
42,3,-0.006,0.0005,100.0,518.67,642.98,1590.3,1405.86,14.62,21.61,554.34,2388.08,9058.45,1.3,47.46,522.24,2388.05,8142.36,8.3947,0.03,393,2388,100.0,38.9,23.3858,193
42,4,0.0031,0.0004,100.0,518.67,642.12,1588.84,1402.98,14.62,21.6,553.99,2387.98,9070.31,1.3,47.27,522.39,2388.02,8137.68,8.4241,0.03,392,2388,100.0,39.05,23.3261,192
42,5,-0.0022,-0.0001,100.0,518.67,642.14,1590.78,1403.11,14.62,21.61,553.69,2387.98,9063.56,1.3,47.34,521.59,2388.05,8137.8,8.3895,0.03,393,2388,100.0,38.81,23.3922,191
42,6,0.002,0.0003,100.0,518.67,642.26,1589.8,1402.05,14.62,21.61,554.06,2388.03,9063.49,1.3,47.43,522.52,2387.99,8143.27,8.4403,0.03,391,2388,100.0,39.07,23.3656,190
42,7,0.0003,0.0002,100.0,518.67,642.3,1581.98,1403.07,14.62,21.61,554.81,2388.08,9062.42,1.3,47.27,522.14,2387.98,8143.66,8.4038,0.03,390,2388,100.0,39.12,23.4255,189
42,8,0.0012,-0.0004,100.0,518.67,642.21,1591.28,1400.34,14.62,21.61,554.84,2388.05,9065.01,1.3,47.42,522.33,2387.99,8144.19,8.3991,0.03,392,2388,100.0,38.99,23.407,188
42,9,0.0001,0.0001,100.0,518.67,642.62,1584.98,1403.2,14.62,21.61,553.22,2388.02,9057.52,1.3,47.26,522.27,2388.07,8143.06,8.4412,0.03,393,2388,100.0,38.96,23.459,187
42,10,-0.0029,-0.0003,100.0,518.67,642.46,1586.76,1399.21,14.62,21.61,553.83,2388.05,9064.16,1.3,47.4,521.94,2388.06,8141.74,8.4428,0.03,391,2388,100.0,38.97,23.3415,186
42,11,0.0025,-0.0003,100.0,518.67,642.86,1585.34,1407.86,14.62,21.61,554.17,2388.09,9053.78,1.3,47.37,522.31,2388.04,8144.52,8.4196,0.03,392,2388,100.0,39.12,23.3778,185
42,12,0.002,-0.0003,100.0,518.67,642.87,1587.0,1408.09,14.62,21.61,553.73,2388.04,9055.35,1.3,47.43,521.86,2388.01,8137.92,8.4217,0.03,390,2388,100.0,38.88,23.4366,184
42,13,-0.001,-0.0004,100.0,518.67,642.63,1587.9,1404.46,14.62,21.61,554.51,2388.01,9055.01,1.3,47.37,521.33,2388.07,8143.6,8.387,0.03,391,2388,100.0,38.99,23.403,183
42,14,0.0012,-0.0002,100.0,518.67,641.6,1584.05,1407.37,14.62,21.61,554.72,2388.02,9057.99,1.3,47.19,521.55,2388.04,8146.8,8.3964,0.03,393,2388,100.0,39.06,23.4565,182
42,15,0.0036,0.0001,100.0,518.67,642.97,1583.8,1405.38,14.62,21.61,554.36,2388.03,9064.62,1.3,47.32,521.54,2388.01,8142.83,8.382,0.03,393,2388,100.0,38.81,23.4572,181
42,16,-0.0003,-0.0004,100.0,518.67,641.99,1584.39,1402.89,14.62,21.61,554.27,2388.07,9066.25,1.3,47.3,521.83,2388.03,8136.33,8.4188,0.03,393,2388,100.0,39.09,23.3508,180
42,17,-0.0051,0.0004,100.0,518.67,642.21,1586.78,1407.31,14.62,21.61,554.36,2388.03,9071.06,1.3,47.33,521.58,2388.04,8143.55,8.4099,0.03,392,2388,100.0,39.06,23.3711,179
42,18,0.0029,-0.0002,100.0,518.67,642.34,1590.23,1403.38,14.62,21.61,553.79,2388.0,9062.85,1.3,47.24,522.54,2388.01,8138.32,8.4223,0.03,392,2388,100.0,38.89,23.2589,178
42,19,0.0022,-0.0002,100.0,518.67,642.35,1589.2,1396.44,14.62,21.61,554.13,2388.0,9063.3,1.3,47.37,522.34,2388.0,8141.16,8.4246,0.03,392,2388,100.0,38.97,23.2955,177
42,20,0.0002,-0.0002,100.0,518.67,642.48,1585.53,1405.74,14.62,21.61,554.11,2388.05,9064.56,1.3,47.35,522.42,2388.04,8148.28,8.4495,0.03,392,2388,100.0,38.99,23.4065,176
42,21,0.0038,-0.0002,100.0,518.67,642.57,1589.6,1401.32,14.62,21.61,554.49,2388.04,9061.6,1.3,47.04,521.54,2388.01,8139.33,8.4055,0.03,391,2388,100.0,38.99,23.4016,175
42,22,0.0011,0.0002,100.0,518.67,642.52,1582.14,1395.81,14.62,21.61,553.65,2388.02,9064.92,1.3,47.27,522.21,2388.09,8140.59,8.4267,0.03,392,2388,100.0,39.07,23.3912,174
42,23,-0.0037,0.0004,100.0,518.67,642.6,1588.97,1399.29,14.62,21.61,554.88,2388.02,9058.76,1.3,47.25,521.5,2388.06,8139.33,8.4041,0.03,393,2388,100.0,38.99,23.4262,173
42,24,-0.0044,0.0005,100.0,518.67,642.49,1591.16,1398.86,14.62,21.61,554.17,2388.01,9063.3,1.3,47.4,521.63,2388.01,8140.92,8.4324,0.03,392,2388,100.0,38.9,23.3373,172
42,25,-0.0018,0.0004,100.0,518.67,642.7,1589.23,1400.98,14.62,21.61,554.2,2388.06,9057.63,1.3,47.43,521.86,2388.0,8138.13,8.4386,0.03,394,2388,100.0,38.93,23.4046,171
42,26,-0.0014,-0.0,100.0,518.67,642.52,1590.99,1402.15,14.62,21.61,554.1,2388.04,9061.21,1.3,47.26,522.32,2388.08,8142.25,8.4213,0.03,393,2388,100.0,39.0,23.3014,170
42,27,0.0019,0.0002,100.0,518.67,642.58,1586.81,1397.25,14.62,21.61,553.96,2388.07,9066.89,1.3,47.22,522.35,2388.0,8140.88,8.4223,0.03,393,2388,100.0,38.96,23.378,169
42,28,-0.0044,-0.0005,100.0,518.67,642.6,1594.31,1403.94,14.62,21.61,554.13,2388.03,9064.79,1.3,47.24,522.07,2388.0,8138.1,8.3917,0.03,393,2388,100.0,39.07,23.3193,168
42,29,-0.0013,0.0003,100.0,518.67,642.29,1591.81,1399.87,14.62,21.61,554.26,2388.04,9061.53,1.3,47.17,522.02,2388.03,8139.62,8.3869,0.03,392,2388,100.0,38.8,23.4727,167
42,30,-0.0013,-0.0,100.0,518.67,642.55,1587.38,1399.82,14.62,21.61,554.81,2388.09,9072.27,1.3,47.34,521.54,2388.0,8144.06,8.4206,0.03,391,2388,100.0,39.06,23.3579,166
42,31,0.0017,-0.0,100.0,518.67,642.43,1590.14,1406.62,14.62,21.6,555.06,2388.03,9060.51,1.3,47.31,522.39,2388.04,8143.29,8.3796,0.03,392,2388,100.0,38.81,23.3884,165
42,32,0.0015,-0.0004,100.0,518.67,642.43,1587.18,1407.89,14.62,21.61,554.55,2388.08,9066.2,1.3,47.34,521.91,2388.03,8142.92,8.4065,0.03,392,2388,100.0,38.97,23.2845,164
42,33,-0.0009,0.0001,100.0,518.67,642.3,1583.36,1399.88,14.62,21.61,553.61,2388.06,9057.76,1.3,47.57,522.15,2388.01,8141.39,8.4263,0.03,393,2388,100.0,38.9,23.3138,163
42,34,0.0013,-0.0004,100.0,518.67,642.33,1585.62,1401.65,14.62,21.61,554.13,2388.09,9059.3,1.3,47.26,521.95,2388.05,8147.39,8.4113,0.03,393,2388,100.0,39.09,23.3024,162
42,35,-0.0026,0.0003,100.0,518.67,642.32,1591.3,1401.11,14.62,21.61,554.59,2388.05,9063.73,1.3,47.18,522.12,2388.01,8140.9,8.3996,0.03,392,2388,100.0,39.0,23.3202,161
42,36,-0.0019,-0.0005,100.0,518.67,642.19,1582.64,1401.59,14.62,21.61,553.97,2388.05,9058.68,1.3,47.31,521.56,2388.07,8140.01,8.4185,0.03,391,2388,100.0,38.92,23.3359,160
42,37,0.0011,0.0,100.0,518.67,642.16,1586.15,1398.96,14.62,21.61,554.23,2388.08,9062.22,1.3,47.3,521.85,2388.07,8139.15,8.4398,0.03,393,2388,100.0,38.76,23.3871,159
42,38,0.0028,-0.0003,100.0,518.67,642.18,1583.79,1400.8,14.62,21.6,553.75,2388.04,9060.2,1.3,47.25,522.0,2388.09,8142.51,8.4416,0.03,390,2388,100.0,39.08,23.314,158
42,39,-0.0023,-0.0003,100.0,518.67,642.52,1596.48,1406.29,14.62,21.61,553.53,2388.05,9065.47,1.3,47.27,521.89,2388.02,8141.39,8.4099,0.03,392,2388,100.0,38.95,23.2544,157
42,40,0.0028,-0.0004,100.0,518.67,642.43,1590.29,1398.87,14.62,21.61,554.51,2388.1,9062.14,1.3,47.41,521.65,2388.0,8141.4,8.4355,0.03,392,2388,100.0,38.82,23.3442,156
42,41,-0.0022,0.0003,100.0,518.67,642.28,1583.74,1402.36,14.62,21.61,554.47,2388.08,9057.53,1.3,47.32,522.65,2388.04,8142.93,8.4,0.03,392,2388,100.0,38.96,23.3714,155
42,42,-0.0021,0.0002,100.0,518.67,642.58,1591.51,1394.88,14.62,21.61,554.45,2387.93,9059.64,1.3,47.3,521.96,2388.03,8145.03,8.4009,0.03,393,2388,100.0,38.81,23.4533,154
42,43,0.0001,0.0004,100.0,518.67,642.27,1586.44,1397.3,14.62,21.61,553.25,2388.05,9053.32,1.3,47.34,522.16,2388.03,8141.0,8.3949,0.03,393,2388,100.0,38.97,23.3933,153
42,44,0.0006,-0.0,100.0,518.67,642.56,1586.05,1402.05,14.62,21.61,553.76,2388.0,9062.87,1.3,47.28,521.78,2388.05,8143.73,8.3975,0.03,392,2388,100.0,39.1,23.381,152
42,45,0.001,-0.0003,100.0,518.67,642.65,1589.3,1400.26,14.62,21.61,554.59,2388.07,9062.8,1.3,47.45,521.98,2388.04,8134.97,8.4303,0.03,394,2388,100.0,39.1,23.2819,151
42,46,-0.0008,0.0004,100.0,518.67,642.6,1582.95,1402.15,14.62,21.61,554.03,2388.06,9060.84,1.3,47.44,522.05,2388.1,8139.72,8.4026,0.03,390,2388,100.0,39.0,23.3529,150
42,47,0.0012,0.0002,100.0,518.67,641.91,1584.57,1409.7,14.62,21.61,553.75,2388.04,9068.75,1.3,47.3,521.89,2388.07,8145.84,8.4295,0.03,393,2388,100.0,39.13,23.3575,149
42,48,0.0013,-0.0004,100.0,518.67,642.42,1579.85,1398.01,14.62,21.61,553.98,2388.03,9060.92,1.3,47.29,521.76,2388.03,8142.45,8.3902,0.03,391,2388,100.0,38.98,23.339,148
42,49,0.0006,0.0004,100.0,518.67,641.96,1587.29,1402.59,14.62,21.61,553.55,2388.04,9063.44,1.3,47.39,522.01,2388.06,8145.73,8.4041,0.03,392,2388,100.0,38.84,23.4294,147
42,50,-0.0002,-0.0003,100.0,518.67,642.18,1589.03,1398.57,14.62,21.61,553.57,2388.07,9059.09,1.3,47.31,521.46,2388.02,8147.68,8.4481,0.03,394,2388,100.0,38.78,23.3831,146
42,51,0.0001,0.0,100.0,518.67,642.46,1578.23,1399.31,14.62,21.6,553.38,2388.07,9059.39,1.3,47.24,522.24,2388.06,8145.03,8.4268,0.03,392,2388,100.0,38.85,23.3961,145
42,52,-0.0028,-0.0005,100.0,518.67,642.6,1583.53,1400.06,14.62,21.61,553.64,2388.0,9059.98,1.3,47.35,522.14,2388.1,8143.31,8.3956,0.03,393,2388,100.0,38.88,23.3292,144
42,53,-0.0019,0.0002,100.0,518.67,641.67,1585.26,1401.36,14.62,21.61,553.78,2388.04,9062.13,1.3,47.41,522.33,2388.01,8145.75,8.4018,0.03,391,2388,100.0,38.94,23.4118,143
42,54,-0.0034,-0.0004,100.0,518.67,642.22,1591.28,1406.55,14.62,21.61,553.85,2388.05,9056.41,1.3,47.35,522.31,2387.97,8141.73,8.3993,0.03,391,2388,100.0,38.92,23.2515,142
42,55,0.0004,0.0001,100.0,518.67,641.74,1592.06,1401.41,14.62,21.61,554.56,2388.02,9056.0,1.3,47.26,521.89,2388.07,8142.07,8.4211,0.03,393,2388,100.0,38.85,23.26,141
42,56,-0.0006,-0.0003,100.0,518.67,642.94,1580.95,1401.12,14.62,21.61,554.15,2388.07,9052.4,1.3,47.29,522.18,2388.06,8142.82,8.3888,0.03,391,2388,100.0,38.92,23.3116,140
42,57,-0.0007,0.0003,100.0,518.67,642.81,1586.81,1407.54,14.62,21.61,554.26,2387.98,9061.89,1.3,47.57,521.98,2388.02,8139.93,8.4313,0.03,393,2388,100.0,38.67,23.3497,139
42,58,0.0006,0.0002,100.0,518.67,642.2,1582.29,1407.56,14.62,21.61,553.61,2388.05,9056.74,1.3,47.42,522.04,2388.03,8143.5,8.4409,0.03,392,2388,100.0,38.91,23.3662,138
42,59,0.0001,0.0002,100.0,518.67,642.42,1585.21,1406.69,14.62,21.61,553.9,2388.05,9062.18,1.3,47.35,522.06,2388.01,8139.12,8.4174,0.03,392,2388,100.0,39.02,23.3323,137
42,60,0.0008,0.0002,100.0,518.67,642.58,1584.22,1404.46,14.62,21.61,554.64,2388.04,9063.32,1.3,47.37,522.19,2388.01,8141.69,8.3669,0.03,392,2388,100.0,38.67,23.3287,136
42,61,0.0051,0.0003,100.0,518.67,642.78,1584.67,1403.87,14.62,21.61,553.88,2388.08,9057.06,1.3,47.38,521.98,2388.05,8143.72,8.4263,0.03,390,2388,100.0,39.11,23.2701,135
42,62,0.0009,-0.0001,100.0,518.67,642.23,1581.89,1404.65,14.62,21.61,554.66,2388.06,9056.64,1.3,47.47,521.63,2388.07,8135.08,8.4079,0.03,393,2388,100.0,38.91,23.2394,134
42,63,-0.0015,-0.0,100.0,518.67,642.33,1593.19,1398.8,14.62,21.61,554.04,2388.02,9061.81,1.3,47.42,522.02,2388.06,8142.77,8.4198,0.03,392,2388,100.0,38.84,23.3018,133
42,64,0.0005,0.0005,100.0,518.67,641.56,1587.81,1397.83,14.62,21.61,553.7,2388.05,9060.55,1.3,47.41,521.91,2388.09,8132.37,8.4411,0.03,392,2388,100.0,38.86,23.3236,132
42,65,-0.0067,0.0003,100.0,518.67,641.92,1596.28,1403.63,14.62,21.61,554.13,2388.07,9062.84,1.3,47.36,522.22,2388.05,8140.33,8.4034,0.03,393,2388,100.0,38.92,23.4635,131
42,66,-0.0016,0.0001,100.0,518.67,642.53,1588.37,1404.1,14.62,21.61,554.49,2388.03,9068.24,1.3,47.41,521.56,2388.05,8148.13,8.4355,0.03,392,2388,100.0,39.06,23.3692,130
42,67,-0.0019,-0.0001,100.0,518.67,642.8,1589.87,1402.71,14.62,21.61,554.31,2388.04,9068.1,1.3,47.48,522.44,2388.04,8142.25,8.4131,0.03,393,2388,100.0,38.85,23.2559,129
42,68,0.0009,0.0002,100.0,518.67,642.68,1583.74,1402.35,14.62,21.61,553.75,2388.03,9061.03,1.3,47.32,521.47,2388.05,8141.64,8.4144,0.03,391,2388,100.0,39.05,23.3716,128
42,69,-0.0003,-0.0003,100.0,518.67,641.69,1587.11,1408.68,14.62,21.61,554.7,2388.07,9051.05,1.3,47.38,521.27,2388.08,8140.4,8.4043,0.03,392,2388,100.0,38.91,23.4674,127
42,70,0.0002,0.0002,100.0,518.67,642.49,1587.66,1404.95,14.62,21.61,554.0,2388.05,9059.26,1.3,47.36,522.1,2388.04,8140.77,8.4337,0.03,394,2388,100.0,38.73,23.3311,126
42,71,-0.0022,0.0002,100.0,518.67,642.93,1585.49,1398.67,14.62,21.61,553.73,2388.03,9069.22,1.3,47.28,521.65,2388.04,8141.76,8.3996,0.03,392,2388,100.0,38.8,23.363,125
42,72,0.0003,-0.0003,100.0,518.67,642.63,1592.41,1405.07,14.62,21.61,553.61,2388.05,9062.64,1.3,47.31,521.58,2388.07,8140.97,8.4044,0.03,392,2388,100.0,39.13,23.2963,124
42,73,0.0024,0.0004,100.0,518.67,642.77,1586.44,1408.1,14.62,21.61,553.62,2388.05,9060.67,1.3,47.47,521.9,2388.03,8137.61,8.4477,0.03,393,2388,100.0,38.99,23.3245,123
42,74,-0.0029,0.0,100.0,518.67,642.5,1597.06,1403.97,14.62,21.61,553.73,2388.08,9058.67,1.3,47.56,522.16,2388.09,8144.6,8.4553,0.03,393,2388,100.0,38.85,23.3672,122
42,75,-0.0017,0.0004,100.0,518.67,642.77,1587.86,1405.22,14.62,21.61,553.54,2388.01,9062.86,1.3,47.5,522.06,2388.07,8139.92,8.3807,0.03,393,2388,100.0,38.79,23.3422,121
42,76,0.0016,0.0,100.0,518.67,642.19,1587.75,1398.63,14.62,21.61,553.74,2388.05,9062.71,1.3,47.28,522.18,2388.09,8141.26,8.4216,0.03,392,2388,100.0,38.86,23.3355,120
42,77,-0.0015,-0.0003,100.0,518.67,642.84,1582.92,1398.4,14.62,21.61,554.2,2388.0,9058.71,1.3,47.25,522.05,2388.01,8142.19,8.4054,0.03,394,2388,100.0,38.82,23.4565,119
42,78,0.0011,-0.0003,100.0,518.67,642.44,1583.65,1404.35,14.62,21.61,554.09,2388.03,9055.01,1.3,47.44,521.81,2388.05,8146.92,8.4361,0.03,392,2388,100.0,38.78,23.3632,118
42,79,-0.0036,-0.0004,100.0,518.67,642.16,1591.8,1406.7,14.62,21.61,553.67,2388.06,9061.83,1.3,47.6,522.01,2388.03,8145.05,8.4101,0.03,392,2388,100.0,39.03,23.2703,117
42,80,-0.0,0.0005,100.0,518.67,642.2,1593.28,1406.18,14.62,21.61,554.03,2388.05,9065.39,1.3,47.36,521.82,2388.01,8143.3,8.4495,0.03,392,2388,100.0,38.9,23.2925,116
42,81,0.0002,-0.0004,100.0,518.67,642.34,1592.02,1402.4,14.62,21.61,554.18,2388.1,9059.34,1.3,47.35,521.77,2388.07,8145.67,8.4605,0.03,392,2388,100.0,39.0,23.2933,115
42,82,-0.0003,-0.0002,100.0,518.67,642.18,1589.29,1399.06,14.62,21.61,553.48,2388.04,9066.7,1.3,47.46,521.8,2388.06,8134.61,8.4438,0.03,392,2388,100.0,38.72,23.3434,114
42,83,-0.0025,-0.0003,100.0,518.67,643.08,1589.53,1404.95,14.62,21.61,553.7,2388.05,9065.41,1.3,47.42,521.91,2388.07,8150.37,8.4156,0.03,392,2388,100.0,38.78,23.2308,113
42,84,0.003,0.0003,100.0,518.67,642.31,1582.3,1406.94,14.62,21.61,554.09,2388.05,9064.72,1.3,47.33,521.41,2388.01,8137.8,8.4295,0.03,394,2388,100.0,38.79,23.4189,112
42,85,0.0032,-0.0004,100.0,518.67,642.12,1580.62,1402.36,14.62,21.61,553.34,2388.07,9061.74,1.3,47.41,521.64,2388.02,8147.8,8.4204,0.03,393,2388,100.0,38.83,23.4441,111
42,86,-0.0012,0.0004,100.0,518.67,642.39,1582.91,1407.56,14.62,21.61,553.73,2388.1,9064.32,1.3,47.49,522.01,2388.09,8143.39,8.4255,0.03,393,2388,100.0,39.06,23.3156,110
42,87,-0.0015,-0.0004,100.0,518.67,642.11,1585.71,1405.89,14.62,21.61,553.28,2388.03,9061.2,1.3,47.46,521.8,2388.05,8147.64,8.4307,0.03,393,2388,100.0,39.02,23.3714,109
42,88,-0.0012,-0.0003,100.0,518.67,642.84,1587.33,1404.17,14.62,21.61,553.71,2388.06,9053.9,1.3,47.38,521.86,2388.09,8139.85,8.3969,0.03,394,2388,100.0,39.03,23.3101,108
42,89,0.0012,-0.0,100.0,518.67,642.68,1585.22,1406.99,14.62,21.61,553.3,2388.03,9063.93,1.3,47.23,522.14,2388.08,8139.3,8.4478,0.03,393,2388,100.0,38.82,23.2615,107
42,90,0.0038,-0.0003,100.0,518.67,642.11,1595.14,1404.58,14.62,21.61,554.01,2388.08,9058.67,1.3,47.33,521.9,2388.03,8140.29,8.412,0.03,390,2388,100.0,38.76,23.2352,106
42,91,0.0042,0.0,100.0,518.67,642.27,1587.04,1404.74,14.62,21.61,553.16,2388.07,9065.23,1.3,47.27,521.66,2388.04,8143.26,8.4117,0.03,393,2388,100.0,38.85,23.3784,105
42,92,-0.0025,-0.0001,100.0,518.67,642.42,1590.07,1398.73,14.62,21.61,553.51,2388.08,9060.06,1.3,47.28,522.15,2388.05,8146.64,8.427,0.03,392,2388,100.0,39.06,23.3177,104
42,93,-0.0028,-0.0002,100.0,518.67,642.88,1593.89,1408.3,14.62,21.61,554.57,2388.03,9058.16,1.3,47.13,521.39,2388.04,8143.56,8.4454,0.03,393,2388,100.0,38.71,23.3483,103
42,94,0.0033,0.0003,100.0,518.67,643.12,1584.26,1406.39,14.62,21.61,553.24,2388.1,9057.91,1.3,47.31,521.49,2388.06,8138.96,8.4501,0.03,393,2388,100.0,38.79,23.366,102
42,95,0.0022,0.0003,100.0,518.67,642.5,1591.8,1407.3,14.62,21.61,553.33,2388.05,9059.01,1.3,47.55,521.83,2388.08,8139.57,8.4163,0.03,393,2388,100.0,38.93,23.2978,101
42,96,-0.0017,0.0002,100.0,518.67,642.53,1587.78,1401.27,14.62,21.61,554.05,2388.1,9058.76,1.3,47.36,521.79,2388.09,8144.9,8.4533,0.03,393,2388,100.0,38.94,23.4342,100
42,97,-0.0005,0.0001,100.0,518.67,642.23,1591.34,1407.65,14.62,21.61,553.65,2388.05,9057.74,1.3,47.6,522.14,2388.06,8147.67,8.4136,0.03,393,2388,100.0,38.89,23.3845,99
42,98,-0.0003,-0.0,100.0,518.67,642.27,1581.53,1409.05,14.62,21.61,553.41,2388.03,9057.18,1.3,47.45,521.52,2388.13,8135.67,8.4414,0.03,393,2388,100.0,38.83,23.2428,98
42,99,-0.0032,0.0004,100.0,518.67,642.31,1589.53,1400.96,14.62,21.61,553.83,2388.09,9067.13,1.3,47.47,522.24,2388.03,8139.01,8.4217,0.03,393,2388,100.0,38.97,23.4099,97
42,100,0.0023,-0.0002,100.0,518.67,642.47,1583.36,1415.23,14.62,21.61,553.71,2388.08,9063.05,1.3,47.5,521.6,2388.11,8140.17,8.4126,0.03,391,2388,100.0,38.76,23.3216,96
42,101,-0.0024,0.0002,100.0,518.67,642.44,1587.48,1409.67,14.62,21.61,555.0,2388.08,9062.45,1.3,47.4,522.0,2388.05,8144.76,8.4307,0.03,392,2388,100.0,39.04,23.3002,95
42,102,-0.0,-0.0002,100.0,518.67,642.66,1586.97,1402.73,14.62,21.61,553.42,2388.05,9064.68,1.3,47.47,521.53,2388.12,8147.34,8.4266,0.03,393,2388,100.0,38.86,23.2682,94
42,103,0.0006,0.0005,100.0,518.67,642.47,1586.53,1401.47,14.62,21.61,553.85,2388.05,9067.16,1.3,47.42,521.7,2388.08,8143.29,8.4334,0.03,392,2388,100.0,38.8,23.2273,93
42,104,-0.0024,0.0004,100.0,518.67,642.44,1592.21,1404.26,14.62,21.61,553.32,2388.08,9057.87,1.3,47.28,521.6,2388.04,8143.09,8.4385,0.03,394,2388,100.0,39.08,23.4256,92
42,105,-0.0001,-0.0003,100.0,518.67,642.61,1581.77,1409.14,14.62,21.61,554.32,2388.03,9067.67,1.3,47.43,521.5,2388.09,8140.06,8.4341,0.03,393,2388,100.0,38.98,23.3537,91
42,106,-0.001,0.0001,100.0,518.67,643.0,1587.62,1399.94,14.62,21.61,553.7,2388.08,9059.09,1.3,47.33,521.58,2388.09,8138.78,8.4416,0.03,391,2388,100.0,38.83,23.3398,90
42,107,0.0023,0.0001,100.0,518.67,642.83,1586.9,1408.89,14.62,21.61,553.83,2388.08,9064.57,1.3,47.5,521.57,2388.05,8138.39,8.4537,0.03,393,2388,100.0,38.9,23.3021,89
42,108,0.0018,-0.0004,100.0,518.67,642.57,1594.0,1412.22,14.62,21.61,553.52,2388.05,9065.52,1.3,47.55,521.63,2388.09,8144.96,8.4301,0.03,393,2388,100.0,38.96,23.3396,88
42,109,-0.0017,0.0002,100.0,518.67,642.32,1589.48,1405.58,14.62,21.61,553.86,2388.1,9059.27,1.3,47.55,521.06,2388.1,8141.86,8.4899,0.03,392,2388,100.0,38.8,23.4214,87
42,110,0.002,-0.0001,100.0,518.67,642.29,1593.36,1405.16,14.62,21.61,553.55,2388.04,9061.03,1.3,47.44,521.63,2388.09,8142.98,8.4411,0.03,393,2388,100.0,38.91,23.3338,86
42,111,0.0003,-0.0003,100.0,518.67,642.35,1589.33,1401.7,14.62,21.61,553.99,2388.12,9061.2,1.3,47.64,521.73,2388.09,8138.75,8.4831,0.03,394,2388,100.0,38.95,23.326,85
42,112,-0.0023,-0.0,100.0,518.67,643.1,1588.23,1396.6,14.62,21.61,553.98,2388.12,9058.46,1.3,47.54,521.48,2388.12,8139.87,8.4242,0.03,393,2388,100.0,38.84,23.2527,84
42,113,0.0019,0.0001,100.0,518.67,642.49,1589.67,1403.83,14.62,21.61,553.62,2388.08,9062.35,1.3,47.49,521.57,2388.09,8140.51,8.4238,0.03,395,2388,100.0,38.69,23.2748,83
42,114,0.0011,-0.0005,100.0,518.67,642.64,1583.95,1405.41,14.62,21.61,553.73,2388.05,9061.77,1.3,47.54,521.91,2388.1,8141.22,8.4456,0.03,393,2388,100.0,38.84,23.3156,82
42,115,0.0004,0.0001,100.0,518.67,642.99,1585.6,1406.2,14.62,21.61,554.06,2388.07,9063.61,1.3,47.37,521.89,2388.1,8145.8,8.4378,0.03,393,2388,100.0,38.55,23.3209,81
42,116,-0.0008,0.0001,100.0,518.67,642.67,1589.76,1414.6,14.62,21.61,553.96,2388.15,9069.6,1.3,47.57,521.49,2388.1,8141.35,8.4454,0.03,392,2388,100.0,38.91,23.2429,80
42,117,-0.0032,0.0004,100.0,518.67,642.43,1592.52,1407.65,14.62,21.61,553.26,2388.08,9069.43,1.3,47.57,521.46,2388.08,8141.96,8.4688,0.03,393,2388,100.0,38.8,23.371,79
42,118,0.0009,-0.0001,100.0,518.67,642.63,1591.1,1408.11,14.62,21.61,553.87,2388.1,9068.61,1.3,47.29,520.98,2388.09,8141.25,8.418,0.03,392,2388,100.0,38.73,23.2779,78
42,119,0.0008,-0.0001,100.0,518.67,642.7,1586.32,1404.92,14.62,21.61,554.19,2388.04,9067.37,1.3,47.53,521.27,2388.1,8137.2,8.4489,0.03,394,2388,100.0,38.86,23.2222,77
42,120,0.0001,-0.0001,100.0,518.67,642.54,1596.01,1416.27,14.62,21.61,553.77,2388.07,9061.64,1.3,47.46,521.31,2387.99,8144.07,8.4612,0.03,393,2388,100.0,38.9,23.2127,76
42,121,-0.0021,0.0005,100.0,518.67,642.8,1592.27,1404.85,14.62,21.61,553.53,2388.03,9063.22,1.3,47.54,521.2,2388.06,8137.88,8.45,0.03,393,2388,100.0,38.87,23.3628,75
42,122,-0.0014,-0.0004,100.0,518.67,642.89,1592.26,1406.48,14.62,21.61,553.49,2388.09,9063.08,1.3,47.43,521.22,2388.11,8137.53,8.4121,0.03,394,2388,100.0,38.86,23.2729,74
42,123,0.0021,0.0004,100.0,518.67,643.17,1592.74,1413.88,14.62,21.61,553.05,2388.15,9065.77,1.3,47.71,521.63,2388.06,8138.73,8.448,0.03,393,2388,100.0,38.8,23.2757,73
42,124,0.0018,0.0002,100.0,518.67,642.32,1592.74,1401.82,14.62,21.61,553.43,2388.13,9065.64,1.3,47.46,521.77,2388.16,8150.33,8.4329,0.03,393,2388,100.0,39.09,23.3503,72
42,125,0.0029,-0.0003,100.0,518.67,642.66,1587.76,1406.45,14.62,21.61,552.86,2388.11,9060.51,1.3,47.51,521.8,2388.12,8137.57,8.4567,0.03,392,2388,100.0,38.71,23.3828,71
42,126,-0.0008,-0.0001,100.0,518.67,643.05,1592.25,1402.32,14.62,21.61,553.66,2388.03,9055.45,1.3,47.4,522.02,2388.09,8141.66,8.4302,0.03,393,2388,100.0,38.89,23.299,70
42,127,-0.0008,-0.0001,100.0,518.67,642.66,1591.56,1406.38,14.62,21.61,553.74,2388.07,9062.61,1.3,47.63,521.94,2388.02,8141.13,8.4554,0.03,394,2388,100.0,38.96,23.3477,69
42,128,0.0031,-0.0,100.0,518.67,643.14,1582.39,1405.36,14.62,21.61,553.06,2388.14,9061.04,1.3,47.54,522.05,2388.14,8141.52,8.4581,0.03,393,2388,100.0,38.69,23.297,68
42,129,0.0038,-0.0005,100.0,518.67,643.01,1588.49,1410.67,14.62,21.61,553.64,2388.08,9063.08,1.3,47.51,521.24,2388.12,8142.83,8.4599,0.03,393,2388,100.0,38.83,23.2092,67
42,130,-0.0039,0.0002,100.0,518.67,642.74,1600.61,1411.24,14.62,21.61,553.66,2388.12,9060.9,1.3,47.45,521.48,2388.11,8142.77,8.4436,0.03,393,2388,100.0,38.83,23.3764,66
42,131,0.0001,-0.0,100.0,518.67,642.67,1588.56,1409.57,14.62,21.61,553.12,2388.04,9062.25,1.3,47.62,521.26,2388.1,8144.14,8.4294,0.03,393,2388,100.0,38.89,23.2795,65
42,132,0.0011,-0.0002,100.0,518.67,642.49,1591.43,1404.08,14.62,21.61,553.52,2388.17,9069.81,1.3,47.46,521.27,2388.12,8145.49,8.4753,0.03,394,2388,100.0,38.7,23.2382,64
42,133,0.0021,-0.0004,100.0,518.67,642.78,1583.57,1410.27,14.62,21.61,552.83,2388.12,9062.94,1.3,47.62,521.41,2388.09,8137.99,8.457,0.03,395,2388,100.0,38.8,23.3057,63
42,134,-0.0033,0.0003,100.0,518.67,642.48,1595.38,1409.49,14.62,21.61,554.13,2388.15,9058.92,1.3,47.6,521.15,2388.11,8141.18,8.454,0.03,395,2388,100.0,38.77,23.2278,62
42,135,-0.0022,-0.0002,100.0,518.67,642.99,1591.63,1405.53,14.62,21.61,553.45,2388.08,9073.3,1.3,47.52,521.58,2388.08,8146.27,8.4721,0.03,393,2388,100.0,38.75,23.2937,61
42,136,-0.0008,0.0005,100.0,518.67,643.1,1591.21,1405.61,14.62,21.61,553.55,2388.12,9061.9,1.3,47.68,521.0,2388.13,8138.26,8.4383,0.03,393,2388,100.0,38.64,23.333,60
42,137,-0.0018,-0.0005,100.0,518.67,642.28,1592.76,1411.66,14.62,21.61,553.23,2388.1,9068.83,1.3,47.78,521.1,2388.12,8139.77,8.4572,0.03,393,2388,100.0,38.76,23.4579,59
42,138,0.0025,0.0004,100.0,518.67,642.57,1589.98,1408.1,14.62,21.61,553.61,2388.1,9067.26,1.3,47.7,520.89,2388.06,8140.63,8.4798,0.03,393,2388,100.0,38.82,23.1949,58
42,139,-0.0012,-0.0002,100.0,518.67,642.94,1589.61,1405.22,14.62,21.61,553.67,2388.13,9067.38,1.3,47.67,521.26,2388.13,8139.95,8.4019,0.03,394,2388,100.0,38.86,23.2663,57
42,140,0.001,-0.0005,100.0,518.67,642.37,1594.72,1405.4,14.62,21.61,553.19,2388.12,9062.11,1.3,47.66,520.62,2388.14,8140.04,8.4194,0.03,393,2388,100.0,38.81,23.333,56
42,141,0.0002,-0.0001,100.0,518.67,643.11,1592.95,1410.81,14.62,21.61,553.44,2388.06,9065.84,1.3,47.65,521.23,2388.13,8139.03,8.454,0.03,394,2388,100.0,38.7,23.3231,55
42,142,-0.0014,0.0003,100.0,518.67,642.57,1597.92,1406.16,14.62,21.61,552.9,2388.11,9066.34,1.3,47.4,521.01,2388.09,8146.36,8.4549,0.03,393,2388,100.0,39.01,23.2053,54
42,143,-0.0047,0.0003,100.0,518.67,642.81,1591.0,1417.38,14.62,21.61,553.3,2388.09,9067.41,1.3,47.77,521.23,2388.18,8142.4,8.4614,0.03,394,2388,100.0,38.8,23.2004,53
42,144,-0.0011,-0.0004,100.0,518.67,642.79,1587.89,1413.64,14.62,21.61,553.54,2388.11,9055.57,1.3,47.72,520.33,2388.16,8143.76,8.4634,0.03,394,2388,100.0,38.63,23.275,52
42,145,0.0007,0.0004,100.0,518.67,643.26,1590.45,1410.01,14.62,21.61,553.56,2388.15,9062.23,1.3,47.56,520.54,2388.13,8140.81,8.4309,0.03,393,2388,100.0,38.79,23.2836,51
42,146,-0.0012,-0.0001,100.0,518.67,642.42,1593.48,1413.29,14.62,21.61,553.15,2388.1,9065.47,1.3,47.78,521.16,2388.11,8140.04,8.4463,0.03,396,2388,100.0,38.69,23.1381,50
42,147,-0.0002,-0.0002,100.0,518.67,642.83,1589.55,1414.34,14.62,21.61,553.23,2388.1,9068.17,1.3,47.43,520.82,2388.07,8139.11,8.4464,0.03,394,2388,100.0,38.8,23.2517,49
42,148,0.0025,-0.0001,100.0,518.67,642.65,1584.66,1414.94,14.62,21.61,552.62,2388.12,9062.91,1.3,47.77,521.34,2388.1,8140.8,8.4472,0.03,395,2388,100.0,38.84,23.3184,48
42,149,-0.0004,0.0002,100.0,518.67,642.89,1591.57,1415.65,14.62,21.61,552.78,2388.15,9066.16,1.3,47.59,521.08,2388.1,8143.9,8.4155,0.03,395,2388,100.0,38.73,23.3414,47
42,150,-0.0002,-0.0004,100.0,518.67,643.3,1594.3,1414.34,14.62,21.61,552.77,2388.14,9072.91,1.3,47.72,521.0,2388.11,8138.5,8.5186,0.03,393,2388,100.0,38.57,23.18,46
42,151,-0.0005,0.0003,100.0,518.67,643.12,1594.8,1416.34,14.62,21.61,553.29,2388.17,9064.72,1.3,47.65,521.21,2388.12,8143.95,8.4607,0.03,394,2388,100.0,38.8,23.2578,45
42,152,-0.0033,-0.0001,100.0,518.67,642.46,1583.45,1410.1,14.62,21.61,552.6,2388.11,9064.75,1.3,47.52,521.42,2388.12,8142.2,8.4598,0.03,395,2388,100.0,38.72,23.2063,44
42,153,-0.0008,0.0005,100.0,518.67,642.61,1602.9,1414.02,14.62,21.61,552.68,2388.08,9072.72,1.3,47.63,520.73,2388.15,8142.59,8.4585,0.03,394,2388,100.0,38.64,23.2501,43
42,154,-0.0019,-0.0004,100.0,518.67,642.53,1594.16,1412.42,14.62,21.61,553.3,2388.1,9069.58,1.3,47.67,521.01,2388.11,8140.92,8.441,0.03,393,2388,100.0,38.61,23.3222,42
42,155,-0.0007,0.0001,100.0,518.67,642.71,1599.41,1409.98,14.62,21.61,552.72,2388.1,9071.25,1.3,47.7,520.94,2388.15,8141.78,8.4482,0.03,395,2388,100.0,38.52,23.2467,41
42,156,-0.0031,-0.0001,100.0,518.67,643.18,1597.49,1408.78,14.62,21.61,552.77,2388.13,9061.56,1.3,47.81,520.74,2388.09,8140.13,8.4592,0.03,393,2388,100.0,38.68,23.1787,40
42,157,-0.0021,-0.0003,100.0,518.67,643.26,1595.57,1410.3,14.62,21.61,552.63,2388.12,9060.55,1.3,47.69,520.46,2388.1,8136.44,8.459,0.03,394,2388,100.0,38.84,23.3829,39
42,158,-0.0027,0.0004,100.0,518.67,643.31,1596.1,1414.66,14.62,21.61,552.07,2388.19,9063.07,1.3,47.67,521.11,2388.12,8141.85,8.475,0.03,393,2388,100.0,38.62,23.2423,38
42,159,0.0028,-0.0001,100.0,518.67,642.78,1592.07,1408.06,14.62,21.61,552.74,2388.11,9054.35,1.3,47.7,521.07,2388.12,8142.24,8.4472,0.03,394,2388,100.0,38.7,23.2941,37
42,160,-0.0015,0.0001,100.0,518.67,643.16,1591.42,1419.06,14.62,21.61,553.15,2388.14,9065.86,1.3,47.96,520.91,2388.14,8139.88,8.4461,0.03,394,2388,100.0,38.7,23.2271,36
42,161,-0.0012,0.0005,100.0,518.67,642.88,1592.89,1414.18,14.62,21.61,553.42,2388.13,9071.3,1.3,47.7,521.13,2388.12,8139.63,8.4706,0.03,394,2388,100.0,38.5,23.088,35
42,162,-0.0008,0.0001,100.0,518.67,643.67,1591.29,1411.32,14.62,21.61,552.75,2388.17,9059.05,1.3,47.73,520.79,2388.16,8143.64,8.4693,0.03,393,2388,100.0,38.52,23.213,34
42,163,0.0028,0.0003,100.0,518.67,642.71,1588.59,1415.74,14.62,21.61,552.38,2388.13,9063.88,1.3,47.7,520.94,2388.17,8139.39,8.4755,0.03,393,2388,100.0,38.78,23.084,33
42,164,-0.0005,0.0004,100.0,518.67,643.02,1595.72,1416.45,14.62,21.61,552.16,2388.17,9066.25,1.3,47.7,520.56,2388.13,8147.69,8.4315,0.03,395,2388,100.0,38.55,23.1115,32
42,165,0.0023,-0.0002,100.0,518.67,642.84,1604.75,1410.85,14.62,21.61,552.62,2388.08,9069.02,1.3,47.65,520.4,2388.16,8140.37,8.4718,0.03,394,2388,100.0,38.74,23.1026,31
42,166,0.001,-0.0001,100.0,518.67,642.79,1588.22,1418.39,14.62,21.61,552.84,2388.14,9069.51,1.3,47.79,520.59,2388.11,8138.15,8.4903,0.03,396,2388,100.0,38.67,23.2156,30
42,167,0.0002,-0.0002,100.0,518.67,642.79,1601.99,1418.51,14.62,21.61,552.88,2388.19,9074.56,1.3,47.88,520.49,2388.13,8141.92,8.4949,0.03,394,2388,100.0,38.7,23.2238,29
42,168,0.0013,0.0004,100.0,518.67,642.76,1585.85,1417.77,14.62,21.61,551.45,2388.13,9062.37,1.3,47.87,520.48,2388.16,8147.36,8.4402,0.03,391,2388,100.0,38.66,23.1594,28
42,169,-0.0013,0.0002,100.0,518.67,643.88,1592.45,1419.87,14.62,21.61,552.9,2388.17,9063.56,1.3,47.84,520.84,2388.18,8137.96,8.5082,0.03,395,2388,100.0,38.64,23.2789,27
42,170,0.0011,-0.0001,100.0,518.67,642.45,1603.25,1420.22,14.62,21.61,552.27,2388.19,9065.38,1.3,47.73,520.26,2388.16,8142.19,8.4649,0.03,395,2388,100.0,38.75,23.1639,26
42,171,-0.002,0.0,100.0,518.67,642.83,1593.71,1416.96,14.62,21.61,552.98,2388.19,9055.89,1.3,47.99,520.51,2388.17,8141.91,8.4996,0.03,396,2388,100.0,38.84,23.2033,25
42,172,-0.0002,0.0003,100.0,518.67,643.19,1595.04,1421.67,14.62,21.61,552.24,2388.13,9055.72,1.3,47.98,520.49,2388.17,8139.13,8.4904,0.03,394,2388,100.0,38.69,23.1658,24
42,173,0.0026,0.0002,100.0,518.67,643.27,1598.13,1416.72,14.62,21.61,551.99,2388.18,9060.04,1.3,47.76,520.42,2388.16,8139.27,8.4917,0.03,395,2388,100.0,38.45,23.1728,23
42,174,0.0016,-0.0004,100.0,518.67,642.57,1595.19,1420.3,14.62,21.61,553.1,2388.23,9067.71,1.3,47.87,520.65,2388.2,8141.77,8.5094,0.03,394,2388,100.0,38.7,23.1827,22
42,175,0.0004,0.0003,100.0,518.67,642.89,1597.12,1425.55,14.62,21.61,553.03,2388.12,9067.4,1.3,47.87,520.01,2388.2,8143.19,8.4851,0.03,395,2388,100.0,38.74,23.1491,21
42,176,-0.0013,-0.0004,100.0,518.67,643.17,1598.07,1416.81,14.62,21.61,552.38,2388.17,9068.33,1.3,47.72,520.34,2388.22,8144.84,8.4588,0.03,395,2388,100.0,38.76,23.1601,20
42,177,0.0032,-0.0002,100.0,518.67,643.29,1598.36,1421.39,14.62,21.61,552.23,2388.19,9068.03,1.3,47.9,520.5,2388.21,8139.05,8.4801,0.03,395,2388,100.0,38.81,23.099,19
42,178,-0.0,-0.0005,100.0,518.67,643.28,1602.19,1429.26,14.62,21.61,551.88,2388.15,9068.07,1.3,47.94,520.6,2388.21,8141.81,8.5155,0.03,394,2388,100.0,38.47,23.1859,18
42,179,-0.0016,-0.0005,100.0,518.67,642.92,1593.47,1422.85,14.62,21.61,551.9,2388.21,9066.84,1.3,47.78,519.83,2388.17,8136.69,8.4949,0.03,397,2388,100.0,38.49,23.1059,17
42,180,0.0034,0.0005,100.0,518.67,643.88,1594.16,1422.19,14.62,21.61,552.22,2388.21,9062.66,1.3,47.9,520.45,2388.25,8137.19,8.4968,0.03,394,2388,100.0,38.66,23.1872,16
42,181,0.0009,-0.0,100.0,518.67,643.7,1597.51,1423.19,14.62,21.61,551.64,2388.27,9066.43,1.3,48.0,519.61,2388.15,8142.79,8.5116,0.03,398,2388,100.0,38.51,23.199,15
42,182,-0.0042,-0.0002,100.0,518.67,642.81,1594.91,1419.02,14.62,21.61,552.33,2388.24,9066.21,1.3,48.14,520.62,2388.18,8137.82,8.4941,0.03,396,2388,100.0,38.47,23.1097,14
42,183,-0.0004,0.0002,100.0,518.67,643.51,1596.55,1420.31,14.62,21.61,551.7,2388.16,9055.81,1.3,48.0,519.85,2388.27,8143.18,8.4918,0.03,393,2388,100.0,38.61,23.1673,13
42,184,-0.0028,0.0,100.0,518.67,643.17,1595.57,1422.49,14.62,21.61,551.73,2388.2,9067.14,1.3,47.97,520.49,2388.23,8137.86,8.4973,0.03,394,2388,100.0,38.63,23.1534,12
42,185,0.0016,0.0002,100.0,518.67,643.6,1597.89,1424.57,14.62,21.61,552.04,2388.19,9060.02,1.3,47.88,520.17,2388.26,8141.24,8.4681,0.03,396,2388,100.0,38.72,23.1648,11
42,186,0.0009,-0.0003,100.0,518.67,643.32,1593.94,1420.03,14.62,21.61,551.41,2388.18,9069.86,1.3,47.99,519.69,2388.23,8143.44,8.5147,0.03,395,2388,100.0,38.55,23.1242,10
42,187,-0.001,-0.0001,100.0,518.67,643.59,1597.24,1420.56,14.62,21.61,552.21,2388.19,9067.55,1.3,47.96,520.41,2388.26,8137.16,8.5012,0.03,396,2388,100.0,38.53,23.1312,9
42,188,0.0021,-0.0003,100.0,518.67,643.28,1595.16,1426.14,14.62,21.61,551.52,2388.15,9059.97,1.3,47.98,519.77,2388.26,8134.69,8.5076,0.03,395,2388,100.0,38.44,23.0835,8
42,189,0.0003,-0.0003,100.0,518.67,643.38,1599.39,1425.11,14.62,21.61,552.13,2388.24,9061.88,1.3,48.08,519.92,2388.2,8140.61,8.5175,0.03,396,2388,100.0,38.44,23.1085,7
42,190,0.0038,0.0,100.0,518.67,643.38,1596.25,1425.06,14.62,21.61,551.75,2388.26,9061.79,1.3,48.14,519.95,2388.25,8134.12,8.539,0.03,395,2388,100.0,38.53,23.0608,6
42,191,0.0013,-0.0,100.0,518.67,643.67,1600.82,1429.17,14.62,21.61,551.65,2388.26,9058.64,1.3,48.13,520.11,2388.26,8138.41,8.5377,0.03,395,2388,100.0,38.45,22.9984,5
42,192,0.0016,0.0004,100.0,518.67,643.78,1591.52,1424.39,14.62,21.61,551.78,2388.23,9062.13,1.3,47.94,520.3,2388.19,8140.99,8.4901,0.03,395,2388,100.0,38.64,23.1215,4
42,193,0.0028,-0.0001,100.0,518.67,643.95,1600.73,1423.5,14.62,21.61,551.47,2388.27,9063.55,1.3,48.07,520.14,2388.29,8140.95,8.5848,0.03,396,2388,100.0,38.31,23.0786,3
42,194,-0.0004,0.0,100.0,518.67,643.16,1598.79,1425.53,14.62,21.61,551.6,2388.22,9073.27,1.3,48.13,519.29,2388.27,8138.27,8.5219,0.03,395,2388,100.0,38.34,23.0127,2
42,195,-0.0039,0.0002,100.0,518.67,643.6,1602.5,1428.71,14.62,21.61,552.2,2388.23,9069.16,1.3,48.11,519.79,2388.24,8137.0,8.5474,0.03,394,2388,100.0,38.35,23.0499,1
42,196,-0.0019,0.0003,100.0,518.67,643.34,1597.41,1427.68,14.62,21.61,551.04,2388.29,9066.91,1.3,47.97,519.68,2388.26,8133.97,8.5161,0.03,395,2388,100.0,38.43,22.995,0
43,1,-0.0007,-0.0004,100.0,518.67,642.56,1579.64,1392.51,14.62,21.61,554.3,2387.98,9056.32,1.3,47.08,522.02,2388.04,8139.17,8.3782,0.03,393,2388,100.0,38.84,23.3701,206
43,2,0.0019,-0.0005,100.0,518.67,642.22,1582.02,1397.92,14.62,21.61,554.58,2388.05,9052.6,1.3,47.22,522.26,2388.04,8137.21,8.3635,0.03,390,2388,100.0,39.11,23.3848,205
43,3,-0.0008,-0.0004,100.0,518.67,641.95,1590.17,1402.59,14.62,21.6,554.07,2388.02,9059.05,1.3,47.31,521.94,2387.99,8141.18,8.4029,0.03,391,2388,100.0,39.11,23.4861,204
43,4,0.001,-0.0003,100.0,518.67,641.71,1579.53,1403.11,14.62,21.61,554.23,2388.0,9060.43,1.3,47.24,522.32,2388.05,8138.88,8.4066,0.03,392,2388,100.0,38.95,23.4021,203
43,5,-0.0041,0.0002,100.0,518.67,642.26,1581.65,1396.1,14.62,21.61,554.41,2387.98,9051.42,1.3,47.1,522.52,2388.04,8134.44,8.4244,0.03,392,2388,100.0,39.11,23.4559,202
43,6,-0.0005,-0.0005,100.0,518.67,642.01,1579.15,1401.53,14.62,21.61,554.7,2388.03,9054.78,1.3,47.24,522.39,2388.03,8136.6,8.403,0.03,392,2388,100.0,38.95,23.3108,201
43,7,-0.0006,0.0004,100.0,518.67,642.21,1585.22,1399.35,14.62,21.61,555.02,2388.01,9056.25,1.3,47.22,522.23,2388.04,8134.49,8.4132,0.03,393,2388,100.0,39.09,23.4156,200
43,8,-0.0001,-0.0005,100.0,518.67,642.16,1587.14,1408.26,14.62,21.61,554.58,2388.02,9055.62,1.3,47.24,522.3,2388.05,8139.13,8.3683,0.03,391,2388,100.0,39.11,23.3331,199
43,9,0.0045,-0.0001,100.0,518.67,642.79,1586.06,1402.13,14.62,21.61,554.93,2388.03,9055.7,1.3,47.24,522.41,2388.06,8141.26,8.3857,0.03,392,2388,100.0,39.01,23.3477,198
43,10,0.0005,-0.0,100.0,518.67,642.4,1582.86,1392.57,14.62,21.61,554.06,2388.0,9056.23,1.3,47.23,521.66,2387.99,8136.33,8.4392,0.03,391,2388,100.0,38.95,23.3811,197
43,11,0.0015,0.0002,100.0,518.67,642.49,1587.46,1392.9,14.62,21.61,553.37,2388.0,9054.88,1.3,47.0,522.82,2388.0,8135.64,8.4186,0.03,391,2388,100.0,39.13,23.4239,196
43,12,0.0005,-0.0,100.0,518.67,642.41,1580.83,1392.18,14.62,21.61,554.41,2388.06,9054.61,1.3,47.33,522.41,2387.99,8136.27,8.3985,0.03,391,2388,100.0,39.13,23.4009,195
43,13,-0.0034,0.0003,100.0,518.67,642.0,1585.31,1396.87,14.62,21.61,554.39,2388.02,9056.03,1.3,47.37,522.19,2388.01,8141.95,8.3978,0.03,392,2388,100.0,39.1,23.4013,194
43,14,-0.0015,0.0003,100.0,518.67,641.51,1586.26,1389.83,14.62,21.61,554.98,2388.02,9055.74,1.3,47.17,522.23,2387.98,8136.42,8.4187,0.03,391,2388,100.0,38.95,23.4868,193
43,15,-0.0007,0.0002,100.0,518.67,642.06,1586.13,1401.37,14.62,21.61,554.68,2388.05,9049.55,1.3,47.27,522.21,2388.03,8141.87,8.4211,0.03,390,2388,100.0,39.02,23.3574,192
43,16,-0.001,0.0002,100.0,518.67,641.45,1584.97,1403.54,14.62,21.6,554.03,2388.04,9045.69,1.3,47.14,522.16,2388.04,8138.15,8.4176,0.03,391,2388,100.0,39.03,23.4268,191
43,17,-0.0024,-0.0004,100.0,518.67,641.91,1585.83,1391.52,14.62,21.61,553.94,2388.0,9051.58,1.3,47.09,522.57,2388.04,8131.69,8.4065,0.03,391,2388,100.0,38.91,23.4477,190
43,18,-0.0022,-0.0001,100.0,518.67,642.31,1583.02,1391.45,14.62,21.61,554.77,2388.0,9054.41,1.3,47.2,522.43,2387.97,8133.87,8.4208,0.03,392,2388,100.0,38.98,23.3427,189
43,19,0.0035,0.0002,100.0,518.67,642.06,1582.3,1397.75,14.62,21.61,553.68,2387.99,9055.6,1.3,47.12,522.68,2388.01,8133.59,8.4243,0.03,391,2388,100.0,39.26,23.3652,188
43,20,-0.0,-0.0003,100.0,518.67,642.6,1582.62,1396.72,14.62,21.61,554.65,2388.0,9059.35,1.3,47.24,522.33,2388.0,8136.3,8.4098,0.03,392,2388,100.0,39.07,23.3555,187
43,21,0.002,-0.0003,100.0,518.67,642.87,1585.17,1406.47,14.62,21.61,554.09,2388.02,9055.45,1.3,47.3,522.4,2388.03,8138.16,8.4232,0.03,392,2388,100.0,39.13,23.4456,186
43,22,-0.0001,0.0002,100.0,518.67,641.9,1585.31,1401.18,14.62,21.61,554.33,2388.04,9056.2,1.3,47.27,522.15,2387.97,8136.85,8.4159,0.03,390,2388,100.0,39.07,23.3456,185
43,23,0.0025,0.0001,100.0,518.67,641.58,1583.52,1397.37,14.62,21.61,554.06,2388.01,9062.02,1.3,46.98,522.5,2388.06,8141.32,8.3716,0.03,393,2388,100.0,39.07,23.5032,184
43,24,-0.0045,-0.0005,100.0,518.67,642.24,1580.87,1399.52,14.62,21.61,554.01,2388.01,9058.97,1.3,47.36,522.73,2388.03,8140.17,8.4148,0.03,391,2388,100.0,39.01,23.2903,183
43,25,-0.0025,0.0003,100.0,518.67,641.58,1581.59,1396.5,14.62,21.61,554.28,2388.01,9052.42,1.3,47.29,522.16,2388.04,8134.86,8.3841,0.03,392,2388,100.0,38.98,23.4059,182
43,26,-0.0008,0.0004,100.0,518.67,642.57,1587.18,1396.91,14.62,21.6,554.44,2388.0,9059.15,1.3,47.35,522.21,2388.04,8137.01,8.3775,0.03,392,2388,100.0,39.07,23.4153,181
43,27,0.0033,-0.0002,100.0,518.67,642.34,1581.22,1402.89,14.62,21.61,554.3,2388.03,9058.81,1.3,47.41,522.45,2388.02,8134.67,8.4042,0.03,392,2388,100.0,39.02,23.3972,180
43,28,0.0007,0.0001,100.0,518.67,642.23,1590.76,1397.76,14.62,21.61,554.41,2388.04,9050.19,1.3,47.15,522.55,2388.01,8135.89,8.3836,0.03,391,2388,100.0,39.13,23.4409,179
43,29,0.0016,0.0001,100.0,518.67,641.99,1586.08,1399.45,14.62,21.61,554.51,2388.03,9049.92,1.3,47.33,522.23,2388.01,8138.94,8.3853,0.03,392,2388,100.0,39.02,23.4582,178
43,30,0.0017,0.0003,100.0,518.67,641.87,1586.0,1401.48,14.62,21.61,555.0,2388.05,9056.49,1.3,47.09,522.58,2387.98,8136.84,8.371,0.03,392,2388,100.0,39.09,23.4204,177
43,31,0.0014,-0.0,100.0,518.67,642.16,1578.15,1395.89,14.62,21.6,554.47,2388.02,9050.11,1.3,47.23,522.12,2388.01,8140.24,8.4177,0.03,391,2388,100.0,39.1,23.3878,176
43,32,-0.0047,0.0003,100.0,518.67,642.07,1587.17,1398.38,14.62,21.61,554.45,2388.05,9057.38,1.3,47.31,522.06,2388.02,8143.07,8.424,0.03,390,2388,100.0,39.08,23.4645,175
43,33,-0.0007,0.0004,100.0,518.67,642.42,1579.29,1400.17,14.62,21.61,554.0,2388.05,9046.8,1.3,47.24,522.43,2388.06,8139.86,8.4318,0.03,392,2388,100.0,39.04,23.3001,174
43,34,-0.0031,0.0004,100.0,518.67,642.83,1580.3,1397.26,14.62,21.61,554.61,2388.03,9057.05,1.3,47.14,522.08,2388.03,8132.62,8.3891,0.03,391,2388,100.0,39.1,23.4014,173
43,35,-0.0042,-0.0004,100.0,518.67,641.89,1586.02,1394.03,14.62,21.61,554.35,2388.0,9054.58,1.3,47.14,522.31,2387.99,8134.15,8.4024,0.03,394,2388,100.0,39.0,23.3953,172
43,36,0.0005,-0.0001,100.0,518.67,642.07,1586.2,1401.36,14.62,21.61,554.14,2388.02,9060.7,1.3,47.12,522.18,2388.01,8140.6,8.3917,0.03,391,2388,100.0,38.92,23.5067,171
43,37,0.0046,-0.0003,100.0,518.67,642.07,1584.22,1401.09,14.62,21.61,554.43,2388.02,9046.6,1.3,47.24,522.55,2388.02,8138.24,8.4076,0.03,393,2388,100.0,39.17,23.3422,170
43,38,0.0023,-0.0004,100.0,518.67,641.7,1587.69,1402.39,14.62,21.61,554.05,2388.08,9057.12,1.3,47.37,522.1,2388.06,8137.57,8.3769,0.03,391,2388,100.0,38.85,23.4556,169
43,39,-0.0029,-0.0001,100.0,518.67,642.36,1583.99,1402.98,14.62,21.61,554.71,2388.02,9051.97,1.3,47.43,522.36,2388.0,8141.95,8.4003,0.03,391,2388,100.0,39.17,23.521,168
43,40,-0.0004,0.0003,100.0,518.67,641.5,1582.71,1399.59,14.62,21.61,553.76,2388.02,9048.42,1.3,47.46,522.09,2388.0,8130.71,8.4176,0.03,393,2388,100.0,39.09,23.3125,167
43,41,0.0003,0.0004,100.0,518.67,641.33,1578.11,1395.35,14.62,21.61,554.74,2388.02,9056.53,1.3,47.28,522.42,2388.04,8140.16,8.4254,0.03,392,2388,100.0,38.99,23.3278,166
43,42,0.0015,-0.0004,100.0,518.67,642.14,1590.56,1393.56,14.62,21.6,554.06,2388.07,9057.91,1.3,47.25,522.09,2388.05,8139.21,8.4473,0.03,392,2388,100.0,39.07,23.3063,165
43,43,-0.001,0.0002,100.0,518.67,642.22,1591.15,1401.26,14.62,21.61,553.76,2388.04,9052.57,1.3,47.25,522.52,2388.0,8136.14,8.3858,0.03,391,2388,100.0,38.96,23.3464,164
43,44,0.001,0.0003,100.0,518.67,641.61,1587.39,1399.4,14.62,21.61,553.98,2387.96,9050.46,1.3,47.31,522.33,2387.95,8136.2,8.4139,0.03,394,2388,100.0,38.85,23.4877,163
43,45,0.0047,0.0002,100.0,518.67,642.12,1574.46,1397.69,14.62,21.61,554.67,2387.98,9050.04,1.3,47.36,522.78,2387.99,8137.47,8.4349,0.03,391,2388,100.0,39.05,23.3792,162
43,46,-0.0006,-0.0002,100.0,518.67,642.9,1592.46,1403.2,14.62,21.61,554.6,2388.08,9057.57,1.3,47.19,522.59,2388.04,8138.78,8.3896,0.03,391,2388,100.0,39.11,23.3661,161
43,47,-0.0004,-0.0,100.0,518.67,642.65,1584.16,1397.52,14.62,21.61,554.55,2388.0,9064.76,1.3,47.4,522.57,2388.04,8134.58,8.389,0.03,393,2388,100.0,39.2,23.3325,160
43,48,-0.0047,-0.0004,100.0,518.67,642.12,1588.77,1395.26,14.62,21.61,554.4,2387.99,9060.49,1.3,47.26,522.08,2388.03,8137.73,8.4192,0.03,393,2388,100.0,39.06,23.2875,159
43,49,0.0019,0.0001,100.0,518.67,642.37,1585.87,1399.86,14.62,21.61,554.37,2388.01,9052.03,1.3,47.18,522.08,2388.08,8136.19,8.3971,0.03,392,2388,100.0,39.09,23.2944,158
43,50,0.0035,0.0002,100.0,518.67,642.25,1581.7,1402.28,14.62,21.61,554.38,2388.04,9055.87,1.3,47.24,522.33,2388.05,8139.74,8.4052,0.03,392,2388,100.0,39.03,23.4292,157
43,51,-0.0007,0.0003,100.0,518.67,642.17,1581.84,1404.44,14.62,21.61,554.33,2388.01,9062.03,1.3,47.21,522.19,2388.05,8131.8,8.4202,0.03,394,2388,100.0,38.94,23.4191,156
43,52,0.002,0.0004,100.0,518.67,642.88,1579.57,1397.17,14.62,21.61,554.32,2388.0,9058.17,1.3,47.13,522.26,2388.03,8132.86,8.3918,0.03,390,2388,100.0,39.04,23.4212,155
43,53,0.002,-0.0001,100.0,518.67,642.51,1589.91,1393.86,14.62,21.61,554.34,2388.09,9057.99,1.3,47.3,522.41,2387.98,8135.79,8.3661,0.03,393,2388,100.0,39.02,23.2672,154
43,54,-0.0018,0.0004,100.0,518.67,642.06,1589.72,1404.57,14.62,21.61,554.89,2388.0,9051.19,1.3,47.27,522.23,2388.04,8141.6,8.3903,0.03,392,2388,100.0,38.86,23.4111,153
43,55,-0.0009,-0.0001,100.0,518.67,642.38,1582.75,1394.98,14.62,21.61,553.99,2388.04,9048.74,1.3,47.3,521.93,2388.04,8144.38,8.4446,0.03,392,2388,100.0,39.0,23.3379,152
43,56,0.001,-0.0004,100.0,518.67,642.02,1588.22,1399.56,14.62,21.61,553.9,2388.04,9048.36,1.3,47.36,521.89,2388.08,8135.15,8.3798,0.03,392,2388,100.0,38.86,23.33,151
43,57,-0.0012,0.0004,100.0,518.67,642.01,1576.0,1392.25,14.62,21.61,554.34,2388.02,9055.64,1.3,47.37,522.66,2387.98,8135.32,8.3954,0.03,390,2388,100.0,38.86,23.4259,150
43,58,-0.0028,-0.0003,100.0,518.67,642.32,1577.23,1397.47,14.62,21.61,553.93,2388.06,9060.71,1.3,47.11,522.23,2388.0,8141.1,8.4499,0.03,391,2388,100.0,38.99,23.2497,149
43,59,-0.0008,-0.0005,100.0,518.67,642.52,1579.68,1404.68,14.62,21.61,554.75,2388.03,9057.07,1.3,47.19,521.88,2388.0,8140.58,8.4273,0.03,392,2388,100.0,39.01,23.2466,148
43,60,0.0006,-0.0001,100.0,518.67,642.16,1578.91,1402.7,14.62,21.61,554.07,2388.05,9056.63,1.3,47.3,522.32,2388.05,8136.08,8.3889,0.03,392,2388,100.0,39.05,23.4122,147
43,61,-0.0005,0.0001,100.0,518.67,642.05,1583.88,1393.56,14.62,21.61,554.41,2388.01,9050.78,1.3,47.19,522.41,2388.04,8138.47,8.4082,0.03,392,2388,100.0,38.99,23.3624,146
43,62,-0.0029,-0.0,100.0,518.67,641.73,1585.66,1406.74,14.62,21.61,553.97,2388.01,9062.01,1.3,47.3,521.82,2388.0,8136.57,8.4334,0.03,392,2388,100.0,38.96,23.277,145
43,63,0.002,0.0002,100.0,518.67,642.12,1584.42,1408.87,14.62,21.61,554.83,2388.03,9059.21,1.3,47.13,521.66,2388.04,8135.57,8.3749,0.03,392,2388,100.0,39.0,23.4509,144
43,64,-0.0006,0.0,100.0,518.67,642.49,1590.79,1396.52,14.62,21.61,554.41,2387.98,9058.83,1.3,47.25,521.89,2388.05,8139.67,8.4217,0.03,391,2388,100.0,38.9,23.5136,143
43,65,0.0025,0.0004,100.0,518.67,642.39,1590.98,1395.71,14.62,21.61,553.52,2387.99,9058.19,1.3,47.39,522.69,2388.02,8139.96,8.3908,0.03,391,2388,100.0,38.97,23.372,142
43,66,0.0008,0.0002,100.0,518.67,641.94,1588.61,1397.85,14.62,21.61,553.84,2388.02,9051.34,1.3,47.32,521.59,2388.05,8138.73,8.4025,0.03,390,2388,100.0,39.0,23.2788,141
43,67,-0.0011,-0.0001,100.0,518.67,642.02,1582.15,1396.13,14.62,21.61,554.81,2388.05,9042.97,1.3,47.34,521.13,2388.05,8138.62,8.3913,0.03,392,2388,100.0,39.04,23.3747,140
43,68,-0.0004,-0.0005,100.0,518.67,642.28,1587.95,1404.65,14.62,21.61,554.58,2388.0,9059.91,1.3,47.29,521.82,2387.97,8138.43,8.4049,0.03,392,2388,100.0,39.07,23.3149,139
43,69,0.0007,0.0,100.0,518.67,642.58,1590.21,1395.47,14.62,21.61,554.65,2388.06,9051.34,1.3,47.28,522.19,2388.05,8133.45,8.4177,0.03,392,2388,100.0,38.94,23.3906,138
43,70,-0.0005,0.0,100.0,518.67,642.66,1587.33,1398.12,14.62,21.61,554.33,2388.09,9051.0,1.3,47.25,521.65,2388.03,8137.57,8.433,0.03,391,2388,100.0,38.92,23.3412,137
43,71,-0.0,0.0002,100.0,518.67,642.32,1586.76,1398.33,14.62,21.61,554.62,2388.04,9053.52,1.3,47.24,522.04,2388.03,8133.58,8.4244,0.03,391,2388,100.0,39.03,23.3275,136
43,72,-0.0008,-0.0001,100.0,518.67,642.31,1587.55,1399.32,14.62,21.61,554.3,2388.01,9055.29,1.3,47.33,522.13,2388.02,8135.89,8.3834,0.03,392,2388,100.0,38.91,23.3388,135
43,73,-0.0015,0.0001,100.0,518.67,642.32,1584.71,1398.09,14.62,21.61,554.16,2388.07,9052.1,1.3,47.3,522.27,2388.03,8136.07,8.3994,0.03,391,2388,100.0,39.05,23.3559,134
43,74,0.0012,0.0004,100.0,518.67,642.23,1586.7,1399.5,14.62,21.61,554.57,2388.11,9057.26,1.3,47.34,521.89,2388.06,8134.15,8.3957,0.03,393,2388,100.0,38.97,23.282,133
43,75,-0.0021,0.0001,100.0,518.67,642.73,1590.24,1405.31,14.62,21.61,555.09,2388.13,9055.68,1.3,47.13,521.91,2388.04,8138.23,8.3772,0.03,391,2388,100.0,39.0,23.4601,132
43,76,-0.0012,-0.0001,100.0,518.67,642.18,1589.92,1399.38,14.62,21.61,554.68,2388.06,9052.26,1.3,47.25,521.9,2387.99,8133.32,8.4383,0.03,393,2388,100.0,39.0,23.302,131
43,77,-0.0037,-0.0002,100.0,518.67,641.78,1587.86,1402.19,14.62,21.61,553.44,2388.04,9049.28,1.3,47.37,522.2,2388.01,8136.81,8.415,0.03,392,2388,100.0,39.02,23.3331,130
43,78,0.0033,0.0004,100.0,518.67,642.33,1588.02,1404.39,14.62,21.61,554.09,2388.02,9053.42,1.3,47.39,522.02,2388.07,8140.59,8.4025,0.03,392,2388,100.0,39.23,23.3367,129
43,79,0.0035,-0.0,100.0,518.67,642.23,1585.36,1404.41,14.62,21.61,553.44,2388.1,9052.87,1.3,47.39,522.08,2388.04,8133.4,8.4029,0.03,393,2388,100.0,38.86,23.4146,128
43,80,0.0009,-0.0004,100.0,518.67,642.24,1588.28,1399.8,14.62,21.61,553.78,2388.01,9057.28,1.3,47.17,522.16,2388.04,8140.65,8.4089,0.03,393,2388,100.0,39.14,23.3247,127
43,81,-0.0032,0.0003,100.0,518.67,642.17,1588.47,1396.92,14.62,21.61,555.14,2388.06,9054.45,1.3,47.24,521.96,2388.07,8134.4,8.4001,0.03,391,2388,100.0,39.0,23.4363,126
43,82,0.0011,0.0001,100.0,518.67,642.25,1586.85,1406.96,14.62,21.61,553.99,2388.04,9047.6,1.3,47.28,522.09,2388.05,8134.15,8.3834,0.03,391,2388,100.0,38.92,23.4605,125
43,83,0.0025,0.0002,100.0,518.67,641.73,1585.31,1400.57,14.62,21.61,554.1,2388.0,9053.61,1.3,47.44,522.68,2388.04,8139.17,8.4454,0.03,392,2388,100.0,38.81,23.3417,124
43,84,0.0022,-0.0002,100.0,518.67,642.46,1585.79,1400.41,14.62,21.61,554.07,2388.08,9050.11,1.3,47.45,522.25,2388.02,8136.25,8.4169,0.03,392,2388,100.0,39.05,23.4,123
43,85,-0.0003,-0.0001,100.0,518.67,642.11,1586.98,1402.42,14.62,21.61,554.02,2388.07,9057.08,1.3,47.24,522.12,2388.06,8136.05,8.4479,0.03,392,2388,100.0,38.93,23.3624,122
43,86,-0.0001,0.0001,100.0,518.67,642.06,1589.44,1406.32,14.62,21.61,553.43,2388.04,9053.93,1.3,47.45,521.68,2388.02,8140.15,8.426,0.03,391,2388,100.0,38.97,23.4172,121
43,87,-0.0006,0.0001,100.0,518.67,642.2,1580.3,1399.63,14.62,21.61,554.17,2388.06,9055.88,1.3,47.25,521.9,2387.95,8138.84,8.4216,0.03,391,2388,100.0,38.98,23.3393,120
43,88,-0.0043,-0.0001,100.0,518.67,642.52,1590.43,1405.14,14.62,21.61,553.47,2388.06,9052.05,1.3,47.23,521.43,2388.03,8134.96,8.4099,0.03,393,2388,100.0,38.92,23.4772,119
43,89,0.0,-0.0005,100.0,518.67,642.2,1583.89,1402.46,14.62,21.61,553.31,2388.02,9054.94,1.3,47.27,522.09,2388.02,8139.59,8.3798,0.03,392,2388,100.0,38.87,23.3821,118
43,90,-0.0001,-0.0001,100.0,518.67,642.43,1585.06,1397.98,14.62,21.61,554.69,2388.01,9049.58,1.3,47.46,521.84,2388.08,8133.88,8.4052,0.03,393,2388,100.0,39.18,23.5008,117
43,91,-0.0002,0.0004,100.0,518.67,642.37,1586.32,1409.55,14.62,21.61,554.39,2388.07,9049.64,1.3,47.17,522.16,2388.06,8136.14,8.3721,0.03,390,2388,100.0,38.9,23.3823,116
43,92,-0.0008,-0.0005,100.0,518.67,642.55,1588.36,1400.17,14.62,21.61,553.87,2388.07,9063.58,1.3,47.46,522.11,2388.08,8135.12,8.409,0.03,392,2388,100.0,38.96,23.3704,115
43,93,-0.0036,0.0004,100.0,518.67,642.63,1584.23,1401.12,14.62,21.61,553.73,2388.05,9060.73,1.3,47.25,522.16,2388.07,8141.63,8.4407,0.03,391,2388,100.0,39.03,23.4205,114
43,94,0.0029,-0.0003,100.0,518.67,642.09,1588.54,1403.83,14.62,21.61,554.7,2388.06,9048.29,1.3,47.26,521.71,2388.08,8134.98,8.4109,0.03,392,2388,100.0,39.0,23.2943,113
43,95,0.0033,-0.0002,100.0,518.67,641.86,1586.88,1400.9,14.62,21.61,554.04,2388.07,9058.33,1.3,47.24,521.95,2388.03,8135.76,8.4311,0.03,392,2388,100.0,39.04,23.3896,112
43,96,-0.0011,0.0002,100.0,518.67,642.3,1582.73,1404.43,14.62,21.61,554.43,2388.03,9051.48,1.3,47.24,521.52,2388.02,8132.67,8.4522,0.03,393,2388,100.0,39.03,23.4095,111
43,97,-0.0045,-0.0004,100.0,518.67,642.06,1582.45,1401.48,14.62,21.61,554.5,2388.07,9057.16,1.3,47.45,522.25,2387.99,8139.69,8.4125,0.03,392,2388,100.0,38.87,23.3991,110
43,98,-0.001,-0.0005,100.0,518.67,642.21,1578.77,1408.2,14.62,21.61,553.91,2388.1,9052.41,1.3,47.19,522.26,2388.02,8136.45,8.4083,0.03,392,2388,100.0,38.95,23.2647,109
43,99,-0.0029,-0.0004,100.0,518.67,642.87,1589.73,1401.77,14.62,21.61,554.08,2388.07,9055.61,1.3,47.38,521.98,2388.03,8132.53,8.3872,0.03,392,2388,100.0,39.07,23.3389,108
43,100,0.0047,0.0,100.0,518.67,642.27,1581.92,1403.32,14.62,21.61,554.07,2388.05,9052.92,1.3,47.42,522.22,2388.04,8135.94,8.4388,0.03,390,2388,100.0,38.84,23.3346,107
43,101,-0.0007,-0.0003,100.0,518.67,641.98,1582.06,1399.16,14.62,21.61,554.08,2388.02,9052.91,1.3,47.35,522.13,2388.05,8136.94,8.3883,0.03,393,2388,100.0,39.05,23.3805,106
43,102,0.0025,0.0002,100.0,518.67,642.04,1584.51,1406.12,14.62,21.61,554.48,2388.07,9052.38,1.3,47.34,521.56,2388.12,8133.6,8.4145,0.03,393,2388,100.0,38.91,23.3726,105
43,103,-0.0021,0.0003,100.0,518.67,642.2,1580.8,1402.32,14.62,21.61,554.01,2388.03,9051.35,1.3,47.37,522.12,2388.01,8132.23,8.434,0.03,390,2388,100.0,38.86,23.3379,104
43,104,0.0024,0.0004,100.0,518.67,642.28,1585.34,1398.11,14.62,21.61,554.05,2387.98,9055.49,1.3,47.43,521.98,2388.04,8136.3,8.4416,0.03,392,2388,100.0,38.9,23.4631,103
43,105,0.0036,-0.0003,100.0,518.67,642.52,1585.86,1409.21,14.62,21.61,554.28,2388.15,9053.39,1.3,47.29,521.78,2388.04,8140.85,8.415,0.03,392,2388,100.0,38.83,23.3784,102
43,106,-0.003,0.0001,100.0,518.67,642.65,1585.48,1403.34,14.62,21.61,553.15,2388.07,9053.11,1.3,47.37,521.96,2388.1,8139.08,8.4127,0.03,394,2388,100.0,38.9,23.3868,101
43,107,0.0004,-0.0004,100.0,518.67,642.04,1585.57,1399.98,14.62,21.61,553.75,2388.05,9054.37,1.3,47.4,522.29,2388.01,8137.54,8.4147,0.03,392,2388,100.0,38.95,23.373,100
43,108,0.0005,0.0004,100.0,518.67,642.08,1583.97,1411.24,14.62,21.61,554.01,2388.07,9061.51,1.3,47.31,521.93,2388.11,8129.21,8.4031,0.03,393,2388,100.0,38.97,23.3593,99
43,109,0.0009,0.0003,100.0,518.67,642.58,1590.24,1403.07,14.62,21.61,553.38,2388.07,9053.88,1.3,47.31,521.57,2388.1,8135.62,8.4139,0.03,391,2388,100.0,39.03,23.4087,98
43,110,0.0009,-0.0004,100.0,518.67,642.75,1588.29,1405.36,14.62,21.61,553.75,2388.02,9052.99,1.3,47.41,522.08,2388.06,8141.39,8.394,0.03,392,2388,100.0,38.91,23.4169,97
43,111,0.0037,0.0002,100.0,518.67,641.92,1587.56,1408.64,14.62,21.61,553.69,2388.05,9053.49,1.3,47.36,521.55,2388.09,8141.47,8.4025,0.03,394,2388,100.0,38.8,23.3443,96
43,112,-0.0004,0.0002,100.0,518.67,642.16,1587.85,1403.45,14.62,21.61,554.54,2388.05,9055.75,1.3,47.47,521.63,2388.14,8135.53,8.4156,0.03,393,2388,100.0,39.0,23.3487,95
43,113,0.0009,0.0002,100.0,518.67,642.32,1586.97,1407.02,14.62,21.61,552.94,2388.12,9053.43,1.3,47.3,521.69,2388.12,8132.33,8.4214,0.03,394,2388,100.0,38.78,23.2726,94
43,114,-0.001,-0.0002,100.0,518.67,642.5,1591.84,1400.5,14.62,21.61,553.72,2388.07,9051.93,1.3,47.42,521.95,2388.1,8132.82,8.4199,0.03,392,2388,100.0,38.93,23.416,93
43,115,0.002,0.0002,100.0,518.67,642.67,1588.77,1404.07,14.62,21.61,553.81,2388.04,9056.54,1.3,47.46,521.21,2388.08,8139.97,8.4394,0.03,392,2388,100.0,39.11,23.322,92
43,116,0.0011,0.0,100.0,518.67,642.47,1585.17,1403.23,14.62,21.61,553.78,2388.17,9051.81,1.3,47.36,522.43,2388.06,8135.66,8.4087,0.03,393,2388,100.0,38.98,23.4039,91
43,117,-0.0011,0.0002,100.0,518.67,643.17,1582.12,1402.84,14.62,21.61,553.44,2388.07,9064.11,1.3,47.33,521.9,2388.11,8136.75,8.4451,0.03,394,2388,100.0,38.84,23.2177,90
43,118,-0.0014,0.0002,100.0,518.67,642.13,1584.44,1399.44,14.62,21.61,553.9,2388.04,9053.47,1.3,47.33,522.32,2388.04,8139.43,8.428,0.03,392,2388,100.0,38.97,23.334,89
43,119,0.0012,-0.0005,100.0,518.67,642.71,1583.89,1393.69,14.62,21.6,553.58,2388.05,9055.71,1.3,47.46,521.99,2388.05,8135.62,8.4104,0.03,393,2388,100.0,38.87,23.3845,88
43,120,-0.003,0.0004,100.0,518.67,642.5,1577.56,1401.69,14.62,21.61,553.51,2388.11,9056.0,1.3,47.42,522.31,2388.03,8130.49,8.4132,0.03,392,2388,100.0,38.82,23.3068,87
43,121,0.0004,0.0002,100.0,518.67,642.39,1585.15,1405.57,14.62,21.61,554.06,2388.12,9051.01,1.3,47.48,521.82,2388.15,8136.95,8.414,0.03,392,2388,100.0,38.81,23.3585,86
43,122,0.0001,0.0004,100.0,518.67,642.69,1583.95,1406.2,14.62,21.61,553.74,2388.04,9051.36,1.3,47.35,521.68,2388.07,8135.43,8.4402,0.03,392,2388,100.0,38.92,23.4649,85
43,123,0.0011,0.0004,100.0,518.67,642.1,1591.24,1405.65,14.62,21.61,553.09,2388.08,9053.42,1.3,47.4,521.6,2388.08,8132.36,8.426,0.03,391,2388,100.0,38.73,23.3867,84
43,124,0.0048,-0.0001,100.0,518.67,642.76,1592.55,1404.41,14.62,21.61,554.03,2388.13,9050.77,1.3,47.41,521.58,2388.13,8134.51,8.4383,0.03,391,2388,100.0,38.97,23.3763,83
43,125,-0.0013,0.0,100.0,518.67,642.22,1580.76,1404.92,14.62,21.61,554.57,2388.09,9053.86,1.3,47.48,521.86,2388.1,8132.32,8.4103,0.03,392,2388,100.0,38.96,23.374,82
43,126,-0.0007,0.0004,100.0,518.67,642.21,1590.18,1398.6,14.62,21.61,553.35,2388.09,9055.43,1.3,47.27,521.47,2388.03,8136.14,8.3923,0.03,391,2388,100.0,38.99,23.3109,81
43,127,0.0009,0.0004,100.0,518.67,642.8,1587.91,1405.41,14.62,21.61,553.21,2388.12,9058.88,1.3,47.28,521.4,2388.14,8134.68,8.4353,0.03,394,2388,100.0,38.88,23.2303,80
43,128,-0.0046,0.0001,100.0,518.67,641.59,1584.45,1403.74,14.62,21.61,553.57,2388.06,9051.32,1.3,47.54,521.54,2388.12,8134.73,8.4122,0.03,393,2388,100.0,38.92,23.3222,79
43,129,-0.002,-0.0002,100.0,518.67,642.46,1591.85,1402.12,14.62,21.61,553.14,2388.07,9053.65,1.3,47.24,521.73,2388.07,8131.89,8.4389,0.03,393,2388,100.0,38.84,23.3565,78
43,130,0.0018,0.0002,100.0,518.67,642.38,1584.15,1397.85,14.62,21.61,553.67,2388.11,9050.16,1.3,47.58,521.4,2388.09,8138.21,8.4158,0.03,392,2388,100.0,38.87,23.239,77
43,131,0.0046,-0.0003,100.0,518.67,642.48,1585.04,1411.13,14.62,21.61,553.7,2388.09,9051.8,1.3,47.51,522.04,2388.11,8135.8,8.4359,0.03,393,2388,100.0,38.94,23.2181,76
43,132,0.0015,0.0004,100.0,518.67,642.62,1586.4,1402.99,14.62,21.61,554.25,2388.1,9052.84,1.3,47.4,521.96,2388.1,8136.91,8.4335,0.03,393,2388,100.0,38.71,23.3434,75
43,133,-0.0001,-0.0005,100.0,518.67,642.44,1583.32,1401.2,14.62,21.61,553.82,2388.05,9063.43,1.3,47.63,521.67,2388.14,8137.88,8.4131,0.03,392,2388,100.0,38.85,23.2844,74
43,134,-0.0003,0.0002,100.0,518.67,642.6,1582.49,1400.71,14.62,21.61,553.95,2388.1,9053.14,1.3,47.39,521.68,2388.12,8133.38,8.4041,0.03,392,2388,100.0,38.89,23.3426,73
43,135,-0.0017,0.0004,100.0,518.67,642.9,1589.89,1407.53,14.62,21.61,553.87,2388.09,9052.8,1.3,47.55,521.32,2388.06,8129.85,8.4106,0.03,394,2388,100.0,38.82,23.3133,72
43,136,-0.002,-0.0002,100.0,518.67,642.46,1580.98,1402.51,14.62,21.61,552.63,2388.05,9049.85,1.3,47.57,521.71,2388.15,8137.14,8.4515,0.03,393,2388,100.0,38.88,23.323,71
43,137,-0.0031,-0.0004,100.0,518.67,642.83,1586.39,1401.37,14.62,21.61,553.39,2388.15,9058.14,1.3,47.63,521.37,2388.11,8130.76,8.4777,0.03,392,2388,100.0,38.76,23.449,70
43,138,0.0004,-0.0004,100.0,518.67,642.95,1591.72,1412.68,14.62,21.61,553.31,2388.12,9057.54,1.3,47.55,521.15,2388.11,8135.19,8.4393,0.03,392,2388,100.0,38.93,23.3196,69
43,139,-0.0023,-0.0004,100.0,518.67,642.67,1585.19,1411.71,14.62,21.61,553.8,2388.07,9049.13,1.3,47.48,521.89,2388.1,8131.35,8.4325,0.03,394,2388,100.0,38.93,23.3142,68
43,140,0.0015,0.0004,100.0,518.67,642.98,1584.45,1410.57,14.62,21.61,553.46,2388.11,9049.1,1.3,47.49,521.11,2388.11,8132.43,8.4309,0.03,393,2388,100.0,38.87,23.2644,67
43,141,-0.0032,-0.0005,100.0,518.67,643.18,1587.55,1406.15,14.62,21.61,553.72,2388.08,9057.82,1.3,47.28,521.12,2388.04,8136.87,8.4224,0.03,393,2388,100.0,38.91,23.2202,66
43,142,0.0035,-0.0002,100.0,518.67,642.75,1585.17,1403.9,14.62,21.61,553.52,2388.08,9053.33,1.3,47.31,521.42,2388.13,8133.5,8.4139,0.03,393,2388,100.0,38.69,23.2168,65
43,143,-0.0003,0.0,100.0,518.67,642.68,1590.81,1407.72,14.62,21.61,553.56,2388.06,9056.16,1.3,47.6,521.37,2388.13,8131.76,8.4363,0.03,394,2388,100.0,38.99,23.2953,64
43,144,-0.0009,-0.0003,100.0,518.67,642.36,1587.43,1405.78,14.62,21.61,553.63,2388.1,9046.28,1.3,47.51,521.73,2388.1,8130.64,8.4532,0.03,392,2388,100.0,38.83,23.2707,63
43,145,0.0037,0.0001,100.0,518.67,642.38,1585.08,1403.53,14.62,21.61,553.62,2388.11,9060.03,1.3,47.51,521.55,2388.12,8130.7,8.4306,0.03,392,2388,100.0,38.91,23.3228,62
43,146,-0.0002,-0.0005,100.0,518.67,642.58,1587.68,1406.05,14.62,21.61,553.19,2388.08,9044.78,1.3,47.62,521.35,2388.12,8128.64,8.4149,0.03,393,2388,100.0,38.78,23.3543,61
43,147,0.0015,-0.0001,100.0,518.67,643.0,1591.15,1413.65,14.62,21.61,553.36,2388.11,9046.38,1.3,47.38,521.18,2388.09,8128.07,8.4242,0.03,393,2388,100.0,38.77,23.3007,60
43,148,0.0027,0.0002,100.0,518.67,642.12,1591.63,1402.5,14.62,21.61,553.31,2388.11,9049.39,1.3,47.68,521.44,2388.11,8133.82,8.4455,0.03,392,2388,100.0,38.8,23.3424,59
43,149,-0.0001,-0.0003,100.0,518.67,642.36,1587.03,1411.24,14.62,21.61,553.64,2388.1,9051.92,1.3,47.49,521.54,2388.11,8131.8,8.4129,0.03,394,2388,100.0,38.58,23.4398,58
43,150,0.0005,-0.0002,100.0,518.67,642.79,1585.79,1412.85,14.62,21.61,554.72,2388.13,9045.47,1.3,47.64,521.42,2388.17,8130.45,8.4098,0.03,394,2388,100.0,38.85,23.3574,57
43,151,0.0041,0.0003,100.0,518.67,642.69,1595.21,1411.83,14.62,21.61,553.4,2388.12,9046.6,1.3,47.55,520.95,2388.06,8130.9,8.4531,0.03,394,2388,100.0,38.78,23.3753,56
43,152,-0.0015,-0.0003,100.0,518.67,642.98,1582.31,1404.12,14.62,21.61,552.98,2388.15,9050.87,1.3,47.62,521.31,2388.11,8132.08,8.421,0.03,393,2388,100.0,38.97,23.2154,55
43,153,-0.0034,-0.0002,100.0,518.67,642.77,1588.31,1408.88,14.62,21.61,553.24,2388.1,9050.13,1.3,47.4,521.24,2388.1,8130.52,8.4873,0.03,392,2388,100.0,38.83,23.3625,54
43,154,0.0021,-0.0003,100.0,518.67,642.83,1592.39,1413.02,14.62,21.61,552.58,2388.08,9054.22,1.3,47.64,521.88,2388.09,8129.97,8.427,0.03,392,2388,100.0,38.83,23.238,53
43,155,-0.0006,0.0005,100.0,518.67,642.69,1592.13,1407.27,14.62,21.61,552.66,2388.22,9047.45,1.3,47.54,521.25,2388.13,8129.29,8.4794,0.03,393,2388,100.0,38.8,23.2749,52
43,156,0.0034,0.0004,100.0,518.67,642.62,1588.84,1402.82,14.62,21.61,553.22,2388.15,9043.64,1.3,47.4,520.89,2388.12,8134.64,8.4719,0.03,394,2388,100.0,38.8,23.2736,51
43,157,-0.0025,-0.0005,100.0,518.67,642.35,1595.45,1406.14,14.62,21.61,553.15,2388.13,9052.16,1.3,47.47,521.33,2388.15,8136.14,8.4866,0.03,393,2388,100.0,38.9,23.3245,50
43,158,0.0034,-0.0001,100.0,518.67,642.09,1584.69,1412.63,14.62,21.61,553.72,2388.12,9049.24,1.3,47.57,521.23,2388.14,8133.39,8.4433,0.03,393,2388,100.0,38.78,23.3295,49
43,159,-0.002,-0.0002,100.0,518.67,642.44,1597.68,1408.76,14.62,21.61,552.76,2388.13,9048.12,1.3,47.51,520.99,2388.13,8126.43,8.4494,0.03,394,2388,100.0,38.86,23.2969,48
43,160,0.0013,-0.0003,100.0,518.67,643.04,1588.09,1412.27,14.62,21.61,553.06,2388.13,9054.29,1.3,47.65,521.33,2388.15,8128.45,8.4721,0.03,392,2388,100.0,38.8,23.3426,47
43,161,-0.001,0.0001,100.0,518.67,642.86,1587.92,1406.44,14.62,21.61,553.2,2388.15,9054.57,1.3,47.54,520.92,2388.13,8128.56,8.4461,0.03,393,2388,100.0,38.81,23.3773,46
43,162,-0.0019,-0.0004,100.0,518.67,642.39,1589.28,1403.67,14.62,21.61,553.82,2388.17,9054.62,1.3,47.61,521.35,2388.19,8126.98,8.4698,0.03,393,2388,100.0,38.64,23.3072,45
43,163,-0.0044,-0.0003,100.0,518.67,642.76,1595.41,1414.82,14.62,21.61,552.25,2388.13,9054.96,1.3,47.71,520.44,2388.12,8128.33,8.4345,0.03,393,2388,100.0,38.75,23.1839,44
43,164,-0.0016,-0.0002,100.0,518.67,642.65,1585.03,1402.03,14.62,21.61,553.07,2388.15,9053.09,1.3,47.68,521.11,2388.19,8130.33,8.4525,0.03,395,2388,100.0,38.79,23.2531,43
43,165,-0.0025,0.0003,100.0,518.67,642.93,1590.32,1411.59,14.62,21.61,553.43,2388.11,9052.22,1.3,47.47,521.46,2388.16,8133.73,8.4636,0.03,394,2388,100.0,38.73,23.2484,42
43,166,0.0023,0.0004,100.0,518.67,642.07,1595.52,1413.1,14.62,21.61,552.94,2388.15,9045.46,1.3,47.72,521.36,2388.15,8129.15,8.5107,0.03,394,2388,100.0,38.77,23.3062,41
43,167,-0.0004,-0.0004,100.0,518.67,642.51,1594.18,1413.16,14.62,21.61,553.33,2388.15,9047.54,1.3,47.82,521.22,2388.12,8129.03,8.4583,0.03,393,2388,100.0,38.8,23.2131,40
43,168,0.0025,0.0004,100.0,518.67,643.36,1595.29,1417.67,14.62,21.61,552.83,2388.12,9048.3,1.3,47.55,520.49,2388.16,8130.93,8.4671,0.03,395,2388,100.0,38.74,23.2038,39
43,169,0.0015,-0.0002,100.0,518.67,643.33,1598.98,1415.39,14.62,21.61,552.57,2388.16,9054.98,1.3,47.73,520.84,2388.2,8127.92,8.4766,0.03,394,2388,100.0,38.68,23.3106,38
43,170,-0.0013,0.0002,100.0,518.67,643.11,1592.69,1419.71,14.62,21.61,552.96,2388.14,9045.91,1.3,47.5,521.27,2388.22,8128.81,8.5115,0.03,394,2388,100.0,38.74,23.1463,37
43,171,0.0001,0.0004,100.0,518.67,643.09,1603.7,1413.41,14.62,21.61,552.57,2388.15,9042.18,1.3,47.78,520.98,2388.15,8127.85,8.4817,0.03,393,2388,100.0,38.69,23.2519,36
43,172,0.0018,-0.0,100.0,518.67,642.89,1596.93,1414.79,14.62,21.61,552.79,2388.18,9047.62,1.3,47.88,520.66,2388.16,8120.38,8.4423,0.03,393,2388,100.0,38.72,23.2878,35
43,173,-0.0009,-0.0001,100.0,518.67,643.15,1592.42,1421.28,14.62,21.61,552.36,2388.17,9046.69,1.3,47.71,521.2,2388.16,8127.8,8.465,0.03,394,2388,100.0,38.7,23.2318,34
43,174,0.0011,-0.0005,100.0,518.67,642.86,1598.37,1408.48,14.62,21.61,552.4,2388.18,9048.7,1.3,47.7,520.61,2388.15,8124.14,8.4737,0.03,396,2388,100.0,38.68,23.2236,33
43,175,-0.0026,0.0003,100.0,518.67,642.85,1592.66,1412.74,14.62,21.61,552.81,2388.21,9046.09,1.3,47.93,520.49,2388.15,8127.53,8.4492,0.03,393,2388,100.0,38.6,23.3449,32
43,176,-0.0014,-0.0002,100.0,518.67,642.66,1596.4,1425.33,14.62,21.61,553.01,2388.16,9048.48,1.3,47.66,520.68,2388.21,8127.14,8.4569,0.03,394,2388,100.0,38.61,23.1938,31
43,177,0.0019,-0.0001,100.0,518.67,642.85,1593.96,1415.62,14.62,21.61,552.97,2388.18,9047.99,1.3,48.04,520.74,2388.21,8125.55,8.496,0.03,394,2388,100.0,38.63,23.2427,30
43,178,0.0021,-0.0005,100.0,518.67,642.78,1591.34,1416.44,14.62,21.61,552.46,2388.2,9043.3,1.3,47.72,520.48,2388.15,8125.09,8.4669,0.03,394,2388,100.0,38.75,23.2095,29
43,179,0.0015,0.0001,100.0,518.67,643.4,1587.33,1422.57,14.62,21.61,552.5,2388.15,9041.96,1.3,47.61,521.16,2388.14,8125.49,8.4596,0.03,396,2388,100.0,38.88,23.2559,28
43,180,-0.0003,0.0003,100.0,518.67,643.55,1593.57,1419.86,14.62,21.61,552.95,2388.18,9041.17,1.3,47.71,520.9,2388.2,8123.15,8.4492,0.03,394,2388,100.0,38.55,23.2587,27
43,181,0.004,0.0005,100.0,518.67,643.66,1592.45,1420.38,14.62,21.61,552.25,2388.16,9046.88,1.3,47.86,520.96,2388.2,8124.61,8.4999,0.03,394,2388,100.0,38.63,23.2826,26
43,182,0.0005,-0.0,100.0,518.67,643.57,1599.93,1409.49,14.62,21.61,552.26,2388.15,9048.26,1.3,47.83,520.67,2388.2,8126.63,8.4434,0.03,395,2388,100.0,38.6,23.1493,25
43,183,0.0014,0.0004,100.0,518.67,642.94,1596.31,1424.6,14.62,21.61,552.68,2388.21,9045.43,1.3,47.77,520.76,2388.21,8131.16,8.5111,0.03,393,2388,100.0,38.5,23.2454,24
43,184,0.0002,-0.0004,100.0,518.67,643.11,1598.28,1417.62,14.62,21.61,552.06,2388.22,9042.07,1.3,47.91,520.04,2388.21,8124.26,8.4599,0.03,395,2388,100.0,38.62,23.2101,23
43,185,-0.0042,-0.0004,100.0,518.67,643.11,1599.24,1421.94,14.62,21.61,551.83,2388.24,9047.75,1.3,47.83,520.14,2388.19,8127.88,8.5107,0.03,394,2388,100.0,38.64,23.1877,22
43,186,0.0001,-0.0004,100.0,518.67,643.38,1594.39,1423.01,14.62,21.61,552.27,2388.26,9040.65,1.3,47.9,519.88,2388.22,8125.62,8.4637,0.03,395,2388,100.0,38.62,23.1268,21
43,187,-0.0035,-0.0001,100.0,518.67,643.06,1589.79,1423.47,14.62,21.61,551.92,2388.23,9045.92,1.3,47.86,519.72,2388.15,8123.21,8.4495,0.03,394,2388,100.0,38.7,23.2501,20
43,188,0.0002,-0.0001,100.0,518.67,643.11,1595.05,1417.53,14.62,21.61,551.52,2388.21,9043.24,1.3,47.86,519.82,2388.25,8119.87,8.5138,0.03,395,2388,100.0,38.49,23.1587,19
43,189,-0.0009,-0.0003,100.0,518.67,643.26,1591.49,1419.61,14.62,21.61,551.48,2388.22,9051.14,1.3,48.09,520.12,2388.33,8124.36,8.4888,0.03,396,2388,100.0,38.76,23.2067,18
43,190,-0.001,0.0002,100.0,518.67,642.91,1597.86,1421.69,14.62,21.61,551.82,2388.2,9048.33,1.3,48.01,519.94,2388.21,8125.08,8.4884,0.03,395,2388,100.0,38.71,23.1346,17
43,191,-0.0005,0.0002,100.0,518.67,643.36,1609.12,1430.8,14.62,21.61,551.33,2388.26,9045.49,1.3,47.96,520.3,2388.23,8116.69,8.4809,0.03,395,2388,100.0,38.47,23.1846,16
43,192,-0.0042,0.0004,100.0,518.67,643.24,1593.08,1425.77,14.62,21.61,552.46,2388.24,9035.48,1.3,47.93,520.17,2388.22,8121.16,8.4876,0.03,396,2388,100.0,38.63,23.1089,15
43,193,0.0038,-0.0005,100.0,518.67,643.51,1596.91,1426.15,14.62,21.61,551.37,2388.2,9042.65,1.3,48.03,520.38,2388.25,8124.47,8.5187,0.03,396,2388,100.0,38.6,23.1303,14
43,194,0.0032,0.0002,100.0,518.67,642.76,1599.91,1424.64,14.62,21.61,551.64,2388.28,9040.11,1.3,48.04,520.05,2388.27,8123.16,8.5346,0.03,394,2388,100.0,38.52,23.1438,13
43,195,-0.0033,-0.0,100.0,518.67,643.66,1592.89,1417.3,14.62,21.61,552.26,2388.27,9040.16,1.3,47.97,519.79,2388.23,8120.06,8.4798,0.03,396,2388,100.0,38.73,23.0937,12
43,196,0.0003,-0.0001,100.0,518.67,643.62,1591.9,1428.56,14.62,21.61,552.15,2388.27,9046.22,1.3,47.96,520.2,2388.19,8115.25,8.5074,0.03,395,2388,100.0,38.67,23.1283,11
43,197,-0.0086,-0.0001,100.0,518.67,642.95,1603.35,1423.51,14.62,21.61,550.9,2388.31,9043.59,1.3,47.82,520.85,2388.24,8118.95,8.5095,0.03,395,2388,100.0,38.49,23.2057,10
43,198,-0.0003,-0.0002,100.0,518.67,643.5,1603.9,1428.28,14.62,21.61,551.86,2388.23,9042.21,1.3,47.85,519.83,2388.28,8120.75,8.529,0.03,395,2388,100.0,38.57,23.0436,9
43,199,-0.0011,0.0002,100.0,518.67,644.14,1595.39,1429.39,14.62,21.61,551.59,2388.22,9048.06,1.3,48.14,519.85,2388.28,8118.04,8.518,0.03,394,2388,100.0,38.49,23.2322,8
43,200,0.0003,-0.0004,100.0,518.67,643.47,1596.53,1427.07,14.62,21.61,551.41,2388.26,9040.88,1.3,47.98,520.02,2388.24,8117.31,8.5062,0.03,396,2388,100.0,38.63,23.0568,7
43,201,-0.0,0.0001,100.0,518.67,643.41,1600.81,1432.08,14.62,21.61,551.01,2388.27,9043.28,1.3,48.12,519.81,2388.31,8118.17,8.5196,0.03,396,2388,100.0,38.39,23.1349,6
43,202,0.0012,0.0003,100.0,518.67,643.51,1597.68,1420.43,14.62,21.61,551.67,2388.33,9047.45,1.3,48.23,519.91,2388.27,8118.29,8.5039,0.03,394,2388,100.0,38.42,23.0226,5
43,203,-0.0027,0.0001,100.0,518.67,644.13,1602.22,1433.01,14.62,21.61,551.32,2388.27,9041.64,1.3,48.09,519.67,2388.31,8115.21,8.488,0.03,395,2388,100.0,38.33,23.1111,4
43,204,-0.0012,0.0001,100.0,518.67,643.58,1602.82,1427.41,14.62,21.61,551.87,2388.34,9036.58,1.3,48.14,519.56,2388.28,8113.18,8.5128,0.03,396,2388,100.0,38.57,23.1863,3
43,205,0.0018,-0.0005,100.0,518.67,643.73,1599.89,1431.71,14.62,21.61,551.27,2388.28,9041.39,1.3,48.22,519.49,2388.31,8119.16,8.5322,0.03,397,2388,100.0,38.46,23.0507,2
43,206,-0.0027,0.0003,100.0,518.67,643.55,1593.77,1426.61,14.62,21.61,551.64,2388.29,9046.79,1.3,48.13,520.33,2388.32,8111.21,8.5307,0.03,397,2388,100.0,38.27,22.954,1
43,207,0.0003,-0.0,100.0,518.67,643.99,1599.57,1427.53,14.62,21.61,550.73,2388.37,9035.0,1.3,48.03,519.37,2388.3,8113.24,8.4916,0.03,397,2388,100.0,38.44,22.9936,0
44,1,-0.0004,0.0004,100.0,518.67,642.34,1588.01,1399.96,14.62,21.61,554.28,2388.03,9061.49,1.3,47.17,522.14,2388.02,8145.19,8.4232,0.03,391,2388,100.0,39.06,23.3551,191
44,2,0.0009,-0.0004,100.0,518.67,642.08,1589.48,1398.69,14.62,21.61,553.99,2388.05,9068.98,1.3,47.39,521.83,2388.01,8149.47,8.4033,0.03,393,2388,100.0,38.99,23.4454,190
44,3,0.0022,-0.0003,100.0,518.67,642.48,1588.43,1403.39,14.62,21.61,554.36,2388.05,9065.18,1.3,47.24,522.13,2388.01,8141.87,8.405,0.03,392,2388,100.0,38.99,23.291,189
44,4,0.0012,0.0003,100.0,518.67,642.25,1587.5,1400.65,14.62,21.61,554.13,2388.0,9066.56,1.3,47.18,522.17,2388.0,8153.43,8.4461,0.03,393,2388,100.0,38.95,23.4018,188
44,5,-0.0003,0.0,100.0,518.67,642.27,1582.42,1397.06,14.62,21.61,554.61,2388.04,9069.94,1.3,47.23,522.48,2388.0,8150.8,8.373,0.03,392,2388,100.0,38.87,23.4902,187
44,6,0.0021,-0.0002,100.0,518.67,642.26,1580.58,1395.61,14.62,21.61,554.0,2388.0,9068.57,1.3,47.32,521.72,2387.99,8148.98,8.4264,0.03,391,2388,100.0,39.07,23.4421,186
44,7,0.0036,-0.0005,100.0,518.67,642.53,1586.86,1396.38,14.62,21.61,554.85,2387.95,9071.36,1.3,47.34,521.88,2388.03,8152.8,8.4094,0.03,392,2388,100.0,38.89,23.3565,185
44,8,0.0023,0.0004,100.0,518.67,642.09,1582.29,1400.99,14.62,21.61,554.61,2387.99,9064.69,1.3,47.28,522.43,2388.0,8151.03,8.4175,0.03,393,2388,100.0,39.0,23.6127,184
44,9,0.0008,-0.0,100.0,518.67,642.03,1583.63,1399.25,14.62,21.61,554.6,2388.05,9071.25,1.3,47.26,522.21,2388.02,8147.7,8.3943,0.03,392,2388,100.0,39.09,23.3312,183
44,10,0.001,-0.0001,100.0,518.67,642.11,1587.75,1397.72,14.62,21.61,554.14,2388.02,9065.61,1.3,47.35,522.1,2388.05,8151.29,8.3928,0.03,393,2388,100.0,38.99,23.3664,182
44,11,0.0005,0.0004,100.0,518.67,642.82,1585.92,1400.62,14.62,21.61,553.87,2387.99,9074.27,1.3,47.29,522.09,2388.02,8143.68,8.3933,0.03,392,2388,100.0,38.94,23.3275,181
44,12,-0.0007,0.0004,100.0,518.67,641.87,1582.53,1401.81,14.62,21.61,554.91,2387.99,9070.32,1.3,47.36,521.9,2388.01,8150.23,8.3913,0.03,391,2388,100.0,39.03,23.3745,180
44,13,-0.0029,0.0003,100.0,518.67,642.14,1581.03,1398.39,14.62,21.61,555.39,2388.03,9062.02,1.3,47.26,522.01,2388.02,8148.22,8.3979,0.03,393,2388,100.0,39.05,23.4597,179
44,14,-0.0,-0.0001,100.0,518.67,642.05,1583.57,1397.95,14.62,21.61,554.14,2387.99,9073.43,1.3,47.29,522.02,2388.08,8150.16,8.4041,0.03,391,2388,100.0,39.04,23.4947,178
44,15,0.0037,-0.0004,100.0,518.67,642.46,1586.98,1400.41,14.62,21.61,555.1,2388.04,9071.01,1.3,47.43,522.26,2388.0,8145.33,8.4075,0.03,391,2388,100.0,39.11,23.3766,177
44,16,-0.0017,0.0,100.0,518.67,642.47,1586.89,1399.49,14.62,21.61,553.78,2388.03,9062.57,1.3,47.14,522.59,2388.03,8146.31,8.3916,0.03,392,2388,100.0,38.95,23.3416,176
44,17,0.0039,-0.0001,100.0,518.67,641.87,1586.57,1392.66,14.62,21.61,553.6,2388.05,9075.58,1.3,47.17,522.47,2388.06,8142.34,8.3763,0.03,390,2388,100.0,39.22,23.3104,175
44,18,0.0045,0.0002,100.0,518.67,642.34,1585.13,1398.5,14.62,21.61,554.48,2388.03,9060.72,1.3,47.33,522.1,2388.04,8149.03,8.4153,0.03,393,2388,100.0,38.97,23.4192,174
44,19,-0.0008,-0.0001,100.0,518.67,642.22,1588.82,1397.23,14.62,21.61,554.51,2388.1,9063.16,1.3,47.41,522.05,2388.07,8146.34,8.4145,0.03,391,2388,100.0,39.05,23.423,173
44,20,0.0012,0.0003,100.0,518.67,641.61,1585.55,1400.22,14.62,21.61,553.99,2388.02,9062.78,1.3,47.12,522.51,2388.0,8148.92,8.4086,0.03,390,2388,100.0,39.07,23.4179,172
44,21,0.0026,-0.0001,100.0,518.67,642.27,1582.88,1400.56,14.62,21.61,555.07,2387.96,9059.52,1.3,47.5,521.91,2388.02,8147.44,8.4537,0.03,391,2388,100.0,39.11,23.4018,171
44,22,0.0,-0.0005,100.0,518.67,642.64,1586.07,1402.21,14.62,21.61,554.02,2388.03,9068.32,1.3,47.45,522.39,2388.06,8146.76,8.3947,0.03,391,2388,100.0,38.87,23.2809,170
44,23,-0.0002,-0.0002,100.0,518.67,642.35,1588.38,1407.4,14.62,21.61,554.16,2387.98,9064.61,1.3,47.16,522.86,2388.03,8152.7,8.4503,0.03,393,2388,100.0,38.78,23.4011,169
44,24,-0.0029,-0.0005,100.0,518.67,642.01,1587.3,1403.85,14.62,21.61,554.71,2387.99,9065.44,1.3,47.13,522.48,2388.02,8153.64,8.3982,0.03,391,2388,100.0,39.17,23.3627,168
44,25,0.0021,0.0005,100.0,518.67,641.9,1582.93,1407.01,14.62,21.61,554.11,2387.96,9063.75,1.3,47.11,522.28,2388.02,8146.85,8.3955,0.03,392,2388,100.0,38.92,23.247,167
44,26,-0.0005,0.0003,100.0,518.67,642.17,1583.88,1407.53,14.62,21.61,554.4,2388.02,9066.35,1.3,47.24,522.16,2388.01,8141.77,8.3993,0.03,393,2388,100.0,39.02,23.3287,166
44,27,-0.0036,-0.0003,100.0,518.67,641.95,1588.72,1402.76,14.62,21.61,554.18,2388.0,9062.5,1.3,47.28,522.37,2388.03,8145.59,8.4574,0.03,391,2388,100.0,39.07,23.3382,165
44,28,-0.005,0.0001,100.0,518.67,642.54,1587.39,1402.16,14.62,21.6,553.51,2387.99,9071.97,1.3,47.25,522.32,2388.04,8147.23,8.4188,0.03,392,2388,100.0,39.14,23.4397,164
44,29,-0.0013,-0.0004,100.0,518.67,642.5,1580.64,1399.05,14.62,21.61,554.29,2388.03,9073.66,1.3,47.36,522.64,2387.95,8155.26,8.4044,0.03,392,2388,100.0,38.98,23.2539,163
44,30,0.0005,-0.0002,100.0,518.67,642.29,1582.46,1392.49,14.62,21.61,554.5,2387.96,9063.61,1.3,47.28,522.26,2387.98,8151.16,8.3982,0.03,392,2388,100.0,39.2,23.4601,162
44,31,0.0008,-0.0,100.0,518.67,642.08,1583.63,1402.58,14.62,21.61,554.4,2387.97,9065.73,1.3,47.46,522.45,2388.07,8145.45,8.3823,0.03,392,2388,100.0,39.0,23.2312,161
44,32,-0.0025,-0.0001,100.0,518.67,642.19,1581.05,1394.85,14.62,21.61,554.16,2388.02,9064.1,1.3,47.33,521.73,2388.07,8141.46,8.4179,0.03,393,2388,100.0,39.06,23.4209,160
44,33,0.0003,0.0003,100.0,518.67,642.15,1584.41,1399.83,14.62,21.61,554.56,2388.04,9067.97,1.3,47.25,522.07,2388.05,8147.15,8.4303,0.03,391,2388,100.0,39.01,23.3702,159
44,34,-0.0006,-0.0001,100.0,518.67,642.48,1584.48,1399.0,14.62,21.61,554.59,2388.01,9058.88,1.3,47.37,522.01,2388.01,8149.02,8.3729,0.03,391,2388,100.0,38.97,23.4094,158
44,35,0.0035,0.0,100.0,518.67,642.3,1585.36,1399.18,14.62,21.61,554.04,2388.05,9065.14,1.3,47.26,522.36,2388.01,8147.0,8.3962,0.03,392,2388,100.0,39.04,23.4633,157
44,36,0.0024,-0.0005,100.0,518.67,642.58,1584.78,1403.19,14.62,21.61,554.16,2388.01,9073.65,1.3,47.18,522.24,2388.06,8145.76,8.4097,0.03,392,2388,100.0,38.92,23.4262,156
44,37,-0.0012,0.0002,100.0,518.67,642.6,1582.61,1394.51,14.62,21.61,553.78,2388.0,9063.49,1.3,47.23,522.22,2387.99,8148.73,8.4155,0.03,392,2388,100.0,38.9,23.398,155
44,38,0.0002,0.0003,100.0,518.67,642.42,1586.97,1403.97,14.62,21.61,553.97,2388.01,9069.46,1.3,47.36,522.91,2388.01,8150.95,8.3752,0.03,391,2388,100.0,39.02,23.2856,154
44,39,0.0012,-0.0003,100.0,518.67,642.18,1591.04,1394.96,14.62,21.61,553.98,2387.99,9075.7,1.3,47.35,521.75,2388.01,8154.62,8.3753,0.03,392,2388,100.0,39.18,23.3421,153
44,40,-0.0033,0.0003,100.0,518.67,642.01,1591.54,1396.7,14.62,21.61,554.64,2388.0,9068.47,1.3,47.05,522.11,2388.02,8149.01,8.3909,0.03,390,2388,100.0,38.85,23.4245,152
44,41,-0.0032,0.0004,100.0,518.67,642.12,1587.96,1394.48,14.62,21.61,554.26,2388.01,9060.24,1.3,47.31,522.53,2388.03,8151.48,8.4488,0.03,393,2388,100.0,38.96,23.3425,151
44,42,0.0005,-0.0002,100.0,518.67,642.3,1581.61,1400.18,14.62,21.61,554.21,2388.06,9063.75,1.3,47.25,521.95,2387.99,8147.63,8.4141,0.03,394,2388,100.0,38.9,23.3654,150
44,43,-0.0006,0.0003,100.0,518.67,642.85,1584.95,1405.43,14.62,21.61,554.6,2387.99,9069.04,1.3,47.25,521.94,2388.07,8148.05,8.4308,0.03,392,2388,100.0,39.21,23.3512,149
44,44,-0.0026,-0.0001,100.0,518.67,642.52,1589.34,1403.83,14.62,21.61,553.4,2388.0,9074.0,1.3,47.04,522.59,2388.06,8144.04,8.3958,0.03,391,2388,100.0,38.99,23.3333,148
44,45,-0.0041,0.0004,100.0,518.67,642.32,1588.13,1394.85,14.62,21.61,554.66,2388.04,9068.97,1.3,47.33,522.44,2388.06,8148.08,8.3786,0.03,391,2388,100.0,39.06,23.3534,147
44,46,-0.0008,0.0003,100.0,518.67,641.89,1590.64,1398.48,14.62,21.61,553.87,2388.03,9066.21,1.3,47.33,521.81,2388.05,8149.15,8.4166,0.03,391,2388,100.0,38.97,23.3787,146
44,47,-0.0012,0.0002,100.0,518.67,642.71,1587.24,1401.37,14.62,21.61,554.17,2387.99,9069.1,1.3,47.2,521.61,2388.03,8155.19,8.4197,0.03,393,2388,100.0,38.88,23.3449,145
44,48,-0.0002,-0.0001,100.0,518.67,641.91,1585.57,1399.46,14.62,21.61,554.17,2388.04,9068.96,1.3,47.32,522.46,2388.01,8147.86,8.3808,0.03,390,2388,100.0,38.89,23.4847,144
44,49,0.0024,-0.0001,100.0,518.67,642.17,1587.31,1392.92,14.62,21.61,554.13,2388.01,9067.32,1.3,47.33,522.2,2388.03,8144.5,8.4147,0.03,391,2388,100.0,38.88,23.417,143
44,50,0.0002,-0.0002,100.0,518.67,642.27,1583.16,1400.73,14.62,21.61,554.57,2387.96,9063.74,1.3,47.26,522.32,2388.0,8149.32,8.4266,0.03,392,2388,100.0,38.88,23.4421,142
44,51,0.0018,0.0,100.0,518.67,642.4,1583.27,1398.62,14.62,21.61,554.91,2388.04,9072.71,1.3,47.23,521.68,2388.01,8148.91,8.4164,0.03,393,2388,100.0,39.08,23.2303,141
44,52,0.0031,0.0003,100.0,518.67,642.05,1589.38,1392.05,14.62,21.61,554.4,2387.99,9065.4,1.3,47.37,522.17,2388.01,8147.35,8.4303,0.03,391,2388,100.0,38.83,23.4014,140
44,53,0.0007,-0.0002,100.0,518.67,641.83,1582.04,1402.1,14.62,21.61,554.08,2387.97,9062.04,1.3,47.28,522.38,2388.03,8151.49,8.3988,0.03,392,2388,100.0,38.94,23.3685,139
44,54,0.0014,-0.0,100.0,518.67,642.43,1583.19,1403.48,14.62,21.61,554.81,2388.01,9071.95,1.3,47.38,521.77,2388.04,8148.83,8.4105,0.03,392,2388,100.0,38.93,23.3172,138
44,55,-0.0021,-0.0005,100.0,518.67,642.17,1581.51,1403.39,14.62,21.61,554.68,2388.04,9067.62,1.3,47.26,522.69,2388.04,8151.34,8.483,0.03,394,2388,100.0,38.91,23.3415,137
44,56,-0.0016,0.0004,100.0,518.67,642.29,1586.34,1395.94,14.62,21.61,553.84,2388.0,9063.37,1.3,47.23,521.92,2388.04,8152.34,8.3829,0.03,393,2388,100.0,39.1,23.3457,136
44,57,0.0027,-0.0003,100.0,518.67,641.84,1580.42,1397.99,14.62,21.61,554.52,2387.98,9062.15,1.3,47.22,522.56,2388.03,8150.07,8.4495,0.03,390,2388,100.0,39.09,23.3923,135
44,58,-0.0013,-0.0002,100.0,518.67,642.01,1588.84,1400.81,14.62,21.6,554.02,2388.0,9066.53,1.3,47.3,521.53,2388.04,8149.22,8.4189,0.03,391,2388,100.0,39.07,23.4126,134
44,59,-0.003,-0.0,100.0,518.67,642.43,1587.83,1393.48,14.62,21.61,554.4,2388.02,9066.76,1.3,47.25,521.68,2388.03,8150.71,8.4158,0.03,391,2388,100.0,39.0,23.3713,133
44,60,-0.0001,-0.0003,100.0,518.67,641.91,1577.88,1402.46,14.62,21.6,553.76,2388.04,9062.36,1.3,47.35,521.93,2388.04,8147.99,8.4146,0.03,391,2388,100.0,38.89,23.3815,132
44,61,-0.0002,-0.0003,100.0,518.67,642.23,1583.35,1399.97,14.62,21.61,554.06,2388.01,9066.78,1.3,47.35,522.77,2388.01,8147.7,8.3747,0.03,392,2388,100.0,38.85,23.3342,131
44,62,-0.0024,0.0004,100.0,518.67,642.51,1578.82,1403.45,14.62,21.61,553.83,2388.03,9062.4,1.3,47.17,521.92,2388.06,8149.39,8.4047,0.03,391,2388,100.0,39.15,23.3515,130
44,63,-0.0021,-0.0005,100.0,518.67,642.74,1592.33,1400.23,14.62,21.61,554.14,2388.03,9067.78,1.3,47.32,522.21,2388.05,8145.31,8.3983,0.03,390,2388,100.0,38.9,23.4224,129
44,64,-0.0009,-0.0003,100.0,518.67,642.15,1586.66,1398.84,14.62,21.6,554.59,2387.99,9063.03,1.3,47.36,521.88,2388.05,8145.32,8.408,0.03,392,2388,100.0,39.12,23.4309,128
44,65,0.0005,-0.0003,100.0,518.67,642.2,1585.56,1401.47,14.62,21.61,554.09,2387.99,9060.22,1.3,47.25,521.83,2388.0,8147.28,8.388,0.03,392,2388,100.0,38.99,23.387,127
44,66,-0.0016,0.0003,100.0,518.67,642.28,1580.55,1402.3,14.62,21.61,554.33,2388.03,9067.99,1.3,47.3,522.1,2388.04,8151.97,8.4267,0.03,392,2388,100.0,38.91,23.3531,126
44,67,-0.0023,-0.0002,100.0,518.67,642.17,1587.07,1404.48,14.62,21.61,554.29,2388.08,9060.12,1.3,47.38,522.31,2388.05,8146.81,8.4276,0.03,391,2388,100.0,38.91,23.3862,125
44,68,-0.0014,-0.0003,100.0,518.67,642.11,1594.45,1407.83,14.62,21.61,553.96,2388.04,9066.17,1.3,47.23,521.82,2387.98,8153.29,8.387,0.03,393,2388,100.0,38.99,23.4718,124
44,69,-0.0055,-0.0004,100.0,518.67,642.68,1590.8,1405.79,14.62,21.61,554.38,2388.02,9060.17,1.3,47.25,521.83,2388.01,8146.13,8.4128,0.03,392,2388,100.0,38.97,23.37,123
44,70,0.0015,0.0001,100.0,518.67,642.27,1584.79,1396.19,14.62,21.61,554.54,2388.01,9064.31,1.3,47.27,522.06,2388.02,8142.89,8.4077,0.03,394,2388,100.0,39.06,23.3881,122
44,71,-0.0009,-0.0003,100.0,518.67,642.38,1589.48,1395.51,14.62,21.61,554.17,2388.03,9068.99,1.3,47.33,522.28,2388.03,8145.89,8.4356,0.03,391,2388,100.0,39.05,23.5184,121
44,72,-0.0006,-0.0005,100.0,518.67,642.81,1579.42,1399.49,14.62,21.61,554.42,2388.07,9067.91,1.3,47.2,521.92,2388.0,8148.18,8.428,0.03,394,2388,100.0,38.93,23.4807,120
44,73,0.0007,-0.0003,100.0,518.67,642.38,1590.39,1402.47,14.62,21.61,554.2,2388.02,9065.42,1.3,47.3,522.14,2388.06,8146.59,8.4525,0.03,391,2388,100.0,38.92,23.2985,119
44,74,0.0012,-0.0004,100.0,518.67,642.05,1583.81,1398.05,14.62,21.61,554.93,2387.99,9073.12,1.3,47.32,522.22,2387.98,8148.35,8.3951,0.03,392,2388,100.0,39.05,23.4374,118
44,75,0.0035,-0.0001,100.0,518.67,641.84,1583.26,1401.6,14.62,21.61,553.89,2388.02,9067.15,1.3,47.28,521.92,2388.07,8147.73,8.4111,0.03,392,2388,100.0,39.1,23.3593,117
44,76,-0.0035,-0.0001,100.0,518.67,641.42,1588.58,1400.94,14.62,21.61,554.28,2388.04,9063.49,1.3,47.41,521.82,2388.05,8147.81,8.4054,0.03,392,2388,100.0,38.99,23.4375,116
44,77,0.0025,0.0003,100.0,518.67,642.23,1584.8,1403.23,14.62,21.61,554.22,2387.99,9067.33,1.3,47.35,521.28,2388.02,8143.55,8.3945,0.03,392,2388,100.0,38.81,23.3916,115
44,78,-0.0039,-0.0003,100.0,518.67,642.8,1592.27,1399.1,14.62,21.61,554.23,2388.07,9070.27,1.3,47.28,521.88,2388.0,8150.29,8.3924,0.03,391,2388,100.0,38.9,23.4512,114
44,79,-0.0004,-0.0003,100.0,518.67,642.59,1586.49,1401.22,14.62,21.61,554.12,2387.98,9073.42,1.3,47.25,521.59,2388.05,8148.01,8.382,0.03,393,2388,100.0,38.75,23.4249,113
44,80,0.0015,0.0004,100.0,518.67,642.55,1584.95,1400.86,14.62,21.61,554.49,2387.98,9068.18,1.3,47.43,522.15,2388.06,8151.42,8.42,0.03,393,2388,100.0,39.15,23.2892,112
44,81,-0.0032,-0.0003,100.0,518.67,642.53,1589.79,1399.14,14.62,21.61,553.22,2388.02,9070.21,1.3,47.48,521.84,2387.99,8146.2,8.4277,0.03,392,2388,100.0,39.0,23.4094,111
44,82,0.0003,-0.0003,100.0,518.67,642.76,1586.91,1397.73,14.62,21.61,554.07,2388.04,9066.55,1.3,47.38,521.71,2388.06,8148.73,8.4235,0.03,391,2388,100.0,38.75,23.3618,110
44,83,-0.0069,-0.0005,100.0,518.67,642.02,1590.09,1401.12,14.62,21.61,553.81,2388.02,9064.65,1.3,47.17,522.5,2388.0,8145.82,8.3973,0.03,393,2388,100.0,39.1,23.3816,109
44,84,-0.0022,0.0004,100.0,518.67,642.01,1582.05,1405.21,14.62,21.61,553.9,2388.03,9067.49,1.3,47.3,521.98,2388.03,8151.42,8.419,0.03,391,2388,100.0,38.86,23.3279,108
44,85,0.002,0.0003,100.0,518.67,642.39,1586.33,1405.19,14.62,21.61,554.41,2388.02,9069.47,1.3,47.36,522.19,2388.07,8147.37,8.3813,0.03,392,2388,100.0,38.68,23.4168,107
44,86,-0.0002,0.0003,100.0,518.67,642.33,1585.37,1405.93,14.62,21.61,553.69,2388.04,9067.9,1.3,47.19,521.77,2388.05,8151.44,8.4485,0.03,395,2388,100.0,38.98,23.4394,106
44,87,-0.0002,0.0005,100.0,518.67,642.49,1585.81,1404.96,14.62,21.61,553.8,2388.06,9068.11,1.3,47.3,521.63,2388.02,8151.19,8.3956,0.03,393,2388,100.0,39.05,23.3515,105
44,88,0.0001,0.0004,100.0,518.67,642.63,1581.33,1402.94,14.62,21.61,554.46,2388.04,9074.25,1.3,47.44,521.86,2388.01,8149.86,8.4115,0.03,393,2388,100.0,38.83,23.4071,104
44,89,-0.0031,0.0004,100.0,518.67,642.73,1586.98,1396.77,14.62,21.61,553.74,2387.99,9071.72,1.3,47.43,521.72,2388.05,8148.08,8.4211,0.03,392,2388,100.0,39.08,23.3967,103
44,90,-0.0014,0.0001,100.0,518.67,642.07,1591.48,1401.58,14.62,21.61,554.48,2388.0,9072.04,1.3,47.16,521.55,2387.93,8151.47,8.4489,0.03,393,2388,100.0,38.66,23.3231,102
44,91,-0.0019,-0.0,100.0,518.67,642.19,1591.44,1400.62,14.62,21.61,553.46,2388.06,9071.77,1.3,47.5,521.8,2388.01,8147.76,8.4012,0.03,392,2388,100.0,38.88,23.304,101
44,92,-0.0013,-0.0,100.0,518.67,642.35,1590.1,1406.86,14.62,21.61,554.11,2388.08,9075.83,1.3,47.4,521.45,2388.03,8147.85,8.432,0.03,391,2388,100.0,38.99,23.3322,100
44,93,0.0026,-0.0004,100.0,518.67,642.1,1588.77,1403.31,14.62,21.61,554.45,2388.03,9064.84,1.3,47.31,522.16,2388.04,8146.16,8.4316,0.03,392,2388,100.0,38.9,23.3227,99
44,94,-0.0002,-0.0004,100.0,518.67,642.28,1583.81,1400.99,14.62,21.61,553.7,2388.07,9072.58,1.3,47.29,521.61,2388.06,8153.3,8.4444,0.03,391,2388,100.0,38.93,23.3133,98
44,95,-0.0006,-0.0001,100.0,518.67,642.75,1592.79,1398.52,14.62,21.6,553.83,2388.08,9069.68,1.3,47.27,522.07,2388.04,8144.99,8.4465,0.03,392,2388,100.0,38.86,23.2917,97
44,96,0.0061,-0.0,100.0,518.67,642.49,1583.97,1400.48,14.62,21.61,554.23,2388.03,9068.02,1.3,47.37,522.04,2388.06,8150.51,8.4575,0.03,392,2388,100.0,39.11,23.1472,96
44,97,-0.0012,-0.0003,100.0,518.67,642.82,1584.23,1406.64,14.62,21.61,553.83,2388.05,9074.74,1.3,47.38,521.96,2388.03,8145.29,8.423,0.03,390,2388,100.0,38.94,23.3085,95
44,98,0.0011,0.0002,100.0,518.67,642.49,1594.28,1410.67,14.62,21.61,553.79,2388.05,9072.34,1.3,47.39,521.37,2388.07,8148.43,8.4438,0.03,394,2388,100.0,38.78,23.4416,94
44,99,-0.0047,0.0002,100.0,518.67,642.98,1591.75,1404.21,14.62,21.61,553.7,2388.05,9068.18,1.3,47.14,521.9,2388.0,8141.2,8.4132,0.03,395,2388,100.0,38.92,23.2991,93
44,100,-0.0001,0.0001,100.0,518.67,642.15,1586.21,1406.94,14.62,21.61,553.9,2388.08,9071.68,1.3,47.19,521.71,2388.02,8151.61,8.372,0.03,392,2388,100.0,38.82,23.4789,92
44,101,0.0024,0.0002,100.0,518.67,642.2,1587.07,1401.68,14.62,21.61,554.04,2388.09,9075.13,1.3,47.36,521.95,2387.95,8146.47,8.3805,0.03,393,2388,100.0,38.81,23.3747,91
44,102,0.0024,-0.0004,100.0,518.67,642.83,1593.85,1397.22,14.62,21.61,553.67,2388.11,9076.48,1.3,47.47,522.02,2388.06,8151.48,8.4278,0.03,393,2388,100.0,38.86,23.3845,90
44,103,0.002,-0.0004,100.0,518.67,642.04,1587.1,1405.48,14.62,21.61,554.19,2388.07,9073.87,1.3,47.38,522.16,2388.04,8150.7,8.4227,0.03,392,2388,100.0,38.87,23.3098,89
44,104,0.0022,0.0003,100.0,518.67,642.31,1585.1,1401.9,14.62,21.61,553.53,2388.05,9073.61,1.3,47.44,521.62,2388.02,8143.82,8.4478,0.03,393,2388,100.0,38.69,23.2988,88
44,105,0.0039,-0.0005,100.0,518.67,642.68,1591.46,1406.02,14.62,21.61,553.65,2388.02,9069.72,1.3,47.38,521.73,2388.06,8143.5,8.4119,0.03,392,2388,100.0,38.86,23.3712,87
44,106,-0.0005,0.0001,100.0,518.67,642.43,1597.52,1405.94,14.62,21.61,553.56,2388.02,9064.98,1.3,47.48,521.76,2388.09,8142.83,8.4409,0.03,393,2388,100.0,38.78,23.4069,86
44,107,0.0023,-0.0,100.0,518.67,642.66,1584.18,1405.62,14.62,21.61,553.63,2388.08,9071.32,1.3,47.38,521.71,2388.06,8145.62,8.4311,0.03,391,2388,100.0,38.77,23.3192,85
44,108,-0.0003,-0.0002,100.0,518.67,642.85,1591.46,1408.09,14.62,21.61,553.73,2388.08,9073.4,1.3,47.28,521.65,2388.09,8155.88,8.4364,0.03,393,2388,100.0,38.84,23.3747,84
44,109,-0.0013,0.0001,100.0,518.67,641.94,1587.18,1407.15,14.62,21.61,552.75,2388.08,9067.61,1.3,47.38,522.28,2388.02,8151.09,8.4523,0.03,393,2388,100.0,38.91,23.4133,83
44,110,0.0031,-0.0003,100.0,518.67,641.94,1585.36,1402.34,14.62,21.61,553.89,2388.09,9067.49,1.3,47.41,522.16,2388.0,8146.64,8.4407,0.03,394,2388,100.0,38.86,23.3435,82
44,111,-0.0009,0.0001,100.0,518.67,642.48,1591.23,1413.13,14.62,21.61,553.64,2388.1,9067.47,1.3,47.57,522.26,2388.08,8151.37,8.402,0.03,392,2388,100.0,38.86,23.3541,81
44,112,-0.0017,0.0003,100.0,518.67,642.63,1594.59,1406.74,14.62,21.61,553.65,2388.03,9071.86,1.3,47.38,522.11,2388.07,8146.72,8.3999,0.03,391,2388,100.0,39.06,23.3487,80
44,113,0.0006,0.0004,100.0,518.67,642.58,1583.42,1402.32,14.62,21.61,553.88,2388.05,9065.04,1.3,47.52,521.35,2388.08,8154.56,8.4454,0.03,392,2388,100.0,38.73,23.3766,79
44,114,-0.0,-0.0003,100.0,518.67,642.36,1592.21,1408.27,14.62,21.61,553.45,2388.01,9071.8,1.3,47.55,522.0,2388.05,8151.11,8.4135,0.03,393,2388,100.0,38.99,23.3074,78
44,115,-0.0033,-0.0001,100.0,518.67,642.6,1591.42,1408.59,14.62,21.61,553.49,2388.02,9070.93,1.3,47.38,522.13,2388.02,8148.99,8.4559,0.03,392,2388,100.0,38.8,23.4512,77
44,116,0.0001,0.0004,100.0,518.67,642.64,1586.8,1409.88,14.62,21.61,554.28,2388.07,9069.94,1.3,47.48,521.55,2388.07,8150.08,8.3986,0.03,392,2388,100.0,38.78,23.381,76
44,117,-0.0023,0.0001,100.0,518.67,642.14,1588.91,1410.91,14.62,21.61,553.69,2388.01,9071.48,1.3,47.48,521.72,2388.1,8142.84,8.431,0.03,392,2388,100.0,38.68,23.3088,75
44,118,0.0002,-0.0001,100.0,518.67,642.18,1591.13,1403.0,14.62,21.61,554.15,2388.05,9079.02,1.3,47.63,521.62,2388.11,8148.77,8.4383,0.03,393,2388,100.0,38.88,23.2717,74
44,119,0.0006,0.0,100.0,518.67,642.33,1593.12,1397.27,14.62,21.61,553.16,2388.07,9062.71,1.3,47.36,521.69,2388.02,8152.33,8.3974,0.03,393,2388,100.0,38.81,23.4212,73
44,120,-0.0011,0.0005,100.0,518.67,642.19,1586.54,1409.86,14.62,21.61,554.31,2388.09,9072.51,1.3,47.26,521.59,2388.04,8158.41,8.4228,0.03,395,2388,100.0,38.85,23.3849,72
44,121,-0.0007,0.0002,100.0,518.67,642.27,1588.56,1403.65,14.62,21.61,554.18,2388.06,9065.63,1.3,47.56,521.32,2388.12,8152.09,8.4074,0.03,393,2388,100.0,38.96,23.3071,71
44,122,-0.0013,0.0004,100.0,518.67,642.06,1602.52,1400.5,14.62,21.61,554.61,2388.07,9070.08,1.3,47.46,521.5,2388.09,8145.1,8.4487,0.03,392,2388,100.0,38.89,23.3902,70
44,123,0.0011,-0.0001,100.0,518.67,642.64,1591.2,1410.31,14.62,21.61,553.76,2388.05,9078.99,1.3,47.44,521.86,2388.09,8146.69,8.3967,0.03,392,2388,100.0,38.96,23.3754,69
44,124,-0.005,0.0002,100.0,518.67,642.76,1591.77,1410.38,14.62,21.61,553.1,2388.05,9070.73,1.3,47.44,522.07,2388.05,8151.1,8.4538,0.03,393,2388,100.0,38.79,23.2514,68
44,125,-0.0034,-0.0001,100.0,518.67,642.4,1585.51,1408.95,14.62,21.61,553.76,2388.08,9070.1,1.3,47.59,521.47,2388.06,8148.12,8.427,0.03,393,2388,100.0,38.87,23.3021,67
44,126,0.0001,0.0003,100.0,518.67,642.84,1588.67,1404.06,14.62,21.61,553.35,2388.06,9070.15,1.3,47.4,522.09,2388.01,8149.41,8.4359,0.03,391,2388,100.0,38.85,23.3114,66
44,127,-0.0002,0.0003,100.0,518.67,642.63,1586.74,1410.69,14.62,21.61,553.82,2388.11,9062.7,1.3,47.34,521.56,2388.05,8148.35,8.4614,0.03,392,2388,100.0,38.54,23.3462,65
44,128,0.0009,-0.0003,100.0,518.67,642.81,1583.34,1410.54,14.62,21.61,554.03,2388.07,9065.53,1.3,47.38,521.09,2388.06,8154.09,8.4038,0.03,393,2388,100.0,38.68,23.3752,64
44,129,0.0017,-0.0002,100.0,518.67,642.35,1592.87,1402.96,14.62,21.61,553.88,2388.05,9067.47,1.3,47.51,521.75,2388.06,8147.76,8.4593,0.03,393,2388,100.0,38.68,23.3006,63
44,130,0.0013,-0.0002,100.0,518.67,642.81,1597.69,1400.09,14.62,21.61,553.6,2388.06,9064.41,1.3,47.53,521.32,2388.08,8149.32,8.4589,0.03,394,2388,100.0,38.88,23.3898,62
44,131,0.0012,0.0003,100.0,518.67,642.78,1590.57,1402.02,14.62,21.61,553.45,2388.08,9076.73,1.3,47.37,521.28,2388.04,8150.99,8.4647,0.03,392,2388,100.0,38.81,23.2868,61
44,132,0.0037,0.0001,100.0,518.67,642.5,1589.77,1406.53,14.62,21.61,553.54,2388.03,9073.1,1.3,47.49,521.41,2388.03,8153.29,8.4585,0.03,392,2388,100.0,38.96,23.2792,60
44,133,0.0014,0.0004,100.0,518.67,642.73,1597.1,1402.16,14.62,21.61,553.55,2388.07,9072.61,1.3,47.47,521.35,2388.04,8148.71,8.4353,0.03,394,2388,100.0,38.86,23.2777,59
44,134,-0.0006,0.0002,100.0,518.67,642.52,1591.02,1403.9,14.62,21.61,553.42,2388.1,9067.26,1.3,47.65,522.07,2388.11,8152.08,8.4276,0.03,394,2388,100.0,38.81,23.2337,58
44,135,0.001,0.0002,100.0,518.67,642.83,1592.46,1407.67,14.62,21.61,552.93,2388.11,9080.43,1.3,47.6,521.6,2388.12,8150.85,8.4567,0.03,394,2388,100.0,38.79,23.2751,57
44,136,0.002,0.0005,100.0,518.67,642.76,1587.59,1401.34,14.62,21.61,553.28,2388.11,9071.05,1.3,47.65,521.64,2388.01,8148.34,8.459,0.03,394,2388,100.0,38.86,23.2314,56
44,137,0.0009,-0.0002,100.0,518.67,642.37,1587.97,1404.97,14.62,21.61,553.28,2388.1,9077.45,1.3,47.65,521.34,2388.04,8149.82,8.4408,0.03,392,2388,100.0,38.66,23.2344,55
44,138,-0.0017,-0.0005,100.0,518.67,642.82,1586.14,1411.12,14.62,21.61,553.03,2388.07,9067.42,1.3,47.54,521.19,2388.09,8147.81,8.4734,0.03,394,2388,100.0,38.85,23.3948,54
44,139,-0.0007,-0.0003,100.0,518.67,642.94,1593.56,1413.54,14.62,21.61,552.82,2388.14,9079.32,1.3,47.59,521.52,2388.1,8148.55,8.4509,0.03,393,2388,100.0,38.73,23.2686,53
44,140,0.0001,-0.0002,100.0,518.67,642.73,1594.24,1409.65,14.62,21.61,552.85,2388.07,9076.1,1.3,47.64,521.95,2388.1,8147.34,8.4291,0.03,393,2388,100.0,38.65,23.2198,52
44,141,-0.0019,0.0003,100.0,518.67,642.16,1593.88,1409.17,14.62,21.61,552.75,2388.09,9077.57,1.3,47.38,521.53,2388.11,8154.32,8.4168,0.03,393,2388,100.0,38.75,23.3339,51
44,142,-0.005,0.0001,100.0,518.67,642.43,1588.93,1409.27,14.62,21.61,553.26,2388.14,9071.84,1.3,47.73,521.22,2388.14,8146.45,8.4513,0.03,393,2388,100.0,38.84,23.2356,50
44,143,-0.0007,0.0004,100.0,518.67,642.41,1592.43,1406.67,14.62,21.61,553.46,2388.14,9079.43,1.3,47.66,521.63,2388.16,8151.09,8.4334,0.03,393,2388,100.0,39.04,23.2052,49
44,144,-0.0017,-0.0,100.0,518.67,642.58,1600.6,1414.47,14.62,21.61,552.42,2388.1,9072.7,1.3,47.64,521.41,2388.15,8149.46,8.4301,0.03,395,2388,100.0,38.88,23.3913,48
44,145,-0.0012,0.0001,100.0,518.67,642.39,1591.41,1413.63,14.62,21.61,553.35,2388.09,9071.99,1.3,47.67,521.44,2388.07,8150.02,8.4888,0.03,394,2388,100.0,38.74,23.2573,47
44,146,-0.0038,0.0004,100.0,518.67,643.05,1592.85,1411.9,14.62,21.61,553.14,2388.14,9075.24,1.3,47.67,521.27,2388.13,8152.22,8.4718,0.03,392,2388,100.0,38.71,23.221,46
44,147,-0.0007,0.0002,100.0,518.67,642.9,1591.72,1406.77,14.62,21.61,553.38,2388.04,9066.38,1.3,47.54,521.68,2388.14,8150.1,8.4557,0.03,392,2388,100.0,38.92,23.3031,45
44,148,-0.0012,-0.0004,100.0,518.67,643.22,1587.33,1406.18,14.62,21.61,553.77,2388.11,9074.88,1.3,47.49,521.2,2388.12,8152.06,8.4418,0.03,393,2388,100.0,38.55,23.2907,44
44,149,-0.0002,-0.0001,100.0,518.67,642.91,1589.38,1419.63,14.62,21.61,553.08,2388.13,9074.36,1.3,47.6,521.25,2388.08,8154.63,8.4625,0.03,394,2388,100.0,38.78,23.3027,43
44,150,0.0004,-0.0001,100.0,518.67,642.94,1589.12,1416.35,14.62,21.61,552.62,2388.13,9074.08,1.3,47.55,521.24,2388.1,8150.11,8.4553,0.03,393,2388,100.0,38.78,23.2209,42
44,151,-0.0012,-0.0002,100.0,518.67,643.18,1590.53,1414.73,14.62,21.61,552.98,2388.07,9070.79,1.3,47.75,521.66,2388.09,8148.97,8.438,0.03,393,2388,100.0,38.82,23.0892,41
44,152,0.002,0.0001,100.0,518.67,643.24,1600.25,1414.93,14.62,21.61,552.73,2388.11,9082.39,1.3,47.85,520.99,2388.2,8150.25,8.4583,0.03,394,2388,100.0,38.78,23.2187,40
44,153,0.0028,-0.0003,100.0,518.67,643.13,1599.5,1421.29,14.62,21.61,553.64,2388.08,9082.06,1.3,47.78,521.17,2388.12,8153.05,8.4342,0.03,392,2388,100.0,38.88,23.2524,39
44,154,-0.0004,0.0003,100.0,518.67,642.95,1594.38,1409.05,14.62,21.61,552.62,2388.09,9077.87,1.3,47.68,521.16,2388.1,8151.86,8.4511,0.03,394,2388,100.0,38.85,23.3,38
44,155,-0.0002,0.0003,100.0,518.67,642.86,1592.11,1417.07,14.62,21.61,553.17,2388.07,9080.14,1.3,47.78,521.08,2388.11,8147.53,8.4481,0.03,394,2388,100.0,38.76,23.368,37
44,156,0.001,0.0003,100.0,518.67,642.7,1590.73,1402.36,14.62,21.61,552.72,2388.14,9071.23,1.3,47.55,521.36,2388.17,8153.06,8.4512,0.03,395,2388,100.0,38.65,23.3049,36
44,157,-0.0032,0.0002,100.0,518.67,642.68,1588.35,1408.39,14.62,21.61,552.52,2388.17,9080.27,1.3,47.64,520.91,2388.12,8146.93,8.4946,0.03,394,2388,100.0,38.77,23.1999,35
44,158,0.0003,-0.0005,100.0,518.67,642.97,1597.05,1417.6,14.62,21.61,553.33,2388.07,9071.06,1.3,47.77,521.26,2388.11,8149.05,8.4598,0.03,393,2388,100.0,38.62,23.1811,34
44,159,0.0025,-0.0003,100.0,518.67,643.36,1593.94,1420.52,14.62,21.61,553.36,2388.16,9083.02,1.3,47.8,520.16,2388.18,8153.24,8.4478,0.03,394,2388,100.0,38.68,23.2056,33
44,160,0.0006,-0.0005,100.0,518.67,642.88,1594.11,1413.09,14.62,21.61,552.95,2388.1,9077.91,1.3,47.75,521.2,2388.16,8151.66,8.4494,0.03,394,2388,100.0,38.89,23.2448,32
44,161,0.005,0.0003,100.0,518.67,642.82,1591.53,1412.83,14.62,21.61,552.75,2388.11,9075.85,1.3,47.71,521.36,2388.14,8157.9,8.4879,0.03,395,2388,100.0,38.7,23.2428,31
44,162,-0.0016,-0.0002,100.0,518.67,643.0,1592.35,1417.63,14.62,21.61,552.74,2388.13,9075.58,1.3,47.76,521.06,2388.15,8157.3,8.4741,0.03,396,2388,100.0,38.61,23.2244,30
44,163,0.0026,-0.0003,100.0,518.67,643.27,1599.87,1418.28,14.62,21.61,553.92,2388.17,9072.43,1.3,47.64,521.33,2388.14,8151.36,8.4849,0.03,395,2388,100.0,38.53,23.237,29
44,164,0.0006,-0.0001,100.0,518.67,642.88,1599.02,1414.31,14.62,21.61,552.27,2388.15,9076.42,1.3,47.54,521.16,2388.16,8149.12,8.4744,0.03,396,2388,100.0,38.79,23.3309,28
44,165,0.0012,0.0004,100.0,518.67,643.62,1590.23,1416.86,14.62,21.61,552.9,2388.15,9075.93,1.3,47.76,520.83,2388.16,8153.4,8.4655,0.03,396,2388,100.0,38.79,23.2954,27
44,166,0.001,0.0001,100.0,518.67,643.3,1591.58,1417.72,14.62,21.61,552.8,2388.17,9075.68,1.3,48.02,521.03,2388.18,8147.14,8.4722,0.03,395,2388,100.0,38.73,23.2368,26
44,167,0.0015,0.0,100.0,518.67,642.96,1598.57,1415.13,14.62,21.61,552.13,2388.13,9078.46,1.3,47.67,520.48,2388.14,8147.43,8.4608,0.03,395,2388,100.0,38.55,23.1302,25
44,168,0.0022,0.0005,100.0,518.67,643.51,1598.32,1418.34,14.62,21.61,552.32,2388.12,9080.31,1.3,47.73,520.53,2388.09,8157.44,8.4552,0.03,394,2388,100.0,38.59,23.2228,24
44,169,-0.0011,-0.0002,100.0,518.67,643.53,1597.58,1413.27,14.62,21.61,552.39,2388.12,9074.86,1.3,47.91,520.94,2388.13,8151.88,8.4672,0.03,396,2388,100.0,38.67,23.1493,23
44,170,0.0013,-0.0003,100.0,518.67,643.18,1596.1,1419.16,14.62,21.61,553.41,2388.16,9083.68,1.3,48.0,521.31,2388.11,8148.22,8.4874,0.03,395,2388,100.0,38.66,23.0593,22
44,171,-0.001,0.0005,100.0,518.67,643.41,1602.73,1415.78,14.62,21.61,552.25,2388.17,9078.7,1.3,47.83,520.27,2388.14,8153.76,8.4424,0.03,394,2388,100.0,38.6,23.1823,21
44,172,-0.0007,0.0002,100.0,518.67,643.29,1595.31,1423.8,14.62,21.61,551.71,2388.18,9081.78,1.3,47.91,520.85,2388.15,8154.66,8.4583,0.03,396,2388,100.0,38.57,23.2305,20
44,173,0.0017,0.0004,100.0,518.67,643.28,1590.18,1418.06,14.62,21.61,552.16,2388.18,9082.74,1.3,47.83,520.0,2388.23,8150.97,8.5005,0.03,394,2388,100.0,38.58,23.1232,19
44,174,0.0024,0.0,100.0,518.67,642.9,1594.58,1421.7,14.62,21.61,552.36,2388.19,9076.85,1.3,47.88,520.55,2388.23,8156.31,8.5042,0.03,395,2388,100.0,38.52,23.1962,18
44,175,0.0013,-0.0001,100.0,518.67,643.02,1597.59,1420.72,14.62,21.61,552.14,2388.14,9070.9,1.3,47.99,520.75,2388.09,8149.87,8.507,0.03,393,2388,100.0,38.68,23.1616,17
44,176,0.0001,-0.0001,100.0,518.67,643.2,1597.94,1416.46,14.62,21.61,552.36,2388.24,9077.87,1.3,47.95,520.15,2388.17,8153.7,8.523,0.03,395,2388,100.0,38.6,23.2314,16
44,177,-0.003,0.0004,100.0,518.67,643.3,1590.15,1418.51,14.62,21.61,552.05,2388.12,9074.41,1.3,47.86,520.26,2388.18,8153.05,8.532,0.03,394,2388,100.0,38.69,23.1563,15
44,178,-0.0001,-0.0001,100.0,518.67,643.42,1601.12,1424.81,14.62,21.61,552.08,2388.17,9076.28,1.3,48.0,520.36,2388.17,8151.76,8.4936,0.03,396,2388,100.0,38.63,23.2223,14
44,179,0.0002,0.0004,100.0,518.67,643.67,1598.08,1420.42,14.62,21.61,551.61,2388.12,9079.75,1.3,48.01,520.54,2388.18,8155.54,8.4902,0.03,396,2388,100.0,38.55,23.173,13
44,180,0.0021,0.0004,100.0,518.67,643.23,1603.69,1428.6,14.62,21.61,552.28,2388.18,9075.72,1.3,48.0,520.29,2388.19,8149.02,8.4915,0.03,396,2388,100.0,38.46,23.0919,12
44,181,0.0059,-0.0004,100.0,518.67,643.45,1589.36,1421.07,14.62,21.61,552.13,2388.14,9084.08,1.3,48.02,520.51,2388.15,8152.02,8.5201,0.03,396,2388,100.0,38.43,23.0442,11
44,182,-0.0022,-0.0002,100.0,518.67,643.72,1598.43,1429.24,14.62,21.61,551.58,2388.18,9078.44,1.3,48.11,520.08,2388.17,8148.97,8.5044,0.03,396,2388,100.0,38.41,23.1306,10
44,183,-0.0002,-0.0,100.0,518.67,643.47,1600.71,1418.55,14.62,21.61,552.17,2388.24,9075.21,1.3,47.95,520.51,2388.17,8151.55,8.5167,0.03,395,2388,100.0,38.62,23.2134,9
44,184,0.0004,-0.0004,100.0,518.67,643.32,1598.81,1425.71,14.62,21.61,551.84,2388.18,9090.3,1.3,48.15,519.85,2388.22,8156.73,8.5082,0.03,396,2388,100.0,38.46,23.143,8
44,185,-0.0005,0.0003,100.0,518.67,643.4,1607.53,1427.6,14.62,21.61,552.15,2388.19,9074.53,1.3,48.08,519.62,2388.21,8151.06,8.4776,0.03,397,2388,100.0,38.45,23.2201,7
44,186,0.0026,0.0001,100.0,518.67,643.19,1594.66,1427.48,14.62,21.61,551.49,2388.26,9079.22,1.3,48.07,520.02,2388.14,8153.01,8.4971,0.03,396,2388,100.0,38.59,23.1345,6
44,187,-0.0018,0.0,100.0,518.67,643.45,1597.05,1425.84,14.62,21.61,551.55,2388.22,9081.77,1.3,48.02,519.93,2388.23,8159.13,8.5062,0.03,397,2388,100.0,38.42,22.9868,5
44,188,0.0009,-0.0002,100.0,518.67,643.76,1601.4,1423.73,14.62,21.61,551.48,2388.22,9080.41,1.3,48.1,519.68,2388.2,8152.73,8.5285,0.03,396,2388,100.0,38.51,23.0425,4
44,189,0.0035,0.0001,100.0,518.67,643.2,1601.34,1428.0,14.62,21.61,551.27,2388.26,9084.58,1.3,48.24,520.35,2388.2,8156.98,8.5108,0.03,394,2388,100.0,38.51,23.116,3
44,190,0.0008,0.0003,100.0,518.67,643.42,1607.76,1428.14,14.62,21.61,552.12,2388.27,9084.54,1.3,48.03,519.68,2388.22,8156.39,8.4984,0.03,396,2388,100.0,38.24,23.1008,2
44,191,0.0043,-0.0,100.0,518.67,644.13,1596.87,1422.36,14.62,21.61,551.14,2388.19,9084.0,1.3,48.12,520.18,2388.24,8150.26,8.5249,0.03,398,2388,100.0,38.64,23.0364,1
44,192,0.0015,-0.0003,100.0,518.67,643.95,1608.5,1438.96,14.62,21.61,552.03,2388.17,9079.75,1.3,48.05,519.87,2388.23,8155.1,8.5266,0.03,396,2388,100.0,38.39,22.9435,0
45,1,0.0019,-0.0003,100.0,518.67,642.4,1584.27,1403.72,14.62,21.61,554.81,2387.99,9071.34,1.3,47.13,522.49,2387.95,8150.67,8.3918,0.03,391,2388,100.0,39.15,23.4142,157
45,2,-0.0008,0.0001,100.0,518.67,642.57,1580.54,1398.95,14.62,21.61,554.31,2387.93,9068.79,1.3,47.2,522.53,2387.99,8155.6,8.3873,0.03,390,2388,100.0,39.01,23.4461,156
45,3,0.0026,-0.0,100.0,518.67,641.83,1586.01,1396.16,14.62,21.61,554.86,2387.94,9072.93,1.3,47.03,522.4,2388.02,8156.34,8.4158,0.03,390,2388,100.0,38.97,23.3814,155
45,4,-0.0006,0.0001,100.0,518.67,642.51,1588.56,1399.46,14.62,21.61,554.81,2387.97,9074.0,1.3,47.21,522.43,2387.96,8159.99,8.3862,0.03,392,2388,100.0,38.89,23.5169,154
45,5,-0.0007,0.0,100.0,518.67,642.43,1577.38,1402.37,14.62,21.61,554.54,2387.94,9068.84,1.3,47.45,522.16,2388.02,8153.01,8.4016,0.03,391,2388,100.0,39.01,23.3457,153
45,6,-0.0011,0.0001,100.0,518.67,642.25,1586.89,1394.36,14.62,21.61,554.91,2388.02,9068.47,1.3,47.14,522.52,2387.95,8149.79,8.3942,0.03,391,2388,100.0,38.98,23.4869,152
45,7,0.0011,-0.0005,100.0,518.67,642.59,1586.75,1394.63,14.62,21.61,554.3,2388.01,9076.48,1.3,47.24,522.55,2388.02,8152.54,8.4392,0.03,391,2388,100.0,38.77,23.4211,151
45,8,-0.0017,0.0001,100.0,518.67,641.75,1583.59,1397.04,14.62,21.61,554.83,2387.98,9071.25,1.3,47.22,522.6,2387.97,8143.72,8.4142,0.03,392,2388,100.0,39.08,23.4394,150
45,9,-0.0038,-0.0003,100.0,518.67,642.48,1575.54,1393.75,14.62,21.6,554.93,2387.94,9077.86,1.3,47.33,522.57,2388.01,8150.72,8.3895,0.03,392,2388,100.0,38.86,23.3374,149
45,10,0.0025,-0.0,100.0,518.67,642.19,1586.95,1395.36,14.62,21.61,554.75,2387.95,9077.97,1.3,47.26,522.29,2387.93,8154.64,8.4147,0.03,392,2388,100.0,39.09,23.3871,148
45,11,0.0021,-0.0,100.0,518.67,642.04,1581.9,1395.97,14.62,21.61,554.93,2388.0,9064.09,1.3,47.21,521.71,2388.0,8151.27,8.3684,0.03,392,2388,100.0,39.0,23.4111,147
45,12,-0.001,-0.0002,100.0,518.67,642.23,1589.56,1401.5,14.62,21.61,554.55,2387.95,9074.9,1.3,47.22,522.52,2387.95,8149.41,8.402,0.03,393,2388,100.0,39.0,23.4707,146
45,13,0.0006,0.0004,100.0,518.67,641.83,1580.03,1396.11,14.62,21.61,554.64,2388.04,9074.75,1.3,47.18,523.07,2388.02,8157.31,8.4204,0.03,391,2388,100.0,38.95,23.4372,145
45,14,-0.0015,-0.0005,100.0,518.67,642.2,1578.76,1395.27,14.62,21.61,554.56,2387.99,9076.98,1.3,47.0,522.68,2388.0,8154.58,8.3869,0.03,392,2388,100.0,38.98,23.463,144
45,15,-0.0014,0.0003,100.0,518.67,642.15,1585.59,1399.03,14.62,21.61,555.12,2387.98,9068.15,1.3,47.34,521.74,2388.04,8152.81,8.3869,0.03,392,2388,100.0,38.99,23.3841,143
45,16,-0.0039,-0.0001,100.0,518.67,642.28,1586.88,1396.88,14.62,21.61,554.87,2387.93,9068.3,1.3,47.22,522.23,2387.96,8150.84,8.3892,0.03,392,2388,100.0,38.98,23.5026,142
45,17,-0.0008,0.0003,100.0,518.67,642.06,1583.64,1406.43,14.62,21.6,554.16,2388.0,9070.49,1.3,47.06,522.62,2388.05,8152.64,8.3696,0.03,391,2388,100.0,38.85,23.4428,141
45,18,0.0036,-0.0005,100.0,518.67,642.47,1590.93,1400.46,14.62,21.61,554.32,2388.0,9067.69,1.3,47.2,522.26,2388.0,8158.15,8.4012,0.03,392,2388,100.0,39.0,23.3411,140
45,19,-0.0027,0.0001,100.0,518.67,641.91,1584.73,1390.08,14.62,21.61,554.84,2388.01,9070.81,1.3,47.15,522.32,2387.96,8151.07,8.3959,0.03,392,2388,100.0,39.09,23.3803,139
45,20,0.0024,0.0003,100.0,518.67,642.11,1589.46,1394.04,14.62,21.61,554.0,2388.01,9071.12,1.3,47.33,521.62,2387.96,8149.96,8.3932,0.03,391,2388,100.0,38.97,23.4737,138
45,21,0.0005,-0.0003,100.0,518.67,642.23,1582.61,1396.32,14.62,21.6,554.12,2388.04,9079.16,1.3,47.15,522.02,2387.98,8149.71,8.3811,0.03,391,2388,100.0,39.15,23.3855,137
45,22,0.0012,-0.0002,100.0,518.67,642.64,1583.37,1404.5,14.62,21.61,553.71,2387.93,9072.85,1.3,47.14,522.33,2387.99,8154.55,8.387,0.03,391,2388,100.0,39.12,23.4677,136
45,23,-0.0039,-0.0004,100.0,518.67,642.31,1590.53,1391.76,14.62,21.61,554.6,2387.97,9070.83,1.3,47.17,522.41,2388.02,8158.59,8.4418,0.03,391,2388,100.0,38.92,23.3783,135
45,24,-0.0008,-0.0001,100.0,518.67,642.15,1583.11,1406.04,14.62,21.61,554.47,2388.0,9071.34,1.3,47.3,522.31,2388.01,8152.79,8.4091,0.03,393,2388,100.0,38.96,23.3422,134
45,25,0.0,-0.0001,100.0,518.67,642.74,1581.95,1397.36,14.62,21.61,553.77,2387.97,9074.31,1.3,47.18,522.57,2387.99,8154.97,8.3803,0.03,392,2388,100.0,39.09,23.4403,133
45,26,0.0004,0.0002,100.0,518.67,641.57,1586.48,1405.01,14.62,21.61,554.65,2387.99,9076.04,1.3,47.24,522.29,2388.0,8151.66,8.3997,0.03,392,2388,100.0,39.16,23.4187,132
45,27,-0.0039,-0.0002,100.0,518.67,641.64,1587.1,1403.04,14.62,21.6,554.16,2387.99,9070.97,1.3,47.18,522.41,2387.97,8150.2,8.3762,0.03,391,2388,100.0,39.01,23.5326,131
45,28,0.0001,-0.0004,100.0,518.67,642.0,1588.32,1396.93,14.62,21.61,554.15,2387.99,9069.58,1.3,47.0,522.6,2388.02,8147.45,8.4205,0.03,392,2388,100.0,39.12,23.3835,130
45,29,-0.0009,-0.0003,100.0,518.67,641.66,1586.43,1394.31,14.62,21.61,554.12,2388.0,9073.6,1.3,47.12,522.35,2387.96,8149.98,8.369,0.03,392,2388,100.0,38.84,23.4971,129
45,30,0.0026,-0.0004,100.0,518.67,641.87,1578.31,1398.59,14.62,21.61,554.54,2387.96,9073.33,1.3,47.25,522.51,2388.0,8149.15,8.3854,0.03,393,2388,100.0,38.94,23.3643,128
45,31,-0.0009,-0.0005,100.0,518.67,641.99,1592.57,1401.2,14.62,21.61,554.35,2388.02,9075.67,1.3,47.09,522.1,2388.0,8153.18,8.4278,0.03,390,2388,100.0,38.92,23.2955,127
45,32,0.0002,-0.0005,100.0,518.67,642.83,1586.52,1395.14,14.62,21.61,555.01,2387.99,9080.29,1.3,47.26,522.09,2387.95,8147.43,8.4265,0.03,393,2388,100.0,38.98,23.4345,126
45,33,-0.0003,0.0002,100.0,518.67,642.15,1587.98,1395.86,14.62,21.61,555.55,2388.01,9068.15,1.3,47.25,522.58,2388.0,8154.57,8.3851,0.03,391,2388,100.0,38.97,23.4007,125
45,34,-0.0001,-0.0005,100.0,518.67,642.1,1592.79,1394.74,14.62,21.61,554.88,2388.04,9078.64,1.3,47.25,522.47,2387.95,8148.39,8.3669,0.03,391,2388,100.0,38.9,23.4692,124
45,35,0.0036,0.0001,100.0,518.67,642.21,1585.5,1400.39,14.62,21.61,553.55,2387.98,9074.8,1.3,47.23,522.22,2388.02,8153.12,8.4195,0.03,391,2388,100.0,39.04,23.5263,123
45,36,-0.0026,-0.0001,100.0,518.67,642.04,1585.16,1397.19,14.62,21.61,554.61,2388.0,9079.73,1.3,47.21,522.41,2388.03,8151.94,8.4203,0.03,389,2388,100.0,39.12,23.3833,122
45,37,0.0028,0.0004,100.0,518.67,641.71,1580.55,1403.56,14.62,21.61,554.06,2388.01,9066.42,1.3,47.12,522.26,2387.98,8155.47,8.3982,0.03,394,2388,100.0,38.93,23.3336,121
45,38,-0.0035,0.0003,100.0,518.67,642.21,1583.07,1401.91,14.62,21.61,554.7,2387.93,9074.13,1.3,47.21,522.53,2388.03,8152.47,8.4212,0.03,391,2388,100.0,38.96,23.4666,120
45,39,-0.0012,0.0004,100.0,518.67,641.98,1589.63,1392.69,14.62,21.61,554.23,2388.0,9074.44,1.3,47.18,522.39,2388.01,8152.8,8.4237,0.03,391,2388,100.0,38.99,23.4472,119
45,40,-0.0018,-0.0003,100.0,518.67,642.08,1581.91,1400.18,14.62,21.61,554.53,2388.03,9069.2,1.3,47.15,522.25,2387.92,8154.85,8.4236,0.03,391,2388,100.0,39.05,23.3772,118
45,41,0.0006,-0.0003,100.0,518.67,642.24,1586.62,1400.5,14.62,21.61,554.2,2387.97,9069.24,1.3,47.42,522.64,2387.97,8153.24,8.3765,0.03,391,2388,100.0,38.82,23.3982,117
45,42,-0.0022,-0.0002,100.0,518.67,642.32,1585.49,1396.96,14.62,21.61,553.89,2387.98,9069.85,1.3,47.13,522.65,2387.96,8152.29,8.3982,0.03,392,2388,100.0,38.9,23.4523,116
45,43,0.0028,0.0003,100.0,518.67,642.17,1587.28,1401.41,14.62,21.61,554.97,2387.92,9071.84,1.3,47.14,522.6,2387.96,8152.4,8.3868,0.03,392,2388,100.0,39.08,23.5111,115
45,44,-0.0001,-0.0001,100.0,518.67,642.07,1586.47,1394.7,14.62,21.61,553.98,2387.97,9074.08,1.3,47.09,522.27,2387.98,8145.36,8.4357,0.03,393,2388,100.0,38.85,23.3458,114
45,45,-0.0002,-0.0005,100.0,518.67,642.15,1595.0,1398.05,14.62,21.61,554.16,2388.03,9079.61,1.3,47.23,522.57,2387.96,8160.05,8.3932,0.03,392,2388,100.0,38.99,23.302,113
45,46,0.0013,-0.0005,100.0,518.67,643.17,1588.53,1401.57,14.62,21.61,554.66,2388.02,9062.84,1.3,47.31,521.68,2388.03,8152.05,8.4015,0.03,393,2388,100.0,38.92,23.4281,112
45,47,0.0072,0.0004,100.0,518.67,641.91,1581.36,1403.25,14.62,21.61,555.01,2387.99,9074.87,1.3,47.14,522.51,2388.0,8156.51,8.4099,0.03,391,2388,100.0,39.06,23.3755,111
45,48,0.0006,0.0003,100.0,518.67,642.02,1590.0,1392.41,14.62,21.61,554.45,2388.01,9069.51,1.3,47.26,521.92,2388.02,8151.33,8.393,0.03,391,2388,100.0,39.07,23.4273,110
45,49,-0.001,-0.0,100.0,518.67,642.18,1580.0,1403.24,14.62,21.61,553.76,2388.02,9062.9,1.3,47.24,522.28,2388.06,8149.36,8.4343,0.03,391,2388,100.0,38.91,23.4004,109
45,50,-0.0036,0.0001,100.0,518.67,641.62,1588.67,1404.79,14.62,21.61,554.23,2387.99,9072.56,1.3,47.47,522.37,2388.02,8155.53,8.3901,0.03,391,2388,100.0,38.94,23.4344,108
45,51,0.0004,0.0001,100.0,518.67,642.69,1582.0,1403.06,14.62,21.61,554.51,2388.04,9072.97,1.3,47.23,522.43,2387.98,8146.61,8.386,0.03,393,2388,100.0,38.9,23.3697,107
45,52,-0.0045,0.0004,100.0,518.67,642.68,1579.54,1394.36,14.62,21.61,554.97,2388.03,9074.14,1.3,47.37,522.51,2388.02,8154.23,8.4097,0.03,392,2388,100.0,39.07,23.3703,106
45,53,0.0032,0.0002,100.0,518.67,642.34,1586.75,1405.98,14.62,21.61,554.45,2388.01,9072.92,1.3,47.4,521.63,2387.96,8154.06,8.4051,0.03,391,2388,100.0,38.73,23.4671,105
45,54,-0.002,0.0004,100.0,518.67,642.62,1585.88,1395.67,14.62,21.61,554.98,2388.03,9079.19,1.3,47.3,522.57,2388.02,8153.55,8.3898,0.03,392,2388,100.0,39.0,23.4379,104
45,55,0.0007,0.0004,100.0,518.67,641.84,1584.92,1405.3,14.62,21.61,554.25,2387.97,9077.01,1.3,47.21,522.66,2388.07,8152.46,8.4216,0.03,392,2388,100.0,38.96,23.2986,103
45,56,0.0004,-0.0005,100.0,518.67,642.12,1586.36,1404.08,14.62,21.61,554.05,2388.01,9070.34,1.3,47.12,521.88,2387.99,8154.53,8.4091,0.03,392,2388,100.0,39.03,23.419,102
45,57,-0.0004,-0.0001,100.0,518.67,642.23,1590.47,1407.04,14.62,21.61,554.29,2388.0,9074.2,1.3,47.3,521.97,2387.98,8152.93,8.4117,0.03,391,2388,100.0,39.06,23.3349,101
45,58,-0.0002,-0.0002,100.0,518.67,642.46,1576.54,1406.97,14.62,21.61,553.94,2388.0,9065.63,1.3,47.31,521.87,2387.95,8149.03,8.4252,0.03,392,2388,100.0,39.1,23.4298,100
45,59,0.0002,0.0003,100.0,518.67,642.11,1584.14,1402.79,14.62,21.61,554.23,2388.04,9069.23,1.3,47.41,522.06,2388.0,8145.97,8.4057,0.03,392,2388,100.0,38.98,23.4285,99
45,60,0.0034,0.0005,100.0,518.67,642.43,1583.83,1401.7,14.62,21.61,554.56,2387.96,9071.75,1.3,47.28,521.72,2388.04,8152.56,8.4207,0.03,392,2388,100.0,38.93,23.4548,98
45,61,-0.0,-0.0005,100.0,518.67,641.93,1583.9,1397.41,14.62,21.61,554.28,2388.02,9072.21,1.3,47.42,522.11,2387.98,8151.77,8.3744,0.03,389,2388,100.0,38.96,23.3939,97
45,62,0.0014,0.0004,100.0,518.67,642.66,1591.98,1399.12,14.62,21.61,554.09,2388.04,9069.02,1.3,47.31,522.0,2388.0,8155.37,8.4062,0.03,391,2388,100.0,38.82,23.3384,96
45,63,-0.0003,0.0001,100.0,518.67,642.07,1584.08,1395.48,14.62,21.61,554.46,2387.97,9058.36,1.3,47.32,522.33,2388.01,8151.11,8.4038,0.03,390,2388,100.0,39.08,23.4599,95
45,64,0.0024,-0.0004,100.0,518.67,642.49,1589.82,1400.19,14.62,21.61,554.36,2388.0,9076.76,1.3,47.25,522.7,2388.02,8152.16,8.4047,0.03,393,2388,100.0,38.99,23.4297,94
45,65,0.0044,0.0002,100.0,518.67,642.39,1593.18,1407.63,14.62,21.61,553.17,2388.03,9074.89,1.3,47.11,521.91,2387.99,8153.75,8.4138,0.03,392,2388,100.0,39.07,23.4085,93
45,66,0.0015,-0.0003,100.0,518.67,641.96,1585.76,1396.07,14.62,21.61,554.12,2388.03,9078.16,1.3,47.29,521.51,2388.06,8158.91,8.3846,0.03,392,2388,100.0,38.94,23.4591,92
45,67,0.0038,-0.0,100.0,518.67,641.87,1585.9,1396.55,14.62,21.61,554.89,2388.0,9074.27,1.3,47.27,522.27,2388.0,8148.59,8.4191,0.03,391,2388,100.0,38.7,23.4329,91
45,68,-0.0048,-0.0,100.0,518.67,642.58,1583.13,1398.97,14.62,21.61,554.56,2388.04,9072.54,1.3,47.21,522.62,2388.02,8154.91,8.4287,0.03,394,2388,100.0,39.02,23.4152,90
45,69,-0.0019,-0.0003,100.0,518.67,642.62,1587.53,1395.54,14.62,21.61,554.43,2388.03,9068.4,1.3,47.31,522.0,2388.01,8156.75,8.3977,0.03,392,2388,100.0,39.01,23.4174,89
45,70,0.0021,0.0001,100.0,518.67,642.25,1574.14,1395.88,14.62,21.61,554.24,2388.02,9075.99,1.3,47.33,522.34,2388.05,8154.02,8.4105,0.03,393,2388,100.0,38.87,23.2702,88
45,71,-0.0012,0.0002,100.0,518.67,642.72,1584.31,1398.68,14.62,21.61,554.32,2388.03,9068.0,1.3,47.32,522.01,2388.02,8150.82,8.3965,0.03,391,2388,100.0,38.99,23.3141,87
45,72,-0.0003,0.0001,100.0,518.67,642.51,1588.4,1404.83,14.62,21.61,553.97,2388.01,9070.99,1.3,47.33,522.15,2387.99,8160.53,8.4344,0.03,394,2388,100.0,39.03,23.3482,86
45,73,-0.0023,0.0003,100.0,518.67,642.32,1579.67,1399.45,14.62,21.61,554.46,2388.02,9074.6,1.3,47.06,522.59,2388.01,8151.28,8.4361,0.03,390,2388,100.0,38.88,23.2875,85
45,74,0.0001,-0.0004,100.0,518.67,642.39,1587.38,1397.47,14.62,21.61,553.85,2388.0,9069.21,1.3,47.29,522.67,2388.01,8149.34,8.4031,0.03,392,2388,100.0,39.03,23.3897,84
45,75,-0.0033,-0.0,100.0,518.67,642.09,1582.95,1403.37,14.62,21.61,554.38,2388.02,9077.66,1.3,47.28,521.76,2388.04,8153.58,8.4202,0.03,393,2388,100.0,39.06,23.4048,83
45,76,-0.0026,0.0002,100.0,518.67,642.41,1585.34,1395.56,14.62,21.61,553.7,2388.0,9068.63,1.3,47.31,522.01,2388.02,8152.43,8.4309,0.03,392,2388,100.0,39.04,23.4298,82
45,77,-0.0037,-0.0001,100.0,518.67,642.98,1582.0,1407.11,14.62,21.61,553.99,2388.05,9076.65,1.3,47.27,522.1,2387.97,8155.54,8.4018,0.03,393,2388,100.0,38.9,23.2682,81
45,78,0.0023,-0.0005,100.0,518.67,642.05,1579.35,1395.71,14.62,21.61,554.51,2388.07,9074.31,1.3,47.33,522.03,2388.05,8153.43,8.3894,0.03,390,2388,100.0,38.87,23.4792,80
45,79,-0.0011,0.0003,100.0,518.67,642.3,1581.95,1399.75,14.62,21.61,554.33,2388.04,9073.85,1.3,47.35,521.95,2387.99,8155.67,8.4378,0.03,391,2388,100.0,38.9,23.3391,79
45,80,-0.0018,0.0002,100.0,518.67,642.6,1586.31,1399.13,14.62,21.61,553.95,2388.01,9077.19,1.3,47.22,522.34,2388.03,8150.75,8.4083,0.03,393,2388,100.0,38.93,23.3247,78
45,81,-0.0018,-0.0003,100.0,518.67,642.16,1582.74,1403.49,14.62,21.61,554.57,2388.07,9068.24,1.3,47.29,521.96,2388.06,8149.63,8.4589,0.03,392,2388,100.0,39.11,23.4124,77
45,82,-0.0028,0.0004,100.0,518.67,642.78,1592.09,1403.76,14.62,21.61,554.35,2388.01,9073.74,1.3,47.3,521.61,2388.05,8156.61,8.4025,0.03,392,2388,100.0,39.0,23.3066,76
45,83,0.0017,-0.0005,100.0,518.67,642.68,1579.5,1410.41,14.62,21.61,554.71,2388.02,9075.82,1.3,47.28,521.52,2388.04,8153.28,8.4292,0.03,392,2388,100.0,38.87,23.4168,75
45,84,-0.0022,-0.0003,100.0,518.67,642.02,1585.48,1397.54,14.62,21.6,553.65,2387.99,9072.28,1.3,47.49,522.13,2388.03,8156.15,8.4077,0.03,394,2388,100.0,38.93,23.4171,74
45,85,-0.0019,-0.0001,100.0,518.67,641.77,1584.73,1401.11,14.62,21.61,554.19,2388.0,9077.11,1.3,47.33,522.28,2388.08,8156.42,8.4018,0.03,392,2388,100.0,39.04,23.3316,73
45,86,0.0023,-0.0002,100.0,518.67,642.6,1587.16,1409.26,14.62,21.61,554.04,2387.96,9074.73,1.3,47.34,521.57,2388.03,8150.99,8.4299,0.03,393,2388,100.0,38.82,23.4274,72
45,87,0.0034,0.0002,100.0,518.67,642.13,1589.53,1402.91,14.62,21.61,553.54,2388.08,9077.44,1.3,47.18,522.16,2388.05,8156.88,8.4591,0.03,391,2388,100.0,38.94,23.388,71
45,88,-0.0035,-0.0002,100.0,518.67,642.32,1586.83,1403.07,14.62,21.61,554.07,2388.02,9079.46,1.3,47.29,521.12,2388.02,8159.28,8.412,0.03,392,2388,100.0,38.97,23.3189,70
45,89,-0.0001,-0.0003,100.0,518.67,642.41,1581.56,1400.39,14.62,21.61,553.74,2388.06,9071.17,1.3,47.31,521.91,2387.99,8155.7,8.4506,0.03,392,2388,100.0,38.99,23.4733,69
45,90,0.0013,0.0003,100.0,518.67,642.14,1587.53,1401.74,14.62,21.61,553.81,2388.02,9078.87,1.3,47.53,521.94,2388.04,8146.89,8.425,0.03,393,2388,100.0,38.86,23.3481,68
45,91,-0.0003,0.0001,100.0,518.67,642.37,1591.12,1407.44,14.62,21.61,553.99,2388.09,9081.26,1.3,47.6,522.21,2387.97,8156.38,8.4346,0.03,393,2388,100.0,38.82,23.3234,67
45,92,0.0003,0.0004,100.0,518.67,643.09,1585.68,1401.2,14.62,21.61,553.95,2388.05,9073.35,1.3,47.47,522.22,2388.03,8151.38,8.3917,0.03,391,2388,100.0,38.96,23.4011,66
45,93,-0.0015,-0.0001,100.0,518.67,642.03,1590.02,1404.11,14.62,21.61,554.4,2388.01,9078.34,1.3,47.32,521.53,2388.08,8155.76,8.4119,0.03,391,2388,100.0,38.87,23.3321,65
45,94,0.0015,-0.0004,100.0,518.67,641.78,1584.07,1405.0,14.62,21.61,553.66,2388.03,9076.52,1.3,47.29,521.94,2388.06,8156.59,8.4066,0.03,391,2388,100.0,38.89,23.4143,64
45,95,0.0016,-0.0004,100.0,518.67,642.14,1590.07,1408.11,14.62,21.61,553.85,2388.01,9078.37,1.3,47.4,522.03,2388.04,8152.62,8.4164,0.03,392,2388,100.0,38.88,23.3713,63
45,96,0.0009,0.0004,100.0,518.67,642.46,1585.39,1402.07,14.62,21.61,554.26,2388.03,9067.52,1.3,47.31,522.2,2388.02,8153.6,8.4238,0.03,394,2388,100.0,38.89,23.3677,62
45,97,0.0018,0.0002,100.0,518.67,642.84,1578.81,1416.06,14.62,21.61,554.15,2388.04,9069.26,1.3,47.46,521.8,2388.11,8156.48,8.434,0.03,395,2388,100.0,38.87,23.3329,61
45,98,-0.0007,0.0001,100.0,518.67,642.84,1591.81,1402.65,14.62,21.61,553.38,2387.99,9079.36,1.3,47.44,521.92,2388.03,8156.1,8.4396,0.03,392,2388,100.0,38.68,23.267,60
45,99,0.0025,-0.0,100.0,518.67,642.53,1591.41,1405.05,14.62,21.61,554.8,2388.07,9079.94,1.3,47.38,521.43,2388.04,8152.12,8.4595,0.03,394,2388,100.0,38.87,23.3479,59
45,100,-0.0015,0.0002,100.0,518.67,642.89,1591.7,1403.26,14.62,21.61,554.07,2388.06,9080.85,1.3,47.51,521.46,2387.97,8156.89,8.4319,0.03,395,2388,100.0,38.71,23.299,58
45,101,0.0008,-0.0002,100.0,518.67,642.58,1591.14,1408.92,14.62,21.61,553.9,2388.04,9071.98,1.3,47.5,521.37,2388.04,8161.11,8.4351,0.03,394,2388,100.0,38.84,23.278,57
45,102,-0.0004,-0.0004,100.0,518.67,642.73,1591.97,1407.72,14.62,21.61,553.63,2388.08,9080.86,1.3,47.44,521.93,2388.02,8155.51,8.4191,0.03,393,2388,100.0,39.0,23.3907,56
45,103,-0.003,-0.0002,100.0,518.67,642.01,1591.76,1398.91,14.62,21.61,553.36,2388.06,9076.11,1.3,47.45,522.3,2388.09,8147.46,8.3856,0.03,393,2388,100.0,38.88,23.2027,55
45,104,0.0009,0.0003,100.0,518.67,642.77,1590.06,1396.56,14.62,21.61,554.45,2388.02,9076.83,1.3,47.61,522.11,2388.1,8153.44,8.3956,0.03,393,2388,100.0,38.7,23.2286,54
45,105,-0.0052,0.0004,100.0,518.67,642.8,1592.17,1406.54,14.62,21.61,553.54,2388.09,9073.39,1.3,47.37,521.46,2388.06,8154.49,8.4226,0.03,393,2388,100.0,39.02,23.3241,53
45,106,-0.0004,-0.0001,100.0,518.67,642.48,1585.6,1409.05,14.62,21.61,553.53,2388.05,9081.04,1.3,47.48,521.22,2388.09,8159.22,8.4638,0.03,392,2388,100.0,38.73,23.1954,52
45,107,-0.0006,0.0002,100.0,518.67,642.6,1587.39,1397.23,14.62,21.61,553.58,2387.97,9075.56,1.3,47.38,521.67,2388.05,8156.4,8.4508,0.03,393,2388,100.0,38.89,23.2554,51
45,108,-0.0,0.0002,100.0,518.67,642.83,1596.88,1410.68,14.62,21.61,554.26,2388.05,9082.05,1.3,47.39,521.32,2388.04,8157.78,8.4465,0.03,392,2388,100.0,38.95,23.2815,50
45,109,-0.0004,-0.0003,100.0,518.67,642.63,1588.53,1405.34,14.62,21.61,553.92,2388.08,9082.27,1.3,47.35,521.66,2388.08,8157.53,8.4216,0.03,392,2388,100.0,38.83,23.2282,49
45,110,-0.0005,-0.0002,100.0,518.67,642.43,1592.76,1397.98,14.62,21.61,553.68,2388.1,9079.21,1.3,47.5,521.83,2388.04,8158.54,8.4521,0.03,394,2388,100.0,38.87,23.3524,48
45,111,-0.0032,-0.0004,100.0,518.67,642.73,1592.62,1405.0,14.62,21.61,553.83,2388.05,9081.13,1.3,47.42,521.23,2388.1,8152.87,8.3702,0.03,392,2388,100.0,38.82,23.2946,47
45,112,0.002,-0.0003,100.0,518.67,642.75,1589.28,1412.62,14.62,21.61,554.34,2388.07,9075.66,1.3,47.24,521.2,2388.03,8156.27,8.4468,0.03,393,2388,100.0,38.93,23.3373,46
45,113,-0.0021,0.0004,100.0,518.67,642.61,1596.68,1408.3,14.62,21.61,554.6,2388.11,9077.37,1.3,47.48,521.43,2388.08,8155.87,8.3983,0.03,393,2388,100.0,38.85,23.2184,45
45,114,-0.003,-0.0,100.0,518.67,642.77,1588.77,1415.25,14.62,21.61,553.98,2388.05,9081.62,1.3,47.54,521.37,2388.09,8163.4,8.4353,0.03,393,2388,100.0,38.62,23.2688,44
45,115,-0.0002,0.0,100.0,518.67,642.37,1591.74,1408.69,14.62,21.61,553.58,2388.07,9071.97,1.3,47.48,520.65,2388.04,8151.08,8.4043,0.03,392,2388,100.0,38.84,23.2171,43
45,116,-0.0016,0.0001,100.0,518.67,643.5,1590.02,1410.1,14.62,21.61,553.26,2388.08,9081.53,1.3,47.5,521.24,2388.08,8156.89,8.4404,0.03,395,2388,100.0,39.11,23.354,42
45,117,-0.0036,-0.0004,100.0,518.67,642.77,1593.86,1405.87,14.62,21.61,553.47,2388.1,9076.75,1.3,47.43,521.7,2388.06,8162.54,8.4499,0.03,394,2388,100.0,38.88,23.3067,41
45,118,0.0014,0.0001,100.0,518.67,642.34,1594.66,1411.91,14.62,21.61,552.67,2388.07,9077.11,1.3,47.6,520.97,2388.07,8159.07,8.4546,0.03,393,2388,100.0,38.59,23.2377,40
45,119,-0.0022,0.0002,100.0,518.67,642.7,1593.11,1409.28,14.62,21.61,553.29,2388.09,9075.14,1.3,47.6,521.34,2388.05,8154.04,8.3939,0.03,393,2388,100.0,38.64,23.3484,39
45,120,0.0029,-0.0002,100.0,518.67,642.61,1590.46,1411.55,14.62,21.61,552.47,2388.04,9077.02,1.3,47.45,521.48,2388.08,8158.59,8.4351,0.03,393,2388,100.0,38.8,23.2702,38
45,121,0.0012,-0.0,100.0,518.67,642.58,1585.67,1410.42,14.62,21.61,552.3,2388.07,9080.91,1.3,47.48,521.55,2388.07,8161.53,8.4685,0.03,393,2388,100.0,38.94,23.2883,37
45,122,0.0032,-0.0004,100.0,518.67,643.23,1594.62,1412.71,14.62,21.61,553.88,2388.09,9080.9,1.3,47.54,520.54,2388.07,8156.17,8.4408,0.03,394,2388,100.0,38.94,23.3446,36
45,123,-0.0038,-0.0003,100.0,518.67,642.7,1591.27,1414.6,14.62,21.61,552.59,2388.09,9082.27,1.3,47.57,521.33,2388.08,8157.38,8.4785,0.03,394,2388,100.0,38.74,23.1985,35
45,124,-0.0029,-0.0002,100.0,518.67,642.56,1591.61,1411.03,14.62,21.61,552.59,2388.03,9083.98,1.3,47.49,522.0,2388.12,8156.54,8.4639,0.03,395,2388,100.0,38.93,23.2577,34
45,125,-0.0021,-0.0002,100.0,518.67,642.4,1596.69,1407.79,14.62,21.61,553.08,2388.07,9076.55,1.3,47.66,521.38,2388.09,8153.38,8.455,0.03,394,2388,100.0,38.78,23.2734,33
45,126,-0.0011,-0.0003,100.0,518.67,643.0,1592.58,1410.67,14.62,21.61,553.49,2388.14,9082.73,1.3,47.6,521.4,2388.09,8157.24,8.4616,0.03,393,2388,100.0,38.78,23.1851,32
45,127,-0.0008,-0.0001,100.0,518.67,642.58,1591.46,1408.21,14.62,21.61,552.81,2388.09,9081.53,1.3,47.71,521.84,2388.11,8155.81,8.4754,0.03,394,2388,100.0,38.66,23.3873,31
45,128,0.0008,0.0002,100.0,518.67,642.59,1602.34,1412.73,14.62,21.61,553.48,2388.09,9083.23,1.3,47.71,521.2,2388.06,8160.78,8.4759,0.03,394,2388,100.0,38.8,23.2549,30
45,129,0.0014,-0.0001,100.0,518.67,643.41,1592.32,1407.04,14.62,21.61,552.35,2388.05,9075.13,1.3,47.57,520.91,2388.05,8157.31,8.4692,0.03,395,2388,100.0,38.57,23.1598,29
45,130,0.0015,0.0002,100.0,518.67,642.48,1589.37,1407.96,14.62,21.61,553.14,2388.12,9082.35,1.3,47.71,520.86,2388.1,8158.1,8.4442,0.03,394,2388,100.0,38.6,23.1769,28
45,131,-0.0022,0.0002,100.0,518.67,642.72,1589.95,1420.19,14.62,21.61,552.55,2388.1,9080.63,1.3,47.77,520.87,2388.11,8154.07,8.4473,0.03,394,2388,100.0,38.77,23.2336,27
45,132,-0.0008,-0.0003,100.0,518.67,642.88,1594.96,1424.87,14.62,21.61,553.03,2388.07,9082.57,1.3,47.59,520.66,2388.06,8160.04,8.4754,0.03,395,2388,100.0,38.84,23.3358,26
45,133,0.0035,0.0003,100.0,518.67,642.68,1590.71,1411.52,14.62,21.61,552.78,2388.15,9082.44,1.3,47.7,520.86,2388.14,8159.77,8.4898,0.03,394,2388,100.0,38.67,23.23,25
45,134,-0.002,0.0001,100.0,518.67,643.25,1594.86,1411.83,14.62,21.61,552.68,2388.07,9088.16,1.3,47.79,521.08,2388.13,8154.45,8.4388,0.03,395,2388,100.0,38.67,23.1541,24
45,135,0.0019,0.0001,100.0,518.67,642.76,1589.9,1412.63,14.62,21.61,552.17,2388.13,9085.26,1.3,47.72,520.51,2388.1,8159.2,8.449,0.03,396,2388,100.0,38.77,23.198,23
45,136,0.0016,-0.0003,100.0,518.67,642.76,1594.54,1419.31,14.62,21.61,553.04,2388.11,9083.38,1.3,47.87,520.54,2388.11,8159.78,8.4652,0.03,394,2388,100.0,38.6,23.2626,22
45,137,0.0017,0.0004,100.0,518.67,643.2,1593.87,1422.48,14.62,21.61,553.69,2388.08,9084.08,1.3,47.8,520.84,2388.12,8163.37,8.4798,0.03,394,2388,100.0,38.46,23.1692,21
45,138,0.0005,-0.0002,100.0,518.67,643.42,1597.93,1421.47,14.62,21.61,552.52,2388.1,9083.26,1.3,47.77,520.57,2388.12,8156.35,8.4477,0.03,394,2388,100.0,38.7,23.1931,20
45,139,0.0002,0.0005,100.0,518.67,642.94,1595.91,1420.45,14.62,21.61,552.61,2388.18,9081.3,1.3,48.02,520.22,2388.15,8158.99,8.4918,0.03,395,2388,100.0,38.53,23.1876,19
45,140,-0.0024,0.0002,100.0,518.67,642.94,1593.51,1416.68,14.62,21.61,552.04,2388.13,9088.53,1.3,47.91,520.62,2388.16,8161.29,8.5007,0.03,396,2388,100.0,38.63,23.1017,18
45,141,-0.0025,0.0003,100.0,518.67,643.94,1599.46,1412.57,14.62,21.61,552.14,2388.18,9083.55,1.3,47.96,520.57,2388.15,8164.69,8.4508,0.03,395,2388,100.0,38.75,23.1627,17
45,142,-0.0008,0.0004,100.0,518.67,643.05,1603.39,1421.87,14.62,21.61,551.93,2388.2,9086.14,1.3,47.85,520.25,2388.11,8159.61,8.4966,0.03,393,2388,100.0,38.44,23.1131,16
45,143,0.0009,-0.0005,100.0,518.67,643.2,1597.22,1421.25,14.62,21.61,553.0,2388.16,9089.16,1.3,47.8,521.01,2388.14,8161.28,8.462,0.03,394,2388,100.0,38.72,23.1914,15
45,144,-0.0,-0.0003,100.0,518.67,642.92,1595.77,1415.1,14.62,21.61,552.44,2388.16,9087.42,1.3,47.92,520.49,2388.13,8167.86,8.4885,0.03,395,2388,100.0,38.61,23.195,14
45,145,0.0035,-0.0003,100.0,518.67,643.03,1603.58,1422.74,14.62,21.61,551.63,2388.15,9086.37,1.3,48.01,520.06,2388.15,8164.1,8.5092,0.03,395,2388,100.0,38.51,23.1288,13
45,146,0.0008,0.0003,100.0,518.67,642.82,1597.71,1426.24,14.62,21.61,552.01,2388.2,9092.16,1.3,47.97,520.09,2388.22,8162.01,8.4907,0.03,395,2388,100.0,38.58,23.2119,12
45,147,-0.0017,-0.0003,100.0,518.67,643.18,1596.71,1426.02,14.62,21.61,552.35,2388.15,9084.75,1.3,47.98,519.94,2388.2,8160.11,8.4791,0.03,395,2388,100.0,38.61,23.1206,11
45,148,0.0041,-0.0001,100.0,518.67,642.91,1599.65,1420.69,14.62,21.61,551.33,2388.2,9085.29,1.3,47.99,520.15,2388.19,8153.83,8.495,0.03,396,2388,100.0,38.46,23.142,10
45,149,0.0014,0.0001,100.0,518.67,644.02,1599.97,1423.59,14.62,21.61,552.53,2388.13,9090.23,1.3,48.12,520.02,2388.21,8158.12,8.4827,0.03,395,2388,100.0,38.61,23.0352,9
45,150,0.0006,0.0003,100.0,518.67,643.49,1604.24,1425.67,14.62,21.61,551.64,2388.15,9086.25,1.3,47.95,520.08,2388.18,8160.48,8.5046,0.03,396,2388,100.0,38.53,22.9991,8
45,151,-0.0017,0.0,100.0,518.67,643.39,1600.49,1423.71,14.62,21.61,551.73,2388.18,9085.0,1.3,47.74,519.86,2388.17,8160.21,8.4864,0.03,395,2388,100.0,38.65,23.044,7
45,152,0.006,-0.0003,100.0,518.67,643.42,1602.13,1424.4,14.62,21.61,552.09,2388.16,9092.08,1.3,48.1,520.15,2388.13,8156.48,8.5208,0.03,393,2388,100.0,38.64,22.9761,6
45,153,0.0002,0.0,100.0,518.67,643.34,1596.16,1431.16,14.62,21.61,551.55,2388.17,9097.89,1.3,48.12,520.19,2388.25,8160.53,8.4816,0.03,395,2388,100.0,38.52,23.0736,5
45,154,-0.0023,0.0003,100.0,518.67,643.46,1601.63,1423.22,14.62,21.61,551.3,2388.19,9087.85,1.3,48.06,519.52,2388.2,8163.2,8.5111,0.03,395,2388,100.0,38.58,23.06,4
45,155,-0.0044,0.0002,100.0,518.67,643.07,1604.21,1430.01,14.62,21.61,551.31,2388.19,9098.38,1.3,47.97,519.79,2388.23,8162.68,8.5521,0.03,395,2388,100.0,38.35,23.0156,3
45,156,-0.0051,-0.0004,100.0,518.67,643.6,1603.98,1431.6,14.62,21.61,551.9,2388.17,9090.97,1.3,48.35,520.09,2388.21,8159.13,8.5271,0.03,395,2388,100.0,38.49,23.1502,2
45,157,0.0007,0.0001,100.0,518.67,644.07,1597.36,1432.96,14.62,21.61,551.11,2388.24,9098.48,1.3,48.18,519.37,2388.19,8167.85,8.5358,0.03,397,2388,100.0,38.4,23.1416,1
45,158,0.0012,-0.0001,100.0,518.67,643.7,1598.55,1437.88,14.62,21.61,551.59,2388.23,9095.15,1.3,48.29,519.83,2388.23,8160.09,8.5497,0.03,396,2388,100.0,38.22,23.0342,0
46,1,0.0034,0.0002,100.0,518.67,642.37,1597.38,1391.37,14.62,21.6,553.92,2388.04,9063.04,1.3,47.2,522.42,2388.01,8137.89,8.4154,0.03,391,2388,100.0,39.13,23.3629,255
46,2,0.0033,-0.0005,100.0,518.67,641.63,1581.33,1409.91,14.62,21.61,554.36,2388.03,9057.81,1.3,47.18,522.65,2388.03,8140.05,8.3768,0.03,390,2388,100.0,39.03,23.4022,254
46,3,0.0005,-0.0001,100.0,518.67,642.33,1578.91,1397.54,14.62,21.61,553.62,2387.98,9056.65,1.3,47.33,522.53,2387.99,8142.08,8.3959,0.03,392,2388,100.0,39.15,23.3871,253
46,4,-0.0007,-0.0002,100.0,518.67,642.0,1583.15,1396.42,14.62,21.61,555.05,2388.01,9067.27,1.3,47.19,522.21,2388.04,8146.28,8.4058,0.03,391,2388,100.0,39.11,23.4367,252
46,5,-0.0011,-0.0003,100.0,518.67,641.83,1586.45,1398.25,14.62,21.61,553.8,2388.0,9057.52,1.3,47.15,522.35,2387.95,8140.86,8.3923,0.03,392,2388,100.0,39.06,23.4273,251
46,6,-0.0025,-0.0001,100.0,518.67,642.42,1585.59,1400.48,14.62,21.6,554.65,2388.03,9055.37,1.3,46.97,522.35,2387.98,8146.62,8.4055,0.03,392,2388,100.0,39.0,23.431,250
46,7,-0.0033,-0.0004,100.0,518.67,641.93,1584.73,1398.44,14.62,21.61,554.13,2388.06,9049.47,1.3,47.22,522.3,2388.01,8144.67,8.3926,0.03,391,2388,100.0,39.18,23.4234,249
46,8,0.0017,-0.0004,100.0,518.67,642.07,1592.24,1402.27,14.62,21.61,554.05,2388.0,9067.84,1.3,47.16,522.32,2388.05,8139.77,8.4,0.03,392,2388,100.0,39.12,23.361,248
46,9,-0.001,0.0001,100.0,518.67,641.96,1575.2,1400.12,14.62,21.61,554.9,2387.96,9063.14,1.3,47.07,522.59,2387.97,8143.89,8.3744,0.03,392,2388,100.0,39.03,23.4635,247
46,10,0.0019,0.0002,100.0,518.67,641.89,1584.45,1400.74,14.62,21.61,554.38,2388.02,9055.43,1.3,47.04,522.28,2388.02,8140.02,8.414,0.03,392,2388,100.0,39.11,23.4381,246
46,11,0.0027,-0.0005,100.0,518.67,642.35,1580.72,1392.87,14.62,21.61,554.11,2388.02,9057.08,1.3,47.21,522.13,2387.97,8143.31,8.4321,0.03,392,2388,100.0,39.0,23.3922,245
46,12,0.0023,-0.0003,100.0,518.67,642.27,1579.14,1396.65,14.62,21.61,553.88,2388.04,9064.49,1.3,47.16,522.19,2387.99,8141.03,8.3862,0.03,392,2388,100.0,38.98,23.4034,244
46,13,-0.0002,-0.0003,100.0,518.67,641.96,1578.4,1395.55,14.62,21.61,554.66,2388.02,9057.01,1.3,47.2,522.63,2387.98,8140.44,8.4539,0.03,391,2388,100.0,39.0,23.4838,243
46,14,0.0009,0.0005,100.0,518.67,642.44,1590.72,1398.12,14.62,21.61,553.78,2388.04,9063.34,1.3,47.2,523.11,2388.02,8137.36,8.4041,0.03,392,2388,100.0,39.17,23.4927,242
46,15,-0.0002,0.0001,100.0,518.67,642.53,1595.76,1394.38,14.62,21.61,554.34,2388.02,9061.9,1.3,47.35,522.53,2387.95,8142.46,8.4215,0.03,390,2388,100.0,39.03,23.4216,241
46,16,0.0003,-0.0002,100.0,518.67,642.43,1580.42,1393.89,14.62,21.61,554.62,2388.02,9062.13,1.3,47.15,522.46,2387.98,8143.26,8.3871,0.03,391,2388,100.0,39.11,23.402,240
46,17,0.0003,-0.0005,100.0,518.67,641.81,1582.04,1400.88,14.62,21.61,553.93,2388.01,9057.02,1.3,47.16,522.71,2387.99,8141.34,8.3976,0.03,391,2388,100.0,38.96,23.4,239
46,18,0.0022,-0.0001,100.0,518.67,642.48,1577.11,1406.51,14.62,21.61,555.06,2388.06,9062.05,1.3,47.3,522.61,2388.03,8139.89,8.3903,0.03,392,2388,100.0,38.8,23.3161,238
46,19,-0.0033,0.0001,100.0,518.67,642.22,1586.32,1399.89,14.62,21.61,553.74,2387.96,9058.52,1.3,47.14,522.21,2388.06,8141.78,8.3757,0.03,392,2388,100.0,39.08,23.5207,237
46,20,0.0026,0.0002,100.0,518.67,641.98,1578.05,1396.41,14.62,21.61,554.42,2388.0,9056.82,1.3,47.23,522.31,2387.99,8140.56,8.3636,0.03,393,2388,100.0,39.04,23.4623,236
46,21,-0.0011,-0.0001,100.0,518.67,641.66,1593.58,1400.84,14.62,21.61,554.67,2388.05,9054.32,1.3,47.22,522.15,2387.99,8140.16,8.4179,0.03,393,2388,100.0,38.84,23.4118,235
46,22,-0.0024,0.0002,100.0,518.67,642.2,1589.03,1396.03,14.62,21.6,554.97,2388.02,9057.12,1.3,47.12,522.42,2388.02,8134.46,8.4078,0.03,393,2388,100.0,38.96,23.4641,234
46,23,-0.0008,0.0002,100.0,518.67,642.09,1577.46,1393.88,14.62,21.61,554.33,2387.97,9054.54,1.3,47.13,522.87,2388.01,8142.43,8.4198,0.03,391,2388,100.0,38.89,23.4135,233
46,24,0.0006,0.0004,100.0,518.67,641.54,1586.69,1406.26,14.62,21.61,554.31,2388.03,9051.35,1.3,47.26,522.39,2388.01,8148.63,8.3962,0.03,393,2388,100.0,38.87,23.4752,232
46,25,0.0013,0.0002,100.0,518.67,641.9,1583.38,1399.16,14.62,21.61,554.18,2388.02,9058.81,1.3,47.36,522.76,2387.94,8147.42,8.372,0.03,393,2388,100.0,39.15,23.5212,231
46,26,0.0028,0.0,100.0,518.67,642.09,1581.7,1397.53,14.62,21.6,554.09,2388.04,9052.05,1.3,47.25,522.51,2388.04,8141.89,8.3991,0.03,392,2388,100.0,39.02,23.3939,230
46,27,0.0004,-0.0001,100.0,518.67,642.75,1582.76,1395.56,14.62,21.61,554.84,2388.06,9059.07,1.3,47.21,522.36,2388.02,8141.68,8.4032,0.03,390,2388,100.0,38.9,23.4244,229
46,28,-0.0044,0.0004,100.0,518.67,641.25,1584.57,1400.69,14.62,21.61,554.85,2387.98,9059.0,1.3,47.13,522.55,2388.06,8142.12,8.3893,0.03,392,2388,100.0,39.11,23.4039,228
46,29,0.0009,-0.0,100.0,518.67,642.19,1577.07,1398.68,14.62,21.61,554.35,2388.02,9059.82,1.3,47.13,521.76,2388.03,8144.92,8.4077,0.03,392,2388,100.0,39.13,23.485,227
46,30,0.0038,0.0003,100.0,518.67,642.33,1578.99,1397.7,14.62,21.61,554.34,2388.01,9058.95,1.3,47.16,522.36,2388.0,8141.86,8.406,0.03,392,2388,100.0,39.14,23.4362,226
46,31,0.002,-0.0005,100.0,518.67,642.35,1586.94,1396.89,14.62,21.6,554.66,2388.02,9058.14,1.3,47.05,522.3,2388.04,8134.38,8.3797,0.03,392,2388,100.0,39.16,23.3133,225
46,32,-0.0031,-0.0003,100.0,518.67,641.39,1584.24,1403.01,14.62,21.61,554.53,2388.02,9056.41,1.3,47.14,522.52,2388.02,8148.08,8.4222,0.03,392,2388,100.0,39.08,23.3657,224
46,33,0.0035,-0.0,100.0,518.67,642.32,1586.57,1400.78,14.62,21.61,554.86,2387.99,9055.39,1.3,47.26,522.41,2387.98,8140.48,8.3948,0.03,391,2388,100.0,39.04,23.3739,223
46,34,0.0022,-0.0001,100.0,518.67,642.28,1584.32,1390.82,14.62,21.61,554.62,2387.98,9060.24,1.3,47.16,522.34,2388.03,8138.73,8.378,0.03,391,2388,100.0,39.03,23.3771,222
46,35,-0.0,-0.0002,100.0,518.67,641.91,1585.18,1396.24,14.62,21.61,554.76,2387.98,9064.02,1.3,47.21,522.72,2388.06,8138.38,8.4236,0.03,392,2388,100.0,39.16,23.4367,221
46,36,0.0023,-0.0004,100.0,518.67,642.14,1582.79,1398.65,14.62,21.61,554.65,2388.01,9060.26,1.3,47.37,522.28,2387.99,8136.86,8.4049,0.03,391,2388,100.0,38.96,23.4498,220
46,37,0.0001,0.0003,100.0,518.67,642.44,1589.08,1399.04,14.62,21.61,554.37,2387.97,9064.85,1.3,47.13,522.39,2388.04,8139.44,8.3863,0.03,391,2388,100.0,39.14,23.4994,219
46,38,0.0033,0.0,100.0,518.67,641.8,1592.73,1398.42,14.62,21.61,554.09,2387.99,9064.66,1.3,47.11,522.35,2388.01,8145.08,8.4093,0.03,391,2388,100.0,39.01,23.361,218
46,39,-0.0001,-0.0003,100.0,518.67,642.51,1587.55,1400.02,14.62,21.61,553.54,2388.0,9059.85,1.3,47.16,522.85,2388.02,8142.67,8.3806,0.03,392,2388,100.0,38.95,23.4235,217
46,40,-0.0008,0.0,100.0,518.67,642.26,1582.52,1402.52,14.62,21.61,554.6,2388.01,9052.98,1.3,47.13,522.81,2387.97,8137.32,8.4034,0.03,392,2388,100.0,39.0,23.4005,216
46,41,0.0004,-0.0001,100.0,518.67,642.06,1586.78,1402.66,14.62,21.61,553.82,2388.04,9055.5,1.3,47.19,522.0,2387.99,8132.46,8.4117,0.03,392,2388,100.0,39.11,23.437,215
46,42,-0.0007,-0.0001,100.0,518.67,642.58,1580.61,1402.43,14.62,21.61,555.52,2388.04,9057.95,1.3,47.14,522.59,2388.01,8136.29,8.4056,0.03,391,2388,100.0,38.95,23.3629,214
46,43,0.0003,0.0003,100.0,518.67,641.91,1587.01,1398.94,14.62,21.61,554.43,2388.03,9054.4,1.3,47.17,522.04,2388.0,8137.39,8.4038,0.03,390,2388,100.0,39.17,23.5208,213
46,44,0.0001,-0.0005,100.0,518.67,642.1,1585.31,1400.49,14.62,21.61,554.9,2387.98,9061.58,1.3,47.44,522.32,2388.04,8137.85,8.3807,0.03,391,2388,100.0,38.85,23.427,212
46,45,-0.0032,0.0004,100.0,518.67,642.03,1582.99,1397.49,14.62,21.61,554.82,2388.0,9056.6,1.3,47.16,522.39,2387.95,8142.3,8.3736,0.03,392,2388,100.0,39.03,23.4351,211
46,46,0.0013,0.0004,100.0,518.67,642.31,1585.1,1403.21,14.62,21.61,553.85,2388.04,9058.95,1.3,47.13,521.72,2388.05,8140.63,8.3888,0.03,390,2388,100.0,39.2,23.4145,210
46,47,-0.0017,0.0002,100.0,518.67,642.1,1587.82,1394.22,14.62,21.61,554.52,2388.04,9054.49,1.3,47.2,522.36,2388.04,8140.56,8.4278,0.03,393,2388,100.0,38.95,23.4633,209
46,48,-0.0005,0.0005,100.0,518.67,641.72,1586.79,1396.17,14.62,21.61,554.18,2388.08,9058.78,1.3,47.24,522.43,2388.02,8140.86,8.4034,0.03,391,2388,100.0,39.08,23.505,208
46,49,0.0028,-0.0002,100.0,518.67,642.19,1584.21,1402.59,14.62,21.61,554.75,2388.06,9061.49,1.3,47.24,522.66,2387.98,8142.27,8.4296,0.03,393,2388,100.0,38.94,23.4069,207
46,50,-0.0017,0.0003,100.0,518.67,641.88,1583.42,1399.0,14.62,21.61,554.32,2388.01,9061.67,1.3,47.34,521.85,2388.0,8142.49,8.4445,0.03,390,2388,100.0,38.99,23.3023,206
46,51,0.0022,-0.0003,100.0,518.67,642.52,1585.09,1397.22,14.62,21.61,555.13,2388.0,9061.15,1.3,47.2,522.15,2388.0,8139.46,8.428,0.03,392,2388,100.0,39.12,23.4149,205
46,52,0.0035,-0.0,100.0,518.67,641.98,1584.31,1402.92,14.62,21.61,554.59,2388.01,9056.88,1.3,47.26,522.22,2388.0,8140.83,8.3764,0.03,392,2388,100.0,39.1,23.4191,204
46,53,0.0028,-0.0,100.0,518.67,641.49,1586.15,1393.6,14.62,21.61,554.33,2388.04,9056.28,1.3,47.31,521.84,2387.95,8136.91,8.4132,0.03,391,2388,100.0,39.1,23.3947,203
46,54,-0.0004,0.0004,100.0,518.67,641.79,1585.71,1403.39,14.62,21.61,554.83,2388.03,9073.82,1.3,47.19,521.58,2388.03,8146.28,8.4257,0.03,391,2388,100.0,38.91,23.3755,202
46,55,-0.0029,0.0005,100.0,518.67,641.58,1587.89,1399.69,14.62,21.61,554.8,2388.01,9061.45,1.3,47.28,522.08,2388.01,8139.52,8.3781,0.03,391,2388,100.0,39.03,23.3852,201
46,56,-0.0001,-0.0004,100.0,518.67,641.85,1583.58,1392.32,14.62,21.61,553.72,2387.96,9058.45,1.3,47.34,522.27,2388.01,8140.97,8.4136,0.03,391,2388,100.0,38.87,23.4338,200
46,57,0.0022,0.0005,100.0,518.67,641.39,1577.48,1396.11,14.62,21.61,554.91,2387.98,9064.05,1.3,47.19,522.65,2387.98,8144.0,8.4312,0.03,392,2388,100.0,38.98,23.3452,199
46,58,-0.0003,-0.0001,100.0,518.67,641.87,1587.2,1394.52,14.62,21.61,554.1,2388.02,9058.52,1.3,47.01,522.56,2387.97,8136.39,8.3996,0.03,392,2388,100.0,39.05,23.3554,198
46,59,-0.0003,-0.0002,100.0,518.67,642.26,1593.24,1398.98,14.62,21.61,554.62,2388.05,9059.68,1.3,47.15,522.69,2388.01,8142.08,8.3855,0.03,393,2388,100.0,39.04,23.4432,197
46,60,0.0003,0.0004,100.0,518.67,642.27,1591.28,1394.38,14.62,21.61,553.38,2388.0,9054.93,1.3,47.22,522.68,2388.05,8142.65,8.3936,0.03,391,2388,100.0,38.95,23.5082,196
46,61,0.0022,0.0001,100.0,518.67,642.06,1575.38,1396.3,14.62,21.61,554.02,2388.07,9063.35,1.3,47.33,522.21,2387.99,8143.37,8.3987,0.03,392,2388,100.0,39.08,23.3564,195
46,62,-0.0015,-0.0001,100.0,518.67,642.55,1583.99,1396.19,14.62,21.61,554.93,2388.03,9059.58,1.3,47.26,522.2,2388.02,8149.48,8.3672,0.03,392,2388,100.0,39.21,23.4079,194
46,63,-0.0016,0.0004,100.0,518.67,641.74,1588.73,1397.2,14.62,21.61,554.92,2387.98,9060.93,1.3,47.17,522.71,2388.03,8141.73,8.3875,0.03,392,2388,100.0,38.93,23.4825,193
46,64,-0.007,-0.0005,100.0,518.67,642.02,1579.38,1393.84,14.62,21.61,554.16,2388.02,9063.85,1.3,47.17,522.65,2387.99,8136.95,8.4214,0.03,389,2388,100.0,39.15,23.4313,192
46,65,0.0023,0.0003,100.0,518.67,642.41,1580.93,1403.07,14.62,21.61,553.97,2388.05,9060.5,1.3,47.06,522.56,2388.02,8141.47,8.431,0.03,391,2388,100.0,38.92,23.4221,191
46,66,0.0015,0.0001,100.0,518.67,642.06,1582.64,1397.46,14.62,21.61,554.29,2388.04,9066.32,1.3,47.29,521.91,2388.01,8143.12,8.3816,0.03,391,2388,100.0,39.06,23.3565,190
46,67,0.0006,-0.0005,100.0,518.67,642.16,1586.12,1407.56,14.62,21.61,553.55,2388.05,9049.32,1.3,47.33,522.53,2388.01,8139.79,8.4051,0.03,392,2388,100.0,38.99,23.4361,189
46,68,0.0013,-0.0003,100.0,518.67,642.06,1581.71,1395.15,14.62,21.61,554.45,2388.06,9060.4,1.3,47.19,522.19,2387.95,8144.48,8.3639,0.03,390,2388,100.0,38.99,23.4764,188
46,69,-0.0004,0.0003,100.0,518.67,641.88,1581.09,1395.81,14.62,21.61,554.3,2388.04,9059.13,1.3,47.33,522.18,2388.04,8144.02,8.4124,0.03,391,2388,100.0,38.83,23.4367,187
46,70,-0.0008,0.0,100.0,518.67,642.03,1596.28,1400.05,14.62,21.61,554.94,2388.01,9057.66,1.3,46.99,522.8,2387.96,8140.13,8.4089,0.03,392,2388,100.0,39.0,23.3993,186
46,71,0.0001,-0.0001,100.0,518.67,642.22,1579.76,1399.9,14.62,21.61,554.91,2388.04,9057.89,1.3,47.3,522.08,2388.02,8142.88,8.4163,0.03,392,2388,100.0,38.91,23.3726,185
46,72,-0.0002,-0.0003,100.0,518.67,642.15,1589.85,1398.18,14.62,21.61,554.79,2387.98,9056.23,1.3,47.37,521.97,2387.98,8136.08,8.393,0.03,391,2388,100.0,38.86,23.3318,184
46,73,-0.0016,0.0003,100.0,518.67,642.67,1587.78,1406.88,14.62,21.61,554.82,2387.98,9065.99,1.3,47.12,522.3,2388.08,8144.54,8.4226,0.03,392,2388,100.0,38.97,23.4898,183
46,74,-0.0013,0.0004,100.0,518.67,641.8,1588.06,1408.11,14.62,21.61,553.81,2388.02,9053.02,1.3,47.04,521.83,2387.99,8142.38,8.3945,0.03,393,2388,100.0,39.01,23.2357,182
46,75,-0.0003,0.0004,100.0,518.67,642.34,1586.19,1403.82,14.62,21.6,554.8,2388.02,9062.57,1.3,47.07,522.05,2387.99,8140.39,8.3922,0.03,391,2388,100.0,38.89,23.5176,181
46,76,-0.0043,-0.0001,100.0,518.67,642.15,1583.52,1399.72,14.62,21.61,554.94,2387.98,9054.07,1.3,47.05,522.4,2388.01,8142.05,8.4117,0.03,391,2388,100.0,38.91,23.4025,180
46,77,-0.0017,-0.0001,100.0,518.67,642.25,1583.0,1396.77,14.62,21.61,554.76,2388.0,9058.98,1.3,47.31,522.06,2388.0,8141.0,8.3493,0.03,393,2388,100.0,39.04,23.4126,179
46,78,-0.0017,0.0,100.0,518.67,642.34,1582.61,1396.5,14.62,21.61,555.11,2387.99,9056.35,1.3,47.23,522.13,2388.04,8144.3,8.3787,0.03,391,2388,100.0,39.07,23.441,178
46,79,0.0013,-0.0004,100.0,518.67,642.56,1586.46,1399.42,14.62,21.61,554.8,2388.02,9058.01,1.3,47.28,522.3,2388.06,8143.03,8.3866,0.03,392,2388,100.0,38.78,23.4919,177
46,80,-0.0063,0.0001,100.0,518.67,642.28,1584.89,1396.54,14.62,21.6,554.02,2388.06,9057.38,1.3,47.25,522.26,2387.98,8139.3,8.4097,0.03,392,2388,100.0,39.02,23.4484,176
46,81,0.0026,-0.0004,100.0,518.67,642.45,1583.75,1407.25,14.62,21.61,554.8,2388.07,9056.13,1.3,47.16,522.53,2388.05,8134.27,8.4213,0.03,392,2388,100.0,39.03,23.3395,175
46,82,0.0018,0.0001,100.0,518.67,641.85,1578.57,1401.64,14.62,21.61,554.67,2388.03,9061.87,1.3,47.26,522.48,2388.02,8142.83,8.4054,0.03,392,2388,100.0,38.9,23.4499,174
46,83,0.0015,-0.0,100.0,518.67,642.81,1585.51,1402.18,14.62,21.61,554.29,2388.05,9061.75,1.3,47.33,522.36,2387.99,8137.87,8.394,0.03,392,2388,100.0,39.07,23.3118,173
46,84,-0.0021,-0.0005,100.0,518.67,642.56,1586.77,1397.6,14.62,21.6,553.89,2388.0,9055.0,1.3,47.39,521.86,2388.03,8146.31,8.4105,0.03,390,2388,100.0,39.1,23.297,172
46,85,-0.0011,-0.0004,100.0,518.67,642.2,1583.17,1401.49,14.62,21.61,554.56,2387.97,9053.83,1.3,47.15,522.14,2388.03,8144.18,8.3803,0.03,392,2388,100.0,39.02,23.4152,171
46,86,0.0013,-0.0002,100.0,518.67,642.01,1585.1,1401.22,14.62,21.61,553.9,2387.99,9061.72,1.3,47.13,522.1,2388.01,8139.78,8.3626,0.03,393,2388,100.0,38.9,23.3292,170
46,87,0.0021,-0.0003,100.0,518.67,642.09,1577.48,1397.32,14.62,21.61,554.08,2388.01,9067.01,1.3,47.14,522.21,2388.03,8142.67,8.4056,0.03,390,2388,100.0,39.0,23.2666,169
46,88,-0.0059,0.0002,100.0,518.67,642.17,1584.29,1402.9,14.62,21.61,554.49,2387.99,9059.92,1.3,47.09,522.31,2387.99,8141.52,8.4446,0.03,392,2388,100.0,39.04,23.4295,168
46,89,0.0008,0.0002,100.0,518.67,641.94,1585.92,1400.32,14.62,21.61,554.48,2388.02,9057.27,1.3,47.25,522.03,2388.04,8143.38,8.3874,0.03,391,2388,100.0,38.96,23.418,167
46,90,-0.0006,0.0002,100.0,518.67,642.26,1583.33,1397.15,14.62,21.61,554.9,2388.0,9058.08,1.3,47.32,522.06,2388.0,8138.33,8.4117,0.03,392,2388,100.0,38.98,23.4245,166
46,91,-0.0013,0.0005,100.0,518.67,642.2,1582.65,1395.06,14.62,21.61,554.31,2387.99,9059.8,1.3,47.28,521.61,2388.07,8137.13,8.4373,0.03,392,2388,100.0,38.96,23.3558,165
46,92,0.0028,0.0003,100.0,518.67,642.17,1586.37,1391.34,14.62,21.61,553.51,2387.96,9057.2,1.3,47.33,522.18,2388.02,8139.71,8.4096,0.03,393,2388,100.0,38.89,23.4494,164
46,93,-0.0005,-0.0,100.0,518.67,641.77,1583.12,1399.69,14.62,21.6,554.0,2388.01,9054.91,1.3,47.21,522.18,2388.04,8140.76,8.4084,0.03,392,2388,100.0,38.83,23.3974,163
46,94,0.0015,-0.0,100.0,518.67,641.63,1582.07,1399.85,14.62,21.61,554.06,2388.02,9059.23,1.3,47.49,522.11,2388.04,8139.96,8.3899,0.03,392,2388,100.0,39.04,23.3005,162
46,95,-0.0023,0.0005,100.0,518.67,641.95,1589.76,1391.34,14.62,21.61,554.28,2388.0,9054.98,1.3,47.12,522.44,2388.03,8140.47,8.392,0.03,392,2388,100.0,38.95,23.4605,161
46,96,0.0001,-0.0005,100.0,518.67,642.35,1584.95,1395.81,14.62,21.6,553.89,2388.04,9060.66,1.3,47.38,522.3,2387.96,8140.81,8.4068,0.03,390,2388,100.0,38.98,23.4058,160
46,97,0.001,0.0002,100.0,518.67,642.25,1589.59,1400.53,14.62,21.61,554.61,2388.01,9049.64,1.3,47.13,521.88,2388.05,8141.08,8.3642,0.03,393,2388,100.0,39.0,23.3348,159
46,98,0.0005,-0.0001,100.0,518.67,642.45,1582.07,1401.72,14.62,21.61,554.1,2388.06,9058.6,1.3,47.36,522.27,2387.98,8141.34,8.3901,0.03,391,2388,100.0,38.95,23.3921,158
46,99,-0.002,0.0004,100.0,518.67,642.12,1583.66,1395.97,14.62,21.61,554.2,2388.08,9058.63,1.3,47.29,522.17,2388.05,8140.95,8.4466,0.03,391,2388,100.0,39.02,23.4395,157
46,100,0.0016,0.0003,100.0,518.67,642.09,1589.3,1400.26,14.62,21.61,554.1,2388.0,9057.93,1.3,47.26,522.32,2388.05,8145.34,8.3898,0.03,392,2388,100.0,39.05,23.4893,156
46,101,-0.0015,0.0002,100.0,518.67,642.25,1584.69,1402.98,14.62,21.61,554.96,2387.98,9064.03,1.3,47.31,521.59,2388.01,8138.27,8.4166,0.03,391,2388,100.0,39.01,23.402,155
46,102,-0.0017,0.0002,100.0,518.67,642.14,1589.9,1401.17,14.62,21.61,554.7,2388.03,9054.08,1.3,47.24,522.66,2388.02,8139.34,8.3912,0.03,391,2388,100.0,39.15,23.3576,154
46,103,0.0015,0.0004,100.0,518.67,642.31,1589.09,1399.28,14.62,21.61,554.16,2388.01,9055.95,1.3,47.31,521.75,2388.03,8136.66,8.4073,0.03,392,2388,100.0,39.11,23.415,153
46,104,-0.0005,0.0003,100.0,518.67,642.33,1586.11,1398.41,14.62,21.61,554.85,2388.02,9060.42,1.3,47.22,521.69,2388.02,8141.37,8.3629,0.03,391,2388,100.0,39.18,23.3154,152
46,105,-0.0013,0.0004,100.0,518.67,642.06,1581.5,1403.97,14.62,21.61,553.93,2388.08,9060.87,1.3,47.15,521.6,2388.01,8142.52,8.4275,0.03,391,2388,100.0,39.0,23.3966,151
46,106,0.0021,-0.0003,100.0,518.67,642.56,1588.31,1404.25,14.62,21.61,554.16,2388.05,9055.11,1.3,47.43,521.92,2388.01,8140.16,8.4221,0.03,392,2388,100.0,38.9,23.4498,150
46,107,0.0018,-0.0001,100.0,518.67,642.09,1585.39,1403.38,14.62,21.61,554.71,2388.06,9057.05,1.3,47.25,521.87,2388.02,8139.85,8.4037,0.03,392,2388,100.0,38.8,23.322,149
46,108,0.0011,-0.0003,100.0,518.67,642.3,1584.56,1396.58,14.62,21.61,554.3,2388.03,9065.47,1.3,47.34,522.47,2388.1,8145.32,8.4204,0.03,393,2388,100.0,39.15,23.4501,148
46,109,-0.0039,0.0005,100.0,518.67,642.17,1584.41,1402.55,14.62,21.61,554.12,2388.06,9056.69,1.3,47.47,522.06,2388.1,8143.94,8.4433,0.03,390,2388,100.0,39.0,23.3571,147
46,110,0.0031,-0.0005,100.0,518.67,642.03,1589.15,1406.25,14.62,21.61,554.23,2388.02,9068.88,1.3,47.13,522.0,2388.04,8141.25,8.3737,0.03,393,2388,100.0,38.85,23.3725,146
46,111,-0.0002,0.0001,100.0,518.67,641.86,1578.0,1409.16,14.62,21.61,554.85,2388.03,9055.15,1.3,47.08,522.17,2388.09,8143.54,8.3892,0.03,394,2388,100.0,39.17,23.3686,145
46,112,0.0012,0.0002,100.0,518.67,642.11,1588.49,1405.23,14.62,21.61,553.52,2388.04,9052.49,1.3,47.32,522.33,2388.03,8141.14,8.4228,0.03,392,2388,100.0,38.85,23.3221,144
46,113,0.001,-0.0004,100.0,518.67,642.87,1579.88,1398.14,14.62,21.61,554.22,2388.01,9062.32,1.3,47.45,522.31,2387.99,8139.62,8.405,0.03,391,2388,100.0,38.97,23.4215,143
46,114,0.0018,0.0001,100.0,518.67,642.41,1584.35,1403.2,14.62,21.61,554.18,2388.03,9057.24,1.3,47.26,522.21,2388.01,8142.93,8.4067,0.03,392,2388,100.0,38.99,23.4489,142
46,115,-0.0008,-0.0002,100.0,518.67,642.06,1580.11,1396.37,14.62,21.61,553.86,2388.06,9051.95,1.3,47.46,521.87,2388.03,8137.15,8.4094,0.03,392,2388,100.0,38.67,23.4419,141
46,116,0.002,-0.0003,100.0,518.67,642.12,1576.85,1396.1,14.62,21.61,554.75,2388.04,9057.68,1.3,47.28,521.71,2388.11,8143.14,8.4316,0.03,392,2388,100.0,38.93,23.3224,140
46,117,0.002,-0.0001,100.0,518.67,641.61,1590.28,1399.41,14.62,21.61,553.77,2388.04,9056.82,1.3,47.38,521.64,2388.03,8138.28,8.4092,0.03,392,2388,100.0,38.9,23.4433,139
46,118,0.004,-0.0005,100.0,518.67,642.82,1585.61,1403.76,14.62,21.61,553.71,2388.05,9060.45,1.3,47.27,522.19,2387.98,8144.58,8.4099,0.03,394,2388,100.0,38.94,23.237,138
46,119,0.0022,-0.0004,100.0,518.67,642.36,1580.69,1403.84,14.62,21.61,553.26,2388.0,9056.51,1.3,47.39,522.01,2388.07,8138.85,8.406,0.03,392,2388,100.0,38.84,23.3283,137
46,120,0.0037,-0.0002,100.0,518.67,642.22,1589.39,1402.52,14.62,21.61,553.91,2388.03,9057.94,1.3,47.36,522.14,2388.05,8142.0,8.4207,0.03,391,2388,100.0,38.97,23.3124,136
46,121,-0.0043,0.0001,100.0,518.67,643.06,1588.51,1403.22,14.62,21.61,553.87,2388.01,9063.61,1.3,47.28,522.07,2388.02,8141.2,8.41,0.03,395,2388,100.0,39.17,23.4114,135
46,122,0.0021,-0.0004,100.0,518.67,642.32,1590.31,1402.71,14.62,21.61,554.02,2388.05,9059.45,1.3,47.29,521.58,2388.07,8139.26,8.411,0.03,393,2388,100.0,39.03,23.3797,134
46,123,-0.001,-0.0005,100.0,518.67,642.24,1585.83,1404.42,14.62,21.61,553.66,2388.05,9060.72,1.3,47.41,522.22,2388.07,8136.81,8.4331,0.03,392,2388,100.0,38.92,23.3296,133
46,124,-0.0013,0.0003,100.0,518.67,642.34,1591.26,1397.0,14.62,21.61,554.4,2388.07,9061.42,1.3,47.3,522.16,2388.05,8139.73,8.4279,0.03,390,2388,100.0,38.85,23.3832,132
46,125,-0.002,0.0005,100.0,518.67,642.07,1585.72,1397.6,14.62,21.61,554.1,2388.09,9066.73,1.3,47.17,521.69,2388.07,8138.63,8.4307,0.03,391,2388,100.0,39.11,23.2527,131
46,126,-0.0009,0.0001,100.0,518.67,642.47,1584.82,1401.24,14.62,21.61,554.05,2388.07,9059.63,1.3,47.34,522.22,2388.01,8142.74,8.3877,0.03,393,2388,100.0,38.85,23.3214,130
46,127,-0.0014,-0.0002,100.0,518.67,642.57,1576.26,1398.11,14.62,21.61,553.99,2388.05,9054.58,1.3,47.17,522.28,2388.01,8139.11,8.4641,0.03,392,2388,100.0,39.08,23.3481,129
46,128,0.0029,0.0,100.0,518.67,642.07,1591.44,1401.05,14.62,21.61,554.47,2388.02,9060.23,1.3,47.29,522.12,2388.01,8138.25,8.4186,0.03,391,2388,100.0,38.83,23.3598,128
46,129,-0.0008,-0.0003,100.0,518.67,642.06,1588.78,1401.19,14.62,21.61,554.45,2388.08,9061.19,1.3,47.22,521.17,2388.05,8143.35,8.434,0.03,391,2388,100.0,38.85,23.402,127
46,130,0.0033,-0.0002,100.0,518.67,642.12,1585.19,1401.71,14.62,21.61,553.65,2388.04,9059.13,1.3,47.29,521.91,2388.04,8137.32,8.3919,0.03,393,2388,100.0,39.04,23.212,126
46,131,0.0025,0.0001,100.0,518.67,642.65,1590.0,1402.75,14.62,21.61,553.69,2388.02,9058.74,1.3,47.35,522.09,2388.0,8142.95,8.3925,0.03,391,2388,100.0,38.99,23.4089,125
46,132,-0.0011,-0.0004,100.0,518.67,642.36,1593.0,1399.16,14.62,21.61,554.46,2388.09,9058.48,1.3,47.26,521.69,2388.06,8134.18,8.3925,0.03,393,2388,100.0,38.81,23.3511,124
46,133,0.003,0.0,100.0,518.67,642.32,1587.8,1402.53,14.62,21.61,553.85,2387.98,9055.74,1.3,47.29,522.34,2388.02,8142.07,8.418,0.03,392,2388,100.0,38.94,23.2599,123
46,134,-0.0028,0.0004,100.0,518.67,642.48,1584.94,1397.17,14.62,21.61,554.17,2388.1,9060.95,1.3,47.31,521.79,2388.03,8138.41,8.391,0.03,393,2388,100.0,38.77,23.4341,122
46,135,-0.0042,0.0005,100.0,518.67,642.46,1581.75,1400.67,14.62,21.61,553.71,2388.05,9062.22,1.3,47.29,522.29,2388.07,8146.17,8.3862,0.03,392,2388,100.0,38.95,23.3298,121
46,136,0.0004,0.0004,100.0,518.67,642.74,1589.92,1398.29,14.62,21.61,554.14,2388.0,9059.0,1.3,47.3,521.68,2388.06,8138.26,8.3827,0.03,392,2388,100.0,39.03,23.3075,120
46,137,-0.0018,0.0003,100.0,518.67,642.35,1584.34,1394.91,14.62,21.61,553.77,2388.01,9061.74,1.3,47.34,521.95,2388.01,8136.68,8.4261,0.03,392,2388,100.0,38.86,23.3635,119
46,138,-0.0012,-0.0002,100.0,518.67,642.21,1581.99,1399.29,14.62,21.61,554.22,2388.01,9053.81,1.3,47.41,521.78,2388.08,8144.75,8.4179,0.03,394,2388,100.0,39.11,23.4079,118
46,139,-0.0029,0.0004,100.0,518.67,642.23,1578.2,1398.9,14.62,21.61,554.38,2388.03,9057.99,1.3,47.35,522.26,2388.07,8143.31,8.4434,0.03,392,2388,100.0,38.95,23.358,117
46,140,-0.001,-0.0005,100.0,518.67,642.49,1585.37,1402.27,14.62,21.61,554.1,2388.08,9063.03,1.3,47.43,521.92,2387.99,8138.68,8.3996,0.03,391,2388,100.0,38.89,23.4183,116
46,141,0.0039,0.0004,100.0,518.67,642.32,1588.41,1399.21,14.62,21.61,553.86,2388.11,9057.14,1.3,47.39,521.65,2388.08,8138.24,8.4176,0.03,392,2388,100.0,39.06,23.4283,115
46,142,-0.0011,-0.0002,100.0,518.67,642.58,1597.06,1404.14,14.62,21.61,554.62,2388.05,9065.38,1.3,47.29,522.17,2388.05,8141.83,8.4413,0.03,393,2388,100.0,39.0,23.3789,114
46,143,-0.0017,-0.0005,100.0,518.67,642.42,1576.86,1410.27,14.62,21.61,554.41,2388.03,9055.04,1.3,47.32,521.98,2388.03,8139.21,8.4076,0.03,391,2388,100.0,38.99,23.306,113
46,144,-0.0039,-0.0004,100.0,518.67,642.39,1585.54,1398.11,14.62,21.61,554.08,2388.0,9061.27,1.3,47.32,521.82,2388.03,8141.47,8.4529,0.03,392,2388,100.0,38.91,23.3589,112
46,145,0.0012,-0.0001,100.0,518.67,642.41,1583.38,1402.98,14.62,21.61,553.37,2388.06,9056.31,1.3,47.5,522.48,2388.04,8138.55,8.422,0.03,394,2388,100.0,38.9,23.2635,111
46,146,-0.0001,-0.0003,100.0,518.67,642.87,1585.59,1400.02,14.62,21.61,553.48,2388.06,9051.09,1.3,47.17,521.65,2388.02,8133.43,8.4148,0.03,393,2388,100.0,38.92,23.2654,110
46,147,-0.0007,0.0005,100.0,518.67,642.63,1587.11,1400.17,14.62,21.61,553.61,2388.1,9062.11,1.3,47.49,521.81,2388.06,8143.02,8.4295,0.03,392,2388,100.0,38.88,23.367,109
46,148,-0.0019,-0.0001,100.0,518.67,641.98,1586.2,1391.66,14.62,21.61,553.69,2388.08,9063.75,1.3,47.41,522.39,2388.08,8145.36,8.4126,0.03,393,2388,100.0,39.02,23.3815,108
46,149,0.001,0.0,100.0,518.67,642.27,1599.0,1407.4,14.62,21.61,553.13,2388.08,9062.18,1.3,47.2,521.73,2388.06,8138.8,8.44,0.03,393,2388,100.0,39.0,23.4244,107
46,150,0.0007,0.0,100.0,518.67,642.53,1588.86,1405.9,14.62,21.61,554.48,2388.06,9056.77,1.3,47.61,521.88,2388.03,8142.17,8.3967,0.03,393,2388,100.0,38.94,23.4362,106
46,151,0.0016,-0.0005,100.0,518.67,642.59,1591.88,1399.71,14.62,21.61,554.14,2388.05,9056.38,1.3,47.37,521.32,2388.08,8141.19,8.4208,0.03,391,2388,100.0,38.9,23.3098,105
46,152,0.0004,-0.0005,100.0,518.67,642.19,1589.74,1406.12,14.62,21.61,553.91,2388.06,9063.32,1.3,47.62,521.34,2388.08,8136.47,8.4533,0.03,392,2388,100.0,38.85,23.3182,104
46,153,-0.0033,-0.0004,100.0,518.67,642.38,1592.88,1398.14,14.62,21.61,553.5,2388.04,9059.76,1.3,47.58,522.04,2388.09,8140.67,8.3802,0.03,392,2388,100.0,39.06,23.3956,103
46,154,0.002,0.0002,100.0,518.67,642.44,1581.87,1402.48,14.62,21.61,554.15,2388.1,9063.87,1.3,47.44,521.8,2388.09,8138.97,8.4453,0.03,393,2388,100.0,38.89,23.4027,102
46,155,0.0013,0.0002,100.0,518.67,642.82,1584.59,1407.71,14.62,21.61,553.29,2388.1,9053.83,1.3,47.47,522.04,2388.13,8135.05,8.4148,0.03,393,2388,100.0,38.74,23.3113,101
46,156,-0.0005,0.0002,100.0,518.67,642.15,1582.61,1406.28,14.62,21.61,553.43,2388.07,9061.27,1.3,47.28,521.65,2388.11,8139.34,8.4433,0.03,393,2388,100.0,38.95,23.4514,100
46,157,0.0033,-0.0002,100.0,518.67,642.41,1585.54,1408.52,14.62,21.61,553.75,2388.06,9055.99,1.3,47.41,521.78,2388.09,8133.51,8.4057,0.03,393,2388,100.0,38.98,23.3122,99
46,158,-0.0051,0.0004,100.0,518.67,642.65,1584.83,1398.19,14.62,21.61,553.94,2388.04,9054.0,1.3,47.54,521.43,2388.07,8139.3,8.4519,0.03,391,2388,100.0,38.83,23.2787,98
46,159,-0.0008,0.0002,100.0,518.67,642.45,1584.8,1406.27,14.62,21.61,554.21,2388.02,9066.24,1.3,47.45,521.65,2388.04,8137.58,8.3813,0.03,392,2388,100.0,38.75,23.4059,97
46,160,-0.0021,0.0004,100.0,518.67,642.22,1590.53,1404.36,14.62,21.61,553.72,2388.05,9055.21,1.3,47.4,521.66,2388.04,8136.15,8.4205,0.03,393,2388,100.0,38.81,23.328,96
46,161,0.0,0.0003,100.0,518.67,642.21,1589.13,1409.91,14.62,21.61,553.9,2388.09,9053.11,1.3,47.46,522.15,2388.06,8137.15,8.4161,0.03,392,2388,100.0,38.8,23.331,95
46,162,0.003,0.0001,100.0,518.67,642.35,1584.18,1403.82,14.62,21.61,553.33,2388.09,9059.61,1.3,47.55,522.0,2388.05,8140.09,8.4127,0.03,393,2388,100.0,38.86,23.3498,94
46,163,-0.002,-0.0004,100.0,518.67,642.54,1591.17,1403.75,14.62,21.61,553.44,2388.06,9058.78,1.3,47.35,521.96,2388.09,8139.77,8.4454,0.03,394,2388,100.0,39.01,23.3471,93
46,164,0.0001,-0.0005,100.0,518.67,642.51,1592.86,1406.39,14.62,21.61,553.92,2388.08,9064.28,1.3,47.27,521.76,2388.13,8141.84,8.4037,0.03,394,2388,100.0,38.84,23.3656,92
46,165,-0.0026,-0.0002,100.0,518.67,641.79,1591.36,1406.71,14.62,21.61,553.8,2388.05,9060.84,1.3,47.54,521.49,2388.11,8145.36,8.4254,0.03,393,2388,100.0,38.87,23.3645,91
46,166,-0.0026,0.0,100.0,518.67,642.28,1589.3,1413.01,14.62,21.61,553.64,2388.07,9060.18,1.3,47.49,521.6,2388.11,8144.62,8.4128,0.03,392,2388,100.0,38.94,23.4135,90
46,167,-0.0016,-0.0003,100.0,518.67,642.78,1589.49,1410.44,14.62,21.61,553.95,2388.1,9050.57,1.3,47.49,522.22,2388.08,8138.09,8.4458,0.03,394,2388,100.0,38.82,23.3903,89
46,168,0.0004,0.0004,100.0,518.67,642.36,1581.13,1402.62,14.62,21.61,553.5,2388.08,9060.2,1.3,47.29,522.16,2388.07,8134.63,8.3989,0.03,392,2388,100.0,38.92,23.3384,88
46,169,0.0005,-0.0,100.0,518.67,642.59,1589.57,1412.88,14.62,21.61,553.42,2388.09,9061.79,1.3,47.43,521.22,2388.09,8139.7,8.4368,0.03,393,2388,100.0,38.95,23.1819,87
46,170,0.0024,0.0002,100.0,518.67,641.97,1584.25,1401.72,14.62,21.61,554.05,2388.01,9065.48,1.3,47.57,522.16,2388.09,8138.85,8.4206,0.03,393,2388,100.0,38.96,23.3698,86
46,171,0.0011,0.0002,100.0,518.67,642.08,1585.77,1399.5,14.62,21.61,554.26,2388.05,9059.04,1.3,47.3,521.67,2388.01,8139.63,8.4138,0.03,393,2388,100.0,38.95,23.325,85
46,172,0.0033,-0.0002,100.0,518.67,642.8,1591.14,1400.21,14.62,21.61,553.46,2388.09,9063.83,1.3,47.33,520.96,2388.12,8135.69,8.4547,0.03,392,2388,100.0,38.81,23.3427,84
46,173,-0.0058,-0.0001,100.0,518.67,642.45,1590.03,1407.57,14.62,21.61,553.79,2388.13,9057.5,1.3,47.62,521.6,2388.12,8142.69,8.4195,0.03,392,2388,100.0,38.75,23.402,83
46,174,0.0063,0.0,100.0,518.67,642.67,1590.89,1405.46,14.62,21.61,554.04,2388.06,9065.96,1.3,47.65,521.3,2388.1,8143.97,8.4364,0.03,394,2388,100.0,38.58,23.3459,82
46,175,-0.0011,0.0003,100.0,518.67,642.45,1592.7,1410.57,14.62,21.61,553.66,2388.05,9057.99,1.3,47.6,521.94,2388.09,8141.77,8.4555,0.03,392,2388,100.0,39.02,23.335,81
46,176,-0.0018,0.0003,100.0,518.67,642.93,1592.43,1406.87,14.62,21.61,554.03,2388.12,9060.81,1.3,47.56,521.53,2388.09,8134.99,8.4429,0.03,393,2388,100.0,38.81,23.3313,80
46,177,-0.0008,-0.0005,100.0,518.67,642.52,1595.76,1398.33,14.62,21.61,553.6,2388.08,9060.2,1.3,47.41,521.49,2388.08,8144.14,8.3992,0.03,392,2388,100.0,38.89,23.3006,79
46,178,0.0009,0.0,100.0,518.67,642.37,1590.92,1404.84,14.62,21.61,553.51,2388.09,9060.55,1.3,47.42,521.23,2388.07,8136.73,8.422,0.03,392,2388,100.0,38.84,23.1322,78
46,179,0.0013,-0.0004,100.0,518.67,642.91,1589.62,1410.92,14.62,21.61,553.56,2388.08,9066.41,1.3,47.67,521.33,2388.04,8136.92,8.4571,0.03,392,2388,100.0,39.02,23.3236,77
46,180,0.0019,0.0,100.0,518.67,642.68,1588.08,1409.72,14.62,21.61,552.82,2388.14,9064.73,1.3,47.39,521.42,2388.11,8137.7,8.4417,0.03,392,2388,100.0,38.75,23.2622,76
46,181,-0.003,-0.0005,100.0,518.67,642.5,1591.55,1403.43,14.62,21.61,553.69,2388.14,9064.51,1.3,47.51,521.28,2388.07,8131.82,8.4288,0.03,393,2388,100.0,38.87,23.3231,75
46,182,-0.0013,0.0005,100.0,518.67,642.8,1590.19,1403.75,14.62,21.61,554.05,2388.1,9056.87,1.3,47.65,521.07,2388.07,8134.78,8.4341,0.03,393,2388,100.0,38.72,23.351,74
46,183,0.0035,0.0004,100.0,518.67,642.71,1589.82,1412.53,14.62,21.61,553.0,2388.09,9059.43,1.3,47.55,521.97,2388.11,8139.51,8.4479,0.03,394,2388,100.0,38.84,23.2896,73
46,184,-0.0015,-0.0005,100.0,518.67,642.43,1586.52,1405.93,14.62,21.61,553.06,2388.09,9053.34,1.3,47.51,521.27,2388.12,8131.55,8.4309,0.03,394,2388,100.0,38.81,23.2412,72
46,185,-0.0014,-0.0005,100.0,518.67,643.14,1588.13,1403.91,14.62,21.61,553.27,2388.09,9058.72,1.3,47.51,521.38,2388.13,8138.29,8.433,0.03,394,2388,100.0,38.97,23.2541,71
46,186,-0.0023,-0.0,100.0,518.67,642.46,1586.31,1406.41,14.62,21.61,553.78,2388.05,9055.41,1.3,47.57,521.33,2388.11,8134.12,8.4634,0.03,393,2388,100.0,38.88,23.2476,70
46,187,-0.0015,0.0005,100.0,518.67,642.66,1590.92,1404.1,14.62,21.61,552.86,2388.1,9060.57,1.3,47.55,521.32,2388.1,8137.2,8.4543,0.03,393,2388,100.0,38.74,23.1666,69
46,188,0.0014,-0.0001,100.0,518.67,642.67,1592.47,1401.12,14.62,21.61,553.19,2388.1,9055.6,1.3,47.7,521.43,2388.09,8139.91,8.4304,0.03,393,2388,100.0,38.89,23.2724,68
46,189,0.0021,0.0004,100.0,518.67,642.75,1584.23,1413.48,14.62,21.61,552.37,2388.19,9049.89,1.3,47.56,521.1,2388.16,8140.0,8.427,0.03,394,2388,100.0,38.8,23.2674,67
46,190,-0.0051,0.0,100.0,518.67,642.87,1585.6,1403.57,14.62,21.61,554.27,2388.11,9064.48,1.3,47.73,521.47,2388.1,8134.41,8.4685,0.03,393,2388,100.0,38.78,23.3385,66
46,191,-0.0016,0.0002,100.0,518.67,642.46,1594.04,1411.98,14.62,21.61,553.22,2388.07,9053.69,1.3,47.53,521.47,2388.06,8137.87,8.455,0.03,393,2388,100.0,38.82,23.2851,65
46,192,0.003,0.0001,100.0,518.67,642.32,1590.97,1407.14,14.62,21.61,553.14,2388.12,9053.82,1.3,47.54,520.94,2388.1,8141.62,8.4528,0.03,393,2388,100.0,38.79,23.2335,64
46,193,0.0039,0.0001,100.0,518.67,642.6,1583.92,1412.8,14.62,21.61,553.51,2388.13,9060.05,1.3,47.62,521.06,2388.06,8136.43,8.5175,0.03,393,2388,100.0,38.85,23.3074,63
46,194,-0.0012,0.0,100.0,518.67,642.9,1590.96,1405.65,14.62,21.61,553.62,2388.03,9056.39,1.3,47.5,521.66,2388.09,8136.44,8.4753,0.03,393,2388,100.0,38.81,23.1438,62
46,195,-0.0031,-0.0004,100.0,518.67,642.95,1594.64,1409.92,14.62,21.61,553.1,2388.12,9060.57,1.3,47.65,521.44,2388.15,8142.79,8.4465,0.03,394,2388,100.0,38.7,23.2502,61
46,196,-0.0035,-0.0001,100.0,518.67,642.63,1594.68,1412.13,14.62,21.61,554.21,2388.09,9054.93,1.3,47.57,520.79,2388.1,8135.27,8.432,0.03,393,2388,100.0,38.94,23.2858,60
46,197,-0.0047,0.0,100.0,518.67,642.53,1585.77,1410.07,14.62,21.61,553.43,2388.19,9063.52,1.3,47.64,521.4,2388.19,8131.37,8.4942,0.03,393,2388,100.0,38.92,23.2423,59
46,198,0.0042,-0.0002,100.0,518.67,643.29,1595.46,1416.63,14.62,21.61,553.27,2388.14,9056.1,1.3,47.54,521.54,2388.11,8133.56,8.4578,0.03,394,2388,100.0,38.87,23.2968,58
46,199,-0.0015,0.0002,100.0,518.67,642.37,1594.03,1418.39,14.62,21.61,553.52,2388.13,9066.47,1.3,47.63,521.19,2388.04,8135.77,8.4337,0.03,393,2388,100.0,38.71,23.2721,57
46,200,0.003,0.0003,100.0,518.67,642.84,1590.0,1413.03,14.62,21.61,553.48,2388.14,9054.92,1.3,47.66,520.82,2388.19,8138.03,8.4323,0.03,394,2388,100.0,38.67,23.2213,56
46,201,0.0018,-0.0003,100.0,518.67,642.76,1597.84,1410.45,14.62,21.61,552.91,2388.15,9054.58,1.3,47.66,521.13,2388.15,8131.41,8.4579,0.03,393,2388,100.0,38.76,23.3409,55
46,202,-0.0057,0.0003,100.0,518.67,642.9,1587.11,1407.87,14.62,21.61,552.97,2388.15,9057.64,1.3,47.65,521.27,2388.12,8130.53,8.4453,0.03,394,2388,100.0,38.91,23.2074,54
46,203,-0.0025,0.0002,100.0,518.67,643.24,1593.95,1415.19,14.62,21.61,553.62,2388.13,9056.74,1.3,47.58,520.79,2388.11,8135.21,8.4557,0.03,394,2388,100.0,38.46,23.179,53
46,204,-0.0008,-0.0005,100.0,518.67,642.89,1590.84,1408.69,14.62,21.61,552.91,2388.16,9059.25,1.3,47.67,521.3,2388.15,8134.98,8.4589,0.03,393,2388,100.0,38.71,23.3654,52
46,205,0.0024,-0.0002,100.0,518.67,642.17,1586.56,1412.51,14.62,21.61,553.15,2388.12,9055.49,1.3,47.7,521.16,2388.15,8134.13,8.4431,0.03,395,2388,100.0,38.67,23.2765,51
46,206,-0.0007,0.0002,100.0,518.67,642.67,1595.42,1409.29,14.62,21.61,552.64,2388.09,9065.06,1.3,47.65,521.58,2388.16,8133.82,8.465,0.03,393,2388,100.0,38.74,23.2905,50
46,207,0.0022,0.0001,100.0,518.67,642.96,1583.59,1414.38,14.62,21.61,552.77,2388.19,9053.79,1.3,47.66,520.9,2388.12,8133.18,8.4562,0.03,393,2388,100.0,38.85,23.2375,49
46,208,-0.0017,0.0001,100.0,518.67,642.38,1590.81,1409.99,14.62,21.61,553.08,2388.15,9058.21,1.3,47.6,520.26,2388.15,8137.29,8.4713,0.03,394,2388,100.0,38.95,23.293,48
46,209,0.0026,0.0003,100.0,518.67,643.77,1591.19,1405.62,14.62,21.61,553.19,2388.14,9047.88,1.3,47.76,521.06,2388.15,8139.07,8.4453,0.03,394,2388,100.0,38.6,23.2775,47
46,210,-0.0018,-0.0001,100.0,518.67,643.12,1593.6,1413.19,14.62,21.61,552.89,2388.16,9052.99,1.3,47.8,520.83,2388.11,8136.06,8.4864,0.03,395,2388,100.0,38.72,23.1658,46
46,211,0.0036,-0.0004,100.0,518.67,642.57,1588.32,1418.27,14.62,21.61,552.18,2388.17,9061.15,1.3,47.54,521.2,2388.12,8140.84,8.492,0.03,393,2388,100.0,38.93,23.2325,45
46,212,0.0032,-0.0002,100.0,518.67,642.95,1591.71,1414.68,14.62,21.61,553.51,2388.17,9053.66,1.3,47.54,520.87,2388.19,8138.02,8.4549,0.03,393,2388,100.0,38.66,23.1836,44
46,213,0.0012,-0.0001,100.0,518.67,643.06,1593.17,1412.55,14.62,21.61,552.8,2388.15,9058.08,1.3,47.84,521.26,2388.17,8134.11,8.4701,0.03,393,2388,100.0,38.49,23.2152,43
46,214,0.0009,0.0003,100.0,518.67,643.12,1590.3,1419.95,14.62,21.61,552.67,2388.13,9060.02,1.3,47.61,521.27,2388.19,8141.92,8.4201,0.03,393,2388,100.0,38.75,23.315,42
46,215,-0.0009,0.0002,100.0,518.67,642.93,1593.56,1414.73,14.62,21.61,552.66,2388.18,9053.16,1.3,47.87,521.24,2388.12,8136.94,8.4318,0.03,393,2388,100.0,38.61,23.265,41
46,216,-0.0011,-0.0004,100.0,518.67,642.99,1593.96,1421.8,14.62,21.61,552.62,2388.16,9056.16,1.3,47.81,521.0,2388.17,8134.67,8.447,0.03,393,2388,100.0,38.6,23.2757,40
46,217,0.0005,-0.0004,100.0,518.67,642.88,1602.49,1415.76,14.62,21.61,552.77,2388.13,9067.55,1.3,47.83,520.97,2388.12,8135.92,8.4874,0.03,394,2388,100.0,38.58,23.2442,39
46,218,0.0013,0.0005,100.0,518.67,642.72,1596.36,1424.43,14.62,21.61,552.75,2388.2,9058.16,1.3,47.91,520.67,2388.15,8140.89,8.4675,0.03,394,2388,100.0,38.6,23.1174,38
46,219,0.0003,0.0005,100.0,518.67,643.32,1589.54,1411.71,14.62,21.61,552.81,2388.16,9063.14,1.3,47.79,520.47,2388.22,8128.12,8.4757,0.03,394,2388,100.0,38.53,23.1473,37
46,220,-0.0049,0.0004,100.0,518.67,643.34,1590.47,1422.97,14.62,21.61,552.48,2388.21,9053.31,1.3,47.73,520.68,2388.19,8131.88,8.4823,0.03,393,2388,100.0,38.62,23.2802,36
46,221,-0.0005,-0.0004,100.0,518.67,642.98,1597.19,1418.26,14.62,21.61,552.76,2388.18,9060.67,1.3,47.91,520.54,2388.2,8127.91,8.4929,0.03,394,2388,100.0,38.9,23.2823,35
46,222,-0.0032,-0.0005,100.0,518.67,642.88,1593.61,1416.66,14.62,21.61,553.03,2388.21,9056.97,1.3,47.74,521.1,2388.16,8135.91,8.4634,0.03,395,2388,100.0,38.7,23.1989,34
46,223,0.0008,-0.0004,100.0,518.67,642.98,1589.55,1411.61,14.62,21.61,553.13,2388.14,9057.51,1.3,47.81,520.3,2388.17,8127.96,8.4472,0.03,394,2388,100.0,38.69,23.2243,33
46,224,0.002,0.0001,100.0,518.67,642.97,1588.82,1414.86,14.62,21.61,553.02,2388.18,9062.35,1.3,47.83,520.46,2388.19,8129.72,8.4425,0.03,396,2388,100.0,38.61,23.2332,32
46,225,0.0009,0.0002,100.0,518.67,643.45,1596.3,1418.5,14.62,21.61,551.71,2388.2,9056.12,1.3,47.98,520.97,2388.17,8131.2,8.4772,0.03,394,2388,100.0,38.81,23.1286,31
46,226,-0.0022,-0.0001,100.0,518.67,642.81,1596.51,1415.17,14.62,21.61,553.06,2388.18,9055.12,1.3,47.71,521.12,2388.18,8134.02,8.47,0.03,395,2388,100.0,38.55,23.2365,30
46,227,-0.0014,0.0004,100.0,518.67,642.97,1593.94,1409.57,14.62,21.61,552.46,2388.2,9054.44,1.3,47.91,520.34,2388.25,8134.8,8.4463,0.03,397,2388,100.0,38.54,23.1443,29
46,228,0.0016,-0.0001,100.0,518.67,642.75,1588.39,1413.37,14.62,21.61,552.45,2388.2,9056.58,1.3,47.76,520.56,2388.18,8134.53,8.488,0.03,396,2388,100.0,38.63,23.0398,28
46,229,0.0028,0.0001,100.0,518.67,643.35,1589.93,1428.51,14.62,21.61,551.78,2388.17,9054.46,1.3,47.67,521.53,2388.22,8135.05,8.4753,0.03,394,2388,100.0,38.59,23.215,27
46,230,-0.0026,-0.0004,100.0,518.67,643.72,1594.68,1420.94,14.62,21.61,552.46,2388.15,9060.34,1.3,47.94,520.51,2388.17,8132.47,8.4714,0.03,394,2388,100.0,38.48,23.1996,26
46,231,0.0019,0.0004,100.0,518.67,643.11,1593.33,1423.59,14.62,21.61,552.57,2388.16,9060.54,1.3,47.91,520.75,2388.19,8126.3,8.5003,0.03,395,2388,100.0,38.49,23.2047,25
46,232,0.0016,0.0003,100.0,518.67,642.88,1591.95,1415.79,14.62,21.61,552.0,2388.18,9055.01,1.3,47.67,520.35,2388.22,8131.66,8.4727,0.03,395,2388,100.0,38.59,23.1672,24
46,233,-0.0036,0.0001,100.0,518.67,643.05,1588.18,1416.7,14.62,21.61,551.85,2388.2,9053.46,1.3,47.86,520.15,2388.18,8124.84,8.4751,0.03,396,2388,100.0,38.58,23.1161,23
46,234,-0.0021,0.0002,100.0,518.67,642.81,1596.73,1420.76,14.62,21.61,552.29,2388.23,9061.94,1.3,47.82,520.03,2388.3,8129.47,8.4913,0.03,394,2388,100.0,38.65,23.1071,22
46,235,0.0011,0.0003,100.0,518.67,643.47,1603.38,1420.9,14.62,21.61,551.67,2388.17,9051.79,1.3,48.0,520.94,2388.17,8135.71,8.4789,0.03,396,2388,100.0,38.53,23.1439,21
46,236,0.0007,0.0004,100.0,518.67,643.12,1595.44,1416.92,14.62,21.61,551.36,2388.22,9061.31,1.3,47.82,520.21,2388.2,8126.39,8.5282,0.03,393,2388,100.0,38.69,23.1484,20
46,237,0.0015,-0.0004,100.0,518.67,643.08,1594.62,1410.64,14.62,21.61,552.59,2388.17,9057.49,1.3,48.08,519.74,2388.22,8130.91,8.4685,0.03,395,2388,100.0,38.75,23.2151,19
46,238,-0.0004,0.0,100.0,518.67,643.2,1598.58,1423.18,14.62,21.61,551.54,2388.21,9048.05,1.3,47.98,519.98,2388.23,8131.29,8.4933,0.03,395,2388,100.0,38.75,23.2362,18
46,239,0.0017,0.0002,100.0,518.67,643.68,1597.92,1422.03,14.62,21.61,551.58,2388.16,9052.34,1.3,48.05,520.15,2388.24,8127.51,8.4827,0.03,395,2388,100.0,38.63,23.1421,17
46,240,0.0011,-0.0002,100.0,518.67,643.0,1595.13,1424.97,14.62,21.61,551.31,2388.23,9054.2,1.3,47.98,520.42,2388.23,8128.39,8.5196,0.03,395,2388,100.0,38.5,23.1914,16
46,241,-0.0019,0.0005,100.0,518.67,642.72,1596.83,1424.73,14.62,21.61,551.82,2388.23,9049.94,1.3,47.67,520.29,2388.21,8128.23,8.5,0.03,394,2388,100.0,38.52,23.0925,15
46,242,0.0008,0.0002,100.0,518.67,642.97,1600.41,1427.35,14.62,21.61,551.99,2388.25,9049.52,1.3,48.07,520.01,2388.16,8125.0,8.4847,0.03,396,2388,100.0,38.68,23.0289,14
46,243,-0.0017,-0.0003,100.0,518.67,643.45,1601.32,1421.55,14.62,21.61,551.99,2388.21,9054.42,1.3,48.13,519.72,2388.28,8126.34,8.5032,0.03,395,2388,100.0,38.49,23.0906,13
46,244,0.0005,-0.0001,100.0,518.67,643.63,1594.24,1419.28,14.62,21.61,551.46,2388.27,9055.49,1.3,47.88,520.39,2388.23,8129.42,8.494,0.03,394,2388,100.0,38.51,22.9421,12
46,245,-0.0006,0.0001,100.0,518.67,643.13,1603.5,1422.32,14.62,21.61,551.68,2388.28,9054.54,1.3,48.1,519.83,2388.24,8127.14,8.4829,0.03,395,2388,100.0,38.49,23.0752,11
46,246,0.0023,0.0003,100.0,518.67,643.59,1598.63,1430.25,14.62,21.61,551.8,2388.25,9052.91,1.3,48.09,519.77,2388.27,8125.87,8.516,0.03,394,2388,100.0,38.58,23.0992,10
46,247,-0.0006,0.0004,100.0,518.67,643.2,1606.34,1424.21,14.62,21.61,552.26,2388.3,9049.92,1.3,48.06,519.96,2388.25,8125.05,8.4879,0.03,396,2388,100.0,38.49,23.1393,9
46,248,0.0011,0.0002,100.0,518.67,643.71,1596.39,1427.26,14.62,21.61,550.98,2388.3,9051.89,1.3,48.14,520.07,2388.25,8132.02,8.5017,0.03,396,2388,100.0,38.56,23.0529,8
46,249,0.005,0.0003,100.0,518.67,643.26,1598.26,1428.19,14.62,21.61,551.82,2388.28,9048.4,1.3,48.01,519.37,2388.25,8125.79,8.5045,0.03,395,2388,100.0,38.37,23.0572,7
46,250,-0.0019,-0.0005,100.0,518.67,643.7,1603.89,1427.77,14.62,21.61,551.33,2388.27,9055.61,1.3,48.17,519.96,2388.26,8126.87,8.5118,0.03,394,2388,100.0,38.44,23.107,6
46,251,-0.0039,0.0004,100.0,518.67,643.71,1601.83,1426.78,14.62,21.61,550.74,2388.27,9044.42,1.3,48.16,519.82,2388.27,8123.49,8.5302,0.03,395,2388,100.0,38.44,23.0447,5
46,252,0.0011,0.0002,100.0,518.67,643.74,1604.29,1426.03,14.62,21.61,551.22,2388.29,9053.35,1.3,48.23,519.83,2388.26,8126.53,8.4992,0.03,397,2388,100.0,38.68,22.9664,4
46,253,-0.0007,0.0003,100.0,518.67,644.27,1601.35,1425.3,14.62,21.61,550.83,2388.3,9052.47,1.3,48.33,519.95,2388.2,8127.21,8.5271,0.03,397,2388,100.0,38.43,22.9692,3
46,254,-0.0014,0.0002,100.0,518.67,643.9,1595.95,1430.12,14.62,21.61,550.5,2388.22,9053.98,1.3,48.11,519.97,2388.32,8122.81,8.504,0.03,396,2388,100.0,38.49,23.0242,2
46,255,0.003,-0.0003,100.0,518.67,643.75,1602.1,1429.98,14.62,21.61,550.76,2388.25,9057.26,1.3,48.29,519.99,2388.26,8120.71,8.5249,0.03,396,2388,100.0,38.4,23.1204,1
46,256,0.0023,0.0002,100.0,518.67,644.44,1602.57,1433.99,14.62,21.61,550.75,2388.25,9041.98,1.3,48.22,519.48,2388.32,8118.01,8.5052,0.03,397,2388,100.0,38.38,23.017,0
47,1,0.0018,0.0001,100.0,518.67,642.27,1581.75,1402.34,14.62,21.61,554.99,2387.98,9059.4,1.3,47.21,522.64,2387.99,8144.86,8.4063,0.03,392,2388,100.0,39.09,23.2883,213
47,2,0.003,0.0003,100.0,518.67,642.6,1575.94,1401.33,14.62,21.61,555.05,2388.0,9065.97,1.3,47.14,522.29,2388.01,8146.92,8.3743,0.03,392,2388,100.0,39.01,23.5057,212
47,3,0.0032,-0.0003,100.0,518.67,641.69,1584.8,1398.87,14.62,21.61,554.75,2388.02,9061.19,1.3,47.06,522.82,2387.98,8148.92,8.3818,0.03,391,2388,100.0,39.1,23.4533,211
47,4,0.0012,0.0002,100.0,518.67,642.01,1578.91,1387.93,14.62,21.61,555.21,2387.98,9060.55,1.3,47.12,523.31,2387.95,8148.12,8.3724,0.03,390,2388,100.0,39.2,23.4821,210
47,5,0.0019,0.0001,100.0,518.67,641.86,1591.14,1397.29,14.62,21.61,554.99,2388.01,9064.86,1.3,47.22,522.54,2388.04,8153.72,8.3858,0.03,391,2388,100.0,39.02,23.4283,209
47,6,-0.0013,0.0002,100.0,518.67,641.82,1571.99,1397.98,14.62,21.61,553.56,2387.95,9060.16,1.3,47.26,522.6,2388.02,8143.69,8.3724,0.03,392,2388,100.0,38.93,23.4899,208
47,7,0.0044,0.0,100.0,518.67,641.85,1584.89,1406.01,14.62,21.61,554.63,2388.04,9066.62,1.3,47.18,522.33,2388.02,8146.4,8.3998,0.03,392,2388,100.0,39.02,23.2455,207
47,8,0.0008,0.0002,100.0,518.67,641.62,1587.61,1397.07,14.62,21.6,554.31,2388.03,9066.85,1.3,47.13,522.2,2387.94,8146.9,8.3724,0.03,388,2388,100.0,39.02,23.517,206
47,9,-0.0006,-0.0005,100.0,518.67,641.81,1581.84,1396.05,14.62,21.61,554.84,2388.0,9061.75,1.3,47.29,522.55,2387.96,8147.68,8.4158,0.03,392,2388,100.0,38.85,23.4162,205
47,10,0.0009,-0.0005,100.0,518.67,641.86,1587.28,1400.35,14.62,21.61,554.04,2388.02,9070.63,1.3,47.12,522.09,2388.05,8145.79,8.395,0.03,392,2388,100.0,38.97,23.3734,204
47,11,0.0013,-0.0001,100.0,518.67,641.95,1577.31,1398.69,14.62,21.61,554.24,2388.05,9054.8,1.3,47.27,522.1,2388.01,8149.89,8.3882,0.03,391,2388,100.0,39.14,23.4639,203
47,12,0.0023,0.0002,100.0,518.67,642.14,1582.58,1404.15,14.62,21.61,554.83,2387.99,9061.05,1.3,47.3,522.16,2387.95,8146.83,8.4187,0.03,391,2388,100.0,38.97,23.3962,202
47,13,0.0023,-0.0005,100.0,518.67,642.37,1581.81,1399.37,14.62,21.61,554.18,2388.01,9063.67,1.3,47.25,522.2,2388.02,8144.05,8.3798,0.03,391,2388,100.0,39.02,23.4168,201
47,14,-0.0016,0.0004,100.0,518.67,642.08,1578.29,1395.7,14.62,21.61,554.21,2388.01,9070.42,1.3,47.13,522.17,2388.02,8147.25,8.4359,0.03,390,2388,100.0,39.08,23.4572,200
47,15,-0.0005,0.0002,100.0,518.67,642.11,1590.53,1396.66,14.62,21.61,553.46,2387.98,9062.51,1.3,47.24,522.47,2388.02,8144.59,8.3994,0.03,390,2388,100.0,39.03,23.4858,199
47,16,-0.0009,0.0,100.0,518.67,642.02,1588.73,1398.9,14.62,21.6,555.16,2387.97,9066.42,1.3,47.17,521.96,2387.98,8141.08,8.4188,0.03,392,2388,100.0,39.29,23.3971,198
47,17,0.0024,0.0002,100.0,518.67,641.94,1580.17,1393.7,14.62,21.61,554.72,2388.01,9059.86,1.3,46.98,522.83,2388.01,8148.43,8.3896,0.03,392,2388,100.0,38.97,23.4019,197
47,18,0.0026,-0.0005,100.0,518.67,642.56,1585.06,1400.7,14.62,21.61,554.32,2387.9,9064.85,1.3,47.05,522.78,2387.95,8149.09,8.4005,0.03,392,2388,100.0,39.02,23.495,196
47,19,0.0014,-0.0005,100.0,518.67,642.2,1582.16,1395.54,14.62,21.61,554.24,2387.99,9067.02,1.3,47.43,522.82,2387.98,8144.83,8.3767,0.03,390,2388,100.0,39.09,23.3073,195
47,20,0.001,-0.0002,100.0,518.67,641.98,1579.78,1405.51,14.62,21.61,554.98,2388.03,9065.74,1.3,47.27,522.38,2388.03,8140.33,8.4178,0.03,391,2388,100.0,39.07,23.3601,194
47,21,0.0013,-0.0003,100.0,518.67,641.8,1586.68,1408.07,14.62,21.61,554.13,2388.02,9067.49,1.3,47.11,522.78,2388.04,8144.02,8.4339,0.03,392,2388,100.0,39.14,23.3738,193
47,22,-0.0033,0.0001,100.0,518.67,641.88,1588.12,1398.95,14.62,21.61,554.66,2388.0,9059.01,1.3,47.15,522.01,2387.98,8148.65,8.3869,0.03,393,2388,100.0,38.9,23.3644,192
47,23,0.0019,0.0001,100.0,518.67,642.33,1589.08,1405.64,14.62,21.6,554.69,2388.01,9074.08,1.3,47.21,522.28,2388.01,8144.33,8.3818,0.03,392,2388,100.0,38.99,23.3279,191
47,24,-0.0024,-0.0003,100.0,518.67,641.97,1581.26,1400.66,14.62,21.61,554.69,2387.96,9068.9,1.3,47.2,522.1,2388.03,8144.81,8.3992,0.03,390,2388,100.0,39.05,23.3989,190
47,25,0.0011,0.0003,100.0,518.67,641.97,1576.05,1397.31,14.62,21.61,554.12,2388.01,9062.56,1.3,47.11,521.76,2388.04,8144.69,8.394,0.03,390,2388,100.0,38.8,23.5406,189
47,26,-0.004,-0.0001,100.0,518.67,642.01,1584.22,1403.91,14.62,21.61,554.17,2388.05,9065.92,1.3,47.27,522.44,2388.02,8146.25,8.3941,0.03,392,2388,100.0,39.24,23.4711,188
47,27,0.0,-0.0004,100.0,518.67,641.35,1582.95,1404.14,14.62,21.61,554.63,2387.97,9067.49,1.3,46.94,522.45,2388.05,8148.68,8.4026,0.03,392,2388,100.0,39.04,23.4434,187
47,28,-0.0011,0.0003,100.0,518.67,642.39,1586.61,1400.8,14.62,21.61,554.85,2387.99,9064.2,1.3,47.27,522.3,2388.0,8145.29,8.4185,0.03,390,2388,100.0,39.12,23.3532,186
47,29,0.0021,0.0004,100.0,518.67,641.98,1582.56,1396.1,14.62,21.61,554.08,2388.03,9070.61,1.3,47.07,522.27,2387.96,8148.45,8.4059,0.03,392,2388,100.0,39.25,23.369,185
47,30,-0.0016,-0.0001,100.0,518.67,641.88,1579.53,1393.06,14.62,21.61,554.5,2388.03,9063.39,1.3,47.12,522.26,2388.02,8148.28,8.3921,0.03,390,2388,100.0,39.04,23.3996,184
47,31,-0.0042,-0.0005,100.0,518.67,642.18,1581.87,1393.44,14.62,21.61,554.89,2388.06,9066.92,1.3,47.17,522.17,2388.03,8145.65,8.4029,0.03,393,2388,100.0,38.91,23.4207,183
47,32,-0.001,0.0001,100.0,518.67,643.04,1583.57,1392.99,14.62,21.61,554.0,2387.98,9063.22,1.3,47.2,522.1,2388.0,8145.7,8.3693,0.03,393,2388,100.0,38.94,23.3922,182
47,33,0.0002,-0.0003,100.0,518.67,642.78,1587.47,1402.32,14.62,21.61,554.15,2388.03,9064.15,1.3,47.16,522.44,2388.0,8142.85,8.3755,0.03,392,2388,100.0,39.0,23.3781,181
47,34,0.0029,-0.0003,100.0,518.67,642.43,1588.71,1402.53,14.62,21.61,554.52,2387.99,9063.86,1.3,47.12,522.56,2387.99,8143.79,8.3603,0.03,393,2388,100.0,39.22,23.3781,180
47,35,-0.0,0.0004,100.0,518.67,642.82,1580.7,1397.95,14.62,21.61,554.51,2387.98,9069.29,1.3,47.38,522.87,2387.98,8146.35,8.4071,0.03,392,2388,100.0,38.98,23.4313,179
47,36,-0.0008,-0.0,100.0,518.67,642.19,1582.73,1395.97,14.62,21.6,554.52,2388.04,9061.17,1.3,46.98,522.62,2388.0,8142.98,8.42,0.03,393,2388,100.0,38.93,23.3941,178
47,37,0.0008,0.0001,100.0,518.67,642.43,1584.72,1395.16,14.62,21.61,554.67,2388.0,9063.29,1.3,47.1,522.56,2388.0,8147.49,8.418,0.03,391,2388,100.0,38.99,23.3671,177
47,38,0.0013,-0.0003,100.0,518.67,641.77,1585.13,1399.56,14.62,21.61,554.34,2387.99,9064.13,1.3,47.09,522.08,2388.01,8141.99,8.3858,0.03,390,2388,100.0,39.12,23.4132,176
47,39,0.0033,0.0002,100.0,518.67,641.68,1584.17,1401.82,14.62,21.61,554.09,2387.99,9068.76,1.3,47.15,521.83,2388.04,8148.28,8.3963,0.03,392,2388,100.0,39.01,23.3532,175
47,40,-0.0009,0.0001,100.0,518.67,642.22,1584.92,1398.57,14.62,21.61,554.66,2388.01,9063.92,1.3,47.11,521.92,2387.99,8142.03,8.3957,0.03,390,2388,100.0,39.02,23.387,174
47,41,0.0026,0.0004,100.0,518.67,642.1,1587.49,1395.16,14.62,21.61,554.33,2388.01,9066.93,1.3,47.11,522.5,2388.05,8144.65,8.4048,0.03,393,2388,100.0,39.07,23.4207,173
47,42,-0.0007,-0.0,100.0,518.67,642.3,1577.88,1401.27,14.62,21.61,554.42,2388.05,9065.6,1.3,47.26,522.12,2388.01,8149.27,8.4308,0.03,391,2388,100.0,39.11,23.449,172
47,43,-0.0002,0.0001,100.0,518.67,642.4,1586.97,1402.6,14.62,21.61,553.92,2387.99,9070.42,1.3,47.11,522.51,2387.99,8148.55,8.4122,0.03,391,2388,100.0,39.06,23.4204,171
47,44,-0.0027,0.0004,100.0,518.67,642.25,1587.39,1397.36,14.62,21.61,554.44,2388.03,9067.51,1.3,47.21,522.91,2387.94,8143.71,8.3965,0.03,391,2388,100.0,39.04,23.3873,170
47,45,-0.0012,0.0004,100.0,518.67,642.81,1583.7,1395.63,14.62,21.61,554.65,2387.98,9066.32,1.3,47.03,521.88,2388.01,8148.63,8.3898,0.03,392,2388,100.0,38.99,23.4644,169
47,46,-0.0009,-0.0002,100.0,518.67,642.14,1590.31,1403.93,14.62,21.61,554.24,2388.01,9062.27,1.3,47.25,522.08,2388.06,8146.78,8.4002,0.03,391,2388,100.0,38.99,23.3927,168
47,47,-0.0,0.0,100.0,518.67,642.07,1586.49,1392.74,14.62,21.61,554.6,2388.01,9067.96,1.3,47.12,522.16,2388.04,8146.52,8.4245,0.03,392,2388,100.0,39.09,23.3596,167
47,48,0.0017,0.0001,100.0,518.67,641.94,1589.09,1400.99,14.62,21.61,554.37,2388.04,9064.46,1.3,47.19,522.3,2388.0,8146.12,8.421,0.03,392,2388,100.0,39.04,23.4083,166
47,49,-0.0015,-0.0003,100.0,518.67,642.52,1587.69,1398.19,14.62,21.61,554.35,2388.01,9074.41,1.3,47.13,522.78,2388.02,8149.22,8.427,0.03,392,2388,100.0,39.12,23.4402,165
47,50,0.0003,-0.0004,100.0,518.67,641.9,1582.73,1395.11,14.62,21.61,553.73,2388.04,9068.01,1.3,47.27,522.04,2388.01,8148.14,8.363,0.03,393,2388,100.0,39.04,23.3386,164
47,51,-0.0013,-0.0,100.0,518.67,641.81,1574.52,1402.21,14.62,21.61,553.46,2388.0,9065.73,1.3,47.13,521.58,2387.96,8145.76,8.4041,0.03,393,2388,100.0,39.04,23.4086,163
47,52,-0.002,0.0002,100.0,518.67,642.51,1583.03,1399.8,14.62,21.61,554.16,2387.99,9070.87,1.3,47.31,522.27,2388.02,8143.64,8.3647,0.03,392,2388,100.0,38.94,23.3559,162
47,53,0.0029,0.0001,100.0,518.67,641.92,1579.32,1401.24,14.62,21.61,554.12,2388.0,9070.73,1.3,47.32,522.3,2388.01,8144.15,8.4135,0.03,392,2388,100.0,38.96,23.4945,161
47,54,-0.0016,-0.0001,100.0,518.67,642.31,1585.36,1392.59,14.62,21.61,554.37,2388.01,9059.96,1.3,47.39,521.42,2388.07,8144.48,8.4136,0.03,392,2388,100.0,39.09,23.4004,160
47,55,0.0002,0.0,100.0,518.67,642.0,1575.47,1397.11,14.62,21.61,554.1,2388.02,9062.56,1.3,47.31,521.78,2387.96,8151.01,8.4088,0.03,392,2388,100.0,38.99,23.4662,159
47,56,-0.0021,-0.0003,100.0,518.67,642.1,1584.43,1394.51,14.62,21.6,554.55,2387.99,9070.0,1.3,47.12,522.98,2387.97,8145.71,8.4306,0.03,393,2388,100.0,38.98,23.4253,158
47,57,0.0031,-0.0,100.0,518.67,642.16,1586.05,1400.94,14.62,21.61,554.7,2388.01,9071.83,1.3,47.3,522.32,2387.98,8142.67,8.4171,0.03,391,2388,100.0,39.05,23.3678,157
47,58,0.0053,0.0003,100.0,518.67,641.68,1589.86,1405.6,14.62,21.61,554.87,2388.0,9066.39,1.3,47.38,521.97,2388.02,8145.8,8.3847,0.03,393,2388,100.0,38.93,23.4006,156
47,59,-0.001,0.0004,100.0,518.67,641.92,1578.76,1401.18,14.62,21.61,554.78,2388.0,9059.17,1.3,47.09,522.17,2388.0,8148.43,8.3935,0.03,391,2388,100.0,39.11,23.3763,155
47,60,0.0017,-0.0001,100.0,518.67,641.78,1585.71,1394.72,14.62,21.61,554.52,2387.99,9065.73,1.3,47.21,522.05,2387.99,8147.23,8.3953,0.03,390,2388,100.0,39.03,23.4252,154
47,61,-0.0015,-0.0003,100.0,518.67,641.57,1584.27,1408.5,14.62,21.61,554.37,2387.97,9074.97,1.3,47.14,522.27,2387.97,8149.28,8.4539,0.03,391,2388,100.0,38.86,23.4099,153
47,62,0.0014,-0.0005,100.0,518.67,641.99,1585.13,1398.9,14.62,21.61,554.6,2387.97,9068.86,1.3,47.21,522.19,2388.01,8152.3,8.4505,0.03,392,2388,100.0,38.86,23.3696,152
47,63,0.0011,0.0004,100.0,518.67,642.47,1586.03,1410.9,14.62,21.6,554.08,2388.06,9064.02,1.3,47.31,522.09,2388.03,8144.24,8.434,0.03,392,2388,100.0,39.07,23.3496,151
47,64,-0.0043,0.0004,100.0,518.67,642.22,1584.91,1394.21,14.62,21.61,554.61,2388.0,9066.69,1.3,47.3,522.3,2388.03,8148.15,8.4057,0.03,392,2388,100.0,38.88,23.4677,150
47,65,-0.0005,-0.0,100.0,518.67,641.83,1581.59,1405.33,14.62,21.61,553.51,2387.97,9063.53,1.3,47.34,522.02,2387.99,8145.5,8.3789,0.03,392,2388,100.0,39.1,23.5199,149
47,66,0.0012,0.0002,100.0,518.67,642.4,1584.11,1394.33,14.62,21.61,554.25,2388.04,9066.95,1.3,47.13,522.08,2388.02,8146.43,8.4152,0.03,391,2388,100.0,39.01,23.4295,148
47,67,0.0011,-0.0005,100.0,518.67,642.07,1583.78,1400.62,14.62,21.6,554.14,2388.01,9063.9,1.3,47.41,522.43,2387.98,8147.25,8.409,0.03,389,2388,100.0,39.07,23.4957,147
47,68,0.0012,-0.0001,100.0,518.67,642.11,1583.42,1392.88,14.62,21.61,554.45,2388.0,9066.72,1.3,47.28,522.55,2388.0,8146.22,8.4,0.03,393,2388,100.0,38.94,23.4111,146
47,69,0.001,-0.0004,100.0,518.67,642.49,1584.51,1390.08,14.62,21.61,554.27,2388.06,9064.23,1.3,47.41,521.9,2388.02,8146.24,8.3737,0.03,390,2388,100.0,38.98,23.4571,145
47,70,0.0011,-0.0001,100.0,518.67,642.47,1582.76,1403.26,14.62,21.61,554.27,2387.95,9067.28,1.3,47.21,522.28,2388.02,8149.31,8.4088,0.03,393,2388,100.0,39.05,23.3884,144
47,71,0.001,-0.0002,100.0,518.67,641.75,1582.75,1396.32,14.62,21.61,553.68,2388.07,9063.79,1.3,47.02,522.21,2388.03,8146.52,8.3785,0.03,391,2388,100.0,39.1,23.4067,143
47,72,0.0025,-0.0004,100.0,518.67,642.5,1578.69,1402.9,14.62,21.61,553.59,2388.01,9061.26,1.3,47.07,521.7,2387.95,8148.01,8.432,0.03,392,2388,100.0,38.76,23.4144,142
47,73,-0.0027,-0.0002,100.0,518.67,642.25,1580.98,1404.29,14.62,21.61,554.15,2388.0,9067.24,1.3,47.35,522.09,2388.04,8146.09,8.3851,0.03,390,2388,100.0,39.08,23.4314,141
47,74,0.0007,0.0002,100.0,518.67,641.75,1584.17,1392.6,14.62,21.61,554.62,2388.06,9065.72,1.3,47.29,522.32,2387.96,8146.03,8.3904,0.03,392,2388,100.0,38.85,23.3813,140
47,75,0.0023,-0.0004,100.0,518.67,642.66,1584.61,1400.37,14.62,21.61,554.44,2388.03,9065.57,1.3,47.37,523.06,2388.0,8148.32,8.4389,0.03,394,2388,100.0,38.94,23.3573,139
47,76,0.0046,0.0003,100.0,518.67,642.46,1578.97,1400.9,14.62,21.61,554.62,2388.01,9064.43,1.3,47.23,522.21,2388.0,8145.33,8.4069,0.03,394,2388,100.0,38.95,23.4458,138
47,77,0.0008,-0.0004,100.0,518.67,642.2,1584.25,1395.13,14.62,21.61,554.97,2388.05,9067.2,1.3,47.31,522.18,2388.06,8145.98,8.4292,0.03,392,2388,100.0,38.94,23.3946,137
47,78,-0.0003,-0.0001,100.0,518.67,642.47,1584.68,1404.65,14.62,21.61,554.61,2387.95,9065.91,1.3,47.38,522.18,2388.03,8148.06,8.4037,0.03,392,2388,100.0,38.86,23.4739,136
47,79,0.0009,0.0001,100.0,518.67,642.35,1587.21,1401.6,14.62,21.61,554.65,2388.03,9074.28,1.3,47.25,522.52,2387.96,8150.91,8.3818,0.03,393,2388,100.0,39.17,23.2787,135
47,80,-0.0007,-0.0003,100.0,518.67,642.7,1586.8,1395.98,14.62,21.61,555.37,2388.02,9068.67,1.3,47.06,522.32,2388.05,8147.3,8.4233,0.03,390,2388,100.0,39.16,23.474,134
47,81,-0.0045,0.0004,100.0,518.67,641.75,1584.43,1402.91,14.62,21.61,554.72,2388.06,9063.06,1.3,47.06,522.49,2388.04,8143.47,8.4147,0.03,393,2388,100.0,39.07,23.2813,133
47,82,-0.0007,-0.0004,100.0,518.67,642.3,1587.32,1404.18,14.62,21.61,554.29,2388.0,9066.23,1.3,47.23,522.17,2387.95,8149.27,8.3622,0.03,391,2388,100.0,38.95,23.3219,132
47,83,0.0011,0.0003,100.0,518.67,642.02,1587.69,1396.24,14.62,21.61,554.17,2388.04,9068.74,1.3,47.17,522.8,2388.01,8147.33,8.3872,0.03,393,2388,100.0,38.78,23.3408,131
47,84,0.0026,0.0003,100.0,518.67,642.5,1582.47,1395.91,14.62,21.61,553.79,2388.01,9071.49,1.3,47.34,521.81,2388.08,8148.79,8.4156,0.03,392,2388,100.0,38.91,23.3745,130
47,85,0.0005,-0.0001,100.0,518.67,642.25,1585.16,1401.33,14.62,21.61,553.61,2388.01,9063.16,1.3,47.25,522.5,2387.98,8150.45,8.4275,0.03,392,2388,100.0,38.97,23.3731,129
47,86,-0.0003,0.0002,100.0,518.67,642.49,1588.2,1397.12,14.62,21.6,554.5,2388.02,9061.62,1.3,47.23,522.49,2388.01,8146.45,8.38,0.03,392,2388,100.0,38.93,23.5193,128
47,87,-0.0012,0.0004,100.0,518.67,641.96,1581.52,1401.77,14.62,21.61,554.3,2388.01,9067.96,1.3,47.19,522.3,2388.09,8150.32,8.3813,0.03,393,2388,100.0,39.02,23.3624,127
47,88,-0.0033,0.0002,100.0,518.67,642.64,1585.66,1400.54,14.62,21.61,554.29,2388.07,9066.32,1.3,47.23,522.84,2387.98,8148.51,8.4308,0.03,392,2388,100.0,38.97,23.3916,126
47,89,-0.0021,0.0001,100.0,518.67,642.83,1585.81,1404.45,14.62,21.61,554.32,2387.99,9065.1,1.3,47.33,522.51,2388.01,8146.89,8.4305,0.03,393,2388,100.0,38.9,23.51,125
47,90,0.0001,-0.0004,100.0,518.67,642.23,1588.38,1403.15,14.62,21.61,554.08,2388.03,9069.86,1.3,47.29,522.35,2388.0,8147.48,8.4096,0.03,391,2388,100.0,38.99,23.4356,124
47,91,0.0014,-0.0,100.0,518.67,642.06,1581.02,1407.84,14.62,21.6,554.92,2388.1,9072.76,1.3,47.25,522.23,2388.01,8148.66,8.4057,0.03,392,2388,100.0,39.05,23.3854,123
47,92,-0.0007,0.0003,100.0,518.67,642.38,1591.43,1392.23,14.62,21.61,554.48,2388.01,9064.32,1.3,47.36,521.85,2388.04,8148.52,8.4082,0.03,390,2388,100.0,38.96,23.3628,122
47,93,-0.002,-0.0004,100.0,518.67,642.21,1585.38,1402.2,14.62,21.61,554.08,2387.97,9064.29,1.3,47.47,522.31,2388.04,8147.24,8.3987,0.03,392,2388,100.0,39.0,23.4203,121
47,94,0.0006,-0.0004,100.0,518.67,642.18,1579.57,1403.6,14.62,21.61,554.54,2388.04,9062.86,1.3,47.52,522.39,2388.01,8149.7,8.4471,0.03,393,2388,100.0,38.95,23.3349,120
47,95,-0.0016,0.0002,100.0,518.67,642.21,1593.68,1397.43,14.62,21.61,554.16,2388.04,9060.47,1.3,47.37,521.5,2388.01,8149.57,8.3654,0.03,392,2388,100.0,39.08,23.3771,119
47,96,-0.0037,0.0001,100.0,518.67,642.14,1581.19,1401.09,14.62,21.61,554.48,2388.02,9063.25,1.3,47.15,521.84,2388.06,8156.27,8.4038,0.03,391,2388,100.0,39.15,23.3933,118
47,97,0.0003,-0.0004,100.0,518.67,642.15,1584.34,1402.92,14.62,21.61,553.75,2388.02,9066.85,1.3,47.29,522.26,2388.06,8148.58,8.4086,0.03,391,2388,100.0,38.95,23.3737,117
47,98,-0.0051,0.0003,100.0,518.67,641.42,1583.37,1396.84,14.62,21.61,553.23,2388.04,9062.83,1.3,47.38,521.8,2388.05,8144.96,8.4117,0.03,392,2388,100.0,39.09,23.3579,116
47,99,-0.0003,0.0,100.0,518.67,642.58,1581.79,1404.53,14.62,21.61,554.34,2388.04,9070.58,1.3,47.34,522.16,2388.07,8152.69,8.4243,0.03,393,2388,100.0,38.86,23.3665,115
47,100,0.0047,0.0003,100.0,518.67,642.08,1585.68,1401.92,14.62,21.61,553.79,2387.99,9065.13,1.3,47.33,522.0,2388.02,8148.84,8.3747,0.03,392,2388,100.0,38.86,23.3906,114
47,101,0.0027,0.0003,100.0,518.67,641.96,1591.32,1399.9,14.62,21.61,553.93,2387.97,9068.19,1.3,47.13,521.61,2387.97,8147.26,8.3987,0.03,392,2388,100.0,38.85,23.4541,113
47,102,-0.0013,0.0002,100.0,518.67,642.66,1582.29,1402.69,14.62,21.61,554.85,2388.03,9067.14,1.3,47.43,522.57,2388.01,8154.6,8.392,0.03,392,2388,100.0,39.09,23.2522,112
47,103,0.0034,0.0002,100.0,518.67,642.98,1588.43,1404.6,14.62,21.61,554.19,2388.05,9069.72,1.3,47.34,521.76,2388.03,8152.41,8.4324,0.03,390,2388,100.0,39.01,23.3101,111
47,104,-0.0012,0.0002,100.0,518.67,642.49,1585.78,1398.75,14.62,21.61,554.92,2388.04,9065.11,1.3,47.32,521.97,2387.98,8149.91,8.4539,0.03,392,2388,100.0,38.74,23.3257,110
47,105,-0.0032,-0.0003,100.0,518.67,642.09,1588.22,1404.37,14.62,21.61,554.3,2388.03,9069.89,1.3,47.51,521.47,2388.05,8148.29,8.4147,0.03,394,2388,100.0,38.97,23.3703,109
47,106,-0.0005,0.0,100.0,518.67,642.07,1575.03,1409.09,14.62,21.61,554.29,2388.0,9067.26,1.3,47.37,522.13,2388.02,8151.15,8.4164,0.03,393,2388,100.0,38.94,23.4738,108
47,107,-0.0006,-0.0001,100.0,518.67,641.99,1585.05,1405.92,14.62,21.61,554.51,2388.05,9071.69,1.3,47.19,522.25,2388.05,8146.8,8.4383,0.03,392,2388,100.0,38.86,23.3731,107
47,108,0.0015,0.0003,100.0,518.67,642.69,1584.46,1401.48,14.62,21.61,554.0,2388.02,9068.11,1.3,47.24,522.34,2388.02,8150.13,8.4292,0.03,392,2388,100.0,38.99,23.3755,106
47,109,-0.0038,0.0002,100.0,518.67,642.33,1592.21,1414.4,14.62,21.61,554.3,2388.02,9070.17,1.3,47.42,522.65,2388.04,8152.9,8.4354,0.03,393,2388,100.0,38.87,23.3895,105
47,110,0.0,0.0004,100.0,518.67,642.46,1580.4,1403.36,14.62,21.61,554.48,2388.11,9070.64,1.3,47.29,522.04,2388.03,8151.6,8.3694,0.03,392,2388,100.0,39.1,23.4281,104
47,111,0.0053,0.0002,100.0,518.67,642.82,1585.75,1411.44,14.62,21.61,554.24,2388.01,9065.79,1.3,47.43,522.14,2388.05,8151.92,8.4228,0.03,393,2388,100.0,38.9,23.231,103
47,112,-0.002,0.0001,100.0,518.67,642.06,1592.48,1401.81,14.62,21.61,553.6,2387.98,9068.96,1.3,47.25,521.81,2388.04,8149.25,8.4182,0.03,390,2388,100.0,38.91,23.3327,102
47,113,-0.0027,-0.0005,100.0,518.67,642.18,1584.18,1405.17,14.62,21.61,553.95,2387.98,9070.94,1.3,47.29,521.78,2388.03,8153.47,8.3905,0.03,392,2388,100.0,38.71,23.3483,101
47,114,-0.0081,0.0004,100.0,518.67,642.19,1585.06,1410.45,14.62,21.61,553.76,2388.05,9067.87,1.3,47.3,522.05,2388.05,8146.16,8.3821,0.03,392,2388,100.0,38.74,23.2997,100
47,115,-0.0008,0.0003,100.0,518.67,642.26,1587.72,1404.52,14.62,21.61,553.83,2387.98,9072.23,1.3,47.44,522.12,2388.01,8149.13,8.4589,0.03,392,2388,100.0,38.98,23.4487,99
47,116,-0.0035,0.0004,100.0,518.67,642.87,1584.7,1399.63,14.62,21.61,554.19,2388.05,9068.4,1.3,47.38,522.49,2388.02,8142.07,8.4461,0.03,393,2388,100.0,39.0,23.2924,98
47,117,0.0023,-0.0001,100.0,518.67,642.15,1586.76,1407.32,14.62,21.61,554.0,2388.03,9069.67,1.3,47.46,521.84,2388.04,8150.99,8.4116,0.03,391,2388,100.0,38.81,23.3819,97
47,118,0.0021,-0.0003,100.0,518.67,642.24,1585.84,1395.94,14.62,21.61,552.66,2388.06,9066.11,1.3,47.16,522.47,2388.02,8145.3,8.4615,0.03,393,2388,100.0,38.94,23.3344,96
47,119,0.0058,0.0002,100.0,518.67,641.88,1587.51,1408.39,14.62,21.61,554.09,2388.0,9072.34,1.3,47.22,521.89,2388.06,8149.41,8.4035,0.03,391,2388,100.0,38.62,23.3157,95
47,120,-0.0009,-0.0005,100.0,518.67,642.14,1593.16,1399.21,14.62,21.61,553.1,2388.02,9075.81,1.3,47.49,521.7,2388.02,8155.34,8.4271,0.03,391,2388,100.0,38.84,23.3064,94
47,121,-0.0017,-0.0002,100.0,518.67,642.37,1588.91,1402.36,14.62,21.61,554.0,2388.03,9064.84,1.3,47.42,522.27,2388.08,8147.45,8.4031,0.03,392,2388,100.0,39.06,23.361,93
47,122,-0.0016,-0.0005,100.0,518.67,642.05,1588.81,1399.27,14.62,21.61,554.66,2388.05,9075.41,1.3,47.29,521.96,2388.03,8150.0,8.4332,0.03,392,2388,100.0,39.07,23.2488,92
47,123,0.0029,-0.0004,100.0,518.67,642.28,1585.77,1405.05,14.62,21.61,554.41,2388.14,9069.75,1.3,47.39,522.47,2388.05,8144.18,8.3917,0.03,393,2388,100.0,38.84,23.2879,91
47,124,-0.0054,0.0,100.0,518.67,642.98,1586.0,1405.08,14.62,21.61,553.24,2388.08,9066.84,1.3,47.39,522.23,2388.02,8150.15,8.4207,0.03,392,2388,100.0,38.77,23.3747,90
47,125,0.0019,-0.0004,100.0,518.67,642.1,1586.56,1406.34,14.62,21.61,553.67,2388.04,9080.3,1.3,47.52,521.82,2388.02,8157.34,8.4263,0.03,393,2388,100.0,38.91,23.3462,89
47,126,-0.0015,-0.0005,100.0,518.67,642.35,1586.81,1411.11,14.62,21.61,553.95,2388.11,9066.69,1.3,47.5,521.56,2388.01,8148.25,8.4196,0.03,393,2388,100.0,39.12,23.3697,88
47,127,-0.0022,-0.0005,100.0,518.67,642.33,1588.33,1405.95,14.62,21.61,554.69,2387.99,9065.45,1.3,47.44,522.23,2388.03,8152.18,8.4033,0.03,392,2388,100.0,38.94,23.39,87
47,128,0.0016,0.0004,100.0,518.67,642.55,1589.6,1404.22,14.62,21.61,553.81,2387.99,9078.83,1.3,47.44,522.32,2388.01,8154.51,8.4063,0.03,393,2388,100.0,38.86,23.3346,86
47,129,-0.0011,-0.0002,100.0,518.67,642.35,1583.8,1402.94,14.62,21.61,553.37,2388.04,9076.92,1.3,47.39,521.55,2388.05,8160.18,8.4036,0.03,392,2388,100.0,38.91,23.3945,85
47,130,0.0005,-0.0002,100.0,518.67,642.47,1590.18,1406.25,14.62,21.61,553.85,2388.03,9072.96,1.3,47.36,521.89,2388.05,8147.01,8.3933,0.03,394,2388,100.0,38.92,23.3359,84
47,131,-0.0022,-0.0001,100.0,518.67,642.4,1579.94,1401.11,14.62,21.61,553.66,2388.07,9070.68,1.3,47.57,521.75,2388.07,8148.34,8.4367,0.03,393,2388,100.0,38.87,23.2885,83
47,132,-0.0027,-0.0004,100.0,518.67,641.79,1583.46,1411.1,14.62,21.61,554.07,2387.97,9077.3,1.3,47.52,521.75,2388.07,8153.19,8.4369,0.03,394,2388,100.0,38.91,23.4065,82
47,133,-0.0022,0.0002,100.0,518.67,642.72,1593.37,1401.96,14.62,21.61,553.63,2388.03,9069.49,1.3,47.27,521.9,2388.05,8149.06,8.4125,0.03,392,2388,100.0,38.87,23.3309,81
47,134,0.005,-0.0,100.0,518.67,642.84,1582.69,1400.58,14.62,21.61,553.44,2388.02,9067.37,1.3,47.26,521.98,2388.0,8151.28,8.4323,0.03,392,2388,100.0,38.91,23.3861,80
47,135,0.0024,-0.0005,100.0,518.67,641.86,1595.35,1407.0,14.62,21.61,552.77,2388.09,9082.19,1.3,47.35,522.26,2388.09,8152.76,8.433,0.03,393,2388,100.0,38.71,23.267,79
47,136,-0.0011,-0.0002,100.0,518.67,642.74,1588.33,1406.68,14.62,21.61,553.76,2387.98,9074.92,1.3,47.39,521.46,2388.04,8153.64,8.4401,0.03,392,2388,100.0,38.87,23.379,78
47,137,-0.0013,-0.0002,100.0,518.67,642.7,1589.12,1401.39,14.62,21.61,553.25,2388.06,9074.0,1.3,47.53,521.59,2388.06,8155.36,8.4332,0.03,393,2388,100.0,38.88,23.2847,77
47,138,-0.0005,-0.0002,100.0,518.67,642.45,1589.6,1411.46,14.62,21.61,554.07,2388.06,9072.75,1.3,47.3,521.74,2388.07,8153.67,8.4531,0.03,392,2388,100.0,38.8,23.2686,76
47,139,-0.0016,-0.0003,100.0,518.67,642.57,1584.05,1408.4,14.62,21.61,553.52,2388.01,9077.18,1.3,47.43,521.85,2388.03,8152.77,8.4226,0.03,392,2388,100.0,38.94,23.4256,75
47,140,-0.0027,0.0003,100.0,518.67,642.84,1589.97,1399.76,14.62,21.61,553.87,2388.04,9069.57,1.3,47.3,521.28,2388.02,8150.24,8.4023,0.03,392,2388,100.0,38.87,23.3338,74
47,141,-0.0005,-0.0005,100.0,518.67,642.65,1588.13,1413.07,14.62,21.61,554.03,2388.08,9074.54,1.3,47.21,521.83,2388.07,8149.85,8.3931,0.03,393,2388,100.0,38.95,23.2914,73
47,142,-0.001,0.0,100.0,518.67,642.72,1580.05,1408.59,14.62,21.61,554.32,2388.02,9077.58,1.3,47.4,521.77,2388.05,8156.88,8.4696,0.03,392,2388,100.0,38.97,23.3538,72
47,143,0.002,-0.0005,100.0,518.67,642.7,1587.59,1405.27,14.62,21.61,553.74,2388.1,9069.37,1.3,47.45,521.69,2388.07,8151.16,8.4398,0.03,391,2388,100.0,38.75,23.4264,71
47,144,-0.0009,0.0003,100.0,518.67,642.14,1589.38,1401.06,14.62,21.61,553.04,2388.03,9072.16,1.3,47.39,521.72,2388.04,8152.3,8.4364,0.03,395,2388,100.0,38.81,23.2299,70
47,145,0.0013,-0.0003,100.0,518.67,642.65,1588.8,1399.62,14.62,21.61,552.87,2388.07,9066.15,1.3,47.32,521.82,2388.05,8156.02,8.4433,0.03,392,2388,100.0,38.75,23.3843,69
47,146,0.0031,0.0004,100.0,518.67,642.43,1586.78,1406.7,14.62,21.61,553.6,2388.07,9069.55,1.3,47.48,521.76,2388.03,8150.2,8.4358,0.03,392,2388,100.0,38.74,23.2274,68
47,147,0.0005,0.0004,100.0,518.67,642.62,1597.94,1404.59,14.62,21.61,553.69,2388.1,9081.37,1.3,47.53,521.37,2388.06,8148.92,8.4211,0.03,392,2388,100.0,38.79,23.2998,67
47,148,-0.0004,0.0002,100.0,518.67,642.56,1589.14,1405.85,14.62,21.61,553.11,2388.04,9077.78,1.3,47.49,521.97,2388.05,8152.77,8.4136,0.03,392,2388,100.0,38.93,23.3257,66
47,149,0.0017,-0.0004,100.0,518.67,642.25,1589.77,1402.6,14.62,21.61,553.58,2388.07,9076.72,1.3,47.37,521.38,2388.02,8153.24,8.4267,0.03,392,2388,100.0,38.93,23.2946,65
47,150,-0.0039,-0.0005,100.0,518.67,642.83,1588.18,1405.4,14.62,21.61,553.71,2388.08,9066.87,1.3,47.4,521.81,2388.12,8157.84,8.4068,0.03,393,2388,100.0,38.91,23.2845,64
47,151,-0.0,0.0,100.0,518.67,642.57,1590.14,1404.79,14.62,21.61,553.86,2388.05,9081.54,1.3,47.58,521.63,2388.04,8154.54,8.4609,0.03,394,2388,100.0,38.84,23.257,63
47,152,-0.0029,0.0,100.0,518.67,642.14,1591.49,1401.36,14.62,21.61,553.87,2388.09,9074.22,1.3,47.47,521.46,2388.1,8158.18,8.4696,0.03,393,2388,100.0,38.96,23.2933,62
47,153,-0.0023,-0.0003,100.0,518.67,642.39,1591.33,1415.96,14.62,21.61,553.52,2388.09,9085.46,1.3,47.51,521.52,2388.08,8153.71,8.4527,0.03,394,2388,100.0,38.88,23.2103,61
47,154,-0.0028,0.0002,100.0,518.67,642.71,1591.36,1412.01,14.62,21.61,552.89,2388.11,9073.82,1.3,47.61,521.37,2388.08,8155.33,8.422,0.03,393,2388,100.0,38.57,23.3289,60
47,155,0.0013,-0.0002,100.0,518.67,643.1,1586.7,1414.5,14.62,21.61,553.91,2388.07,9074.98,1.3,47.41,521.71,2388.13,8154.09,8.4319,0.03,393,2388,100.0,38.95,23.2409,59
47,156,-0.001,-0.0002,100.0,518.67,642.45,1588.64,1413.24,14.62,21.61,553.14,2388.07,9076.75,1.3,47.47,521.47,2388.05,8157.32,8.4409,0.03,393,2388,100.0,38.88,23.2812,58
47,157,0.0041,0.0004,100.0,518.67,642.78,1585.01,1407.19,14.62,21.61,552.97,2388.04,9069.95,1.3,47.59,521.75,2388.08,8155.52,8.4509,0.03,392,2388,100.0,38.83,23.2543,57
47,158,-0.0007,0.0002,100.0,518.67,643.21,1590.29,1411.36,14.62,21.61,553.15,2388.13,9075.93,1.3,47.67,520.98,2388.06,8156.42,8.4395,0.03,395,2388,100.0,38.63,23.2164,56
47,159,0.0015,0.0003,100.0,518.67,642.53,1592.17,1412.21,14.62,21.61,552.96,2388.07,9079.76,1.3,47.47,521.36,2388.1,8157.53,8.4692,0.03,394,2388,100.0,38.91,23.3325,55
47,160,-0.0014,-0.0004,100.0,518.67,642.49,1591.0,1405.85,14.62,21.61,554.0,2388.03,9076.05,1.3,47.63,521.41,2388.05,8154.31,8.4644,0.03,393,2388,100.0,38.86,23.3992,54
47,161,0.0029,0.0001,100.0,518.67,642.75,1595.15,1403.99,14.62,21.61,553.33,2388.1,9078.76,1.3,47.41,521.64,2388.05,8160.76,8.4428,0.03,393,2388,100.0,38.9,23.3298,53
47,162,0.0023,-0.0004,100.0,518.67,643.19,1596.5,1410.46,14.62,21.61,553.45,2388.03,9079.58,1.3,47.66,520.77,2388.0,8152.64,8.4377,0.03,395,2388,100.0,38.84,23.3044,52
47,163,-0.0013,0.0,100.0,518.67,642.68,1595.57,1403.14,14.62,21.61,553.09,2388.09,9078.05,1.3,47.55,521.34,2388.08,8156.38,8.4496,0.03,395,2388,100.0,38.77,23.2309,51
47,164,-0.0023,-0.0003,100.0,518.67,643.57,1590.89,1415.32,14.62,21.61,553.16,2388.08,9082.87,1.3,47.56,520.83,2388.08,8155.72,8.4377,0.03,393,2388,100.0,38.61,23.2545,50
47,165,0.0011,0.0002,100.0,518.67,642.63,1595.56,1417.79,14.62,21.61,553.23,2388.02,9081.83,1.3,47.55,521.29,2388.14,8152.71,8.4393,0.03,394,2388,100.0,38.8,23.307,49
47,166,-0.0011,-0.0004,100.0,518.67,642.87,1591.43,1409.8,14.62,21.61,553.94,2388.07,9080.28,1.3,47.56,520.99,2388.06,8156.58,8.4713,0.03,394,2388,100.0,38.74,23.2342,48
47,167,-0.0001,-0.0004,100.0,518.67,643.15,1591.64,1407.03,14.62,21.61,553.16,2388.07,9080.98,1.3,47.58,521.24,2388.06,8155.54,8.465,0.03,393,2388,100.0,38.79,23.2483,47
47,168,0.0006,0.0003,100.0,518.67,641.92,1589.02,1420.46,14.62,21.61,553.09,2388.08,9078.34,1.3,47.47,521.1,2388.11,8154.13,8.4305,0.03,393,2388,100.0,38.78,23.2023,46
47,169,-0.0033,-0.0003,100.0,518.67,643.02,1597.23,1409.48,14.62,21.61,553.16,2388.08,9083.5,1.3,47.64,520.78,2388.1,8154.99,8.4721,0.03,395,2388,100.0,38.81,23.2177,45
47,170,0.0016,0.0001,100.0,518.67,643.0,1590.81,1409.65,14.62,21.61,553.36,2388.09,9080.44,1.3,47.78,521.02,2388.13,8153.74,8.4712,0.03,393,2388,100.0,38.73,23.2731,44
47,171,-0.0006,-0.0002,100.0,518.67,642.69,1592.59,1411.85,14.62,21.61,552.99,2388.09,9087.05,1.3,47.81,520.96,2388.08,8159.45,8.4754,0.03,393,2388,100.0,38.83,23.2605,43
47,172,-0.0002,0.0002,100.0,518.67,642.83,1593.27,1420.82,14.62,21.61,553.78,2388.13,9082.22,1.3,47.45,521.33,2388.13,8157.24,8.451,0.03,394,2388,100.0,38.68,23.2224,42
47,173,0.0016,0.0001,100.0,518.67,642.76,1589.72,1408.5,14.62,21.61,553.34,2388.13,9081.05,1.3,47.74,520.91,2388.15,8162.29,8.4554,0.03,394,2388,100.0,38.73,23.2698,41
47,174,-0.0022,-0.0001,100.0,518.67,642.73,1603.82,1416.84,14.62,21.61,552.8,2388.15,9079.87,1.3,47.76,521.26,2388.11,8159.03,8.4522,0.03,394,2388,100.0,38.56,23.2984,40
47,175,0.0003,0.0003,100.0,518.67,643.37,1586.66,1414.65,14.62,21.61,553.24,2388.1,9085.55,1.3,47.58,521.35,2388.12,8158.32,8.4785,0.03,394,2388,100.0,38.7,23.2637,39
47,176,0.0053,-0.0001,100.0,518.67,643.2,1588.0,1412.74,14.62,21.61,552.13,2388.1,9085.48,1.3,47.72,521.35,2388.09,8166.33,8.42,0.03,394,2388,100.0,38.66,23.2887,38
47,177,0.0038,-0.0004,100.0,518.67,642.59,1591.89,1410.96,14.62,21.61,553.62,2388.09,9085.37,1.3,47.61,520.94,2388.07,8160.6,8.4529,0.03,394,2388,100.0,38.85,23.2514,37
47,178,-0.0026,-0.0001,100.0,518.67,643.0,1589.3,1419.35,14.62,21.61,553.41,2388.14,9088.07,1.3,47.62,520.75,2388.14,8156.23,8.4533,0.03,394,2388,100.0,38.94,23.2409,36
47,179,-0.003,0.0001,100.0,518.67,642.74,1599.01,1409.71,14.62,21.61,553.03,2388.08,9090.19,1.3,47.63,520.79,2388.08,8157.31,8.4837,0.03,395,2388,100.0,38.69,23.209,35
47,180,-0.0035,0.0,100.0,518.67,643.11,1595.48,1413.38,14.62,21.61,552.52,2388.12,9084.74,1.3,47.77,520.74,2388.08,8164.71,8.4831,0.03,393,2388,100.0,38.71,23.1991,34
47,181,-0.0035,0.0003,100.0,518.67,643.25,1596.7,1412.54,14.62,21.61,553.07,2388.14,9086.48,1.3,47.79,521.43,2388.1,8159.96,8.4695,0.03,394,2388,100.0,38.6,23.1514,33
47,182,-0.0009,-0.0002,100.0,518.67,642.92,1602.84,1415.35,14.62,21.61,553.25,2388.06,9084.66,1.3,47.49,520.93,2388.1,8166.77,8.4275,0.03,393,2388,100.0,38.58,23.2178,32
47,183,0.0021,0.0002,100.0,518.67,643.47,1593.24,1417.87,14.62,21.61,552.85,2388.09,9085.92,1.3,47.66,520.93,2388.11,8161.27,8.5075,0.03,394,2388,100.0,38.59,23.1667,31
47,184,-0.0004,0.0001,100.0,518.67,643.28,1600.34,1414.17,14.62,21.61,552.55,2388.12,9085.1,1.3,47.69,520.88,2388.16,8163.05,8.4681,0.03,395,2388,100.0,38.84,23.2984,30
47,185,0.0012,0.0002,100.0,518.67,643.2,1589.6,1414.65,14.62,21.61,551.68,2388.13,9089.57,1.3,47.75,520.79,2388.15,8164.77,8.4672,0.03,395,2388,100.0,38.78,23.1398,29
47,186,0.0007,-0.0002,100.0,518.67,643.03,1597.18,1420.9,14.62,21.61,552.53,2388.12,9091.74,1.3,47.85,521.16,2388.11,8167.18,8.4665,0.03,395,2388,100.0,38.77,23.2148,28
47,187,0.0031,0.0001,100.0,518.67,643.1,1591.92,1415.94,14.62,21.61,553.11,2388.14,9098.16,1.3,47.59,520.74,2388.14,8164.27,8.4654,0.03,393,2388,100.0,38.78,23.1375,27
47,188,-0.0004,-0.0002,100.0,518.67,642.79,1594.86,1422.6,14.62,21.61,553.14,2388.07,9092.04,1.3,47.87,520.79,2388.14,8160.44,8.4657,0.03,395,2388,100.0,38.85,23.1549,26
47,189,-0.0017,-0.0003,100.0,518.67,643.6,1588.23,1416.07,14.62,21.61,552.74,2388.14,9093.48,1.3,47.7,521.0,2388.12,8166.76,8.4749,0.03,395,2388,100.0,38.62,23.1605,25
47,190,0.0029,0.0002,100.0,518.67,642.58,1599.1,1417.1,14.62,21.61,552.37,2388.12,9092.34,1.3,47.81,520.86,2388.11,8164.87,8.4962,0.03,394,2388,100.0,38.65,23.1856,24
47,191,-0.0004,-0.0005,100.0,518.67,642.93,1599.84,1410.03,14.62,21.61,552.82,2388.21,9088.84,1.3,47.76,520.75,2388.11,8164.28,8.4839,0.03,395,2388,100.0,38.69,23.1444,23
47,192,-0.0016,0.0004,100.0,518.67,643.23,1597.43,1419.79,14.62,21.61,552.3,2388.15,9084.48,1.3,47.8,520.11,2388.15,8171.67,8.4801,0.03,395,2388,100.0,38.64,23.1599,22
47,193,-0.0013,0.0002,100.0,518.67,643.8,1603.73,1415.5,14.62,21.61,552.46,2388.09,9087.06,1.3,47.77,521.01,2388.11,8167.32,8.4949,0.03,394,2388,100.0,38.58,23.1101,21
47,194,0.0038,-0.0002,100.0,518.67,643.52,1595.3,1425.64,14.62,21.61,552.76,2388.09,9089.81,1.3,47.96,519.99,2388.11,8163.51,8.5068,0.03,396,2388,100.0,38.53,23.1098,20
47,195,0.0058,0.0002,100.0,518.67,643.19,1599.61,1422.83,14.62,21.61,553.11,2388.12,9101.84,1.3,47.77,520.73,2388.06,8165.6,8.4709,0.03,393,2388,100.0,38.77,23.0628,19
47,196,-0.0009,-0.0002,100.0,518.67,643.63,1597.71,1417.23,14.62,21.61,552.88,2388.21,9094.9,1.3,47.94,520.67,2388.12,8165.74,8.4911,0.03,396,2388,100.0,38.58,23.1176,18
47,197,0.0036,-0.0004,100.0,518.67,642.95,1605.33,1419.36,14.62,21.61,551.5,2388.13,9099.43,1.3,47.81,520.44,2388.13,8167.15,8.4904,0.03,396,2388,100.0,38.61,23.1407,17
47,198,-0.002,-0.0005,100.0,518.67,642.75,1595.13,1424.51,14.62,21.61,552.03,2388.15,9086.83,1.3,48.02,520.39,2388.13,8165.76,8.4854,0.03,395,2388,100.0,38.65,23.1176,16
47,199,0.0052,0.0004,100.0,518.67,643.28,1599.02,1424.43,14.62,21.61,552.16,2388.16,9092.46,1.3,48.01,520.28,2388.15,8165.48,8.4941,0.03,394,2388,100.0,38.62,23.0752,15
47,200,-0.0,0.0003,100.0,518.67,643.08,1596.65,1426.1,14.62,21.61,551.53,2388.17,9094.81,1.3,48.03,519.99,2388.15,8171.1,8.5028,0.03,396,2388,100.0,38.49,23.0787,14
47,201,0.0004,-0.0005,100.0,518.67,643.6,1593.02,1415.24,14.62,21.61,552.42,2388.19,9096.77,1.3,48.04,520.53,2388.15,8171.36,8.4752,0.03,395,2388,100.0,38.68,23.1646,13
47,202,-0.005,0.0004,100.0,518.67,643.1,1600.95,1422.52,14.62,21.61,552.08,2388.14,9098.73,1.3,48.07,520.49,2388.2,8170.05,8.4844,0.03,395,2388,100.0,38.66,22.9843,12
47,203,0.0032,-0.0003,100.0,518.67,643.41,1593.11,1426.57,14.62,21.61,552.11,2388.12,9096.51,1.3,47.84,520.43,2388.2,8171.3,8.5001,0.03,396,2388,100.0,38.49,23.0978,11
47,204,0.0032,-0.0004,100.0,518.67,642.93,1604.59,1436.65,14.62,21.61,551.42,2388.17,9094.7,1.3,48.13,520.23,2388.15,8167.8,8.5228,0.03,395,2388,100.0,38.68,23.1709,10
47,205,-0.0069,-0.0001,100.0,518.67,643.65,1604.96,1426.06,14.62,21.61,552.2,2388.16,9100.79,1.3,47.98,520.43,2388.15,8173.16,8.5473,0.03,396,2388,100.0,38.56,23.191,9
47,206,-0.002,0.0001,100.0,518.67,643.19,1598.99,1425.61,14.62,21.61,552.35,2388.16,9098.91,1.3,47.96,520.64,2388.15,8166.29,8.4887,0.03,396,2388,100.0,38.42,23.0552,8
47,207,-0.0024,-0.0003,100.0,518.67,643.31,1605.32,1426.49,14.62,21.61,551.04,2388.18,9099.45,1.3,48.13,520.12,2388.23,8176.28,8.5257,0.03,396,2388,100.0,38.36,23.065,7
47,208,-0.0006,-0.0005,100.0,518.67,644.02,1598.2,1420.91,14.62,21.61,552.08,2388.16,9101.7,1.3,48.12,519.5,2388.19,8174.65,8.53,0.03,397,2388,100.0,38.57,23.1465,6
47,209,0.0044,-0.0,100.0,518.67,643.22,1597.77,1427.12,14.62,21.61,551.47,2388.19,9109.37,1.3,48.05,520.5,2388.18,8173.07,8.5429,0.03,396,2388,100.0,38.4,23.1393,5
47,210,-0.0015,0.0001,100.0,518.67,643.78,1606.28,1422.21,14.62,21.61,551.76,2388.2,9109.62,1.3,48.0,519.87,2388.2,8174.55,8.5324,0.03,396,2388,100.0,38.52,23.107,4
47,211,-0.0006,-0.0005,100.0,518.67,642.96,1605.71,1433.16,14.62,21.61,551.77,2388.2,9097.78,1.3,48.14,520.18,2388.21,8173.23,8.4635,0.03,396,2388,100.0,38.25,23.0423,3
47,212,-0.0021,0.0004,100.0,518.67,643.4,1600.06,1427.67,14.62,21.61,551.63,2388.24,9110.6,1.3,47.97,520.55,2388.23,8171.29,8.5209,0.03,396,2388,100.0,38.53,23.0345,2
47,213,-0.0015,-0.0003,100.0,518.67,643.9,1604.52,1422.89,14.62,21.61,551.93,2388.21,9109.27,1.3,48.23,520.18,2388.23,8176.56,8.527,0.03,397,2388,100.0,38.59,22.965,1
47,214,0.0032,-0.0001,100.0,518.67,643.5,1602.64,1433.3,14.62,21.61,551.7,2388.21,9107.27,1.3,48.28,519.72,2388.22,8176.36,8.5238,0.03,395,2388,100.0,38.48,23.1299,0
48,1,0.0022,-0.0001,100.0,518.67,642.39,1576.34,1403.88,14.62,21.61,554.29,2388.01,9062.79,1.3,47.39,521.98,2388.02,8148.9,8.4149,0.03,391,2388,100.0,39.01,23.4323,230
48,2,0.0033,-0.0,100.0,518.67,642.06,1581.14,1401.49,14.62,21.61,554.11,2387.98,9065.1,1.3,47.26,522.48,2387.99,8144.72,8.4182,0.03,394,2388,100.0,39.0,23.3808,229
48,3,0.0026,-0.0004,100.0,518.67,642.07,1584.44,1404.37,14.62,21.61,554.97,2387.98,9060.38,1.3,47.38,522.65,2388.03,8145.33,8.3994,0.03,391,2388,100.0,39.17,23.4419,228
48,4,0.0004,-0.0002,100.0,518.67,642.16,1585.47,1395.88,14.62,21.61,553.67,2388.01,9066.63,1.3,47.39,522.38,2388.03,8148.32,8.4051,0.03,393,2388,100.0,39.21,23.2644,227
48,5,0.0022,0.0001,100.0,518.67,642.84,1586.98,1400.11,14.62,21.61,553.62,2387.98,9066.16,1.3,47.15,521.8,2388.04,8144.23,8.4181,0.03,394,2388,100.0,38.97,23.4096,226
48,6,0.0015,0.0002,100.0,518.67,642.25,1587.09,1404.26,14.62,21.61,554.68,2387.97,9066.56,1.3,47.32,522.38,2387.99,8146.34,8.4022,0.03,392,2388,100.0,38.89,23.3299,225
48,7,-0.004,0.0003,100.0,518.67,642.3,1582.04,1399.55,14.62,21.61,554.63,2387.98,9066.45,1.3,47.38,522.18,2388.03,8147.34,8.4022,0.03,391,2388,100.0,39.02,23.4346,224
48,8,0.0025,0.0001,100.0,518.67,641.9,1576.47,1397.54,14.62,21.61,553.93,2387.98,9064.2,1.3,47.46,522.15,2388.06,8141.87,8.4118,0.03,391,2388,100.0,39.12,23.3935,223
48,9,-0.0027,0.0001,100.0,518.67,642.04,1583.9,1396.15,14.62,21.61,554.66,2388.01,9068.56,1.3,47.16,522.13,2387.99,8144.64,8.4081,0.03,393,2388,100.0,38.96,23.3517,222
48,10,0.003,-0.0001,100.0,518.67,642.86,1583.54,1394.31,14.62,21.61,554.63,2388.0,9058.86,1.3,46.94,521.96,2387.96,8149.69,8.39,0.03,391,2388,100.0,39.01,23.5182,221
48,11,-0.0003,0.0005,100.0,518.67,642.33,1581.65,1401.42,14.62,21.61,554.17,2387.96,9065.92,1.3,47.27,521.87,2388.0,8150.89,8.4178,0.03,391,2388,100.0,38.85,23.4575,220
48,12,0.0006,0.0001,100.0,518.67,642.4,1590.97,1396.97,14.62,21.61,554.52,2388.03,9059.34,1.3,47.16,522.4,2388.01,8144.6,8.3824,0.03,391,2388,100.0,39.01,23.4385,219
48,13,0.0025,-0.0002,100.0,518.67,642.69,1581.93,1395.69,14.62,21.61,554.18,2388.03,9066.23,1.3,47.11,521.79,2387.97,8138.26,8.4151,0.03,392,2388,100.0,38.88,23.4703,218
48,14,-0.0,-0.0002,100.0,518.67,642.28,1587.36,1394.82,14.62,21.6,554.22,2388.02,9069.23,1.3,47.01,522.16,2388.03,8143.53,8.4054,0.03,390,2388,100.0,38.96,23.3859,217
48,15,-0.0036,-0.0001,100.0,518.67,642.17,1587.61,1394.65,14.62,21.6,554.16,2388.02,9070.49,1.3,47.31,522.47,2388.01,8148.07,8.4253,0.03,392,2388,100.0,39.14,23.4874,216
48,16,0.0007,0.0002,100.0,518.67,642.13,1586.28,1389.4,14.62,21.61,554.62,2387.98,9062.83,1.3,47.33,522.66,2387.99,8144.07,8.4081,0.03,392,2388,100.0,39.0,23.3461,215
48,17,0.0025,-0.0005,100.0,518.67,641.99,1588.51,1395.88,14.62,21.61,554.35,2387.95,9064.41,1.3,47.1,522.43,2388.03,8150.45,8.4168,0.03,392,2388,100.0,38.91,23.4134,214
48,18,0.0006,0.0001,100.0,518.67,641.72,1584.75,1396.3,14.62,21.61,553.76,2388.05,9058.29,1.3,47.12,522.21,2387.97,8150.72,8.425,0.03,391,2388,100.0,38.88,23.4058,213
48,19,-0.0012,-0.0004,100.0,518.67,642.57,1585.16,1395.01,14.62,21.61,554.61,2388.0,9061.12,1.3,47.38,522.46,2387.99,8143.83,8.4106,0.03,391,2388,100.0,38.91,23.3902,212
48,20,0.0006,0.0003,100.0,518.67,641.78,1584.29,1403.8,14.62,21.61,553.69,2388.01,9065.94,1.3,47.12,522.7,2387.99,8144.96,8.3923,0.03,392,2388,100.0,38.95,23.381,211
48,21,-0.0023,0.0004,100.0,518.67,641.93,1580.07,1398.66,14.62,21.61,554.15,2388.03,9064.54,1.3,47.18,522.21,2388.03,8147.33,8.3984,0.03,392,2388,100.0,39.07,23.4726,210
48,22,0.0031,0.0004,100.0,518.67,642.34,1585.29,1409.48,14.62,21.61,554.65,2388.04,9066.3,1.3,47.06,522.49,2387.99,8148.61,8.4103,0.03,393,2388,100.0,38.92,23.4722,209
48,23,-0.0004,0.0001,100.0,518.67,642.51,1572.34,1401.51,14.62,21.6,554.21,2388.03,9060.99,1.3,47.24,522.37,2388.03,8147.17,8.3828,0.03,392,2388,100.0,39.1,23.2976,208
48,24,-0.0023,0.0002,100.0,518.67,642.16,1587.86,1399.38,14.62,21.61,554.73,2388.04,9063.43,1.3,47.21,522.18,2388.04,8144.37,8.452,0.03,392,2388,100.0,38.97,23.4347,207
48,25,0.0007,0.0001,100.0,518.67,642.04,1581.05,1390.8,14.62,21.61,554.37,2388.03,9058.03,1.3,47.04,522.26,2388.01,8149.78,8.3806,0.03,392,2388,100.0,38.99,23.4623,206
48,26,0.0009,-0.0001,100.0,518.67,642.17,1588.21,1396.71,14.62,21.61,554.59,2388.02,9063.8,1.3,47.21,522.44,2388.06,8146.97,8.3984,0.03,390,2388,100.0,38.98,23.3157,205
48,27,0.0022,0.0001,100.0,518.67,642.32,1583.89,1395.44,14.62,21.61,554.17,2387.99,9063.6,1.3,47.44,522.13,2388.03,8150.42,8.4059,0.03,391,2388,100.0,38.99,23.435,204
48,28,0.0013,-0.0003,100.0,518.67,641.94,1578.18,1400.78,14.62,21.61,553.91,2388.01,9065.02,1.3,47.31,522.05,2387.99,8151.99,8.3972,0.03,391,2388,100.0,38.85,23.3393,203
48,29,0.0009,0.0002,100.0,518.67,641.87,1589.61,1396.77,14.62,21.61,553.84,2387.98,9066.41,1.3,47.1,522.45,2387.99,8147.49,8.4041,0.03,392,2388,100.0,39.09,23.4955,202
48,30,-0.001,-0.0,100.0,518.67,641.98,1590.33,1393.3,14.62,21.61,553.65,2388.02,9057.96,1.3,47.3,522.73,2388.0,8142.15,8.4048,0.03,391,2388,100.0,38.94,23.3828,201
48,31,0.0055,0.0004,100.0,518.67,642.28,1587.01,1398.14,14.62,21.61,553.86,2387.99,9067.04,1.3,47.28,521.99,2387.99,8149.31,8.4127,0.03,391,2388,100.0,39.25,23.3682,200
48,32,-0.0036,-0.0004,100.0,518.67,642.58,1584.43,1399.54,14.62,21.6,554.79,2388.01,9060.82,1.3,47.2,521.79,2388.01,8153.82,8.397,0.03,391,2388,100.0,38.96,23.4056,199
48,33,0.0013,-0.0001,100.0,518.67,642.27,1582.17,1398.03,14.62,21.61,554.42,2388.03,9059.03,1.3,47.24,522.48,2387.98,8142.09,8.4372,0.03,393,2388,100.0,38.91,23.3628,198
48,34,-0.0015,-0.0001,100.0,518.67,642.31,1576.99,1401.23,14.62,21.61,553.73,2387.99,9070.98,1.3,47.33,522.62,2388.01,8144.97,8.3651,0.03,392,2388,100.0,39.12,23.3232,197
48,35,0.0034,-0.0001,100.0,518.67,641.84,1583.47,1393.4,14.62,21.61,553.66,2388.03,9067.72,1.3,47.15,522.66,2388.08,8145.03,8.438,0.03,391,2388,100.0,38.72,23.4334,196
48,36,0.0001,0.0005,100.0,518.67,642.2,1589.6,1406.3,14.62,21.61,553.91,2387.98,9057.89,1.3,47.31,522.45,2388.06,8147.64,8.4164,0.03,390,2388,100.0,39.08,23.4601,195
48,37,-0.0011,0.0001,100.0,518.67,642.45,1583.54,1395.63,14.62,21.6,553.39,2388.02,9064.29,1.3,47.11,522.06,2388.03,8146.17,8.3687,0.03,392,2388,100.0,39.08,23.4468,194
48,38,0.0006,-0.0001,100.0,518.67,642.52,1583.12,1403.58,14.62,21.61,554.97,2387.99,9068.09,1.3,47.24,522.41,2388.01,8151.48,8.4222,0.03,392,2388,100.0,38.92,23.3366,193
48,39,-0.002,0.0004,100.0,518.67,642.17,1584.48,1403.94,14.62,21.61,553.5,2387.98,9067.03,1.3,47.29,522.2,2387.95,8149.6,8.3819,0.03,393,2388,100.0,39.09,23.3152,192
48,40,-0.0019,-0.0005,100.0,518.67,642.37,1580.52,1402.27,14.62,21.61,554.0,2388.01,9061.16,1.3,47.1,522.27,2387.99,8142.88,8.3993,0.03,392,2388,100.0,39.15,23.4574,191
48,41,0.0003,-0.0005,100.0,518.67,641.92,1592.88,1398.46,14.62,21.6,553.61,2387.97,9069.62,1.3,47.33,522.23,2388.02,8147.85,8.4133,0.03,392,2388,100.0,38.99,23.4511,190
48,42,-0.0002,-0.0004,100.0,518.67,641.86,1591.61,1396.98,14.62,21.61,554.32,2388.02,9060.38,1.3,47.13,522.2,2387.99,8147.53,8.3996,0.03,391,2388,100.0,38.82,23.4084,189
48,43,-0.0,-0.0002,100.0,518.67,641.95,1587.48,1398.16,14.62,21.61,553.89,2388.01,9068.92,1.3,47.07,521.94,2387.98,8144.91,8.4259,0.03,392,2388,100.0,38.89,23.2892,188
48,44,-0.0013,0.0005,100.0,518.67,642.02,1588.3,1400.69,14.62,21.6,554.58,2387.97,9063.5,1.3,47.05,522.01,2388.03,8146.44,8.3957,0.03,391,2388,100.0,39.05,23.4356,187
48,45,0.0005,0.0001,100.0,518.67,642.43,1583.17,1406.77,14.62,21.61,554.8,2388.04,9063.39,1.3,47.16,522.12,2388.07,8137.78,8.3878,0.03,392,2388,100.0,38.72,23.3696,186
48,46,0.0015,0.0001,100.0,518.67,642.1,1591.04,1404.53,14.62,21.61,554.63,2388.05,9067.78,1.3,47.21,522.69,2388.0,8149.34,8.3794,0.03,391,2388,100.0,39.06,23.3096,185
48,47,0.001,-0.0005,100.0,518.67,642.22,1586.22,1394.9,14.62,21.61,554.28,2388.04,9062.28,1.3,47.24,521.99,2388.04,8147.93,8.4026,0.03,394,2388,100.0,39.0,23.3863,184
48,48,0.0022,-0.0001,100.0,518.67,641.83,1583.38,1396.86,14.62,21.61,554.11,2388.01,9068.76,1.3,47.27,522.09,2387.94,8148.96,8.4226,0.03,391,2388,100.0,39.01,23.3603,183
48,49,-0.0025,0.0001,100.0,518.67,642.54,1589.97,1408.52,14.62,21.61,554.07,2388.01,9063.1,1.3,47.2,522.41,2387.97,8149.09,8.3885,0.03,390,2388,100.0,39.16,23.4253,182
48,50,0.0009,0.0002,100.0,518.67,642.12,1590.3,1400.48,14.62,21.61,554.59,2388.01,9064.86,1.3,47.23,522.22,2388.02,8143.03,8.4059,0.03,392,2388,100.0,39.09,23.3963,181
48,51,0.002,-0.0003,100.0,518.67,642.23,1581.67,1400.15,14.62,21.61,554.36,2388.02,9075.25,1.3,47.16,522.16,2387.96,8145.58,8.3767,0.03,391,2388,100.0,39.04,23.2452,180
48,52,0.0001,0.0,100.0,518.67,642.28,1584.95,1401.76,14.62,21.61,555.14,2388.01,9074.72,1.3,47.28,522.75,2388.0,8149.61,8.4004,0.03,391,2388,100.0,39.04,23.4298,179
48,53,0.0047,-0.0,100.0,518.67,642.13,1584.49,1400.43,14.62,21.61,553.53,2388.05,9063.24,1.3,47.29,522.26,2388.03,8144.72,8.3792,0.03,394,2388,100.0,38.83,23.353,178
48,54,-0.0021,0.0004,100.0,518.67,642.54,1575.01,1399.05,14.62,21.61,554.41,2387.98,9062.43,1.3,47.15,522.06,2388.04,8145.85,8.3645,0.03,392,2388,100.0,38.84,23.3466,177
48,55,0.0013,0.0003,100.0,518.67,642.5,1583.85,1400.9,14.62,21.61,554.84,2387.98,9063.16,1.3,47.1,522.16,2388.02,8145.11,8.4213,0.03,393,2388,100.0,39.06,23.371,176
48,56,-0.001,-0.0001,100.0,518.67,642.25,1587.02,1391.58,14.62,21.61,554.32,2387.99,9067.49,1.3,47.12,522.82,2388.04,8144.19,8.3953,0.03,391,2388,100.0,38.95,23.3373,175
48,57,-0.0008,-0.0003,100.0,518.67,642.18,1590.35,1403.2,14.62,21.61,554.58,2388.0,9067.11,1.3,47.16,522.52,2388.07,8147.8,8.3906,0.03,392,2388,100.0,38.92,23.3417,174
48,58,-0.0024,0.0001,100.0,518.67,642.01,1585.1,1402.41,14.62,21.61,553.88,2388.08,9067.43,1.3,47.22,522.39,2387.95,8145.18,8.3903,0.03,392,2388,100.0,39.03,23.3852,173
48,59,0.0009,-0.0002,100.0,518.67,642.23,1578.8,1398.39,14.62,21.61,554.36,2387.98,9072.79,1.3,47.23,522.31,2388.01,8151.67,8.4242,0.03,393,2388,100.0,38.92,23.3584,172
48,60,0.0012,0.0003,100.0,518.67,641.96,1586.16,1392.42,14.62,21.6,553.8,2387.96,9064.01,1.3,47.23,522.15,2388.01,8146.22,8.4251,0.03,391,2388,100.0,38.9,23.3977,171
48,61,0.0009,0.0002,100.0,518.67,642.01,1586.52,1399.36,14.62,21.61,554.68,2388.03,9068.8,1.3,47.34,522.13,2388.02,8147.89,8.4184,0.03,392,2388,100.0,38.78,23.3682,170
48,62,-0.0039,-0.0004,100.0,518.67,641.88,1592.04,1403.23,14.62,21.61,554.29,2388.03,9061.83,1.3,47.14,522.32,2387.96,8143.83,8.3932,0.03,391,2388,100.0,38.95,23.4076,169
48,63,-0.0015,-0.0003,100.0,518.67,641.88,1585.01,1398.86,14.62,21.61,553.58,2388.01,9069.38,1.3,47.18,522.46,2387.95,8152.55,8.4306,0.03,392,2388,100.0,38.99,23.4837,168
48,64,0.0003,-0.0003,100.0,518.67,642.28,1586.88,1399.85,14.62,21.61,554.68,2388.0,9072.85,1.3,47.32,522.11,2387.99,8150.85,8.3648,0.03,391,2388,100.0,39.03,23.4145,167
48,65,-0.0005,0.0004,100.0,518.67,642.23,1587.09,1392.72,14.62,21.61,554.3,2388.01,9071.08,1.3,47.35,522.83,2388.06,8152.6,8.3833,0.03,392,2388,100.0,39.2,23.4317,166
48,66,0.0034,0.0004,100.0,518.67,642.39,1580.02,1406.96,14.62,21.61,554.61,2388.02,9060.34,1.3,47.3,522.32,2387.93,8151.18,8.4118,0.03,391,2388,100.0,39.03,23.5172,165
48,67,0.0032,0.0002,100.0,518.67,642.53,1585.13,1404.21,14.62,21.6,554.45,2388.04,9065.13,1.3,47.23,522.41,2388.07,8148.25,8.3907,0.03,392,2388,100.0,39.03,23.3576,164
48,68,-0.0015,-0.0,100.0,518.67,642.23,1583.38,1401.44,14.62,21.61,554.36,2388.0,9058.48,1.3,47.19,522.09,2387.98,8152.3,8.3949,0.03,391,2388,100.0,39.13,23.4937,163
48,69,-0.0004,0.0001,100.0,518.67,642.17,1582.02,1396.62,14.62,21.61,554.35,2388.02,9068.0,1.3,47.26,522.32,2388.0,8151.2,8.4017,0.03,391,2388,100.0,39.08,23.4277,162
48,70,-0.0024,-0.0002,100.0,518.67,642.53,1588.61,1401.9,14.62,21.61,554.0,2388.0,9067.82,1.3,47.27,522.97,2387.95,8146.86,8.4117,0.03,393,2388,100.0,39.03,23.3765,161
48,71,-0.0014,-0.0005,100.0,518.67,642.39,1585.74,1399.17,14.62,21.61,554.48,2388.06,9065.38,1.3,47.29,521.69,2388.05,8147.57,8.4387,0.03,392,2388,100.0,39.17,23.4199,160
48,72,0.0024,-0.0003,100.0,518.67,642.08,1589.47,1400.71,14.62,21.6,554.59,2387.98,9065.25,1.3,47.2,521.78,2388.0,8145.02,8.3982,0.03,392,2388,100.0,39.03,23.3513,159
48,73,0.001,0.0002,100.0,518.67,642.27,1590.06,1397.73,14.62,21.61,554.35,2388.02,9064.3,1.3,47.17,522.8,2388.01,8151.58,8.4124,0.03,393,2388,100.0,39.04,23.3671,158
48,74,0.0021,-0.0003,100.0,518.67,642.03,1578.3,1400.9,14.62,21.61,554.04,2387.98,9073.84,1.3,47.39,522.45,2387.99,8151.75,8.4105,0.03,391,2388,100.0,38.95,23.3725,157
48,75,0.0009,-0.0001,100.0,518.67,642.01,1587.37,1400.42,14.62,21.61,554.22,2388.0,9067.46,1.3,47.24,522.27,2388.03,8146.95,8.3744,0.03,393,2388,100.0,38.92,23.2872,156
48,76,-0.0006,-0.0004,100.0,518.67,642.77,1587.9,1396.48,14.62,21.61,554.82,2387.99,9072.87,1.3,47.31,522.3,2388.03,8148.63,8.4701,0.03,391,2388,100.0,38.95,23.459,155
48,77,0.0012,-0.0003,100.0,518.67,642.68,1586.78,1399.73,14.62,21.61,554.29,2388.04,9075.06,1.3,47.18,522.2,2388.02,8155.62,8.4379,0.03,391,2388,100.0,39.03,23.424,154
48,78,0.0005,-0.0,100.0,518.67,641.83,1587.16,1391.09,14.62,21.61,554.63,2388.01,9073.42,1.3,47.41,522.36,2387.98,8148.95,8.4202,0.03,392,2388,100.0,39.01,23.4659,153
48,79,0.0019,-0.0001,100.0,518.67,642.55,1583.0,1397.4,14.62,21.61,553.67,2388.01,9066.65,1.3,47.26,521.95,2387.99,8152.41,8.4206,0.03,392,2388,100.0,38.88,23.4111,152
48,80,0.001,0.0004,100.0,518.67,642.1,1587.39,1395.96,14.62,21.61,554.86,2387.99,9071.21,1.3,47.15,522.39,2387.98,8149.96,8.3931,0.03,392,2388,100.0,38.99,23.492,151
48,81,-0.0,0.0001,100.0,518.67,641.83,1584.25,1396.2,14.62,21.61,555.07,2388.02,9073.68,1.3,47.25,522.31,2388.02,8144.94,8.3891,0.03,392,2388,100.0,38.88,23.431,150
48,82,0.0002,0.0,100.0,518.67,642.65,1587.84,1404.42,14.62,21.61,554.38,2388.05,9071.72,1.3,47.38,522.5,2388.01,8150.17,8.4353,0.03,392,2388,100.0,39.15,23.3756,149
48,83,0.0008,0.0,100.0,518.67,642.58,1589.08,1399.29,14.62,21.61,554.83,2388.01,9070.49,1.3,47.26,522.17,2388.01,8149.02,8.435,0.03,392,2388,100.0,39.06,23.3687,148
48,84,0.0033,-0.0002,100.0,518.67,642.16,1584.08,1403.77,14.62,21.61,554.36,2388.06,9072.69,1.3,47.18,522.48,2388.02,8151.5,8.3702,0.03,394,2388,100.0,39.0,23.4543,147
48,85,0.0011,-0.0004,100.0,518.67,642.53,1587.82,1400.3,14.62,21.61,554.54,2388.04,9074.13,1.3,47.24,522.51,2387.96,8148.85,8.4205,0.03,391,2388,100.0,38.93,23.3965,146
48,86,0.0033,-0.0001,100.0,518.67,642.1,1582.17,1393.24,14.62,21.61,554.21,2388.0,9070.56,1.3,47.27,522.13,2388.08,8153.66,8.4137,0.03,392,2388,100.0,39.01,23.3646,145
48,87,-0.0055,-0.0003,100.0,518.67,642.43,1583.44,1398.08,14.62,21.61,554.15,2388.01,9062.92,1.3,47.11,522.77,2387.99,8151.48,8.4385,0.03,392,2388,100.0,39.02,23.3078,144
48,88,-0.0014,0.0004,100.0,518.67,642.53,1588.09,1405.22,14.62,21.61,554.39,2388.06,9072.06,1.3,47.18,522.18,2387.98,8151.18,8.4046,0.03,392,2388,100.0,38.9,23.4976,143
48,89,0.0004,0.0004,100.0,518.67,641.92,1588.82,1400.71,14.62,21.61,554.55,2388.02,9067.82,1.3,47.2,522.04,2388.01,8151.07,8.4119,0.03,392,2388,100.0,39.01,23.4373,142
48,90,0.0002,-0.0004,100.0,518.67,642.39,1584.2,1408.35,14.62,21.61,554.32,2387.99,9066.63,1.3,47.27,522.58,2387.97,8147.76,8.4214,0.03,392,2388,100.0,39.08,23.4554,141
48,91,0.0005,-0.0004,100.0,518.67,643.01,1588.81,1407.43,14.62,21.61,553.75,2388.02,9069.24,1.3,47.15,521.86,2387.98,8151.93,8.3903,0.03,392,2388,100.0,38.78,23.4528,140
48,92,0.0021,0.0004,100.0,518.67,642.11,1582.91,1402.49,14.62,21.61,554.09,2388.02,9067.31,1.3,47.24,522.2,2388.01,8149.59,8.3902,0.03,392,2388,100.0,39.21,23.4104,139
48,93,-0.0007,0.0002,100.0,518.67,641.81,1588.72,1401.94,14.62,21.61,554.38,2387.96,9063.22,1.3,47.35,522.04,2388.0,8152.73,8.3866,0.03,392,2388,100.0,38.96,23.3816,138
48,94,0.0,0.0004,100.0,518.67,642.35,1590.94,1400.85,14.62,21.61,553.26,2388.02,9072.58,1.3,47.39,522.26,2388.03,8156.38,8.3954,0.03,392,2388,100.0,39.16,23.4658,137
48,95,0.0002,0.0001,100.0,518.67,642.5,1583.11,1396.02,14.62,21.61,553.61,2387.97,9071.52,1.3,47.53,522.33,2387.99,8150.64,8.3951,0.03,391,2388,100.0,38.96,23.5076,136
48,96,-0.0023,0.0001,100.0,518.67,642.24,1589.59,1403.77,14.62,21.61,553.85,2388.06,9069.29,1.3,47.3,522.03,2387.99,8150.46,8.4118,0.03,392,2388,100.0,38.9,23.4029,135
48,97,0.0005,0.0002,100.0,518.67,642.13,1580.52,1401.46,14.62,21.61,554.5,2387.99,9085.69,1.3,47.21,522.12,2387.95,8153.49,8.4335,0.03,392,2388,100.0,39.08,23.4349,134
48,98,0.0041,-0.0001,100.0,518.67,642.36,1581.34,1404.85,14.62,21.61,554.12,2388.04,9075.13,1.3,47.31,522.46,2388.07,8151.51,8.4218,0.03,392,2388,100.0,38.76,23.4492,133
48,99,-0.0006,-0.0001,100.0,518.67,642.79,1582.66,1404.64,14.62,21.61,554.13,2388.06,9077.33,1.3,47.38,522.27,2388.05,8153.44,8.4169,0.03,392,2388,100.0,38.68,23.4172,132
48,100,-0.0039,-0.0004,100.0,518.67,642.38,1591.08,1397.66,14.62,21.61,554.8,2387.99,9071.62,1.3,47.33,522.07,2387.99,8143.76,8.3974,0.03,392,2388,100.0,38.94,23.4921,131
48,101,0.0004,0.0002,100.0,518.67,641.95,1589.3,1402.75,14.62,21.61,553.93,2388.0,9079.94,1.3,47.38,521.8,2387.97,8153.2,8.3922,0.03,392,2388,100.0,39.05,23.4642,130
48,102,0.0012,-0.0002,100.0,518.67,642.05,1587.96,1404.51,14.62,21.61,554.59,2388.03,9066.87,1.3,47.27,522.46,2388.0,8153.16,8.4095,0.03,392,2388,100.0,39.03,23.3615,129
48,103,-0.0012,0.0,100.0,518.67,641.91,1584.21,1402.82,14.62,21.61,554.44,2387.98,9069.21,1.3,47.36,522.0,2388.04,8150.45,8.4417,0.03,392,2388,100.0,38.94,23.2994,128
48,104,0.0057,0.0001,100.0,518.67,642.21,1584.14,1397.78,14.62,21.61,554.0,2388.03,9075.12,1.3,47.27,522.45,2387.96,8153.77,8.4198,0.03,391,2388,100.0,38.88,23.3039,127
48,105,-0.0022,0.0005,100.0,518.67,642.3,1587.08,1397.38,14.62,21.61,554.55,2388.0,9075.79,1.3,47.29,522.44,2387.99,8154.72,8.4262,0.03,394,2388,100.0,38.94,23.3078,126
48,106,0.0,0.0002,100.0,518.67,642.54,1584.65,1402.06,14.62,21.61,554.98,2388.03,9074.22,1.3,47.4,522.1,2388.01,8158.34,8.3848,0.03,391,2388,100.0,38.9,23.3834,125
48,107,0.0001,0.0003,100.0,518.67,642.97,1580.2,1399.73,14.62,21.61,554.5,2388.06,9070.54,1.3,47.37,522.48,2388.04,8149.16,8.4038,0.03,393,2388,100.0,39.04,23.4044,124
48,108,0.0063,0.0005,100.0,518.67,642.43,1583.52,1403.39,14.62,21.61,554.61,2388.01,9069.45,1.3,47.53,521.81,2388.04,8155.53,8.4224,0.03,392,2388,100.0,38.95,23.2532,123
48,109,0.0013,-0.0001,100.0,518.67,642.96,1577.68,1399.29,14.62,21.61,554.29,2388.02,9072.5,1.3,47.33,522.05,2388.02,8157.56,8.3975,0.03,392,2388,100.0,39.04,23.4283,122
48,110,-0.0004,-0.0003,100.0,518.67,642.52,1584.89,1398.75,14.62,21.61,553.37,2388.04,9074.73,1.3,47.28,522.22,2388.05,8154.92,8.4381,0.03,393,2388,100.0,39.02,23.2959,121
48,111,0.0002,0.0003,100.0,518.67,642.11,1579.14,1402.74,14.62,21.61,554.56,2388.01,9077.72,1.3,47.33,522.59,2387.98,8152.11,8.4302,0.03,392,2388,100.0,39.12,23.409,120
48,112,0.001,-0.0003,100.0,518.67,642.46,1587.86,1404.72,14.62,21.61,554.2,2388.03,9080.95,1.3,47.1,522.23,2388.04,8157.27,8.3802,0.03,392,2388,100.0,38.93,23.3286,119
48,113,-0.0006,0.0001,100.0,518.67,642.23,1586.49,1395.82,14.62,21.61,553.83,2388.08,9074.51,1.3,47.21,522.0,2388.03,8151.69,8.4191,0.03,393,2388,100.0,39.06,23.3109,118
48,114,0.0007,0.0004,100.0,518.67,642.22,1586.35,1396.42,14.62,21.61,553.73,2387.98,9067.8,1.3,47.25,522.17,2388.07,8152.25,8.4315,0.03,393,2388,100.0,39.0,23.3964,117
48,115,0.0011,0.0002,100.0,518.67,642.22,1583.95,1393.97,14.62,21.61,554.53,2388.03,9078.93,1.3,47.36,522.1,2388.0,8156.13,8.4104,0.03,393,2388,100.0,38.96,23.4473,116
48,116,-0.0001,0.0,100.0,518.67,642.24,1593.76,1404.9,14.62,21.61,554.3,2388.01,9078.73,1.3,47.42,522.76,2388.03,8154.88,8.3808,0.03,390,2388,100.0,38.84,23.3267,115
48,117,-0.0012,0.0001,100.0,518.67,642.39,1580.64,1406.38,14.62,21.61,554.71,2387.99,9073.18,1.3,47.36,521.88,2388.04,8152.61,8.4382,0.03,392,2388,100.0,38.88,23.33,114
48,118,0.0022,0.0003,100.0,518.67,642.2,1586.34,1399.51,14.62,21.61,553.39,2388.04,9071.96,1.3,47.35,521.63,2387.97,8154.35,8.4151,0.03,394,2388,100.0,39.02,23.4144,113
48,119,0.001,0.0003,100.0,518.67,642.18,1586.09,1390.45,14.62,21.61,554.27,2388.04,9072.92,1.3,47.06,522.07,2387.99,8154.77,8.4299,0.03,392,2388,100.0,39.0,23.2948,112
48,120,-0.0014,-0.0003,100.0,518.67,642.44,1588.55,1401.07,14.62,21.61,554.27,2388.02,9068.99,1.3,47.31,522.27,2388.0,8161.43,8.4052,0.03,392,2388,100.0,38.88,23.4132,111
48,121,0.002,-0.0004,100.0,518.67,642.03,1589.41,1399.93,14.62,21.61,553.63,2388.03,9069.27,1.3,47.3,522.38,2388.03,8154.18,8.4567,0.03,391,2388,100.0,38.99,23.3528,110
48,122,-0.0017,0.0003,100.0,518.67,642.3,1586.82,1400.63,14.62,21.61,553.9,2388.0,9077.56,1.3,47.38,522.15,2388.0,8152.6,8.3993,0.03,391,2388,100.0,39.16,23.3222,109
48,123,-0.0006,-0.0004,100.0,518.67,641.93,1592.87,1396.62,14.62,21.61,554.04,2388.06,9069.93,1.3,47.2,521.99,2388.03,8157.78,8.4086,0.03,393,2388,100.0,39.1,23.3386,108
48,124,0.0007,-0.0001,100.0,518.67,641.75,1585.63,1405.08,14.62,21.61,554.68,2388.01,9075.13,1.3,47.24,521.84,2388.0,8159.49,8.4541,0.03,392,2388,100.0,39.06,23.3738,107
48,125,0.0055,0.0002,100.0,518.67,642.3,1582.96,1397.73,14.62,21.61,554.57,2388.0,9083.28,1.3,47.34,522.38,2387.98,8153.9,8.4026,0.03,392,2388,100.0,39.07,23.2803,106
48,126,-0.0006,0.0003,100.0,518.67,642.45,1579.8,1400.93,14.62,21.61,553.86,2388.01,9078.74,1.3,47.22,522.14,2387.97,8155.0,8.4054,0.03,391,2388,100.0,38.98,23.3129,105
48,127,0.0017,-0.0003,100.0,518.67,642.73,1586.03,1407.52,14.62,21.61,553.83,2388.02,9079.14,1.3,47.31,522.58,2387.97,8162.87,8.4069,0.03,391,2388,100.0,38.88,23.3955,104
48,128,0.0019,0.0,100.0,518.67,642.28,1585.67,1406.02,14.62,21.61,554.18,2388.04,9077.31,1.3,47.44,522.11,2387.96,8160.39,8.3935,0.03,391,2388,100.0,38.8,23.4026,103
48,129,0.0015,-0.0004,100.0,518.67,642.28,1580.19,1398.93,14.62,21.61,554.37,2388.03,9085.25,1.3,47.23,522.12,2388.01,8158.56,8.414,0.03,393,2388,100.0,38.82,23.3757,102
48,130,-0.0018,-0.0005,100.0,518.67,641.61,1595.71,1402.09,14.62,21.61,554.5,2388.02,9077.04,1.3,47.24,522.59,2387.97,8157.2,8.4635,0.03,392,2388,100.0,38.95,23.3519,101
48,131,0.0016,-0.0004,100.0,518.67,642.65,1586.1,1395.28,14.62,21.61,553.72,2387.98,9079.77,1.3,47.47,521.88,2388.02,8159.93,8.4019,0.03,392,2388,100.0,38.92,23.3736,100
48,132,0.0012,-0.0,100.0,518.67,642.31,1590.47,1396.18,14.62,21.61,553.14,2388.01,9075.46,1.3,47.44,522.22,2388.04,8159.86,8.3847,0.03,391,2388,100.0,39.03,23.3766,99
48,133,0.0006,-0.0002,100.0,518.67,642.74,1586.64,1399.92,14.62,21.61,554.48,2388.03,9085.2,1.3,47.43,522.47,2388.05,8161.72,8.4237,0.03,391,2388,100.0,38.89,23.264,98
48,134,-0.0022,-0.0004,100.0,518.67,642.52,1587.53,1399.67,14.62,21.61,553.62,2388.06,9089.17,1.3,47.27,521.89,2387.99,8159.75,8.4292,0.03,392,2388,100.0,38.99,23.347,97
48,135,-0.0012,-0.0002,100.0,518.67,642.47,1591.14,1397.59,14.62,21.61,555.2,2388.0,9076.2,1.3,47.27,521.27,2387.98,8158.97,8.399,0.03,391,2388,100.0,38.82,23.2983,96
48,136,0.0042,-0.0004,100.0,518.67,642.11,1582.87,1405.06,14.62,21.61,554.0,2388.01,9079.84,1.3,47.4,521.84,2388.02,8163.53,8.4288,0.03,393,2388,100.0,39.04,23.4057,95
48,137,0.0005,-0.0001,100.0,518.67,642.81,1586.86,1403.65,14.62,21.61,554.0,2388.0,9080.62,1.3,47.3,522.01,2388.01,8157.32,8.4055,0.03,391,2388,100.0,38.84,23.4128,94
48,138,-0.0018,0.0004,100.0,518.67,642.03,1586.7,1410.02,14.62,21.61,554.17,2388.03,9086.91,1.3,47.09,521.9,2388.02,8163.03,8.4059,0.03,393,2388,100.0,38.83,23.3331,93
48,139,0.001,-0.0001,100.0,518.67,642.41,1583.75,1408.99,14.62,21.61,554.12,2387.99,9078.15,1.3,47.3,521.88,2388.02,8160.35,8.4079,0.03,392,2388,100.0,38.84,23.3403,92
48,140,-0.0001,-0.0002,100.0,518.67,642.48,1583.78,1402.22,14.62,21.61,553.84,2388.01,9083.14,1.3,47.38,522.01,2388.02,8159.01,8.4296,0.03,393,2388,100.0,39.05,23.405,91
48,141,-0.0015,-0.0001,100.0,518.67,642.4,1579.98,1400.18,14.62,21.61,553.71,2388.01,9088.46,1.3,47.42,521.63,2388.0,8160.56,8.3977,0.03,392,2388,100.0,38.87,23.4452,90
48,142,-0.0032,0.0002,100.0,518.67,642.23,1587.81,1400.04,14.62,21.6,553.84,2387.98,9085.0,1.3,47.24,522.6,2387.98,8162.77,8.3446,0.03,391,2388,100.0,39.07,23.4193,89
48,143,-0.0038,0.0003,100.0,518.67,642.53,1586.18,1405.89,14.62,21.61,554.59,2388.03,9085.12,1.3,47.37,522.32,2388.0,8163.9,8.431,0.03,391,2388,100.0,39.01,23.3323,88
48,144,0.0019,0.0002,100.0,518.67,642.37,1588.01,1406.95,14.62,21.61,554.55,2388.05,9084.75,1.3,47.19,522.4,2388.01,8162.83,8.4403,0.03,394,2388,100.0,39.06,23.4883,87
48,145,-0.0012,-0.0001,100.0,518.67,642.75,1581.33,1402.7,14.62,21.61,553.69,2388.03,9085.19,1.3,47.36,522.1,2388.03,8164.54,8.3969,0.03,392,2388,100.0,38.96,23.3868,86
48,146,0.002,-0.0002,100.0,518.67,642.73,1584.24,1405.39,14.62,21.61,553.63,2387.99,9089.08,1.3,47.37,521.45,2387.96,8165.11,8.4194,0.03,393,2388,100.0,39.04,23.3931,85
48,147,-0.0017,0.0005,100.0,518.67,642.42,1594.6,1401.95,14.62,21.61,554.18,2387.99,9082.47,1.3,47.53,521.85,2388.02,8164.07,8.3923,0.03,392,2388,100.0,38.92,23.3166,84
48,148,-0.0028,-0.0004,100.0,518.67,642.5,1588.13,1402.21,14.62,21.61,554.18,2388.0,9091.61,1.3,47.21,521.84,2388.0,8160.94,8.4309,0.03,392,2388,100.0,39.06,23.3924,83
48,149,0.0013,-0.0004,100.0,518.67,642.29,1587.15,1408.11,14.62,21.61,553.94,2387.99,9079.35,1.3,47.44,521.99,2387.96,8160.03,8.4378,0.03,392,2388,100.0,38.88,23.3767,82
48,150,0.0013,0.0002,100.0,518.67,642.59,1585.96,1409.73,14.62,21.61,554.89,2388.0,9094.33,1.3,47.3,521.2,2388.05,8160.37,8.4121,0.03,393,2388,100.0,38.85,23.3854,81
48,151,-0.0055,0.0005,100.0,518.67,642.33,1585.5,1400.86,14.62,21.61,553.68,2388.09,9085.09,1.3,47.54,521.45,2388.02,8167.42,8.4248,0.03,392,2388,100.0,38.97,23.2836,80
48,152,-0.0018,-0.0005,100.0,518.67,642.31,1590.34,1412.93,14.62,21.61,554.55,2388.02,9094.31,1.3,47.49,521.5,2387.98,8164.39,8.4345,0.03,391,2388,100.0,39.06,23.4439,79
48,153,-0.0008,0.0001,100.0,518.67,642.68,1594.39,1397.83,14.62,21.61,554.03,2388.01,9084.28,1.3,47.2,521.99,2388.01,8169.85,8.4318,0.03,391,2388,100.0,38.94,23.2717,78
48,154,-0.0023,-0.0003,100.0,518.67,642.16,1585.91,1400.94,14.62,21.61,553.9,2388.0,9096.19,1.3,47.19,521.97,2388.03,8170.6,8.4296,0.03,393,2388,100.0,38.89,23.4489,77
48,155,0.0029,-0.0003,100.0,518.67,642.92,1587.86,1406.51,14.62,21.61,553.97,2387.99,9089.61,1.3,47.44,521.64,2388.04,8166.66,8.4457,0.03,394,2388,100.0,38.87,23.3339,76
48,156,-0.0011,-0.0004,100.0,518.67,642.28,1590.67,1400.6,14.62,21.61,553.73,2388.03,9099.52,1.3,47.31,521.21,2387.98,8171.18,8.4445,0.03,393,2388,100.0,38.96,23.3283,75
48,157,0.0026,-0.0005,100.0,518.67,642.7,1592.57,1402.09,14.62,21.61,553.62,2388.07,9084.88,1.3,47.36,521.39,2388.02,8167.12,8.4177,0.03,392,2388,100.0,38.78,23.2402,74
48,158,0.001,0.0002,100.0,518.67,642.32,1590.45,1413.96,14.62,21.61,553.71,2387.99,9094.69,1.3,47.5,521.74,2388.03,8170.44,8.4051,0.03,392,2388,100.0,38.96,23.2618,73
48,159,-0.0007,0.0002,100.0,518.67,642.42,1582.51,1406.52,14.62,21.61,553.4,2388.0,9094.19,1.3,47.4,522.09,2388.01,8171.24,8.4156,0.03,393,2388,100.0,38.89,23.3774,72
48,160,0.0009,-0.0003,100.0,518.67,642.39,1585.96,1401.63,14.62,21.61,553.62,2387.96,9087.64,1.3,47.5,521.84,2388.02,8168.64,8.4616,0.03,394,2388,100.0,38.78,23.3298,71
48,161,0.0007,-0.0001,100.0,518.67,642.69,1588.77,1403.13,14.62,21.61,554.62,2388.04,9098.94,1.3,47.25,521.92,2388.02,8169.93,8.4209,0.03,392,2388,100.0,38.82,23.4195,70
48,162,0.001,-0.0005,100.0,518.67,642.67,1588.73,1402.08,14.62,21.61,553.87,2388.04,9097.55,1.3,47.33,521.2,2388.03,8172.98,8.4651,0.03,391,2388,100.0,38.86,23.2964,69
48,163,-0.0003,0.0001,100.0,518.67,642.39,1588.28,1408.85,14.62,21.61,553.33,2388.02,9090.54,1.3,47.37,521.39,2388.01,8172.88,8.4235,0.03,392,2388,100.0,38.81,23.2202,68
48,164,-0.0015,-0.0004,100.0,518.67,642.5,1585.7,1405.64,14.62,21.61,553.45,2387.99,9101.15,1.3,47.22,521.68,2388.05,8170.93,8.4175,0.03,393,2388,100.0,38.69,23.2296,67
48,165,0.0001,0.0002,100.0,518.67,643.0,1591.63,1403.59,14.62,21.61,554.41,2388.04,9102.92,1.3,47.36,522.32,2388.0,8178.94,8.4322,0.03,395,2388,100.0,38.68,23.2428,66
48,166,-0.0007,0.0003,100.0,518.67,642.51,1587.01,1407.68,14.62,21.61,554.06,2388.04,9102.78,1.3,47.45,521.83,2388.08,8172.57,8.472,0.03,393,2388,100.0,38.85,23.3821,65
48,167,-0.0019,-0.0003,100.0,518.67,641.53,1591.51,1401.43,14.62,21.61,553.73,2388.03,9098.68,1.3,47.45,521.97,2387.96,8175.82,8.4383,0.03,392,2388,100.0,38.9,23.2416,64
48,168,-0.0016,-0.0001,100.0,518.67,642.54,1583.44,1407.15,14.62,21.61,554.2,2388.06,9097.86,1.3,47.33,522.14,2388.03,8171.58,8.4134,0.03,394,2388,100.0,38.91,23.3072,63
48,169,-0.0007,0.0001,100.0,518.67,642.81,1582.34,1403.35,14.62,21.61,553.72,2388.07,9095.9,1.3,47.47,522.36,2388.08,8179.37,8.4436,0.03,395,2388,100.0,38.83,23.3032,62
48,170,0.0005,-0.0004,100.0,518.67,642.32,1601.41,1395.53,14.62,21.61,554.02,2388.02,9097.63,1.3,47.29,522.36,2388.01,8171.82,8.4977,0.03,393,2388,100.0,38.92,23.2899,61
48,171,-0.0005,0.0004,100.0,518.67,642.99,1592.53,1403.44,14.62,21.61,552.96,2388.01,9096.11,1.3,47.46,521.87,2388.08,8178.24,8.4421,0.03,394,2388,100.0,38.81,23.2065,60
48,172,0.0005,0.0002,100.0,518.67,642.02,1595.99,1407.25,14.62,21.61,553.91,2388.03,9098.69,1.3,47.28,521.92,2388.04,8180.34,8.4062,0.03,393,2388,100.0,38.68,23.423,59
48,173,0.0003,-0.0001,100.0,518.67,642.9,1590.64,1400.44,14.62,21.61,554.76,2388.04,9101.8,1.3,47.47,521.72,2388.02,8180.95,8.4488,0.03,394,2388,100.0,38.74,23.2552,58
48,174,0.0013,-0.0004,100.0,518.67,642.75,1584.64,1407.27,14.62,21.61,553.46,2388.05,9100.32,1.3,47.53,522.52,2388.01,8183.33,8.4107,0.03,394,2388,100.0,38.87,23.359,57
48,175,0.002,-0.0002,100.0,518.67,642.79,1597.99,1410.35,14.62,21.61,553.98,2387.99,9102.75,1.3,47.38,521.61,2388.02,8183.38,8.4439,0.03,393,2388,100.0,38.84,23.3409,56
48,176,-0.0018,0.0004,100.0,518.67,642.99,1589.6,1409.23,14.62,21.61,553.64,2388.0,9106.35,1.3,47.46,521.69,2388.06,8181.34,8.4136,0.03,393,2388,100.0,38.78,23.3887,55
48,177,-0.0006,-0.0003,100.0,518.67,642.59,1589.32,1411.14,14.62,21.61,553.46,2388.03,9105.62,1.3,47.62,521.77,2388.08,8183.12,8.4167,0.03,394,2388,100.0,38.78,23.2869,54
48,178,-0.0007,0.0003,100.0,518.67,642.05,1585.45,1404.49,14.62,21.61,553.96,2387.99,9116.1,1.3,47.59,521.19,2388.01,8184.61,8.4509,0.03,393,2388,100.0,38.78,23.3475,53
48,179,0.0039,0.0001,100.0,518.67,642.38,1588.41,1412.07,14.62,21.61,553.31,2388.02,9102.32,1.3,47.4,521.75,2388.03,8181.91,8.4377,0.03,393,2388,100.0,38.96,23.3672,52
48,180,0.0022,-0.0004,100.0,518.67,642.39,1595.3,1405.82,14.62,21.61,553.4,2388.06,9109.81,1.3,47.5,521.9,2388.03,8183.92,8.4336,0.03,391,2388,100.0,38.78,23.2588,51
48,181,-0.0027,-0.0005,100.0,518.67,642.53,1592.39,1402.01,14.62,21.61,554.49,2388.05,9107.37,1.3,47.61,521.32,2388.07,8185.11,8.4658,0.03,395,2388,100.0,38.81,23.3259,50
48,182,0.0001,-0.0004,100.0,518.67,643.01,1585.15,1401.83,14.62,21.61,553.26,2388.03,9107.35,1.3,47.5,522.09,2387.98,8186.88,8.4261,0.03,393,2388,100.0,38.94,23.3445,49
48,183,0.0018,-0.0004,100.0,518.67,642.84,1594.15,1407.05,14.62,21.61,553.3,2388.01,9113.2,1.3,47.55,521.63,2387.99,8186.44,8.4266,0.03,394,2388,100.0,38.73,23.3863,48
48,184,-0.0025,-0.0002,100.0,518.67,642.52,1591.88,1398.63,14.62,21.6,552.64,2388.01,9115.5,1.3,47.61,521.6,2388.03,8194.3,8.4368,0.03,393,2388,100.0,38.82,23.3124,47
48,185,-0.0014,-0.0004,100.0,518.67,642.53,1598.55,1409.81,14.62,21.61,553.46,2387.99,9116.37,1.3,47.36,521.07,2388.02,8189.63,8.4457,0.03,393,2388,100.0,38.77,23.2795,46
48,186,-0.001,0.0002,100.0,518.67,642.4,1590.33,1409.04,14.62,21.61,554.13,2388.09,9115.52,1.3,47.29,522.39,2388.04,8192.21,8.4212,0.03,394,2388,100.0,38.89,23.4084,45
48,187,-0.0001,-0.0002,100.0,518.67,642.62,1599.39,1413.47,14.62,21.61,554.13,2388.04,9118.25,1.3,47.52,521.57,2388.07,8191.67,8.4314,0.03,394,2388,100.0,38.78,23.3541,44
48,188,0.0018,0.0,100.0,518.67,642.34,1593.36,1405.29,14.62,21.61,553.74,2388.04,9125.49,1.3,47.65,521.82,2388.01,8198.76,8.4363,0.03,393,2388,100.0,38.72,23.2895,43
48,189,0.0003,0.0,100.0,518.67,643.0,1589.45,1408.22,14.62,21.61,553.61,2388.02,9119.91,1.3,47.54,521.84,2388.04,8194.35,8.4462,0.03,392,2388,100.0,38.64,23.2525,42
48,190,-0.0008,-0.0003,100.0,518.67,643.22,1589.68,1409.3,14.62,21.61,553.89,2387.95,9121.12,1.3,47.48,521.61,2388.01,8196.27,8.4243,0.03,394,2388,100.0,38.87,23.4068,41
48,191,0.0007,-0.0004,100.0,518.67,642.66,1586.88,1416.42,14.62,21.61,553.95,2388.0,9126.4,1.3,47.46,521.64,2387.99,8197.29,8.4432,0.03,396,2388,100.0,38.8,23.2577,40
48,192,-0.0005,-0.0,100.0,518.67,643.01,1595.3,1410.89,14.62,21.61,552.99,2388.04,9128.35,1.3,47.48,521.63,2388.06,8200.61,8.4453,0.03,395,2388,100.0,38.94,23.251,39
48,193,0.0023,0.0001,100.0,518.67,642.46,1596.92,1409.87,14.62,21.61,553.21,2388.01,9129.75,1.3,47.38,521.42,2387.99,8195.52,8.4531,0.03,393,2388,100.0,38.72,23.2873,38
48,194,0.0009,-0.0004,100.0,518.67,642.62,1592.95,1414.64,14.62,21.61,553.64,2388.01,9135.74,1.3,47.43,520.74,2388.08,8198.78,8.4348,0.03,395,2388,100.0,38.6,23.2724,37
48,195,-0.0005,-0.0003,100.0,518.67,642.51,1587.81,1404.95,14.62,21.61,552.75,2388.05,9128.62,1.3,47.57,522.02,2388.11,8199.95,8.4221,0.03,393,2388,100.0,38.59,23.2359,36
48,196,-0.001,0.0001,100.0,518.67,643.5,1590.29,1412.13,14.62,21.61,553.41,2388.05,9129.75,1.3,47.61,521.54,2388.1,8202.95,8.4673,0.03,394,2388,100.0,38.74,23.3566,35
48,197,0.0026,-0.0003,100.0,518.67,642.69,1592.0,1410.23,14.62,21.61,553.27,2388.08,9142.16,1.3,47.71,521.72,2388.13,8206.38,8.4673,0.03,393,2388,100.0,38.71,23.1459,34
48,198,0.0019,0.0003,100.0,518.67,642.36,1585.28,1415.33,14.62,21.61,553.9,2388.07,9139.44,1.3,47.4,521.62,2388.06,8208.5,8.4708,0.03,394,2388,100.0,38.56,23.2619,33
48,199,0.0004,0.0002,100.0,518.67,643.13,1594.73,1414.11,14.62,21.61,554.05,2388.06,9142.45,1.3,47.62,520.94,2388.04,8211.98,8.4617,0.03,392,2388,100.0,38.74,23.1588,32
48,200,-0.0008,-0.0004,100.0,518.67,642.42,1591.26,1410.07,14.62,21.61,554.59,2388.03,9132.51,1.3,47.66,521.41,2388.08,8211.23,8.4673,0.03,395,2388,100.0,38.83,23.1801,31
48,201,-0.0012,-0.0004,100.0,518.67,642.81,1598.64,1410.85,14.62,21.61,552.84,2388.03,9140.4,1.3,47.55,521.54,2388.1,8213.18,8.4677,0.03,394,2388,100.0,38.75,23.366,30
48,202,0.0011,0.0004,100.0,518.67,642.06,1590.76,1411.55,14.62,21.61,553.29,2388.03,9138.14,1.3,47.52,521.24,2388.07,8214.83,8.4839,0.03,394,2388,100.0,38.92,23.2684,29
48,203,0.0008,-0.0003,100.0,518.67,642.78,1596.3,1416.51,14.62,21.61,553.65,2387.99,9144.42,1.3,47.56,520.8,2388.08,8211.55,8.4286,0.03,395,2388,100.0,38.84,23.1209,28
48,204,0.002,0.0,100.0,518.67,643.34,1587.42,1418.81,14.62,21.61,552.44,2388.07,9146.09,1.3,47.54,521.44,2388.05,8216.44,8.4793,0.03,396,2388,100.0,38.74,23.2117,27
48,205,-0.0027,0.0004,100.0,518.67,642.65,1588.68,1419.31,14.62,21.61,552.76,2387.99,9151.35,1.3,47.61,521.16,2388.05,8216.59,8.4426,0.03,395,2388,100.0,38.6,23.2698,26
48,206,0.0032,-0.0003,100.0,518.67,642.67,1596.45,1417.79,14.62,21.61,552.98,2388.11,9146.51,1.3,47.65,521.23,2388.07,8217.88,8.4719,0.03,394,2388,100.0,38.68,23.1415,25
48,207,0.0035,0.0004,100.0,518.67,643.08,1600.75,1409.2,14.62,21.61,553.76,2388.06,9145.09,1.3,47.69,521.11,2388.08,8222.06,8.488,0.03,396,2388,100.0,38.91,23.2077,24
48,208,-0.0007,-0.0004,100.0,518.67,643.33,1591.12,1410.65,14.62,21.61,553.24,2388.11,9155.19,1.3,47.77,521.29,2388.09,8224.0,8.4692,0.03,394,2388,100.0,38.84,23.1579,23
48,209,0.0008,-0.0001,100.0,518.67,642.83,1596.06,1421.92,14.62,21.61,553.07,2388.04,9158.94,1.3,47.68,520.72,2388.05,8229.16,8.4857,0.03,396,2388,100.0,38.78,23.0752,22
48,210,-0.0022,-0.0005,100.0,518.67,642.71,1600.12,1417.16,14.62,21.61,552.69,2388.06,9161.25,1.3,47.65,521.02,2388.09,8224.14,8.4822,0.03,394,2388,100.0,38.68,23.1974,21
48,211,0.0013,-0.0002,100.0,518.67,642.91,1600.75,1417.84,14.62,21.61,553.08,2388.03,9164.03,1.3,47.94,520.29,2388.1,8227.46,8.4596,0.03,396,2388,100.0,38.7,23.2743,20
48,212,0.0008,0.0004,100.0,518.67,643.02,1594.41,1416.99,14.62,21.61,552.56,2388.09,9170.04,1.3,47.89,520.94,2388.0,8228.92,8.471,0.03,394,2388,100.0,38.64,23.2122,19
48,213,-0.0026,-0.0004,100.0,518.67,643.28,1597.42,1408.66,14.62,21.61,553.21,2388.14,9167.05,1.3,47.62,521.33,2388.1,8230.32,8.4773,0.03,396,2388,100.0,38.64,23.1549,18
48,214,-0.0013,0.0001,100.0,518.67,643.13,1594.97,1413.88,14.62,21.61,552.92,2388.12,9167.78,1.3,47.81,520.44,2388.12,8235.98,8.4626,0.03,395,2388,100.0,38.79,23.1464,17
48,215,0.003,0.0002,100.0,518.67,643.07,1601.76,1421.3,14.62,21.61,553.06,2388.1,9172.79,1.3,47.68,520.6,2388.06,8240.15,8.478,0.03,397,2388,100.0,38.43,23.1378,16
48,216,-0.0045,-0.0004,100.0,518.67,643.4,1601.0,1407.63,14.62,21.61,553.0,2388.1,9171.45,1.3,47.97,521.03,2388.09,8241.36,8.5016,0.03,397,2388,100.0,38.58,23.2,15
48,217,-0.0011,0.0003,100.0,518.67,643.29,1594.66,1421.11,14.62,21.61,552.89,2388.08,9167.0,1.3,47.64,521.04,2388.13,8237.72,8.5073,0.03,397,2388,100.0,38.41,23.1774,14
48,218,0.0015,-0.0001,100.0,518.67,643.33,1598.76,1415.13,14.62,21.61,553.18,2388.06,9182.87,1.3,47.59,520.88,2388.1,8243.81,8.5131,0.03,395,2388,100.0,38.72,23.1518,13
48,219,0.0028,-0.0002,100.0,518.67,643.35,1601.96,1422.96,14.62,21.61,552.45,2388.08,9183.28,1.3,47.87,520.87,2388.1,8247.86,8.4863,0.03,396,2388,100.0,38.45,23.1485,12
48,220,-0.0029,-0.0001,100.0,518.67,643.43,1600.6,1418.94,14.62,21.61,553.21,2388.06,9187.13,1.3,47.8,521.0,2388.06,8250.12,8.4868,0.03,396,2388,100.0,38.52,23.1516,11
48,221,-0.0019,-0.0002,100.0,518.67,643.08,1598.16,1425.57,14.62,21.61,552.01,2388.13,9191.86,1.3,48.01,520.72,2388.1,8255.4,8.5087,0.03,395,2388,100.0,38.6,23.2172,10
48,222,0.0056,0.0004,100.0,518.67,643.71,1603.59,1419.42,14.62,21.61,552.2,2388.1,9190.24,1.3,47.9,520.73,2388.06,8248.76,8.5139,0.03,395,2388,100.0,38.65,23.1358,9
48,223,-0.0011,0.0003,100.0,518.67,643.59,1604.0,1418.92,14.62,21.61,552.25,2388.12,9194.76,1.3,47.95,520.88,2388.1,8262.29,8.4945,0.03,395,2388,100.0,38.4,23.1297,8
48,224,-0.0013,0.0001,100.0,518.67,643.36,1606.43,1426.57,14.62,21.61,552.39,2388.07,9202.57,1.3,47.93,521.02,2388.07,8263.32,8.5171,0.03,395,2388,100.0,38.51,23.1291,7
48,225,-0.0016,0.0001,100.0,518.67,643.87,1598.18,1430.13,14.62,21.61,552.29,2388.11,9198.81,1.3,47.78,520.47,2388.15,8266.63,8.4576,0.03,395,2388,100.0,38.36,23.2052,6
48,226,-0.0043,-0.0002,100.0,518.67,642.95,1604.22,1419.28,14.62,21.61,551.99,2388.05,9207.82,1.3,47.92,520.97,2388.12,8264.65,8.4938,0.03,396,2388,100.0,38.5,23.0366,5
48,227,-0.0001,-0.0001,100.0,518.67,643.75,1608.61,1426.16,14.62,21.61,552.33,2388.16,9208.97,1.3,47.76,520.14,2388.12,8272.65,8.4803,0.03,397,2388,100.0,38.64,23.1457,4
48,228,0.0002,-0.0002,100.0,518.67,643.82,1598.89,1420.08,14.62,21.61,550.98,2388.09,9210.41,1.3,48.04,520.68,2388.11,8271.59,8.5145,0.03,395,2388,100.0,38.51,23.0815,3
48,229,0.0007,0.0003,100.0,518.67,644.18,1600.93,1425.22,14.62,21.61,551.62,2388.11,9214.52,1.3,48.0,520.29,2388.12,8270.51,8.4947,0.03,396,2388,100.0,38.59,23.0387,2
48,230,0.0038,0.0005,100.0,518.67,643.39,1600.58,1429.6,14.62,21.61,551.83,2388.19,9221.31,1.3,48.12,520.76,2388.2,8276.2,8.5112,0.03,397,2388,100.0,38.49,23.0147,1
48,231,-0.0025,-0.0005,100.0,518.67,644.02,1609.54,1435.19,14.62,21.61,551.65,2388.52,9228.53,1.3,47.98,520.53,2388.55,8290.25,8.4923,0.03,398,2388,100.0,38.45,23.0188,0
49,1,0.0019,0.0002,100.0,518.67,642.31,1595.57,1401.2,14.62,21.61,553.33,2388.12,9041.44,1.3,47.52,521.72,2388.12,8128.95,8.419,0.03,394,2388,100.0,38.87,23.3481,214
49,2,-0.0023,0.0001,100.0,518.67,642.37,1583.9,1400.51,14.62,21.61,553.25,2388.1,9044.2,1.3,47.54,521.68,2388.12,8121.26,8.4351,0.03,392,2388,100.0,38.62,23.229,213
49,3,-0.0014,0.0002,100.0,518.67,643.07,1588.82,1408.52,14.62,21.61,553.36,2388.14,9044.87,1.3,47.51,521.15,2388.14,8126.3,8.4225,0.03,392,2388,100.0,38.77,23.2212,212
49,4,0.0014,-0.0004,100.0,518.67,642.74,1589.17,1410.89,14.62,21.61,553.59,2388.13,9044.73,1.3,47.3,521.25,2388.1,8130.1,8.4122,0.03,393,2388,100.0,38.9,23.1871,211
49,5,-0.0018,0.0004,100.0,518.67,642.67,1597.75,1406.88,14.62,21.61,553.22,2388.06,9038.16,1.3,47.42,521.43,2388.1,8118.92,8.4456,0.03,393,2388,100.0,38.79,23.2603,210
49,6,-0.0052,-0.0003,100.0,518.67,642.48,1591.5,1406.92,14.62,21.61,553.69,2388.14,9038.0,1.3,47.53,522.11,2388.17,8128.21,8.4061,0.03,392,2388,100.0,38.8,23.3882,209
49,7,0.0024,-0.0002,100.0,518.67,642.79,1586.42,1403.15,14.62,21.61,553.81,2388.04,9042.66,1.3,47.42,521.31,2388.09,8125.82,8.4086,0.03,392,2388,100.0,38.79,23.2537,208
49,8,0.0032,0.0002,100.0,518.67,642.84,1583.72,1402.64,14.62,21.61,553.39,2388.14,9052.53,1.3,47.39,521.24,2388.08,8121.69,8.415,0.03,393,2388,100.0,38.85,23.3083,207
49,9,-0.001,0.0001,100.0,518.67,642.54,1589.21,1408.57,14.62,21.61,553.43,2388.13,9048.25,1.3,47.6,521.3,2388.13,8129.77,8.4307,0.03,392,2388,100.0,38.84,23.2707,206
49,10,0.0001,0.0001,100.0,518.67,642.1,1582.51,1402.66,14.62,21.61,553.28,2388.08,9045.12,1.3,47.44,521.48,2388.12,8129.52,8.4286,0.03,394,2388,100.0,38.91,23.21,205
49,11,-0.0026,0.0003,100.0,518.67,642.65,1586.08,1406.77,14.62,21.61,553.89,2388.11,9041.0,1.3,47.44,521.85,2388.1,8127.82,8.4157,0.03,392,2388,100.0,38.85,23.3905,204
49,12,-0.0016,0.0002,100.0,518.67,641.96,1591.5,1404.06,14.62,21.61,553.66,2388.16,9036.62,1.3,47.56,521.78,2388.1,8124.51,8.386,0.03,392,2388,100.0,38.89,23.3118,203
49,13,-0.0025,-0.0004,100.0,518.67,642.66,1584.42,1389.68,14.62,21.61,552.93,2388.1,9050.28,1.3,47.52,521.87,2388.14,8123.05,8.4244,0.03,393,2388,100.0,39.14,23.2094,202
49,14,0.0011,-0.0003,100.0,518.67,642.46,1582.09,1412.11,14.62,21.61,554.38,2388.09,9050.1,1.3,47.63,521.81,2388.13,8121.3,8.4668,0.03,391,2388,100.0,38.76,23.3011,201
49,15,-0.0027,0.0001,100.0,518.67,642.69,1586.17,1406.92,14.62,21.61,553.34,2388.11,9052.51,1.3,47.59,521.24,2388.1,8127.6,8.42,0.03,395,2388,100.0,38.78,23.2952,200
49,16,0.0003,-0.0004,100.0,518.67,642.53,1588.85,1405.52,14.62,21.61,553.11,2388.13,9050.71,1.3,47.38,522.02,2388.08,8122.41,8.4268,0.03,393,2388,100.0,38.87,23.4287,199
49,17,0.0011,-0.0002,100.0,518.67,642.56,1593.82,1410.71,14.62,21.61,553.73,2388.12,9043.58,1.3,47.46,521.83,2388.13,8129.76,8.441,0.03,392,2388,100.0,38.85,23.2939,198
49,18,-0.0001,-0.0005,100.0,518.67,642.75,1593.13,1406.56,14.62,21.61,553.37,2388.1,9047.39,1.3,47.6,521.63,2388.18,8124.01,8.3984,0.03,393,2388,100.0,38.94,23.1498,197
49,19,0.0,0.0001,100.0,518.67,642.42,1581.02,1396.56,14.62,21.61,552.79,2388.13,9052.51,1.3,47.44,521.78,2388.11,8121.95,8.4266,0.03,392,2388,100.0,38.82,23.2514,196
49,20,-0.0021,-0.0,100.0,518.67,642.7,1586.6,1406.91,14.62,21.61,553.45,2388.16,9047.83,1.3,47.56,521.66,2388.14,8134.64,8.4143,0.03,393,2388,100.0,38.77,23.2923,195
49,21,0.0001,0.0003,100.0,518.67,642.28,1597.79,1401.38,14.62,21.61,553.74,2388.08,9038.49,1.3,47.41,521.62,2388.11,8127.2,8.4262,0.03,393,2388,100.0,38.84,23.3315,194
49,22,0.0028,-0.0005,100.0,518.67,642.91,1588.33,1404.09,14.62,21.61,553.31,2388.12,9054.22,1.3,47.52,521.65,2388.12,8125.94,8.4206,0.03,393,2388,100.0,38.84,23.2878,193
49,23,0.0013,-0.0002,100.0,518.67,642.27,1588.82,1408.5,14.62,21.61,553.57,2388.15,9035.05,1.3,47.2,521.44,2388.13,8128.59,8.4183,0.03,394,2388,100.0,38.89,23.3006,192
49,24,0.001,-0.0001,100.0,518.67,643.54,1581.77,1408.63,14.62,21.61,553.81,2388.1,9043.09,1.3,47.44,521.03,2388.08,8121.02,8.4238,0.03,393,2388,100.0,38.63,23.2887,191
49,25,0.0023,-0.0002,100.0,518.67,643.03,1590.76,1404.64,14.62,21.61,553.99,2388.08,9049.72,1.3,47.51,521.42,2388.11,8124.23,8.4059,0.03,391,2388,100.0,38.76,23.368,190
49,26,-0.0005,-0.0002,100.0,518.67,642.17,1589.64,1408.56,14.62,21.61,553.42,2388.09,9042.85,1.3,47.56,521.78,2388.1,8120.35,8.4198,0.03,392,2388,100.0,38.89,23.3934,189
49,27,-0.0007,0.0004,100.0,518.67,642.41,1592.51,1409.84,14.62,21.61,553.69,2388.13,9046.1,1.3,47.49,521.6,2388.13,8122.99,8.4303,0.03,392,2388,100.0,38.94,23.2167,188
49,28,-0.0007,0.0003,100.0,518.67,642.25,1584.27,1405.18,14.62,21.61,553.62,2388.1,9049.57,1.3,47.39,521.82,2388.1,8123.05,8.426,0.03,393,2388,100.0,38.91,23.3103,187
49,29,0.0004,0.0001,100.0,518.67,643.17,1589.79,1411.59,14.62,21.61,553.16,2388.16,9041.75,1.3,47.53,521.31,2388.1,8118.11,8.416,0.03,394,2388,100.0,39.05,23.3732,186
49,30,-0.0006,0.0002,100.0,518.67,642.59,1584.97,1402.61,14.62,21.61,553.21,2388.08,9041.51,1.3,47.31,521.58,2388.1,8125.89,8.4391,0.03,393,2388,100.0,38.78,23.2756,185
49,31,0.0001,-0.0003,100.0,518.67,642.51,1589.2,1403.36,14.62,21.61,553.46,2388.14,9041.32,1.3,47.37,521.06,2388.12,8124.1,8.4114,0.03,393,2388,100.0,38.74,23.3764,184
49,32,-0.0014,-0.0002,100.0,518.67,642.93,1589.06,1409.03,14.62,21.61,552.88,2388.17,9042.04,1.3,47.71,521.37,2388.14,8127.59,8.3945,0.03,392,2388,100.0,38.87,23.2173,183
49,33,-0.002,0.0002,100.0,518.67,642.05,1590.63,1408.19,14.62,21.61,553.32,2388.12,9042.16,1.3,47.69,521.32,2388.15,8123.6,8.4585,0.03,394,2388,100.0,38.9,23.2626,182
49,34,-0.0006,-0.0001,100.0,518.67,642.65,1593.91,1404.79,14.62,21.61,553.29,2388.11,9042.22,1.3,47.41,521.56,2388.13,8118.93,8.4204,0.03,393,2388,100.0,38.84,23.3675,181
49,35,-0.0008,-0.0004,100.0,518.67,643.45,1590.74,1404.67,14.62,21.61,553.56,2388.12,9045.23,1.3,47.24,521.99,2388.08,8129.16,8.4142,0.03,393,2388,100.0,39.04,23.1894,180
49,36,0.0038,0.0003,100.0,518.67,641.9,1591.63,1404.88,14.62,21.61,553.57,2388.12,9042.5,1.3,47.51,521.43,2388.14,8123.04,8.4674,0.03,393,2388,100.0,38.95,23.2955,179
49,37,-0.0006,0.0001,100.0,518.67,642.49,1592.13,1408.03,14.62,21.61,554.29,2388.14,9049.26,1.3,47.55,521.51,2388.14,8127.96,8.4318,0.03,393,2388,100.0,38.95,23.2534,178
49,38,0.0014,-0.0005,100.0,518.67,642.64,1583.5,1409.77,14.62,21.61,553.69,2388.07,9049.03,1.3,47.63,521.5,2388.09,8125.54,8.419,0.03,393,2388,100.0,38.75,23.3002,177
49,39,-0.0023,-0.0002,100.0,518.67,642.39,1582.69,1404.45,14.62,21.61,553.25,2388.1,9041.99,1.3,47.55,521.35,2388.11,8126.35,8.4512,0.03,393,2388,100.0,38.77,23.3319,176
49,40,-0.0009,0.0002,100.0,518.67,642.29,1585.78,1410.14,14.62,21.61,553.36,2388.14,9041.12,1.3,47.45,521.5,2388.15,8121.9,8.4687,0.03,393,2388,100.0,38.75,23.3071,175
49,41,0.0041,-0.0002,100.0,518.67,642.77,1589.44,1411.41,14.62,21.61,553.92,2388.12,9046.19,1.3,47.42,521.86,2388.09,8122.96,8.4625,0.03,393,2388,100.0,38.87,23.303,174
49,42,-0.0029,-0.0004,100.0,518.67,642.81,1591.09,1401.27,14.62,21.61,553.08,2388.1,9039.47,1.3,47.54,521.68,2388.14,8121.85,8.4485,0.03,392,2388,100.0,38.84,23.3008,173
49,43,0.0007,0.0003,100.0,518.67,642.41,1586.5,1407.63,14.62,21.61,553.37,2388.17,9049.53,1.3,47.56,521.66,2388.08,8127.64,8.3887,0.03,392,2388,100.0,38.88,23.3528,172
49,44,0.0003,0.0005,100.0,518.67,642.46,1586.31,1410.46,14.62,21.61,552.87,2388.12,9037.6,1.3,47.54,521.43,2388.13,8122.48,8.444,0.03,393,2388,100.0,38.89,23.3859,171
49,45,0.0016,-0.0,100.0,518.67,642.58,1587.28,1405.66,14.62,21.61,553.57,2388.11,9043.65,1.3,47.6,521.32,2388.13,8128.3,8.4392,0.03,393,2388,100.0,38.71,23.2468,170
49,46,-0.0006,0.0002,100.0,518.67,642.26,1594.31,1415.29,14.62,21.61,553.98,2388.15,9051.83,1.3,47.69,521.76,2388.11,8127.5,8.4373,0.03,393,2388,100.0,38.87,23.2625,169
49,47,-0.0044,-0.0005,100.0,518.67,642.58,1592.7,1409.25,14.62,21.61,553.62,2388.14,9045.06,1.3,47.66,521.44,2388.15,8129.1,8.4445,0.03,394,2388,100.0,38.66,23.3348,168
49,48,-0.0001,0.0004,100.0,518.67,642.32,1585.86,1405.65,14.62,21.61,553.17,2388.11,9042.14,1.3,47.54,521.62,2388.12,8128.5,8.4496,0.03,393,2388,100.0,38.73,23.28,167
49,49,0.0002,-0.0001,100.0,518.67,642.48,1584.77,1407.57,14.62,21.61,552.98,2388.14,9053.19,1.3,47.51,520.93,2388.08,8121.3,8.4799,0.03,393,2388,100.0,38.98,23.4417,166
49,50,0.0002,-0.0001,100.0,518.67,642.35,1587.4,1403.72,14.62,21.61,553.53,2388.1,9041.8,1.3,47.54,521.77,2388.13,8125.62,8.4328,0.03,392,2388,100.0,38.81,23.2344,165
49,51,0.0004,-0.0,100.0,518.67,642.1,1593.78,1404.47,14.62,21.61,553.4,2388.07,9053.36,1.3,47.41,521.54,2388.19,8127.66,8.4382,0.03,392,2388,100.0,38.89,23.3237,164
49,52,-0.0007,-0.0001,100.0,518.67,642.44,1589.79,1403.74,14.62,21.61,553.18,2388.13,9045.93,1.3,47.48,521.37,2388.14,8126.44,8.3865,0.03,392,2388,100.0,38.98,23.3352,163
49,53,-0.0024,-0.0004,100.0,518.67,642.09,1593.19,1404.18,14.62,21.61,553.04,2388.11,9044.54,1.3,47.55,521.56,2388.07,8125.56,8.4438,0.03,393,2388,100.0,38.83,23.2421,162
49,54,-0.0039,-0.0002,100.0,518.67,642.57,1589.47,1403.5,14.62,21.61,553.96,2388.16,9043.73,1.3,47.51,521.4,2388.11,8121.68,8.4498,0.03,393,2388,100.0,38.61,23.2013,161
49,55,-0.001,0.0004,100.0,518.67,642.66,1593.9,1409.4,14.62,21.61,553.46,2388.11,9049.17,1.3,47.56,521.51,2388.1,8126.9,8.4012,0.03,392,2388,100.0,38.83,23.3161,160
49,56,0.0003,-0.0003,100.0,518.67,642.43,1595.59,1412.24,14.62,21.61,553.0,2388.1,9039.12,1.3,47.53,521.54,2388.13,8127.94,8.4505,0.03,392,2388,100.0,38.74,23.2486,159
49,57,0.0025,0.0004,100.0,518.67,642.28,1587.92,1402.66,14.62,21.61,553.35,2388.13,9046.22,1.3,47.69,521.22,2388.12,8123.36,8.4481,0.03,393,2388,100.0,38.7,23.3669,158
49,58,0.0,0.0001,100.0,518.67,642.95,1592.41,1409.13,14.62,21.61,553.63,2388.1,9045.97,1.3,47.59,521.17,2388.1,8123.16,8.4345,0.03,392,2388,100.0,38.79,23.3413,157
49,59,-0.0037,0.0004,100.0,518.67,642.43,1589.59,1409.11,14.62,21.61,553.38,2388.09,9046.71,1.3,47.56,522.0,2388.11,8124.28,8.4183,0.03,393,2388,100.0,38.95,23.2474,156
49,60,-0.0003,-0.0003,100.0,518.67,642.73,1595.22,1402.88,14.62,21.61,554.35,2388.14,9039.75,1.3,47.64,521.22,2388.1,8124.89,8.4686,0.03,393,2388,100.0,38.9,23.2885,155
49,61,-0.0032,0.0004,100.0,518.67,642.92,1596.38,1410.74,14.62,21.61,552.77,2388.11,9047.97,1.3,47.54,521.35,2388.11,8126.46,8.4509,0.03,393,2388,100.0,38.96,23.3148,154
49,62,0.0002,0.0004,100.0,518.67,642.92,1594.92,1411.51,14.62,21.61,553.47,2388.13,9048.04,1.3,47.47,521.4,2388.14,8131.26,8.4407,0.03,393,2388,100.0,38.75,23.2271,153
49,63,0.0034,0.0004,100.0,518.67,642.19,1586.72,1408.98,14.62,21.61,553.33,2388.16,9051.66,1.3,47.56,520.85,2388.18,8128.32,8.456,0.03,393,2388,100.0,38.9,23.2818,152
49,64,0.0012,0.0002,100.0,518.67,642.73,1602.22,1408.2,14.62,21.61,553.96,2388.16,9039.4,1.3,47.62,521.55,2388.12,8126.21,8.4412,0.03,393,2388,100.0,38.93,23.4138,151
49,65,-0.0015,0.0002,100.0,518.67,642.33,1594.69,1407.33,14.62,21.61,553.6,2388.14,9048.62,1.3,47.46,521.33,2388.11,8132.0,8.465,0.03,393,2388,100.0,38.8,23.3232,150
49,66,-0.0008,0.0004,100.0,518.67,642.64,1590.76,1412.31,14.62,21.61,553.46,2388.17,9040.16,1.3,47.66,521.13,2388.18,8124.96,8.456,0.03,393,2388,100.0,38.87,23.3365,149
49,67,0.0,-0.0001,100.0,518.67,642.05,1583.12,1406.63,14.62,21.61,553.52,2388.12,9041.84,1.3,47.5,521.04,2388.15,8126.01,8.4365,0.03,392,2388,100.0,38.87,23.3682,148
49,68,0.001,-0.0004,100.0,518.67,643.14,1584.12,1415.83,14.62,21.61,553.32,2388.09,9046.75,1.3,47.33,521.08,2388.1,8127.79,8.4388,0.03,394,2388,100.0,38.66,23.3793,147
49,69,0.0013,0.0002,100.0,518.67,642.25,1585.18,1405.75,14.62,21.61,553.19,2388.16,9040.0,1.3,47.66,521.72,2388.12,8130.13,8.4297,0.03,393,2388,100.0,38.88,23.3328,146
49,70,0.0027,0.0001,100.0,518.67,642.89,1587.82,1410.67,14.62,21.61,553.69,2388.11,9042.29,1.3,47.52,521.37,2388.09,8129.79,8.4111,0.03,393,2388,100.0,39.04,23.1984,145
49,71,0.0027,0.0004,100.0,518.67,642.49,1592.68,1407.86,14.62,21.61,553.57,2388.12,9047.44,1.3,47.47,521.03,2388.12,8127.94,8.4314,0.03,393,2388,100.0,38.57,23.1957,144
49,72,-0.0012,0.0001,100.0,518.67,642.49,1587.98,1406.75,14.62,21.61,552.73,2388.11,9044.75,1.3,47.47,521.46,2388.12,8122.29,8.4654,0.03,392,2388,100.0,38.76,23.4077,143
49,73,-0.001,-0.0005,100.0,518.67,642.83,1581.49,1412.9,14.62,21.61,554.19,2388.14,9048.79,1.3,47.43,521.67,2388.12,8125.74,8.4445,0.03,392,2388,100.0,38.73,23.3167,142
49,74,-0.0,0.0002,100.0,518.67,642.55,1589.2,1417.38,14.62,21.61,553.6,2388.12,9042.44,1.3,47.61,520.96,2388.11,8123.81,8.4489,0.03,394,2388,100.0,38.67,23.3266,141
49,75,-0.0002,0.0004,100.0,518.67,643.03,1587.12,1406.02,14.62,21.61,553.42,2388.1,9044.13,1.3,47.6,521.05,2388.09,8120.63,8.4288,0.03,392,2388,100.0,38.91,23.259,140
49,76,-0.0004,-0.0002,100.0,518.67,642.54,1586.46,1412.26,14.62,21.61,552.71,2388.11,9046.56,1.3,47.49,521.44,2388.14,8124.68,8.3922,0.03,393,2388,100.0,38.93,23.2817,139
49,77,-0.0048,-0.0004,100.0,518.67,642.45,1586.36,1412.17,14.62,21.61,553.44,2388.09,9048.26,1.3,47.43,521.61,2388.11,8128.37,8.4001,0.03,392,2388,100.0,38.83,23.3002,138
49,78,-0.0011,-0.0002,100.0,518.67,643.28,1596.87,1411.91,14.62,21.61,553.8,2388.11,9047.84,1.3,47.58,521.29,2388.13,8128.24,8.4163,0.03,392,2388,100.0,38.83,23.3029,137
49,79,-0.0002,-0.0005,100.0,518.67,642.77,1586.31,1406.54,14.62,21.61,553.28,2388.12,9051.13,1.3,47.62,521.26,2388.13,8126.3,8.4311,0.03,394,2388,100.0,38.84,23.2196,136
49,80,0.0067,-0.0004,100.0,518.67,642.71,1591.58,1411.07,14.62,21.61,553.65,2388.12,9051.04,1.3,47.48,521.19,2388.16,8129.4,8.4636,0.03,392,2388,100.0,39.0,23.2872,135
49,81,0.0002,0.0001,100.0,518.67,643.05,1596.82,1413.28,14.62,21.61,553.18,2388.14,9050.58,1.3,47.54,521.33,2388.13,8126.03,8.4389,0.03,394,2388,100.0,38.87,23.2843,134
49,82,-0.0005,0.0002,100.0,518.67,642.71,1587.19,1410.41,14.62,21.61,552.73,2388.13,9041.52,1.3,47.46,520.76,2388.12,8128.21,8.4584,0.03,393,2388,100.0,38.96,23.2967,133
49,83,0.0013,0.0002,100.0,518.67,642.96,1584.66,1411.53,14.62,21.61,552.86,2388.09,9043.9,1.3,47.72,521.52,2388.08,8130.61,8.4427,0.03,395,2388,100.0,38.64,23.1529,132
49,84,-0.002,-0.0,100.0,518.67,642.69,1594.57,1409.7,14.62,21.61,554.33,2388.14,9047.11,1.3,47.33,521.36,2388.15,8125.65,8.459,0.03,393,2388,100.0,38.87,23.2499,131
49,85,-0.0,-0.0003,100.0,518.67,642.75,1594.64,1407.77,14.62,21.61,553.11,2388.12,9033.33,1.3,47.51,521.28,2388.15,8125.84,8.4315,0.03,392,2388,100.0,38.84,23.2652,130
49,86,-0.0006,0.0002,100.0,518.67,642.9,1587.98,1405.42,14.62,21.61,553.41,2388.08,9046.47,1.3,47.4,521.3,2388.12,8125.6,8.4129,0.03,393,2388,100.0,38.8,23.2511,129
49,87,0.0023,0.0003,100.0,518.67,642.13,1594.83,1411.49,14.62,21.61,552.99,2388.11,9044.06,1.3,47.55,521.33,2388.09,8128.0,8.4635,0.03,393,2388,100.0,38.84,23.3938,128
49,88,0.0008,-0.0001,100.0,518.67,642.73,1590.17,1411.61,14.62,21.61,553.02,2388.16,9049.85,1.3,47.53,521.13,2388.14,8128.85,8.43,0.03,392,2388,100.0,38.88,23.24,127
49,89,-0.0008,0.0,100.0,518.67,642.35,1592.32,1404.61,14.62,21.61,553.79,2388.16,9045.96,1.3,47.49,521.03,2388.15,8127.32,8.3946,0.03,392,2388,100.0,38.92,23.3491,126
49,90,-0.0032,-0.0004,100.0,518.67,642.55,1598.89,1412.16,14.62,21.61,553.3,2388.12,9037.6,1.3,47.38,521.17,2388.12,8129.22,8.4151,0.03,393,2388,100.0,38.77,23.3834,125
49,91,-0.0001,0.0002,100.0,518.67,642.89,1594.01,1403.77,14.62,21.61,553.47,2388.15,9042.59,1.3,47.65,521.62,2388.14,8127.79,8.4251,0.03,392,2388,100.0,38.94,23.2363,124
49,92,-0.002,-0.0005,100.0,518.67,642.65,1584.1,1410.7,14.62,21.61,553.45,2388.14,9050.24,1.3,47.38,521.04,2388.17,8129.8,8.4759,0.03,392,2388,100.0,38.89,23.3538,123
49,93,-0.0018,0.0001,100.0,518.67,643.02,1593.62,1408.16,14.62,21.61,553.84,2388.13,9037.25,1.3,47.56,521.32,2388.09,8119.21,8.4199,0.03,394,2388,100.0,38.82,23.2435,122
49,94,-0.0012,-0.0004,100.0,518.67,642.85,1598.51,1404.21,14.62,21.61,553.04,2388.13,9048.32,1.3,47.75,521.34,2388.2,8126.16,8.4564,0.03,393,2388,100.0,38.75,23.2999,121
49,95,0.0003,-0.0003,100.0,518.67,642.59,1591.74,1404.04,14.62,21.61,553.72,2388.14,9047.75,1.3,47.6,521.34,2388.11,8126.73,8.4596,0.03,393,2388,100.0,38.77,23.38,120
49,96,0.0003,0.0003,100.0,518.67,642.67,1591.06,1412.07,14.62,21.61,553.03,2388.11,9036.31,1.3,47.53,521.52,2388.12,8127.92,8.4166,0.03,393,2388,100.0,38.77,23.3117,119
49,97,0.0,0.0003,100.0,518.67,642.85,1590.23,1412.59,14.62,21.61,552.91,2388.16,9041.37,1.3,47.57,520.72,2388.09,8131.0,8.4448,0.03,394,2388,100.0,38.76,23.3442,118
49,98,0.0022,0.0001,100.0,518.67,642.67,1583.72,1418.35,14.62,21.61,552.75,2388.14,9043.12,1.3,47.76,520.75,2388.14,8130.01,8.4657,0.03,391,2388,100.0,38.76,23.2831,117
49,99,-0.0025,-0.0005,100.0,518.67,643.3,1589.48,1410.44,14.62,21.61,553.56,2388.17,9046.71,1.3,47.37,521.03,2388.13,8126.91,8.462,0.03,393,2388,100.0,38.86,23.2351,116
49,100,0.001,-0.0004,100.0,518.67,642.55,1587.58,1408.95,14.62,21.61,552.86,2388.15,9043.91,1.3,47.75,521.48,2388.15,8129.87,8.437,0.03,392,2388,100.0,38.94,23.3381,115
49,101,-0.0006,0.0003,100.0,518.67,642.64,1584.88,1407.76,14.62,21.61,553.27,2388.15,9044.18,1.3,47.41,520.92,2388.14,8132.73,8.4571,0.03,392,2388,100.0,38.73,23.1751,114
49,102,0.0019,-0.0002,100.0,518.67,642.21,1595.3,1406.31,14.62,21.61,553.05,2388.16,9032.99,1.3,47.56,521.08,2388.17,8124.37,8.4576,0.03,394,2388,100.0,38.6,23.3487,113
49,103,-0.0003,-0.0002,100.0,518.67,642.66,1589.73,1408.27,14.62,21.61,552.91,2388.14,9045.1,1.3,47.71,521.13,2388.16,8121.25,8.4765,0.03,394,2388,100.0,38.7,23.2772,112
49,104,-0.0037,-0.0001,100.0,518.67,642.26,1586.04,1410.59,14.62,21.61,553.53,2388.14,9048.59,1.3,47.53,521.74,2388.09,8123.75,8.4437,0.03,394,2388,100.0,38.75,23.1774,111
49,105,-0.0011,-0.0003,100.0,518.67,642.7,1594.92,1406.62,14.62,21.61,552.78,2388.15,9051.16,1.3,47.53,521.36,2388.18,8126.92,8.4663,0.03,393,2388,100.0,38.81,23.304,110
49,106,0.0001,-0.0003,100.0,518.67,643.03,1588.9,1416.69,14.62,21.61,553.77,2388.15,9047.99,1.3,47.61,521.69,2388.1,8126.96,8.4299,0.03,393,2388,100.0,38.71,23.2877,109
49,107,0.0016,-0.0005,100.0,518.67,642.65,1591.83,1408.18,14.62,21.61,553.26,2388.15,9049.03,1.3,47.61,521.43,2388.09,8128.67,8.4329,0.03,393,2388,100.0,38.78,23.2249,108
49,108,-0.004,-0.0,100.0,518.67,642.33,1599.75,1405.7,14.62,21.61,552.96,2388.1,9052.15,1.3,47.64,521.66,2388.12,8129.36,8.4277,0.03,395,2388,100.0,38.66,23.2367,107
49,109,-0.0021,-0.0004,100.0,518.67,642.72,1592.49,1411.15,14.62,21.61,553.02,2388.09,9051.37,1.3,47.64,521.66,2388.12,8123.84,8.4267,0.03,392,2388,100.0,38.79,23.2572,106
49,110,-0.0011,-0.0004,100.0,518.67,642.73,1589.49,1409.69,14.62,21.61,552.65,2388.17,9051.72,1.3,47.64,521.18,2388.14,8128.52,8.4962,0.03,395,2388,100.0,38.87,23.3109,105
49,111,0.001,0.0002,100.0,518.67,642.99,1595.28,1407.06,14.62,21.61,552.8,2388.15,9046.09,1.3,47.54,521.33,2388.11,8120.37,8.413,0.03,393,2388,100.0,38.74,23.2977,104
49,112,-0.0017,0.0002,100.0,518.67,642.75,1592.07,1406.83,14.62,21.61,553.2,2388.14,9039.91,1.3,47.54,521.4,2388.13,8127.48,8.4154,0.03,394,2388,100.0,38.95,23.2976,103
49,113,-0.0018,-0.0003,100.0,518.67,642.57,1592.95,1411.27,14.62,21.61,553.03,2388.16,9048.12,1.3,47.88,521.2,2388.14,8127.18,8.4695,0.03,394,2388,100.0,38.66,23.3278,102
49,114,-0.0009,-0.0003,100.0,518.67,642.61,1588.87,1411.2,14.62,21.61,553.28,2388.11,9042.1,1.3,47.68,520.67,2388.11,8124.25,8.4543,0.03,393,2388,100.0,38.61,23.2703,101
49,115,-0.0016,0.0002,100.0,518.67,643.18,1587.02,1415.31,14.62,21.61,552.99,2388.16,9053.18,1.3,47.61,521.38,2388.11,8126.45,8.4637,0.03,394,2388,100.0,38.8,23.3781,100
49,116,0.0023,0.0001,100.0,518.67,642.81,1590.1,1405.01,14.62,21.61,552.55,2388.12,9046.42,1.3,47.59,521.09,2388.12,8131.39,8.4257,0.03,394,2388,100.0,38.71,23.3232,99
49,117,-0.002,-0.0002,100.0,518.67,643.17,1596.81,1407.67,14.62,21.61,553.25,2388.11,9047.39,1.3,47.69,521.35,2388.15,8127.56,8.4291,0.03,393,2388,100.0,38.66,23.2735,98
49,118,0.0001,0.0003,100.0,518.67,642.89,1588.57,1416.41,14.62,21.61,553.03,2388.16,9047.61,1.3,47.62,521.16,2388.16,8123.12,8.4205,0.03,394,2388,100.0,38.63,23.2938,97
49,119,-0.0005,0.0002,100.0,518.67,643.1,1583.6,1411.27,14.62,21.61,553.12,2388.13,9050.82,1.3,47.49,521.09,2388.08,8132.66,8.4241,0.03,393,2388,100.0,38.89,23.2403,96
49,120,-0.0032,-0.0003,100.0,518.67,642.63,1594.69,1410.25,14.62,21.61,553.02,2388.14,9041.05,1.3,47.44,521.15,2388.12,8127.91,8.463,0.03,393,2388,100.0,38.81,23.1605,95
49,121,0.0041,0.0002,100.0,518.67,642.88,1589.37,1413.19,14.62,21.61,553.43,2388.17,9046.73,1.3,47.62,521.24,2388.16,8125.56,8.4656,0.03,394,2388,100.0,38.84,23.1794,94
49,122,-0.0015,0.0002,100.0,518.67,642.21,1591.46,1413.56,14.62,21.61,552.96,2388.18,9043.66,1.3,47.72,521.32,2388.15,8126.47,8.4407,0.03,393,2388,100.0,38.98,23.2443,93
49,123,-0.0005,0.0001,100.0,518.67,642.99,1594.62,1411.09,14.62,21.61,553.06,2388.16,9042.09,1.3,47.77,520.94,2388.13,8128.07,8.4406,0.03,391,2388,100.0,38.71,23.2554,92
49,124,0.0034,-0.0005,100.0,518.67,642.49,1591.09,1411.18,14.62,21.61,553.0,2388.17,9047.0,1.3,47.64,521.1,2388.14,8118.58,8.4107,0.03,393,2388,100.0,38.78,23.2694,91
49,125,0.0041,0.0002,100.0,518.67,643.12,1592.99,1409.5,14.62,21.61,552.81,2388.13,9051.87,1.3,47.72,520.89,2388.18,8127.5,8.4489,0.03,392,2388,100.0,38.94,23.2548,90
49,126,0.0009,-0.0003,100.0,518.67,643.05,1589.8,1403.94,14.62,21.61,552.52,2388.13,9041.95,1.3,47.62,521.25,2388.16,8129.75,8.4692,0.03,394,2388,100.0,38.72,23.321,89
49,127,0.0032,-0.0,100.0,518.67,642.62,1581.8,1404.83,14.62,21.61,553.01,2388.18,9054.59,1.3,47.51,521.32,2388.17,8133.24,8.4298,0.03,391,2388,100.0,38.81,23.2819,88
49,128,-0.0022,0.0,100.0,518.67,642.61,1592.03,1417.94,14.62,21.61,553.49,2388.15,9053.44,1.3,47.46,520.77,2388.15,8130.1,8.4433,0.03,394,2388,100.0,38.94,23.2662,87
49,129,0.0005,0.0003,100.0,518.67,642.86,1583.56,1407.12,14.62,21.61,553.08,2388.08,9047.36,1.3,47.7,521.47,2388.11,8129.5,8.4198,0.03,394,2388,100.0,38.99,23.2648,86
49,130,-0.0015,-0.0001,100.0,518.67,642.46,1586.31,1408.89,14.62,21.61,552.96,2388.14,9045.11,1.3,47.76,521.69,2388.15,8124.78,8.4593,0.03,393,2388,100.0,38.66,23.2575,85
49,131,-0.0012,0.0003,100.0,518.67,642.74,1591.85,1415.46,14.62,21.61,552.93,2388.15,9053.6,1.3,47.69,521.08,2388.14,8124.69,8.4677,0.03,394,2388,100.0,38.56,23.2752,84
49,132,-0.0019,0.0004,100.0,518.67,643.06,1595.34,1415.01,14.62,21.61,553.18,2388.17,9045.07,1.3,47.69,520.77,2388.14,8127.56,8.4841,0.03,394,2388,100.0,38.69,23.2147,83
49,133,0.0012,-0.0004,100.0,518.67,643.19,1589.07,1408.2,14.62,21.61,553.09,2388.18,9042.2,1.3,47.75,520.72,2388.11,8131.7,8.4609,0.03,395,2388,100.0,38.85,23.4292,82
49,134,0.0008,-0.0002,100.0,518.67,642.81,1595.47,1418.93,14.62,21.61,552.98,2388.11,9050.85,1.3,47.63,521.16,2388.15,8128.69,8.4287,0.03,394,2388,100.0,38.7,23.3183,81
49,135,0.0005,0.0002,100.0,518.67,642.85,1589.96,1416.63,14.62,21.61,553.1,2388.18,9054.46,1.3,47.81,520.77,2388.14,8131.06,8.4724,0.03,393,2388,100.0,38.62,23.1865,80
49,136,-0.0016,0.0005,100.0,518.67,642.89,1590.77,1409.45,14.62,21.61,552.69,2388.14,9050.5,1.3,47.61,521.07,2388.17,8129.08,8.4506,0.03,393,2388,100.0,38.58,23.1275,79
49,137,0.004,-0.0003,100.0,518.67,643.04,1587.7,1415.05,14.62,21.61,553.39,2388.21,9054.92,1.3,47.43,521.04,2388.14,8127.05,8.4435,0.03,393,2388,100.0,38.73,23.2724,78
49,138,0.0013,0.0002,100.0,518.67,642.46,1595.26,1408.44,14.62,21.61,552.72,2388.15,9040.01,1.3,47.74,521.28,2388.17,8126.26,8.4309,0.03,394,2388,100.0,38.94,23.3259,77
49,139,0.0002,0.0001,100.0,518.67,643.15,1591.5,1418.85,14.62,21.61,552.54,2388.14,9049.05,1.3,47.41,520.65,2388.16,8126.78,8.4672,0.03,393,2388,100.0,38.79,23.2748,76
49,140,0.004,-0.0003,100.0,518.67,642.58,1597.01,1412.54,14.62,21.61,553.18,2388.13,9040.91,1.3,47.71,521.31,2388.15,8127.0,8.4738,0.03,394,2388,100.0,38.86,23.2843,75
49,141,-0.0021,-0.0001,100.0,518.67,642.95,1587.88,1414.95,14.62,21.61,552.73,2388.18,9048.93,1.3,47.73,521.57,2388.12,8130.77,8.4181,0.03,394,2388,100.0,38.86,23.2873,74
49,142,-0.0054,0.0002,100.0,518.67,642.83,1592.21,1414.31,14.62,21.61,553.16,2388.15,9051.25,1.3,47.67,521.11,2388.15,8123.56,8.4615,0.03,395,2388,100.0,38.68,23.3007,73
49,143,-0.0008,-0.0002,100.0,518.67,642.61,1591.78,1419.28,14.62,21.61,553.11,2388.18,9050.0,1.3,47.57,521.25,2388.18,8122.31,8.4429,0.03,393,2388,100.0,38.72,23.277,72
49,144,0.0033,0.0003,100.0,518.67,643.31,1588.59,1415.31,14.62,21.61,553.4,2388.15,9060.27,1.3,47.63,521.18,2388.11,8127.72,8.4564,0.03,394,2388,100.0,38.73,23.3002,71
49,145,0.0001,0.0,100.0,518.67,642.58,1597.26,1412.29,14.62,21.61,552.48,2388.18,9052.93,1.3,47.82,520.72,2388.16,8129.65,8.4711,0.03,393,2388,100.0,38.87,23.1744,70
49,146,-0.0045,0.0002,100.0,518.67,642.83,1588.1,1420.95,14.62,21.61,552.25,2388.22,9039.07,1.3,47.61,520.88,2388.11,8123.06,8.4477,0.03,394,2388,100.0,38.81,23.1877,69
49,147,-0.0037,-0.0002,100.0,518.67,643.06,1583.77,1413.08,14.62,21.61,552.65,2388.11,9047.69,1.3,47.68,521.1,2388.12,8131.24,8.4503,0.03,394,2388,100.0,38.8,23.2493,68
49,148,-0.0005,-0.0004,100.0,518.67,643.71,1599.8,1419.15,14.62,21.61,552.58,2388.2,9046.98,1.3,47.95,521.08,2388.19,8130.93,8.4635,0.03,395,2388,100.0,38.7,23.1896,67
49,149,0.0014,0.0002,100.0,518.67,642.32,1595.76,1406.58,14.62,21.61,552.41,2388.19,9049.28,1.3,47.9,521.08,2388.16,8136.89,8.4486,0.03,395,2388,100.0,38.6,23.2546,66
49,150,0.001,0.0004,100.0,518.67,642.72,1592.9,1411.83,14.62,21.61,552.59,2388.08,9051.37,1.3,47.85,521.08,2388.14,8128.52,8.4784,0.03,392,2388,100.0,38.93,23.2818,65
49,151,0.0009,0.0001,100.0,518.67,642.37,1601.61,1407.43,14.62,21.61,552.94,2388.15,9058.66,1.3,47.85,520.32,2388.2,8133.38,8.4571,0.03,394,2388,100.0,38.63,23.3411,64
49,152,0.0034,0.0004,100.0,518.67,642.93,1587.16,1420.99,14.62,21.61,552.4,2388.18,9050.73,1.3,47.69,521.08,2388.19,8129.14,8.4583,0.03,394,2388,100.0,38.7,23.2323,63
49,153,-0.0014,-0.0004,100.0,518.67,642.79,1593.76,1415.15,14.62,21.61,552.76,2388.19,9055.13,1.3,47.73,520.69,2388.16,8130.59,8.4366,0.03,393,2388,100.0,38.69,23.2917,62
49,154,0.0022,-0.0005,100.0,518.67,643.25,1591.43,1412.76,14.62,21.61,553.06,2388.1,9056.91,1.3,47.62,520.88,2388.18,8126.83,8.4506,0.03,394,2388,100.0,38.72,23.3045,61
49,155,-0.0012,0.0002,100.0,518.67,642.57,1589.48,1415.94,14.62,21.61,552.41,2388.2,9056.28,1.3,47.56,520.8,2388.16,8126.23,8.4653,0.03,394,2388,100.0,38.58,23.1464,60
49,156,0.0035,0.0004,100.0,518.67,642.79,1594.77,1415.85,14.62,21.61,552.36,2388.16,9049.43,1.3,47.57,521.02,2388.14,8129.05,8.4839,0.03,394,2388,100.0,38.91,23.2816,59
49,157,0.0008,-0.0004,100.0,518.67,642.49,1594.0,1413.11,14.62,21.61,552.13,2388.2,9054.69,1.3,47.79,521.0,2388.16,8129.94,8.4936,0.03,394,2388,100.0,38.56,23.2103,58
49,158,0.0006,0.0003,100.0,518.67,642.93,1596.7,1414.66,14.62,21.61,552.06,2388.22,9051.37,1.3,47.68,520.69,2388.22,8131.77,8.4817,0.03,394,2388,100.0,38.54,23.2619,57
49,159,0.0002,-0.0001,100.0,518.67,642.86,1592.2,1421.05,14.62,21.61,552.51,2388.18,9050.99,1.3,47.77,520.57,2388.14,8129.5,8.5062,0.03,393,2388,100.0,38.5,23.1741,56
49,160,-0.0013,0.0004,100.0,518.67,643.1,1587.88,1412.96,14.62,21.61,552.02,2388.25,9052.9,1.3,47.64,521.21,2388.2,8127.27,8.508,0.03,395,2388,100.0,38.69,23.2708,55
49,161,-0.0017,-0.0005,100.0,518.67,643.71,1597.09,1418.8,14.62,21.61,552.93,2388.15,9050.53,1.3,47.65,520.74,2388.12,8134.53,8.4427,0.03,395,2388,100.0,38.8,23.2943,54
49,162,-0.004,-0.0005,100.0,518.67,643.02,1594.63,1420.69,14.62,21.61,552.44,2388.2,9047.74,1.3,47.85,521.1,2388.12,8128.47,8.5198,0.03,395,2388,100.0,38.6,23.2265,53
49,163,0.0027,0.0,100.0,518.67,642.71,1596.12,1410.52,14.62,21.61,552.35,2388.19,9051.36,1.3,47.83,520.16,2388.15,8128.56,8.4981,0.03,397,2388,100.0,38.58,23.1522,52
49,164,-0.0001,-0.0001,100.0,518.67,643.16,1593.52,1413.06,14.62,21.61,552.35,2388.19,9046.93,1.3,47.68,520.31,2388.15,8130.87,8.4667,0.03,396,2388,100.0,38.59,23.1956,51
49,165,-0.0012,-0.0004,100.0,518.67,642.99,1598.2,1418.34,14.62,21.61,552.74,2388.19,9049.8,1.3,47.83,521.08,2388.23,8128.97,8.4564,0.03,394,2388,100.0,38.87,23.243,50
49,166,0.0003,-0.0005,100.0,518.67,642.91,1596.27,1420.58,14.62,21.61,552.5,2388.16,9050.45,1.3,47.71,520.46,2388.21,8130.96,8.4702,0.03,394,2388,100.0,38.56,23.2507,49
49,167,0.0012,-0.0004,100.0,518.67,643.04,1591.8,1419.46,14.62,21.61,552.12,2388.19,9051.71,1.3,47.71,520.88,2388.16,8131.52,8.459,0.03,395,2388,100.0,38.68,23.1924,48
49,168,0.001,0.0002,100.0,518.67,642.28,1594.04,1425.86,14.62,21.61,552.43,2388.17,9052.42,1.3,47.92,520.87,2388.16,8129.73,8.4911,0.03,396,2388,100.0,38.83,23.1747,47
49,169,0.0,0.0002,100.0,518.67,642.95,1588.35,1417.26,14.62,21.61,552.52,2388.21,9061.9,1.3,48.01,520.53,2388.18,8126.88,8.4834,0.03,393,2388,100.0,38.73,23.1119,46
49,170,0.0004,0.0001,100.0,518.67,642.7,1596.33,1422.19,14.62,21.61,552.91,2388.21,9053.78,1.3,47.77,520.9,2388.17,8129.07,8.4831,0.03,395,2388,100.0,38.72,23.2716,45
49,171,-0.0049,-0.0005,100.0,518.67,643.1,1595.11,1414.76,14.62,21.61,551.87,2388.19,9060.23,1.3,47.77,520.71,2388.19,8135.33,8.4644,0.03,394,2388,100.0,38.76,23.1836,44
49,172,-0.0016,-0.0004,100.0,518.67,643.32,1600.19,1421.2,14.62,21.61,552.88,2388.14,9052.9,1.3,47.94,521.22,2388.16,8135.55,8.4647,0.03,395,2388,100.0,38.73,23.1155,43
49,173,0.0007,0.0002,100.0,518.67,643.48,1600.94,1420.94,14.62,21.61,552.87,2388.17,9057.8,1.3,47.77,520.57,2388.16,8137.76,8.4889,0.03,394,2388,100.0,38.66,23.2022,42
49,174,0.002,-0.0003,100.0,518.67,643.27,1594.78,1418.93,14.62,21.61,551.79,2388.14,9043.21,1.3,47.62,520.46,2388.18,8127.84,8.4934,0.03,396,2388,100.0,38.57,23.2351,41
49,175,-0.0009,-0.0002,100.0,518.67,642.88,1598.03,1418.26,14.62,21.61,552.78,2388.2,9059.3,1.3,47.82,520.72,2388.21,8135.73,8.5106,0.03,395,2388,100.0,38.68,23.1267,40
49,176,-0.0015,0.0003,100.0,518.67,643.02,1594.53,1423.65,14.62,21.61,552.3,2388.2,9048.46,1.3,47.91,519.94,2388.22,8133.65,8.5042,0.03,393,2388,100.0,38.55,23.1877,39
49,177,0.0039,0.0,100.0,518.67,643.4,1600.06,1416.9,14.62,21.61,552.38,2388.16,9054.13,1.3,47.78,520.3,2388.19,8130.69,8.4835,0.03,396,2388,100.0,38.62,23.1796,38
49,178,-0.0023,0.0003,100.0,518.67,643.01,1599.47,1417.26,14.62,21.61,552.19,2388.21,9059.67,1.3,47.79,520.85,2388.25,8134.91,8.4558,0.03,396,2388,100.0,38.62,23.1078,37
49,179,-0.0019,-0.0004,100.0,518.67,643.2,1595.24,1417.57,14.62,21.61,553.12,2388.16,9056.85,1.3,47.99,520.52,2388.18,8131.84,8.4878,0.03,394,2388,100.0,38.37,23.1942,36
49,180,0.0033,-0.0002,100.0,518.67,643.66,1591.83,1412.99,14.62,21.61,552.72,2388.19,9057.07,1.3,47.81,520.4,2388.21,8132.12,8.4653,0.03,394,2388,100.0,38.6,23.2724,35
49,181,-0.0006,-0.0003,100.0,518.67,642.75,1592.99,1417.27,14.62,21.61,551.94,2388.2,9057.15,1.3,47.75,520.66,2388.2,8132.71,8.5031,0.03,394,2388,100.0,38.67,23.2777,34
49,182,-0.0006,-0.0003,100.0,518.67,643.19,1602.6,1427.34,14.62,21.61,551.73,2388.22,9055.67,1.3,47.96,519.91,2388.25,8130.44,8.4748,0.03,394,2388,100.0,38.62,23.0867,33
49,183,0.004,0.0002,100.0,518.67,642.75,1591.31,1411.85,14.62,21.61,552.4,2388.18,9050.45,1.3,47.94,520.32,2388.21,8132.37,8.4982,0.03,396,2388,100.0,38.5,23.1203,32
49,184,0.0003,-0.0002,100.0,518.67,642.9,1591.54,1420.59,14.62,21.61,552.0,2388.18,9050.76,1.3,47.87,520.21,2388.18,8133.46,8.5173,0.03,395,2388,100.0,38.61,23.0887,31
49,185,-0.0027,0.0001,100.0,518.67,642.74,1596.08,1417.62,14.62,21.61,551.74,2388.2,9052.72,1.3,47.91,520.01,2388.22,8134.66,8.5033,0.03,394,2388,100.0,38.53,23.2249,30
49,186,0.0047,0.0004,100.0,518.67,642.97,1597.13,1417.4,14.62,21.61,551.98,2388.24,9060.69,1.3,47.81,520.91,2388.19,8132.57,8.515,0.03,396,2388,100.0,38.62,23.0599,29
49,187,-0.0017,-0.0004,100.0,518.67,643.46,1598.97,1414.84,14.62,21.61,553.18,2388.21,9045.13,1.3,47.78,520.28,2388.2,8128.3,8.4991,0.03,396,2388,100.0,38.53,23.2028,28
49,188,-0.0008,0.0001,100.0,518.67,642.66,1589.6,1422.8,14.62,21.61,551.43,2388.23,9055.23,1.3,47.95,520.73,2388.21,8126.41,8.4925,0.03,395,2388,100.0,38.39,23.0949,27
49,189,0.0041,-0.0003,100.0,518.67,642.79,1595.15,1420.13,14.62,21.61,552.06,2388.21,9056.74,1.3,48.02,520.37,2388.21,8133.96,8.4859,0.03,395,2388,100.0,38.58,23.2186,26
49,190,-0.0006,-0.0004,100.0,518.67,642.74,1600.09,1418.94,14.62,21.61,551.23,2388.21,9059.53,1.3,47.96,520.76,2388.18,8129.27,8.4972,0.03,395,2388,100.0,38.56,23.1198,25
49,191,0.0028,0.0001,100.0,518.67,643.79,1592.77,1428.35,14.62,21.61,552.3,2388.27,9059.27,1.3,47.82,520.13,2388.23,8128.91,8.4903,0.03,395,2388,100.0,38.63,23.1865,24
49,192,0.0,0.0004,100.0,518.67,642.7,1598.82,1425.99,14.62,21.61,552.05,2388.24,9061.41,1.3,48.0,520.68,2388.19,8132.5,8.5033,0.03,394,2388,100.0,38.61,23.2251,23
49,193,-0.0026,0.0003,100.0,518.67,643.75,1600.14,1423.97,14.62,21.61,551.95,2388.17,9056.58,1.3,47.94,520.37,2388.24,8133.98,8.5273,0.03,394,2388,100.0,38.61,23.1785,22
49,194,0.0017,0.0004,100.0,518.67,643.25,1594.99,1428.22,14.62,21.61,551.89,2388.23,9062.39,1.3,48.06,519.78,2388.23,8130.56,8.4601,0.03,395,2388,100.0,38.66,23.0321,21
49,195,-0.0026,-0.0001,100.0,518.67,643.82,1604.4,1427.23,14.62,21.61,551.28,2388.21,9051.67,1.3,48.03,519.93,2388.27,8134.37,8.4918,0.03,397,2388,100.0,38.56,23.0371,20
49,196,0.0027,0.0001,100.0,518.67,643.29,1593.68,1424.58,14.62,21.61,551.78,2388.23,9058.21,1.3,48.0,520.37,2388.19,8130.95,8.4966,0.03,393,2388,100.0,38.55,23.2057,19
49,197,0.0018,-0.0003,100.0,518.67,643.44,1600.98,1428.75,14.62,21.61,551.58,2388.24,9064.1,1.3,48.15,520.32,2388.2,8136.18,8.5141,0.03,395,2388,100.0,38.44,23.1146,18
49,198,-0.0013,-0.0004,100.0,518.67,643.59,1598.16,1426.73,14.62,21.61,551.21,2388.22,9048.48,1.3,48.17,520.02,2388.28,8132.28,8.5064,0.03,396,2388,100.0,38.66,23.1804,17
49,199,0.0039,-0.0005,100.0,518.67,643.91,1594.75,1425.14,14.62,21.61,552.13,2388.22,9060.4,1.3,47.92,519.61,2388.21,8138.68,8.4862,0.03,394,2388,100.0,38.55,23.1165,16
49,200,-0.0006,-0.0001,100.0,518.67,643.4,1597.43,1425.16,14.62,21.61,551.23,2388.21,9059.56,1.3,48.11,519.85,2388.23,8134.52,8.4963,0.03,395,2388,100.0,38.39,23.1005,15
49,201,-0.0013,-0.0003,100.0,518.67,643.55,1600.32,1423.72,14.62,21.61,552.66,2388.28,9058.26,1.3,47.92,520.29,2388.21,8133.05,8.4657,0.03,396,2388,100.0,38.55,23.1569,14
49,202,-0.0033,-0.0004,100.0,518.67,643.26,1599.96,1435.41,14.62,21.61,551.41,2388.22,9053.91,1.3,48.11,520.21,2388.26,8134.46,8.5148,0.03,396,2388,100.0,38.63,23.1576,13
49,203,0.001,0.0002,100.0,518.67,643.58,1596.89,1424.97,14.62,21.61,551.76,2388.25,9059.28,1.3,48.01,520.1,2388.22,8130.69,8.5472,0.03,397,2388,100.0,38.57,23.014,12
49,204,-0.0024,-0.0003,100.0,518.67,643.64,1590.75,1423.68,14.62,21.61,551.43,2388.25,9070.09,1.3,48.1,519.26,2388.22,8134.48,8.5561,0.03,396,2388,100.0,38.55,23.1325,11
49,205,0.0022,-0.0002,100.0,518.67,642.99,1603.6,1425.09,14.62,21.61,551.9,2388.22,9052.1,1.3,47.99,519.77,2388.24,8132.84,8.5413,0.03,395,2388,100.0,38.64,23.065,10
49,206,0.0004,0.0,100.0,518.67,643.48,1603.09,1426.65,14.62,21.61,552.05,2388.27,9058.6,1.3,48.31,519.85,2388.22,8132.4,8.5527,0.03,397,2388,100.0,38.55,22.9967,9
49,207,0.0033,-0.0,100.0,518.67,643.72,1596.69,1423.79,14.62,21.61,551.2,2388.26,9063.43,1.3,48.18,519.41,2388.25,8132.4,8.508,0.03,397,2388,100.0,38.57,23.0009,8
49,208,-0.0001,-0.0002,100.0,518.67,643.2,1594.51,1431.92,14.62,21.61,551.96,2388.22,9064.43,1.3,48.23,520.1,2388.19,8128.08,8.5142,0.03,396,2388,100.0,38.5,23.136,7
49,209,0.0029,-0.0004,100.0,518.67,644.08,1604.93,1418.24,14.62,21.61,551.75,2388.3,9062.54,1.3,47.95,519.6,2388.32,8135.96,8.4972,0.03,396,2388,100.0,38.5,23.1663,6
49,210,0.0012,0.0003,100.0,518.67,643.57,1596.47,1433.41,14.62,21.61,551.49,2388.26,9056.83,1.3,48.12,519.7,2388.21,8132.69,8.4965,0.03,397,2388,100.0,38.64,23.1973,5
49,211,-0.0034,-0.0005,100.0,518.67,643.48,1605.85,1433.55,14.62,21.61,551.37,2388.34,9061.58,1.3,48.16,519.72,2388.29,8139.93,8.5333,0.03,396,2388,100.0,38.44,23.1226,4
49,212,-0.0002,-0.0005,100.0,518.67,643.34,1598.92,1428.57,14.62,21.61,551.34,2388.22,9065.34,1.3,48.03,519.88,2388.29,8134.67,8.5116,0.03,396,2388,100.0,38.5,23.1368,3
49,213,-0.0024,-0.0002,100.0,518.67,643.8,1597.25,1428.56,14.62,21.61,551.71,2388.24,9065.19,1.3,48.26,519.54,2388.28,8137.82,8.5363,0.03,397,2388,100.0,38.45,23.0635,2
49,214,0.0002,0.0001,100.0,518.67,643.64,1599.32,1427.87,14.62,21.61,550.97,2388.31,9069.14,1.3,48.16,519.02,2388.29,8133.65,8.5176,0.03,396,2388,100.0,38.46,23.1829,1
49,215,0.0026,-0.0005,100.0,518.67,644.2,1593.84,1433.24,14.62,21.61,550.72,2388.26,9058.19,1.3,48.26,519.25,2388.3,8138.39,8.5046,0.03,396,2388,100.0,38.46,23.0171,0
50,1,0.0015,-0.0006,100.0,518.67,642.12,1582.5,1400.44,14.62,21.61,553.76,2388.05,9057.95,1.3,47.31,521.97,2388.08,8141.04,8.4366,0.03,394,2388,100.0,38.96,23.3947,197
50,2,0.0008,0.0002,100.0,518.67,642.62,1589.9,1404.14,14.62,21.61,554.52,2388.02,9062.85,1.3,47.31,522.27,2388.02,8138.39,8.4211,0.03,394,2388,100.0,38.91,23.4594,196
50,3,-0.0012,0.0002,100.0,518.67,642.55,1582.75,1403.42,14.62,21.61,554.26,2388.04,9071.21,1.3,47.41,522.4,2388.04,8143.16,8.3931,0.03,392,2388,100.0,38.97,23.323,195
50,4,-0.0035,-0.0005,100.0,518.67,642.61,1586.91,1403.46,14.62,21.61,554.56,2388.05,9065.42,1.3,47.46,522.25,2388.08,8141.2,8.4286,0.03,393,2388,100.0,38.91,23.3886,194
50,5,-0.0018,0.0003,100.0,518.67,642.41,1589.7,1401.43,14.62,21.61,554.26,2388.05,9060.73,1.3,47.33,522.1,2388.0,8143.94,8.4295,0.03,394,2388,100.0,38.98,23.334,193
50,6,0.0023,-0.0,100.0,518.67,642.46,1585.34,1402.43,14.62,21.61,553.63,2388.01,9056.24,1.3,47.48,521.56,2387.97,8143.26,8.4073,0.03,391,2388,100.0,38.87,23.2987,192
50,7,0.0012,0.0002,100.0,518.67,642.37,1584.77,1402.34,14.62,21.61,553.91,2388.07,9062.94,1.3,47.3,521.59,2388.04,8147.63,8.3972,0.03,393,2388,100.0,39.04,23.4,191
50,8,0.0009,0.0001,100.0,518.67,642.38,1585.62,1401.11,14.62,21.61,554.15,2388.04,9062.45,1.3,47.38,522.31,2388.11,8147.94,8.4477,0.03,392,2388,100.0,38.88,23.3771,190
50,9,0.0027,-0.0002,100.0,518.67,642.54,1581.7,1398.03,14.62,21.61,553.67,2388.04,9059.19,1.3,47.37,522.18,2388.08,8143.67,8.4103,0.03,393,2388,100.0,38.95,23.349,189
50,10,0.0005,0.0003,100.0,518.67,642.33,1585.82,1395.96,14.62,21.61,554.58,2388.09,9061.41,1.3,47.26,521.43,2388.03,8142.77,8.4169,0.03,392,2388,100.0,38.81,23.2714,188
50,11,-0.0036,-0.0004,100.0,518.67,642.05,1578.46,1396.43,14.62,21.61,553.38,2388.09,9063.78,1.3,47.4,521.57,2388.09,8146.15,8.3979,0.03,392,2388,100.0,38.81,23.3106,187
50,12,-0.003,0.0003,100.0,518.67,642.76,1581.49,1400.18,14.62,21.61,554.42,2388.07,9060.85,1.3,47.34,522.23,2388.09,8143.07,8.4528,0.03,393,2388,100.0,38.84,23.3407,186
50,13,-0.0025,0.0,100.0,518.67,642.6,1576.37,1398.64,14.62,21.61,553.14,2388.07,9065.62,1.3,47.4,521.87,2388.07,8142.15,8.4003,0.03,393,2388,100.0,38.85,23.3102,185
50,14,-0.0014,0.0003,100.0,518.67,641.95,1588.64,1406.48,14.62,21.61,553.63,2388.05,9063.97,1.3,47.43,521.76,2388.05,8143.77,8.4072,0.03,391,2388,100.0,38.95,23.3548,184
50,15,0.0018,0.0,100.0,518.67,642.19,1588.83,1399.52,14.62,21.61,553.72,2388.02,9061.43,1.3,47.25,522.36,2388.01,8142.46,8.4295,0.03,391,2388,100.0,38.96,23.346,183
50,16,-0.0009,0.0003,100.0,518.67,641.81,1584.15,1405.48,14.62,21.61,553.85,2388.11,9064.26,1.3,47.43,521.75,2388.01,8138.77,8.4279,0.03,392,2388,100.0,38.89,23.288,182
50,17,-0.0049,-0.0005,100.0,518.67,642.83,1585.08,1402.0,14.62,21.61,554.4,2388.08,9067.86,1.3,47.41,521.77,2388.06,8143.94,8.4252,0.03,394,2388,100.0,38.83,23.2551,181
50,18,0.002,0.0001,100.0,518.67,642.47,1582.63,1401.72,14.62,21.61,553.74,2388.05,9057.15,1.3,47.3,522.45,2388.03,8145.89,8.418,0.03,393,2388,100.0,38.9,23.441,180
50,19,0.0023,-0.0006,100.0,518.67,642.67,1585.14,1404.04,14.62,21.61,554.12,2388.09,9061.05,1.3,47.49,522.02,2388.06,8143.45,8.4178,0.03,392,2388,100.0,39.02,23.3642,179
50,20,-0.0001,-0.0002,100.0,518.67,642.42,1583.58,1399.71,14.62,21.61,554.51,2388.07,9068.95,1.3,47.46,521.68,2388.08,8142.44,8.4347,0.03,392,2388,100.0,38.82,23.4585,178
50,21,-0.0001,-0.0001,100.0,518.67,642.56,1585.06,1412.19,14.62,21.61,554.43,2388.04,9062.45,1.3,47.35,521.46,2388.03,8140.47,8.419,0.03,392,2388,100.0,39.0,23.3518,177
50,22,0.004,0.0002,100.0,518.67,642.39,1584.2,1407.2,14.62,21.61,554.04,2388.03,9063.67,1.3,47.41,521.47,2388.0,8143.65,8.4218,0.03,393,2388,100.0,38.76,23.3956,176
50,23,-0.0005,-0.0004,100.0,518.67,642.83,1593.36,1400.32,14.62,21.61,553.53,2388.08,9056.7,1.3,47.48,521.89,2388.03,8142.94,8.3873,0.03,391,2388,100.0,38.99,23.4109,175
50,24,0.0035,-0.0002,100.0,518.67,642.73,1580.39,1400.53,14.62,21.61,554.31,2388.07,9061.05,1.3,47.32,521.94,2388.09,8145.82,8.3854,0.03,392,2388,100.0,38.96,23.3642,174
50,25,0.0026,0.0003,100.0,518.67,642.4,1589.16,1399.42,14.62,21.61,553.25,2388.04,9063.67,1.3,47.41,521.98,2388.03,8138.58,8.4174,0.03,394,2388,100.0,38.98,23.3005,173
50,26,0.0035,-0.0001,100.0,518.67,642.74,1579.32,1397.69,14.62,21.61,554.16,2388.06,9074.08,1.3,47.43,521.98,2388.04,8145.23,8.4121,0.03,393,2388,100.0,38.81,23.3646,172
50,27,-0.0019,-0.0003,100.0,518.67,642.46,1586.65,1402.83,14.62,21.61,553.98,2388.04,9069.01,1.3,47.36,521.67,2388.07,8148.89,8.4403,0.03,392,2388,100.0,38.94,23.3186,171
50,28,-0.005,0.0,100.0,518.67,642.28,1586.5,1407.03,14.62,21.61,553.44,2388.13,9068.05,1.3,47.46,521.59,2387.99,8139.08,8.4091,0.03,392,2388,100.0,38.91,23.3449,170
50,29,0.0039,0.0001,100.0,518.67,642.92,1591.07,1399.2,14.62,21.61,553.96,2388.06,9061.73,1.3,47.34,521.57,2387.97,8149.84,8.4099,0.03,391,2388,100.0,38.91,23.3521,169
50,30,-0.0021,0.0002,100.0,518.67,642.62,1590.45,1407.7,14.62,21.61,554.18,2388.03,9064.09,1.3,47.25,522.31,2388.08,8145.42,8.4132,0.03,393,2388,100.0,38.99,23.1615,168
50,31,-0.0034,-0.0006,100.0,518.67,642.46,1584.46,1408.24,14.62,21.61,553.98,2388.06,9062.5,1.3,47.18,521.49,2388.04,8142.92,8.4105,0.03,393,2388,100.0,38.91,23.3103,167
50,32,0.0009,-0.0006,100.0,518.67,642.63,1589.42,1399.63,14.62,21.61,553.37,2388.04,9060.88,1.3,47.44,522.26,2388.06,8148.2,8.3881,0.03,393,2388,100.0,39.0,23.3352,166
50,33,0.0,-0.0004,100.0,518.67,642.14,1582.13,1405.19,14.62,21.61,553.22,2388.08,9062.7,1.3,47.51,521.78,2388.06,8146.65,8.4352,0.03,391,2388,100.0,38.82,23.3546,165
50,34,-0.0009,0.0004,100.0,518.67,642.82,1582.82,1408.77,14.62,21.61,554.05,2388.08,9068.04,1.3,47.34,522.29,2388.07,8145.91,8.4409,0.03,393,2388,100.0,38.98,23.3735,164
50,35,-0.0031,0.0003,100.0,518.67,642.12,1590.81,1400.34,14.62,21.61,553.18,2388.02,9058.77,1.3,47.3,521.23,2388.08,8144.14,8.3706,0.03,393,2388,100.0,38.9,23.3269,163
50,36,0.0004,-0.0004,100.0,518.67,642.38,1586.38,1403.16,14.62,21.61,554.13,2388.08,9064.08,1.3,47.42,522.38,2388.04,8142.4,8.4335,0.03,394,2388,100.0,38.95,23.4361,162
50,37,-0.0029,-0.0002,100.0,518.67,642.66,1591.79,1401.3,14.62,21.6,554.6,2388.01,9064.12,1.3,47.47,521.68,2388.06,8151.49,8.4158,0.03,393,2388,100.0,38.8,23.3016,161
50,38,-0.0002,-0.0005,100.0,518.67,642.28,1587.84,1404.96,14.62,21.61,553.6,2388.06,9065.83,1.3,47.33,522.12,2388.07,8142.72,8.4467,0.03,392,2388,100.0,38.99,23.344,160
50,39,-0.001,-0.0005,100.0,518.67,642.21,1586.89,1404.47,14.62,21.61,554.31,2388.05,9065.63,1.3,47.48,521.96,2388.05,8139.14,8.4424,0.03,393,2388,100.0,38.91,23.319,159
50,40,-0.0061,-0.0002,100.0,518.67,643.19,1587.36,1398.9,14.62,21.61,554.35,2388.07,9059.91,1.3,47.3,522.31,2388.04,8145.16,8.4504,0.03,393,2388,100.0,38.95,23.3161,158
50,41,-0.0002,0.0001,100.0,518.67,642.47,1584.96,1406.08,14.62,21.61,554.03,2388.0,9073.29,1.3,47.44,522.05,2388.05,8145.35,8.3822,0.03,392,2388,100.0,38.83,23.3256,157
50,42,-0.0003,-0.0003,100.0,518.67,641.82,1585.3,1399.3,14.62,21.61,554.38,2388.02,9068.48,1.3,47.13,522.17,2388.04,8144.13,8.418,0.03,393,2388,100.0,38.8,23.4777,156
50,43,0.0026,-0.0005,100.0,518.67,642.39,1589.71,1410.44,14.62,21.61,553.41,2388.07,9065.43,1.3,47.32,522.44,2388.07,8142.57,8.4232,0.03,393,2388,100.0,38.7,23.3443,155
50,44,0.0011,0.0002,100.0,518.67,642.07,1590.7,1403.72,14.62,21.61,553.84,2388.04,9059.48,1.3,47.43,521.9,2388.08,8145.86,8.4063,0.03,393,2388,100.0,38.89,23.3815,154
50,45,0.0005,-0.0001,100.0,518.67,641.8,1592.23,1401.26,14.62,21.61,553.56,2388.02,9059.32,1.3,47.19,521.73,2388.04,8142.33,8.3988,0.03,390,2388,100.0,38.95,23.3749,153
50,46,0.0008,0.0001,100.0,518.67,642.26,1586.46,1404.42,14.62,21.61,553.29,2388.04,9071.98,1.3,47.41,521.8,2388.03,8142.1,8.4241,0.03,391,2388,100.0,38.96,23.3982,152
50,47,0.0016,0.0002,100.0,518.67,642.78,1594.91,1404.75,14.62,21.61,553.26,2388.0,9061.25,1.3,47.48,522.25,2388.05,8142.54,8.438,0.03,391,2388,100.0,38.94,23.253,151
50,48,-0.0005,-0.0001,100.0,518.67,642.22,1580.13,1403.97,14.62,21.61,553.98,2388.11,9069.15,1.3,47.43,522.09,2388.08,8141.59,8.4472,0.03,392,2388,100.0,38.9,23.3085,150
50,49,0.0026,-0.0002,100.0,518.67,642.85,1586.51,1403.74,14.62,21.61,553.53,2388.07,9056.25,1.3,47.38,521.63,2388.07,8140.68,8.403,0.03,393,2388,100.0,38.91,23.1514,149
50,50,-0.0036,0.0002,100.0,518.67,642.17,1593.23,1396.05,14.62,21.61,554.17,2388.06,9061.89,1.3,47.63,521.69,2388.02,8147.92,8.4304,0.03,392,2388,100.0,38.84,23.38,148
50,51,-0.0016,-0.0005,100.0,518.67,642.12,1588.94,1408.59,14.62,21.61,553.5,2388.03,9062.73,1.3,47.28,521.81,2388.04,8140.9,8.3951,0.03,393,2388,100.0,38.99,23.1953,147
50,52,0.0062,-0.0004,100.0,518.67,642.16,1585.63,1410.41,14.62,21.61,554.02,2388.08,9062.46,1.3,47.34,521.97,2388.05,8143.61,8.41,0.03,392,2388,100.0,38.95,23.4115,146
50,53,0.0036,-0.0004,100.0,518.67,642.53,1587.93,1401.62,14.62,21.61,553.98,2388.04,9071.8,1.3,47.65,521.8,2388.1,8149.64,8.4355,0.03,394,2388,100.0,38.99,23.3295,145
50,54,-0.002,0.0003,100.0,518.67,642.03,1586.26,1407.92,14.62,21.61,553.54,2388.02,9065.53,1.3,47.33,521.19,2388.04,8141.71,8.4345,0.03,392,2388,100.0,38.93,23.4203,144
50,55,-0.0021,0.0001,100.0,518.67,641.89,1587.63,1410.24,14.62,21.61,554.04,2388.07,9060.36,1.3,47.45,521.23,2388.07,8143.56,8.45,0.03,393,2388,100.0,38.76,23.3948,143
50,56,-0.0005,-0.0005,100.0,518.67,642.45,1583.2,1408.51,14.62,21.61,554.6,2388.02,9063.39,1.3,47.39,521.43,2388.06,8144.82,8.4518,0.03,394,2388,100.0,38.96,23.2727,142
50,57,0.0026,-0.0001,100.0,518.67,643.12,1584.99,1398.91,14.62,21.61,553.92,2388.06,9057.86,1.3,47.51,522.1,2388.03,8145.08,8.4159,0.03,393,2388,100.0,38.78,23.3328,141
50,58,0.0008,-0.0002,100.0,518.67,642.32,1586.96,1404.61,14.62,21.61,553.8,2388.02,9066.95,1.3,47.18,521.81,2388.09,8142.77,8.4207,0.03,393,2388,100.0,39.02,23.3168,140
50,59,0.0011,-0.0,100.0,518.67,642.72,1586.05,1400.68,14.62,21.61,553.96,2388.11,9067.12,1.3,47.23,522.11,2388.02,8141.16,8.3832,0.03,394,2388,100.0,38.81,23.3355,139
50,60,-0.0013,-0.0001,100.0,518.67,642.44,1589.24,1416.54,14.62,21.61,553.12,2388.03,9070.84,1.3,47.32,521.79,2388.02,8144.09,8.4086,0.03,392,2388,100.0,38.86,23.3714,138
50,61,-0.0021,-0.0005,100.0,518.67,642.39,1584.21,1404.19,14.62,21.61,553.94,2388.08,9066.48,1.3,47.4,521.9,2388.05,8143.44,8.4312,0.03,393,2388,100.0,38.94,23.3841,137
50,62,-0.0008,0.0004,100.0,518.67,642.64,1597.04,1403.63,14.62,21.61,553.31,2388.12,9060.63,1.3,47.53,522.24,2388.09,8147.15,8.4157,0.03,394,2388,100.0,39.14,23.2324,136
50,63,-0.0009,0.0002,100.0,518.67,642.14,1589.99,1410.05,14.62,21.61,553.37,2388.04,9067.71,1.3,47.37,521.23,2388.1,8146.18,8.4236,0.03,392,2388,100.0,38.79,23.3751,135
50,64,0.0026,-0.0002,100.0,518.67,642.21,1592.14,1403.64,14.62,21.61,553.14,2388.06,9057.15,1.3,47.4,521.71,2388.03,8145.31,8.4281,0.03,392,2388,100.0,38.91,23.3434,134
50,65,0.0039,-0.0003,100.0,518.67,642.24,1585.01,1405.13,14.62,21.61,553.69,2388.07,9068.1,1.3,47.24,522.19,2388.08,8146.92,8.4537,0.03,393,2388,100.0,38.98,23.2149,133
50,66,-0.002,-0.0002,100.0,518.67,642.52,1584.84,1407.86,14.62,21.61,553.52,2388.05,9065.0,1.3,47.58,521.98,2388.03,8142.94,8.4272,0.03,392,2388,100.0,38.96,23.2587,132
50,67,-0.0027,0.0001,100.0,518.67,642.55,1592.28,1406.93,14.62,21.61,553.16,2388.05,9077.05,1.3,47.23,520.86,2388.1,8140.28,8.4347,0.03,393,2388,100.0,38.88,23.3006,131
50,68,0.0006,0.0,100.0,518.67,642.52,1585.26,1402.78,14.62,21.61,553.42,2388.08,9057.66,1.3,47.19,521.31,2388.02,8152.22,8.4391,0.03,395,2388,100.0,38.91,23.327,130
50,69,0.001,-0.0,100.0,518.67,642.29,1581.25,1409.86,14.62,21.61,553.25,2388.04,9066.7,1.3,47.28,522.2,2388.06,8146.75,8.4336,0.03,392,2388,100.0,39.08,23.4135,129
50,70,0.0042,0.0004,100.0,518.67,642.46,1586.49,1409.26,14.62,21.61,554.94,2388.06,9066.79,1.3,47.5,521.67,2388.08,8143.18,8.4552,0.03,394,2388,100.0,39.05,23.2842,128
50,71,0.0004,0.0002,100.0,518.67,642.0,1588.12,1399.37,14.62,21.61,553.54,2388.06,9063.64,1.3,47.53,521.72,2388.06,8150.49,8.4144,0.03,392,2388,100.0,38.9,23.3808,127
50,72,-0.0028,0.0003,100.0,518.67,642.42,1584.73,1404.86,14.62,21.61,553.8,2388.11,9058.59,1.3,47.59,522.04,2388.06,8146.85,8.4021,0.03,392,2388,100.0,38.89,23.3863,126
50,73,0.0004,-0.0001,100.0,518.67,642.63,1586.71,1400.6,14.62,21.61,554.14,2388.03,9061.19,1.3,47.43,521.39,2388.03,8140.58,8.4378,0.03,393,2388,100.0,38.67,23.2567,125
50,74,-0.0024,-0.0004,100.0,518.67,642.79,1587.78,1405.16,14.62,21.61,554.46,2388.05,9067.88,1.3,47.26,521.78,2388.04,8150.52,8.4015,0.03,393,2388,100.0,38.73,23.3033,124
50,75,0.003,-0.0006,100.0,518.67,642.6,1593.14,1396.47,14.62,21.61,554.63,2388.03,9058.27,1.3,47.44,521.63,2388.0,8142.02,8.4256,0.03,394,2388,100.0,38.93,23.3008,123
50,76,-0.0026,0.0003,100.0,518.67,642.87,1590.79,1407.75,14.62,21.61,554.06,2388.07,9073.62,1.3,47.47,521.55,2388.11,8146.77,8.4664,0.03,393,2388,100.0,38.96,23.352,122
50,77,-0.0004,-0.0004,100.0,518.67,642.07,1584.43,1405.78,14.62,21.61,553.61,2387.99,9066.94,1.3,47.44,521.84,2388.07,8149.47,8.413,0.03,392,2388,100.0,38.87,23.2678,121
50,78,0.0037,-0.0005,100.0,518.67,642.59,1586.9,1406.29,14.62,21.61,553.91,2388.04,9061.96,1.3,47.35,521.41,2388.08,8144.46,8.4072,0.03,393,2388,100.0,38.72,23.4196,120
50,79,-0.0006,-0.0004,100.0,518.67,642.51,1589.88,1406.79,14.62,21.61,553.97,2388.05,9069.12,1.3,47.49,522.02,2388.06,8140.66,8.3685,0.03,393,2388,100.0,38.95,23.2316,119
50,80,-0.002,-0.0006,100.0,518.67,642.53,1584.91,1408.52,14.62,21.61,554.29,2388.04,9070.89,1.3,47.62,521.71,2388.01,8145.66,8.427,0.03,393,2388,100.0,38.85,23.3824,118
50,81,0.0016,0.0001,100.0,518.67,642.91,1584.75,1405.41,14.62,21.61,553.9,2388.07,9076.62,1.3,47.46,521.32,2388.02,8145.04,8.4206,0.03,391,2388,100.0,38.84,23.365,117
50,82,-0.0047,-0.0003,100.0,518.67,642.44,1587.53,1407.61,14.62,21.61,553.88,2388.08,9066.0,1.3,47.36,522.18,2388.05,8146.92,8.4279,0.03,393,2388,100.0,38.83,23.3956,116
50,83,-0.0013,-0.0001,100.0,518.67,642.81,1584.97,1406.28,14.62,21.61,553.05,2388.08,9062.4,1.3,47.5,521.28,2388.07,8142.42,8.4171,0.03,393,2388,100.0,38.69,23.2507,115
50,84,0.0003,-0.0004,100.0,518.67,642.86,1594.21,1401.17,14.62,21.61,553.17,2388.09,9070.82,1.3,47.43,521.7,2388.06,8143.94,8.4153,0.03,392,2388,100.0,38.89,23.1871,114
50,85,-0.0007,-0.0006,100.0,518.67,642.52,1587.23,1414.25,14.62,21.61,553.96,2388.05,9063.96,1.3,47.57,521.68,2388.06,8148.3,8.3936,0.03,393,2388,100.0,38.87,23.2868,113
50,86,-0.0006,0.0001,100.0,518.67,642.6,1589.77,1408.59,14.62,21.61,553.28,2388.06,9064.35,1.3,47.45,521.41,2388.12,8143.7,8.4459,0.03,393,2388,100.0,39.05,23.3112,112
50,87,-0.0011,0.0001,100.0,518.67,642.8,1590.97,1402.2,14.62,21.61,553.29,2388.09,9076.77,1.3,47.45,521.54,2388.07,8144.99,8.4213,0.03,393,2388,100.0,39.04,23.2808,111
50,88,0.0014,0.0,100.0,518.67,642.57,1596.7,1400.16,14.62,21.61,554.13,2388.02,9059.16,1.3,47.51,521.52,2388.06,8145.71,8.429,0.03,393,2388,100.0,38.84,23.2388,110
50,89,-0.0023,-0.0003,100.0,518.67,642.43,1588.87,1415.58,14.62,21.61,553.88,2388.06,9070.2,1.3,47.31,521.85,2388.07,8148.8,8.4376,0.03,393,2388,100.0,38.8,23.288,109
50,90,-0.0029,0.0001,100.0,518.67,642.6,1593.47,1410.18,14.62,21.61,554.29,2388.08,9074.19,1.3,47.46,521.27,2388.08,8147.58,8.4483,0.03,393,2388,100.0,38.76,23.281,108
50,91,0.0035,-0.0006,100.0,518.67,642.48,1594.0,1403.91,14.62,21.61,553.26,2388.07,9066.75,1.3,47.54,521.5,2388.05,8146.37,8.4339,0.03,393,2388,100.0,38.96,23.3141,107
50,92,-0.0013,-0.0005,100.0,518.67,642.76,1590.0,1401.25,14.62,21.61,553.57,2388.09,9078.07,1.3,47.45,521.21,2388.01,8146.99,8.4334,0.03,393,2388,100.0,38.8,23.4373,106
50,93,-0.0014,-0.0004,100.0,518.67,642.43,1584.14,1407.75,14.62,21.61,553.86,2388.05,9066.98,1.3,47.36,521.06,2388.05,8147.19,8.4146,0.03,394,2388,100.0,38.77,23.2351,105
50,94,0.0031,-0.0,100.0,518.67,643.02,1589.56,1406.51,14.62,21.61,554.09,2388.11,9063.37,1.3,47.52,521.76,2388.12,8150.5,8.4371,0.03,393,2388,100.0,38.72,23.3616,104
50,95,-0.002,-0.0005,100.0,518.67,642.61,1589.19,1400.61,14.62,21.61,553.72,2388.08,9068.33,1.3,47.63,521.59,2388.1,8143.97,8.4572,0.03,393,2388,100.0,38.86,23.2087,103
50,96,0.0004,-0.0001,100.0,518.67,643.01,1584.82,1407.66,14.62,21.61,553.88,2388.05,9064.01,1.3,47.67,520.95,2388.12,8154.63,8.4468,0.03,393,2388,100.0,38.74,23.3042,102
50,97,0.0023,0.0001,100.0,518.67,642.26,1586.61,1412.3,14.62,21.61,553.01,2388.09,9063.93,1.3,47.54,521.46,2388.04,8142.47,8.4492,0.03,391,2388,100.0,38.76,23.2788,101
50,98,-0.0013,0.0001,100.0,518.67,642.38,1592.25,1415.75,14.62,21.61,553.75,2388.06,9066.16,1.3,47.45,521.31,2388.05,8148.98,8.4741,0.03,394,2388,100.0,38.83,23.3351,100
50,99,0.0018,0.0,100.0,518.67,642.39,1585.49,1405.87,14.62,21.61,553.01,2388.03,9067.2,1.3,47.35,521.39,2388.07,8152.68,8.4572,0.03,395,2388,100.0,39.02,23.3337,99
50,100,0.0017,0.0002,100.0,518.67,642.38,1588.59,1411.1,14.62,21.61,553.32,2388.09,9066.08,1.3,47.61,521.2,2388.14,8147.06,8.4043,0.03,391,2388,100.0,38.87,23.218,98
50,101,0.0015,-0.0003,100.0,518.67,642.85,1592.22,1401.11,14.62,21.61,553.13,2388.11,9063.79,1.3,47.49,521.52,2388.11,8144.98,8.4367,0.03,392,2388,100.0,38.9,23.2263,97
50,102,-0.0019,-0.0003,100.0,518.67,642.39,1582.43,1414.12,14.62,21.61,553.38,2388.12,9071.01,1.3,47.6,522.0,2388.12,8148.9,8.4199,0.03,393,2388,100.0,38.79,23.2869,96
50,103,-0.0031,-0.0002,100.0,518.67,642.03,1589.44,1406.72,14.62,21.61,553.31,2388.13,9064.34,1.3,47.53,521.37,2388.14,8146.56,8.4632,0.03,393,2388,100.0,38.63,23.3116,95
50,104,0.0059,0.0004,100.0,518.67,642.36,1582.35,1405.23,14.62,21.61,553.76,2388.1,9072.74,1.3,47.67,521.29,2388.08,8146.65,8.4417,0.03,391,2388,100.0,39.01,23.2998,94
50,105,0.0029,-0.0004,100.0,518.67,642.69,1586.81,1404.16,14.62,21.61,553.88,2388.01,9070.52,1.3,47.46,521.52,2388.1,8144.18,8.4503,0.03,393,2388,100.0,38.96,23.1933,93
50,106,0.0002,-0.0002,100.0,518.67,642.86,1595.04,1412.43,14.62,21.61,553.63,2388.11,9068.84,1.3,47.47,521.34,2388.03,8152.45,8.4337,0.03,393,2388,100.0,38.68,23.3613,92
50,107,-0.0003,0.0002,100.0,518.67,642.41,1585.63,1406.48,14.62,21.61,553.02,2388.04,9076.73,1.3,47.71,521.35,2388.08,8149.23,8.4257,0.03,392,2388,100.0,38.76,23.2578,91
50,108,0.0021,0.0003,100.0,518.67,642.56,1586.63,1403.55,14.62,21.61,554.17,2388.07,9068.62,1.3,47.38,521.79,2388.07,8148.95,8.405,0.03,393,2388,100.0,38.89,23.4082,90
50,109,-0.0008,-0.0004,100.0,518.67,643.16,1592.98,1402.06,14.62,21.61,552.92,2388.05,9068.55,1.3,47.62,521.45,2388.09,8144.44,8.4259,0.03,394,2388,100.0,38.75,23.2252,89
50,110,0.0011,-0.0006,100.0,518.67,642.54,1589.83,1409.9,14.62,21.61,553.33,2388.09,9068.83,1.3,47.59,521.61,2388.09,8145.54,8.4337,0.03,393,2388,100.0,39.05,23.2011,88
50,111,-0.0034,-0.0001,100.0,518.67,642.35,1583.83,1411.36,14.62,21.61,554.03,2388.12,9077.18,1.3,47.48,520.8,2388.06,8149.64,8.4407,0.03,392,2388,100.0,38.8,23.2918,87
50,112,0.0042,-0.0005,100.0,518.67,642.7,1593.62,1411.73,14.62,21.61,553.65,2388.12,9067.69,1.3,47.57,521.4,2388.07,8147.41,8.4403,0.03,392,2388,100.0,38.7,23.3406,86
50,113,0.0041,0.0001,100.0,518.67,642.58,1594.04,1407.39,14.62,21.61,553.47,2388.06,9069.77,1.3,47.66,521.29,2388.03,8142.84,8.4579,0.03,393,2388,100.0,38.81,23.3687,85
50,114,0.0016,0.0002,100.0,518.67,642.45,1581.39,1410.59,14.62,21.61,553.53,2388.05,9063.18,1.3,47.62,521.1,2388.1,8147.27,8.4139,0.03,393,2388,100.0,38.84,23.2916,84
50,115,-0.0017,0.0002,100.0,518.67,642.68,1587.94,1408.14,14.62,21.61,553.7,2388.04,9068.26,1.3,47.55,521.5,2388.06,8150.3,8.415,0.03,393,2388,100.0,38.75,23.2829,83
50,116,0.0018,-0.0001,100.0,518.67,642.65,1590.26,1409.13,14.62,21.61,553.65,2388.09,9069.26,1.3,47.52,521.71,2388.06,8150.06,8.4735,0.03,394,2388,100.0,38.77,23.2517,82
50,117,0.0019,-0.0006,100.0,518.67,642.46,1595.36,1405.92,14.62,21.61,553.18,2388.1,9067.25,1.3,47.6,521.34,2388.12,8144.56,8.4447,0.03,394,2388,100.0,38.57,23.2391,81
50,118,0.0015,0.0004,100.0,518.67,642.47,1584.45,1404.53,14.62,21.61,553.45,2388.1,9068.18,1.3,47.35,521.26,2388.04,8146.99,8.415,0.03,392,2388,100.0,38.94,23.3091,80
50,119,-0.0035,0.0,100.0,518.67,643.12,1590.39,1406.79,14.62,21.61,553.14,2388.08,9074.31,1.3,47.4,521.22,2388.06,8150.38,8.4504,0.03,394,2388,100.0,38.86,23.2776,79
50,120,-0.0006,0.0001,100.0,518.67,642.67,1583.85,1399.52,14.62,21.61,553.37,2388.05,9074.37,1.3,47.57,521.28,2388.02,8147.45,8.4601,0.03,392,2388,100.0,38.78,23.3392,78
50,121,0.0029,-0.0004,100.0,518.67,642.58,1594.4,1407.05,14.62,21.61,553.03,2388.09,9070.88,1.3,47.63,521.52,2388.11,8147.12,8.4468,0.03,393,2388,100.0,38.74,23.3172,77
50,122,0.0017,-0.0003,100.0,518.67,642.91,1586.67,1412.8,14.62,21.61,553.46,2388.11,9074.7,1.3,47.52,521.62,2388.07,8145.69,8.4333,0.03,394,2388,100.0,38.8,23.2134,76
50,123,-0.001,0.0003,100.0,518.67,643.01,1578.72,1411.24,14.62,21.61,553.45,2388.08,9071.52,1.3,47.58,521.57,2388.14,8150.93,8.4162,0.03,394,2388,100.0,38.84,23.3588,75
50,124,-0.0018,0.0003,100.0,518.67,642.72,1594.11,1411.57,14.62,21.61,553.61,2388.13,9076.43,1.3,47.78,520.68,2388.12,8146.2,8.4797,0.03,391,2388,100.0,39.02,23.257,74
50,125,0.0034,0.0003,100.0,518.67,642.91,1594.05,1407.09,14.62,21.61,553.17,2388.09,9072.09,1.3,47.57,521.27,2388.09,8146.63,8.4409,0.03,393,2388,100.0,38.85,23.1987,73
50,126,-0.0007,-0.0005,100.0,518.67,642.93,1593.66,1408.19,14.62,21.61,553.54,2388.07,9073.0,1.3,47.51,521.92,2388.04,8151.66,8.4659,0.03,394,2388,100.0,38.8,23.295,72
50,127,-0.0037,0.0004,100.0,518.67,642.73,1586.43,1410.09,14.62,21.61,552.97,2388.08,9068.8,1.3,47.55,521.88,2388.08,8157.71,8.413,0.03,395,2388,100.0,38.69,23.2201,71
50,128,-0.0,-0.0003,100.0,518.67,642.85,1587.73,1410.21,14.62,21.61,552.69,2388.07,9076.77,1.3,47.6,521.25,2388.13,8153.94,8.4194,0.03,393,2388,100.0,38.6,23.2817,70
50,129,0.0014,0.0004,100.0,518.67,642.82,1591.14,1416.38,14.62,21.61,553.37,2388.16,9071.56,1.3,47.64,520.99,2388.12,8154.07,8.4504,0.03,394,2388,100.0,38.67,23.2955,69
50,130,0.0023,-0.0001,100.0,518.67,642.99,1598.6,1414.89,14.62,21.61,553.18,2388.11,9085.34,1.3,47.56,520.95,2388.12,8152.18,8.4192,0.03,394,2388,100.0,38.7,23.3214,68
50,131,0.0034,0.0,100.0,518.67,642.42,1588.11,1415.53,14.62,21.61,553.26,2388.04,9069.6,1.3,47.7,520.87,2388.09,8154.82,8.469,0.03,392,2388,100.0,38.78,23.266,67
50,132,0.0003,0.0001,100.0,518.67,642.87,1591.02,1414.88,14.62,21.61,552.39,2388.11,9074.73,1.3,47.53,520.99,2388.09,8155.73,8.4624,0.03,394,2388,100.0,38.78,23.2801,66
50,133,0.0005,-0.0003,100.0,518.67,643.07,1590.9,1405.64,14.62,21.61,553.15,2388.06,9076.85,1.3,47.56,521.18,2388.05,8156.05,8.4557,0.03,394,2388,100.0,38.71,23.3598,65
50,134,-0.0027,-0.0004,100.0,518.67,642.75,1594.49,1414.12,14.62,21.61,553.32,2388.08,9073.39,1.3,47.54,521.63,2388.1,8153.71,8.4541,0.03,394,2388,100.0,38.81,23.3491,64
50,135,0.0033,0.0004,100.0,518.67,642.9,1596.24,1410.8,14.62,21.61,552.8,2388.09,9073.29,1.3,47.58,521.08,2388.15,8152.2,8.4656,0.03,393,2388,100.0,38.81,23.2899,63
50,136,0.0031,0.0001,100.0,518.67,643.54,1595.47,1411.44,14.62,21.61,552.72,2388.11,9087.74,1.3,47.45,520.49,2388.06,8155.12,8.4413,0.03,394,2388,100.0,38.95,23.226,62
50,137,0.0005,-0.0001,100.0,518.67,643.11,1585.13,1407.97,14.62,21.61,553.02,2388.1,9083.98,1.3,47.68,521.11,2388.1,8154.02,8.4157,0.03,394,2388,100.0,38.77,23.2591,61
50,138,0.0022,-0.0002,100.0,518.67,643.52,1597.84,1420.15,14.62,21.61,552.91,2388.13,9079.03,1.3,47.48,521.05,2388.14,8159.54,8.4711,0.03,395,2388,100.0,38.62,23.2523,60
50,139,-0.0018,0.0001,100.0,518.67,642.64,1587.2,1408.46,14.62,21.61,553.37,2388.1,9081.32,1.3,47.62,520.51,2388.08,8151.09,8.4661,0.03,394,2388,100.0,38.75,23.1872,59
50,140,0.0002,0.0002,100.0,518.67,642.96,1592.7,1414.87,14.62,21.61,552.62,2388.11,9074.22,1.3,47.58,521.36,2388.1,8157.23,8.4336,0.03,392,2388,100.0,38.73,23.3439,58
50,141,-0.0001,-0.0003,100.0,518.67,642.44,1586.14,1414.46,14.62,21.61,553.24,2388.11,9088.0,1.3,47.72,521.55,2388.11,8159.43,8.3914,0.03,394,2388,100.0,38.81,23.2952,57
50,142,-0.0046,-0.0001,100.0,518.67,643.51,1592.92,1417.52,14.62,21.61,553.06,2388.1,9082.1,1.3,47.77,521.39,2388.1,8155.69,8.5048,0.03,394,2388,100.0,38.7,23.2388,56
50,143,0.0008,0.0004,100.0,518.67,642.26,1596.39,1410.7,14.62,21.61,552.72,2388.08,9084.3,1.3,47.66,521.42,2388.06,8155.03,8.4267,0.03,395,2388,100.0,38.74,23.219,55
50,144,-0.0028,-0.0003,100.0,518.67,642.17,1598.41,1413.07,14.62,21.61,553.16,2388.16,9082.8,1.3,47.74,520.89,2388.09,8157.77,8.4727,0.03,394,2388,100.0,38.79,23.247,54
50,145,0.0013,-0.0002,100.0,518.67,643.11,1585.16,1407.11,14.62,21.61,552.86,2388.1,9084.7,1.3,47.6,521.28,2388.08,8162.09,8.46,0.03,393,2388,100.0,38.93,23.3105,53
50,146,-0.0017,0.0001,100.0,518.67,642.84,1592.44,1411.11,14.62,21.61,553.19,2388.09,9080.39,1.3,47.54,521.1,2388.12,8156.44,8.4544,0.03,394,2388,100.0,38.76,23.3391,52
50,147,0.0,-0.0001,100.0,518.67,643.04,1592.47,1409.15,14.62,21.61,553.02,2388.13,9085.3,1.3,47.74,521.37,2388.08,8159.92,8.504,0.03,393,2388,100.0,38.51,23.2651,51
50,148,0.0032,-0.0002,100.0,518.67,642.13,1593.57,1407.7,14.62,21.61,552.1,2388.09,9088.55,1.3,47.62,522.19,2388.01,8158.17,8.4743,0.03,395,2388,100.0,38.6,23.3118,50
50,149,-0.0018,0.0,100.0,518.67,643.01,1584.21,1410.61,14.62,21.61,552.38,2388.09,9088.11,1.3,47.59,521.54,2388.08,8163.19,8.4385,0.03,394,2388,100.0,38.69,23.2573,49
50,150,-0.0008,0.0001,100.0,518.67,643.37,1590.63,1413.01,14.62,21.61,553.05,2388.1,9081.01,1.3,47.52,521.4,2388.13,8160.63,8.4752,0.03,394,2388,100.0,38.51,23.1816,48
50,151,-0.0003,0.0,100.0,518.67,642.49,1590.38,1415.17,14.62,21.61,553.09,2388.12,9085.05,1.3,47.6,520.74,2388.07,8158.61,8.4393,0.03,396,2388,100.0,38.72,23.3047,47
50,152,0.0008,0.0004,100.0,518.67,642.71,1594.38,1415.78,14.62,21.61,553.31,2388.1,9084.92,1.3,47.72,520.8,2388.13,8160.4,8.46,0.03,394,2388,100.0,38.62,23.201,46
50,153,-0.0018,-0.0003,100.0,518.67,642.6,1586.45,1407.55,14.62,21.61,553.0,2388.08,9088.09,1.3,47.71,520.96,2388.15,8162.21,8.4432,0.03,395,2388,100.0,38.6,23.193,45
50,154,0.0023,-0.0001,100.0,518.67,643.09,1597.35,1416.92,14.62,21.61,553.56,2388.08,9090.87,1.3,47.68,520.53,2388.14,8160.79,8.458,0.03,394,2388,100.0,38.73,23.2003,44
50,155,0.0015,-0.0001,100.0,518.67,642.42,1593.18,1416.79,14.62,21.61,553.14,2388.08,9090.82,1.3,47.59,520.99,2388.15,8159.43,8.4548,0.03,393,2388,100.0,38.69,23.2141,43
50,156,0.0041,-0.0003,100.0,518.67,642.5,1593.73,1408.39,14.62,21.61,552.7,2388.11,9091.39,1.3,47.6,520.94,2388.12,8161.32,8.4758,0.03,396,2388,100.0,38.72,23.1351,42
50,157,0.0018,0.0001,100.0,518.67,643.28,1594.64,1415.82,14.62,21.61,553.21,2388.17,9083.52,1.3,47.85,521.09,2388.15,8159.74,8.4821,0.03,394,2388,100.0,38.56,23.2534,41
50,158,0.0,-0.0002,100.0,518.67,642.75,1598.37,1418.15,14.62,21.61,552.23,2388.15,9093.64,1.3,47.5,520.71,2388.11,8167.54,8.4579,0.03,395,2388,100.0,38.44,23.2506,40
50,159,0.0024,0.0002,100.0,518.67,643.15,1596.77,1415.76,14.62,21.61,552.53,2388.1,9092.02,1.3,47.74,520.73,2388.11,8161.54,8.4731,0.03,395,2388,100.0,38.68,23.2233,39
50,160,-0.0009,-0.0004,100.0,518.67,642.79,1590.19,1419.36,14.62,21.61,552.84,2388.08,9089.7,1.3,47.7,520.92,2388.13,8163.02,8.5081,0.03,395,2388,100.0,38.62,23.2034,38
50,161,-0.0018,-0.0006,100.0,518.67,643.26,1591.34,1415.91,14.62,21.61,552.09,2388.13,9090.83,1.3,47.75,520.82,2388.13,8163.28,8.4611,0.03,394,2388,100.0,38.85,23.2393,37
50,162,0.0038,0.0001,100.0,518.67,643.31,1596.57,1419.83,14.62,21.61,553.14,2388.12,9092.19,1.3,47.93,520.62,2388.13,8164.05,8.4701,0.03,395,2388,100.0,38.75,23.1573,36
50,163,-0.0003,-0.0001,100.0,518.67,643.55,1588.15,1418.66,14.62,21.61,553.08,2388.14,9091.82,1.3,47.71,521.01,2388.11,8162.44,8.4401,0.03,395,2388,100.0,38.66,23.2479,35
50,164,-0.0004,-0.0006,100.0,518.67,642.98,1593.81,1416.02,14.62,21.61,552.5,2388.09,9088.76,1.3,47.98,520.65,2388.09,8161.97,8.4823,0.03,395,2388,100.0,38.62,23.2171,34
50,165,0.0011,0.0001,100.0,518.67,643.32,1597.08,1424.74,14.62,21.61,552.64,2388.09,9089.17,1.3,47.75,520.62,2388.19,8171.73,8.4687,0.03,396,2388,100.0,38.66,23.2858,33
50,166,0.0038,-0.0002,100.0,518.67,643.26,1597.49,1415.92,14.62,21.61,552.7,2388.15,9095.28,1.3,47.69,521.1,2388.14,8170.23,8.4701,0.03,396,2388,100.0,38.8,23.1589,32
50,167,-0.0024,-0.0001,100.0,518.67,643.01,1593.06,1414.23,14.62,21.61,553.02,2388.09,9095.57,1.3,47.99,521.05,2388.09,8168.12,8.4827,0.03,395,2388,100.0,38.64,23.1266,31
50,168,0.004,-0.0006,100.0,518.67,643.47,1598.0,1423.54,14.62,21.61,553.2,2388.1,9099.12,1.3,47.74,520.75,2388.14,8170.12,8.4962,0.03,394,2388,100.0,38.42,23.0698,30
50,169,-0.0056,0.0003,100.0,518.67,643.04,1598.54,1410.54,14.62,21.61,552.91,2388.13,9100.45,1.3,47.77,520.37,2388.15,8169.12,8.4664,0.03,395,2388,100.0,38.55,23.1757,29
50,170,-0.0018,-0.0002,100.0,518.67,642.88,1601.32,1412.15,14.62,21.61,552.18,2388.15,9087.36,1.3,47.83,520.32,2388.15,8169.46,8.4937,0.03,395,2388,100.0,38.65,23.149,28
50,171,-0.0009,-0.0001,100.0,518.67,643.42,1591.19,1420.96,14.62,21.61,553.14,2388.11,9091.96,1.3,47.8,520.11,2388.14,8167.89,8.4943,0.03,396,2388,100.0,38.62,23.1544,27
50,172,0.0016,0.0002,100.0,518.67,643.08,1600.57,1421.22,14.62,21.61,553.08,2388.14,9099.32,1.3,47.78,520.96,2388.12,8169.41,8.4396,0.03,394,2388,100.0,38.54,23.2524,26
50,173,-0.0007,0.0002,100.0,518.67,643.4,1597.41,1420.73,14.62,21.61,552.27,2388.15,9103.88,1.3,47.79,520.77,2388.15,8169.77,8.4317,0.03,395,2388,100.0,38.57,23.1259,25
50,174,0.0039,-0.0006,100.0,518.67,643.32,1600.74,1417.92,14.62,21.61,552.26,2388.14,9105.8,1.3,47.87,520.56,2388.12,8172.1,8.5058,0.03,396,2388,100.0,38.57,23.1725,24
50,175,0.0028,0.0002,100.0,518.67,643.0,1597.26,1417.15,14.62,21.61,552.84,2388.12,9100.45,1.3,47.69,520.66,2388.17,8167.99,8.4518,0.03,397,2388,100.0,38.63,23.0842,23
50,176,-0.0009,-0.0,100.0,518.67,643.56,1599.13,1422.81,14.62,21.61,552.87,2388.15,9088.79,1.3,47.79,520.56,2388.14,8175.49,8.515,0.03,395,2388,100.0,38.64,23.0654,22
50,177,-0.0009,-0.0005,100.0,518.67,643.4,1594.05,1414.26,14.62,21.61,552.5,2388.17,9108.73,1.3,47.86,520.97,2388.12,8172.8,8.4537,0.03,396,2388,100.0,38.68,23.1364,21
50,178,-0.0026,-0.0003,100.0,518.67,642.99,1596.98,1413.86,14.62,21.61,551.64,2388.17,9110.88,1.3,47.98,520.67,2388.17,8171.15,8.4935,0.03,394,2388,100.0,38.49,23.2623,20
50,179,-0.0017,-0.0,100.0,518.67,644.05,1595.72,1417.09,14.62,21.61,551.39,2388.15,9105.7,1.3,47.89,520.95,2388.12,8175.73,8.4854,0.03,397,2388,100.0,38.67,23.0033,19
50,180,0.0,0.0002,100.0,518.67,643.37,1602.04,1423.59,14.62,21.61,552.81,2388.16,9111.71,1.3,47.99,520.07,2388.17,8177.68,8.4906,0.03,395,2388,100.0,38.55,23.0109,18
50,181,0.0003,-0.0001,100.0,518.67,643.35,1598.91,1428.34,14.62,21.61,552.14,2388.15,9106.13,1.3,47.88,519.87,2388.16,8177.14,8.5075,0.03,396,2388,100.0,38.59,23.0827,17
50,182,-0.0047,0.0001,100.0,518.67,643.32,1588.47,1422.34,14.62,21.61,551.95,2388.16,9112.74,1.3,47.96,519.91,2388.18,8174.19,8.4997,0.03,394,2388,100.0,38.47,23.1038,16
50,183,0.0031,-0.0001,100.0,518.67,642.67,1599.99,1419.22,14.62,21.61,552.49,2388.14,9112.22,1.3,47.98,519.6,2388.1,8182.82,8.5189,0.03,397,2388,100.0,38.68,23.0091,15
50,184,-0.0013,-0.0004,100.0,518.67,643.24,1604.23,1425.6,14.62,21.61,551.42,2388.16,9116.44,1.3,48.01,520.38,2388.14,8178.18,8.5295,0.03,396,2388,100.0,38.76,23.1558,14
50,185,-0.0012,-0.0001,100.0,518.67,643.24,1605.9,1422.68,14.62,21.61,551.96,2388.19,9114.81,1.3,48.01,520.38,2388.15,8186.04,8.4699,0.03,395,2388,100.0,38.48,23.1318,13
50,186,-0.0003,-0.0002,100.0,518.67,643.22,1599.08,1420.48,14.62,21.61,551.71,2388.21,9114.43,1.3,48.07,520.2,2388.09,8185.13,8.5161,0.03,394,2388,100.0,38.63,23.0817,12
50,187,0.0015,0.0002,100.0,518.67,643.85,1597.32,1418.55,14.62,21.61,552.22,2388.15,9117.37,1.3,47.93,520.25,2388.15,8184.7,8.4821,0.03,395,2388,100.0,38.4,23.0392,11
50,188,0.0007,-0.0005,100.0,518.67,643.59,1596.38,1423.52,14.62,21.61,551.45,2388.16,9105.3,1.3,47.98,520.15,2388.18,8185.53,8.5062,0.03,397,2388,100.0,38.41,23.065,10
50,189,0.0018,-0.0004,100.0,518.67,643.22,1604.68,1423.37,14.62,21.61,551.48,2388.19,9119.31,1.3,48.02,519.77,2388.22,8188.29,8.4782,0.03,397,2388,100.0,38.3,23.0607,9
50,190,-0.0017,-0.0002,100.0,518.67,643.56,1605.26,1429.34,14.62,21.61,551.71,2388.18,9127.29,1.3,48.11,519.47,2388.17,8194.51,8.5261,0.03,396,2388,100.0,38.59,23.1751,8
50,191,-0.0016,-0.0002,100.0,518.67,643.22,1605.49,1422.66,14.62,21.61,551.85,2388.14,9124.24,1.3,48.21,520.1,2388.22,8193.04,8.5208,0.03,396,2388,100.0,38.55,23.1961,7
50,192,-0.0047,-0.0001,100.0,518.67,643.29,1600.19,1426.15,14.62,21.61,551.94,2388.17,9126.5,1.3,48.05,520.31,2388.16,8189.44,8.4568,0.03,395,2388,100.0,38.48,23.081,6
50,193,0.0014,-0.0002,100.0,518.67,643.95,1599.52,1425.99,14.62,21.61,551.54,2388.22,9124.44,1.3,48.15,520.06,2388.13,8191.4,8.5049,0.03,397,2388,100.0,38.33,23.0002,5
50,194,0.0037,0.0004,100.0,518.67,643.77,1604.93,1423.51,14.62,21.61,551.41,2388.18,9128.75,1.3,48.16,519.85,2388.19,8194.2,8.5043,0.03,396,2388,100.0,38.42,23.0543,4
50,195,0.0019,-0.0004,100.0,518.67,643.33,1605.31,1434.87,14.62,21.61,551.25,2388.17,9134.7,1.3,48.14,519.33,2388.21,8200.9,8.5352,0.03,395,2388,100.0,38.45,23.0191,3
50,196,0.002,-0.0002,100.0,518.67,643.32,1602.26,1430.01,14.62,21.61,551.4,2388.19,9129.59,1.3,48.24,519.88,2388.17,8194.1,8.5034,0.03,395,2388,100.0,38.45,23.0379,2
50,197,-0.0026,-0.0001,100.0,518.67,643.73,1599.94,1432.87,14.62,21.61,551.18,2388.19,9132.97,1.3,48.22,519.48,2388.2,8194.64,8.5241,0.03,397,2388,100.0,38.52,23.0832,1
50,198,0.0039,0.0001,100.0,518.67,643.83,1608.2,1433.88,14.62,21.61,552.06,2388.2,9128.91,1.3,48.01,520.0,2388.25,8200.2,8.5002,0.03,396,2388,100.0,38.43,23.1086,0
51,1,0.0032,-0.0003,100.0,518.67,641.83,1583.55,1408.68,14.62,21.61,553.56,2387.98,9065.98,1.3,47.25,521.79,2387.99,8149.56,8.3884,0.03,391,2388,100.0,39.08,23.3214,212
51,2,-0.0011,-0.0002,100.0,518.67,642.09,1580.84,1397.69,14.62,21.61,553.74,2387.97,9060.95,1.3,47.19,522.13,2387.98,8145.73,8.3922,0.03,391,2388,100.0,38.83,23.3451,211
51,3,0.0008,-0.0004,100.0,518.67,642.49,1591.56,1398.4,14.62,21.6,553.8,2387.98,9064.23,1.3,47.06,522.27,2388.0,8142.38,8.4018,0.03,392,2388,100.0,39.18,23.3495,210
51,4,-0.001,-0.0,100.0,518.67,642.42,1573.22,1397.74,14.62,21.61,554.93,2388.07,9072.7,1.3,47.19,522.71,2387.99,8148.23,8.39,0.03,393,2388,100.0,38.89,23.4847,209
51,5,0.0024,0.0003,100.0,518.67,642.08,1587.52,1388.02,14.62,21.61,553.9,2387.99,9062.93,1.3,47.25,522.14,2388.02,8147.25,8.4024,0.03,391,2388,100.0,39.05,23.4072,208
51,6,0.0009,-0.0003,100.0,518.67,642.36,1588.81,1413.03,14.62,21.61,553.71,2388.0,9066.39,1.3,47.07,521.99,2387.98,8145.04,8.3998,0.03,389,2388,100.0,39.25,23.4322,207
51,7,-0.0032,0.0003,100.0,518.67,642.59,1586.67,1397.9,14.62,21.61,554.3,2387.96,9065.31,1.3,47.35,522.66,2388.0,8150.71,8.402,0.03,390,2388,100.0,38.95,23.4541,206
51,8,0.0007,0.0002,100.0,518.67,642.13,1585.18,1389.85,14.62,21.61,554.97,2388.01,9070.65,1.3,47.23,522.84,2388.01,8148.9,8.3824,0.03,390,2388,100.0,39.14,23.3908,205
51,9,-0.0002,-0.0003,100.0,518.67,641.92,1581.31,1391.19,14.62,21.61,553.82,2388.04,9070.01,1.3,47.22,522.91,2387.98,8146.25,8.3882,0.03,393,2388,100.0,39.1,23.4177,204
51,10,0.0044,-0.0003,100.0,518.67,641.95,1579.59,1395.93,14.62,21.61,554.78,2387.99,9061.13,1.3,47.13,522.07,2387.98,8152.59,8.3868,0.03,392,2388,100.0,39.04,23.4171,203
51,11,0.0032,0.0,100.0,518.67,641.99,1585.7,1393.19,14.62,21.61,553.77,2387.97,9068.79,1.3,47.34,522.38,2388.02,8150.89,8.4186,0.03,392,2388,100.0,38.92,23.4027,202
51,12,0.0005,0.0004,100.0,518.67,642.21,1583.55,1389.2,14.62,21.61,554.52,2387.99,9065.9,1.3,47.15,522.05,2388.06,8144.55,8.4291,0.03,391,2388,100.0,39.1,23.3517,201
51,13,-0.0029,0.0005,100.0,518.67,641.58,1587.14,1396.97,14.62,21.61,554.59,2388.03,9071.65,1.3,47.24,522.49,2388.04,8145.81,8.3808,0.03,392,2388,100.0,39.08,23.4121,200
51,14,-0.002,-0.0005,100.0,518.67,642.45,1579.21,1403.43,14.62,21.61,554.42,2388.03,9061.97,1.3,47.18,523.01,2387.99,8144.39,8.4423,0.03,392,2388,100.0,38.99,23.4162,199
51,15,-0.0001,-0.0001,100.0,518.67,642.06,1584.57,1396.03,14.62,21.61,553.91,2388.03,9060.32,1.3,47.27,522.01,2388.0,8147.09,8.4001,0.03,392,2388,100.0,38.9,23.4238,198
51,16,0.0001,-0.0002,100.0,518.67,641.76,1587.33,1397.08,14.62,21.61,554.2,2388.02,9071.14,1.3,47.3,522.29,2388.03,8144.6,8.4088,0.03,392,2388,100.0,39.12,23.3354,197
51,17,-0.0017,-0.0002,100.0,518.67,642.11,1578.84,1396.02,14.62,21.61,554.76,2387.99,9068.06,1.3,47.04,521.96,2388.03,8151.42,8.3953,0.03,391,2388,100.0,38.87,23.4162,196
51,18,-0.0031,0.0003,100.0,518.67,642.5,1585.74,1390.17,14.62,21.61,554.52,2388.01,9065.7,1.3,47.17,522.27,2387.96,8141.5,8.4231,0.03,392,2388,100.0,39.1,23.3507,195
51,19,-0.002,0.0004,100.0,518.67,641.54,1586.4,1400.69,14.62,21.61,554.69,2388.02,9064.79,1.3,47.24,522.27,2388.0,8138.56,8.3937,0.03,391,2388,100.0,38.82,23.4286,194
51,20,-0.0002,0.0003,100.0,518.67,642.5,1590.56,1399.39,14.62,21.61,554.25,2388.03,9058.19,1.3,47.41,522.69,2388.04,8150.28,8.4209,0.03,392,2388,100.0,39.04,23.2901,193
51,21,0.0051,0.0003,100.0,518.67,642.07,1581.87,1398.51,14.62,21.61,554.34,2387.99,9064.35,1.3,47.09,522.15,2387.94,8149.93,8.3907,0.03,392,2388,100.0,38.99,23.2898,192
51,22,-0.0026,0.0001,100.0,518.67,642.19,1577.01,1402.11,14.62,21.61,555.04,2387.98,9062.26,1.3,47.18,522.69,2387.99,8147.21,8.361,0.03,392,2388,100.0,38.95,23.4309,191
51,23,-0.0022,-0.0005,100.0,518.67,642.38,1584.38,1395.99,14.62,21.61,554.79,2388.01,9065.78,1.3,47.39,522.6,2388.01,8143.61,8.415,0.03,392,2388,100.0,39.06,23.3853,190
51,24,0.0006,-0.0001,100.0,518.67,642.0,1583.36,1399.28,14.62,21.61,554.48,2388.01,9063.45,1.3,47.29,522.21,2388.02,8150.43,8.4044,0.03,391,2388,100.0,38.9,23.3236,189
51,25,0.0004,-0.0005,100.0,518.67,641.87,1587.45,1398.14,14.62,21.61,555.07,2388.08,9057.63,1.3,47.16,522.59,2387.96,8146.1,8.3719,0.03,392,2388,100.0,39.02,23.3845,188
51,26,-0.0034,0.0003,100.0,518.67,641.97,1586.1,1397.02,14.62,21.61,554.29,2388.03,9069.78,1.3,46.97,522.18,2387.98,8152.07,8.3953,0.03,394,2388,100.0,39.04,23.3796,187
51,27,-0.0016,-0.0005,100.0,518.67,642.43,1587.92,1397.9,14.62,21.61,554.5,2388.01,9065.78,1.3,47.25,522.21,2388.01,8152.2,8.3918,0.03,393,2388,100.0,39.05,23.4449,186
51,28,-0.0007,-0.0004,100.0,518.67,642.21,1580.72,1394.09,14.62,21.61,553.34,2387.99,9066.77,1.3,47.21,522.67,2388.03,8144.06,8.3837,0.03,392,2388,100.0,39.08,23.3686,185
51,29,-0.0013,-0.0001,100.0,518.67,642.0,1589.57,1395.6,14.62,21.61,554.25,2388.0,9069.51,1.3,47.23,522.35,2388.03,8145.93,8.3822,0.03,392,2388,100.0,39.02,23.4774,184
51,30,0.0006,0.0001,100.0,518.67,642.44,1583.31,1397.49,14.62,21.61,554.14,2387.97,9064.15,1.3,47.12,522.53,2387.97,8148.14,8.4299,0.03,392,2388,100.0,38.98,23.3854,183
51,31,-0.0026,-0.0002,100.0,518.67,642.57,1589.98,1394.81,14.62,21.61,553.31,2388.01,9069.88,1.3,47.06,522.6,2388.03,8155.46,8.3994,0.03,392,2388,100.0,39.02,23.3859,182
51,32,0.0007,0.0004,100.0,518.67,641.9,1588.91,1402.73,14.62,21.61,553.6,2388.03,9069.05,1.3,47.15,521.96,2388.07,8146.25,8.4454,0.03,391,2388,100.0,39.01,23.3623,181
51,33,-0.001,0.0001,100.0,518.67,642.38,1580.28,1402.87,14.62,21.61,555.11,2388.0,9071.64,1.3,47.18,522.39,2388.07,8148.43,8.4054,0.03,392,2388,100.0,38.9,23.4073,180
51,34,0.0006,0.0004,100.0,518.67,642.04,1580.13,1394.64,14.62,21.61,554.38,2387.98,9069.82,1.3,47.1,522.87,2388.01,8154.57,8.4032,0.03,392,2388,100.0,38.93,23.4866,179
51,35,-0.001,0.0003,100.0,518.67,642.07,1584.53,1403.04,14.62,21.61,554.02,2388.01,9065.98,1.3,47.15,522.16,2388.04,8146.52,8.3551,0.03,393,2388,100.0,39.14,23.3543,178
51,36,-0.0002,0.0,100.0,518.67,642.27,1585.42,1400.76,14.62,21.61,554.63,2387.97,9065.16,1.3,47.08,521.8,2388.01,8151.69,8.4338,0.03,392,2388,100.0,39.08,23.4072,177
51,37,-0.0062,0.0004,100.0,518.67,642.31,1578.13,1400.38,14.62,21.61,553.93,2387.98,9066.67,1.3,47.35,522.41,2388.04,8144.68,8.4037,0.03,393,2388,100.0,39.0,23.4549,176
51,38,-0.0032,-0.0005,100.0,518.67,642.53,1578.81,1397.83,14.62,21.61,554.25,2387.98,9068.23,1.3,47.04,522.25,2388.04,8141.69,8.3871,0.03,391,2388,100.0,39.12,23.413,175
51,39,-0.0012,-0.0003,100.0,518.67,642.27,1578.65,1399.7,14.62,21.61,554.13,2388.01,9060.11,1.3,47.12,522.61,2388.02,8143.77,8.4055,0.03,391,2388,100.0,38.94,23.4417,174
51,40,0.0005,-0.0001,100.0,518.67,642.3,1587.11,1401.09,14.62,21.61,554.72,2388.0,9066.2,1.3,47.14,522.41,2388.01,8145.1,8.4084,0.03,394,2388,100.0,39.02,23.5103,173
51,41,0.0027,0.0003,100.0,518.67,642.37,1589.88,1402.95,14.62,21.61,554.98,2388.06,9070.69,1.3,47.25,522.22,2387.96,8155.59,8.4242,0.03,392,2388,100.0,38.92,23.3851,172
51,42,-0.0018,0.0001,100.0,518.67,641.77,1583.89,1406.52,14.62,21.61,554.55,2388.03,9066.26,1.3,47.1,522.35,2387.99,8145.62,8.3691,0.03,391,2388,100.0,39.09,23.4411,171
51,43,-0.0023,-0.0004,100.0,518.67,641.75,1590.87,1390.27,14.62,21.6,555.22,2388.01,9065.07,1.3,47.05,522.86,2387.99,8146.23,8.4266,0.03,391,2388,100.0,39.06,23.3238,170
51,44,-0.002,0.0002,100.0,518.67,642.35,1579.96,1401.64,14.62,21.6,554.09,2388.02,9073.44,1.3,47.13,522.38,2388.01,8151.05,8.4022,0.03,392,2388,100.0,39.1,23.3925,169
51,45,-0.0009,0.0004,100.0,518.67,642.3,1585.72,1407.09,14.62,21.61,554.14,2388.0,9063.8,1.3,47.25,522.2,2388.0,8139.54,8.3736,0.03,393,2388,100.0,38.97,23.3901,168
51,46,-0.002,0.0004,100.0,518.67,642.59,1580.8,1393.9,14.62,21.61,554.99,2388.02,9071.14,1.3,47.11,522.11,2387.95,8149.89,8.4039,0.03,391,2388,100.0,39.16,23.3419,167
51,47,0.0012,-0.0005,100.0,518.67,641.89,1584.02,1394.6,14.62,21.6,555.0,2388.05,9063.82,1.3,47.35,522.46,2388.05,8145.38,8.4086,0.03,393,2388,100.0,39.11,23.4013,166
51,48,0.0035,0.0002,100.0,518.67,641.94,1590.27,1396.94,14.62,21.61,554.11,2387.99,9068.28,1.3,47.26,522.11,2387.96,8146.86,8.3985,0.03,392,2388,100.0,38.84,23.547,165
51,49,-0.0004,-0.0005,100.0,518.67,641.65,1583.44,1397.07,14.62,21.61,554.18,2387.95,9068.79,1.3,47.21,522.09,2388.05,8149.32,8.4013,0.03,393,2388,100.0,39.07,23.3951,164
51,50,-0.0015,0.0001,100.0,518.67,642.14,1583.81,1403.18,14.62,21.61,554.37,2388.06,9065.88,1.3,47.48,522.39,2387.97,8148.73,8.4097,0.03,391,2388,100.0,39.02,23.4311,163
51,51,0.0011,-0.0002,100.0,518.67,641.9,1585.3,1394.31,14.62,21.61,553.75,2387.95,9061.92,1.3,47.43,522.5,2387.99,8150.99,8.3889,0.03,392,2388,100.0,39.14,23.4143,162
51,52,-0.0002,0.0002,100.0,518.67,641.7,1579.66,1396.44,14.62,21.6,554.61,2387.98,9066.09,1.3,47.29,522.51,2387.94,8144.85,8.3845,0.03,392,2388,100.0,39.1,23.4208,161
51,53,-0.0045,-0.0,100.0,518.67,642.38,1583.5,1401.44,14.62,21.61,554.73,2388.0,9064.94,1.3,47.34,522.26,2388.01,8153.14,8.3947,0.03,391,2388,100.0,39.03,23.3348,160
51,54,-0.0008,-0.0004,100.0,518.67,642.14,1580.92,1392.3,14.62,21.61,554.15,2387.98,9071.38,1.3,47.23,522.8,2388.03,8149.07,8.435,0.03,392,2388,100.0,39.13,23.3836,159
51,55,0.0038,-0.0,100.0,518.67,642.36,1584.86,1393.78,14.62,21.61,555.01,2388.0,9067.56,1.3,47.36,522.33,2388.0,8152.04,8.4292,0.03,390,2388,100.0,38.98,23.42,158
51,56,0.0001,-0.0002,100.0,518.67,642.24,1581.96,1401.09,14.62,21.61,553.81,2388.02,9070.96,1.3,47.09,522.4,2388.05,8146.05,8.3923,0.03,390,2388,100.0,38.99,23.3662,157
51,57,-0.0006,-0.0004,100.0,518.67,642.48,1585.54,1397.4,14.62,21.61,554.06,2388.05,9064.91,1.3,47.05,521.74,2388.0,8149.0,8.4277,0.03,391,2388,100.0,39.15,23.4264,156
51,58,0.0007,-0.0002,100.0,518.67,642.25,1574.28,1403.2,14.62,21.61,554.46,2388.01,9068.53,1.3,47.15,522.15,2388.0,8155.35,8.43,0.03,390,2388,100.0,39.09,23.4685,155
51,59,-0.0,-0.0002,100.0,518.67,642.36,1580.13,1395.36,14.62,21.61,553.99,2387.97,9070.55,1.3,47.25,522.34,2387.97,8148.22,8.394,0.03,392,2388,100.0,38.97,23.3901,154
51,60,0.0,-0.0003,100.0,518.67,642.17,1585.85,1396.7,14.62,21.61,554.65,2388.04,9065.17,1.3,47.46,522.29,2388.01,8147.36,8.4162,0.03,392,2388,100.0,38.97,23.5202,153
51,61,-0.0044,-0.0,100.0,518.67,642.4,1588.12,1394.9,14.62,21.61,554.05,2387.97,9064.09,1.3,47.4,522.08,2387.98,8152.84,8.4289,0.03,392,2388,100.0,39.02,23.3826,152
51,62,-0.0011,0.0004,100.0,518.67,641.85,1583.34,1398.23,14.62,21.61,554.28,2388.0,9066.45,1.3,47.27,521.77,2388.06,8153.69,8.3997,0.03,392,2388,100.0,38.94,23.3381,151
51,63,-0.0044,0.0001,100.0,518.67,642.07,1584.81,1396.39,14.62,21.61,553.89,2387.98,9061.25,1.3,47.28,522.4,2387.98,8152.38,8.4127,0.03,391,2388,100.0,38.98,23.364,150
51,64,-0.0047,0.0004,100.0,518.67,642.67,1584.89,1396.9,14.62,21.61,554.9,2388.07,9074.75,1.3,47.21,522.3,2388.07,8145.93,8.4155,0.03,394,2388,100.0,38.93,23.3223,149
51,65,0.0006,0.0004,100.0,518.67,642.07,1575.34,1397.81,14.62,21.61,554.12,2387.96,9060.52,1.3,47.14,522.43,2388.04,8145.99,8.4453,0.03,391,2388,100.0,38.81,23.474,148
51,66,-0.0019,-0.0003,100.0,518.67,641.9,1582.86,1395.43,14.62,21.61,554.42,2387.98,9073.89,1.3,47.23,522.64,2387.98,8150.61,8.3891,0.03,392,2388,100.0,38.99,23.3575,147
51,67,0.0019,-0.0003,100.0,518.67,642.45,1586.96,1402.05,14.62,21.6,555.23,2388.02,9067.99,1.3,47.18,521.81,2388.03,8148.48,8.4157,0.03,391,2388,100.0,38.8,23.43,146
51,68,0.0004,0.0001,100.0,518.67,641.59,1589.74,1404.45,14.62,21.61,555.52,2388.01,9068.51,1.3,47.41,522.61,2388.04,8154.12,8.4101,0.03,392,2388,100.0,38.82,23.4198,145
51,69,0.0018,0.0001,100.0,518.67,642.08,1582.23,1401.39,14.62,21.61,554.52,2388.03,9075.63,1.3,47.27,522.14,2388.03,8150.9,8.4112,0.03,391,2388,100.0,38.91,23.4664,144
51,70,-0.0008,-0.0,100.0,518.67,642.71,1578.36,1402.68,14.62,21.61,554.92,2387.97,9069.87,1.3,47.2,521.65,2388.04,8148.62,8.3573,0.03,390,2388,100.0,38.94,23.3504,143
51,71,-0.0009,0.0002,100.0,518.67,642.21,1584.91,1400.74,14.62,21.61,554.81,2387.95,9068.32,1.3,47.25,522.2,2388.08,8150.09,8.4336,0.03,393,2388,100.0,39.01,23.4582,142
51,72,0.0006,-0.0004,100.0,518.67,642.0,1588.95,1399.19,14.62,21.61,554.56,2388.01,9063.88,1.3,47.17,522.35,2388.01,8152.43,8.3796,0.03,391,2388,100.0,38.74,23.3948,141
51,73,0.0019,0.0,100.0,518.67,642.14,1585.35,1408.19,14.62,21.61,554.83,2388.03,9075.32,1.3,47.21,522.39,2387.94,8150.61,8.4103,0.03,392,2388,100.0,38.87,23.4086,140
51,74,-0.0045,0.0003,100.0,518.67,642.31,1584.92,1403.43,14.62,21.61,554.73,2388.1,9068.38,1.3,47.29,522.64,2388.07,8149.89,8.4149,0.03,390,2388,100.0,39.01,23.3746,139
51,75,0.0001,0.0003,100.0,518.67,641.93,1582.39,1400.59,14.62,21.61,554.17,2388.02,9066.07,1.3,47.24,522.53,2388.08,8154.61,8.3727,0.03,392,2388,100.0,39.23,23.3778,138
51,76,0.0004,0.0002,100.0,518.67,641.4,1587.43,1398.4,14.62,21.61,554.59,2387.99,9057.07,1.3,47.26,522.17,2387.96,8150.92,8.3942,0.03,393,2388,100.0,39.12,23.3601,137
51,77,-0.001,-0.0002,100.0,518.67,641.79,1586.4,1400.69,14.62,21.61,553.77,2388.04,9075.6,1.3,47.02,522.73,2387.96,8152.32,8.3924,0.03,393,2388,100.0,39.11,23.4219,136
51,78,0.0053,-0.0001,100.0,518.67,641.96,1584.84,1399.82,14.62,21.61,554.0,2387.99,9066.59,1.3,47.26,522.9,2388.05,8144.81,8.3966,0.03,391,2388,100.0,39.03,23.3349,135
51,79,0.0019,-0.0001,100.0,518.67,642.06,1591.14,1397.01,14.62,21.61,554.57,2388.02,9065.55,1.3,47.39,522.28,2387.99,8150.65,8.4159,0.03,393,2388,100.0,39.01,23.4976,134
51,80,-0.0005,0.0002,100.0,518.67,642.08,1594.77,1401.76,14.62,21.61,553.77,2388.06,9072.78,1.3,47.22,522.56,2388.0,8151.68,8.3913,0.03,392,2388,100.0,38.81,23.2302,133
51,81,-0.0044,-0.0002,100.0,518.67,642.19,1581.73,1403.82,14.62,21.61,554.01,2387.95,9074.76,1.3,47.35,522.61,2387.98,8153.39,8.3954,0.03,393,2388,100.0,38.99,23.419,132
51,82,-0.0011,0.0002,100.0,518.67,642.66,1581.41,1394.25,14.62,21.61,553.75,2388.07,9068.97,1.3,47.35,521.94,2387.96,8147.26,8.4102,0.03,392,2388,100.0,39.12,23.3876,131
51,83,-0.0003,-0.0004,100.0,518.67,642.22,1593.58,1397.43,14.62,21.61,553.86,2388.04,9074.87,1.3,47.15,522.01,2387.98,8148.51,8.4086,0.03,392,2388,100.0,38.94,23.3264,130
51,84,-0.0014,0.0004,100.0,518.67,642.44,1581.15,1393.56,14.62,21.61,553.89,2388.01,9068.25,1.3,47.39,521.84,2388.01,8153.99,8.4292,0.03,390,2388,100.0,39.01,23.2153,129
51,85,0.0006,-0.0003,100.0,518.67,642.12,1577.38,1404.25,14.62,21.61,554.1,2388.05,9069.32,1.3,47.37,522.24,2387.97,8148.33,8.383,0.03,392,2388,100.0,38.95,23.3788,128
51,86,-0.0009,0.0002,100.0,518.67,642.42,1582.38,1403.02,14.62,21.61,554.46,2388.07,9068.33,1.3,47.29,522.04,2388.02,8149.97,8.4191,0.03,392,2388,100.0,39.09,23.3363,127
51,87,-0.0014,0.0003,100.0,518.67,642.43,1584.33,1399.14,14.62,21.6,554.0,2388.02,9077.03,1.3,47.37,522.55,2388.09,8151.71,8.3941,0.03,393,2388,100.0,38.96,23.4286,126
51,88,0.0032,-0.0002,100.0,518.67,642.17,1582.77,1402.8,14.62,21.61,554.32,2387.97,9074.77,1.3,47.29,522.36,2388.04,8156.91,8.3864,0.03,392,2388,100.0,38.9,23.4065,125
51,89,-0.0016,-0.0004,100.0,518.67,642.02,1588.12,1402.46,14.62,21.61,553.83,2387.97,9071.82,1.3,47.14,521.94,2387.97,8154.67,8.3782,0.03,390,2388,100.0,38.88,23.2981,124
51,90,0.0008,0.0002,100.0,518.67,642.16,1578.5,1413.25,14.62,21.61,554.32,2388.02,9077.02,1.3,47.39,521.61,2387.97,8155.76,8.3829,0.03,392,2388,100.0,39.05,23.3669,123
51,91,-0.0038,0.0002,100.0,518.67,642.68,1588.64,1398.27,14.62,21.61,554.43,2387.98,9072.77,1.3,47.33,522.29,2387.98,8154.45,8.403,0.03,391,2388,100.0,39.06,23.2932,122
51,92,0.005,0.0003,100.0,518.67,642.06,1590.85,1403.14,14.62,21.61,554.07,2388.05,9077.28,1.3,47.29,521.95,2388.01,8151.57,8.385,0.03,394,2388,100.0,38.88,23.3694,121
51,93,0.0049,0.0004,100.0,518.67,642.38,1582.21,1401.24,14.62,21.61,554.61,2388.02,9072.8,1.3,47.12,522.13,2388.0,8157.89,8.4206,0.03,392,2388,100.0,39.16,23.3865,120
51,94,-0.0014,0.0002,100.0,518.67,642.38,1583.13,1394.91,14.62,21.61,554.15,2387.98,9073.51,1.3,47.16,521.98,2387.99,8157.8,8.4209,0.03,393,2388,100.0,38.99,23.3582,119
51,95,-0.003,0.0001,100.0,518.67,642.27,1581.92,1398.07,14.62,21.61,554.81,2387.99,9069.59,1.3,47.4,521.98,2388.02,8154.27,8.4089,0.03,391,2388,100.0,38.98,23.5169,118
51,96,0.0012,-0.0001,100.0,518.67,642.25,1590.46,1403.82,14.62,21.61,553.91,2388.01,9075.12,1.3,47.22,522.48,2388.0,8157.06,8.4138,0.03,391,2388,100.0,39.1,23.3134,117
51,97,0.0016,-0.0003,100.0,518.67,642.43,1584.49,1391.22,14.62,21.61,554.22,2388.0,9075.13,1.3,47.19,521.95,2387.95,8155.19,8.3871,0.03,392,2388,100.0,38.79,23.3716,116
51,98,-0.0017,-0.0,100.0,518.67,642.57,1591.28,1400.26,14.62,21.61,554.27,2388.04,9063.5,1.3,47.36,522.31,2388.03,8155.27,8.4095,0.03,393,2388,100.0,39.0,23.3279,115
51,99,-0.0002,0.0,100.0,518.67,641.83,1584.9,1404.52,14.62,21.61,553.9,2387.98,9075.25,1.3,47.37,521.89,2388.0,8158.96,8.381,0.03,389,2388,100.0,38.9,23.3256,114
51,100,0.0009,-0.0005,100.0,518.67,641.88,1585.76,1397.47,14.62,21.61,554.11,2387.95,9067.72,1.3,47.17,522.33,2387.97,8150.1,8.4099,0.03,391,2388,100.0,39.09,23.4378,113
51,101,-0.004,-0.0003,100.0,518.67,642.36,1585.79,1404.95,14.62,21.61,554.35,2388.0,9078.43,1.3,47.21,522.36,2388.04,8154.75,8.4438,0.03,392,2388,100.0,39.13,23.3591,112
51,102,0.0003,0.0002,100.0,518.67,641.79,1591.13,1400.81,14.62,21.61,553.99,2388.04,9074.1,1.3,47.34,522.79,2388.01,8159.1,8.431,0.03,391,2388,100.0,38.9,23.357,111
51,103,0.0006,0.0005,100.0,518.67,642.04,1584.07,1405.27,14.62,21.61,554.33,2387.99,9071.15,1.3,47.37,522.43,2387.97,8155.01,8.4179,0.03,391,2388,100.0,38.7,23.4433,110
51,104,0.0015,0.0002,100.0,518.67,642.27,1587.61,1406.64,14.62,21.61,553.7,2388.0,9069.94,1.3,47.27,522.06,2388.01,8154.66,8.4317,0.03,392,2388,100.0,38.79,23.4278,109
51,105,0.0018,0.0003,100.0,518.67,642.73,1593.41,1400.67,14.62,21.61,554.13,2387.99,9076.54,1.3,47.25,522.19,2387.99,8151.63,8.4159,0.03,392,2388,100.0,38.87,23.3731,108
51,106,0.0007,-0.0001,100.0,518.67,641.7,1583.71,1400.71,14.62,21.61,554.13,2388.02,9083.39,1.3,47.35,522.1,2387.97,8155.37,8.4156,0.03,392,2388,100.0,39.08,23.3035,107
51,107,0.0017,0.0004,100.0,518.67,642.63,1587.13,1402.66,14.62,21.61,554.6,2388.03,9071.22,1.3,47.24,521.61,2387.95,8153.12,8.4211,0.03,394,2388,100.0,39.0,23.3055,106
51,108,-0.0034,-0.0,100.0,518.67,642.67,1594.21,1401.17,14.62,21.6,553.94,2388.05,9077.1,1.3,47.28,522.12,2387.97,8152.63,8.4001,0.03,393,2388,100.0,39.03,23.4164,105
51,109,0.0017,-0.0004,100.0,518.67,642.19,1582.48,1396.64,14.62,21.61,554.7,2388.05,9073.11,1.3,47.49,521.95,2388.0,8158.64,8.4095,0.03,392,2388,100.0,39.04,23.3123,104
51,110,0.0034,0.0004,100.0,518.67,642.75,1586.65,1395.81,14.62,21.61,554.79,2388.02,9079.58,1.3,47.07,522.28,2387.99,8158.77,8.4468,0.03,392,2388,100.0,38.94,23.3526,103
51,111,-0.0035,0.0002,100.0,518.67,642.75,1588.95,1400.1,14.62,21.61,553.52,2387.98,9071.97,1.3,47.23,522.29,2388.03,8152.03,8.417,0.03,390,2388,100.0,39.09,23.5288,102
51,112,-0.0013,-0.0005,100.0,518.67,641.96,1587.49,1401.44,14.62,21.61,554.0,2388.04,9070.88,1.3,47.27,521.95,2388.04,8154.76,8.4294,0.03,393,2388,100.0,38.87,23.4661,101
51,113,0.0056,0.0001,100.0,518.67,642.45,1585.81,1405.4,14.62,21.61,553.87,2387.99,9082.94,1.3,47.32,521.97,2388.01,8162.98,8.4105,0.03,393,2388,100.0,39.08,23.4839,100
51,114,-0.0047,0.0003,100.0,518.67,641.76,1592.86,1403.26,14.62,21.61,554.2,2388.02,9077.61,1.3,47.18,522.5,2387.96,8163.75,8.4169,0.03,391,2388,100.0,38.84,23.3474,99
51,115,-0.0016,0.0005,100.0,518.67,642.42,1585.85,1401.92,14.62,21.61,553.61,2387.99,9077.48,1.3,47.43,522.63,2388.01,8155.31,8.4119,0.03,393,2388,100.0,39.0,23.3883,98
51,116,0.0009,0.0,100.0,518.67,642.94,1591.19,1400.27,14.62,21.61,555.13,2387.96,9076.81,1.3,47.41,521.74,2388.03,8155.95,8.413,0.03,392,2388,100.0,38.94,23.2972,97
51,117,0.0034,-0.0004,100.0,518.67,641.71,1591.2,1405.29,14.62,21.61,554.1,2387.97,9078.91,1.3,47.41,522.3,2388.02,8155.05,8.4245,0.03,391,2388,100.0,39.09,23.3235,96
51,118,0.0032,0.0001,100.0,518.67,641.93,1584.34,1404.39,14.62,21.61,554.28,2387.97,9081.66,1.3,47.43,521.6,2387.98,8151.58,8.3979,0.03,392,2388,100.0,39.02,23.3296,95
51,119,-0.0016,-0.0002,100.0,518.67,642.54,1582.16,1402.37,14.62,21.61,554.7,2387.99,9083.93,1.3,47.28,522.57,2388.05,8157.89,8.4098,0.03,391,2388,100.0,38.96,23.3908,94
51,120,0.0009,-0.0004,100.0,518.67,642.21,1591.5,1408.52,14.62,21.61,554.01,2387.99,9074.05,1.3,47.2,522.52,2388.01,8157.42,8.421,0.03,394,2388,100.0,38.95,23.3511,93
51,121,-0.0002,0.0005,100.0,518.67,642.2,1585.56,1398.43,14.62,21.61,554.86,2388.07,9085.23,1.3,47.19,522.15,2388.04,8156.77,8.3956,0.03,392,2388,100.0,38.94,23.4239,92
51,122,-0.0021,-0.0004,100.0,518.67,642.8,1579.7,1397.52,14.62,21.61,554.41,2388.03,9085.75,1.3,46.98,522.09,2388.07,8162.21,8.451,0.03,392,2388,100.0,38.98,23.3222,91
51,123,0.0001,-0.0002,100.0,518.67,642.46,1592.13,1404.88,14.62,21.61,554.19,2388.05,9084.82,1.3,47.24,522.15,2388.03,8162.09,8.3914,0.03,392,2388,100.0,38.88,23.4414,90
51,124,0.0018,0.0003,100.0,518.67,642.39,1586.52,1403.43,14.62,21.61,553.63,2387.99,9071.95,1.3,47.43,521.91,2388.04,8165.01,8.415,0.03,393,2388,100.0,38.95,23.3622,89
51,125,0.0033,0.0,100.0,518.67,642.74,1587.06,1405.73,14.62,21.61,554.25,2388.01,9082.8,1.3,47.43,522.67,2388.02,8163.9,8.3826,0.03,393,2388,100.0,38.91,23.4087,88
51,126,0.0006,-0.0005,100.0,518.67,642.42,1584.69,1401.36,14.62,21.61,553.61,2388.0,9081.47,1.3,47.15,522.02,2387.99,8161.41,8.419,0.03,393,2388,100.0,39.0,23.4547,87
51,127,0.003,0.0002,100.0,518.67,642.38,1585.9,1403.21,14.62,21.61,554.73,2388.05,9082.92,1.3,47.28,522.76,2387.98,8161.42,8.4258,0.03,392,2388,100.0,39.0,23.3179,86
51,128,0.0008,-0.0003,100.0,518.67,642.63,1589.79,1408.51,14.62,21.61,554.03,2388.0,9079.04,1.3,47.27,521.91,2388.0,8160.58,8.4212,0.03,392,2388,100.0,38.98,23.4175,85
51,129,-0.0005,0.0002,100.0,518.67,642.36,1587.22,1404.43,14.62,21.61,553.49,2388.01,9084.31,1.3,47.39,521.73,2388.08,8162.49,8.4161,0.03,393,2388,100.0,38.85,23.3681,84
51,130,0.0001,0.0002,100.0,518.67,642.59,1589.78,1404.2,14.62,21.61,553.97,2388.01,9081.32,1.3,47.23,521.97,2387.98,8168.24,8.4468,0.03,393,2388,100.0,38.95,23.4208,83
51,131,0.0045,-0.0001,100.0,518.67,642.48,1587.54,1401.08,14.62,21.61,554.51,2388.02,9083.96,1.3,47.33,522.31,2388.03,8164.72,8.4122,0.03,393,2388,100.0,38.88,23.2615,82
51,132,-0.0039,-0.0005,100.0,518.67,642.2,1591.16,1407.46,14.62,21.61,554.21,2387.98,9086.94,1.3,47.28,521.46,2387.96,8167.48,8.4224,0.03,393,2388,100.0,38.98,23.4509,81
51,133,0.0005,0.0004,100.0,518.67,642.34,1586.2,1398.22,14.62,21.61,554.25,2388.04,9087.78,1.3,47.24,521.98,2387.99,8158.91,8.4071,0.03,393,2388,100.0,39.13,23.3745,80
51,134,-0.0019,-0.0001,100.0,518.67,642.66,1587.71,1399.25,14.62,21.61,554.62,2388.04,9088.63,1.3,47.41,522.49,2388.01,8164.23,8.4242,0.03,392,2388,100.0,38.76,23.4354,79
51,135,-0.0013,-0.0002,100.0,518.67,642.54,1589.22,1408.65,14.62,21.61,553.58,2388.03,9089.09,1.3,47.36,522.15,2388.05,8169.89,8.3823,0.03,391,2388,100.0,39.02,23.3625,78
51,136,0.0008,-0.0001,100.0,518.67,642.29,1592.78,1399.26,14.62,21.61,553.76,2388.01,9085.18,1.3,47.25,521.95,2388.01,8169.48,8.3843,0.03,392,2388,100.0,39.15,23.3036,77
51,137,0.0008,0.0001,100.0,518.67,641.97,1583.39,1406.34,14.62,21.61,554.64,2388.0,9092.7,1.3,47.36,522.71,2388.05,8166.63,8.436,0.03,392,2388,100.0,39.09,23.3903,76
51,138,-0.0001,0.0001,100.0,518.67,642.5,1590.9,1399.65,14.62,21.61,554.22,2388.03,9092.68,1.3,47.29,522.08,2388.02,8170.34,8.4106,0.03,392,2388,100.0,38.94,23.4015,75
51,139,0.002,0.0,100.0,518.67,642.39,1587.85,1402.3,14.62,21.61,554.66,2388.07,9090.0,1.3,47.47,521.77,2388.05,8165.03,8.415,0.03,391,2388,100.0,38.82,23.3566,74
51,140,0.0027,0.0,100.0,518.67,642.15,1591.47,1409.15,14.62,21.61,554.02,2388.02,9088.39,1.3,47.43,521.71,2388.02,8162.18,8.4128,0.03,393,2388,100.0,39.07,23.3123,73
51,141,-0.003,0.0003,100.0,518.67,642.34,1585.16,1402.53,14.62,21.61,553.96,2387.98,9087.19,1.3,47.32,522.36,2388.02,8163.71,8.4043,0.03,392,2388,100.0,39.06,23.3019,72
51,142,0.0008,0.0001,100.0,518.67,642.5,1580.16,1406.16,14.62,21.6,553.78,2387.99,9087.81,1.3,47.35,521.97,2387.97,8164.66,8.4142,0.03,392,2388,100.0,38.81,23.2894,71
51,143,0.0025,0.0004,100.0,518.67,642.21,1585.8,1394.37,14.62,21.61,554.3,2387.99,9095.35,1.3,47.36,521.65,2388.01,8172.29,8.4349,0.03,393,2388,100.0,38.99,23.4394,70
51,144,-0.0009,0.0005,100.0,518.67,642.23,1590.29,1402.01,14.62,21.61,553.58,2387.99,9093.95,1.3,47.48,522.02,2388.03,8174.05,8.4146,0.03,392,2388,100.0,38.87,23.3218,69
51,145,-0.0036,-0.0005,100.0,518.67,642.02,1588.04,1400.15,14.62,21.61,553.3,2388.02,9093.42,1.3,47.4,522.06,2387.99,8169.08,8.414,0.03,395,2388,100.0,38.95,23.3074,68
51,146,0.0012,-0.0002,100.0,518.67,642.38,1586.36,1406.56,14.62,21.61,553.14,2387.99,9085.86,1.3,47.32,521.78,2388.04,8168.7,8.4609,0.03,391,2388,100.0,38.83,23.3914,67
51,147,0.0,-0.0005,100.0,518.67,642.4,1595.14,1398.12,14.62,21.61,553.57,2388.05,9090.54,1.3,47.31,521.76,2388.01,8173.33,8.4014,0.03,393,2388,100.0,38.73,23.3819,66
51,148,0.0034,-0.0001,100.0,518.67,642.52,1587.43,1405.89,14.62,21.61,554.03,2388.07,9091.21,1.3,47.32,521.52,2387.99,8168.1,8.4439,0.03,393,2388,100.0,38.9,23.3775,65
51,149,-0.0029,-0.0001,100.0,518.67,642.67,1589.04,1395.03,14.62,21.61,553.72,2388.02,9093.68,1.3,47.33,521.54,2388.03,8169.96,8.4363,0.03,392,2388,100.0,38.88,23.3705,64
51,150,0.0032,-0.0002,100.0,518.67,642.28,1590.71,1405.13,14.62,21.61,553.6,2388.02,9096.87,1.3,47.28,522.18,2387.99,8178.99,8.4452,0.03,393,2388,100.0,38.95,23.2774,63
51,151,-0.0001,0.0002,100.0,518.67,641.95,1590.87,1400.54,14.62,21.61,554.11,2388.03,9089.54,1.3,47.41,521.81,2388.03,8179.51,8.452,0.03,392,2388,100.0,39.09,23.2743,62
51,152,0.0008,-0.0004,100.0,518.67,642.92,1588.44,1401.51,14.62,21.61,553.73,2388.0,9100.27,1.3,47.51,522.04,2388.05,8176.26,8.4183,0.03,392,2388,100.0,38.84,23.3618,61
51,153,-0.0043,0.0001,100.0,518.67,642.53,1588.27,1406.95,14.62,21.61,553.98,2388.03,9096.87,1.3,47.32,522.42,2387.98,8175.9,8.4056,0.03,392,2388,100.0,38.94,23.4385,60
51,154,-0.0024,0.0004,100.0,518.67,643.0,1591.31,1408.13,14.62,21.61,553.43,2388.07,9096.5,1.3,47.49,521.97,2388.05,8182.84,8.4023,0.03,392,2388,100.0,38.93,23.2865,59
51,155,-0.0003,0.0001,100.0,518.67,642.56,1591.63,1408.54,14.62,21.61,553.13,2388.02,9098.37,1.3,47.46,521.75,2387.98,8179.42,8.4317,0.03,394,2388,100.0,38.84,23.4153,58
51,156,0.0034,-0.0001,100.0,518.67,642.15,1590.95,1402.43,14.62,21.61,554.07,2388.06,9104.01,1.3,47.42,522.11,2388.05,8180.08,8.4617,0.03,393,2388,100.0,38.85,23.238,57
51,157,-0.0008,0.0003,100.0,518.67,642.18,1590.38,1406.88,14.62,21.61,553.44,2388.01,9109.01,1.3,47.54,522.09,2388.06,8185.27,8.4442,0.03,392,2388,100.0,38.96,23.3376,56
51,158,-0.0011,0.0003,100.0,518.67,642.53,1587.2,1410.05,14.62,21.61,554.56,2388.02,9099.8,1.3,47.48,521.64,2388.05,8182.26,8.4394,0.03,395,2388,100.0,38.77,23.2203,55
51,159,0.0004,0.0004,100.0,518.67,642.35,1599.09,1406.3,14.62,21.61,553.48,2388.05,9105.0,1.3,47.39,522.01,2388.02,8186.2,8.4451,0.03,394,2388,100.0,38.91,23.3701,54
51,160,-0.0017,-0.0004,100.0,518.67,642.57,1593.9,1402.03,14.62,21.61,554.02,2388.0,9105.99,1.3,47.45,521.91,2388.01,8182.63,8.4396,0.03,393,2388,100.0,38.83,23.3569,53
51,161,0.001,0.0001,100.0,518.67,642.67,1585.22,1406.39,14.62,21.61,553.98,2387.99,9108.36,1.3,47.36,522.31,2388.0,8185.06,8.4457,0.03,393,2388,100.0,38.84,23.3503,52
51,162,0.0008,0.0003,100.0,518.67,642.71,1591.91,1402.23,14.62,21.61,553.88,2388.04,9104.91,1.3,47.38,521.62,2388.0,8184.57,8.4783,0.03,393,2388,100.0,38.82,23.2362,51
51,163,0.0026,-0.0003,100.0,518.67,642.58,1598.53,1403.95,14.62,21.61,553.87,2388.02,9107.92,1.3,47.57,522.41,2388.02,8187.08,8.4227,0.03,392,2388,100.0,38.98,23.3113,50
51,164,-0.0013,0.0001,100.0,518.67,642.7,1594.44,1400.76,14.62,21.61,553.8,2388.05,9106.22,1.3,47.39,521.7,2388.01,8186.77,8.4365,0.03,392,2388,100.0,38.7,23.345,49
51,165,-0.0002,-0.0,100.0,518.67,642.75,1589.77,1402.01,14.62,21.61,553.94,2388.01,9117.76,1.3,47.5,521.69,2388.07,8186.91,8.4114,0.03,393,2388,100.0,38.89,23.2796,48
51,166,-0.0026,-0.0003,100.0,518.67,642.24,1592.89,1402.76,14.62,21.61,553.47,2388.08,9117.35,1.3,47.44,521.82,2388.01,8186.66,8.4129,0.03,395,2388,100.0,38.82,23.4058,47
51,167,-0.0028,-0.0002,100.0,518.67,642.89,1592.23,1405.19,14.62,21.61,553.67,2387.99,9114.24,1.3,47.42,521.66,2387.96,8186.47,8.4571,0.03,394,2388,100.0,38.94,23.3449,46
51,168,-0.0008,-0.0001,100.0,518.67,642.7,1589.03,1406.07,14.62,21.61,553.74,2387.98,9113.9,1.3,47.38,522.21,2388.06,8188.65,8.4168,0.03,393,2388,100.0,38.93,23.332,45
51,169,-0.0011,-0.0002,100.0,518.67,642.78,1595.33,1402.31,14.62,21.61,553.28,2388.06,9114.75,1.3,47.22,521.93,2388.02,8194.04,8.4197,0.03,394,2388,100.0,38.91,23.3807,44
51,170,0.0012,0.0004,100.0,518.67,642.75,1590.84,1406.16,14.62,21.61,552.73,2388.04,9125.18,1.3,47.54,521.47,2388.1,8196.06,8.4649,0.03,395,2388,100.0,38.92,23.3872,43
51,171,-0.001,0.0005,100.0,518.67,642.55,1591.88,1408.94,14.62,21.61,553.5,2388.04,9117.67,1.3,47.56,521.46,2388.03,8192.49,8.4605,0.03,394,2388,100.0,38.64,23.201,42
51,172,0.0042,-0.0003,100.0,518.67,642.51,1593.21,1409.49,14.62,21.61,553.35,2387.99,9117.81,1.3,47.49,521.47,2387.98,8195.51,8.4463,0.03,393,2388,100.0,38.88,23.2373,41
51,173,-0.0016,-0.0,100.0,518.67,642.59,1596.35,1413.19,14.62,21.61,554.27,2388.05,9130.01,1.3,47.67,521.43,2388.02,8192.4,8.4252,0.03,393,2388,100.0,38.83,23.2935,40
51,174,0.0041,0.0001,100.0,518.67,642.72,1595.45,1407.46,14.62,21.61,553.82,2388.03,9125.02,1.3,47.63,521.74,2388.07,8203.31,8.4283,0.03,393,2388,100.0,39.0,23.3297,39
51,175,0.001,-0.0003,100.0,518.67,642.24,1587.01,1402.65,14.62,21.61,553.18,2388.04,9126.91,1.3,47.47,521.57,2387.99,8200.78,8.4367,0.03,394,2388,100.0,38.69,23.2622,38
51,176,-0.0005,-0.0005,100.0,518.67,642.48,1590.33,1416.04,14.62,21.61,553.31,2388.0,9129.1,1.3,47.48,521.84,2388.06,8195.48,8.4313,0.03,395,2388,100.0,38.81,23.2523,37
51,177,0.0013,0.0005,100.0,518.67,642.15,1594.84,1406.61,14.62,21.61,552.97,2388.03,9125.29,1.3,47.55,521.79,2388.01,8200.41,8.4775,0.03,396,2388,100.0,38.78,23.2656,36
51,178,-0.0043,0.0002,100.0,518.67,642.44,1592.11,1408.93,14.62,21.61,553.62,2388.06,9130.21,1.3,47.44,521.57,2388.02,8200.25,8.4579,0.03,395,2388,100.0,38.79,23.4036,35
51,179,0.0009,-0.0004,100.0,518.67,643.16,1596.79,1406.73,14.62,21.61,553.49,2388.03,9132.19,1.3,47.42,521.81,2388.02,8196.51,8.4461,0.03,395,2388,100.0,38.82,23.2498,34
51,180,-0.0033,0.0003,100.0,518.67,642.74,1592.03,1407.11,14.62,21.61,553.41,2388.06,9127.77,1.3,47.61,521.78,2388.05,8204.46,8.4811,0.03,393,2388,100.0,38.76,23.2609,33
51,181,0.0005,-0.0002,100.0,518.67,643.33,1584.48,1411.82,14.62,21.61,553.23,2388.05,9128.9,1.3,47.49,521.34,2388.03,8201.1,8.4755,0.03,392,2388,100.0,38.72,23.2981,32
51,182,-0.0004,-0.0002,100.0,518.67,642.86,1594.21,1407.05,14.62,21.61,553.68,2388.05,9129.03,1.3,47.51,521.3,2388.04,8207.87,8.4659,0.03,394,2388,100.0,38.66,23.2846,31
51,183,0.0016,0.0001,100.0,518.67,642.99,1592.53,1415.32,14.62,21.61,553.68,2388.07,9134.24,1.3,47.47,521.57,2388.04,8211.99,8.4927,0.03,393,2388,100.0,38.84,23.2264,30
51,184,-0.0044,-0.0003,100.0,518.67,642.32,1597.43,1411.04,14.62,21.61,553.02,2388.04,9141.55,1.3,47.67,521.17,2387.98,8212.66,8.4653,0.03,394,2388,100.0,38.91,23.2087,29
51,185,-0.0037,-0.0001,100.0,518.67,643.13,1594.44,1411.4,14.62,21.61,552.84,2388.06,9142.86,1.3,47.5,521.24,2388.09,8216.43,8.4496,0.03,395,2388,100.0,38.76,23.2431,28
51,186,-0.0003,0.0001,100.0,518.67,643.21,1589.96,1416.87,14.62,21.61,552.71,2388.04,9132.56,1.3,47.59,521.62,2388.03,8217.13,8.4684,0.03,396,2388,100.0,38.79,23.3117,27
51,187,0.001,0.0001,100.0,518.67,642.62,1591.46,1409.26,14.62,21.61,553.45,2388.03,9143.57,1.3,47.43,520.64,2388.06,8211.34,8.4535,0.03,395,2388,100.0,38.65,23.2538,26
51,188,0.0004,0.0003,100.0,518.67,642.98,1596.83,1414.92,14.62,21.61,553.01,2388.06,9153.59,1.3,47.5,521.42,2388.01,8211.55,8.4598,0.03,394,2388,100.0,38.77,23.1368,25
51,189,0.0017,-0.0003,100.0,518.67,642.87,1595.66,1416.32,14.62,21.61,553.72,2388.07,9153.17,1.3,47.79,520.99,2388.05,8221.71,8.4627,0.03,393,2388,100.0,38.8,23.274,24
51,190,0.001,-0.0003,100.0,518.67,643.1,1600.81,1415.55,14.62,21.61,552.52,2388.02,9154.05,1.3,47.7,521.33,2388.08,8226.4,8.4591,0.03,394,2388,100.0,38.69,23.3197,23
51,191,-0.0012,0.0,100.0,518.67,642.74,1584.78,1424.99,14.62,21.61,553.27,2388.07,9152.17,1.3,47.79,521.46,2387.99,8220.61,8.4678,0.03,394,2388,100.0,38.65,23.2786,22
51,192,0.0023,0.0002,100.0,518.67,643.45,1594.21,1410.0,14.62,21.61,554.06,2388.04,9158.53,1.3,47.77,521.17,2388.08,8227.41,8.444,0.03,395,2388,100.0,38.54,23.2994,21
51,193,0.002,0.0005,100.0,518.67,643.08,1591.05,1417.7,14.62,21.61,553.06,2388.06,9166.96,1.3,47.64,521.58,2388.05,8224.08,8.4818,0.03,395,2388,100.0,38.64,23.1821,20
51,194,0.0002,-0.0001,100.0,518.67,643.4,1593.76,1412.87,14.62,21.61,552.71,2388.15,9165.02,1.3,47.87,521.1,2388.03,8229.31,8.4651,0.03,394,2388,100.0,38.65,23.1941,19
51,195,0.0012,-0.0001,100.0,518.67,643.16,1596.05,1413.79,14.62,21.61,552.81,2388.08,9164.67,1.3,47.83,520.43,2388.03,8237.0,8.4809,0.03,395,2388,100.0,38.66,23.1147,18
51,196,-0.0019,-0.0002,100.0,518.67,643.09,1596.96,1416.27,14.62,21.61,553.99,2388.08,9167.14,1.3,47.62,521.11,2388.1,8233.55,8.4522,0.03,396,2388,100.0,38.85,23.212,17
51,197,0.0037,0.0001,100.0,518.67,642.83,1597.94,1418.42,14.62,21.61,552.71,2388.12,9179.12,1.3,47.66,521.17,2388.04,8236.36,8.4965,0.03,395,2388,100.0,38.96,23.1683,16
51,198,0.0009,0.0,100.0,518.67,643.51,1591.09,1418.2,14.62,21.61,553.4,2388.07,9175.36,1.3,47.78,521.21,2388.08,8239.24,8.4886,0.03,395,2388,100.0,38.53,23.1286,15
51,199,0.0039,-0.0004,100.0,518.67,643.19,1592.24,1417.94,14.62,21.61,553.05,2388.06,9174.31,1.3,47.66,521.0,2388.08,8238.54,8.4873,0.03,395,2388,100.0,38.65,23.2985,14
51,200,0.0004,-0.0003,100.0,518.67,642.65,1594.92,1414.82,14.62,21.61,552.75,2388.03,9175.16,1.3,47.73,520.86,2388.05,8242.47,8.4732,0.03,395,2388,100.0,38.69,23.1436,13
51,201,0.0009,0.0002,100.0,518.67,643.27,1605.04,1419.07,14.62,21.61,552.89,2388.09,9185.64,1.3,47.83,521.23,2388.08,8245.46,8.4866,0.03,395,2388,100.0,38.45,23.2067,12
51,202,-0.0009,-0.0,100.0,518.67,643.22,1605.12,1412.48,14.62,21.61,552.56,2388.08,9185.22,1.3,47.94,520.93,2388.06,8248.19,8.4987,0.03,394,2388,100.0,38.82,23.1381,11
51,203,-0.0038,-0.0001,100.0,518.67,643.08,1590.92,1426.12,14.62,21.61,552.41,2388.15,9188.26,1.3,47.69,520.94,2388.07,8253.41,8.499,0.03,396,2388,100.0,38.62,23.0319,10
51,204,0.0011,0.0004,100.0,518.67,643.21,1604.24,1423.73,14.62,21.61,552.53,2388.07,9201.99,1.3,47.79,521.25,2388.09,8253.27,8.4982,0.03,396,2388,100.0,38.67,23.1033,9
51,205,0.0023,-0.0,100.0,518.67,643.31,1592.63,1423.81,14.62,21.61,552.69,2388.07,9193.09,1.3,47.94,520.58,2388.09,8256.4,8.4914,0.03,393,2388,100.0,38.57,23.1452,8
51,206,0.003,0.0004,100.0,518.67,643.44,1601.34,1416.05,14.62,21.61,552.53,2388.08,9204.96,1.3,48.07,520.38,2388.1,8261.07,8.4775,0.03,397,2388,100.0,38.69,23.1276,7
51,207,0.0017,-0.0004,100.0,518.67,643.27,1602.47,1415.91,14.62,21.61,552.45,2388.07,9211.23,1.3,47.99,520.47,2388.11,8268.39,8.5021,0.03,396,2388,100.0,38.56,23.2241,6
51,208,-0.0015,0.0004,100.0,518.67,643.69,1606.39,1422.9,14.62,21.61,552.72,2388.14,9210.36,1.3,47.94,520.42,2388.12,8267.54,8.4834,0.03,397,2388,100.0,38.46,23.2072,5
51,209,0.0031,-0.0003,100.0,518.67,643.81,1604.36,1428.61,14.62,21.61,552.49,2388.12,9214.76,1.3,47.95,520.78,2388.05,8269.27,8.5187,0.03,396,2388,100.0,38.66,23.1217,4
51,210,0.0008,0.0005,100.0,518.67,643.19,1605.01,1430.44,14.62,21.61,551.49,2388.11,9213.46,1.3,47.94,520.38,2388.14,8274.65,8.5195,0.03,395,2388,100.0,38.57,23.0721,3
51,211,0.0008,-0.0005,100.0,518.67,643.68,1609.75,1419.91,14.62,21.61,552.63,2388.32,9219.81,1.3,48.27,520.24,2388.29,8279.86,8.5275,0.03,398,2388,100.0,38.43,23.0668,2
51,212,0.0015,0.0005,100.0,518.67,643.37,1602.44,1432.71,14.62,21.61,552.73,2388.46,9226.6,1.3,48.09,520.36,2388.49,8288.26,8.5117,0.03,398,2388,100.0,38.72,23.0834,1
51,213,0.0014,0.0004,100.0,518.67,644.11,1606.6,1428.55,14.62,21.61,551.6,2388.56,9244.59,1.3,47.89,520.2,2388.54,8293.72,8.5306,0.03,397,2388,100.0,38.39,23.0958,0
52,1,0.0002,0.0001,100.0,518.67,642.67,1587.47,1405.02,14.62,21.61,553.94,2388.11,9049.17,1.3,47.5,521.23,2388.08,8130.94,8.3885,0.03,394,2388,100.0,38.77,23.3636,212
52,2,-0.0008,-0.0004,100.0,518.67,642.48,1593.3,1413.05,14.62,21.61,554.11,2388.1,9047.76,1.3,47.46,521.75,2388.06,8129.41,8.4687,0.03,392,2388,100.0,39.02,23.2396,211
52,3,-0.0018,-0.0,100.0,518.67,642.54,1587.35,1407.83,14.62,21.61,554.11,2388.08,9050.85,1.3,47.61,521.25,2388.07,8128.58,8.4006,0.03,393,2388,100.0,38.85,23.3873,210
52,4,0.0015,0.0002,100.0,518.67,643.11,1579.1,1406.11,14.62,21.61,554.27,2388.11,9047.38,1.3,47.29,521.11,2388.15,8123.91,8.4665,0.03,393,2388,100.0,38.83,23.3497,209
52,5,-0.0015,-0.0001,100.0,518.67,642.71,1573.75,1407.56,14.62,21.61,553.9,2388.09,9054.59,1.3,47.33,521.49,2388.1,8130.27,8.4556,0.03,394,2388,100.0,38.97,23.4487,208
52,6,0.0009,-0.0003,100.0,518.67,642.49,1587.19,1401.13,14.62,21.61,553.98,2388.1,9038.36,1.3,47.41,521.27,2388.07,8126.2,8.4286,0.03,392,2388,100.0,38.96,23.2617,207
52,7,0.0022,0.0005,100.0,518.67,643.3,1592.37,1399.82,14.62,21.61,553.4,2388.05,9045.55,1.3,47.39,521.61,2388.15,8127.98,8.4051,0.03,393,2388,100.0,38.91,23.282,206
52,8,-0.002,-0.0005,100.0,518.67,642.53,1587.08,1406.6,14.62,21.61,553.14,2388.11,9053.94,1.3,47.41,522.14,2388.07,8127.94,8.4552,0.03,395,2388,100.0,38.77,23.287,205
52,9,-0.0016,0.0001,100.0,518.67,642.85,1589.17,1415.36,14.62,21.61,553.45,2388.05,9046.16,1.3,47.58,521.61,2388.05,8127.31,8.421,0.03,392,2388,100.0,38.85,23.321,204
52,10,-0.0003,-0.0001,100.0,518.67,642.87,1591.95,1408.29,14.62,21.6,553.55,2388.11,9048.65,1.3,47.53,521.53,2388.12,8133.98,8.4214,0.03,392,2388,100.0,38.9,23.3184,203
52,11,-0.0026,-0.0003,100.0,518.67,642.65,1579.6,1415.0,14.62,21.61,553.23,2388.04,9043.07,1.3,47.4,521.22,2388.12,8130.41,8.404,0.03,393,2388,100.0,38.83,23.3505,202
52,12,0.0008,0.0004,100.0,518.67,642.82,1595.83,1400.51,14.62,21.61,553.76,2388.09,9052.35,1.3,47.4,521.98,2388.16,8124.64,8.3991,0.03,393,2388,100.0,38.7,23.2869,201
52,13,-0.0012,-0.0004,100.0,518.67,642.19,1583.7,1400.17,14.62,21.61,553.56,2388.07,9053.27,1.3,47.34,521.98,2388.11,8128.76,8.4204,0.03,394,2388,100.0,38.84,23.1843,200
52,14,0.0025,-0.0001,100.0,518.67,642.75,1594.47,1408.49,14.62,21.61,553.53,2388.13,9048.91,1.3,47.46,521.53,2388.08,8128.24,8.4527,0.03,393,2388,100.0,39.13,23.3208,199
52,15,0.0006,-0.0002,100.0,518.67,641.93,1589.33,1400.21,14.62,21.61,553.64,2388.09,9046.61,1.3,47.41,521.48,2388.04,8136.24,8.3959,0.03,392,2388,100.0,38.88,23.3944,198
52,16,0.0051,0.0001,100.0,518.67,642.86,1589.64,1406.02,14.62,21.61,553.55,2388.14,9042.53,1.3,47.46,521.59,2388.12,8124.18,8.451,0.03,392,2388,100.0,38.81,23.3576,197
52,17,-0.0025,0.0004,100.0,518.67,642.75,1591.46,1403.28,14.62,21.61,553.83,2388.11,9044.08,1.3,47.51,521.82,2388.1,8128.5,8.4333,0.03,392,2388,100.0,38.68,23.2854,196
52,18,0.0021,0.0002,100.0,518.67,642.91,1595.55,1407.97,14.62,21.61,553.65,2388.13,9052.0,1.3,47.33,521.56,2388.09,8127.35,8.4708,0.03,392,2388,100.0,38.79,23.2752,195
52,19,0.0004,-0.0001,100.0,518.67,642.32,1590.09,1404.1,14.62,21.61,553.53,2388.09,9053.31,1.3,47.56,521.68,2388.09,8127.82,8.4138,0.03,393,2388,100.0,38.8,23.2662,194
52,20,-0.0006,0.0004,100.0,518.67,642.93,1587.17,1400.51,14.62,21.61,553.65,2388.06,9050.9,1.3,47.31,521.09,2388.13,8126.24,8.43,0.03,393,2388,100.0,38.85,23.2657,193
52,21,-0.0015,-0.0005,100.0,518.67,642.28,1589.67,1409.16,14.62,21.61,553.61,2388.09,9048.48,1.3,47.49,521.34,2388.14,8124.98,8.4441,0.03,394,2388,100.0,38.99,23.3216,192
52,22,-0.0026,0.0004,100.0,518.67,642.64,1588.46,1401.3,14.62,21.61,554.14,2388.09,9050.7,1.3,47.3,521.39,2388.16,8132.33,8.4221,0.03,392,2388,100.0,39.06,23.2732,191
52,23,0.0023,0.0005,100.0,518.67,642.63,1587.5,1405.12,14.62,21.61,553.59,2388.12,9037.07,1.3,47.56,520.92,2388.15,8124.28,8.4432,0.03,393,2388,100.0,38.84,23.3642,190
52,24,-0.0019,-0.0002,100.0,518.67,642.34,1593.9,1399.81,14.62,21.61,554.3,2388.13,9043.7,1.3,47.47,521.64,2388.13,8134.01,8.4196,0.03,393,2388,100.0,38.9,23.4299,189
52,25,0.0015,0.0002,100.0,518.67,642.0,1585.47,1403.01,14.62,21.61,554.52,2388.06,9053.43,1.3,47.41,521.2,2388.09,8132.22,8.4428,0.03,392,2388,100.0,38.87,23.4114,188
52,26,-0.0017,-0.0002,100.0,518.67,642.5,1591.04,1407.07,14.62,21.61,553.67,2388.09,9047.13,1.3,47.46,521.57,2388.11,8129.57,8.4351,0.03,392,2388,100.0,38.76,23.3168,187
52,27,0.0041,-0.0003,100.0,518.67,642.72,1593.13,1406.78,14.62,21.61,552.58,2388.06,9051.68,1.3,47.55,521.55,2388.04,8126.72,8.426,0.03,395,2388,100.0,38.86,23.2791,186
52,28,-0.0052,-0.0001,100.0,518.67,642.76,1581.04,1411.7,14.62,21.61,553.67,2388.14,9048.86,1.3,47.28,522.3,2388.1,8132.23,8.413,0.03,391,2388,100.0,38.97,23.3864,185
52,29,0.0031,0.0003,100.0,518.67,642.15,1582.21,1406.01,14.62,21.61,553.58,2388.06,9046.07,1.3,47.64,521.62,2388.11,8126.76,8.4118,0.03,393,2388,100.0,38.86,23.2453,184
52,30,-0.0002,0.0001,100.0,518.67,642.42,1587.37,1398.15,14.62,21.61,553.37,2388.08,9046.63,1.3,47.56,521.41,2388.14,8134.0,8.4636,0.03,393,2388,100.0,38.92,23.2807,183
52,31,-0.002,-0.0,100.0,518.67,642.44,1583.62,1401.4,14.62,21.61,553.47,2388.12,9049.11,1.3,47.47,521.27,2388.09,8130.66,8.4219,0.03,392,2388,100.0,38.95,23.2019,182
52,32,-0.0004,-0.0004,100.0,518.67,642.48,1591.17,1407.6,14.62,21.61,553.58,2388.16,9048.56,1.3,47.53,522.11,2388.12,8131.31,8.4433,0.03,393,2388,100.0,38.83,23.2381,181
52,33,0.0016,-0.0004,100.0,518.67,642.3,1586.39,1402.3,14.62,21.61,553.92,2388.1,9044.14,1.3,47.41,521.62,2388.12,8128.41,8.4339,0.03,393,2388,100.0,38.91,23.2628,180
52,34,-0.0009,0.0004,100.0,518.67,642.68,1584.03,1403.42,14.62,21.61,553.72,2388.09,9048.74,1.3,47.47,521.43,2388.17,8129.01,8.4462,0.03,393,2388,100.0,38.81,23.3559,179
52,35,0.0019,0.0002,100.0,518.67,642.3,1587.16,1410.37,14.62,21.61,553.07,2388.12,9048.53,1.3,47.55,521.89,2388.12,8125.8,8.4273,0.03,392,2388,100.0,38.81,23.3821,178
52,36,-0.0025,0.0002,100.0,518.67,642.75,1588.34,1404.1,14.62,21.61,554.01,2388.07,9047.99,1.3,47.52,521.17,2388.12,8132.08,8.4144,0.03,392,2388,100.0,38.76,23.2153,177
52,37,0.0013,-0.0004,100.0,518.67,642.79,1587.64,1412.72,14.62,21.61,553.18,2388.12,9044.53,1.3,47.39,522.3,2388.08,8131.04,8.4491,0.03,393,2388,100.0,38.92,23.3225,176
52,38,0.0023,-0.0005,100.0,518.67,642.56,1588.22,1406.96,14.62,21.61,553.71,2388.14,9054.8,1.3,47.58,520.71,2388.06,8129.12,8.4324,0.03,393,2388,100.0,38.81,23.3561,175
52,39,-0.0005,-0.0003,100.0,518.67,642.15,1582.64,1403.74,14.62,21.61,553.35,2388.11,9045.83,1.3,47.6,521.49,2388.12,8127.17,8.4331,0.03,391,2388,100.0,38.78,23.3035,174
52,40,0.001,0.0003,100.0,518.67,642.62,1586.68,1402.29,14.62,21.61,553.48,2388.11,9048.8,1.3,47.45,521.46,2388.07,8133.08,8.4387,0.03,393,2388,100.0,38.97,23.3361,173
52,41,-0.0018,-0.0004,100.0,518.67,642.29,1587.24,1414.94,14.62,21.61,552.88,2388.14,9055.36,1.3,47.46,521.24,2388.08,8131.07,8.3995,0.03,394,2388,100.0,38.88,23.363,172
52,42,0.001,-0.0002,100.0,518.67,641.93,1592.62,1412.38,14.62,21.61,553.53,2388.09,9045.42,1.3,47.63,521.55,2388.1,8128.58,8.4463,0.03,392,2388,100.0,38.92,23.2624,171
52,43,-0.0002,-0.0003,100.0,518.67,642.09,1586.98,1404.83,14.62,21.61,554.4,2388.04,9059.13,1.3,47.5,521.53,2388.1,8128.29,8.4245,0.03,393,2388,100.0,38.85,23.322,170
52,44,0.0043,0.0002,100.0,518.67,642.68,1585.75,1408.5,14.62,21.61,553.68,2388.07,9049.2,1.3,47.51,521.47,2388.09,8128.94,8.4103,0.03,393,2388,100.0,38.94,23.4136,169
52,45,-0.0038,-0.0002,100.0,518.67,642.33,1592.62,1402.0,14.62,21.61,553.46,2388.12,9050.33,1.3,47.31,521.08,2388.09,8132.4,8.4321,0.03,393,2388,100.0,38.93,23.2351,168
52,46,0.0003,-0.0005,100.0,518.67,642.89,1593.78,1405.45,14.62,21.61,554.42,2388.1,9046.43,1.3,47.49,521.81,2388.06,8125.07,8.4433,0.03,393,2388,100.0,38.75,23.3052,167
52,47,-0.0003,0.0001,100.0,518.67,642.11,1597.61,1407.16,14.62,21.61,553.63,2388.06,9048.32,1.3,47.65,521.11,2388.12,8128.17,8.4231,0.03,393,2388,100.0,38.88,23.2489,166
52,48,-0.0025,-0.0003,100.0,518.67,642.22,1593.27,1408.39,14.62,21.61,553.05,2388.1,9048.79,1.3,47.46,521.8,2388.11,8133.78,8.424,0.03,391,2388,100.0,38.65,23.3486,165
52,49,-0.0011,-0.0002,100.0,518.67,642.54,1588.04,1407.32,14.62,21.61,553.44,2388.1,9053.49,1.3,47.38,521.26,2388.18,8129.31,8.4433,0.03,393,2388,100.0,38.84,23.2384,164
52,50,-0.0013,-0.0002,100.0,518.67,642.39,1582.07,1396.32,14.62,21.61,553.21,2388.07,9049.35,1.3,47.48,521.62,2388.07,8128.43,8.4631,0.03,393,2388,100.0,38.86,23.2804,163
52,51,0.0006,0.0005,100.0,518.67,642.63,1590.51,1415.31,14.62,21.61,553.71,2388.09,9053.85,1.3,47.56,521.89,2388.06,8127.92,8.4239,0.03,392,2388,100.0,38.87,23.2467,162
52,52,-0.0023,-0.0001,100.0,518.67,642.62,1589.22,1404.05,14.62,21.61,552.85,2388.09,9049.73,1.3,47.52,521.51,2388.09,8127.7,8.4449,0.03,393,2388,100.0,38.99,23.2494,161
52,53,0.0004,-0.0003,100.0,518.67,642.58,1587.35,1407.15,14.62,21.61,553.15,2388.1,9053.45,1.3,47.57,521.73,2388.12,8123.13,8.396,0.03,393,2388,100.0,38.82,23.2749,160
52,54,0.0015,0.0004,100.0,518.67,642.13,1587.43,1407.18,14.62,21.61,553.7,2388.14,9045.97,1.3,47.57,521.57,2388.12,8129.51,8.458,0.03,392,2388,100.0,38.89,23.3206,159
52,55,0.0011,-0.0005,100.0,518.67,642.87,1584.3,1411.08,14.62,21.61,554.29,2388.09,9044.02,1.3,47.42,521.19,2388.07,8130.67,8.4088,0.03,394,2388,100.0,38.87,23.3254,158
52,56,0.0011,0.0003,100.0,518.67,642.16,1590.39,1402.64,14.62,21.61,553.97,2388.14,9052.22,1.3,47.48,521.34,2388.13,8128.86,8.4324,0.03,393,2388,100.0,38.95,23.2723,157
52,57,-0.0015,0.0004,100.0,518.67,643.35,1589.99,1406.79,14.62,21.61,552.78,2388.1,9046.43,1.3,47.42,521.69,2388.08,8128.55,8.4353,0.03,393,2388,100.0,38.95,23.3532,156
52,58,0.0018,0.0003,100.0,518.67,642.06,1593.26,1407.55,14.62,21.61,553.42,2388.08,9056.33,1.3,47.45,521.51,2388.11,8126.71,8.4123,0.03,394,2388,100.0,38.8,23.2945,155
52,59,-0.004,-0.0001,100.0,518.67,642.72,1590.37,1412.24,14.62,21.61,554.27,2388.12,9054.8,1.3,47.36,521.28,2388.11,8129.77,8.4226,0.03,394,2388,100.0,38.91,23.2569,154
52,60,0.0003,-0.0004,100.0,518.67,642.49,1591.51,1400.71,14.62,21.61,553.9,2388.15,9050.7,1.3,47.57,521.42,2388.07,8131.96,8.4092,0.03,393,2388,100.0,38.9,23.3439,153
52,61,-0.0008,0.0001,100.0,518.67,642.78,1586.24,1412.88,14.62,21.61,554.15,2388.09,9042.13,1.3,47.5,521.55,2388.12,8131.34,8.4374,0.03,393,2388,100.0,39.03,23.2286,152
52,62,0.0013,-0.0,100.0,518.67,643.05,1586.66,1404.95,14.62,21.61,554.03,2388.07,9046.95,1.3,47.59,521.71,2388.16,8131.61,8.4269,0.03,393,2388,100.0,38.82,23.3311,151
52,63,0.0011,-0.0004,100.0,518.67,642.76,1585.3,1413.44,14.62,21.61,553.78,2388.09,9048.46,1.3,47.4,521.83,2388.13,8127.79,8.4428,0.03,392,2388,100.0,38.62,23.298,150
52,64,-0.001,0.0001,100.0,518.67,642.83,1579.29,1402.11,14.62,21.61,553.4,2388.12,9051.11,1.3,47.39,521.58,2388.12,8132.45,8.4153,0.03,393,2388,100.0,39.03,23.1934,149
52,65,0.0006,0.0002,100.0,518.67,642.17,1583.69,1406.45,14.62,21.61,553.7,2388.11,9049.69,1.3,47.38,521.32,2388.08,8135.55,8.3958,0.03,391,2388,100.0,38.78,23.3307,148
52,66,0.0019,-0.0003,100.0,518.67,642.88,1585.93,1409.01,14.62,21.61,554.01,2388.1,9045.3,1.3,47.6,521.36,2388.1,8126.94,8.4136,0.03,393,2388,100.0,38.76,23.2017,147
52,67,-0.0013,-0.0004,100.0,518.67,642.5,1589.89,1406.28,14.62,21.61,552.84,2388.1,9046.96,1.3,47.51,521.18,2388.11,8128.38,8.4231,0.03,393,2388,100.0,38.6,23.3284,146
52,68,0.0032,-0.0005,100.0,518.67,642.68,1588.8,1405.12,14.62,21.61,553.32,2388.1,9048.91,1.3,47.57,521.45,2388.05,8134.61,8.421,0.03,392,2388,100.0,38.91,23.3223,145
52,69,-0.0007,0.0001,100.0,518.67,642.76,1588.36,1415.39,14.62,21.61,553.22,2388.06,9048.34,1.3,47.51,521.28,2388.13,8127.74,8.4168,0.03,392,2388,100.0,38.8,23.2898,144
52,70,0.0027,0.0,100.0,518.67,642.78,1588.81,1404.38,14.62,21.61,553.86,2388.15,9047.29,1.3,47.49,521.38,2388.13,8128.42,8.4647,0.03,394,2388,100.0,38.82,23.4265,143
52,71,-0.0025,0.0002,100.0,518.67,642.94,1591.37,1410.53,14.62,21.61,553.7,2388.09,9050.1,1.3,47.6,521.54,2388.15,8131.43,8.4367,0.03,393,2388,100.0,38.82,23.2826,142
52,72,0.0035,0.0001,100.0,518.67,642.91,1597.59,1404.4,14.62,21.61,553.1,2388.15,9055.1,1.3,47.5,522.11,2388.1,8130.97,8.4441,0.03,394,2388,100.0,38.88,23.3763,141
52,73,-0.0001,-0.0005,100.0,518.67,642.47,1590.49,1411.08,14.62,21.61,553.13,2388.08,9046.28,1.3,47.47,522.02,2388.08,8129.04,8.4256,0.03,393,2388,100.0,38.75,23.1729,140
52,74,0.0021,0.0005,100.0,518.67,642.17,1588.47,1412.03,14.62,21.61,553.46,2388.13,9051.95,1.3,47.51,521.92,2388.07,8125.14,8.4633,0.03,393,2388,100.0,38.81,23.2723,139
52,75,-0.001,0.0003,100.0,518.67,642.61,1589.82,1410.02,14.62,21.61,553.76,2388.18,9046.57,1.3,47.53,521.74,2388.1,8125.85,8.403,0.03,392,2388,100.0,38.84,23.3106,138
52,76,0.0047,-0.0001,100.0,518.67,642.67,1592.31,1404.84,14.62,21.61,553.72,2388.09,9051.34,1.3,47.28,521.14,2388.14,8132.96,8.4197,0.03,391,2388,100.0,38.83,23.3133,137
52,77,-0.0028,0.0001,100.0,518.67,642.56,1589.75,1408.71,14.62,21.61,553.89,2388.13,9049.56,1.3,47.46,521.5,2388.08,8131.86,8.4274,0.03,392,2388,100.0,38.65,23.193,136
52,78,-0.0013,-0.0002,100.0,518.67,642.24,1589.66,1408.33,14.62,21.61,553.75,2388.15,9052.0,1.3,47.42,521.69,2388.1,8131.69,8.4524,0.03,394,2388,100.0,38.92,23.3116,135
52,79,-0.0015,-0.0001,100.0,518.67,642.45,1586.88,1408.91,14.62,21.61,554.04,2388.12,9053.94,1.3,47.42,521.39,2388.13,8129.22,8.3995,0.03,393,2388,100.0,38.91,23.3821,134
52,80,-0.0013,-0.0002,100.0,518.67,642.78,1586.86,1398.7,14.62,21.61,554.21,2388.12,9051.01,1.3,47.61,521.68,2388.16,8134.03,8.4292,0.03,392,2388,100.0,38.95,23.4558,133
52,81,0.0023,0.0,100.0,518.67,642.92,1587.84,1403.66,14.62,21.61,552.71,2388.07,9056.3,1.3,47.36,521.36,2388.14,8131.12,8.4112,0.03,393,2388,100.0,38.98,23.4768,132
52,82,0.0027,0.0002,100.0,518.67,642.87,1590.25,1405.31,14.62,21.61,553.41,2388.05,9044.12,1.3,47.5,520.91,2388.09,8127.97,8.4283,0.03,393,2388,100.0,38.82,23.199,131
52,83,-0.0013,0.0002,100.0,518.67,642.62,1598.7,1398.01,14.62,21.61,553.49,2388.12,9051.03,1.3,47.58,521.73,2388.15,8134.55,8.4276,0.03,393,2388,100.0,39.04,23.2953,130
52,84,0.0022,0.0001,100.0,518.67,642.73,1589.53,1407.69,14.62,21.61,553.25,2388.16,9057.67,1.3,47.5,521.1,2388.13,8130.71,8.4107,0.03,393,2388,100.0,38.92,23.3113,129
52,85,-0.0001,-0.0004,100.0,518.67,642.65,1589.74,1411.96,14.62,21.61,553.68,2388.04,9053.73,1.3,47.51,521.36,2388.09,8125.35,8.4754,0.03,394,2388,100.0,38.81,23.2851,128
52,86,-0.0041,0.0003,100.0,518.67,642.23,1589.89,1409.25,14.62,21.61,553.41,2388.13,9055.32,1.3,47.47,521.24,2388.1,8132.64,8.4327,0.03,394,2388,100.0,38.79,23.2345,127
52,87,-0.0,0.0003,100.0,518.67,643.47,1586.99,1400.07,14.62,21.61,552.83,2388.12,9047.61,1.3,47.48,521.45,2388.13,8134.19,8.4377,0.03,395,2388,100.0,38.85,23.2169,126
52,88,0.0014,0.0,100.0,518.67,642.02,1588.8,1409.69,14.62,21.61,553.16,2388.08,9049.95,1.3,47.5,521.37,2388.1,8133.43,8.4654,0.03,393,2388,100.0,38.95,23.1963,125
52,89,0.0028,0.0004,100.0,518.67,643.18,1591.26,1413.72,14.62,21.61,553.6,2388.13,9046.41,1.3,47.51,521.55,2388.15,8129.13,8.4446,0.03,394,2388,100.0,38.82,23.2724,124
52,90,0.001,-0.0001,100.0,518.67,642.71,1592.16,1413.49,14.62,21.61,553.03,2388.12,9045.52,1.3,47.54,522.12,2388.07,8130.54,8.4727,0.03,391,2388,100.0,38.88,23.3463,123
52,91,0.0009,0.0,100.0,518.67,642.41,1587.71,1405.17,14.62,21.61,553.19,2388.08,9044.87,1.3,47.7,521.56,2388.12,8129.8,8.4508,0.03,392,2388,100.0,38.79,23.2277,122
52,92,-0.0026,0.0,100.0,518.67,642.58,1583.64,1417.73,14.62,21.61,553.7,2388.18,9044.73,1.3,47.55,521.44,2388.14,8132.28,8.434,0.03,393,2388,100.0,38.72,23.2731,121
52,93,-0.0038,-0.0005,100.0,518.67,642.95,1595.82,1413.19,14.62,21.61,552.97,2388.09,9053.94,1.3,47.5,521.34,2388.12,8128.29,8.4377,0.03,393,2388,100.0,38.8,23.3475,120
52,94,-0.0008,-0.0005,100.0,518.67,642.88,1585.11,1412.76,14.62,21.61,553.38,2388.11,9057.02,1.3,47.58,521.27,2388.12,8131.23,8.4569,0.03,393,2388,100.0,38.92,23.2296,119
52,95,-0.0031,-0.0004,100.0,518.67,642.72,1590.33,1415.17,14.62,21.61,553.2,2388.1,9061.18,1.3,47.55,521.14,2388.09,8129.0,8.4693,0.03,394,2388,100.0,38.74,23.2932,118
52,96,0.001,0.0004,100.0,518.67,642.05,1590.72,1409.83,14.62,21.61,553.76,2388.09,9039.34,1.3,47.57,521.46,2388.18,8135.05,8.4686,0.03,396,2388,100.0,39.11,23.2168,117
52,97,-0.0041,0.0001,100.0,518.67,642.96,1595.02,1404.83,14.62,21.61,553.23,2388.07,9047.93,1.3,47.46,521.08,2388.1,8133.98,8.4187,0.03,395,2388,100.0,38.66,23.2764,116
52,98,0.0007,-0.0002,100.0,518.67,643.14,1587.96,1407.8,14.62,21.61,553.62,2388.12,9049.41,1.3,47.69,521.27,2388.08,8131.41,8.4496,0.03,393,2388,100.0,38.9,23.2315,115
52,99,-0.0023,-0.0003,100.0,518.67,643.0,1591.02,1411.01,14.62,21.61,553.51,2388.11,9054.78,1.3,47.51,521.38,2388.13,8134.16,8.4288,0.03,392,2388,100.0,38.97,23.3249,114
52,100,0.001,0.0001,100.0,518.67,643.26,1593.08,1405.72,14.62,21.61,552.77,2388.18,9059.15,1.3,47.42,521.27,2388.1,8130.16,8.4548,0.03,393,2388,100.0,38.99,23.2991,113
52,101,0.0004,0.0004,100.0,518.67,642.54,1595.29,1410.98,14.62,21.61,552.67,2388.12,9050.77,1.3,47.73,521.5,2388.1,8131.53,8.4076,0.03,392,2388,100.0,38.91,23.3376,112
52,102,0.0011,-0.0003,100.0,518.67,642.82,1587.71,1407.87,14.62,21.61,553.81,2388.08,9049.66,1.3,47.3,521.22,2388.13,8131.29,8.4456,0.03,393,2388,100.0,38.6,23.3391,111
52,103,0.0002,-0.0,100.0,518.67,642.91,1587.56,1411.15,14.62,21.61,552.96,2388.13,9052.33,1.3,47.37,521.38,2388.1,8135.01,8.4037,0.03,393,2388,100.0,38.96,23.2677,110
52,104,0.0002,-0.0003,100.0,518.67,642.84,1590.26,1414.03,14.62,21.61,553.2,2388.12,9058.48,1.3,47.45,520.92,2388.11,8135.73,8.4408,0.03,394,2388,100.0,38.93,23.1982,109
52,105,0.0017,0.0001,100.0,518.67,642.36,1591.98,1410.27,14.62,21.61,553.48,2388.1,9059.28,1.3,47.51,521.48,2388.13,8133.36,8.4292,0.03,391,2388,100.0,38.93,23.2901,108
52,106,-0.0042,-0.0003,100.0,518.67,642.72,1590.47,1413.06,14.62,21.61,553.19,2388.15,9057.19,1.3,47.5,521.51,2388.15,8135.95,8.4637,0.03,393,2388,100.0,38.73,23.2377,107
52,107,0.0014,0.0004,100.0,518.67,642.83,1592.05,1412.33,14.62,21.61,552.84,2388.13,9049.07,1.3,47.55,521.35,2388.11,8131.59,8.4649,0.03,393,2388,100.0,38.69,23.2225,106
52,108,0.0021,-0.0003,100.0,518.67,642.98,1586.2,1410.0,14.62,21.61,553.34,2388.17,9057.74,1.3,47.46,521.29,2388.12,8139.39,8.4445,0.03,394,2388,100.0,38.85,23.3553,105
52,109,-0.003,-0.0004,100.0,518.67,643.2,1599.43,1405.77,14.62,21.61,553.06,2388.11,9053.58,1.3,47.86,521.22,2388.13,8137.59,8.4563,0.03,394,2388,100.0,38.63,23.2392,104
52,110,-0.0013,0.0,100.0,518.67,642.45,1586.18,1415.73,14.62,21.61,553.17,2388.14,9049.83,1.3,47.53,521.2,2388.12,8132.7,8.4502,0.03,393,2388,100.0,38.77,23.3548,103
52,111,0.0034,-0.0,100.0,518.67,642.12,1596.54,1407.86,14.62,21.61,553.28,2388.15,9045.43,1.3,47.73,521.07,2388.2,8129.31,8.4379,0.03,393,2388,100.0,38.83,23.1978,102
52,112,-0.0004,-0.0003,100.0,518.67,642.98,1591.13,1409.44,14.62,21.61,553.26,2388.17,9047.25,1.3,47.38,521.32,2388.07,8137.72,8.4376,0.03,394,2388,100.0,38.57,23.274,101
52,113,0.0045,-0.0005,100.0,518.67,642.36,1587.1,1407.06,14.62,21.61,553.2,2388.1,9053.66,1.3,47.51,521.69,2388.11,8134.71,8.4238,0.03,391,2388,100.0,38.85,23.2764,100
52,114,0.0026,0.0,100.0,518.67,643.27,1593.46,1410.57,14.62,21.61,553.43,2388.13,9050.19,1.3,47.69,521.58,2388.14,8131.53,8.4535,0.03,393,2388,100.0,39.05,23.177,99
52,115,-0.0019,0.0001,100.0,518.67,642.47,1588.83,1409.51,14.62,21.61,553.28,2388.12,9054.23,1.3,47.55,521.32,2388.11,8130.71,8.4213,0.03,392,2388,100.0,38.87,23.4081,98
52,116,-0.0005,-0.0004,100.0,518.67,642.5,1590.65,1404.05,14.62,21.61,552.49,2388.12,9058.86,1.3,47.47,521.56,2388.1,8134.88,8.429,0.03,394,2388,100.0,38.89,23.2291,97
52,117,-0.0037,-0.0001,100.0,518.67,642.82,1586.54,1414.02,14.62,21.61,552.7,2388.15,9058.1,1.3,47.72,520.95,2388.07,8136.15,8.4603,0.03,393,2388,100.0,38.97,23.2899,96
52,118,-0.0007,-0.0004,100.0,518.67,642.84,1592.01,1414.54,14.62,21.61,553.31,2388.14,9050.27,1.3,47.78,520.97,2388.13,8135.72,8.4211,0.03,393,2388,100.0,38.76,23.2381,95
52,119,0.0025,-0.0005,100.0,518.67,643.22,1590.49,1410.84,14.62,21.61,553.13,2388.11,9062.19,1.3,47.49,521.36,2388.13,8135.28,8.4368,0.03,394,2388,100.0,38.75,23.2227,94
52,120,-0.0054,0.0004,100.0,518.67,642.57,1591.26,1405.49,14.62,21.61,553.62,2388.16,9059.62,1.3,47.51,520.94,2388.1,8133.41,8.4638,0.03,393,2388,100.0,38.82,23.2786,93
52,121,-0.0,0.0003,100.0,518.67,643.11,1594.33,1417.67,14.62,21.61,553.44,2388.12,9056.15,1.3,47.64,521.07,2388.12,8130.16,8.4469,0.03,394,2388,100.0,38.72,23.2883,92
52,122,0.0003,-0.0002,100.0,518.67,642.76,1590.9,1411.42,14.62,21.61,553.34,2388.11,9053.81,1.3,47.64,521.2,2388.1,8136.35,8.4444,0.03,393,2388,100.0,38.64,23.3309,91
52,123,0.0033,0.0003,100.0,518.67,642.54,1592.51,1411.96,14.62,21.61,552.24,2388.14,9050.13,1.3,47.62,521.49,2388.11,8138.2,8.4599,0.03,391,2388,100.0,38.78,23.2854,90
52,124,0.0043,0.0002,100.0,518.67,642.82,1588.69,1411.46,14.62,21.61,552.51,2388.12,9046.88,1.3,47.63,520.91,2388.05,8132.59,8.4331,0.03,393,2388,100.0,38.9,23.2584,89
52,125,0.0001,0.0003,100.0,518.67,642.56,1587.06,1406.86,14.62,21.61,552.47,2388.17,9058.53,1.3,47.49,521.14,2388.14,8138.02,8.4084,0.03,394,2388,100.0,38.87,23.3494,88
52,126,-0.0009,-0.0002,100.0,518.67,642.75,1585.99,1409.25,14.62,21.61,553.24,2388.12,9063.07,1.3,47.57,520.98,2388.14,8132.09,8.438,0.03,395,2388,100.0,38.67,23.2946,87
52,127,-0.0024,-0.0005,100.0,518.67,643.27,1588.16,1412.67,14.62,21.61,553.15,2388.07,9055.69,1.3,47.69,521.06,2388.15,8130.29,8.4396,0.03,393,2388,100.0,38.73,23.2936,86
52,128,-0.0,-0.0004,100.0,518.67,642.47,1587.97,1405.51,14.62,21.61,552.71,2388.16,9062.8,1.3,47.62,521.48,2388.16,8133.79,8.4809,0.03,394,2388,100.0,38.82,23.2743,85
52,129,-0.0012,-0.0004,100.0,518.67,642.8,1598.13,1409.68,14.62,21.61,553.39,2388.11,9050.95,1.3,47.62,521.64,2388.11,8135.39,8.478,0.03,393,2388,100.0,39.02,23.2983,84
52,130,-0.0018,-0.0003,100.0,518.67,643.03,1591.24,1417.01,14.62,21.61,552.43,2388.14,9051.57,1.3,47.73,521.05,2388.14,8135.74,8.4469,0.03,393,2388,100.0,38.86,23.2652,83
52,131,-0.0006,-0.0005,100.0,518.67,643.07,1581.96,1409.84,14.62,21.61,553.18,2388.13,9056.83,1.3,47.65,521.13,2388.08,8132.54,8.4246,0.03,393,2388,100.0,38.79,23.1701,82
52,132,0.0011,-0.0004,100.0,518.67,643.34,1599.6,1411.93,14.62,21.61,553.29,2388.15,9062.84,1.3,47.47,521.51,2388.13,8136.05,8.4721,0.03,395,2388,100.0,38.74,23.2078,81
52,133,0.0001,0.0003,100.0,518.67,642.98,1591.52,1413.26,14.62,21.61,553.35,2388.13,9062.89,1.3,47.61,521.83,2388.12,8135.05,8.466,0.03,393,2388,100.0,38.74,23.2915,80
52,134,-0.0014,-0.0001,100.0,518.67,642.48,1592.64,1410.83,14.62,21.61,553.07,2388.15,9054.61,1.3,47.56,521.54,2388.13,8137.17,8.4442,0.03,395,2388,100.0,38.69,23.2332,79
52,135,0.0002,-0.0,100.0,518.67,642.82,1593.76,1409.6,14.62,21.61,553.16,2388.09,9053.17,1.3,47.78,521.58,2388.14,8134.08,8.4818,0.03,395,2388,100.0,38.57,23.3283,78
52,136,0.0023,-0.0002,100.0,518.67,643.05,1591.96,1414.84,14.62,21.61,553.48,2388.11,9062.24,1.3,47.61,520.92,2388.16,8137.37,8.4585,0.03,394,2388,100.0,38.64,23.2451,77
52,137,-0.0012,-0.0003,100.0,518.67,642.58,1593.7,1408.4,14.62,21.61,553.65,2388.14,9062.53,1.3,47.66,521.35,2388.14,8133.05,8.4476,0.03,393,2388,100.0,38.63,23.3863,76
52,138,-0.0033,0.0002,100.0,518.67,642.34,1592.09,1409.56,14.62,21.61,552.96,2388.17,9059.42,1.3,47.65,521.16,2388.16,8135.41,8.457,0.03,394,2388,100.0,38.83,23.3225,75
52,139,0.0003,0.0004,100.0,518.67,642.63,1589.8,1411.99,14.62,21.61,552.84,2388.16,9061.32,1.3,47.56,520.64,2388.15,8135.95,8.427,0.03,394,2388,100.0,39.01,23.2312,74
52,140,-0.0016,-0.0003,100.0,518.67,642.71,1598.93,1414.82,14.62,21.61,553.53,2388.15,9058.68,1.3,47.66,520.71,2388.13,8138.5,8.4724,0.03,393,2388,100.0,38.67,23.322,73
52,141,0.0008,-0.0004,100.0,518.67,642.58,1592.66,1413.82,14.62,21.61,552.52,2388.12,9064.0,1.3,47.6,521.45,2388.18,8135.42,8.4679,0.03,393,2388,100.0,38.82,23.1906,72
52,142,-0.0015,-0.0004,100.0,518.67,643.19,1594.68,1411.24,14.62,21.61,553.56,2388.1,9068.47,1.3,47.37,520.87,2388.16,8144.5,8.4719,0.03,392,2388,100.0,38.86,23.3787,71
52,143,0.0022,-0.0003,100.0,518.67,642.67,1593.13,1418.87,14.62,21.61,553.6,2388.2,9062.24,1.3,47.55,521.06,2388.15,8138.63,8.4492,0.03,394,2388,100.0,38.71,23.258,70
52,144,0.0015,0.0003,100.0,518.67,642.89,1595.02,1411.02,14.62,21.61,552.16,2388.17,9056.07,1.3,47.63,521.34,2388.14,8138.85,8.4617,0.03,394,2388,100.0,38.62,23.1748,69
52,145,-0.0037,-0.0002,100.0,518.67,642.67,1592.52,1412.77,14.62,21.61,553.08,2388.14,9056.73,1.3,47.81,520.83,2388.08,8144.12,8.4729,0.03,393,2388,100.0,38.74,23.2311,68
52,146,-0.002,-0.0003,100.0,518.67,642.91,1586.34,1411.8,14.62,21.61,552.73,2388.05,9062.84,1.3,47.58,520.79,2388.09,8144.88,8.4286,0.03,394,2388,100.0,38.79,23.3156,67
52,147,0.0005,0.0001,100.0,518.67,642.64,1589.85,1410.59,14.62,21.61,553.24,2388.1,9062.12,1.3,47.67,520.65,2388.09,8139.0,8.4462,0.03,394,2388,100.0,38.69,23.3281,66
52,148,-0.0009,0.0001,100.0,518.67,643.06,1589.94,1411.38,14.62,21.61,552.61,2388.18,9061.25,1.3,47.5,521.58,2388.14,8144.0,8.4424,0.03,393,2388,100.0,38.8,23.2173,65
52,149,0.0001,-0.0002,100.0,518.67,643.1,1597.46,1412.59,14.62,21.61,552.46,2388.11,9065.33,1.3,47.66,521.07,2388.15,8140.04,8.4449,0.03,393,2388,100.0,38.61,23.2354,64
52,150,-0.0009,0.0003,100.0,518.67,642.86,1587.21,1410.52,14.62,21.61,553.08,2388.14,9064.53,1.3,47.74,521.16,2388.14,8141.62,8.4198,0.03,394,2388,100.0,38.5,23.2163,63
52,151,0.0029,-0.0002,100.0,518.67,643.25,1599.24,1421.93,14.62,21.61,553.16,2388.11,9068.19,1.3,47.59,520.44,2388.13,8139.76,8.425,0.03,393,2388,100.0,38.74,23.2025,62
52,152,0.0031,-0.0,100.0,518.67,642.92,1597.08,1415.88,14.62,21.61,552.89,2388.13,9062.31,1.3,47.56,520.96,2388.08,8150.21,8.4487,0.03,395,2388,100.0,38.78,23.3239,61
52,153,0.0005,-0.0003,100.0,518.67,643.52,1602.62,1414.51,14.62,21.61,552.99,2388.2,9061.1,1.3,47.77,521.56,2388.11,8144.07,8.4888,0.03,395,2388,100.0,38.76,23.1736,60
52,154,-0.0027,-0.0,100.0,518.67,642.68,1593.19,1417.98,14.62,21.61,552.73,2388.11,9062.79,1.3,47.88,521.68,2388.13,8140.75,8.5054,0.03,396,2388,100.0,38.89,23.2422,59
52,155,-0.001,0.0003,100.0,518.67,643.17,1591.52,1405.97,14.62,21.61,552.4,2388.12,9058.23,1.3,47.86,520.93,2388.17,8143.44,8.44,0.03,394,2388,100.0,38.71,23.1354,58
52,156,-0.0026,0.0002,100.0,518.67,642.92,1594.75,1405.02,14.62,21.61,552.43,2388.07,9059.36,1.3,47.55,520.29,2388.14,8143.39,8.4547,0.03,394,2388,100.0,38.65,23.1323,57
52,157,0.002,-0.0005,100.0,518.67,643.59,1593.04,1421.13,14.62,21.61,552.25,2388.13,9060.41,1.3,47.77,520.83,2388.17,8145.35,8.4328,0.03,393,2388,100.0,38.81,23.2434,56
52,158,0.0037,0.0002,100.0,518.67,643.04,1599.19,1413.08,14.62,21.61,553.29,2388.17,9064.19,1.3,47.75,521.1,2388.12,8149.46,8.4422,0.03,393,2388,100.0,38.71,23.234,55
52,159,-0.0031,-0.0004,100.0,518.67,642.77,1597.74,1410.01,14.62,21.61,552.59,2388.08,9065.09,1.3,47.6,520.87,2388.12,8141.25,8.4239,0.03,395,2388,100.0,38.72,23.2812,54
52,160,0.0018,-0.0,100.0,518.67,642.83,1595.43,1416.51,14.62,21.61,552.86,2388.16,9068.6,1.3,47.81,521.13,2388.18,8140.08,8.4704,0.03,394,2388,100.0,38.68,23.1648,53
52,161,0.0023,0.0003,100.0,518.67,642.85,1602.13,1409.66,14.62,21.61,552.45,2388.08,9062.48,1.3,47.93,520.85,2388.09,8143.68,8.4812,0.03,394,2388,100.0,38.55,23.1504,52
52,162,0.0035,-0.0004,100.0,518.67,642.92,1589.5,1420.77,14.62,21.61,552.34,2388.1,9067.91,1.3,47.98,520.76,2388.12,8145.38,8.4683,0.03,394,2388,100.0,38.72,23.1752,51
52,163,-0.0019,0.0004,100.0,518.67,643.27,1591.84,1416.92,14.62,21.61,552.59,2388.17,9060.25,1.3,47.72,521.05,2388.18,8140.23,8.4864,0.03,395,2388,100.0,38.79,23.29,50
52,164,0.0036,0.0005,100.0,518.67,642.85,1599.89,1412.93,14.62,21.61,552.25,2388.18,9073.74,1.3,47.63,520.55,2388.2,8146.88,8.4606,0.03,395,2388,100.0,38.79,23.2388,49
52,165,-0.0023,0.0001,100.0,518.67,642.9,1598.95,1421.65,14.62,21.61,552.45,2388.13,9071.73,1.3,47.6,521.04,2388.19,8144.48,8.4873,0.03,396,2388,100.0,38.68,23.3064,48
52,166,-0.003,-0.0002,100.0,518.67,643.06,1591.63,1414.52,14.62,21.61,552.9,2388.1,9061.89,1.3,47.71,520.79,2388.15,8150.02,8.4887,0.03,395,2388,100.0,38.85,23.2368,47
52,167,-0.0007,0.0001,100.0,518.67,643.02,1588.04,1416.78,14.62,21.61,552.15,2388.19,9070.41,1.3,47.73,520.89,2388.15,8141.2,8.4487,0.03,393,2388,100.0,38.94,23.2748,46
52,168,-0.0026,-0.0,100.0,518.67,643.08,1589.96,1416.07,14.62,21.61,552.86,2388.17,9073.53,1.3,47.79,520.71,2388.2,8149.53,8.5078,0.03,395,2388,100.0,38.53,23.2076,45
52,169,0.0046,-0.0003,100.0,518.67,643.72,1597.26,1422.21,14.62,21.61,552.41,2388.19,9070.97,1.3,47.99,520.95,2388.17,8151.65,8.4976,0.03,396,2388,100.0,38.72,23.2619,44
52,170,0.0023,0.0003,100.0,518.67,643.21,1599.29,1417.16,14.62,21.61,552.72,2388.13,9060.68,1.3,47.79,520.67,2388.15,8145.94,8.4597,0.03,396,2388,100.0,38.52,23.1227,43
52,171,-0.0017,0.0001,100.0,518.67,642.84,1597.16,1419.2,14.62,21.61,552.3,2388.17,9073.47,1.3,47.72,520.41,2388.1,8146.44,8.4496,0.03,395,2388,100.0,38.76,23.202,42
52,172,0.0015,-0.0005,100.0,518.67,642.64,1593.68,1416.86,14.62,21.61,552.53,2388.16,9076.96,1.3,47.87,521.03,2388.13,8148.56,8.4659,0.03,395,2388,100.0,38.53,23.2777,41
52,173,0.003,0.0003,100.0,518.67,643.04,1599.44,1421.29,14.62,21.61,551.73,2388.14,9074.19,1.3,47.68,520.74,2388.15,8153.55,8.476,0.03,396,2388,100.0,38.64,23.197,40
52,174,-0.0019,-0.0003,100.0,518.67,642.72,1599.19,1418.2,14.62,21.61,552.35,2388.16,9070.26,1.3,47.76,520.9,2388.13,8148.47,8.4869,0.03,396,2388,100.0,38.61,23.1571,39
52,175,0.0036,-0.0004,100.0,518.67,643.51,1595.08,1415.89,14.62,21.61,552.37,2388.15,9072.4,1.3,48.08,520.8,2388.13,8152.76,8.4785,0.03,395,2388,100.0,38.57,23.1028,38
52,176,0.0029,0.0003,100.0,518.67,643.3,1590.24,1420.21,14.62,21.61,551.9,2388.22,9075.38,1.3,47.77,520.15,2388.16,8149.52,8.4699,0.03,394,2388,100.0,38.41,23.2056,37
52,177,0.0013,0.0004,100.0,518.67,643.39,1597.72,1420.81,14.62,21.61,552.49,2388.17,9083.84,1.3,47.93,520.73,2388.17,8147.19,8.4694,0.03,395,2388,100.0,38.78,23.1531,36
52,178,-0.0005,0.0005,100.0,518.67,643.07,1597.72,1419.6,14.62,21.61,552.29,2388.13,9074.33,1.3,47.98,520.26,2388.14,8150.74,8.4853,0.03,395,2388,100.0,38.56,23.2675,35
52,179,0.0006,-0.0001,100.0,518.67,642.91,1600.76,1421.94,14.62,21.61,552.57,2388.15,9083.83,1.3,47.83,520.68,2388.17,8157.56,8.4725,0.03,395,2388,100.0,38.69,23.2613,34
52,180,-0.0008,-0.0001,100.0,518.67,643.5,1593.73,1427.7,14.62,21.61,552.05,2388.09,9082.72,1.3,47.89,519.84,2388.16,8155.56,8.4558,0.03,395,2388,100.0,38.75,23.1657,33
52,181,0.002,0.0004,100.0,518.67,643.07,1595.19,1417.96,14.62,21.61,552.06,2388.17,9073.26,1.3,47.78,520.76,2388.15,8151.94,8.4598,0.03,396,2388,100.0,38.69,23.1682,32
52,182,0.0004,-0.0002,100.0,518.67,643.59,1595.18,1426.6,14.62,21.61,552.48,2388.15,9079.29,1.3,47.68,520.31,2388.17,8151.9,8.4869,0.03,396,2388,100.0,38.62,23.2242,31
52,183,-0.0012,0.0004,100.0,518.67,643.4,1597.72,1419.4,14.62,21.61,552.5,2388.2,9087.0,1.3,47.89,520.19,2388.16,8160.0,8.4885,0.03,396,2388,100.0,38.51,23.2271,30
52,184,-0.002,0.0004,100.0,518.67,642.88,1597.34,1418.47,14.62,21.61,552.02,2388.16,9082.49,1.3,47.89,520.45,2388.16,8156.61,8.4916,0.03,395,2388,100.0,38.56,22.9558,29
52,185,0.0009,0.0004,100.0,518.67,642.99,1596.16,1420.03,14.62,21.61,551.94,2388.15,9075.93,1.3,47.92,520.17,2388.2,8158.25,8.5048,0.03,394,2388,100.0,38.6,23.1838,28
52,186,0.0002,-0.0001,100.0,518.67,643.61,1601.25,1418.5,14.62,21.61,552.26,2388.21,9084.9,1.3,48.01,520.48,2388.19,8155.49,8.5045,0.03,396,2388,100.0,38.54,23.0806,27
52,187,0.0016,0.0002,100.0,518.67,643.07,1600.19,1429.4,14.62,21.61,552.75,2388.12,9086.07,1.3,47.95,520.28,2388.12,8159.02,8.5037,0.03,395,2388,100.0,38.55,23.1362,26
52,188,0.0026,-0.0001,100.0,518.67,643.12,1594.41,1422.58,14.62,21.61,552.9,2388.19,9086.99,1.3,47.98,520.52,2388.15,8159.58,8.5184,0.03,393,2388,100.0,38.57,22.9463,25
52,189,-0.001,0.0,100.0,518.67,642.77,1605.53,1414.96,14.62,21.61,551.95,2388.24,9089.2,1.3,47.95,520.29,2388.18,8160.68,8.4582,0.03,395,2388,100.0,38.44,23.1681,24
52,190,0.0047,-0.0004,100.0,518.67,643.13,1594.22,1415.87,14.62,21.61,552.07,2388.23,9089.03,1.3,48.03,520.47,2388.14,8157.73,8.5057,0.03,394,2388,100.0,38.56,23.1194,23
52,191,-0.0037,-0.0005,100.0,518.67,643.6,1595.77,1423.39,14.62,21.61,552.43,2388.16,9086.56,1.3,47.75,520.69,2388.17,8159.97,8.4942,0.03,395,2388,100.0,38.62,23.1696,22
52,192,-0.0028,-0.0001,100.0,518.67,643.56,1598.38,1419.94,14.62,21.61,551.9,2388.2,9092.3,1.3,48.0,520.39,2388.19,8157.52,8.5209,0.03,397,2388,100.0,38.49,23.1281,21
52,193,-0.0021,0.0001,100.0,518.67,643.33,1606.89,1434.14,14.62,21.61,551.59,2388.21,9096.11,1.3,47.93,520.03,2388.17,8162.13,8.4934,0.03,395,2388,100.0,38.57,23.1583,20
52,194,0.0004,-0.0003,100.0,518.67,643.2,1597.44,1416.68,14.62,21.61,551.88,2388.18,9082.86,1.3,47.95,520.22,2388.18,8163.79,8.464,0.03,396,2388,100.0,38.32,23.1389,19
52,195,0.0028,0.0001,100.0,518.67,643.62,1597.0,1416.56,14.62,21.61,552.24,2388.2,9092.25,1.3,48.12,520.36,2388.13,8158.52,8.507,0.03,395,2388,100.0,38.51,23.0456,18
52,196,-0.0003,0.0002,100.0,518.67,643.67,1598.61,1425.44,14.62,21.61,551.53,2388.17,9087.67,1.3,48.01,519.81,2388.2,8164.07,8.4925,0.03,396,2388,100.0,38.55,23.1323,17
52,197,0.0036,-0.0003,100.0,518.67,643.57,1604.82,1422.12,14.62,21.61,551.79,2388.18,9088.04,1.3,47.85,520.58,2388.17,8161.6,8.5018,0.03,396,2388,100.0,38.66,23.2464,16
52,198,0.0017,-0.0001,100.0,518.67,643.09,1601.98,1422.52,14.62,21.61,551.31,2388.16,9090.04,1.3,47.87,519.98,2388.15,8162.06,8.5216,0.03,396,2388,100.0,38.48,23.1038,15
52,199,0.0007,-0.0001,100.0,518.67,643.28,1599.03,1423.95,14.62,21.61,551.67,2388.24,9092.67,1.3,48.26,519.69,2388.21,8162.92,8.5099,0.03,395,2388,100.0,38.54,23.0906,14
52,200,-0.0013,-0.0004,100.0,518.67,643.3,1599.22,1422.66,14.62,21.61,552.35,2388.21,9092.46,1.3,47.99,519.86,2388.12,8171.62,8.5097,0.03,396,2388,100.0,38.45,23.1463,13
52,201,0.0007,-0.0,100.0,518.67,643.51,1599.52,1427.19,14.62,21.61,551.99,2388.18,9093.02,1.3,48.08,519.98,2388.23,8167.62,8.5033,0.03,396,2388,100.0,38.55,23.0678,12
52,202,-0.0035,0.0002,100.0,518.67,643.46,1596.47,1428.95,14.62,21.61,551.93,2388.18,9100.96,1.3,48.13,520.42,2388.16,8171.14,8.517,0.03,396,2388,100.0,38.5,23.1765,11
52,203,-0.0003,0.0002,100.0,518.67,644.14,1602.23,1425.7,14.62,21.61,552.16,2388.18,9096.69,1.3,48.14,520.28,2388.2,8167.06,8.5385,0.03,395,2388,100.0,38.31,23.0691,10
52,204,-0.0007,0.0001,100.0,518.67,643.41,1600.64,1422.09,14.62,21.61,552.04,2388.17,9095.83,1.3,48.17,519.79,2388.21,8164.61,8.4886,0.03,395,2388,100.0,38.5,23.1171,9
52,205,0.0029,0.0002,100.0,518.67,643.51,1598.22,1427.11,14.62,21.61,551.64,2388.2,9103.0,1.3,48.09,520.07,2388.16,8173.82,8.503,0.03,397,2388,100.0,38.38,23.0776,8
52,206,0.0017,0.0005,100.0,518.67,643.82,1595.32,1427.64,14.62,21.61,551.14,2388.19,9103.17,1.3,48.29,519.85,2388.2,8172.94,8.5414,0.03,396,2388,100.0,38.32,23.1135,7
52,207,0.0027,0.0002,100.0,518.67,643.8,1606.58,1436.86,14.62,21.61,551.45,2388.21,9100.06,1.3,48.18,520.52,2388.2,8172.4,8.5298,0.03,396,2388,100.0,38.62,23.0372,6
52,208,0.0018,0.0004,100.0,518.67,643.66,1603.87,1423.12,14.62,21.61,552.23,2388.19,9107.39,1.3,48.03,520.35,2388.17,8179.97,8.5365,0.03,396,2388,100.0,38.52,23.1414,5
52,209,-0.0004,-0.0001,100.0,518.67,643.61,1604.1,1429.91,14.62,21.61,551.25,2388.2,9107.12,1.3,48.2,519.68,2388.23,8176.82,8.5502,0.03,398,2388,100.0,38.45,22.9884,4
52,210,0.0016,-0.0004,100.0,518.67,643.45,1605.72,1427.91,14.62,21.61,551.25,2388.26,9106.14,1.3,48.05,519.87,2388.2,8179.78,8.5218,0.03,399,2388,100.0,38.33,23.0421,3
52,211,0.0019,-0.0,100.0,518.67,643.37,1606.32,1432.81,14.62,21.61,551.4,2388.22,9109.17,1.3,48.17,519.51,2388.21,8176.87,8.5256,0.03,396,2388,100.0,38.43,23.0116,2
52,212,-0.0037,-0.0002,100.0,518.67,644.29,1602.27,1421.12,14.62,21.61,551.24,2388.2,9115.67,1.3,48.2,519.92,2388.2,8177.88,8.4894,0.03,396,2388,100.0,38.41,23.1275,1
52,213,-0.0017,-0.0005,100.0,518.67,643.67,1601.99,1436.34,14.62,21.61,552.28,2388.18,9119.4,1.3,48.18,519.23,2388.21,8181.73,8.5159,0.03,397,2388,100.0,38.35,23.015,0
53,1,-0.002,-0.0003,100.0,518.67,642.33,1589.39,1407.73,14.62,21.61,554.42,2388.09,9065.54,1.3,47.47,522.14,2388.1,8146.36,8.4451,0.03,392,2388,100.0,38.91,23.2416,194
53,2,0.0026,-0.0001,100.0,518.67,642.65,1586.85,1407.05,14.62,21.61,553.99,2388.06,9064.74,1.3,47.32,522.29,2388.07,8141.85,8.4543,0.03,392,2388,100.0,38.74,23.5065,193
53,3,-0.0016,-0.0003,100.0,518.67,641.7,1583.06,1397.92,14.62,21.61,553.97,2388.0,9055.57,1.3,47.34,521.9,2388.05,8138.86,8.4192,0.03,392,2388,100.0,38.87,23.3221,192
53,4,-0.0007,0.0003,100.0,518.67,642.52,1584.19,1402.41,14.62,21.61,553.77,2388.07,9063.3,1.3,47.34,521.6,2388.06,8138.48,8.4328,0.03,392,2388,100.0,38.86,23.427,191
53,5,0.0008,-0.0003,100.0,518.67,642.41,1587.38,1400.73,14.62,21.61,553.94,2388.03,9057.34,1.3,47.43,521.75,2388.02,8138.52,8.3914,0.03,393,2388,100.0,38.92,23.3399,190
53,6,0.0001,-0.0001,100.0,518.67,642.45,1588.68,1398.73,14.62,21.61,554.03,2388.08,9053.5,1.3,47.37,521.87,2388.12,8140.44,8.4392,0.03,392,2388,100.0,39.13,23.3291,189
53,7,-0.0039,-0.0,100.0,518.67,642.76,1585.02,1400.97,14.62,21.61,553.84,2388.06,9067.56,1.3,47.31,521.68,2388.05,8142.13,8.4197,0.03,392,2388,100.0,38.93,23.4027,188
53,8,0.0008,0.0001,100.0,518.67,642.19,1586.23,1399.29,14.62,21.61,554.26,2388.09,9059.63,1.3,47.48,521.81,2388.07,8140.29,8.4079,0.03,392,2388,100.0,39.05,23.3508,187
53,9,-0.0005,-0.0,100.0,518.67,642.7,1582.96,1401.05,14.62,21.61,554.15,2388.06,9057.86,1.3,47.42,522.11,2388.04,8137.18,8.4343,0.03,392,2388,100.0,38.98,23.3708,186
53,10,-0.0007,-0.0002,100.0,518.67,642.49,1584.81,1401.99,14.62,21.61,554.14,2388.01,9067.05,1.3,47.38,522.22,2388.06,8140.04,8.4194,0.03,393,2388,100.0,38.94,23.3621,185
53,11,-0.0018,-0.0005,100.0,518.67,642.22,1583.8,1403.49,14.62,21.61,554.0,2388.02,9064.52,1.3,47.15,522.08,2388.05,8139.59,8.3929,0.03,391,2388,100.0,38.77,23.3473,184
53,12,0.0016,0.0005,100.0,518.67,641.87,1590.68,1403.76,14.62,21.61,553.73,2388.0,9062.78,1.3,47.42,522.35,2388.05,8140.31,8.4422,0.03,391,2388,100.0,39.09,23.4389,183
53,13,-0.0022,0.0004,100.0,518.67,642.17,1595.97,1407.32,14.62,21.61,553.84,2388.05,9052.96,1.3,47.38,521.92,2388.08,8140.89,8.3914,0.03,392,2388,100.0,38.85,23.4165,182
53,14,0.0036,-0.0001,100.0,518.67,642.14,1579.92,1403.23,14.62,21.61,553.46,2388.05,9056.61,1.3,47.53,522.04,2388.06,8143.19,8.4731,0.03,393,2388,100.0,39.03,23.4137,181
53,15,-0.0022,0.0004,100.0,518.67,642.56,1587.85,1401.8,14.62,21.61,554.13,2388.03,9060.89,1.3,47.18,522.4,2388.03,8140.65,8.4304,0.03,393,2388,100.0,39.19,23.3667,180
53,16,-0.0025,-0.0001,100.0,518.67,642.53,1580.18,1402.35,14.62,21.61,553.59,2388.05,9057.94,1.3,47.45,522.22,2388.06,8140.54,8.4048,0.03,392,2388,100.0,38.9,23.4223,179
53,17,0.001,0.0003,100.0,518.67,642.6,1587.78,1397.58,14.62,21.61,553.68,2388.13,9064.49,1.3,47.36,522.23,2388.04,8146.08,8.4069,0.03,394,2388,100.0,38.87,23.413,178
53,18,0.0016,0.0002,100.0,518.67,642.17,1593.15,1403.15,14.62,21.61,553.93,2388.05,9062.66,1.3,47.46,521.79,2388.07,8132.49,8.4432,0.03,393,2388,100.0,38.85,23.3182,177
53,19,0.0019,-0.0001,100.0,518.67,642.65,1583.6,1404.34,14.62,21.61,554.05,2388.07,9059.08,1.3,47.53,521.77,2388.06,8142.39,8.4088,0.03,392,2388,100.0,38.91,23.4,176
53,20,-0.0005,0.0005,100.0,518.67,642.8,1591.1,1401.42,14.62,21.61,553.37,2388.08,9060.61,1.3,47.31,522.12,2388.02,8143.12,8.4107,0.03,393,2388,100.0,39.01,23.3917,175
53,21,0.0001,0.0001,100.0,518.67,642.52,1586.83,1395.11,14.62,21.61,553.99,2388.04,9061.02,1.3,47.37,522.24,2388.08,8141.38,8.4084,0.03,393,2388,100.0,38.94,23.344,174
53,22,0.0004,-0.0001,100.0,518.67,641.9,1587.96,1403.71,14.62,21.61,553.31,2388.07,9062.64,1.3,47.45,521.76,2388.02,8140.2,8.4549,0.03,391,2388,100.0,38.96,23.2755,173
53,23,0.0023,0.0004,100.0,518.67,642.61,1585.59,1402.46,14.62,21.61,553.8,2388.05,9059.24,1.3,47.39,521.71,2388.03,8140.34,8.4261,0.03,393,2388,100.0,38.81,23.4494,172
53,24,0.001,0.0001,100.0,518.67,642.54,1590.73,1409.08,14.62,21.61,553.73,2388.08,9060.44,1.3,47.47,521.6,2388.05,8135.1,8.4626,0.03,394,2388,100.0,38.84,23.3491,171
53,25,-0.0019,-0.0003,100.0,518.67,642.74,1583.09,1408.11,14.62,21.61,553.66,2388.03,9068.35,1.3,47.39,521.76,2388.04,8143.61,8.4221,0.03,392,2388,100.0,38.96,23.2925,170
53,26,-0.0029,-0.0004,100.0,518.67,642.46,1585.87,1399.51,14.62,21.61,553.91,2388.03,9064.76,1.3,47.43,521.94,2388.04,8143.51,8.4352,0.03,392,2388,100.0,39.06,23.3651,169
53,27,0.0041,0.0001,100.0,518.67,642.45,1580.47,1404.09,14.62,21.61,553.62,2388.03,9056.23,1.3,47.51,521.86,2388.06,8141.92,8.4066,0.03,392,2388,100.0,38.92,23.3085,168
53,28,0.005,-0.0001,100.0,518.67,642.58,1590.89,1404.78,14.62,21.61,553.79,2388.12,9055.96,1.3,47.37,521.99,2388.06,8143.09,8.4273,0.03,392,2388,100.0,38.84,23.3255,167
53,29,-0.0002,-0.0003,100.0,518.67,642.09,1590.18,1406.27,14.62,21.61,554.06,2388.1,9062.46,1.3,47.52,521.81,2387.99,8136.68,8.3914,0.03,392,2388,100.0,39.01,23.3982,166
53,30,0.0026,-0.0001,100.0,518.67,642.37,1588.81,1407.05,14.62,21.61,554.48,2388.07,9061.41,1.3,47.38,522.09,2388.08,8144.91,8.4022,0.03,392,2388,100.0,38.99,23.296,165
53,31,-0.0011,-0.0002,100.0,518.67,642.24,1586.54,1401.94,14.62,21.6,553.37,2388.07,9057.65,1.3,47.38,521.68,2388.06,8136.94,8.4212,0.03,391,2388,100.0,38.96,23.3953,164
53,32,0.0012,0.0003,100.0,518.67,642.33,1587.83,1400.34,14.62,21.61,553.17,2388.07,9057.79,1.3,47.44,521.31,2387.98,8138.54,8.4097,0.03,392,2388,100.0,38.83,23.2882,163
53,33,-0.003,-0.0,100.0,518.67,642.11,1585.96,1401.5,14.62,21.61,553.59,2388.04,9063.9,1.3,47.31,521.78,2388.04,8137.23,8.4329,0.03,392,2388,100.0,38.81,23.3623,162
53,34,-0.0033,0.0002,100.0,518.67,642.65,1585.09,1409.02,14.62,21.61,554.64,2388.02,9068.72,1.3,47.36,521.12,2388.07,8143.13,8.439,0.03,392,2388,100.0,38.97,23.445,161
53,35,-0.0029,-0.0003,100.0,518.67,642.37,1584.34,1402.66,14.62,21.61,553.91,2388.04,9062.4,1.3,47.32,521.62,2388.06,8140.04,8.4361,0.03,392,2388,100.0,39.01,23.3309,160
53,36,0.0038,0.0,100.0,518.67,642.32,1592.96,1408.17,14.62,21.61,553.67,2388.08,9053.45,1.3,47.24,522.08,2388.04,8137.98,8.4265,0.03,391,2388,100.0,38.95,23.3724,159
53,37,0.0026,0.0004,100.0,518.67,642.4,1589.56,1407.75,14.62,21.61,553.64,2388.06,9063.68,1.3,47.41,521.89,2388.05,8145.79,8.4056,0.03,393,2388,100.0,38.83,23.4553,158
53,38,0.003,0.0,100.0,518.67,642.08,1592.01,1399.76,14.62,21.61,553.77,2388.07,9062.64,1.3,47.41,522.28,2388.04,8141.03,8.4077,0.03,391,2388,100.0,38.87,23.3572,157
53,39,0.0008,0.0004,100.0,518.67,642.89,1588.75,1403.05,14.62,21.61,553.67,2388.1,9059.72,1.3,47.48,522.06,2388.08,8146.96,8.3639,0.03,393,2388,100.0,38.87,23.3097,156
53,40,0.0008,-0.0001,100.0,518.67,642.32,1589.66,1403.58,14.62,21.61,554.27,2388.03,9066.58,1.3,47.55,521.56,2388.04,8136.0,8.4324,0.03,391,2388,100.0,38.89,23.3813,155
53,41,-0.0013,0.0005,100.0,518.67,642.32,1591.26,1402.52,14.62,21.61,554.48,2388.05,9054.05,1.3,47.39,521.95,2388.07,8140.15,8.4321,0.03,392,2388,100.0,38.91,23.3865,154
53,42,0.0013,0.0002,100.0,518.67,642.26,1587.45,1405.02,14.62,21.61,553.1,2388.06,9063.27,1.3,47.38,522.09,2388.06,8141.78,8.3915,0.03,391,2388,100.0,38.92,23.315,153
53,43,0.0027,0.0005,100.0,518.67,642.96,1590.48,1408.62,14.62,21.61,553.67,2388.07,9060.8,1.3,47.21,521.88,2388.07,8144.56,8.4173,0.03,393,2388,100.0,38.9,23.4905,152
53,44,-0.0027,-0.0002,100.0,518.67,643.41,1592.38,1396.65,14.62,21.61,553.89,2388.1,9062.26,1.3,47.53,521.72,2388.04,8143.21,8.4282,0.03,391,2388,100.0,38.95,23.3288,151
53,45,0.0004,0.0004,100.0,518.67,641.79,1586.09,1403.7,14.62,21.61,553.82,2388.05,9062.88,1.3,47.28,522.23,2388.03,8138.64,8.3641,0.03,391,2388,100.0,38.73,23.4475,150
53,46,0.0013,-0.0001,100.0,518.67,642.17,1585.53,1400.26,14.62,21.61,553.45,2388.06,9060.16,1.3,47.51,521.56,2388.06,8137.7,8.4349,0.03,393,2388,100.0,38.78,23.3843,149
53,47,-0.0001,-0.0,100.0,518.67,642.77,1584.68,1404.72,14.62,21.61,553.59,2388.05,9061.08,1.3,47.36,521.93,2388.08,8135.36,8.4227,0.03,392,2388,100.0,38.82,23.3819,148
53,48,0.0021,0.0003,100.0,518.67,642.36,1588.1,1402.17,14.62,21.6,554.29,2388.09,9059.12,1.3,47.3,521.89,2388.02,8143.47,8.4071,0.03,392,2388,100.0,38.93,23.3574,147
53,49,0.0025,0.0004,100.0,518.67,642.52,1589.92,1401.57,14.62,21.61,554.27,2388.12,9061.55,1.3,47.43,521.76,2388.06,8141.58,8.4436,0.03,394,2388,100.0,38.8,23.2958,146
53,50,-0.0029,-0.0002,100.0,518.67,642.3,1583.21,1400.47,14.62,21.6,554.09,2388.05,9066.75,1.3,47.37,521.66,2387.99,8142.71,8.412,0.03,391,2388,100.0,38.88,23.3694,145
53,51,-0.0014,-0.0005,100.0,518.67,642.55,1590.24,1407.33,14.62,21.61,553.97,2388.07,9063.05,1.3,47.25,521.91,2388.14,8142.94,8.4244,0.03,392,2388,100.0,39.04,23.4124,144
53,52,0.0031,-0.0002,100.0,518.67,642.41,1592.82,1399.7,14.62,21.61,553.55,2388.07,9069.62,1.3,47.46,521.69,2388.08,8139.75,8.4019,0.03,392,2388,100.0,38.93,23.2233,143
53,53,0.0062,0.0001,100.0,518.67,642.75,1598.02,1405.6,14.62,21.61,553.64,2388.07,9065.73,1.3,47.36,522.17,2388.06,8137.61,8.441,0.03,393,2388,100.0,38.82,23.3437,142
53,54,-0.0019,0.0005,100.0,518.67,642.79,1584.54,1398.43,14.62,21.61,553.58,2388.06,9062.75,1.3,47.46,522.03,2388.05,8138.16,8.4285,0.03,392,2388,100.0,38.86,23.4542,141
53,55,0.0031,0.0003,100.0,518.67,642.67,1592.11,1406.87,14.62,21.61,554.14,2388.08,9061.96,1.3,47.35,521.04,2388.08,8147.12,8.4057,0.03,392,2388,100.0,39.03,23.3498,140
53,56,-0.0028,0.0005,100.0,518.67,642.24,1592.0,1407.28,14.62,21.61,553.86,2388.07,9062.89,1.3,47.37,521.9,2388.09,8144.9,8.412,0.03,393,2388,100.0,38.72,23.3746,139
53,57,-0.0009,0.0002,100.0,518.67,641.98,1581.24,1398.28,14.62,21.61,553.59,2388.03,9066.27,1.3,47.52,522.12,2388.03,8147.9,8.3917,0.03,395,2388,100.0,38.8,23.3231,138
53,58,0.001,0.0005,100.0,518.67,642.9,1595.09,1401.57,14.62,21.61,554.2,2388.07,9067.38,1.3,47.45,521.8,2388.04,8149.0,8.4625,0.03,394,2388,100.0,38.94,23.3368,137
53,59,-0.0035,0.0002,100.0,518.67,642.57,1590.82,1402.28,14.62,21.61,554.04,2388.06,9063.4,1.3,47.51,521.69,2388.07,8141.76,8.4625,0.03,392,2388,100.0,38.96,23.3725,136
53,60,0.0006,-0.0004,100.0,518.67,642.67,1592.16,1410.95,14.62,21.61,553.52,2388.05,9062.9,1.3,47.33,521.76,2388.05,8138.47,8.4645,0.03,392,2388,100.0,38.83,23.416,135
53,61,-0.003,-0.0003,100.0,518.67,642.73,1592.11,1407.31,14.62,21.61,553.88,2388.13,9061.37,1.3,47.28,521.71,2388.09,8140.45,8.472,0.03,394,2388,100.0,38.99,23.4569,134
53,62,0.0001,0.0004,100.0,518.67,642.78,1586.26,1403.0,14.62,21.61,554.02,2388.08,9060.22,1.3,47.44,521.69,2388.05,8139.27,8.4158,0.03,393,2388,100.0,38.77,23.243,133
53,63,0.0007,0.0001,100.0,518.67,642.57,1584.07,1401.63,14.62,21.61,553.18,2388.04,9066.16,1.3,47.42,521.9,2388.1,8144.21,8.4335,0.03,394,2388,100.0,38.84,23.3984,132
53,64,0.0045,-0.0001,100.0,518.67,642.37,1583.46,1408.07,14.62,21.61,553.38,2388.07,9065.92,1.3,47.34,521.64,2388.03,8144.66,8.4185,0.03,393,2388,100.0,38.84,23.4021,131
53,65,-0.0011,0.0001,100.0,518.67,642.21,1590.83,1403.41,14.62,21.61,553.78,2388.03,9058.46,1.3,47.3,521.87,2388.0,8140.95,8.4264,0.03,393,2388,100.0,38.98,23.2507,130
53,66,0.0024,-0.0002,100.0,518.67,642.7,1589.4,1403.22,14.62,21.61,554.05,2388.08,9062.89,1.3,47.34,521.66,2388.12,8136.21,8.4331,0.03,392,2388,100.0,38.79,23.275,129
53,67,-0.0043,-0.0002,100.0,518.67,642.99,1590.4,1405.79,14.62,21.61,554.06,2388.07,9063.3,1.3,47.43,521.98,2388.03,8147.6,8.436,0.03,392,2388,100.0,38.65,23.3821,128
53,68,0.0025,0.0005,100.0,518.67,642.52,1587.8,1398.04,14.62,21.61,554.47,2388.06,9064.4,1.3,47.35,521.31,2388.0,8140.67,8.4144,0.03,392,2388,100.0,38.93,23.3725,127
53,69,-0.0028,0.0004,100.0,518.67,642.68,1590.93,1400.3,14.62,21.61,553.84,2388.04,9065.83,1.3,47.36,521.57,2388.05,8142.0,8.4616,0.03,392,2388,100.0,38.74,23.2457,126
53,70,-0.0002,0.0005,100.0,518.67,642.78,1588.58,1407.24,14.62,21.61,553.88,2388.09,9071.85,1.3,47.59,522.02,2388.07,8142.5,8.4181,0.03,392,2388,100.0,38.82,23.3538,125
53,71,-0.0002,-0.0003,100.0,518.67,642.69,1589.16,1404.61,14.62,21.61,553.29,2388.07,9058.07,1.3,47.44,521.77,2388.08,8139.74,8.4565,0.03,392,2388,100.0,38.88,23.1929,124
53,72,-0.0022,-0.0002,100.0,518.67,642.54,1598.75,1401.51,14.62,21.61,554.12,2388.1,9057.56,1.3,47.46,521.81,2388.11,8143.3,8.4469,0.03,391,2388,100.0,38.88,23.1876,123
53,73,-0.0011,0.0001,100.0,518.67,642.49,1588.8,1412.01,14.62,21.61,554.08,2388.08,9066.95,1.3,47.64,521.33,2388.09,8145.13,8.3923,0.03,392,2388,100.0,38.79,23.3735,122
53,74,0.0031,-0.0004,100.0,518.67,642.56,1590.85,1409.58,14.62,21.61,553.82,2388.08,9070.88,1.3,47.29,521.69,2388.09,8149.19,8.458,0.03,393,2388,100.0,38.81,23.3089,121
53,75,-0.0045,0.0004,100.0,518.67,642.35,1585.98,1407.58,14.62,21.61,554.04,2388.11,9065.16,1.3,47.38,522.0,2388.0,8143.67,8.4079,0.03,394,2388,100.0,38.93,23.35,120
53,76,0.0047,-0.0,100.0,518.67,642.87,1586.4,1408.82,14.62,21.61,554.35,2388.07,9069.67,1.3,47.56,521.43,2388.06,8150.36,8.4113,0.03,393,2388,100.0,38.89,23.3097,119
53,77,0.0014,-0.0004,100.0,518.67,642.18,1588.19,1401.85,14.62,21.61,553.23,2388.09,9068.67,1.3,47.63,521.84,2388.1,8147.11,8.4027,0.03,393,2388,100.0,38.94,23.2504,118
53,78,0.0018,0.0004,100.0,518.67,642.59,1589.05,1413.18,14.62,21.61,553.8,2388.07,9063.57,1.3,47.45,522.03,2388.1,8145.26,8.4628,0.03,394,2388,100.0,39.16,23.3414,117
53,79,0.0008,-0.0002,100.0,518.67,642.38,1585.03,1396.14,14.62,21.61,554.34,2388.08,9057.31,1.3,47.48,522.02,2388.11,8144.83,8.4227,0.03,393,2388,100.0,39.07,23.3337,116
53,80,-0.0009,-0.0001,100.0,518.67,642.53,1584.9,1410.08,14.62,21.61,554.2,2388.09,9069.25,1.3,47.29,521.74,2388.09,8142.49,8.4569,0.03,393,2388,100.0,38.81,23.2529,115
53,81,-0.0033,-0.0001,100.0,518.67,642.29,1592.86,1409.75,14.62,21.61,553.93,2388.02,9061.7,1.3,47.44,521.6,2388.05,8142.92,8.4018,0.03,393,2388,100.0,38.9,23.279,114
53,82,-0.0013,-0.0003,100.0,518.67,642.8,1591.78,1406.89,14.62,21.61,554.18,2388.03,9068.23,1.3,47.4,521.78,2388.03,8149.46,8.4268,0.03,393,2388,100.0,38.99,23.4044,113
53,83,0.0002,-0.0001,100.0,518.67,642.73,1592.55,1399.88,14.62,21.61,553.24,2388.06,9065.47,1.3,47.25,522.23,2388.06,8153.05,8.4199,0.03,394,2388,100.0,38.84,23.3033,112
53,84,-0.0023,0.0005,100.0,518.67,642.98,1588.77,1409.45,14.62,21.61,553.11,2388.02,9067.82,1.3,47.45,521.89,2388.12,8144.09,8.4078,0.03,392,2388,100.0,38.95,23.325,111
53,85,0.0018,0.0003,100.0,518.67,642.59,1586.46,1413.3,14.62,21.61,553.43,2388.05,9062.93,1.3,47.37,521.67,2388.04,8150.38,8.4336,0.03,391,2388,100.0,38.83,23.3325,110
53,86,0.0022,0.0005,100.0,518.67,642.35,1584.41,1408.09,14.62,21.61,553.51,2388.04,9070.27,1.3,47.52,521.27,2388.03,8149.05,8.4298,0.03,395,2388,100.0,39.13,23.2688,109
53,87,0.0021,0.0002,100.0,518.67,642.84,1589.9,1411.09,14.62,21.61,553.4,2388.07,9065.4,1.3,47.46,521.79,2388.0,8148.31,8.3996,0.03,392,2388,100.0,38.89,23.3316,108
53,88,0.0,-0.0004,100.0,518.67,642.19,1592.5,1401.32,14.62,21.61,553.67,2388.07,9076.8,1.3,47.59,521.39,2388.05,8147.16,8.5004,0.03,392,2388,100.0,38.79,23.3815,107
53,89,-0.0,0.0001,100.0,518.67,642.32,1592.64,1407.6,14.62,21.61,553.54,2388.06,9067.25,1.3,47.47,521.9,2388.08,8143.85,8.4202,0.03,393,2388,100.0,39.1,23.23,106
53,90,0.0019,-0.0003,100.0,518.67,642.4,1589.2,1409.87,14.62,21.61,553.17,2388.05,9071.08,1.3,47.41,521.23,2388.09,8151.47,8.4204,0.03,392,2388,100.0,38.78,23.3978,105
53,91,0.0014,-0.0002,100.0,518.67,642.35,1587.43,1405.58,14.62,21.61,553.86,2388.06,9065.47,1.3,47.47,521.51,2388.1,8143.19,8.391,0.03,393,2388,100.0,38.93,23.3352,104
53,92,0.0009,0.0003,100.0,518.67,642.46,1591.63,1411.44,14.62,21.61,553.26,2388.06,9067.24,1.3,47.39,521.7,2387.97,8150.5,8.4551,0.03,393,2388,100.0,38.8,23.2247,103
53,93,0.002,0.0004,100.0,518.67,642.96,1585.07,1404.6,14.62,21.61,553.58,2388.06,9072.8,1.3,47.58,521.97,2388.09,8152.12,8.4191,0.03,392,2388,100.0,38.94,23.3221,102
53,94,-0.0015,0.0,100.0,518.67,642.68,1586.29,1407.85,14.62,21.61,553.53,2388.06,9065.33,1.3,47.52,521.74,2388.07,8148.43,8.4271,0.03,392,2388,100.0,38.95,23.3118,101
53,95,0.0021,-0.0001,100.0,518.67,642.6,1587.04,1412.84,14.62,21.61,553.75,2388.09,9063.48,1.3,47.48,521.33,2388.05,8149.22,8.4319,0.03,393,2388,100.0,38.93,23.2607,100
53,96,0.0032,0.0005,100.0,518.67,642.29,1596.43,1408.94,14.62,21.61,552.74,2388.08,9067.48,1.3,47.23,521.07,2388.04,8152.09,8.4288,0.03,394,2388,100.0,38.85,23.3818,99
53,97,0.0004,0.0005,100.0,518.67,642.35,1581.37,1407.11,14.62,21.61,553.57,2388.12,9061.19,1.3,47.52,522.0,2388.0,8147.66,8.4206,0.03,392,2388,100.0,38.84,23.4626,98
53,98,0.0034,0.0,100.0,518.67,642.4,1587.2,1410.02,14.62,21.61,553.52,2388.06,9065.54,1.3,47.69,522.19,2388.11,8148.81,8.4192,0.03,393,2388,100.0,38.87,23.2445,97
53,99,-0.0013,-0.0004,100.0,518.67,642.77,1588.04,1417.45,14.62,21.61,553.14,2388.0,9068.82,1.3,47.55,521.68,2388.04,8150.14,8.4157,0.03,393,2388,100.0,38.99,23.2926,96
53,100,-0.0003,0.0,100.0,518.67,642.39,1588.38,1407.06,14.62,21.61,553.51,2388.11,9066.92,1.3,47.53,521.66,2388.06,8146.72,8.4548,0.03,393,2388,100.0,38.93,23.3007,95
53,101,0.0005,-0.0003,100.0,518.67,642.28,1588.93,1399.99,14.62,21.61,554.28,2388.07,9071.11,1.3,47.57,521.28,2388.07,8146.9,8.3977,0.03,394,2388,100.0,38.97,23.253,94
53,102,0.0029,-0.0003,100.0,518.67,642.77,1587.02,1406.42,14.62,21.61,553.68,2388.08,9066.58,1.3,47.48,521.81,2388.1,8146.76,8.4507,0.03,393,2388,100.0,38.88,23.3409,93
53,103,-0.0053,0.0003,100.0,518.67,642.62,1593.98,1408.39,14.62,21.61,553.5,2388.1,9070.21,1.3,47.46,521.83,2388.11,8145.96,8.3917,0.03,391,2388,100.0,38.99,23.1898,92
53,104,-0.0043,-0.0004,100.0,518.67,643.12,1592.45,1401.44,14.62,21.61,554.0,2388.07,9075.11,1.3,47.64,521.8,2388.1,8144.38,8.4157,0.03,393,2388,100.0,38.86,23.3243,91
53,105,-0.0011,0.0005,100.0,518.67,642.88,1587.68,1400.56,14.62,21.61,553.47,2388.07,9070.05,1.3,47.31,521.43,2388.06,8148.67,8.459,0.03,393,2388,100.0,38.81,23.3184,90
53,106,-0.0009,-0.0003,100.0,518.67,642.49,1590.96,1406.04,14.62,21.61,553.72,2388.05,9078.13,1.3,47.49,521.39,2388.04,8151.4,8.4405,0.03,391,2388,100.0,38.86,23.2772,89
53,107,-0.0023,-0.0002,100.0,518.67,642.53,1588.82,1410.21,14.62,21.61,553.64,2388.03,9072.53,1.3,47.47,521.46,2388.06,8147.23,8.4138,0.03,393,2388,100.0,38.83,23.3709,88
53,108,0.0029,0.0005,100.0,518.67,642.79,1592.31,1409.01,14.62,21.61,552.49,2388.09,9069.27,1.3,47.49,521.53,2388.1,8145.98,8.4583,0.03,394,2388,100.0,38.92,23.3406,87
53,109,0.0017,0.0004,100.0,518.67,642.13,1590.81,1404.35,14.62,21.61,553.15,2388.08,9066.38,1.3,47.49,521.74,2388.08,8147.23,8.4188,0.03,394,2388,100.0,38.73,23.2951,86
53,110,0.0012,-0.0002,100.0,518.67,642.55,1585.66,1406.5,14.62,21.61,553.84,2388.09,9070.08,1.3,47.33,521.51,2388.06,8158.06,8.4478,0.03,393,2388,100.0,38.98,23.1763,85
53,111,-0.003,-0.0004,100.0,518.67,642.57,1589.76,1405.52,14.62,21.61,553.74,2388.12,9072.87,1.3,47.39,521.95,2388.09,8149.77,8.4192,0.03,393,2388,100.0,38.83,23.2521,84
53,112,-0.0013,0.0001,100.0,518.67,642.91,1591.62,1406.86,14.62,21.61,552.84,2388.05,9076.78,1.3,47.38,521.41,2388.02,8155.85,8.4034,0.03,393,2388,100.0,38.99,23.2997,83
53,113,0.0001,-0.0,100.0,518.67,642.7,1585.47,1411.99,14.62,21.61,553.64,2388.08,9072.59,1.3,47.43,521.64,2388.07,8153.86,8.4713,0.03,393,2388,100.0,38.75,23.2904,82
53,114,-0.0034,0.0004,100.0,518.67,642.56,1593.36,1412.76,14.62,21.61,552.38,2388.05,9075.28,1.3,47.55,520.99,2388.04,8154.24,8.4525,0.03,393,2388,100.0,38.79,23.3224,81
53,115,-0.0015,0.0002,100.0,518.67,642.55,1589.46,1410.6,14.62,21.61,553.3,2388.08,9075.88,1.3,47.34,521.58,2388.04,8155.76,8.4131,0.03,393,2388,100.0,38.81,23.3737,80
53,116,0.0001,0.0001,100.0,518.67,642.41,1588.68,1403.62,14.62,21.61,553.62,2388.05,9069.22,1.3,47.65,521.79,2388.11,8154.2,8.4153,0.03,393,2388,100.0,38.91,23.2399,79
53,117,0.0008,0.0002,100.0,518.67,642.7,1593.44,1410.49,14.62,21.61,552.6,2388.07,9073.54,1.3,47.36,521.71,2388.07,8151.63,8.4107,0.03,392,2388,100.0,38.69,23.2592,78
53,118,-0.0003,-0.0002,100.0,518.67,642.6,1590.73,1403.49,14.62,21.61,553.4,2388.04,9074.92,1.3,47.54,521.66,2388.07,8155.87,8.4134,0.03,391,2388,100.0,39.02,23.3121,77
53,119,-0.0003,-0.0002,100.0,518.67,642.81,1595.17,1406.6,14.62,21.61,553.1,2388.06,9069.11,1.3,47.58,521.44,2388.06,8155.2,8.4458,0.03,392,2388,100.0,38.85,23.3565,76
53,120,0.0008,-0.0002,100.0,518.67,642.4,1592.45,1406.24,14.62,21.61,553.56,2388.0,9068.8,1.3,47.39,521.51,2388.04,8153.4,8.4466,0.03,393,2388,100.0,38.8,23.2436,75
53,121,0.0057,-0.0003,100.0,518.67,642.69,1591.1,1408.57,14.62,21.61,553.35,2388.04,9075.71,1.3,47.58,521.25,2388.02,8155.27,8.4587,0.03,395,2388,100.0,38.79,23.2405,74
53,122,-0.002,0.0003,100.0,518.67,642.89,1585.09,1407.02,14.62,21.61,552.87,2388.04,9078.9,1.3,47.59,521.75,2388.09,8148.82,8.4502,0.03,393,2388,100.0,38.92,23.3892,73
53,123,-0.0002,-0.0002,100.0,518.67,643.32,1595.18,1412.45,14.62,21.61,554.14,2388.09,9079.42,1.3,47.51,521.25,2388.1,8157.87,8.4609,0.03,394,2388,100.0,38.69,23.2218,72
53,124,0.0011,0.0003,100.0,518.67,642.86,1591.25,1410.38,14.62,21.61,552.72,2388.12,9082.77,1.3,47.57,521.64,2388.06,8155.79,8.4602,0.03,395,2388,100.0,38.88,23.2964,71
53,125,0.0024,0.0002,100.0,518.67,643.2,1587.13,1415.68,14.62,21.61,553.6,2388.09,9079.41,1.3,47.35,521.06,2388.11,8153.55,8.4423,0.03,393,2388,100.0,38.79,23.312,70
53,126,-0.0011,0.0002,100.0,518.67,642.76,1585.75,1409.78,14.62,21.61,553.34,2388.06,9081.75,1.3,47.57,521.44,2388.07,8158.78,8.4327,0.03,393,2388,100.0,38.85,23.3083,69
53,127,0.0009,-0.0001,100.0,518.67,642.51,1590.28,1409.54,14.62,21.61,553.08,2388.1,9077.69,1.3,47.67,521.57,2388.06,8156.72,8.4371,0.03,393,2388,100.0,38.87,23.2946,68
53,128,0.0011,0.0002,100.0,518.67,642.5,1586.28,1410.81,14.62,21.61,553.15,2388.07,9083.56,1.3,47.55,521.44,2388.07,8160.03,8.4094,0.03,394,2388,100.0,38.88,23.294,67
53,129,-0.003,-0.0005,100.0,518.67,642.6,1586.63,1414.36,14.62,21.61,553.01,2388.05,9081.36,1.3,47.56,521.1,2388.13,8156.7,8.4155,0.03,393,2388,100.0,38.91,23.268,66
53,130,0.0012,-0.0003,100.0,518.67,642.98,1594.42,1404.66,14.62,21.61,553.51,2388.09,9078.63,1.3,47.5,521.68,2388.11,8154.28,8.4407,0.03,392,2388,100.0,38.68,23.198,65
53,131,-0.001,0.0004,100.0,518.67,642.17,1591.61,1415.54,14.62,21.61,553.89,2388.11,9084.85,1.3,47.77,521.82,2388.06,8158.51,8.4328,0.03,393,2388,100.0,38.95,23.2396,64
53,132,0.0032,-0.0001,100.0,518.67,642.64,1583.62,1411.1,14.62,21.61,553.15,2388.08,9078.33,1.3,47.5,521.06,2388.14,8158.36,8.4735,0.03,394,2388,100.0,38.76,23.2222,63
53,133,0.0023,-0.0003,100.0,518.67,642.47,1592.05,1417.37,14.62,21.61,553.32,2388.07,9075.86,1.3,47.52,521.56,2388.12,8156.08,8.4613,0.03,392,2388,100.0,38.75,23.3671,62
53,134,-0.0011,0.0002,100.0,518.67,643.11,1595.75,1407.34,14.62,21.61,553.13,2388.11,9083.86,1.3,47.77,522.08,2388.05,8153.67,8.4873,0.03,394,2388,100.0,38.8,23.2528,61
53,135,-0.0007,-0.0001,100.0,518.67,643.1,1596.3,1409.4,14.62,21.61,553.59,2388.1,9088.85,1.3,47.43,521.71,2388.08,8160.52,8.4147,0.03,393,2388,100.0,38.99,23.23,60
53,136,0.0046,0.0003,100.0,518.67,642.49,1594.19,1410.97,14.62,21.61,553.3,2388.06,9080.13,1.3,47.65,521.28,2388.06,8159.2,8.4819,0.03,394,2388,100.0,38.71,23.161,59
53,137,0.0002,0.0,100.0,518.67,642.87,1586.57,1405.96,14.62,21.61,553.64,2388.09,9087.19,1.3,47.53,520.99,2388.08,8159.51,8.4515,0.03,393,2388,100.0,38.79,23.2403,58
53,138,0.0018,-0.0004,100.0,518.67,642.6,1586.84,1409.79,14.62,21.61,552.87,2388.09,9086.31,1.3,47.62,521.77,2388.08,8162.37,8.4296,0.03,392,2388,100.0,38.73,23.3491,57
53,139,0.0,-0.0003,100.0,518.67,642.53,1589.31,1417.68,14.62,21.61,554.2,2388.04,9083.32,1.3,47.67,521.34,2388.07,8159.45,8.4686,0.03,393,2388,100.0,38.79,23.3027,56
53,140,-0.0006,-0.0003,100.0,518.67,642.91,1597.66,1412.49,14.62,21.61,553.33,2388.11,9090.76,1.3,47.47,521.63,2388.09,8161.37,8.4275,0.03,393,2388,100.0,38.77,23.1791,55
53,141,0.0022,0.0001,100.0,518.67,642.93,1589.98,1407.86,14.62,21.61,553.31,2388.06,9086.53,1.3,47.71,521.69,2388.05,8159.45,8.4758,0.03,393,2388,100.0,38.7,23.1342,54
53,142,-0.0009,0.0002,100.0,518.67,642.6,1588.17,1413.43,14.62,21.61,553.24,2388.11,9091.36,1.3,47.56,520.79,2388.07,8161.56,8.4894,0.03,394,2388,100.0,38.48,23.2616,53
53,143,-0.0021,-0.0002,100.0,518.67,642.91,1599.75,1413.82,14.62,21.61,553.25,2388.07,9093.35,1.3,47.75,521.69,2388.06,8170.46,8.4341,0.03,393,2388,100.0,38.65,23.2325,52
53,144,0.0001,-0.0,100.0,518.67,641.99,1593.98,1410.25,14.62,21.61,552.77,2388.06,9086.84,1.3,47.56,521.35,2388.04,8163.04,8.4509,0.03,393,2388,100.0,38.91,23.2183,51
53,145,0.0026,-0.0002,100.0,518.67,642.41,1593.01,1413.8,14.62,21.61,552.75,2388.09,9093.91,1.3,47.61,521.4,2388.07,8164.61,8.4206,0.03,394,2388,100.0,38.85,23.3119,50
53,146,0.002,-0.0003,100.0,518.67,643.13,1595.32,1410.04,14.62,21.61,553.11,2388.1,9083.69,1.3,47.66,521.01,2388.12,8163.57,8.474,0.03,393,2388,100.0,38.77,23.3,49
53,147,0.0017,-0.0002,100.0,518.67,642.92,1583.95,1409.47,14.62,21.61,553.36,2388.09,9093.05,1.3,47.54,521.71,2388.06,8165.27,8.4745,0.03,394,2388,100.0,38.93,23.2549,48
53,148,-0.0011,-0.0001,100.0,518.67,642.84,1598.57,1410.03,14.62,21.61,552.84,2388.12,9089.86,1.3,47.73,520.54,2388.04,8165.48,8.4451,0.03,393,2388,100.0,38.65,23.2892,47
53,149,0.0036,0.0002,100.0,518.67,642.69,1599.77,1412.64,14.62,21.61,552.79,2388.11,9093.92,1.3,47.62,521.31,2388.06,8168.73,8.401,0.03,394,2388,100.0,38.8,23.1392,46
53,150,-0.001,0.0005,100.0,518.67,643.31,1588.61,1409.39,14.62,21.61,552.84,2388.11,9097.18,1.3,47.63,521.06,2388.09,8167.64,8.4693,0.03,393,2388,100.0,38.78,23.3048,45
53,151,0.0024,0.0001,100.0,518.67,643.02,1595.37,1421.22,14.62,21.61,552.86,2388.07,9090.85,1.3,47.74,521.06,2388.14,8163.82,8.45,0.03,393,2388,100.0,38.53,23.2231,44
53,152,0.0042,0.0004,100.0,518.67,642.57,1589.71,1415.53,14.62,21.61,552.68,2388.11,9086.22,1.3,47.57,521.1,2388.09,8171.37,8.4468,0.03,393,2388,100.0,38.68,23.2918,43
53,153,-0.0004,0.0005,100.0,518.67,643.04,1594.75,1413.13,14.62,21.61,552.62,2388.08,9091.91,1.3,47.74,522.05,2388.08,8171.02,8.4508,0.03,393,2388,100.0,38.6,23.1493,42
53,154,-0.0022,0.0002,100.0,518.67,643.03,1596.1,1407.29,14.62,21.61,552.74,2388.07,9091.55,1.3,47.68,520.83,2388.12,8169.63,8.4744,0.03,395,2388,100.0,38.75,23.2005,41
53,155,0.0015,0.0002,100.0,518.67,643.16,1591.2,1418.16,14.62,21.61,552.75,2388.06,9098.02,1.3,47.44,520.72,2388.07,8171.53,8.4991,0.03,394,2388,100.0,38.76,23.2799,40
53,156,0.0036,-0.0002,100.0,518.67,642.9,1590.62,1410.85,14.62,21.61,552.48,2388.13,9097.5,1.3,47.88,520.9,2388.08,8172.93,8.4536,0.03,394,2388,100.0,38.77,23.1978,39
53,157,-0.0002,0.0005,100.0,518.67,643.36,1597.67,1401.54,14.62,21.61,553.55,2388.1,9089.41,1.3,47.63,520.21,2388.1,8175.54,8.4476,0.03,396,2388,100.0,38.71,23.2513,38
53,158,-0.0,-0.0005,100.0,518.67,642.61,1586.39,1414.7,14.62,21.61,552.85,2388.05,9099.79,1.3,47.65,520.6,2388.09,8173.42,8.4535,0.03,393,2388,100.0,38.69,23.2686,37
53,159,0.0003,-0.0002,100.0,518.67,642.95,1593.91,1414.58,14.62,21.61,553.08,2388.09,9105.79,1.3,47.58,521.51,2388.13,8179.85,8.4829,0.03,393,2388,100.0,38.76,23.2241,36
53,160,-0.0003,-0.0004,100.0,518.67,642.56,1592.66,1413.14,14.62,21.61,552.25,2388.1,9103.42,1.3,47.75,521.25,2388.12,8179.69,8.4946,0.03,393,2388,100.0,38.71,23.204,35
53,161,-0.0056,0.0003,100.0,518.67,643.05,1596.4,1415.9,14.62,21.61,552.91,2388.06,9102.95,1.3,47.82,521.05,2388.15,8177.53,8.444,0.03,394,2388,100.0,38.78,23.1837,34
53,162,-0.0003,0.0002,100.0,518.67,643.39,1589.57,1411.69,14.62,21.61,553.13,2388.11,9103.74,1.3,47.74,520.8,2388.09,8175.49,8.4763,0.03,395,2388,100.0,38.52,23.2697,33
53,163,0.0015,0.0005,100.0,518.67,643.46,1593.89,1418.94,14.62,21.61,552.48,2388.07,9101.01,1.3,47.81,521.09,2388.1,8179.62,8.4404,0.03,395,2388,100.0,38.65,23.2333,32
53,164,-0.0005,0.0002,100.0,518.67,643.3,1593.14,1423.34,14.62,21.61,552.51,2388.16,9110.95,1.3,47.7,520.36,2388.09,8176.77,8.4589,0.03,396,2388,100.0,38.68,23.1825,31
53,165,-0.004,0.0002,100.0,518.67,643.23,1593.42,1414.19,14.62,21.61,553.31,2388.11,9104.81,1.3,47.77,520.64,2388.07,8182.32,8.4545,0.03,394,2388,100.0,38.78,23.2019,30
53,166,0.0026,-0.0001,100.0,518.67,643.12,1597.62,1412.26,14.62,21.61,552.6,2388.08,9109.47,1.3,47.79,521.4,2388.1,8187.41,8.4667,0.03,395,2388,100.0,38.72,23.1563,29
53,167,0.0024,-0.0003,100.0,518.67,643.1,1595.83,1422.17,14.62,21.61,553.34,2388.12,9109.39,1.3,47.78,520.73,2388.09,8182.89,8.4432,0.03,393,2388,100.0,38.6,23.1481,28
53,168,0.0046,-0.0004,100.0,518.67,643.08,1600.46,1420.62,14.62,21.61,552.27,2388.12,9108.1,1.3,47.78,521.01,2388.08,8187.38,8.4817,0.03,395,2388,100.0,38.63,23.2471,27
53,169,-0.0017,-0.0003,100.0,518.67,643.73,1599.73,1419.9,14.62,21.61,553.06,2388.13,9116.28,1.3,47.91,520.83,2388.15,8182.88,8.4903,0.03,393,2388,100.0,38.49,23.1867,26
53,170,-0.0006,-0.0005,100.0,518.67,643.02,1595.92,1421.87,14.62,21.61,552.85,2388.07,9121.53,1.3,47.73,520.26,2388.1,8188.71,8.4953,0.03,395,2388,100.0,38.61,23.1807,25
53,171,0.0003,0.0003,100.0,518.67,643.07,1595.05,1416.71,14.62,21.61,552.66,2388.07,9122.08,1.3,47.58,520.64,2388.14,8194.64,8.4955,0.03,396,2388,100.0,38.73,23.2634,24
53,172,-0.0009,0.0,100.0,518.67,643.21,1591.8,1417.09,14.62,21.61,551.85,2388.11,9123.32,1.3,47.76,520.46,2388.11,8188.56,8.4701,0.03,396,2388,100.0,38.64,23.1709,23
53,173,0.0003,-0.0003,100.0,518.67,643.39,1601.08,1407.21,14.62,21.61,552.44,2388.11,9123.17,1.3,47.79,520.69,2388.09,8194.65,8.4973,0.03,395,2388,100.0,38.64,23.1678,22
53,174,0.0021,-0.0002,100.0,518.67,643.13,1601.25,1422.38,14.62,21.61,552.76,2388.05,9132.53,1.3,47.88,520.98,2388.09,8197.43,8.486,0.03,393,2388,100.0,38.68,23.0817,21
53,175,-0.0006,0.0002,100.0,518.67,643.21,1596.61,1416.79,14.62,21.61,552.86,2388.05,9133.02,1.3,47.91,521.05,2388.12,8198.99,8.4566,0.03,395,2388,100.0,38.62,23.1741,20
53,176,0.0027,-0.0002,100.0,518.67,643.06,1594.02,1416.65,14.62,21.61,552.88,2388.11,9122.2,1.3,47.78,520.36,2388.07,8191.37,8.4736,0.03,395,2388,100.0,38.62,23.2057,19
53,177,0.0059,0.0001,100.0,518.67,643.37,1597.61,1415.09,14.62,21.61,552.66,2388.15,9128.58,1.3,47.96,520.46,2388.13,8190.16,8.5108,0.03,394,2388,100.0,38.78,23.2846,18
53,178,-0.0014,-0.0004,100.0,518.67,642.68,1596.45,1423.78,14.62,21.61,552.5,2388.12,9129.45,1.3,47.96,521.11,2388.1,8200.12,8.463,0.03,395,2388,100.0,38.59,23.1172,17
53,179,-0.0002,-0.0002,100.0,518.67,642.87,1596.82,1421.71,14.62,21.61,552.73,2388.1,9131.95,1.3,47.87,520.56,2388.1,8201.98,8.4766,0.03,396,2388,100.0,38.59,23.1856,16
53,180,-0.0028,-0.0005,100.0,518.67,643.2,1599.77,1414.61,14.62,21.61,552.39,2388.12,9139.6,1.3,47.94,520.24,2388.15,8199.27,8.4671,0.03,396,2388,100.0,38.64,23.1846,15
53,181,-0.0047,0.0003,100.0,518.67,643.19,1598.61,1424.12,14.62,21.61,551.97,2388.1,9138.15,1.3,47.91,520.25,2388.14,8207.27,8.5073,0.03,395,2388,100.0,38.5,23.1596,14
53,182,0.0006,0.0002,100.0,518.67,643.28,1596.58,1424.75,14.62,21.61,552.16,2388.1,9140.96,1.3,47.9,520.5,2388.19,8196.21,8.4917,0.03,394,2388,100.0,38.61,23.1815,13
53,183,-0.0019,0.0003,100.0,518.67,643.33,1597.62,1428.43,14.62,21.61,552.58,2388.15,9143.52,1.3,48.09,520.42,2388.07,8207.03,8.5008,0.03,397,2388,100.0,38.64,23.1111,12
53,184,0.0028,-0.0002,100.0,518.67,643.98,1598.65,1425.08,14.62,21.61,552.12,2388.13,9138.55,1.3,48.04,520.05,2388.15,8209.84,8.4819,0.03,395,2388,100.0,38.51,23.1913,11
53,185,0.003,0.0005,100.0,518.67,643.44,1600.4,1420.29,14.62,21.61,552.4,2388.16,9142.03,1.3,47.84,520.41,2388.13,8213.24,8.4906,0.03,396,2388,100.0,38.61,23.1144,10
53,186,-0.0026,-0.0,100.0,518.67,643.76,1603.49,1421.44,14.62,21.61,552.26,2388.16,9148.96,1.3,48.02,520.4,2388.15,8213.21,8.4877,0.03,397,2388,100.0,38.6,23.0892,9
53,187,-0.0005,-0.0002,100.0,518.67,643.7,1600.45,1426.43,14.62,21.61,552.03,2388.16,9147.04,1.3,48.05,520.72,2388.16,8214.98,8.5172,0.03,395,2388,100.0,38.54,23.1469,8
53,188,-0.0014,0.0,100.0,518.67,643.43,1605.95,1419.71,14.62,21.61,551.93,2388.16,9148.21,1.3,47.97,520.59,2388.14,8218.62,8.4865,0.03,398,2388,100.0,38.47,23.1633,7
53,189,0.0016,-0.0005,100.0,518.67,644.12,1602.6,1429.04,14.62,21.61,551.78,2388.15,9150.57,1.3,48.09,520.21,2388.17,8220.41,8.5371,0.03,397,2388,100.0,38.29,23.1289,6
53,190,0.0021,-0.0002,100.0,518.67,643.94,1599.71,1421.84,14.62,21.61,552.22,2388.15,9151.86,1.3,48.02,520.16,2388.13,8222.04,8.5174,0.03,397,2388,100.0,38.45,23.0076,5
53,191,-0.0016,0.0003,100.0,518.67,644.16,1608.16,1424.87,14.62,21.61,551.84,2388.13,9160.31,1.3,48.02,519.99,2388.13,8228.95,8.5085,0.03,398,2388,100.0,38.56,23.1925,4
53,192,-0.0026,0.0004,100.0,518.67,643.24,1607.08,1429.98,14.62,21.61,551.39,2388.19,9159.26,1.3,48.15,519.8,2388.2,8225.39,8.5009,0.03,397,2388,100.0,38.44,23.1553,3
53,193,-0.0002,0.0002,100.0,518.67,643.48,1605.99,1431.6,14.62,21.61,552.04,2388.2,9163.48,1.3,48.07,520.61,2388.2,8230.55,8.5836,0.03,397,2388,100.0,38.25,23.0927,2
53,194,-0.0023,-0.0003,100.0,518.67,643.97,1605.24,1429.29,14.62,21.61,552.28,2388.18,9167.7,1.3,48.15,520.5,2388.12,8234.23,8.5116,0.03,396,2388,100.0,38.36,23.0233,1
53,195,-0.0001,-0.0004,100.0,518.67,644.18,1612.63,1423.19,14.62,21.61,552.53,2388.14,9162.47,1.3,48.18,519.68,2388.17,8230.96,8.5196,0.03,396,2388,100.0,38.32,23.0419,0
54,1,0.0015,-0.0,100.0,518.67,642.55,1582.13,1395.54,14.62,21.61,554.37,2388.02,9056.97,1.3,47.16,521.64,2388.05,8139.33,8.39,0.03,390,2388,100.0,39.16,23.3164,256
54,2,0.0018,0.0001,100.0,518.67,642.43,1585.29,1399.09,14.62,21.61,553.95,2388.07,9069.85,1.3,47.23,522.25,2387.95,8145.65,8.3852,0.03,392,2388,100.0,39.2,23.3992,255
54,3,-0.0043,-0.0004,100.0,518.67,642.05,1578.18,1406.34,14.62,21.61,554.45,2388.01,9070.61,1.3,47.15,522.65,2388.05,8145.7,8.4075,0.03,391,2388,100.0,38.94,23.4346,254
54,4,-0.0005,-0.0003,100.0,518.67,642.33,1582.9,1395.75,14.62,21.61,554.43,2388.02,9062.2,1.3,47.15,522.27,2388.02,8142.2,8.4278,0.03,392,2388,100.0,39.08,23.4222,253
54,5,-0.0036,-0.0001,100.0,518.67,641.6,1580.9,1396.71,14.62,21.61,555.07,2387.96,9068.9,1.3,47.23,522.64,2388.03,8145.19,8.4028,0.03,391,2388,100.0,38.75,23.4799,252
54,6,0.0015,-0.0005,100.0,518.67,641.79,1586.12,1402.14,14.62,21.6,554.68,2388.0,9060.9,1.3,47.11,522.26,2387.99,8142.64,8.4175,0.03,392,2388,100.0,38.98,23.3702,251
54,7,-0.0,-0.0,100.0,518.67,642.24,1581.51,1399.72,14.62,21.61,554.26,2387.99,9059.89,1.3,47.24,522.13,2387.97,8141.67,8.4285,0.03,392,2388,100.0,39.11,23.4091,250
54,8,-0.0019,0.0002,100.0,518.67,642.02,1584.37,1391.81,14.62,21.61,554.44,2388.05,9058.02,1.3,47.05,522.06,2387.98,8140.85,8.3697,0.03,390,2388,100.0,38.81,23.3924,249
54,9,-0.0013,-0.0002,100.0,518.67,642.1,1580.37,1398.73,14.62,21.61,554.04,2388.02,9065.66,1.3,47.22,522.47,2387.96,8143.39,8.4109,0.03,391,2388,100.0,39.15,23.3135,248
54,10,0.0004,-0.0004,100.0,518.67,641.84,1587.73,1397.06,14.62,21.61,554.66,2388.04,9064.51,1.3,47.11,522.29,2387.99,8147.93,8.4022,0.03,393,2388,100.0,39.08,23.3512,247
54,11,-0.0023,-0.0002,100.0,518.67,642.12,1591.03,1395.48,14.62,21.61,554.29,2388.01,9058.35,1.3,47.09,523.04,2388.03,8143.02,8.4109,0.03,393,2388,100.0,39.11,23.3691,246
54,12,-0.0002,-0.0005,100.0,518.67,642.28,1585.08,1400.94,14.62,21.61,554.95,2387.98,9063.6,1.3,47.12,522.34,2388.03,8146.69,8.4092,0.03,392,2388,100.0,38.95,23.3154,245
54,13,0.0005,0.0002,100.0,518.67,642.53,1583.77,1398.01,14.62,21.61,554.28,2388.04,9061.23,1.3,47.17,522.74,2387.98,8144.64,8.3972,0.03,392,2388,100.0,39.03,23.4262,244
54,14,-0.0017,-0.0,100.0,518.67,642.09,1576.44,1400.1,14.62,21.61,554.16,2388.0,9056.18,1.3,47.24,522.64,2388.02,8145.94,8.3683,0.03,391,2388,100.0,38.85,23.3487,243
54,15,0.0017,-0.0003,100.0,518.67,642.06,1583.65,1396.34,14.62,21.61,554.91,2387.94,9073.32,1.3,46.99,521.85,2387.99,8139.13,8.3695,0.03,392,2388,100.0,38.92,23.5147,242
54,16,0.0038,-0.0004,100.0,518.67,642.35,1591.18,1392.85,14.62,21.61,555.05,2387.97,9059.68,1.3,47.22,522.32,2388.01,8140.8,8.3986,0.03,390,2388,100.0,39.15,23.5105,241
54,17,0.0004,-0.0003,100.0,518.67,642.28,1586.23,1394.06,14.62,21.61,554.31,2388.02,9067.37,1.3,47.04,522.52,2387.98,8147.85,8.4156,0.03,390,2388,100.0,39.03,23.3913,240
54,18,-0.0002,-0.0005,100.0,518.67,641.87,1579.23,1393.99,14.62,21.61,554.92,2388.03,9064.42,1.3,47.23,521.78,2387.98,8143.13,8.4046,0.03,392,2388,100.0,38.97,23.4212,239
54,19,-0.0029,-0.0,100.0,518.67,641.95,1584.51,1399.71,14.62,21.61,554.63,2387.98,9067.24,1.3,47.24,522.98,2387.99,8145.78,8.38,0.03,391,2388,100.0,39.05,23.4868,238
54,20,0.0004,-0.0003,100.0,518.67,642.57,1580.06,1404.71,14.62,21.61,554.25,2388.04,9054.31,1.3,47.28,521.64,2387.99,8142.79,8.3898,0.03,391,2388,100.0,38.99,23.462,237
54,21,0.0041,0.0002,100.0,518.67,641.86,1581.29,1398.54,14.62,21.61,554.25,2387.98,9061.49,1.3,47.17,522.33,2388.02,8145.69,8.4125,0.03,393,2388,100.0,38.9,23.4714,236
54,22,0.0025,-0.0003,100.0,518.67,641.99,1587.52,1397.13,14.62,21.61,554.91,2388.03,9063.28,1.3,47.26,522.67,2388.04,8138.29,8.4112,0.03,394,2388,100.0,39.1,23.4519,235
54,23,0.0043,0.0003,100.0,518.67,641.9,1580.25,1400.76,14.62,21.61,554.5,2388.02,9067.72,1.3,47.2,522.4,2387.98,8143.88,8.4302,0.03,392,2388,100.0,39.09,23.4204,234
54,24,-0.0027,-0.0002,100.0,518.67,642.68,1583.76,1396.06,14.62,21.6,554.07,2387.98,9068.84,1.3,47.2,522.3,2388.06,8142.22,8.3667,0.03,390,2388,100.0,38.94,23.3466,233
54,25,-0.001,0.0002,100.0,518.67,642.19,1590.68,1397.93,14.62,21.61,555.03,2388.04,9058.55,1.3,47.13,522.55,2388.05,8147.84,8.4197,0.03,392,2388,100.0,39.02,23.3691,232
54,26,-0.0002,-0.0004,100.0,518.67,642.21,1582.08,1398.27,14.62,21.61,553.79,2388.04,9057.48,1.3,47.31,522.38,2388.05,8138.98,8.3774,0.03,393,2388,100.0,39.04,23.5266,231
54,27,-0.0006,0.0003,100.0,518.67,642.09,1582.84,1394.06,14.62,21.61,554.77,2388.01,9053.85,1.3,47.11,522.67,2388.02,8145.69,8.3926,0.03,392,2388,100.0,38.83,23.3941,230
54,28,0.0008,0.0002,100.0,518.67,641.84,1583.22,1392.16,14.62,21.61,554.32,2387.95,9066.71,1.3,47.29,522.65,2388.03,8142.23,8.399,0.03,391,2388,100.0,39.13,23.4203,229
54,29,-0.0023,0.0001,100.0,518.67,642.16,1590.72,1404.53,14.62,21.61,553.43,2388.03,9070.18,1.3,47.09,521.76,2387.98,8146.15,8.3977,0.03,393,2388,100.0,38.98,23.4736,228
54,30,-0.0003,-0.0002,100.0,518.67,642.08,1583.34,1401.77,14.62,21.61,554.51,2388.0,9063.97,1.3,47.22,522.29,2387.94,8144.06,8.3991,0.03,393,2388,100.0,38.89,23.3667,227
54,31,-0.0007,-0.0001,100.0,518.67,642.05,1586.25,1402.23,14.62,21.61,554.76,2387.95,9058.49,1.3,47.26,521.87,2387.99,8140.93,8.3918,0.03,393,2388,100.0,38.83,23.3516,226
54,32,-0.0031,0.0004,100.0,518.67,642.64,1584.63,1398.24,14.62,21.61,553.63,2388.06,9060.06,1.3,47.09,522.15,2388.02,8138.67,8.433,0.03,391,2388,100.0,39.1,23.4876,225
54,33,0.0016,-0.0004,100.0,518.67,642.29,1578.38,1396.15,14.62,21.61,554.87,2388.03,9067.86,1.3,47.16,522.49,2388.0,8145.66,8.3916,0.03,392,2388,100.0,39.06,23.5014,224
54,34,-0.0028,0.0,100.0,518.67,641.95,1583.94,1392.55,14.62,21.61,554.4,2388.05,9058.09,1.3,47.19,522.18,2388.04,8144.11,8.4157,0.03,391,2388,100.0,38.99,23.4956,223
54,35,0.0039,-0.0003,100.0,518.67,642.01,1574.81,1395.25,14.62,21.61,555.49,2387.96,9054.41,1.3,47.09,521.79,2387.97,8145.24,8.4028,0.03,391,2388,100.0,39.01,23.3685,222
54,36,-0.0011,-0.0003,100.0,518.67,641.76,1584.06,1401.71,14.62,21.61,554.01,2388.02,9059.41,1.3,47.18,522.23,2388.02,8146.64,8.418,0.03,391,2388,100.0,38.92,23.4342,221
54,37,-0.0041,-0.0002,100.0,518.67,641.9,1584.95,1394.68,14.62,21.61,555.12,2387.99,9062.65,1.3,47.15,522.6,2387.98,8146.16,8.3932,0.03,393,2388,100.0,39.02,23.4406,220
54,38,0.0031,-0.0003,100.0,518.67,642.28,1582.82,1397.08,14.62,21.61,554.42,2388.05,9072.16,1.3,47.16,522.07,2388.03,8142.01,8.3761,0.03,392,2388,100.0,39.16,23.374,219
54,39,0.0037,0.0003,100.0,518.67,642.33,1585.26,1393.86,14.62,21.61,555.54,2388.05,9057.94,1.3,47.27,521.94,2388.04,8154.14,8.4046,0.03,391,2388,100.0,39.05,23.4434,218
54,40,-0.0021,0.0004,100.0,518.67,642.09,1585.52,1396.25,14.62,21.61,554.35,2388.0,9061.11,1.3,47.23,522.05,2388.02,8140.24,8.3922,0.03,391,2388,100.0,39.0,23.3844,217
54,41,0.0007,0.0004,100.0,518.67,642.32,1575.94,1398.75,14.62,21.61,554.73,2387.95,9053.22,1.3,47.42,522.21,2388.01,8147.08,8.4622,0.03,391,2388,100.0,39.08,23.4296,216
54,42,0.0022,0.0003,100.0,518.67,642.19,1581.22,1394.76,14.62,21.61,554.95,2387.98,9064.97,1.3,47.28,522.94,2387.98,8144.37,8.3681,0.03,392,2388,100.0,39.14,23.4102,215
54,43,-0.0009,0.0,100.0,518.67,642.06,1581.53,1387.94,14.62,21.61,554.79,2387.98,9064.46,1.3,47.22,522.31,2388.01,8146.92,8.4155,0.03,393,2388,100.0,38.98,23.3245,214
54,44,0.001,0.0001,100.0,518.67,641.91,1586.91,1392.19,14.62,21.61,553.85,2388.03,9060.22,1.3,47.35,522.59,2388.04,8148.27,8.4118,0.03,390,2388,100.0,39.11,23.3904,213
54,45,0.0028,-0.0001,100.0,518.67,642.31,1580.91,1399.13,14.62,21.61,554.18,2387.92,9056.38,1.3,47.22,522.89,2388.03,8140.7,8.4111,0.03,391,2388,100.0,39.09,23.4393,212
54,46,-0.0007,-0.0003,100.0,518.67,642.1,1588.99,1399.51,14.62,21.61,554.5,2388.01,9065.35,1.3,47.34,522.03,2387.98,8141.18,8.4026,0.03,393,2388,100.0,38.99,23.4705,211
54,47,-0.0024,0.0003,100.0,518.67,642.4,1579.86,1392.07,14.62,21.61,554.66,2388.0,9054.24,1.3,47.14,522.48,2387.92,8139.95,8.4177,0.03,391,2388,100.0,39.0,23.4603,210
54,48,-0.0036,-0.0003,100.0,518.67,642.39,1592.11,1393.97,14.62,21.61,554.05,2388.04,9053.38,1.3,47.26,522.3,2388.02,8138.44,8.4014,0.03,391,2388,100.0,38.89,23.2904,209
54,49,-0.0026,-0.0004,100.0,518.67,642.42,1580.66,1405.03,14.62,21.61,554.51,2387.98,9068.95,1.3,47.11,522.15,2387.99,8143.16,8.3978,0.03,390,2388,100.0,39.02,23.3857,208
54,50,-0.0025,-0.0003,100.0,518.67,642.03,1583.54,1397.5,14.62,21.61,554.65,2388.0,9059.66,1.3,47.2,522.53,2388.01,8147.65,8.3942,0.03,391,2388,100.0,39.22,23.397,207
54,51,0.0015,-0.0003,100.0,518.67,642.27,1583.88,1399.23,14.62,21.61,554.51,2387.99,9056.86,1.3,47.15,522.39,2388.01,8146.49,8.3969,0.03,392,2388,100.0,39.14,23.491,206
54,52,-0.0033,-0.0001,100.0,518.67,641.98,1578.4,1400.04,14.62,21.61,554.71,2388.08,9062.07,1.3,47.21,522.77,2387.99,8146.33,8.4314,0.03,392,2388,100.0,39.07,23.4506,205
54,53,-0.0022,-0.0005,100.0,518.67,642.33,1580.99,1407.54,14.62,21.61,554.17,2388.01,9062.73,1.3,47.21,522.28,2388.02,8139.72,8.3858,0.03,391,2388,100.0,39.05,23.5125,204
54,54,0.0021,0.0004,100.0,518.67,642.1,1581.1,1392.46,14.62,21.61,553.86,2387.97,9058.68,1.3,47.36,522.17,2387.96,8150.49,8.3969,0.03,393,2388,100.0,39.08,23.3928,203
54,55,-0.0014,0.0003,100.0,518.67,641.57,1588.91,1400.43,14.62,21.61,554.04,2387.95,9065.49,1.3,47.14,521.8,2388.06,8143.76,8.4139,0.03,392,2388,100.0,39.01,23.3442,202
54,56,0.0004,-0.0005,100.0,518.67,642.49,1583.25,1400.81,14.62,21.61,554.53,2388.02,9059.72,1.3,47.07,522.57,2387.98,8140.18,8.3857,0.03,391,2388,100.0,38.97,23.4216,201
54,57,-0.0061,-0.0003,100.0,518.67,642.39,1580.33,1391.68,14.62,21.61,554.68,2388.0,9065.77,1.3,47.09,522.04,2387.98,8135.89,8.3862,0.03,391,2388,100.0,39.09,23.4079,200
54,58,-0.002,-0.0004,100.0,518.67,642.09,1592.4,1394.56,14.62,21.61,554.21,2388.0,9056.27,1.3,47.25,522.17,2387.98,8143.57,8.414,0.03,393,2388,100.0,38.99,23.425,199
54,59,0.0009,0.0004,100.0,518.67,642.19,1585.77,1403.47,14.62,21.61,554.13,2388.04,9057.11,1.3,47.31,522.34,2388.04,8146.13,8.4188,0.03,393,2388,100.0,38.88,23.4924,198
54,60,0.0014,0.0003,100.0,518.67,641.79,1575.58,1398.54,14.62,21.61,554.61,2388.0,9063.28,1.3,47.16,522.77,2388.01,8143.05,8.3943,0.03,392,2388,100.0,38.8,23.3464,197
54,61,-0.0026,0.0,100.0,518.67,642.11,1579.02,1405.55,14.62,21.61,554.44,2388.0,9061.29,1.3,47.32,522.05,2388.03,8149.63,8.4097,0.03,389,2388,100.0,38.98,23.3442,196
54,62,-0.0021,-0.0004,100.0,518.67,641.95,1581.94,1400.04,14.62,21.61,554.73,2388.0,9067.08,1.3,47.3,522.47,2387.95,8148.8,8.4045,0.03,390,2388,100.0,38.87,23.4563,195
54,63,0.0005,-0.0002,100.0,518.67,642.31,1576.09,1399.97,14.62,21.61,554.85,2388.0,9063.07,1.3,47.33,522.17,2388.01,8146.68,8.4121,0.03,393,2388,100.0,39.02,23.5325,194
54,64,-0.0013,0.0004,100.0,518.67,642.16,1592.19,1388.31,14.62,21.61,555.46,2388.02,9060.64,1.3,47.21,522.37,2388.0,8145.58,8.3846,0.03,390,2388,100.0,39.11,23.3878,193
54,65,0.0006,-0.0005,100.0,518.67,641.92,1593.2,1398.21,14.62,21.61,554.32,2388.04,9061.99,1.3,47.12,522.18,2388.01,8146.62,8.3755,0.03,392,2388,100.0,39.12,23.3815,192
54,66,-0.0024,-0.0002,100.0,518.67,642.56,1583.41,1401.06,14.62,21.61,554.51,2388.01,9062.48,1.3,47.18,521.99,2388.08,8140.42,8.3853,0.03,392,2388,100.0,39.04,23.3567,191
54,67,0.0005,0.0004,100.0,518.67,642.13,1586.19,1402.83,14.62,21.61,553.87,2388.05,9068.4,1.3,47.27,522.4,2387.97,8140.31,8.4087,0.03,392,2388,100.0,38.96,23.3857,190
54,68,-0.0034,-0.0003,100.0,518.67,642.1,1590.38,1400.42,14.62,21.61,555.08,2388.07,9070.85,1.3,47.31,522.09,2388.02,8143.82,8.4191,0.03,393,2388,100.0,39.07,23.4073,189
54,69,0.0012,-0.0003,100.0,518.67,641.76,1581.71,1396.5,14.62,21.61,554.04,2388.03,9057.55,1.3,47.07,522.12,2388.02,8139.23,8.4058,0.03,392,2388,100.0,38.79,23.4817,188
54,70,-0.002,-0.0005,100.0,518.67,642.37,1590.55,1401.26,14.62,21.61,553.35,2387.99,9059.93,1.3,47.2,522.01,2388.04,8138.32,8.3866,0.03,393,2388,100.0,38.95,23.3719,187
54,71,0.0011,-0.0005,100.0,518.67,642.06,1592.71,1401.82,14.62,21.61,554.6,2388.03,9065.59,1.3,47.12,522.81,2388.0,8143.03,8.4279,0.03,392,2388,100.0,38.93,23.3344,186
54,72,-0.0007,-0.0,100.0,518.67,642.25,1585.7,1397.42,14.62,21.61,554.09,2388.03,9062.62,1.3,47.16,522.36,2388.01,8139.31,8.4358,0.03,393,2388,100.0,38.96,23.4335,185
54,73,-0.0016,0.0001,100.0,518.67,642.41,1587.43,1397.45,14.62,21.61,553.84,2388.02,9066.6,1.3,47.31,522.12,2388.05,8144.37,8.38,0.03,392,2388,100.0,38.97,23.4108,184
54,74,0.0017,-0.0004,100.0,518.67,642.13,1579.33,1402.04,14.62,21.6,554.93,2388.03,9071.25,1.3,47.13,521.69,2388.02,8133.34,8.4216,0.03,392,2388,100.0,38.92,23.422,183
54,75,0.0008,-0.0002,100.0,518.67,641.72,1592.22,1402.66,14.62,21.61,554.71,2388.03,9059.69,1.3,47.34,522.26,2388.04,8147.05,8.4048,0.03,392,2388,100.0,39.04,23.3875,182
54,76,0.0009,0.0003,100.0,518.67,642.26,1588.11,1401.24,14.62,21.61,553.99,2387.98,9062.54,1.3,47.29,522.92,2388.03,8148.28,8.384,0.03,391,2388,100.0,38.99,23.3181,181
54,77,0.0021,0.0004,100.0,518.67,641.86,1584.14,1398.2,14.62,21.61,554.19,2388.07,9064.28,1.3,47.17,522.32,2388.02,8140.61,8.4038,0.03,391,2388,100.0,39.26,23.3835,180
54,78,0.0013,0.0,100.0,518.67,642.09,1590.28,1397.2,14.62,21.61,554.31,2387.94,9069.94,1.3,47.36,522.36,2388.01,8144.41,8.4292,0.03,391,2388,100.0,39.0,23.4301,179
54,79,0.003,0.0,100.0,518.67,642.18,1587.41,1400.15,14.62,21.61,554.84,2387.98,9058.9,1.3,47.21,521.69,2388.07,8141.49,8.4239,0.03,394,2388,100.0,38.99,23.4631,178
54,80,0.0005,0.0001,100.0,518.67,642.61,1588.24,1395.51,14.62,21.61,554.39,2387.96,9069.63,1.3,47.32,522.15,2387.98,8143.82,8.407,0.03,393,2388,100.0,39.05,23.3775,177
54,81,0.0005,-0.0001,100.0,518.67,641.95,1581.03,1394.95,14.62,21.61,554.35,2387.98,9062.77,1.3,47.06,522.12,2387.98,8144.58,8.4259,0.03,389,2388,100.0,39.05,23.5036,176
54,82,-0.0001,0.0001,100.0,518.67,641.88,1580.45,1396.24,14.62,21.61,553.91,2387.97,9065.21,1.3,47.15,521.7,2388.07,8138.76,8.4136,0.03,392,2388,100.0,39.09,23.4048,175
54,83,0.0005,-0.0003,100.0,518.67,642.01,1585.08,1399.51,14.62,21.6,554.5,2388.02,9062.69,1.3,47.1,521.92,2388.05,8147.57,8.4045,0.03,392,2388,100.0,38.98,23.4566,174
54,84,-0.001,-0.0005,100.0,518.67,642.62,1585.66,1402.32,14.62,21.61,554.87,2387.98,9063.48,1.3,47.24,522.08,2387.96,8145.29,8.3805,0.03,392,2388,100.0,39.02,23.3948,173
54,85,0.0009,-0.0001,100.0,518.67,642.65,1587.19,1404.67,14.62,21.61,554.25,2388.01,9059.81,1.3,47.34,522.55,2388.01,8144.16,8.3897,0.03,392,2388,100.0,38.85,23.4286,172
54,86,0.002,-0.0001,100.0,518.67,641.66,1587.7,1396.17,14.62,21.61,554.17,2387.99,9066.2,1.3,47.1,522.44,2388.02,8151.19,8.3781,0.03,392,2388,100.0,39.16,23.4151,171
54,87,-0.0032,-0.0002,100.0,518.67,641.7,1582.42,1401.18,14.62,21.61,554.52,2387.95,9059.69,1.3,47.12,522.92,2388.07,8147.5,8.4028,0.03,391,2388,100.0,39.05,23.5472,170
54,88,-0.0034,-0.0005,100.0,518.67,642.16,1592.99,1405.93,14.62,21.61,554.04,2388.03,9062.78,1.3,47.32,522.15,2388.06,8145.52,8.438,0.03,392,2388,100.0,39.02,23.2446,169
54,89,-0.0015,0.0003,100.0,518.67,641.64,1594.32,1404.31,14.62,21.61,554.19,2388.05,9063.7,1.3,47.24,522.42,2387.98,8144.73,8.378,0.03,391,2388,100.0,38.75,23.4034,168
54,90,0.0011,-0.0002,100.0,518.67,642.18,1590.28,1401.61,14.62,21.61,553.94,2388.0,9061.52,1.3,47.11,522.35,2388.06,8146.86,8.4034,0.03,392,2388,100.0,39.22,23.3348,167
54,91,0.0013,0.0003,100.0,518.67,641.97,1582.99,1395.14,14.62,21.61,554.7,2388.01,9070.77,1.3,47.19,522.2,2388.0,8148.04,8.4275,0.03,392,2388,100.0,38.74,23.3724,166
54,92,-0.0,-0.0003,100.0,518.67,641.78,1589.91,1405.57,14.62,21.61,554.66,2388.04,9062.56,1.3,47.19,522.45,2388.0,8142.98,8.3814,0.03,392,2388,100.0,39.09,23.4267,165
54,93,0.0045,-0.0001,100.0,518.67,642.26,1586.87,1399.91,14.62,21.61,554.1,2387.98,9060.91,1.3,47.35,522.03,2388.0,8154.15,8.3879,0.03,392,2388,100.0,39.11,23.3427,164
54,94,0.003,-0.0,100.0,518.67,642.14,1583.67,1398.29,14.62,21.61,554.35,2388.01,9065.71,1.3,47.22,522.31,2387.99,8147.83,8.398,0.03,391,2388,100.0,39.05,23.3228,163
54,95,-0.0022,-0.0005,100.0,518.67,642.57,1584.73,1396.98,14.62,21.61,554.53,2388.05,9064.23,1.3,47.16,522.36,2387.99,8142.83,8.3733,0.03,391,2388,100.0,38.99,23.4781,162
54,96,0.0025,0.0004,100.0,518.67,642.3,1586.66,1406.2,14.62,21.61,554.07,2388.07,9070.5,1.3,47.2,522.07,2387.95,8144.58,8.4193,0.03,392,2388,100.0,38.99,23.4314,161
54,97,-0.0017,-0.0004,100.0,518.67,642.31,1590.24,1399.02,14.62,21.61,554.21,2388.05,9063.46,1.3,47.25,522.29,2388.02,8147.36,8.3952,0.03,392,2388,100.0,38.91,23.3373,160
54,98,-0.0019,-0.0003,100.0,518.67,642.55,1587.71,1399.51,14.62,21.61,554.5,2388.03,9070.17,1.3,47.1,522.13,2388.04,8146.95,8.3857,0.03,392,2388,100.0,38.72,23.3219,159
54,99,-0.001,0.0002,100.0,518.67,642.47,1595.37,1405.55,14.62,21.61,553.74,2388.01,9056.66,1.3,47.24,522.3,2388.05,8143.82,8.4277,0.03,393,2388,100.0,38.96,23.381,158
54,100,0.0004,0.0,100.0,518.67,642.54,1579.7,1399.06,14.62,21.61,554.41,2388.05,9067.43,1.3,47.27,522.17,2388.01,8149.04,8.4108,0.03,391,2388,100.0,38.97,23.3886,157
54,101,0.0011,-0.0003,100.0,518.67,642.37,1583.81,1387.86,14.62,21.61,553.75,2388.02,9069.96,1.3,47.07,522.16,2387.97,8152.34,8.4209,0.03,393,2388,100.0,38.84,23.4414,156
54,102,0.002,-0.0003,100.0,518.67,642.38,1587.64,1396.12,14.62,21.61,554.8,2388.03,9067.94,1.3,47.23,521.98,2388.04,8149.21,8.4235,0.03,392,2388,100.0,38.88,23.3304,155
54,103,0.0019,-0.0003,100.0,518.67,641.94,1578.25,1403.2,14.62,21.61,554.08,2387.96,9069.75,1.3,47.4,522.15,2388.04,8151.68,8.3859,0.03,392,2388,100.0,39.19,23.3539,154
54,104,0.0013,-0.0004,100.0,518.67,641.75,1589.03,1397.57,14.62,21.61,554.23,2388.03,9069.25,1.3,47.39,522.31,2388.06,8145.69,8.3931,0.03,394,2388,100.0,39.18,23.3736,153
54,105,0.0007,-0.0,100.0,518.67,642.38,1590.66,1398.16,14.62,21.61,554.63,2387.99,9060.17,1.3,47.23,522.14,2388.02,8144.29,8.4179,0.03,392,2388,100.0,39.07,23.3302,152
54,106,-0.0024,0.0004,100.0,518.67,642.45,1580.18,1393.81,14.62,21.61,554.2,2388.07,9075.17,1.3,47.16,522.34,2388.05,8148.69,8.4206,0.03,393,2388,100.0,39.03,23.4957,151
54,107,-0.0008,0.0,100.0,518.67,642.07,1591.93,1402.59,14.62,21.61,554.58,2387.94,9069.3,1.3,47.3,522.18,2388.06,8147.74,8.4174,0.03,391,2388,100.0,39.04,23.331,150
54,108,-0.0015,-0.0001,100.0,518.67,641.96,1590.26,1407.44,14.62,21.61,553.81,2388.01,9068.16,1.3,47.25,521.75,2388.0,8148.06,8.4114,0.03,392,2388,100.0,38.95,23.3635,149
54,109,-0.0016,0.0,100.0,518.67,642.21,1580.99,1397.49,14.62,21.61,554.58,2388.01,9070.85,1.3,47.16,522.23,2388.04,8141.78,8.4329,0.03,392,2388,100.0,38.87,23.3467,148
54,110,0.0022,0.0004,100.0,518.67,642.18,1587.56,1395.06,14.62,21.6,554.33,2387.99,9064.72,1.3,47.23,522.23,2387.96,8149.43,8.4171,0.03,393,2388,100.0,39.01,23.3853,147
54,111,-0.0009,-0.0001,100.0,518.67,642.53,1584.33,1401.67,14.62,21.61,554.11,2388.04,9071.37,1.3,47.27,521.95,2388.08,8144.78,8.406,0.03,392,2388,100.0,38.93,23.305,146
54,112,-0.0036,-0.0003,100.0,518.67,642.27,1587.04,1407.03,14.62,21.61,554.09,2388.02,9069.43,1.3,47.29,521.81,2388.01,8148.76,8.449,0.03,393,2388,100.0,38.98,23.4116,145
54,113,0.003,0.0004,100.0,518.67,641.81,1586.81,1404.3,14.62,21.61,555.06,2388.01,9070.85,1.3,47.23,522.58,2388.04,8146.36,8.3938,0.03,392,2388,100.0,38.95,23.3545,144
54,114,0.0038,-0.0005,100.0,518.67,642.07,1579.82,1400.23,14.62,21.61,553.86,2388.06,9060.52,1.3,47.3,522.02,2388.06,8152.2,8.373,0.03,391,2388,100.0,38.83,23.5004,143
54,115,0.0021,0.0003,100.0,518.67,642.53,1585.47,1397.34,14.62,21.61,554.41,2388.06,9069.18,1.3,47.17,522.67,2388.04,8148.32,8.431,0.03,391,2388,100.0,39.07,23.4389,142
54,116,-0.005,0.0,100.0,518.67,642.47,1580.79,1393.06,14.62,21.61,553.6,2388.03,9060.95,1.3,47.27,522.27,2387.99,8148.78,8.3741,0.03,393,2388,100.0,39.01,23.2499,141
54,117,-0.0018,-0.0005,100.0,518.67,642.14,1587.44,1404.3,14.62,21.61,554.6,2388.05,9061.4,1.3,47.25,522.16,2387.97,8149.02,8.4072,0.03,391,2388,100.0,39.13,23.4223,140
54,118,-0.0004,-0.0003,100.0,518.67,642.2,1587.26,1404.7,14.62,21.61,554.32,2387.97,9073.33,1.3,47.33,522.23,2388.05,8150.79,8.411,0.03,391,2388,100.0,38.98,23.3743,139
54,119,0.0,-0.0005,100.0,518.67,642.1,1589.47,1396.47,14.62,21.61,554.04,2388.01,9072.04,1.3,47.19,521.59,2388.03,8148.16,8.4074,0.03,391,2388,100.0,39.22,23.4736,138
54,120,0.0055,-0.0004,100.0,518.67,642.39,1582.88,1400.24,14.62,21.61,553.91,2387.96,9060.95,1.3,47.3,522.16,2388.05,8148.63,8.3673,0.03,391,2388,100.0,39.13,23.4473,137
54,121,0.0014,0.0004,100.0,518.67,642.34,1591.76,1405.67,14.62,21.61,554.89,2388.04,9066.2,1.3,47.37,522.27,2388.06,8145.4,8.4211,0.03,392,2388,100.0,38.88,23.3944,136
54,122,0.0009,0.0003,100.0,518.67,642.3,1593.16,1396.1,14.62,21.61,554.1,2388.02,9061.42,1.3,47.16,521.98,2388.02,8146.16,8.4187,0.03,391,2388,100.0,38.9,23.4504,135
54,123,-0.0022,-0.0003,100.0,518.67,642.24,1590.11,1397.4,14.62,21.61,554.14,2388.0,9067.78,1.3,47.26,522.31,2388.05,8145.18,8.3968,0.03,391,2388,100.0,39.02,23.336,134
54,124,-0.0005,0.0004,100.0,518.67,642.17,1588.28,1400.53,14.62,21.61,554.03,2388.01,9069.4,1.3,47.25,521.95,2388.04,8151.85,8.4295,0.03,391,2388,100.0,38.92,23.4611,133
54,125,0.0017,0.0,100.0,518.67,642.33,1584.97,1398.09,14.62,21.61,554.27,2388.06,9064.43,1.3,47.29,522.31,2387.98,8150.82,8.4112,0.03,393,2388,100.0,38.87,23.2206,132
54,126,0.0001,0.0002,100.0,518.67,642.3,1586.81,1398.05,14.62,21.61,554.19,2388.05,9067.42,1.3,47.16,521.84,2388.05,8149.23,8.4258,0.03,392,2388,100.0,39.04,23.3668,131
54,127,-0.0006,-0.0003,100.0,518.67,642.33,1579.33,1410.12,14.62,21.61,553.98,2387.95,9070.64,1.3,47.28,521.68,2388.03,8152.82,8.441,0.03,393,2388,100.0,39.01,23.351,130
54,128,-0.002,-0.0004,100.0,518.67,642.29,1583.79,1404.52,14.62,21.61,554.97,2388.07,9071.47,1.3,47.21,521.99,2388.01,8150.72,8.3677,0.03,392,2388,100.0,39.03,23.351,129
54,129,-0.0011,-0.0004,100.0,518.67,642.43,1591.09,1397.57,14.62,21.61,554.37,2388.0,9068.62,1.3,47.35,522.12,2388.08,8148.3,8.428,0.03,391,2388,100.0,38.85,23.282,128
54,130,-0.0005,-0.0004,100.0,518.67,642.74,1587.07,1403.03,14.62,21.61,554.55,2387.98,9069.19,1.3,47.23,521.86,2388.05,8147.85,8.382,0.03,392,2388,100.0,39.02,23.4425,127
54,131,-0.0013,0.0004,100.0,518.67,642.34,1596.69,1400.96,14.62,21.61,554.2,2388.11,9068.61,1.3,47.36,521.66,2388.03,8153.56,8.3884,0.03,392,2388,100.0,38.81,23.3771,126
54,132,0.0014,-0.0003,100.0,518.67,642.06,1583.83,1399.96,14.62,21.61,554.34,2388.02,9064.83,1.3,47.28,522.22,2388.03,8147.86,8.4442,0.03,393,2388,100.0,38.85,23.3743,125
54,133,-0.0015,-0.0002,100.0,518.67,642.14,1587.87,1400.45,14.62,21.61,553.53,2388.01,9074.02,1.3,47.16,521.74,2388.04,8151.7,8.3995,0.03,394,2388,100.0,38.84,23.3821,124
54,134,0.0022,-0.0004,100.0,518.67,642.47,1586.43,1400.55,14.62,21.61,553.89,2388.03,9067.65,1.3,47.36,522.16,2388.0,8153.8,8.388,0.03,393,2388,100.0,39.04,23.3264,123
54,135,-0.0008,0.0004,100.0,518.67,642.64,1589.29,1392.75,14.62,21.61,554.16,2387.99,9068.1,1.3,47.31,522.08,2388.01,8152.29,8.4363,0.03,392,2388,100.0,38.93,23.3232,122
54,136,-0.0007,-0.0003,100.0,518.67,642.26,1588.03,1395.93,14.62,21.61,553.85,2388.02,9069.66,1.3,47.45,522.28,2387.99,8148.82,8.4654,0.03,392,2388,100.0,38.87,23.3179,121
54,137,0.0005,-0.0,100.0,518.67,642.59,1594.35,1399.98,14.62,21.61,553.76,2388.08,9066.73,1.3,47.33,521.6,2388.05,8160.6,8.4103,0.03,393,2388,100.0,38.99,23.3654,120
54,138,0.0051,-0.0001,100.0,518.67,642.24,1584.89,1405.58,14.62,21.61,553.73,2388.0,9069.42,1.3,47.43,521.66,2388.0,8152.74,8.4226,0.03,393,2388,100.0,38.83,23.3454,119
54,139,0.0015,-0.0001,100.0,518.67,642.35,1584.74,1402.54,14.62,21.61,554.21,2388.06,9074.57,1.3,47.23,521.76,2388.02,8155.25,8.4362,0.03,392,2388,100.0,38.92,23.3959,118
54,140,-0.0018,-0.0002,100.0,518.67,642.17,1588.78,1399.55,14.62,21.61,553.75,2388.05,9066.44,1.3,47.36,522.2,2388.04,8152.72,8.3903,0.03,392,2388,100.0,38.95,23.3013,117
54,141,-0.0026,0.0003,100.0,518.67,642.12,1583.48,1403.79,14.62,21.61,553.9,2387.97,9070.0,1.3,47.34,522.1,2388.01,8151.45,8.3872,0.03,392,2388,100.0,38.91,23.3524,116
54,142,0.0014,-0.0001,100.0,518.67,642.66,1588.86,1397.51,14.62,21.61,554.62,2388.04,9069.49,1.3,47.31,522.1,2388.08,8153.19,8.416,0.03,394,2388,100.0,38.86,23.3405,115
54,143,0.0004,-0.0003,100.0,518.67,641.99,1584.79,1412.94,14.62,21.61,553.71,2388.03,9071.98,1.3,47.28,522.36,2388.06,8148.96,8.4223,0.03,392,2388,100.0,39.02,23.2956,114
54,144,0.0002,-0.0001,100.0,518.67,642.72,1584.83,1396.31,14.62,21.61,553.89,2388.05,9065.46,1.3,47.44,522.02,2388.08,8147.48,8.4307,0.03,391,2388,100.0,39.02,23.237,113
54,145,-0.0042,0.0003,100.0,518.67,642.52,1581.0,1408.93,14.62,21.61,553.37,2388.02,9074.18,1.3,47.39,522.33,2388.05,8159.35,8.4247,0.03,392,2388,100.0,38.92,23.4516,112
54,146,-0.0015,-0.0003,100.0,518.67,642.17,1593.55,1402.27,14.62,21.61,554.11,2387.99,9073.3,1.3,47.34,521.44,2388.0,8151.21,8.3875,0.03,392,2388,100.0,38.81,23.2543,111
54,147,-0.001,0.0004,100.0,518.67,642.34,1583.4,1399.66,14.62,21.61,554.71,2388.06,9071.54,1.3,47.3,521.68,2388.01,8151.84,8.4159,0.03,393,2388,100.0,38.86,23.3899,110
54,148,-0.0025,-0.0002,100.0,518.67,641.64,1583.9,1398.66,14.62,21.61,553.76,2388.07,9072.19,1.3,47.48,522.33,2388.02,8148.57,8.4331,0.03,393,2388,100.0,38.91,23.3755,109
54,149,-0.0026,0.0003,100.0,518.67,642.39,1587.92,1406.46,14.62,21.61,554.05,2388.06,9070.15,1.3,47.35,521.77,2388.02,8152.37,8.3653,0.03,392,2388,100.0,38.89,23.4141,108
54,150,-0.0017,0.0002,100.0,518.67,642.15,1586.49,1405.82,14.62,21.6,553.91,2388.02,9075.81,1.3,47.42,521.84,2388.04,8153.87,8.4025,0.03,393,2388,100.0,38.94,23.3954,107
54,151,-0.0052,-0.0001,100.0,518.67,642.03,1588.77,1403.9,14.62,21.61,553.84,2387.99,9066.23,1.3,47.41,522.01,2388.01,8147.3,8.3811,0.03,393,2388,100.0,38.67,23.3216,106
54,152,0.0042,-0.0001,100.0,518.67,641.97,1593.09,1402.0,14.62,21.61,554.37,2388.06,9082.17,1.3,47.39,521.93,2388.02,8158.72,8.4197,0.03,393,2388,100.0,39.11,23.3556,105
54,153,-0.0004,-0.0004,100.0,518.67,642.27,1582.42,1405.25,14.62,21.61,554.09,2388.03,9079.38,1.3,47.42,521.87,2388.03,8154.8,8.4241,0.03,393,2388,100.0,38.98,23.366,104
54,154,-0.0017,-0.0005,100.0,518.67,642.07,1590.96,1402.58,14.62,21.61,554.39,2388.02,9068.79,1.3,47.14,521.87,2388.1,8148.83,8.4518,0.03,393,2388,100.0,38.96,23.3386,103
54,155,-0.0005,-0.0005,100.0,518.67,642.68,1592.73,1400.0,14.62,21.61,553.87,2388.04,9075.08,1.3,47.43,521.75,2387.99,8151.61,8.4165,0.03,392,2388,100.0,38.86,23.3823,102
54,156,-0.0041,-0.0004,100.0,518.67,642.32,1586.38,1409.89,14.62,21.61,553.81,2388.02,9068.81,1.3,47.2,522.25,2388.02,8152.37,8.414,0.03,393,2388,100.0,38.86,23.4043,101
54,157,-0.001,0.0001,100.0,518.67,642.9,1579.37,1402.37,14.62,21.61,553.9,2388.12,9073.19,1.3,47.53,521.6,2388.07,8155.4,8.43,0.03,393,2388,100.0,38.84,23.3749,100
54,158,0.0007,-0.0004,100.0,518.67,642.28,1595.5,1408.51,14.62,21.61,553.86,2388.06,9075.49,1.3,47.26,522.16,2388.08,8160.27,8.4,0.03,393,2388,100.0,38.92,23.3093,99
54,159,0.0012,-0.0001,100.0,518.67,642.82,1584.54,1402.11,14.62,21.61,553.8,2388.07,9069.69,1.3,47.19,521.84,2388.0,8156.23,8.426,0.03,392,2388,100.0,38.91,23.3262,98
54,160,-0.0006,-0.0004,100.0,518.67,642.16,1594.12,1406.29,14.62,21.61,554.02,2388.03,9078.08,1.3,47.57,522.09,2388.06,8160.92,8.4214,0.03,392,2388,100.0,38.85,23.4825,97
54,161,0.0024,-0.0004,100.0,518.67,642.76,1596.25,1396.82,14.62,21.61,553.86,2388.09,9080.4,1.3,47.35,521.99,2388.03,8150.81,8.4676,0.03,393,2388,100.0,38.95,23.3271,96
54,162,-0.0003,0.0004,100.0,518.67,642.73,1594.05,1401.81,14.62,21.61,553.63,2388.08,9075.65,1.3,47.24,522.41,2387.99,8155.85,8.4103,0.03,392,2388,100.0,38.97,23.2686,95
54,163,-0.0022,0.0003,100.0,518.67,642.27,1577.69,1403.82,14.62,21.61,553.59,2388.05,9077.0,1.3,47.28,522.2,2387.99,8156.78,8.4271,0.03,393,2388,100.0,38.72,23.2924,94
54,164,-0.0004,0.0001,100.0,518.67,642.44,1587.98,1412.75,14.62,21.61,554.23,2388.09,9079.5,1.3,47.41,521.36,2388.03,8155.1,8.4034,0.03,393,2388,100.0,39.17,23.348,93
54,165,0.0008,-0.0002,100.0,518.67,642.29,1592.6,1402.31,14.62,21.61,553.4,2388.03,9073.04,1.3,47.41,521.81,2388.05,8152.71,8.3999,0.03,391,2388,100.0,38.92,23.2709,92
54,166,-0.0003,0.0004,100.0,518.67,642.65,1584.04,1406.89,14.62,21.61,554.04,2388.0,9078.86,1.3,47.31,521.93,2388.04,8151.75,8.4772,0.03,393,2388,100.0,38.88,23.3116,91
54,167,-0.0001,-0.0001,100.0,518.67,642.75,1590.85,1402.07,14.62,21.61,553.58,2388.03,9072.75,1.3,47.48,522.6,2388.02,8153.38,8.402,0.03,394,2388,100.0,38.97,23.3038,90
54,168,0.002,-0.0001,100.0,518.67,642.63,1587.77,1417.21,14.62,21.61,554.41,2388.06,9080.02,1.3,47.41,521.92,2388.02,8161.74,8.456,0.03,393,2388,100.0,39.06,23.3264,89
54,169,0.003,-0.0002,100.0,518.67,642.63,1587.2,1403.38,14.62,21.61,553.49,2388.08,9075.24,1.3,47.5,522.01,2388.04,8159.41,8.4073,0.03,394,2388,100.0,38.9,23.3549,88
54,170,-0.0006,0.0002,100.0,518.67,642.2,1581.76,1405.77,14.62,21.61,553.69,2388.05,9086.69,1.3,47.5,521.51,2388.04,8158.21,8.4475,0.03,393,2388,100.0,38.83,23.3131,87
54,171,-0.0034,-0.0004,100.0,518.67,642.32,1586.56,1397.52,14.62,21.61,553.53,2388.04,9076.98,1.3,47.49,522.03,2388.0,8153.1,8.4224,0.03,394,2388,100.0,38.93,23.2952,86
54,172,-0.0033,0.0001,100.0,518.67,642.31,1586.36,1402.06,14.62,21.61,553.58,2388.04,9066.7,1.3,47.48,521.69,2388.05,8153.7,8.4205,0.03,393,2388,100.0,38.9,23.4118,85
54,173,-0.0024,-0.0001,100.0,518.67,642.87,1595.46,1394.86,14.62,21.61,553.17,2388.04,9081.31,1.3,47.37,521.89,2388.03,8155.96,8.4143,0.03,394,2388,100.0,38.79,23.2765,84
54,174,0.0027,0.0004,100.0,518.67,642.12,1593.79,1412.06,14.62,21.61,554.02,2388.04,9078.92,1.3,47.33,522.12,2388.01,8158.42,8.4478,0.03,393,2388,100.0,38.97,23.2149,83
54,175,0.0002,0.0001,100.0,518.67,642.32,1587.74,1412.1,14.62,21.61,552.82,2388.06,9082.88,1.3,47.68,521.74,2388.08,8155.95,8.4451,0.03,394,2388,100.0,39.0,23.2459,82
54,176,0.0019,0.0003,100.0,518.67,642.55,1586.65,1403.86,14.62,21.61,553.73,2388.06,9074.58,1.3,47.55,522.39,2388.02,8158.86,8.3991,0.03,394,2388,100.0,38.83,23.3538,81
54,177,-0.0001,-0.0001,100.0,518.67,642.85,1588.93,1400.71,14.62,21.61,554.66,2388.05,9077.64,1.3,47.4,521.17,2388.01,8159.14,8.4455,0.03,393,2388,100.0,38.9,23.3646,80
54,178,-0.0011,0.0001,100.0,518.67,642.52,1588.77,1403.58,14.62,21.61,553.68,2388.02,9079.31,1.3,47.52,521.87,2388.02,8167.58,8.4536,0.03,393,2388,100.0,38.91,23.3806,79
54,179,0.0003,0.0003,100.0,518.67,642.59,1589.93,1403.59,14.62,21.61,553.7,2388.0,9079.47,1.3,47.38,522.32,2388.03,8157.99,8.4589,0.03,393,2388,100.0,38.87,23.3978,78
54,180,0.0017,0.0003,100.0,518.67,642.8,1585.65,1403.98,14.62,21.6,554.31,2388.09,9085.11,1.3,47.54,521.24,2388.01,8163.75,8.4211,0.03,392,2388,100.0,38.79,23.3622,77
54,181,0.0034,-0.0003,100.0,518.67,642.38,1593.9,1408.06,14.62,21.61,553.85,2388.03,9088.42,1.3,47.36,522.01,2388.02,8160.94,8.4866,0.03,393,2388,100.0,38.7,23.4565,76
54,182,-0.0048,-0.0,100.0,518.67,642.08,1589.32,1406.42,14.62,21.61,554.0,2387.99,9082.71,1.3,47.6,521.77,2388.09,8162.98,8.4483,0.03,393,2388,100.0,38.88,23.2687,75
54,183,0.0009,-0.0005,100.0,518.67,642.36,1592.31,1409.14,14.62,21.61,553.1,2388.09,9079.39,1.3,47.41,520.84,2388.02,8159.96,8.4848,0.03,393,2388,100.0,38.88,23.2671,74
54,184,0.0009,0.0003,100.0,518.67,642.61,1587.65,1408.27,14.62,21.61,553.72,2388.03,9077.89,1.3,47.64,521.76,2388.1,8160.18,8.4309,0.03,394,2388,100.0,38.85,23.3196,73
54,185,0.0021,-0.0004,100.0,518.67,643.01,1595.92,1406.98,14.62,21.61,553.81,2388.03,9080.16,1.3,47.4,522.23,2388.05,8162.03,8.4115,0.03,394,2388,100.0,38.89,23.2645,72
54,186,0.0028,-0.0002,100.0,518.67,643.03,1604.66,1405.07,14.62,21.61,553.6,2388.08,9088.04,1.3,47.54,521.86,2388.05,8160.99,8.4959,0.03,393,2388,100.0,38.78,23.2269,71
54,187,0.0007,-0.0001,100.0,518.67,642.56,1593.65,1398.96,14.62,21.61,552.76,2388.05,9083.8,1.3,47.55,521.57,2388.05,8163.27,8.4335,0.03,393,2388,100.0,38.82,23.4252,70
54,188,-0.0018,-0.0001,100.0,518.67,642.56,1590.17,1403.55,14.62,21.61,553.47,2388.07,9084.69,1.3,47.27,521.69,2388.08,8162.16,8.4287,0.03,392,2388,100.0,38.91,23.2308,69
54,189,0.0008,-0.0003,100.0,518.67,642.94,1587.47,1403.43,14.62,21.61,554.14,2388.03,9082.7,1.3,47.4,522.0,2388.06,8166.16,8.4449,0.03,393,2388,100.0,38.89,23.3841,68
54,190,-0.0011,0.0001,100.0,518.67,642.5,1589.67,1406.17,14.62,21.61,553.17,2388.06,9091.63,1.3,47.64,521.51,2388.08,8162.75,8.4726,0.03,394,2388,100.0,38.78,23.2706,67
54,191,-0.0026,-0.0002,100.0,518.67,642.43,1590.09,1404.74,14.62,21.61,553.44,2388.05,9087.73,1.3,47.58,521.68,2388.05,8164.06,8.4535,0.03,393,2388,100.0,38.84,23.2742,66
54,192,-0.0016,0.0001,100.0,518.67,642.44,1592.39,1408.25,14.62,21.61,554.31,2388.05,9087.84,1.3,47.48,521.36,2388.06,8170.32,8.4564,0.03,393,2388,100.0,38.8,23.3072,65
54,193,-0.0012,-0.0003,100.0,518.67,643.42,1592.58,1403.39,14.62,21.61,553.69,2388.04,9086.92,1.3,47.44,521.53,2388.08,8165.36,8.4464,0.03,393,2388,100.0,38.92,23.2317,64
54,194,0.002,-0.0005,100.0,518.67,643.16,1592.93,1405.97,14.62,21.61,553.69,2388.04,9092.74,1.3,47.51,521.34,2388.05,8167.77,8.4634,0.03,393,2388,100.0,38.89,23.3434,63
54,195,-0.0012,-0.0003,100.0,518.67,642.64,1594.47,1408.78,14.62,21.61,553.89,2388.07,9088.16,1.3,47.59,520.91,2388.08,8159.71,8.4262,0.03,393,2388,100.0,38.88,23.2129,62
54,196,0.0016,0.0001,100.0,518.67,642.97,1588.71,1414.7,14.62,21.61,553.5,2388.02,9090.39,1.3,47.55,521.19,2388.05,8156.44,8.4304,0.03,393,2388,100.0,38.8,23.3512,61
54,197,-0.0004,-0.0003,100.0,518.67,642.99,1590.12,1405.62,14.62,21.61,553.08,2388.04,9092.27,1.3,47.55,521.71,2388.09,8168.86,8.4623,0.03,392,2388,100.0,38.69,23.3391,60
54,198,0.0023,-0.0003,100.0,518.67,642.9,1590.87,1412.63,14.62,21.61,553.66,2388.02,9096.75,1.3,47.45,521.32,2388.08,8170.11,8.4266,0.03,395,2388,100.0,38.78,23.2779,59
54,199,-0.0026,0.0001,100.0,518.67,643.12,1590.4,1409.22,14.62,21.61,553.34,2388.03,9091.01,1.3,47.5,521.26,2388.05,8170.21,8.4447,0.03,393,2388,100.0,38.99,23.2359,58
54,200,-0.0024,0.0004,100.0,518.67,642.68,1590.26,1410.77,14.62,21.61,552.22,2388.03,9096.32,1.3,47.4,521.33,2388.06,8165.23,8.4296,0.03,392,2388,100.0,38.84,23.2173,57
54,201,0.0003,-0.0001,100.0,518.67,642.93,1599.22,1413.82,14.62,21.61,553.48,2388.04,9088.67,1.3,47.64,521.23,2388.13,8168.81,8.4575,0.03,394,2388,100.0,38.69,23.2093,56
54,202,-0.0017,-0.0005,100.0,518.67,642.3,1593.24,1406.89,14.62,21.61,553.01,2388.04,9090.59,1.3,47.56,521.49,2388.06,8166.25,8.4915,0.03,393,2388,100.0,38.8,23.2904,55
54,203,0.0024,-0.0001,100.0,518.67,643.31,1591.71,1409.21,14.62,21.61,553.3,2388.05,9091.31,1.3,47.6,521.58,2388.06,8169.93,8.4493,0.03,395,2388,100.0,38.79,23.3513,54
54,204,0.0049,-0.0004,100.0,518.67,642.95,1589.13,1412.56,14.62,21.61,552.55,2388.04,9092.94,1.3,47.56,521.52,2388.03,8169.78,8.3975,0.03,392,2388,100.0,38.81,23.1431,53
54,205,-0.0013,0.0002,100.0,518.67,642.21,1593.81,1412.58,14.62,21.61,552.93,2388.02,9096.7,1.3,47.46,521.9,2388.02,8178.98,8.4708,0.03,392,2388,100.0,38.62,23.1516,52
54,206,0.0001,0.0001,100.0,518.67,642.28,1584.04,1411.97,14.62,21.61,552.97,2388.04,9093.99,1.3,47.67,521.82,2388.1,8170.97,8.4358,0.03,395,2388,100.0,38.75,23.1888,51
54,207,0.001,-0.0005,100.0,518.67,642.67,1596.18,1413.16,14.62,21.61,553.01,2388.1,9097.98,1.3,47.47,521.1,2388.14,8171.14,8.4318,0.03,394,2388,100.0,38.81,23.2654,50
54,208,0.0013,-0.0002,100.0,518.67,642.9,1594.94,1415.7,14.62,21.61,552.87,2388.11,9084.56,1.3,47.55,521.48,2388.08,8171.47,8.468,0.03,394,2388,100.0,38.69,23.2625,49
54,209,-0.0005,0.0003,100.0,518.67,642.86,1590.57,1405.05,14.62,21.61,553.11,2388.08,9095.65,1.3,47.63,521.29,2388.07,8174.88,8.4543,0.03,395,2388,100.0,38.58,23.1898,48
54,210,-0.0023,0.0004,100.0,518.67,642.7,1597.82,1413.54,14.62,21.61,553.19,2388.09,9097.13,1.3,47.55,520.7,2388.07,8175.08,8.4521,0.03,393,2388,100.0,38.83,23.2972,47
54,211,-0.0021,0.0002,100.0,518.67,643.01,1595.22,1414.33,14.62,21.61,552.88,2388.06,9100.53,1.3,47.77,521.28,2388.06,8167.18,8.4404,0.03,393,2388,100.0,38.67,23.1791,46
54,212,-0.0009,0.0002,100.0,518.67,643.19,1598.56,1413.03,14.62,21.61,553.48,2388.11,9103.47,1.3,47.61,521.37,2388.1,8173.03,8.4394,0.03,395,2388,100.0,38.54,23.2135,45
54,213,-0.0013,0.0004,100.0,518.67,643.32,1599.83,1408.44,14.62,21.61,552.55,2388.05,9093.72,1.3,47.64,520.71,2388.09,8171.96,8.4466,0.03,394,2388,100.0,38.79,23.2957,44
54,214,0.005,0.0004,100.0,518.67,643.08,1592.65,1418.8,14.62,21.61,552.62,2388.12,9099.9,1.3,47.62,521.03,2388.12,8174.28,8.4448,0.03,395,2388,100.0,38.63,23.2359,43
54,215,-0.0032,-0.0003,100.0,518.67,642.62,1594.85,1419.14,14.62,21.61,552.76,2388.04,9103.91,1.3,47.72,521.3,2388.08,8180.77,8.4297,0.03,395,2388,100.0,38.63,23.2884,42
54,216,0.0007,-0.0004,100.0,518.67,642.38,1602.84,1414.6,14.62,21.61,553.24,2388.09,9105.68,1.3,47.62,520.78,2388.1,8177.3,8.4452,0.03,393,2388,100.0,38.65,23.1998,41
54,217,-0.0002,0.0004,100.0,518.67,643.39,1595.79,1420.62,14.62,21.61,552.7,2388.07,9105.49,1.3,47.68,520.64,2388.1,8183.43,8.4669,0.03,392,2388,100.0,38.61,23.2486,40
54,218,-0.0,-0.0005,100.0,518.67,643.05,1596.68,1421.33,14.62,21.61,552.07,2388.08,9103.68,1.3,47.79,521.28,2388.03,8175.29,8.4545,0.03,393,2388,100.0,38.66,23.3336,39
54,219,-0.0031,-0.0002,100.0,518.67,642.33,1601.75,1409.63,14.62,21.61,553.22,2388.02,9111.46,1.3,47.54,521.21,2388.09,8180.96,8.4807,0.03,394,2388,100.0,38.9,23.2256,38
54,220,-0.0035,-0.0001,100.0,518.67,642.75,1594.81,1414.54,14.62,21.61,552.57,2388.09,9106.26,1.3,47.63,521.76,2388.08,8183.37,8.4773,0.03,396,2388,100.0,38.91,23.2725,37
54,221,0.0004,-0.0002,100.0,518.67,643.34,1596.92,1408.19,14.62,21.61,553.16,2388.05,9102.89,1.3,47.75,521.54,2388.12,8184.45,8.4553,0.03,395,2388,100.0,38.51,23.2132,36
54,222,0.0001,0.0003,100.0,518.67,643.07,1597.61,1417.76,14.62,21.61,552.96,2388.07,9110.27,1.3,47.74,521.16,2388.07,8179.19,8.4867,0.03,396,2388,100.0,38.64,23.2965,35
54,223,-0.0007,-0.0001,100.0,518.67,642.91,1596.45,1411.03,14.62,21.61,553.37,2388.1,9111.82,1.3,47.78,521.24,2388.13,8182.99,8.4706,0.03,396,2388,100.0,38.79,23.2558,34
54,224,-0.0017,0.0001,100.0,518.67,643.04,1597.27,1419.4,14.62,21.61,552.81,2388.07,9109.83,1.3,47.66,521.05,2388.13,8179.51,8.4377,0.03,393,2388,100.0,38.74,23.1277,33
54,225,0.0001,0.0003,100.0,518.67,643.46,1595.86,1415.16,14.62,21.61,553.15,2388.07,9113.06,1.3,47.86,521.04,2388.09,8177.15,8.4831,0.03,395,2388,100.0,38.76,23.2511,32
54,226,0.0002,-0.0003,100.0,518.67,642.8,1602.52,1416.28,14.62,21.61,552.53,2388.08,9112.59,1.3,47.81,520.25,2388.06,8182.03,8.4846,0.03,396,2388,100.0,38.89,23.1647,31
54,227,-0.0033,-0.0002,100.0,518.67,643.36,1594.94,1422.99,14.62,21.61,552.41,2388.08,9110.51,1.3,47.72,520.74,2388.1,8186.86,8.4757,0.03,395,2388,100.0,38.55,23.2584,30
54,228,-0.001,0.0001,100.0,518.67,642.88,1589.28,1415.8,14.62,21.61,552.93,2388.15,9119.68,1.3,47.63,520.61,2388.09,8183.82,8.4615,0.03,395,2388,100.0,38.71,23.3581,29
54,229,0.0011,0.0002,100.0,518.67,642.8,1595.84,1416.1,14.62,21.61,553.32,2388.13,9111.19,1.3,47.71,521.04,2388.15,8185.32,8.4798,0.03,395,2388,100.0,38.62,23.1657,28
54,230,0.0036,-0.0001,100.0,518.67,642.98,1599.85,1420.21,14.62,21.61,552.12,2388.14,9110.96,1.3,47.66,520.64,2388.08,8181.5,8.4809,0.03,394,2388,100.0,38.74,23.1741,27
54,231,0.0001,-0.0005,100.0,518.67,643.35,1595.99,1416.09,14.62,21.61,552.7,2388.1,9121.47,1.3,47.65,521.07,2388.16,8195.8,8.4704,0.03,395,2388,100.0,38.61,23.1995,26
54,232,-0.0022,-0.0004,100.0,518.67,642.88,1602.41,1417.45,14.62,21.61,552.03,2388.13,9122.95,1.3,47.87,520.78,2388.13,8187.19,8.442,0.03,395,2388,100.0,38.64,23.2829,25
54,233,0.0018,0.0002,100.0,518.67,643.74,1601.33,1415.61,14.62,21.61,552.12,2388.09,9121.68,1.3,47.59,520.68,2388.08,8188.82,8.4898,0.03,394,2388,100.0,38.92,23.1941,24
54,234,-0.0022,0.0001,100.0,518.67,643.16,1600.83,1416.21,14.62,21.61,552.19,2388.13,9122.25,1.3,47.72,519.96,2388.14,8189.77,8.5088,0.03,395,2388,100.0,38.47,23.1889,23
54,235,-0.0012,0.0004,100.0,518.67,643.22,1599.07,1420.38,14.62,21.61,553.35,2388.16,9130.75,1.3,47.73,520.83,2388.09,8195.5,8.4494,0.03,395,2388,100.0,38.58,23.1286,22
54,236,-0.0014,0.0001,100.0,518.67,643.18,1592.95,1419.42,14.62,21.61,552.33,2388.14,9124.76,1.3,48.02,520.91,2388.13,8193.98,8.4747,0.03,395,2388,100.0,38.86,23.2473,21
54,237,-0.0033,0.0002,100.0,518.67,643.01,1599.31,1415.38,14.62,21.61,551.82,2388.17,9121.21,1.3,47.81,520.52,2388.15,8195.87,8.4662,0.03,395,2388,100.0,38.76,23.1451,20
54,238,0.0014,-0.0003,100.0,518.67,644.02,1593.76,1424.77,14.62,21.61,552.44,2388.11,9132.31,1.3,47.95,520.64,2388.15,8195.16,8.4917,0.03,394,2388,100.0,38.65,23.1168,19
54,239,0.0028,-0.0003,100.0,518.67,643.45,1597.12,1422.58,14.62,21.61,552.95,2388.17,9131.26,1.3,47.97,520.92,2388.11,8193.28,8.4729,0.03,396,2388,100.0,38.69,23.128,18
54,240,0.0018,-0.0,100.0,518.67,643.03,1592.03,1428.36,14.62,21.61,552.29,2388.11,9131.71,1.3,47.88,520.16,2388.18,8192.72,8.4794,0.03,396,2388,100.0,38.62,23.1185,17
54,241,-0.002,0.0004,100.0,518.67,643.11,1595.36,1422.58,14.62,21.61,552.65,2388.15,9125.74,1.3,47.89,520.78,2388.13,8194.08,8.4856,0.03,396,2388,100.0,38.71,23.1501,16
54,242,-0.0009,-0.0004,100.0,518.67,643.32,1596.45,1427.83,14.62,21.61,552.29,2388.15,9125.38,1.3,47.99,520.2,2388.13,8198.47,8.4805,0.03,396,2388,100.0,38.78,23.0934,15
54,243,0.0011,0.0004,100.0,518.67,643.39,1595.0,1419.5,14.62,21.61,553.06,2388.13,9130.52,1.3,47.89,520.41,2388.1,8199.77,8.4982,0.03,395,2388,100.0,38.63,23.0876,14
54,244,0.0007,-0.0004,100.0,518.67,643.89,1606.81,1425.86,14.62,21.61,552.26,2388.14,9130.31,1.3,47.99,520.36,2388.11,8199.75,8.501,0.03,395,2388,100.0,38.49,23.0118,13
54,245,-0.0016,-0.0002,100.0,518.67,643.1,1605.07,1423.01,14.62,21.61,551.52,2388.15,9128.67,1.3,47.84,520.85,2388.14,8205.67,8.5059,0.03,395,2388,100.0,38.42,23.0871,12
54,246,-0.0015,-0.0001,100.0,518.67,643.17,1595.48,1418.44,14.62,21.61,552.39,2388.12,9130.5,1.3,48.07,520.32,2388.1,8202.59,8.5432,0.03,396,2388,100.0,38.64,23.1938,11
54,247,0.0002,0.0004,100.0,518.67,643.62,1599.48,1425.05,14.62,21.61,552.59,2388.16,9141.0,1.3,48.02,520.85,2388.11,8204.26,8.5183,0.03,395,2388,100.0,38.48,23.126,10
54,248,-0.0003,-0.0004,100.0,518.67,643.35,1597.52,1424.14,14.62,21.61,551.83,2388.13,9133.83,1.3,48.0,520.0,2388.14,8202.78,8.5001,0.03,396,2388,100.0,38.41,23.1075,9
54,249,-0.0012,0.0003,100.0,518.67,643.67,1602.33,1424.88,14.62,21.61,552.03,2388.15,9145.77,1.3,48.04,519.72,2388.19,8208.07,8.4857,0.03,397,2388,100.0,38.32,23.039,8
54,250,-0.0004,0.0004,100.0,518.67,643.81,1600.81,1425.69,14.62,21.61,552.31,2388.15,9137.77,1.3,47.99,520.25,2388.13,8206.29,8.5006,0.03,396,2388,100.0,38.48,23.092,7
54,251,0.0017,0.0001,100.0,518.67,643.56,1601.33,1420.83,14.62,21.61,552.03,2388.14,9143.94,1.3,48.1,520.03,2388.19,8213.25,8.5129,0.03,397,2388,100.0,38.57,23.1984,6
54,252,0.0019,0.0004,100.0,518.67,643.21,1608.14,1425.75,14.62,21.61,551.65,2388.13,9148.74,1.3,48.03,520.5,2388.12,8210.57,8.5395,0.03,397,2388,100.0,38.34,22.9746,5
54,253,-0.0021,-0.0,100.0,518.67,643.18,1603.81,1425.78,14.62,21.61,551.59,2388.21,9143.34,1.3,48.07,520.64,2388.19,8209.78,8.5366,0.03,396,2388,100.0,38.54,23.0378,4
54,254,-0.0059,0.0004,100.0,518.67,643.88,1607.47,1426.06,14.62,21.61,551.88,2388.18,9145.76,1.3,48.07,519.81,2388.17,8212.51,8.5097,0.03,396,2388,100.0,38.46,23.1485,3
54,255,-0.0015,-0.0003,100.0,518.67,644.27,1608.6,1427.77,14.62,21.61,550.96,2388.11,9153.65,1.3,48.03,520.29,2388.17,8215.84,8.4924,0.03,398,2388,100.0,38.65,23.1079,2
54,256,-0.0001,0.0002,100.0,518.67,643.26,1603.84,1426.84,14.62,21.61,551.63,2388.18,9148.5,1.3,48.01,520.01,2388.14,8220.31,8.5171,0.03,397,2388,100.0,38.46,23.0356,1
54,257,-0.0009,-0.0003,100.0,518.67,643.8,1601.79,1433.26,14.62,21.61,551.37,2388.16,9155.85,1.3,48.15,519.57,2388.15,8220.23,8.5295,0.03,395,2388,100.0,38.3,23.05,0
55,1,0.0002,-0.0003,100.0,518.67,642.58,1583.77,1407.45,14.62,21.61,554.39,2388.1,9041.62,1.3,47.39,521.5,2388.1,8133.23,8.4287,0.03,393,2388,100.0,38.95,23.3957,192
55,2,0.0021,0.0,100.0,518.67,642.14,1588.23,1414.47,14.62,21.61,553.77,2388.1,9047.71,1.3,47.33,521.33,2388.1,8135.6,8.3795,0.03,392,2388,100.0,38.86,23.3376,191
55,3,0.0012,-0.0,100.0,518.67,642.58,1591.48,1394.99,14.62,21.61,553.52,2388.11,9050.16,1.3,47.44,522.29,2388.12,8129.66,8.4301,0.03,392,2388,100.0,38.92,23.3784,190
55,4,-0.0049,0.0003,100.0,518.67,643.13,1587.15,1403.6,14.62,21.61,553.53,2388.07,9051.83,1.3,47.4,521.97,2388.08,8132.87,8.411,0.03,394,2388,100.0,38.82,23.3387,189
55,5,0.0019,-0.0005,100.0,518.67,642.29,1585.74,1403.63,14.62,21.61,553.81,2388.09,9053.23,1.3,47.31,522.02,2388.09,8132.97,8.4194,0.03,393,2388,100.0,38.86,23.3548,188
55,6,-0.0021,0.0003,100.0,518.67,642.37,1581.14,1413.67,14.62,21.61,553.89,2388.12,9052.13,1.3,47.51,520.98,2388.09,8132.56,8.4479,0.03,392,2388,100.0,38.96,23.2253,187
55,7,-0.0007,-0.0003,100.0,518.67,642.07,1582.69,1405.68,14.62,21.61,553.9,2388.11,9048.01,1.3,47.17,521.41,2388.11,8131.33,8.4513,0.03,393,2388,100.0,38.95,23.4041,186
55,8,-0.004,-0.0004,100.0,518.67,642.26,1584.97,1408.63,14.62,21.61,553.4,2388.12,9049.0,1.3,47.36,521.62,2388.06,8134.86,8.4656,0.03,392,2388,100.0,38.98,23.3927,185
55,9,-0.0003,0.0004,100.0,518.67,642.34,1597.86,1403.04,14.62,21.61,553.32,2388.0,9056.21,1.3,47.58,522.2,2388.08,8127.95,8.4383,0.03,394,2388,100.0,38.74,23.3623,184
55,10,-0.0024,0.0001,100.0,518.67,642.43,1589.78,1398.95,14.62,21.61,553.54,2388.08,9052.89,1.3,47.38,521.66,2388.07,8135.85,8.4329,0.03,392,2388,100.0,38.94,23.1844,183
55,11,0.0001,0.0002,100.0,518.67,642.76,1583.23,1402.85,14.62,21.61,553.95,2388.09,9052.67,1.3,47.55,521.93,2388.07,8135.55,8.417,0.03,393,2388,100.0,38.78,23.3875,182
55,12,0.0013,-0.0004,100.0,518.67,642.1,1592.64,1403.54,14.62,21.61,553.45,2388.11,9050.97,1.3,47.37,521.57,2388.12,8131.79,8.4243,0.03,392,2388,100.0,38.95,23.2287,181
55,13,-0.0039,-0.0002,100.0,518.67,642.1,1595.2,1401.58,14.62,21.61,553.31,2388.12,9044.03,1.3,47.41,521.45,2388.09,8133.91,8.4336,0.03,392,2388,100.0,38.88,23.1794,180
55,14,-0.0007,0.0002,100.0,518.67,642.31,1591.19,1403.01,14.62,21.61,554.31,2388.09,9046.62,1.3,47.36,521.02,2388.08,8133.87,8.4327,0.03,394,2388,100.0,38.74,23.368,179
55,15,0.0002,0.0001,100.0,518.67,642.85,1580.98,1401.38,14.62,21.61,553.45,2388.08,9049.05,1.3,47.44,521.55,2388.11,8136.76,8.4628,0.03,393,2388,100.0,38.77,23.2677,178
55,16,-0.0008,0.0,100.0,518.67,642.82,1597.64,1410.09,14.62,21.61,553.78,2388.05,9051.28,1.3,47.65,522.1,2388.07,8128.68,8.4224,0.03,393,2388,100.0,38.83,23.2318,177
55,17,0.002,-0.0004,100.0,518.67,642.36,1590.75,1403.37,14.62,21.61,554.47,2388.1,9047.83,1.3,47.41,521.61,2388.08,8132.25,8.4455,0.03,392,2388,100.0,38.88,23.1939,176
55,18,-0.0027,0.0003,100.0,518.67,642.59,1591.03,1403.35,14.62,21.61,553.15,2388.07,9049.0,1.3,47.34,521.83,2388.1,8134.26,8.4243,0.03,392,2388,100.0,38.93,23.4089,175
55,19,-0.0024,-0.0002,100.0,518.67,643.03,1589.11,1410.26,14.62,21.61,554.21,2388.02,9057.1,1.3,47.37,521.87,2388.08,8135.87,8.4019,0.03,391,2388,100.0,38.78,23.3245,174
55,20,0.0011,-0.0003,100.0,518.67,642.44,1593.78,1410.96,14.62,21.61,553.66,2388.11,9046.73,1.3,47.53,521.69,2388.09,8134.39,8.425,0.03,393,2388,100.0,38.97,23.3576,173
55,21,0.0004,-0.0001,100.0,518.67,642.5,1581.61,1403.02,14.62,21.61,553.49,2388.02,9053.8,1.3,47.24,521.56,2388.08,8134.43,8.4221,0.03,394,2388,100.0,38.9,23.3596,172
55,22,0.002,0.0005,100.0,518.67,643.07,1583.91,1409.29,14.62,21.61,554.05,2388.1,9057.18,1.3,47.27,521.03,2388.07,8128.61,8.453,0.03,392,2388,100.0,38.63,23.2477,171
55,23,-0.0035,-0.0002,100.0,518.67,642.71,1588.78,1411.58,14.62,21.61,553.88,2388.07,9055.32,1.3,47.52,521.69,2388.1,8125.81,8.4265,0.03,392,2388,100.0,38.87,23.3842,170
55,24,0.0025,0.0002,100.0,518.67,641.71,1590.36,1404.45,14.62,21.61,553.23,2388.1,9043.58,1.3,47.62,522.08,2388.02,8129.73,8.4445,0.03,393,2388,100.0,39.05,23.3608,169
55,25,-0.0023,0.0004,100.0,518.67,642.24,1586.67,1408.9,14.62,21.61,554.11,2388.11,9057.0,1.3,47.47,521.59,2388.08,8135.48,8.4511,0.03,393,2388,100.0,39.04,23.4263,168
55,26,-0.0013,-0.0003,100.0,518.67,642.07,1585.16,1400.53,14.62,21.61,553.27,2388.1,9050.07,1.3,47.38,521.24,2388.2,8137.72,8.4353,0.03,392,2388,100.0,38.9,23.3291,167
55,27,-0.0029,-0.0001,100.0,518.67,642.31,1589.68,1412.27,14.62,21.61,553.87,2388.13,9052.08,1.3,47.37,521.97,2388.1,8131.45,8.4145,0.03,393,2388,100.0,38.82,23.2553,166
55,28,0.0007,0.0,100.0,518.67,642.55,1589.38,1404.99,14.62,21.61,553.21,2388.15,9054.49,1.3,47.54,521.67,2388.14,8135.71,8.439,0.03,393,2388,100.0,38.91,23.3018,165
55,29,-0.0013,0.0003,100.0,518.67,642.53,1589.68,1408.66,14.62,21.61,553.37,2388.07,9051.26,1.3,47.42,521.43,2388.06,8133.28,8.4321,0.03,392,2388,100.0,38.73,23.2784,164
55,30,-0.0033,-0.0002,100.0,518.67,642.07,1590.39,1403.38,14.62,21.61,553.45,2388.01,9049.39,1.3,47.52,522.28,2388.03,8131.72,8.4076,0.03,393,2388,100.0,38.91,23.2435,163
55,31,0.0015,0.0004,100.0,518.67,642.59,1590.3,1399.6,14.62,21.61,553.71,2388.1,9050.09,1.3,47.38,521.99,2388.06,8136.41,8.4548,0.03,393,2388,100.0,38.85,23.2838,162
55,32,0.0003,0.0003,100.0,518.67,642.44,1591.72,1404.47,14.62,21.61,553.31,2388.09,9052.16,1.3,47.17,521.76,2388.08,8127.77,8.4529,0.03,392,2388,100.0,38.99,23.3315,161
55,33,0.0013,0.0002,100.0,518.67,642.7,1587.7,1412.03,14.62,21.61,553.62,2388.12,9050.47,1.3,47.35,521.98,2388.12,8128.95,8.4289,0.03,394,2388,100.0,39.04,23.2675,160
55,34,-0.0022,0.0003,100.0,518.67,642.55,1586.17,1401.31,14.62,21.61,553.23,2388.07,9054.37,1.3,47.41,521.21,2388.08,8140.69,8.44,0.03,393,2388,100.0,39.04,23.3541,159
55,35,-0.0007,-0.0004,100.0,518.67,642.71,1591.51,1405.42,14.62,21.61,554.22,2388.09,9050.64,1.3,47.41,521.66,2388.11,8128.38,8.4237,0.03,393,2388,100.0,38.9,23.364,158
55,36,0.0009,0.0003,100.0,518.67,642.42,1586.16,1400.94,14.62,21.61,553.74,2388.12,9040.33,1.3,47.48,521.44,2388.16,8138.37,8.434,0.03,391,2388,100.0,38.81,23.2812,157
55,37,-0.0002,-0.0001,100.0,518.67,642.34,1590.66,1399.72,14.62,21.61,553.8,2388.12,9052.45,1.3,47.38,521.6,2388.05,8134.75,8.4126,0.03,394,2388,100.0,38.85,23.4516,156
55,38,-0.0004,-0.0002,100.0,518.67,643.03,1587.43,1405.96,14.62,21.61,553.86,2388.07,9056.19,1.3,47.41,521.56,2388.13,8133.35,8.3921,0.03,393,2388,100.0,38.78,23.2366,155
55,39,0.0001,0.0005,100.0,518.67,643.21,1587.54,1407.22,14.62,21.61,554.64,2388.1,9052.09,1.3,47.5,521.69,2388.08,8128.76,8.4453,0.03,392,2388,100.0,39.02,23.3673,154
55,40,-0.0015,-0.0003,100.0,518.67,642.54,1584.95,1400.48,14.62,21.61,554.19,2388.09,9054.94,1.3,47.23,522.42,2388.09,8134.08,8.4506,0.03,392,2388,100.0,38.93,23.2373,153
55,41,-0.002,-0.0002,100.0,518.67,642.5,1588.53,1417.32,14.62,21.61,553.05,2388.12,9054.32,1.3,47.65,521.36,2388.07,8137.65,8.4549,0.03,392,2388,100.0,39.0,23.3044,152
55,42,0.0009,0.0003,100.0,518.67,642.46,1593.49,1403.59,14.62,21.61,553.84,2388.03,9056.68,1.3,47.25,521.56,2388.07,8141.85,8.4449,0.03,393,2388,100.0,38.75,23.4016,151
55,43,-0.0002,-0.0002,100.0,518.67,642.71,1586.63,1404.7,14.62,21.61,552.75,2388.08,9044.79,1.3,47.32,521.83,2388.12,8127.64,8.4453,0.03,393,2388,100.0,39.0,23.2492,150
55,44,0.0013,-0.0001,100.0,518.67,642.2,1587.01,1401.61,14.62,21.61,553.75,2388.06,9050.6,1.3,47.34,521.3,2388.05,8130.73,8.4178,0.03,392,2388,100.0,38.92,23.3216,149
55,45,-0.0015,-0.0003,100.0,518.67,643.06,1585.46,1399.45,14.62,21.61,553.46,2388.05,9061.86,1.3,47.25,522.26,2388.1,8130.9,8.4312,0.03,394,2388,100.0,38.99,23.178,148
55,46,0.0005,-0.0005,100.0,518.67,642.3,1588.39,1404.44,14.62,21.61,553.59,2388.08,9051.27,1.3,47.4,521.79,2388.12,8129.26,8.4243,0.03,392,2388,100.0,38.87,23.2873,147
55,47,0.0001,0.0005,100.0,518.67,642.5,1583.4,1403.73,14.62,21.61,553.28,2388.07,9048.47,1.3,47.32,521.79,2388.07,8130.35,8.426,0.03,392,2388,100.0,38.71,23.3041,146
55,48,0.0057,-0.0,100.0,518.67,642.44,1589.78,1406.0,14.62,21.61,553.47,2388.1,9055.99,1.3,47.31,521.32,2388.09,8128.37,8.4148,0.03,393,2388,100.0,39.28,23.3804,145
55,49,0.0002,-0.0,100.0,518.67,642.5,1590.36,1408.59,14.62,21.61,554.29,2388.09,9049.58,1.3,47.34,521.82,2388.06,8131.38,8.421,0.03,393,2388,100.0,38.92,23.2912,144
55,50,0.0042,0.0005,100.0,518.67,642.84,1583.56,1404.47,14.62,21.61,553.3,2388.1,9048.67,1.3,47.54,521.75,2388.11,8131.26,8.4072,0.03,392,2388,100.0,38.7,23.2224,143
55,51,-0.0017,-0.0001,100.0,518.67,642.96,1589.7,1403.49,14.62,21.61,553.4,2388.09,9058.62,1.3,47.4,521.78,2388.05,8126.89,8.4431,0.03,392,2388,100.0,38.96,23.3578,142
55,52,-0.0003,-0.0001,100.0,518.67,642.32,1587.98,1405.09,14.62,21.61,554.29,2388.12,9058.43,1.3,47.36,521.34,2388.12,8132.67,8.4278,0.03,391,2388,100.0,38.97,23.3521,141
55,53,-0.0026,-0.0001,100.0,518.67,642.34,1591.16,1408.01,14.62,21.61,554.45,2388.07,9057.05,1.3,47.33,521.17,2388.1,8134.01,8.4087,0.03,394,2388,100.0,38.78,23.3443,140
55,54,-0.0025,-0.0004,100.0,518.67,642.66,1594.07,1405.22,14.62,21.61,553.84,2388.12,9054.41,1.3,47.5,522.56,2388.12,8136.72,8.4552,0.03,394,2388,100.0,38.77,23.2679,139
55,55,0.0028,0.0005,100.0,518.67,642.75,1593.89,1403.02,14.62,21.61,553.7,2388.05,9049.91,1.3,47.45,521.35,2388.09,8131.35,8.4497,0.03,392,2388,100.0,38.79,23.2812,138
55,56,-0.0,0.0001,100.0,518.67,642.35,1590.24,1409.91,14.62,21.61,553.26,2388.05,9054.46,1.3,47.44,521.85,2388.1,8136.29,8.4744,0.03,394,2388,100.0,38.78,23.3575,137
55,57,0.0008,0.0002,100.0,518.67,642.89,1588.72,1402.71,14.62,21.61,554.03,2388.07,9046.66,1.3,47.41,521.32,2388.08,8131.97,8.46,0.03,392,2388,100.0,38.89,23.3371,136
55,58,0.0011,-0.0001,100.0,518.67,642.24,1590.47,1398.28,14.62,21.61,552.92,2388.1,9055.03,1.3,47.35,521.41,2388.06,8137.99,8.4191,0.03,394,2388,100.0,38.92,23.2837,135
55,59,-0.0017,-0.0004,100.0,518.67,642.57,1591.21,1408.89,14.62,21.61,554.72,2388.08,9054.57,1.3,47.45,521.77,2388.11,8142.4,8.445,0.03,391,2388,100.0,38.87,23.3368,134
55,60,-0.0007,-0.0,100.0,518.67,642.49,1592.26,1409.02,14.62,21.61,553.5,2388.09,9051.9,1.3,47.57,521.67,2388.1,8129.06,8.435,0.03,392,2388,100.0,38.98,23.3491,133
55,61,0.0003,0.0001,100.0,518.67,642.94,1585.62,1401.48,14.62,21.61,553.61,2388.07,9050.36,1.3,47.46,521.58,2388.07,8133.04,8.4297,0.03,394,2388,100.0,38.98,23.2973,132
55,62,-0.0006,0.0003,100.0,518.67,642.78,1583.55,1412.35,14.62,21.61,553.67,2388.05,9054.46,1.3,47.55,522.13,2388.12,8137.45,8.4568,0.03,393,2388,100.0,38.9,23.3323,131
55,63,-0.0029,0.0003,100.0,518.67,642.66,1590.91,1413.15,14.62,21.61,552.99,2388.07,9051.97,1.3,47.47,521.38,2388.06,8136.42,8.4209,0.03,392,2388,100.0,39.01,23.3115,130
55,64,0.0042,0.0005,100.0,518.67,642.3,1579.07,1407.78,14.62,21.61,553.09,2388.07,9052.77,1.3,47.24,521.45,2388.17,8138.56,8.4201,0.03,393,2388,100.0,38.83,23.352,129
55,65,0.0031,0.0002,100.0,518.67,642.62,1586.74,1401.08,14.62,21.61,553.26,2388.1,9054.94,1.3,47.52,521.57,2388.05,8137.7,8.4539,0.03,392,2388,100.0,38.9,23.2526,128
55,66,-0.0012,-0.0001,100.0,518.67,642.62,1583.04,1400.59,14.62,21.61,553.92,2388.11,9054.8,1.3,47.37,521.44,2388.08,8136.94,8.4234,0.03,392,2388,100.0,38.82,23.3839,127
55,67,-0.0022,0.0005,100.0,518.67,642.6,1592.75,1399.91,14.62,21.61,554.08,2388.09,9049.36,1.3,47.39,521.96,2388.08,8129.57,8.4392,0.03,392,2388,100.0,38.76,23.3759,126
55,68,0.0008,-0.0003,100.0,518.67,642.16,1586.02,1403.38,14.62,21.61,553.77,2388.07,9056.67,1.3,47.5,522.0,2388.14,8136.54,8.4437,0.03,393,2388,100.0,38.97,23.3935,125
55,69,0.0007,0.0005,100.0,518.67,642.64,1585.44,1410.41,14.62,21.61,552.72,2388.07,9056.0,1.3,47.5,521.67,2388.11,8133.25,8.408,0.03,395,2388,100.0,38.88,23.3587,124
55,70,0.0009,-0.0,100.0,518.67,642.99,1592.12,1399.18,14.62,21.61,554.11,2388.08,9051.23,1.3,47.49,522.15,2388.08,8133.86,8.4442,0.03,393,2388,100.0,39.0,23.3108,123
55,71,0.0025,0.0003,100.0,518.67,642.73,1588.9,1415.51,14.62,21.61,552.9,2388.12,9054.38,1.3,47.6,521.79,2388.14,8133.92,8.4587,0.03,393,2388,100.0,38.7,23.3675,122
55,72,-0.0024,0.0,100.0,518.67,642.76,1583.57,1403.71,14.62,21.61,553.67,2388.1,9049.4,1.3,47.51,521.77,2388.1,8132.35,8.4435,0.03,393,2388,100.0,38.86,23.3164,121
55,73,-0.0002,0.0002,100.0,518.67,642.14,1588.68,1403.74,14.62,21.61,553.61,2388.08,9050.99,1.3,47.38,521.72,2388.08,8145.11,8.4248,0.03,393,2388,100.0,38.91,23.2623,120
55,74,-0.0024,0.0005,100.0,518.67,642.22,1595.04,1403.01,14.62,21.61,552.94,2388.1,9058.27,1.3,47.48,521.4,2388.1,8126.33,8.4187,0.03,395,2388,100.0,38.55,23.3329,119
55,75,-0.0018,0.0001,100.0,518.67,643.37,1593.63,1409.8,14.62,21.61,553.47,2388.08,9063.08,1.3,47.41,521.38,2388.08,8135.99,8.4541,0.03,392,2388,100.0,38.89,23.2689,118
55,76,-0.0017,0.0001,100.0,518.67,642.89,1585.87,1404.59,14.62,21.61,553.14,2388.09,9056.22,1.3,47.3,521.69,2388.05,8134.11,8.4534,0.03,393,2388,100.0,38.87,23.33,117
55,77,0.0021,0.0003,100.0,518.67,642.94,1586.69,1409.27,14.62,21.61,553.67,2388.07,9054.83,1.3,47.41,521.79,2388.09,8131.93,8.4282,0.03,392,2388,100.0,38.67,23.3956,116
55,78,-0.0026,-0.0003,100.0,518.67,642.71,1586.63,1400.89,14.62,21.61,553.92,2388.12,9055.48,1.3,47.27,521.57,2388.13,8135.4,8.4073,0.03,393,2388,100.0,38.79,23.3374,115
55,79,0.0022,0.0002,100.0,518.67,642.11,1583.81,1407.54,14.62,21.61,554.43,2388.08,9059.35,1.3,47.41,521.82,2388.08,8136.65,8.4901,0.03,392,2388,100.0,38.98,23.3602,114
55,80,-0.0003,-0.0,100.0,518.67,642.09,1591.77,1402.03,14.62,21.61,553.14,2388.07,9059.79,1.3,47.67,521.8,2388.08,8133.26,8.4346,0.03,393,2388,100.0,38.79,23.3715,113
55,81,0.0011,0.0001,100.0,518.67,643.15,1593.2,1398.25,14.62,21.61,553.69,2388.13,9060.15,1.3,47.41,521.93,2388.11,8135.41,8.4142,0.03,393,2388,100.0,38.99,23.2949,112
55,82,0.0033,-0.0,100.0,518.67,642.14,1580.88,1401.86,14.62,21.61,553.12,2388.03,9058.54,1.3,47.58,521.35,2388.02,8135.72,8.4554,0.03,392,2388,100.0,38.97,23.3539,111
55,83,0.0021,-0.0003,100.0,518.67,642.39,1593.43,1413.33,14.62,21.61,553.38,2388.07,9063.65,1.3,47.5,521.18,2388.1,8142.31,8.4434,0.03,392,2388,100.0,38.84,23.32,110
55,84,-0.0,0.0001,100.0,518.67,642.88,1589.07,1405.1,14.62,21.61,553.15,2388.06,9047.47,1.3,47.63,521.18,2388.1,8141.04,8.4417,0.03,393,2388,100.0,38.94,23.3036,109
55,85,-0.0012,-0.0004,100.0,518.67,642.32,1590.05,1407.64,14.62,21.61,554.21,2388.14,9060.74,1.3,47.46,522.16,2388.07,8131.64,8.4295,0.03,390,2388,100.0,38.85,23.2302,108
55,86,0.0001,0.0003,100.0,518.67,642.65,1591.96,1403.18,14.62,21.61,552.93,2388.12,9060.32,1.3,47.42,521.42,2388.07,8134.6,8.4515,0.03,395,2388,100.0,38.95,23.2536,107
55,87,-0.002,-0.0004,100.0,518.67,642.36,1584.24,1405.89,14.62,21.61,553.15,2388.07,9057.75,1.3,47.54,521.39,2388.08,8136.54,8.4084,0.03,395,2388,100.0,39.01,23.3704,106
55,88,-0.0033,0.0004,100.0,518.67,642.43,1589.3,1405.85,14.62,21.61,554.02,2388.11,9059.86,1.3,47.54,521.61,2388.12,8138.0,8.4211,0.03,391,2388,100.0,38.73,23.244,105
55,89,0.0005,0.0004,100.0,518.67,642.51,1584.39,1406.59,14.62,21.61,553.56,2388.06,9058.67,1.3,47.48,521.51,2388.09,8138.09,8.4438,0.03,391,2388,100.0,39.0,23.3053,104
55,90,0.0002,-0.0003,100.0,518.67,642.73,1593.85,1407.56,14.62,21.61,553.22,2388.15,9072.0,1.3,47.38,521.2,2388.07,8139.46,8.4428,0.03,392,2388,100.0,38.78,23.357,103
55,91,0.0018,0.0003,100.0,518.67,642.51,1587.86,1403.36,14.62,21.61,553.08,2388.08,9055.41,1.3,47.2,521.54,2388.04,8137.06,8.4075,0.03,392,2388,100.0,38.87,23.2617,102
55,92,0.0017,0.0001,100.0,518.67,642.37,1596.03,1408.65,14.62,21.61,552.9,2388.11,9055.57,1.3,47.41,521.91,2388.09,8134.21,8.4092,0.03,392,2388,100.0,38.95,23.3063,101
55,93,0.0026,-0.0,100.0,518.67,642.69,1586.82,1408.05,14.62,21.61,553.92,2388.11,9058.76,1.3,47.43,522.11,2388.08,8140.28,8.4462,0.03,394,2388,100.0,39.01,23.2548,100
55,94,0.0,0.0,100.0,518.67,641.84,1587.43,1405.93,14.62,21.61,553.61,2388.06,9060.05,1.3,47.45,521.45,2388.08,8142.94,8.4144,0.03,392,2388,100.0,38.69,23.2884,99
55,95,0.0009,0.0003,100.0,518.67,642.68,1595.63,1410.05,14.62,21.61,553.76,2388.12,9059.92,1.3,47.36,521.48,2388.12,8138.22,8.4296,0.03,394,2388,100.0,38.82,23.4112,98
55,96,-0.0035,0.0002,100.0,518.67,643.13,1591.41,1406.37,14.62,21.61,553.43,2388.12,9064.84,1.3,47.34,521.62,2388.08,8141.18,8.4415,0.03,393,2388,100.0,39.07,23.286,97
55,97,0.0021,-0.0003,100.0,518.67,642.8,1590.84,1407.78,14.62,21.61,553.73,2388.05,9069.45,1.3,47.53,521.66,2388.1,8139.32,8.4258,0.03,394,2388,100.0,38.84,23.3534,96
55,98,-0.0034,0.0003,100.0,518.67,642.08,1592.72,1411.59,14.62,21.61,553.36,2388.1,9065.09,1.3,47.61,521.7,2388.08,8141.05,8.4297,0.03,394,2388,100.0,38.8,23.277,95
55,99,-0.0015,0.0001,100.0,518.67,642.58,1593.06,1407.28,14.62,21.61,553.73,2388.09,9059.98,1.3,47.46,521.52,2388.1,8143.31,8.4478,0.03,392,2388,100.0,38.73,23.2968,94
55,100,-0.0059,-0.0005,100.0,518.67,642.19,1596.67,1413.72,14.62,21.61,553.4,2388.14,9061.71,1.3,47.3,521.4,2388.1,8137.66,8.4105,0.03,393,2388,100.0,38.84,23.3006,93
55,101,0.0008,-0.0002,100.0,518.67,642.7,1584.46,1412.5,14.62,21.61,554.08,2388.1,9062.28,1.3,47.52,521.16,2388.07,8146.33,8.4521,0.03,394,2388,100.0,38.89,23.3918,92
55,102,0.0012,0.0001,100.0,518.67,642.62,1581.68,1398.5,14.62,21.61,553.46,2388.11,9059.86,1.3,47.43,521.24,2388.09,8141.65,8.3906,0.03,392,2388,100.0,38.7,23.2673,91
55,103,0.002,0.0,100.0,518.67,642.68,1584.27,1401.89,14.62,21.61,553.65,2388.03,9059.1,1.3,47.44,521.57,2388.08,8141.34,8.4426,0.03,393,2388,100.0,38.85,23.3911,90
55,104,-0.0011,0.0004,100.0,518.67,642.48,1587.57,1405.24,14.62,21.61,552.98,2388.07,9060.15,1.3,47.44,521.13,2388.08,8135.93,8.4281,0.03,395,2388,100.0,39.01,23.3334,89
55,105,0.0003,-0.0002,100.0,518.67,642.55,1586.78,1402.1,14.62,21.61,552.96,2388.05,9062.54,1.3,47.6,521.63,2388.11,8138.92,8.4045,0.03,394,2388,100.0,38.98,23.3129,88
55,106,0.0024,-0.0001,100.0,518.67,643.26,1592.36,1412.56,14.62,21.61,552.92,2388.05,9065.82,1.3,47.62,521.85,2388.12,8140.58,8.4178,0.03,393,2388,100.0,38.69,23.2537,87
55,107,0.005,-0.0004,100.0,518.67,642.02,1586.51,1408.59,14.62,21.61,553.63,2388.05,9063.04,1.3,47.51,521.73,2388.08,8145.15,8.4622,0.03,392,2388,100.0,39.04,23.3281,86
55,108,0.0007,-0.0004,100.0,518.67,642.56,1587.67,1413.36,14.62,21.61,554.1,2388.06,9063.3,1.3,47.43,521.42,2388.16,8145.27,8.4583,0.03,394,2388,100.0,38.73,23.2382,85
55,109,0.0015,-0.0001,100.0,518.67,642.33,1584.97,1409.02,14.62,21.61,553.48,2388.07,9063.96,1.3,47.49,521.4,2388.09,8144.31,8.4535,0.03,393,2388,100.0,38.83,23.3957,84
55,110,0.0007,0.0003,100.0,518.67,642.73,1592.47,1412.48,14.62,21.61,552.79,2388.14,9066.66,1.3,47.33,521.72,2388.15,8139.01,8.4531,0.03,393,2388,100.0,38.86,23.3357,83
55,111,-0.0036,-0.0003,100.0,518.67,642.83,1591.15,1404.46,14.62,21.61,553.05,2388.11,9065.42,1.3,47.58,521.55,2388.08,8141.28,8.4354,0.03,391,2388,100.0,38.88,23.3767,82
55,112,0.0031,0.0005,100.0,518.67,642.87,1585.11,1411.59,14.62,21.61,553.55,2388.12,9061.6,1.3,47.44,521.8,2388.06,8145.23,8.4105,0.03,393,2388,100.0,38.73,23.2428,81
55,113,-0.0019,-0.0003,100.0,518.67,642.35,1589.86,1407.43,14.62,21.61,553.95,2388.08,9063.31,1.3,47.72,521.75,2388.08,8144.9,8.459,0.03,393,2388,100.0,38.7,23.3378,80
55,114,-0.0001,0.0001,100.0,518.67,642.76,1585.83,1402.95,14.62,21.61,553.37,2388.1,9068.7,1.3,47.47,521.37,2388.08,8144.33,8.4481,0.03,394,2388,100.0,38.99,23.3033,79
55,115,0.001,-0.0002,100.0,518.67,642.54,1590.64,1408.19,14.62,21.61,553.3,2388.1,9068.78,1.3,47.42,521.61,2388.03,8148.85,8.4055,0.03,394,2388,100.0,38.94,23.3777,78
55,116,-0.0015,0.0005,100.0,518.67,642.55,1592.31,1415.36,14.62,21.61,553.72,2388.08,9067.33,1.3,47.42,520.98,2388.05,8148.2,8.4263,0.03,393,2388,100.0,38.86,23.3278,77
55,117,-0.0004,0.0004,100.0,518.67,643.14,1584.12,1409.93,14.62,21.61,554.17,2388.14,9068.09,1.3,47.4,521.68,2388.1,8145.67,8.4589,0.03,392,2388,100.0,38.88,23.3305,76
55,118,-0.002,0.0001,100.0,518.67,642.92,1581.42,1409.37,14.62,21.61,553.85,2388.13,9070.13,1.3,47.52,521.41,2388.09,8147.61,8.4185,0.03,393,2388,100.0,38.88,23.2728,75
55,119,0.0002,0.0003,100.0,518.67,642.6,1586.61,1408.51,14.62,21.61,553.11,2388.08,9068.68,1.3,47.54,521.71,2388.07,8143.71,8.4103,0.03,393,2388,100.0,38.77,23.303,74
55,120,0.0036,-0.0,100.0,518.67,642.42,1587.74,1403.25,14.62,21.61,553.08,2388.06,9062.98,1.3,47.43,520.64,2388.12,8144.49,8.446,0.03,393,2388,100.0,38.91,23.3065,73
55,121,0.0019,-0.0004,100.0,518.67,642.61,1596.47,1408.81,14.62,21.61,552.8,2388.08,9066.33,1.3,47.53,520.77,2388.06,8142.16,8.4261,0.03,393,2388,100.0,38.78,23.349,72
55,122,0.0025,0.0004,100.0,518.67,642.31,1589.76,1410.14,14.62,21.61,553.43,2388.12,9071.9,1.3,47.48,521.45,2388.07,8147.16,8.4166,0.03,394,2388,100.0,38.72,23.2606,71
55,123,0.0021,-0.0001,100.0,518.67,642.89,1587.19,1400.24,14.62,21.61,553.88,2388.08,9068.91,1.3,47.34,521.15,2388.11,8147.05,8.467,0.03,393,2388,100.0,38.89,23.3212,70
55,124,0.0003,0.0002,100.0,518.67,642.37,1589.57,1405.01,14.62,21.61,553.91,2388.11,9069.72,1.3,47.49,521.77,2388.12,8149.32,8.4689,0.03,393,2388,100.0,38.8,23.2596,69
55,125,-0.0015,-0.0001,100.0,518.67,642.57,1587.4,1411.02,14.62,21.61,552.74,2388.14,9068.41,1.3,47.49,521.7,2388.12,8153.46,8.4253,0.03,394,2388,100.0,39.01,23.4306,68
55,126,0.0009,0.0003,100.0,518.67,642.59,1589.12,1407.49,14.62,21.61,554.13,2388.08,9077.01,1.3,47.71,521.98,2388.08,8149.19,8.4333,0.03,393,2388,100.0,38.73,23.3047,67
55,127,0.0046,0.0004,100.0,518.67,642.29,1588.75,1416.24,14.62,21.61,553.43,2388.1,9070.39,1.3,47.53,520.71,2388.06,8150.23,8.4579,0.03,393,2388,100.0,38.82,23.2878,66
55,128,-0.0033,0.0004,100.0,518.67,642.18,1589.23,1408.37,14.62,21.61,554.08,2388.08,9079.89,1.3,47.26,521.5,2388.09,8150.83,8.4519,0.03,393,2388,100.0,38.79,23.3714,65
55,129,0.0027,-0.0004,100.0,518.67,642.87,1593.23,1415.28,14.62,21.61,553.68,2388.07,9074.97,1.3,47.55,521.68,2388.11,8150.11,8.4213,0.03,394,2388,100.0,38.73,23.2198,64
55,130,0.0005,0.0001,100.0,518.67,643.01,1585.13,1416.33,14.62,21.61,553.13,2388.09,9072.2,1.3,47.68,521.75,2388.08,8150.56,8.4564,0.03,393,2388,100.0,38.69,23.2138,63
55,131,0.0012,0.0005,100.0,518.67,642.19,1597.37,1406.76,14.62,21.61,554.27,2388.07,9078.81,1.3,47.76,521.78,2388.08,8157.43,8.4275,0.03,394,2388,100.0,38.9,23.2221,62
55,132,0.0002,-0.0003,100.0,518.67,642.48,1588.38,1413.84,14.62,21.61,553.38,2388.08,9077.05,1.3,47.61,521.11,2388.1,8152.88,8.4447,0.03,394,2388,100.0,38.76,23.3597,61
55,133,-0.0018,0.0002,100.0,518.67,642.98,1590.68,1410.11,14.62,21.61,553.32,2388.12,9073.66,1.3,47.57,521.08,2388.11,8150.78,8.4626,0.03,393,2388,100.0,38.71,23.332,60
55,134,-0.0004,-0.0002,100.0,518.67,642.02,1594.72,1415.02,14.62,21.61,553.48,2388.05,9073.08,1.3,47.36,521.87,2388.08,8159.61,8.4955,0.03,393,2388,100.0,38.7,23.2386,59
55,135,0.0011,-0.0,100.0,518.67,643.3,1588.01,1409.81,14.62,21.61,553.1,2388.07,9083.13,1.3,47.53,521.36,2388.02,8162.6,8.4374,0.03,394,2388,100.0,38.97,23.2518,58
55,136,-0.0012,-0.0003,100.0,518.67,642.21,1588.73,1411.09,14.62,21.61,553.17,2388.11,9078.58,1.3,47.78,521.11,2388.07,8153.46,8.4767,0.03,393,2388,100.0,38.84,23.2813,57
55,137,-0.0002,0.0005,100.0,518.67,642.03,1595.69,1404.53,14.62,21.61,552.77,2388.09,9090.11,1.3,47.38,521.11,2388.07,8160.26,8.4335,0.03,395,2388,100.0,38.85,23.3662,56
55,138,0.0012,0.0003,100.0,518.67,642.83,1596.59,1410.59,14.62,21.61,553.29,2388.1,9081.94,1.3,47.48,521.36,2388.1,8163.83,8.4516,0.03,393,2388,100.0,38.64,23.3185,55
55,139,-0.0009,0.0005,100.0,518.67,642.59,1592.34,1411.75,14.62,21.61,553.6,2388.08,9085.12,1.3,47.58,521.1,2388.08,8163.96,8.4121,0.03,394,2388,100.0,38.92,23.3268,54
55,140,0.0033,0.0001,100.0,518.67,642.74,1589.54,1412.05,14.62,21.61,552.85,2388.08,9084.15,1.3,47.56,521.52,2388.07,8159.52,8.4654,0.03,393,2388,100.0,38.66,23.1677,53
55,141,0.0011,0.0001,100.0,518.67,642.5,1593.92,1410.82,14.62,21.61,553.22,2388.05,9086.58,1.3,47.53,521.5,2388.07,8154.19,8.4405,0.03,393,2388,100.0,38.7,23.2895,52
55,142,0.0004,-0.0,100.0,518.67,642.36,1588.12,1406.88,14.62,21.61,552.96,2388.03,9082.21,1.3,47.59,521.45,2388.08,8164.9,8.4824,0.03,392,2388,100.0,38.82,23.3661,51
55,143,-0.0017,0.0005,100.0,518.67,642.69,1590.15,1421.33,14.62,21.61,553.12,2388.09,9092.7,1.3,47.71,521.43,2388.13,8161.84,8.4406,0.03,393,2388,100.0,38.67,23.3507,50
55,144,-0.0034,-0.0004,100.0,518.67,642.46,1592.35,1408.55,14.62,21.61,553.06,2388.05,9090.5,1.3,47.51,521.86,2388.07,8165.22,8.4472,0.03,394,2388,100.0,38.68,23.304,49
55,145,-0.0008,0.0003,100.0,518.67,643.29,1589.33,1410.1,14.62,21.61,553.4,2388.14,9085.25,1.3,47.49,521.04,2388.09,8158.67,8.4596,0.03,393,2388,100.0,38.82,23.1081,48
55,146,0.0013,0.0001,100.0,518.67,642.81,1593.24,1414.97,14.62,21.61,552.61,2388.06,9090.05,1.3,47.61,520.92,2388.09,8162.69,8.4693,0.03,393,2388,100.0,38.67,23.2328,47
55,147,0.0,0.0005,100.0,518.67,643.04,1592.89,1412.3,14.62,21.61,553.29,2388.12,9087.63,1.3,47.49,521.27,2388.11,8164.43,8.4026,0.03,394,2388,100.0,38.97,23.234,46
55,148,0.0001,-0.0001,100.0,518.67,643.37,1594.68,1412.65,14.62,21.61,553.14,2388.06,9090.13,1.3,47.68,521.51,2388.03,8164.96,8.492,0.03,395,2388,100.0,38.91,23.2346,45
55,149,0.001,-0.0003,100.0,518.67,642.91,1591.84,1418.87,14.62,21.61,553.53,2388.11,9097.44,1.3,47.62,521.12,2388.08,8164.86,8.461,0.03,392,2388,100.0,38.78,23.2883,44
55,150,0.0002,-0.0002,100.0,518.67,643.05,1595.6,1416.18,14.62,21.61,553.21,2388.06,9093.45,1.3,47.52,521.42,2388.07,8163.36,8.4293,0.03,394,2388,100.0,38.78,23.283,43
55,151,0.0001,-0.0,100.0,518.67,642.57,1594.96,1413.07,14.62,21.61,553.68,2388.07,9088.89,1.3,47.63,521.7,2388.08,8165.97,8.4672,0.03,395,2388,100.0,38.92,23.0812,42
55,152,-0.001,-0.0001,100.0,518.67,642.95,1588.97,1410.69,14.62,21.61,553.47,2388.09,9095.51,1.3,47.61,521.22,2388.07,8172.5,8.4524,0.03,396,2388,100.0,38.63,23.3328,41
55,153,0.0009,0.0001,100.0,518.67,642.51,1594.5,1416.69,14.62,21.61,553.36,2388.07,9093.55,1.3,47.73,520.4,2388.06,8167.04,8.4383,0.03,394,2388,100.0,38.7,23.1239,40
55,154,-0.0021,0.0,100.0,518.67,642.55,1594.99,1414.14,14.62,21.61,553.09,2388.01,9096.93,1.3,47.68,521.19,2388.08,8173.73,8.4713,0.03,393,2388,100.0,38.92,23.2363,39
55,155,-0.0,-0.0001,100.0,518.67,643.26,1596.05,1410.76,14.62,21.61,553.57,2388.12,9106.6,1.3,47.62,520.87,2388.05,8173.03,8.4673,0.03,393,2388,100.0,38.71,23.3313,38
55,156,-0.0002,-0.0004,100.0,518.67,643.19,1593.73,1415.63,14.62,21.61,552.91,2388.09,9100.87,1.3,47.68,520.7,2388.08,8173.55,8.4573,0.03,395,2388,100.0,38.69,23.2048,37
55,157,-0.0014,-0.0004,100.0,518.67,643.09,1593.53,1415.83,14.62,21.61,552.14,2388.09,9102.0,1.3,47.68,520.69,2388.04,8180.78,8.4833,0.03,394,2388,100.0,38.86,23.1733,36
55,158,0.0006,0.0001,100.0,518.67,643.51,1584.41,1415.04,14.62,21.61,553.27,2388.0,9109.86,1.3,47.56,521.51,2388.08,8183.09,8.4939,0.03,395,2388,100.0,38.84,23.2273,35
55,159,-0.001,0.0005,100.0,518.67,642.57,1599.61,1414.97,14.62,21.61,553.22,2388.12,9103.28,1.3,47.43,520.96,2388.08,8181.31,8.4681,0.03,395,2388,100.0,38.62,23.3258,34
55,160,-0.0006,0.0001,100.0,518.67,643.49,1591.38,1414.7,14.62,21.61,553.58,2388.09,9103.29,1.3,47.84,521.04,2388.08,8177.1,8.4503,0.03,393,2388,100.0,38.66,23.1645,33
55,161,0.004,0.0003,100.0,518.67,642.67,1588.38,1412.6,14.62,21.61,553.09,2388.08,9106.12,1.3,47.79,521.39,2388.11,8183.52,8.448,0.03,394,2388,100.0,38.73,23.0868,32
55,162,0.0,-0.0004,100.0,518.67,643.19,1592.88,1412.84,14.62,21.61,552.66,2388.07,9110.28,1.3,47.69,521.01,2388.12,8183.57,8.4757,0.03,393,2388,100.0,38.71,23.2162,31
55,163,-0.0004,0.0005,100.0,518.67,642.32,1596.07,1406.53,14.62,21.61,552.36,2388.11,9110.58,1.3,47.63,521.28,2388.07,8184.93,8.491,0.03,395,2388,100.0,38.53,23.1546,30
55,164,0.001,-0.0001,100.0,518.67,642.76,1595.75,1409.95,14.62,21.61,552.77,2388.08,9112.58,1.3,47.73,520.53,2388.01,8187.46,8.4794,0.03,394,2388,100.0,38.7,23.1133,29
55,165,0.001,0.0005,100.0,518.67,643.54,1593.31,1420.05,14.62,21.61,553.19,2388.1,9117.75,1.3,47.7,520.81,2388.08,8183.0,8.4595,0.03,394,2388,100.0,38.58,23.2078,28
55,166,-0.0022,0.0002,100.0,518.67,643.32,1593.15,1417.8,14.62,21.61,552.92,2388.08,9119.84,1.3,47.85,520.62,2388.09,8189.25,8.4755,0.03,396,2388,100.0,38.56,23.191,27
55,167,-0.0037,0.0002,100.0,518.67,643.24,1588.13,1417.8,14.62,21.61,553.06,2388.08,9123.84,1.3,47.6,521.11,2388.07,8196.3,8.462,0.03,395,2388,100.0,38.62,23.2583,26
55,168,0.0003,0.0003,100.0,518.67,642.83,1594.65,1412.62,14.62,21.61,553.25,2388.1,9122.87,1.3,47.77,520.5,2388.06,8190.69,8.4425,0.03,394,2388,100.0,38.66,23.0913,25
55,169,0.0004,0.0004,100.0,518.67,643.26,1597.91,1418.22,14.62,21.61,553.39,2388.1,9124.04,1.3,47.7,521.3,2388.06,8193.98,8.4821,0.03,394,2388,100.0,38.58,23.2369,24
55,170,-0.0008,0.0002,100.0,518.67,643.41,1595.6,1421.72,14.62,21.61,553.2,2388.04,9124.14,1.3,47.81,521.01,2388.09,8194.87,8.4801,0.03,394,2388,100.0,38.64,23.2321,23
55,171,-0.0021,0.0002,100.0,518.67,642.35,1593.12,1414.04,14.62,21.61,552.32,2388.07,9125.65,1.3,47.69,520.96,2388.07,8197.46,8.4796,0.03,395,2388,100.0,38.49,23.1221,22
55,172,0.0013,0.0004,100.0,518.67,643.19,1601.67,1420.08,14.62,21.61,552.61,2388.09,9128.64,1.3,47.73,520.82,2388.11,8204.63,8.4914,0.03,395,2388,100.0,38.67,23.3222,21
55,173,-0.0001,-0.0005,100.0,518.67,643.24,1605.51,1418.59,14.62,21.61,552.31,2388.15,9136.46,1.3,47.58,520.98,2388.13,8203.18,8.4964,0.03,395,2388,100.0,38.48,23.1558,20
55,174,0.0024,-0.0001,100.0,518.67,643.56,1594.55,1416.72,14.62,21.61,552.56,2388.12,9139.83,1.3,47.64,520.97,2388.11,8206.6,8.4667,0.03,395,2388,100.0,38.64,23.0817,19
55,175,0.0023,0.0001,100.0,518.67,643.58,1591.38,1410.57,14.62,21.61,552.45,2388.07,9139.52,1.3,47.83,521.17,2388.09,8205.13,8.4673,0.03,395,2388,100.0,38.7,23.0965,18
55,176,0.0019,-0.0002,100.0,518.67,643.04,1598.13,1418.55,14.62,21.61,552.89,2388.09,9138.72,1.3,47.85,520.82,2388.09,8209.13,8.5171,0.03,395,2388,100.0,38.65,23.2217,17
55,177,0.0,-0.0003,100.0,518.67,643.07,1601.48,1421.75,14.62,21.61,552.79,2388.09,9145.61,1.3,48.07,521.39,2388.09,8210.21,8.4586,0.03,397,2388,100.0,38.61,23.1507,16
55,178,0.002,-0.0004,100.0,518.67,643.18,1596.41,1426.51,14.62,21.61,552.36,2388.11,9144.12,1.3,47.76,521.47,2388.12,8213.54,8.5042,0.03,395,2388,100.0,38.72,23.0995,15
55,179,-0.0028,-0.0004,100.0,518.67,643.68,1604.72,1423.69,14.62,21.61,552.22,2388.13,9151.5,1.3,47.94,520.9,2388.15,8219.35,8.4868,0.03,394,2388,100.0,38.68,23.1158,14
55,180,-0.0037,0.0005,100.0,518.67,643.04,1602.17,1426.88,14.62,21.61,552.02,2388.08,9156.54,1.3,48.05,520.2,2388.13,8214.12,8.4855,0.03,397,2388,100.0,38.53,23.0755,13
55,181,0.0018,-0.0004,100.0,518.67,643.54,1605.78,1422.39,14.62,21.61,552.25,2388.13,9157.93,1.3,48.0,520.33,2388.12,8219.88,8.5119,0.03,397,2388,100.0,38.54,23.0392,12
55,182,0.001,-0.0001,100.0,518.67,643.61,1603.56,1426.26,14.62,21.61,552.13,2388.07,9155.03,1.3,48.07,520.87,2388.11,8209.49,8.5025,0.03,396,2388,100.0,38.61,23.2726,11
55,183,-0.0006,-0.0004,100.0,518.67,643.39,1602.98,1422.22,14.62,21.61,552.43,2388.13,9164.05,1.3,48.05,520.49,2388.11,8226.67,8.4886,0.03,397,2388,100.0,38.41,23.1429,10
55,184,-0.0037,0.0002,100.0,518.67,643.28,1594.2,1430.58,14.62,21.61,552.1,2388.12,9171.87,1.3,48.02,520.68,2388.17,8228.78,8.5087,0.03,396,2388,100.0,38.6,23.0658,9
55,185,-0.0036,0.0003,100.0,518.67,643.37,1596.77,1428.37,14.62,21.61,552.98,2388.13,9164.27,1.3,47.93,520.85,2388.1,8230.48,8.5296,0.03,397,2388,100.0,38.56,23.1223,8
55,186,0.0015,-0.0004,100.0,518.67,643.76,1597.46,1421.37,14.62,21.61,551.42,2388.15,9166.46,1.3,48.08,520.59,2388.14,8234.41,8.5535,0.03,396,2388,100.0,38.51,23.0703,7
55,187,0.0016,0.0003,100.0,518.67,643.85,1598.54,1427.47,14.62,21.61,552.04,2388.1,9179.24,1.3,47.94,520.51,2388.13,8238.27,8.4885,0.03,397,2388,100.0,38.66,23.0386,6
55,188,-0.0008,-0.0001,100.0,518.67,643.59,1601.81,1421.49,14.62,21.61,553.18,2388.12,9173.13,1.3,48.31,520.44,2388.23,8239.25,8.4851,0.03,396,2388,100.0,38.52,23.0339,5
55,189,-0.0023,-0.0001,100.0,518.67,643.64,1607.33,1433.9,14.62,21.61,552.37,2388.14,9182.51,1.3,48.12,520.38,2388.15,8241.7,8.5094,0.03,397,2388,100.0,38.58,23.1408,4
55,190,-0.0006,-0.0004,100.0,518.67,643.69,1604.96,1438.1,14.62,21.61,551.76,2388.18,9188.23,1.3,48.24,520.25,2388.19,8247.65,8.5474,0.03,398,2388,100.0,38.49,23.0235,3
55,191,0.0011,0.0,100.0,518.67,643.43,1602.96,1427.08,14.62,21.61,552.63,2388.13,9188.11,1.3,47.8,520.3,2388.11,8247.85,8.5371,0.03,396,2388,100.0,38.51,23.18,2
55,192,0.0007,-0.0,100.0,518.67,643.59,1600.12,1427.12,14.62,21.61,550.78,2388.17,9194.97,1.3,48.2,520.13,2388.14,8256.0,8.5137,0.03,395,2388,100.0,38.5,23.0127,1
55,193,0.0033,0.0,100.0,518.67,644.01,1605.12,1433.56,14.62,21.61,551.8,2388.14,9202.75,1.3,48.19,520.36,2388.16,8257.58,8.531,0.03,397,2388,100.0,38.49,23.1604,0
56,1,-0.0009,-0.0005,100.0,518.67,642.57,1591.56,1405.96,14.62,21.61,553.34,2388.12,9055.81,1.3,47.38,521.93,2388.1,8133.85,8.4444,0.03,391,2388,100.0,38.75,23.3174,274
56,2,0.0012,-0.0004,100.0,518.67,642.75,1586.44,1415.44,14.62,21.61,552.68,2388.1,9059.1,1.3,47.72,521.18,2388.13,8136.92,8.4412,0.03,395,2388,100.0,38.81,23.2391,273
56,3,0.0012,-0.0004,100.0,518.67,642.47,1584.96,1410.81,14.62,21.61,552.9,2388.12,9057.99,1.3,47.42,520.82,2388.08,8133.11,8.4461,0.03,394,2388,100.0,38.82,23.334,272
56,4,0.0026,0.0005,100.0,518.67,642.52,1587.64,1403.7,14.62,21.61,553.52,2388.13,9054.91,1.3,47.48,521.7,2388.12,8136.86,8.4357,0.03,394,2388,100.0,38.89,23.2844,271
56,5,0.0034,-0.0002,100.0,518.67,642.51,1587.8,1411.17,14.62,21.61,553.6,2388.13,9045.3,1.3,47.49,522.06,2388.18,8132.53,8.4411,0.03,394,2388,100.0,38.79,23.3204,270
56,6,0.0024,-0.0001,100.0,518.67,643.08,1593.15,1401.46,14.62,21.61,553.45,2388.03,9046.37,1.3,47.67,521.36,2388.16,8133.47,8.4824,0.03,394,2388,100.0,39.0,23.3592,269
56,7,0.001,-0.0002,100.0,518.67,642.52,1589.19,1408.88,14.62,21.61,553.22,2388.12,9054.19,1.3,47.77,520.98,2388.13,8132.14,8.4382,0.03,393,2388,100.0,38.83,23.2568,268
56,8,-0.0033,0.0001,100.0,518.67,642.73,1585.09,1405.88,14.62,21.61,552.52,2388.12,9049.44,1.3,47.63,520.83,2388.1,8128.3,8.4429,0.03,394,2388,100.0,38.86,23.1591,267
56,9,0.0027,-0.0003,100.0,518.67,643.07,1586.0,1409.73,14.62,21.61,552.68,2388.09,9054.87,1.3,47.67,521.14,2388.11,8130.56,8.4567,0.03,392,2388,100.0,38.79,23.2923,266
56,10,-0.0031,-0.0001,100.0,518.67,642.56,1591.69,1409.36,14.62,21.61,552.76,2388.1,9058.91,1.3,47.53,521.23,2388.12,8129.56,8.403,0.03,394,2388,100.0,38.96,23.2503,265
56,11,-0.0018,0.0001,100.0,518.67,643.0,1591.38,1409.87,14.62,21.61,553.25,2388.12,9062.51,1.3,47.62,521.83,2388.06,8132.73,8.4092,0.03,393,2388,100.0,38.91,23.2937,264
56,12,-0.0011,-0.0001,100.0,518.67,642.71,1589.35,1406.95,14.62,21.61,553.1,2388.08,9049.4,1.3,47.59,521.54,2388.14,8134.3,8.4431,0.03,394,2388,100.0,38.78,23.2707,263
56,13,-0.0024,0.0003,100.0,518.67,643.01,1593.52,1402.8,14.62,21.61,553.64,2388.13,9054.31,1.3,47.55,521.17,2388.09,8132.34,8.4335,0.03,393,2388,100.0,38.81,23.3705,262
56,14,0.0029,0.0002,100.0,518.67,642.11,1589.07,1407.53,14.62,21.61,553.05,2388.1,9049.69,1.3,47.58,521.33,2388.05,8131.68,8.4253,0.03,393,2388,100.0,38.77,23.2475,261
56,15,0.0001,0.0,100.0,518.67,642.38,1584.78,1408.41,14.62,21.61,552.86,2388.07,9054.43,1.3,47.67,521.42,2388.09,8134.18,8.4481,0.03,393,2388,100.0,38.86,23.3557,260
56,16,-0.0003,0.0002,100.0,518.67,643.19,1590.76,1400.65,14.62,21.61,553.1,2388.16,9050.84,1.3,47.58,520.95,2388.17,8134.61,8.4309,0.03,393,2388,100.0,38.77,23.2353,259
56,17,0.0007,0.0001,100.0,518.67,642.85,1589.32,1413.36,14.62,21.61,553.36,2388.07,9047.82,1.3,47.44,521.42,2388.15,8131.91,8.4317,0.03,393,2388,100.0,38.91,23.2356,258
56,18,-0.0015,0.0004,100.0,518.67,642.9,1595.72,1411.48,14.62,21.61,553.67,2388.09,9055.67,1.3,47.69,521.4,2388.13,8136.35,8.4419,0.03,396,2388,100.0,38.75,23.3865,257
56,19,-0.0036,0.0003,100.0,518.67,642.07,1588.96,1408.61,14.62,21.61,553.0,2388.14,9047.62,1.3,47.59,521.1,2388.15,8132.61,8.4558,0.03,393,2388,100.0,38.84,23.3301,256
56,20,0.002,-0.0001,100.0,518.67,642.79,1588.4,1409.01,14.62,21.61,553.75,2388.14,9052.77,1.3,47.57,521.63,2388.14,8132.61,8.4339,0.03,394,2388,100.0,38.74,23.3115,255
56,21,-0.0004,0.0,100.0,518.67,642.43,1589.18,1405.39,14.62,21.61,553.73,2388.11,9059.19,1.3,47.61,520.94,2388.11,8128.71,8.4471,0.03,394,2388,100.0,38.77,23.263,254
56,22,-0.0005,-0.0004,100.0,518.67,642.31,1592.3,1398.7,14.62,21.61,553.65,2388.1,9050.52,1.3,47.45,520.82,2388.13,8131.19,8.4288,0.03,392,2388,100.0,38.78,23.1921,253
56,23,-0.0017,-0.0,100.0,518.67,642.6,1586.27,1414.61,14.62,21.61,553.51,2388.09,9041.14,1.3,47.74,521.35,2388.16,8135.68,8.4098,0.03,395,2388,100.0,38.57,23.3052,252
56,24,0.0009,-0.0001,100.0,518.67,642.05,1587.45,1408.53,14.62,21.61,553.87,2388.15,9052.32,1.3,47.65,521.36,2388.12,8136.64,8.4669,0.03,394,2388,100.0,38.82,23.3351,251
56,25,0.002,-0.0002,100.0,518.67,642.83,1589.49,1405.08,14.62,21.61,553.13,2388.15,9058.23,1.3,47.3,521.35,2388.12,8132.6,8.4173,0.03,392,2388,100.0,38.83,23.2847,250
56,26,0.0024,0.0001,100.0,518.67,642.75,1591.81,1418.45,14.62,21.61,553.5,2388.15,9050.99,1.3,47.57,521.75,2388.1,8132.67,8.4321,0.03,394,2388,100.0,38.84,23.2586,249
56,27,-0.0009,0.0003,100.0,518.67,643.2,1594.66,1400.57,14.62,21.61,553.1,2388.13,9051.74,1.3,47.59,521.27,2388.13,8132.91,8.43,0.03,395,2388,100.0,38.78,23.313,248
56,28,0.0017,-0.0004,100.0,518.67,642.17,1592.05,1410.47,14.62,21.61,553.06,2388.17,9051.2,1.3,47.52,521.51,2388.09,8133.85,8.4428,0.03,394,2388,100.0,38.87,23.2896,247
56,29,-0.0016,-0.0001,100.0,518.67,642.88,1593.33,1403.53,14.62,21.61,553.61,2388.14,9050.7,1.3,47.44,522.01,2388.05,8133.93,8.4591,0.03,393,2388,100.0,38.93,23.3212,246
56,30,-0.0012,0.0001,100.0,518.67,642.54,1590.92,1409.46,14.62,21.61,553.42,2388.11,9053.73,1.3,47.45,521.71,2388.07,8131.46,8.4609,0.03,393,2388,100.0,38.96,23.3234,245
56,31,0.0012,0.0003,100.0,518.67,642.62,1589.65,1411.89,14.62,21.61,552.94,2388.13,9053.23,1.3,47.77,521.76,2388.15,8134.64,8.4368,0.03,394,2388,100.0,38.73,23.2379,244
56,32,-0.0013,0.0002,100.0,518.67,642.56,1589.25,1409.01,14.62,21.61,553.1,2388.13,9048.98,1.3,47.59,521.2,2388.17,8131.66,8.4544,0.03,394,2388,100.0,38.82,23.4416,243
56,33,0.0,-0.0004,100.0,518.67,642.71,1593.05,1414.89,14.62,21.61,552.73,2388.09,9053.68,1.3,47.49,521.16,2388.1,8132.39,8.4181,0.03,394,2388,100.0,38.78,23.2514,242
56,34,-0.0003,-0.0003,100.0,518.67,642.21,1594.65,1414.14,14.62,21.61,552.92,2388.13,9047.1,1.3,47.56,521.27,2388.14,8126.39,8.454,0.03,393,2388,100.0,38.78,23.3502,241
56,35,0.0021,0.0004,100.0,518.67,642.42,1589.81,1407.29,14.62,21.61,553.29,2388.06,9050.06,1.3,47.47,521.72,2388.11,8127.01,8.4638,0.03,394,2388,100.0,38.82,23.375,240
56,36,0.0021,0.0005,100.0,518.67,642.3,1585.1,1401.82,14.62,21.61,553.66,2388.11,9052.15,1.3,47.44,520.77,2388.07,8133.22,8.4298,0.03,393,2388,100.0,38.78,23.2955,239
56,37,-0.0041,-0.0001,100.0,518.67,642.41,1591.27,1406.48,14.62,21.61,553.1,2388.11,9051.75,1.3,47.56,521.54,2388.12,8130.73,8.4733,0.03,393,2388,100.0,38.7,23.1426,238
56,38,-0.0045,0.0005,100.0,518.67,642.77,1595.03,1404.82,14.62,21.61,553.83,2388.11,9050.45,1.3,47.67,521.23,2388.16,8134.74,8.4415,0.03,393,2388,100.0,38.76,23.2404,237
56,39,0.0017,-0.0004,100.0,518.67,641.91,1592.36,1410.69,14.62,21.61,553.56,2388.18,9054.03,1.3,47.48,521.38,2388.11,8133.76,8.4167,0.03,394,2388,100.0,38.83,23.3242,236
56,40,-0.001,0.0005,100.0,518.67,642.53,1588.66,1411.38,14.62,21.61,553.04,2388.13,9054.91,1.3,47.45,521.78,2388.12,8132.67,8.4609,0.03,393,2388,100.0,38.76,23.3385,235
56,41,-0.0047,0.0001,100.0,518.67,642.27,1595.57,1410.19,14.62,21.61,554.25,2388.15,9048.6,1.3,47.45,521.71,2388.11,8130.79,8.4325,0.03,392,2388,100.0,38.89,23.3159,234
56,42,-0.0009,0.0002,100.0,518.67,643.1,1595.98,1408.09,14.62,21.61,553.46,2388.14,9049.36,1.3,47.45,521.43,2388.09,8127.29,8.4744,0.03,392,2388,100.0,38.84,23.3908,233
56,43,-0.0013,-0.0004,100.0,518.67,642.51,1588.29,1408.08,14.62,21.61,553.41,2388.09,9053.96,1.3,47.52,521.74,2388.07,8130.39,8.4427,0.03,392,2388,100.0,38.92,23.2327,232
56,44,-0.001,-0.0001,100.0,518.67,642.36,1583.49,1405.88,14.62,21.61,552.75,2388.11,9044.92,1.3,47.49,521.63,2388.16,8133.55,8.4364,0.03,392,2388,100.0,38.82,23.2695,231
56,45,0.0001,0.0001,100.0,518.67,642.55,1586.54,1410.75,14.62,21.61,553.51,2388.14,9054.16,1.3,47.46,521.33,2388.16,8132.21,8.4138,0.03,392,2388,100.0,38.86,23.1958,230
56,46,0.0014,-0.0003,100.0,518.67,642.55,1593.62,1412.19,14.62,21.61,552.96,2388.07,9051.69,1.3,47.44,521.64,2388.09,8129.02,8.4137,0.03,394,2388,100.0,38.93,23.3222,229
56,47,0.0071,0.0001,100.0,518.67,642.34,1591.89,1408.24,14.62,21.61,553.49,2388.12,9052.12,1.3,47.65,521.76,2388.16,8130.56,8.4404,0.03,394,2388,100.0,38.7,23.2987,228
56,48,-0.0017,-0.0002,100.0,518.67,642.37,1587.48,1408.37,14.62,21.61,553.9,2388.13,9056.36,1.3,47.43,521.11,2388.19,8133.99,8.4535,0.03,394,2388,100.0,38.89,23.2669,227
56,49,-0.0031,0.0002,100.0,518.67,643.3,1589.21,1412.02,14.62,21.61,552.32,2388.12,9059.76,1.3,47.68,521.06,2388.06,8129.19,8.4649,0.03,393,2388,100.0,38.83,23.3571,226
56,50,0.0016,0.0001,100.0,518.67,643.1,1595.74,1413.06,14.62,21.61,553.06,2388.09,9046.81,1.3,47.62,520.93,2388.08,8128.46,8.4692,0.03,393,2388,100.0,38.59,23.3578,225
56,51,0.0051,-0.0005,100.0,518.67,642.27,1587.17,1410.29,14.62,21.61,552.65,2388.15,9054.91,1.3,47.58,520.96,2388.15,8126.48,8.4308,0.03,393,2388,100.0,38.77,23.4247,224
56,52,0.0056,0.0001,100.0,518.67,642.7,1585.22,1416.97,14.62,21.61,553.44,2388.12,9054.7,1.3,47.66,521.69,2388.14,8133.63,8.4356,0.03,394,2388,100.0,38.99,23.3688,223
56,53,0.0026,0.0005,100.0,518.67,642.25,1590.36,1417.72,14.62,21.61,553.58,2388.1,9045.18,1.3,47.42,521.92,2388.14,8132.68,8.4243,0.03,392,2388,100.0,38.83,23.2954,222
56,54,0.0004,0.0001,100.0,518.67,642.45,1596.33,1406.14,14.62,21.61,552.79,2388.13,9051.32,1.3,47.45,520.94,2388.11,8132.11,8.4603,0.03,392,2388,100.0,38.78,23.2758,221
56,55,-0.0002,0.0004,100.0,518.67,642.74,1597.18,1410.4,14.62,21.61,552.97,2388.05,9054.61,1.3,47.67,521.5,2388.12,8138.66,8.4398,0.03,392,2388,100.0,38.81,23.3173,220
56,56,-0.0027,0.0003,100.0,518.67,642.13,1595.68,1403.98,14.62,21.61,552.62,2388.12,9054.8,1.3,47.61,521.06,2388.15,8135.45,8.4402,0.03,393,2388,100.0,38.93,23.2629,219
56,57,0.0016,0.0005,100.0,518.67,642.85,1590.98,1404.34,14.62,21.61,553.43,2388.14,9049.18,1.3,47.41,521.19,2388.08,8131.71,8.3705,0.03,392,2388,100.0,38.72,23.3249,218
56,58,-0.0001,0.0001,100.0,518.67,642.63,1589.69,1406.58,14.62,21.61,552.93,2388.15,9055.06,1.3,47.49,521.41,2388.14,8132.03,8.4663,0.03,394,2388,100.0,38.66,23.1991,217
56,59,0.0032,-0.0,100.0,518.67,642.67,1591.73,1408.07,14.62,21.61,553.29,2388.12,9053.23,1.3,47.52,521.38,2388.09,8137.93,8.4299,0.03,392,2388,100.0,38.9,23.3468,216
56,60,0.0047,0.0003,100.0,518.67,642.96,1584.03,1407.94,14.62,21.61,553.06,2388.17,9052.92,1.3,47.54,521.2,2388.04,8134.21,8.471,0.03,392,2388,100.0,38.77,23.343,215
56,61,0.0011,-0.0,100.0,518.67,642.44,1595.28,1413.33,14.62,21.61,553.16,2388.13,9051.96,1.3,47.56,521.13,2388.09,8136.16,8.4506,0.03,393,2388,100.0,38.68,23.3268,214
56,62,0.0023,0.0004,100.0,518.67,643.09,1583.97,1408.41,14.62,21.61,552.28,2388.13,9053.24,1.3,47.22,521.44,2388.13,8133.32,8.448,0.03,395,2388,100.0,38.83,23.2941,213
56,63,-0.0056,-0.0003,100.0,518.67,642.61,1598.75,1406.8,14.62,21.61,553.2,2388.12,9049.57,1.3,47.61,520.88,2388.13,8139.35,8.4373,0.03,393,2388,100.0,38.72,23.3386,212
56,64,-0.0028,0.0002,100.0,518.67,642.67,1590.19,1410.59,14.62,21.61,553.43,2388.08,9055.19,1.3,47.63,521.49,2388.13,8133.93,8.4326,0.03,392,2388,100.0,38.62,23.2797,211
56,65,0.001,-0.0001,100.0,518.67,642.76,1595.39,1401.98,14.62,21.61,553.22,2388.11,9058.75,1.3,47.57,521.41,2388.12,8134.79,8.4194,0.03,394,2388,100.0,38.9,23.2343,210
56,66,0.0037,-0.0003,100.0,518.67,643.23,1591.14,1413.59,14.62,21.61,553.66,2388.16,9050.09,1.3,47.57,521.52,2388.08,8139.44,8.472,0.03,393,2388,100.0,38.7,23.295,209
56,67,0.0021,0.0005,100.0,518.67,643.1,1587.15,1407.17,14.62,21.61,554.13,2388.14,9050.52,1.3,47.45,521.28,2388.11,8134.54,8.4504,0.03,394,2388,100.0,38.89,23.1151,208
56,68,-0.0016,-0.0,100.0,518.67,642.53,1592.48,1407.22,14.62,21.61,553.26,2388.11,9060.14,1.3,47.6,521.57,2388.12,8132.65,8.4002,0.03,392,2388,100.0,38.86,23.3896,207
56,69,0.0001,-0.0001,100.0,518.67,642.38,1590.76,1404.07,14.62,21.61,553.76,2388.15,9052.09,1.3,47.49,521.35,2388.12,8133.53,8.4258,0.03,392,2388,100.0,38.8,23.269,206
56,70,0.0002,-0.0,100.0,518.67,642.41,1589.1,1406.82,14.62,21.61,553.8,2388.14,9055.98,1.3,47.63,521.46,2388.15,8135.43,8.3901,0.03,392,2388,100.0,38.91,23.3633,205
56,71,-0.0012,0.0004,100.0,518.67,642.02,1597.42,1409.56,14.62,21.61,552.98,2388.12,9054.93,1.3,47.67,521.94,2388.1,8136.1,8.4046,0.03,393,2388,100.0,38.79,23.2044,204
56,72,-0.0007,-0.0001,100.0,518.67,642.58,1592.07,1411.67,14.62,21.61,553.18,2388.09,9052.49,1.3,47.7,521.13,2388.07,8136.06,8.4232,0.03,395,2388,100.0,38.88,23.2983,203
56,73,0.0011,0.0004,100.0,518.67,642.56,1591.76,1409.13,14.62,21.61,552.5,2388.07,9055.58,1.3,47.36,521.73,2388.15,8132.94,8.4544,0.03,394,2388,100.0,38.74,23.2034,202
56,74,0.0004,-0.0003,100.0,518.67,642.84,1592.68,1407.98,14.62,21.61,553.03,2388.12,9052.31,1.3,47.64,520.7,2388.17,8133.37,8.4373,0.03,394,2388,100.0,38.8,23.3218,201
56,75,-0.0052,0.0003,100.0,518.67,642.64,1596.34,1408.61,14.62,21.61,552.71,2388.07,9053.56,1.3,47.58,521.42,2388.12,8132.57,8.4598,0.03,394,2388,100.0,38.92,23.3239,200
56,76,0.0012,-0.0002,100.0,518.67,642.98,1586.72,1406.31,14.62,21.61,553.97,2388.13,9063.21,1.3,47.54,521.7,2388.12,8136.77,8.4092,0.03,394,2388,100.0,38.72,23.2815,199
56,77,0.0012,-0.0001,100.0,518.67,642.92,1589.7,1412.34,14.62,21.61,553.15,2388.18,9054.04,1.3,47.62,521.6,2388.13,8136.52,8.4332,0.03,394,2388,100.0,38.92,23.2899,198
56,78,0.0002,-0.0004,100.0,518.67,643.14,1593.19,1400.84,14.62,21.61,553.68,2388.15,9054.21,1.3,47.51,521.61,2388.12,8132.39,8.4229,0.03,394,2388,100.0,38.71,23.3353,197
56,79,0.0025,-0.0004,100.0,518.67,642.98,1591.55,1414.03,14.62,21.61,552.94,2388.15,9055.67,1.3,47.48,521.14,2388.13,8132.67,8.4215,0.03,393,2388,100.0,38.68,23.2606,196
56,80,0.0006,-0.0005,100.0,518.67,642.82,1591.82,1409.68,14.62,21.61,553.15,2388.12,9049.66,1.3,47.61,521.42,2388.11,8136.02,8.4228,0.03,394,2388,100.0,38.87,23.288,195
56,81,-0.0005,0.0001,100.0,518.67,642.34,1600.28,1407.03,14.62,21.61,553.18,2388.1,9055.7,1.3,47.75,521.57,2388.14,8135.62,8.4366,0.03,393,2388,100.0,38.93,23.2942,194
56,82,0.0008,-0.0004,100.0,518.67,642.56,1588.29,1411.89,14.62,21.61,553.21,2388.14,9057.82,1.3,47.48,521.09,2388.06,8140.49,8.4825,0.03,392,2388,100.0,38.57,23.2266,193
56,83,0.0013,-0.0002,100.0,518.67,642.54,1593.71,1412.47,14.62,21.61,553.07,2388.13,9050.72,1.3,47.75,521.11,2388.09,8129.82,8.4638,0.03,394,2388,100.0,38.62,23.2314,192
56,84,-0.003,-0.0003,100.0,518.67,642.86,1585.56,1406.1,14.62,21.61,553.04,2388.1,9055.53,1.3,47.49,521.37,2388.13,8135.58,8.4579,0.03,393,2388,100.0,38.92,23.289,191
56,85,0.0002,-0.0004,100.0,518.67,642.45,1596.2,1406.44,14.62,21.61,553.33,2388.11,9055.7,1.3,47.51,520.56,2388.13,8134.05,8.4391,0.03,393,2388,100.0,38.84,23.3439,190
56,86,-0.0051,0.0,100.0,518.67,641.96,1600.06,1413.68,14.62,21.61,552.67,2388.12,9051.31,1.3,47.53,521.04,2388.1,8138.46,8.4582,0.03,393,2388,100.0,38.87,23.2503,189
56,87,0.0,-0.0001,100.0,518.67,642.59,1595.2,1407.2,14.62,21.61,553.7,2388.1,9059.08,1.3,47.54,521.04,2388.11,8139.69,8.4128,0.03,394,2388,100.0,38.77,23.37,188
56,88,-0.0009,0.0004,100.0,518.67,643.11,1589.19,1410.13,14.62,21.61,552.95,2388.16,9049.35,1.3,47.65,521.17,2388.12,8132.69,8.4184,0.03,393,2388,100.0,38.78,23.2634,187
56,89,0.0009,-0.0003,100.0,518.67,642.92,1588.62,1414.8,14.62,21.61,553.11,2388.13,9050.05,1.3,47.45,521.36,2388.09,8132.63,8.4479,0.03,393,2388,100.0,38.85,23.2985,186
56,90,-0.0018,-0.0001,100.0,518.67,642.92,1587.11,1406.15,14.62,21.61,553.35,2388.12,9059.02,1.3,47.72,521.2,2388.07,8140.25,8.4667,0.03,392,2388,100.0,38.87,23.2441,185
56,91,-0.0005,0.0002,100.0,518.67,642.89,1588.1,1411.83,14.62,21.61,553.42,2388.12,9059.63,1.3,47.48,521.18,2388.12,8141.82,8.4518,0.03,393,2388,100.0,38.82,23.2709,184
56,92,0.0038,-0.0,100.0,518.67,643.09,1588.19,1407.95,14.62,21.61,553.14,2388.05,9058.91,1.3,47.46,521.62,2388.11,8136.97,8.4363,0.03,394,2388,100.0,38.8,23.3249,183
56,93,-0.0011,-0.0001,100.0,518.67,642.84,1589.12,1407.54,14.62,21.61,553.47,2388.11,9061.27,1.3,47.38,521.4,2388.09,8136.28,8.4158,0.03,394,2388,100.0,38.88,23.2901,182
56,94,0.0016,-0.0002,100.0,518.67,642.77,1592.93,1410.66,14.62,21.61,552.62,2388.12,9053.19,1.3,47.54,521.49,2388.12,8134.76,8.4377,0.03,394,2388,100.0,38.82,23.3306,181
56,95,-0.0034,0.0003,100.0,518.67,642.62,1588.9,1410.88,14.62,21.61,552.94,2388.09,9051.55,1.3,47.57,521.64,2388.13,8132.56,8.4255,0.03,393,2388,100.0,38.73,23.2187,180
56,96,-0.0022,0.0003,100.0,518.67,642.73,1591.69,1410.66,14.62,21.61,553.59,2388.13,9056.17,1.3,47.82,521.11,2388.09,8134.97,8.4658,0.03,394,2388,100.0,38.85,23.319,179
56,97,0.0004,-0.0005,100.0,518.67,643.19,1584.04,1418.57,14.62,21.61,553.39,2388.1,9058.06,1.3,47.47,521.45,2388.17,8136.69,8.4602,0.03,393,2388,100.0,38.79,23.2562,178
56,98,0.0032,-0.0005,100.0,518.67,642.21,1590.16,1403.25,14.62,21.61,553.21,2388.16,9054.6,1.3,47.74,521.74,2388.12,8134.29,8.4291,0.03,393,2388,100.0,38.8,23.3327,177
56,99,0.0009,0.0004,100.0,518.67,643.29,1589.54,1409.41,14.62,21.61,553.57,2388.11,9061.82,1.3,47.8,521.53,2388.15,8130.07,8.4417,0.03,393,2388,100.0,38.82,23.3548,176
56,100,0.0009,0.0004,100.0,518.67,642.84,1594.03,1403.95,14.62,21.61,553.17,2388.1,9062.26,1.3,47.71,521.42,2388.1,8135.66,8.4355,0.03,393,2388,100.0,38.8,23.2813,175
56,101,-0.0021,-0.0003,100.0,518.67,643.1,1589.6,1405.36,14.62,21.61,553.12,2388.13,9059.53,1.3,47.49,522.23,2388.13,8138.52,8.4444,0.03,394,2388,100.0,38.69,23.2933,174
56,102,0.0029,-0.0001,100.0,518.67,642.65,1596.89,1406.69,14.62,21.61,552.72,2388.13,9054.07,1.3,47.64,521.51,2388.07,8133.2,8.4633,0.03,394,2388,100.0,39.04,23.2977,173
56,103,0.0019,-0.0001,100.0,518.67,642.79,1589.91,1410.57,14.62,21.61,553.53,2388.09,9051.17,1.3,47.5,521.51,2388.18,8134.73,8.4653,0.03,393,2388,100.0,38.64,23.2856,172
56,104,0.0041,0.0004,100.0,518.67,643.26,1600.4,1414.43,14.62,21.61,553.66,2388.15,9055.23,1.3,47.6,521.42,2388.14,8137.48,8.4559,0.03,394,2388,100.0,38.64,23.2201,171
56,105,-0.0016,-0.0002,100.0,518.67,642.68,1586.09,1408.77,14.62,21.61,553.43,2388.1,9054.19,1.3,47.7,521.37,2388.12,8132.75,8.4201,0.03,393,2388,100.0,38.74,23.1944,170
56,106,0.0008,-0.0,100.0,518.67,642.9,1595.62,1413.97,14.62,21.61,553.3,2388.09,9057.54,1.3,47.37,521.33,2388.11,8138.76,8.4388,0.03,394,2388,100.0,38.81,23.3012,169
56,107,0.0026,0.0001,100.0,518.67,642.61,1589.02,1414.48,14.62,21.61,553.48,2388.09,9061.59,1.3,47.63,521.21,2388.09,8139.93,8.4813,0.03,393,2388,100.0,38.74,23.3085,168
56,108,0.0021,-0.0004,100.0,518.67,642.55,1587.67,1413.36,14.62,21.61,553.04,2388.16,9053.63,1.3,47.62,521.55,2388.11,8130.56,8.4406,0.03,395,2388,100.0,38.83,23.3315,167
56,109,0.0039,0.0003,100.0,518.67,643.18,1586.81,1411.71,14.62,21.61,552.98,2388.1,9058.47,1.3,47.68,521.17,2388.03,8141.03,8.4911,0.03,393,2388,100.0,38.76,23.2691,166
56,110,-0.0015,-0.0004,100.0,518.67,642.48,1587.27,1409.06,14.62,21.61,552.4,2388.1,9065.38,1.3,47.5,520.74,2388.15,8135.98,8.4502,0.03,393,2388,100.0,38.94,23.2089,165
56,111,0.0004,0.0002,100.0,518.67,642.62,1587.73,1411.4,14.62,21.61,552.43,2388.07,9049.92,1.3,47.57,521.2,2388.15,8133.93,8.4491,0.03,393,2388,100.0,38.69,23.3592,164
56,112,0.0025,0.0002,100.0,518.67,642.61,1592.48,1406.91,14.62,21.61,552.8,2388.07,9061.15,1.3,47.45,521.08,2388.16,8138.08,8.4237,0.03,393,2388,100.0,38.8,23.291,163
56,113,-0.0012,-0.0004,100.0,518.67,642.98,1584.64,1404.15,14.62,21.61,553.7,2388.11,9061.93,1.3,47.82,520.71,2388.12,8141.64,8.4336,0.03,392,2388,100.0,38.83,23.4252,162
56,114,-0.0017,-0.0,100.0,518.67,642.89,1597.0,1413.22,14.62,21.61,553.77,2388.12,9054.85,1.3,47.35,521.26,2388.13,8143.92,8.4614,0.03,391,2388,100.0,38.85,23.2571,161
56,115,-0.0024,0.0001,100.0,518.67,642.47,1593.31,1405.55,14.62,21.61,552.45,2388.13,9066.4,1.3,47.6,520.92,2388.07,8134.16,8.4617,0.03,395,2388,100.0,38.91,23.2146,160
56,116,0.0005,-0.0002,100.0,518.67,643.38,1598.45,1406.79,14.62,21.61,553.08,2388.12,9053.92,1.3,47.55,521.42,2388.15,8140.89,8.4541,0.03,393,2388,100.0,38.7,23.2832,159
56,117,-0.0004,0.0003,100.0,518.67,642.71,1589.16,1415.93,14.62,21.61,552.87,2388.09,9056.56,1.3,47.62,521.44,2388.12,8138.15,8.495,0.03,394,2388,100.0,38.95,23.1422,158
56,118,-0.0006,0.0001,100.0,518.67,643.03,1584.89,1406.91,14.62,21.61,553.2,2388.13,9062.18,1.3,47.56,521.09,2388.11,8137.21,8.45,0.03,394,2388,100.0,38.94,23.3016,157
56,119,-0.0001,-0.0003,100.0,518.67,642.52,1587.17,1410.4,14.62,21.61,553.06,2388.11,9055.26,1.3,47.55,521.19,2388.04,8137.2,8.4213,0.03,393,2388,100.0,38.64,23.3694,156
56,120,0.0005,0.0001,100.0,518.67,643.22,1583.97,1403.59,14.62,21.61,553.82,2388.11,9063.07,1.3,47.8,520.95,2388.1,8140.51,8.4686,0.03,393,2388,100.0,38.63,23.2804,155
56,121,0.0004,0.0002,100.0,518.67,642.88,1596.71,1410.27,14.62,21.61,553.68,2388.08,9068.8,1.3,47.62,521.42,2388.12,8144.29,8.4594,0.03,393,2388,100.0,38.73,23.2782,154
56,122,0.0001,-0.0003,100.0,518.67,642.81,1591.33,1412.89,14.62,21.61,553.26,2388.08,9057.82,1.3,47.61,521.07,2388.1,8140.88,8.4108,0.03,392,2388,100.0,38.73,23.3192,153
56,123,-0.0003,0.0003,100.0,518.67,642.83,1588.97,1405.87,14.62,21.61,553.18,2388.14,9060.92,1.3,47.45,520.72,2388.15,8138.62,8.449,0.03,395,2388,100.0,38.74,23.2273,152
56,124,-0.0019,0.0,100.0,518.67,641.94,1586.53,1405.86,14.62,21.61,553.45,2388.05,9067.88,1.3,47.64,521.53,2388.07,8135.2,8.4535,0.03,393,2388,100.0,38.72,23.3127,151
56,125,-0.0015,0.0004,100.0,518.67,642.5,1592.09,1411.64,14.62,21.61,553.37,2388.16,9062.61,1.3,47.76,520.96,2388.09,8129.5,8.4332,0.03,394,2388,100.0,38.87,23.2575,150
56,126,-0.0038,0.0001,100.0,518.67,643.09,1600.61,1421.08,14.62,21.61,553.39,2388.1,9063.69,1.3,47.59,520.66,2388.19,8132.47,8.4553,0.03,394,2388,100.0,38.75,23.2999,149
56,127,-0.0027,0.0001,100.0,518.67,642.25,1593.89,1412.38,14.62,21.61,552.85,2388.15,9060.72,1.3,47.53,520.89,2388.09,8137.32,8.4384,0.03,392,2388,100.0,38.86,23.3266,148
56,128,-0.0007,-0.0003,100.0,518.67,642.59,1589.4,1409.77,14.62,21.61,553.6,2388.15,9058.4,1.3,47.43,521.78,2388.13,8137.94,8.4498,0.03,393,2388,100.0,38.72,23.3557,147
56,129,0.003,-0.0005,100.0,518.67,642.79,1592.54,1408.44,14.62,21.61,552.92,2388.11,9058.59,1.3,47.77,520.77,2388.06,8135.74,8.4539,0.03,393,2388,100.0,38.78,23.2199,146
56,130,-0.0047,-0.0,100.0,518.67,642.96,1590.93,1406.79,14.62,21.61,553.37,2388.18,9061.54,1.3,47.51,521.31,2388.09,8139.75,8.5033,0.03,393,2388,100.0,38.71,23.3121,145
56,131,0.0013,0.0002,100.0,518.67,642.7,1589.34,1413.49,14.62,21.61,553.34,2388.16,9061.96,1.3,47.6,521.28,2388.15,8138.39,8.4526,0.03,394,2388,100.0,38.87,23.1871,144
56,132,-0.0013,0.0001,100.0,518.67,643.48,1589.91,1411.83,14.62,21.61,553.58,2388.13,9057.27,1.3,47.55,521.92,2388.1,8139.28,8.4509,0.03,392,2388,100.0,38.86,23.2247,143
56,133,0.0008,-0.0004,100.0,518.67,642.79,1588.7,1410.09,14.62,21.61,553.43,2388.2,9059.78,1.3,47.73,521.34,2388.13,8143.65,8.4286,0.03,394,2388,100.0,38.78,23.1529,142
56,134,0.0045,0.0002,100.0,518.67,643.07,1595.55,1409.25,14.62,21.61,553.89,2388.12,9066.03,1.3,47.54,521.2,2388.12,8138.46,8.479,0.03,396,2388,100.0,38.91,23.2728,141
56,135,-0.0006,0.0003,100.0,518.67,642.64,1590.5,1406.64,14.62,21.61,552.82,2388.05,9059.8,1.3,47.56,521.2,2388.1,8144.4,8.4147,0.03,393,2388,100.0,38.75,23.2002,140
56,136,-0.0004,-0.0004,100.0,518.67,643.05,1589.27,1407.67,14.62,21.61,553.68,2388.14,9055.58,1.3,47.46,521.33,2388.12,8134.1,8.436,0.03,392,2388,100.0,38.81,23.216,139
56,137,-0.0008,0.0003,100.0,518.67,642.8,1590.1,1408.98,14.62,21.61,553.83,2388.17,9058.44,1.3,47.59,521.37,2388.14,8134.73,8.4322,0.03,393,2388,100.0,38.51,23.2735,138
56,138,0.0007,0.0005,100.0,518.67,642.98,1594.31,1407.67,14.62,21.61,552.67,2388.12,9060.84,1.3,47.68,520.98,2388.1,8144.19,8.4349,0.03,395,2388,100.0,38.73,23.2217,137
56,139,0.0005,-0.0,100.0,518.67,642.11,1592.15,1410.47,14.62,21.61,553.53,2388.04,9060.66,1.3,47.52,521.49,2388.15,8140.88,8.4637,0.03,394,2388,100.0,38.82,23.2314,136
56,140,-0.004,-0.0005,100.0,518.67,643.01,1596.72,1412.05,14.62,21.61,553.3,2388.11,9062.7,1.3,47.59,521.12,2388.08,8142.14,8.4235,0.03,395,2388,100.0,38.63,23.2676,135
56,141,-0.0041,-0.0002,100.0,518.67,642.56,1589.66,1401.18,14.62,21.61,553.1,2388.12,9070.26,1.3,47.65,521.22,2388.11,8141.01,8.4475,0.03,394,2388,100.0,38.85,23.2415,134
56,142,-0.0017,-0.0004,100.0,518.67,642.64,1591.82,1416.86,14.62,21.61,553.14,2388.12,9064.84,1.3,47.73,521.58,2388.1,8140.49,8.4247,0.03,395,2388,100.0,38.87,23.2322,133
56,143,0.0024,-0.0002,100.0,518.67,642.7,1586.98,1408.4,14.62,21.61,552.96,2388.09,9063.33,1.3,47.76,521.47,2388.12,8136.1,8.4817,0.03,394,2388,100.0,38.77,23.2234,132
56,144,0.0041,0.0,100.0,518.67,643.09,1591.47,1415.07,14.62,21.61,552.94,2388.15,9068.22,1.3,47.5,521.26,2388.14,8142.17,8.4653,0.03,394,2388,100.0,38.86,23.3582,131
56,145,0.0009,0.0004,100.0,518.67,642.68,1587.35,1411.26,14.62,21.61,553.94,2388.13,9063.02,1.3,47.55,521.3,2388.14,8139.74,8.4856,0.03,393,2388,100.0,38.86,23.2971,130
56,146,0.0002,-0.0003,100.0,518.67,642.85,1593.88,1409.28,14.62,21.61,552.56,2388.13,9060.84,1.3,47.71,521.35,2388.13,8140.35,8.4558,0.03,394,2388,100.0,38.8,23.1641,129
56,147,-0.0007,-0.0,100.0,518.67,642.43,1587.0,1413.07,14.62,21.61,553.46,2388.09,9060.92,1.3,47.62,521.05,2388.14,8139.55,8.4426,0.03,394,2388,100.0,38.84,23.3304,128
56,148,-0.0015,0.0005,100.0,518.67,642.82,1592.57,1412.82,14.62,21.61,552.91,2388.06,9064.73,1.3,47.59,520.94,2388.12,8139.92,8.4634,0.03,394,2388,100.0,38.84,23.2387,127
56,149,-0.0021,-0.0003,100.0,518.67,642.42,1593.76,1411.74,14.62,21.61,552.55,2388.14,9061.7,1.3,47.47,520.8,2388.18,8142.12,8.4456,0.03,395,2388,100.0,38.63,23.2572,126
56,150,0.0028,-0.0004,100.0,518.67,642.82,1587.29,1408.99,14.62,21.61,552.31,2388.1,9064.23,1.3,47.6,520.93,2388.11,8139.44,8.4442,0.03,392,2388,100.0,38.73,23.347,125
56,151,0.002,0.0003,100.0,518.67,642.91,1591.52,1412.03,14.62,21.61,552.54,2388.15,9059.14,1.3,47.62,520.71,2388.1,8138.46,8.44,0.03,394,2388,100.0,38.67,23.2387,124
56,152,-0.0013,-0.0003,100.0,518.67,642.72,1592.78,1412.72,14.62,21.61,553.92,2388.09,9066.08,1.3,47.6,521.0,2388.15,8137.29,8.4189,0.03,394,2388,100.0,38.68,23.2707,123
56,153,0.0003,0.0002,100.0,518.67,643.37,1591.31,1410.58,14.62,21.61,553.3,2388.12,9064.22,1.3,47.72,521.22,2388.17,8146.47,8.4554,0.03,393,2388,100.0,38.64,23.2025,122
56,154,0.0006,0.0003,100.0,518.67,642.77,1590.2,1412.89,14.62,21.61,553.15,2388.11,9064.99,1.3,47.61,521.17,2388.15,8146.95,8.4677,0.03,394,2388,100.0,38.71,23.2412,121
56,155,0.0012,0.0004,100.0,518.67,643.28,1594.47,1416.47,14.62,21.61,553.03,2388.08,9069.56,1.3,47.62,520.68,2388.13,8142.2,8.4188,0.03,394,2388,100.0,38.7,23.1646,120
56,156,-0.0008,-0.0004,100.0,518.67,642.63,1601.2,1414.31,14.62,21.61,553.22,2388.13,9068.1,1.3,47.74,521.08,2388.08,8148.94,8.472,0.03,392,2388,100.0,38.8,23.3049,119
56,157,-0.0013,0.0003,100.0,518.67,643.05,1591.1,1404.05,14.62,21.61,552.63,2388.12,9057.98,1.3,47.6,521.11,2388.11,8143.2,8.4591,0.03,394,2388,100.0,38.66,23.2544,118
56,158,0.0025,0.0003,100.0,518.67,642.7,1588.57,1412.56,14.62,21.61,553.03,2388.09,9060.44,1.3,47.83,520.92,2388.14,8142.56,8.4277,0.03,395,2388,100.0,38.8,23.2472,117
56,159,0.0048,0.0002,100.0,518.67,643.1,1585.93,1416.56,14.62,21.61,553.0,2388.16,9066.47,1.3,47.45,521.25,2388.11,8142.74,8.4431,0.03,393,2388,100.0,38.79,23.2585,116
56,160,0.0019,0.0001,100.0,518.67,643.01,1595.43,1408.13,14.62,21.61,554.0,2388.09,9067.65,1.3,47.73,520.59,2388.19,8143.8,8.4205,0.03,392,2388,100.0,38.95,23.2859,115
56,161,0.0006,0.0001,100.0,518.67,642.34,1597.74,1410.86,14.62,21.61,552.82,2388.13,9065.37,1.3,47.66,520.99,2388.13,8142.22,8.4661,0.03,395,2388,100.0,38.73,23.206,114
56,162,0.0009,-0.0004,100.0,518.67,643.22,1588.33,1413.54,14.62,21.61,552.43,2388.13,9065.45,1.3,47.65,521.05,2388.13,8141.27,8.4372,0.03,395,2388,100.0,38.71,23.2747,113
56,163,0.0012,-0.0002,100.0,518.67,642.59,1595.33,1415.07,14.62,21.61,553.29,2388.18,9070.21,1.3,47.72,520.96,2388.12,8143.29,8.4505,0.03,391,2388,100.0,38.75,23.2826,112
56,164,0.0041,0.0002,100.0,518.67,642.82,1585.12,1412.76,14.62,21.61,552.64,2388.07,9057.96,1.3,47.47,521.44,2388.09,8136.69,8.4555,0.03,394,2388,100.0,38.79,23.2589,111
56,165,-0.0004,0.0002,100.0,518.67,642.53,1594.23,1413.01,14.62,21.61,552.79,2388.14,9068.97,1.3,47.42,521.22,2388.16,8147.67,8.4344,0.03,394,2388,100.0,38.86,23.3035,110
56,166,-0.0009,0.0001,100.0,518.67,642.45,1596.94,1417.27,14.62,21.61,552.66,2388.1,9067.03,1.3,47.77,520.92,2388.11,8139.55,8.4798,0.03,395,2388,100.0,38.79,23.2592,109
56,167,-0.0016,0.0003,100.0,518.67,643.13,1605.29,1411.91,14.62,21.61,553.33,2388.11,9063.87,1.3,47.72,520.73,2388.16,8140.73,8.465,0.03,393,2388,100.0,38.8,23.2471,108
56,168,0.002,-0.0001,100.0,518.67,642.76,1593.78,1413.62,14.62,21.61,553.64,2388.16,9070.64,1.3,47.69,520.62,2388.13,8142.7,8.4289,0.03,394,2388,100.0,38.6,23.2101,107
56,169,0.0001,-0.0004,100.0,518.67,642.72,1588.5,1419.45,14.62,21.61,552.27,2388.13,9064.6,1.3,47.81,521.06,2388.11,8147.14,8.4907,0.03,394,2388,100.0,38.69,23.2985,106
56,170,-0.0016,0.0003,100.0,518.67,643.34,1594.93,1414.3,14.62,21.61,553.28,2388.11,9064.7,1.3,47.79,522.04,2388.13,8144.5,8.4395,0.03,393,2388,100.0,38.69,23.1922,105
56,171,-0.0007,0.0003,100.0,518.67,642.64,1596.4,1413.84,14.62,21.61,553.05,2388.17,9072.55,1.3,47.61,520.69,2388.09,8142.49,8.4427,0.03,394,2388,100.0,38.87,23.1997,104
56,172,-0.0007,0.0001,100.0,518.67,642.58,1589.93,1417.0,14.62,21.61,552.9,2388.09,9064.83,1.3,47.64,521.17,2388.12,8145.73,8.446,0.03,395,2388,100.0,38.68,23.1511,103
56,173,-0.0031,-0.0005,100.0,518.67,642.79,1593.86,1414.82,14.62,21.61,552.46,2388.08,9062.31,1.3,47.58,520.63,2388.16,8148.73,8.4557,0.03,394,2388,100.0,38.7,23.2635,102
56,174,-0.0021,-0.0003,100.0,518.67,642.63,1590.38,1416.95,14.62,21.61,552.75,2388.1,9076.64,1.3,47.66,521.25,2388.11,8145.91,8.4507,0.03,395,2388,100.0,38.68,23.2352,101
56,175,0.0004,-0.0001,100.0,518.67,642.82,1602.2,1410.78,14.62,21.61,552.78,2388.09,9071.75,1.3,47.61,520.96,2388.1,8139.61,8.451,0.03,394,2388,100.0,38.69,23.2046,100
56,176,-0.0012,-0.0003,100.0,518.67,642.61,1598.06,1412.63,14.62,21.61,553.05,2388.12,9071.97,1.3,47.79,521.15,2388.16,8151.01,8.4628,0.03,394,2388,100.0,38.74,23.2477,99
56,177,0.0045,-0.0001,100.0,518.67,643.0,1591.71,1414.36,14.62,21.61,552.73,2388.12,9067.66,1.3,47.69,520.98,2388.07,8148.45,8.4627,0.03,393,2388,100.0,38.69,23.1684,98
56,178,-0.0005,0.0003,100.0,518.67,642.83,1592.44,1408.41,14.62,21.61,552.85,2388.13,9075.39,1.3,47.82,520.6,2388.11,8143.95,8.4692,0.03,395,2388,100.0,38.67,23.197,97
56,179,-0.0001,0.0002,100.0,518.67,642.94,1590.75,1414.6,14.62,21.61,553.18,2388.12,9066.63,1.3,47.61,521.0,2388.12,8147.65,8.4623,0.03,394,2388,100.0,38.79,23.241,96
56,180,-0.0032,0.0,100.0,518.67,642.96,1591.41,1414.26,14.62,21.61,552.84,2388.13,9074.38,1.3,47.78,520.78,2388.12,8148.69,8.4561,0.03,396,2388,100.0,38.67,23.3686,95
56,181,-0.0007,0.0001,100.0,518.67,642.49,1585.32,1412.61,14.62,21.61,553.35,2388.11,9064.89,1.3,47.59,520.82,2388.12,8150.42,8.4371,0.03,394,2388,100.0,38.7,23.2691,94
56,182,-0.0019,0.0005,100.0,518.67,643.13,1589.24,1417.81,14.62,21.61,553.1,2388.15,9070.89,1.3,47.72,520.97,2388.15,8143.34,8.5055,0.03,394,2388,100.0,38.58,23.2944,93
56,183,-0.001,0.0002,100.0,518.67,642.89,1593.07,1419.61,14.62,21.61,552.8,2388.16,9074.23,1.3,47.69,520.82,2388.16,8151.84,8.4512,0.03,394,2388,100.0,38.79,23.2165,92
56,184,0.0018,0.0003,100.0,518.67,643.14,1586.26,1415.06,14.62,21.61,552.42,2388.12,9072.1,1.3,47.63,520.68,2388.1,8146.76,8.4309,0.03,393,2388,100.0,38.63,23.2557,91
56,185,-0.0019,-0.0,100.0,518.67,642.44,1603.28,1412.83,14.62,21.61,553.05,2388.14,9079.24,1.3,47.66,520.57,2388.14,8146.98,8.4518,0.03,393,2388,100.0,38.8,23.2595,90
56,186,0.0023,0.0,100.0,518.67,643.26,1593.33,1411.88,14.62,21.61,553.1,2388.1,9076.21,1.3,47.74,520.93,2388.1,8149.14,8.4764,0.03,392,2388,100.0,38.79,23.215,89
56,187,0.0,0.0003,100.0,518.67,643.07,1590.25,1417.3,14.62,21.61,552.98,2388.06,9068.83,1.3,47.71,520.72,2388.11,8149.6,8.4888,0.03,394,2388,100.0,38.82,23.2431,88
56,188,-0.0019,0.0001,100.0,518.67,642.73,1589.98,1413.73,14.62,21.61,553.12,2388.12,9073.97,1.3,47.69,521.46,2388.17,8151.28,8.4446,0.03,394,2388,100.0,38.74,23.1801,87
56,189,-0.002,0.0005,100.0,518.67,643.22,1587.95,1417.44,14.62,21.61,552.23,2388.1,9071.57,1.3,47.58,520.56,2388.14,8148.84,8.4653,0.03,394,2388,100.0,38.66,23.224,86
56,190,0.002,0.0002,100.0,518.67,643.24,1592.88,1415.28,14.62,21.61,553.11,2388.1,9082.21,1.3,47.79,520.81,2388.14,8147.76,8.4335,0.03,394,2388,100.0,38.64,23.1986,85
56,191,0.0005,-0.0001,100.0,518.67,642.74,1593.95,1411.49,14.62,21.61,553.03,2388.11,9076.78,1.3,48.0,521.29,2388.12,8151.66,8.4549,0.03,393,2388,100.0,38.62,23.295,84
56,192,0.0002,-0.0001,100.0,518.67,642.91,1601.2,1419.53,14.62,21.61,552.71,2388.14,9078.69,1.3,47.9,520.9,2388.15,8147.45,8.4614,0.03,394,2388,100.0,38.56,23.2483,83
56,193,-0.0023,0.0005,100.0,518.67,642.95,1591.95,1411.33,14.62,21.61,553.02,2388.07,9065.08,1.3,47.48,520.8,2388.15,8151.49,8.4797,0.03,395,2388,100.0,38.66,23.2396,82
56,194,0.0037,-0.0002,100.0,518.67,642.95,1596.1,1416.24,14.62,21.61,552.53,2388.12,9078.36,1.3,47.75,521.01,2388.17,8154.14,8.4561,0.03,395,2388,100.0,38.76,23.251,81
56,195,-0.0002,-0.0005,100.0,518.67,643.13,1597.06,1420.03,14.62,21.61,553.34,2388.08,9075.7,1.3,47.73,520.78,2388.09,8153.42,8.4742,0.03,395,2388,100.0,38.72,23.2159,80
56,196,-0.0016,-0.0001,100.0,518.67,642.75,1591.89,1410.93,14.62,21.61,553.06,2388.11,9079.0,1.3,47.74,521.17,2388.08,8150.94,8.5016,0.03,392,2388,100.0,38.81,23.1866,79
56,197,0.0017,0.0001,100.0,518.67,642.68,1594.42,1412.75,14.62,21.61,552.97,2388.12,9080.03,1.3,47.78,521.13,2388.11,8152.98,8.4539,0.03,393,2388,100.0,38.48,23.2489,78
56,198,0.0007,0.0003,100.0,518.67,642.43,1593.62,1417.22,14.62,21.61,552.95,2388.16,9080.82,1.3,48.0,521.09,2388.09,8153.86,8.4411,0.03,394,2388,100.0,38.62,23.0884,77
56,199,0.0047,-0.0003,100.0,518.67,643.0,1592.82,1416.02,14.62,21.61,552.57,2388.13,9074.41,1.3,47.81,521.28,2388.1,8160.42,8.4731,0.03,393,2388,100.0,38.84,23.1636,76
56,200,-0.0041,-0.0004,100.0,518.67,643.13,1592.04,1415.89,14.62,21.61,553.14,2388.1,9087.53,1.3,47.76,521.19,2388.12,8152.14,8.476,0.03,393,2388,100.0,38.78,23.2743,75
56,201,0.0011,0.0003,100.0,518.67,643.12,1589.61,1410.95,14.62,21.61,552.45,2388.11,9081.99,1.3,47.68,520.93,2388.11,8150.91,8.4511,0.03,394,2388,100.0,38.79,23.2072,74
56,202,0.0014,-0.0001,100.0,518.67,642.58,1594.01,1412.3,14.62,21.61,553.0,2388.14,9080.92,1.3,47.82,520.71,2388.11,8155.57,8.4634,0.03,393,2388,100.0,38.62,23.2829,73
56,203,0.0043,0.0005,100.0,518.67,642.94,1593.56,1414.03,14.62,21.61,552.65,2388.1,9081.13,1.3,47.74,521.26,2388.11,8160.14,8.4958,0.03,395,2388,100.0,38.68,23.1846,72
56,204,0.0012,0.0003,100.0,518.67,643.14,1594.0,1411.93,14.62,21.61,551.76,2388.14,9078.47,1.3,47.76,520.68,2388.1,8159.84,8.5018,0.03,395,2388,100.0,38.62,23.2148,71
56,205,0.0011,-0.0002,100.0,518.67,643.83,1586.47,1417.16,14.62,21.61,552.69,2388.14,9075.73,1.3,47.7,521.27,2388.15,8156.59,8.4541,0.03,395,2388,100.0,38.54,23.1939,70
56,206,0.0003,0.0002,100.0,518.67,643.06,1591.91,1418.66,14.62,21.61,551.96,2388.16,9077.61,1.3,47.63,520.92,2388.09,8156.48,8.4686,0.03,393,2388,100.0,38.63,23.2263,69
56,207,0.0005,0.0,100.0,518.67,643.27,1596.96,1414.3,14.62,21.61,552.5,2388.15,9083.54,1.3,47.75,521.11,2388.1,8154.29,8.4865,0.03,396,2388,100.0,38.68,23.2141,68
56,208,-0.0009,0.0004,100.0,518.67,642.5,1594.88,1412.43,14.62,21.61,552.84,2388.12,9075.84,1.3,47.66,521.34,2388.11,8158.72,8.4921,0.03,394,2388,100.0,38.75,23.2787,67
56,209,-0.004,0.0004,100.0,518.67,642.88,1589.1,1419.13,14.62,21.61,552.88,2388.11,9082.2,1.3,47.75,520.83,2388.1,8158.76,8.4517,0.03,394,2388,100.0,38.6,23.2505,66
56,210,-0.0014,-0.0001,100.0,518.67,643.24,1594.84,1417.75,14.62,21.61,553.48,2388.15,9082.77,1.3,47.63,521.02,2388.07,8153.61,8.4566,0.03,394,2388,100.0,38.9,23.0961,65
56,211,-0.0027,-0.0003,100.0,518.67,643.11,1585.46,1418.08,14.62,21.61,552.3,2388.14,9081.82,1.3,47.84,520.9,2388.12,8163.18,8.4598,0.03,395,2388,100.0,38.71,23.1527,64
56,212,-0.0027,0.0,100.0,518.67,643.13,1595.33,1418.17,14.62,21.61,552.54,2388.11,9087.44,1.3,47.86,521.26,2388.11,8157.09,8.47,0.03,394,2388,100.0,38.56,23.1274,63
56,213,-0.0013,-0.0005,100.0,518.67,642.55,1600.45,1407.89,14.62,21.61,552.7,2388.06,9089.63,1.3,47.79,520.54,2388.12,8162.3,8.4895,0.03,395,2388,100.0,38.6,23.2244,62
56,214,0.0022,-0.0001,100.0,518.67,643.66,1596.02,1423.62,14.62,21.61,552.86,2388.06,9087.93,1.3,47.72,520.66,2388.1,8163.83,8.4948,0.03,394,2388,100.0,38.62,23.0813,61
56,215,-0.0003,-0.0004,100.0,518.67,643.45,1597.34,1411.25,14.62,21.61,552.66,2388.12,9085.75,1.3,47.71,521.16,2388.12,8156.28,8.4775,0.03,395,2388,100.0,38.51,23.2339,60
56,216,0.0042,0.0003,100.0,518.67,643.12,1587.95,1410.05,14.62,21.61,552.78,2388.17,9093.99,1.3,47.7,521.02,2388.14,8162.83,8.4746,0.03,395,2388,100.0,38.63,23.1271,59
56,217,-0.0012,0.0,100.0,518.67,643.09,1599.81,1412.73,14.62,21.61,552.23,2388.1,9084.27,1.3,47.77,520.73,2388.14,8159.4,8.4965,0.03,396,2388,100.0,38.69,23.3131,58
56,218,0.0013,-0.0005,100.0,518.67,642.96,1590.78,1412.48,14.62,21.61,553.03,2388.08,9091.65,1.3,47.88,521.02,2388.14,8169.39,8.4821,0.03,396,2388,100.0,38.79,23.2018,57
56,219,0.0002,-0.0003,100.0,518.67,643.5,1593.99,1416.4,14.62,21.61,552.22,2388.12,9089.97,1.3,47.79,520.65,2388.12,8162.82,8.4974,0.03,396,2388,100.0,38.53,23.0962,56
56,220,0.0013,0.0003,100.0,518.67,642.89,1599.72,1411.24,14.62,21.61,552.63,2388.14,9093.39,1.3,47.64,521.06,2388.15,8170.03,8.4904,0.03,394,2388,100.0,38.78,23.1517,55
56,221,-0.0019,0.0001,100.0,518.67,643.23,1593.24,1418.73,14.62,21.61,552.59,2388.17,9093.67,1.3,47.91,521.04,2388.16,8158.8,8.4841,0.03,394,2388,100.0,38.51,23.186,54
56,222,0.0014,0.0004,100.0,518.67,643.06,1602.55,1418.45,14.62,21.61,552.05,2388.15,9095.73,1.3,47.81,520.84,2388.14,8165.48,8.4662,0.03,394,2388,100.0,38.61,23.1591,53
56,223,0.0013,-0.0002,100.0,518.67,643.3,1587.77,1419.3,14.62,21.61,552.09,2388.11,9103.2,1.3,47.8,520.6,2388.13,8160.17,8.4925,0.03,394,2388,100.0,38.64,23.1677,52
56,224,-0.0008,-0.0002,100.0,518.67,643.43,1592.33,1415.48,14.62,21.61,552.18,2388.18,9090.6,1.3,47.76,520.75,2388.12,8169.37,8.4428,0.03,394,2388,100.0,38.68,23.1963,51
56,225,-0.0036,-0.0002,100.0,518.67,643.2,1592.55,1423.28,14.62,21.61,552.29,2388.1,9094.3,1.3,47.84,520.6,2388.18,8164.88,8.515,0.03,394,2388,100.0,38.65,23.1709,50
56,226,-0.001,-0.0004,100.0,518.67,642.45,1598.26,1417.8,14.62,21.61,552.86,2388.11,9089.11,1.3,47.92,520.8,2388.17,8163.13,8.497,0.03,395,2388,100.0,38.55,23.2003,49
56,227,-0.0031,-0.0002,100.0,518.67,643.69,1598.19,1416.7,14.62,21.61,552.43,2388.18,9095.16,1.3,47.81,520.28,2388.17,8168.33,8.4834,0.03,394,2388,100.0,38.55,23.1255,48
56,228,0.0009,-0.0002,100.0,518.67,643.43,1594.75,1422.77,14.62,21.61,552.73,2388.11,9092.93,1.3,47.89,520.38,2388.14,8165.05,8.4906,0.03,395,2388,100.0,38.73,23.1639,47
56,229,0.0003,-0.0002,100.0,518.67,642.99,1600.46,1419.29,14.62,21.61,552.48,2388.16,9101.29,1.3,47.91,520.96,2388.13,8168.26,8.4558,0.03,395,2388,100.0,38.58,23.1308,46
56,230,0.0007,-0.0004,100.0,518.67,643.75,1594.0,1413.92,14.62,21.61,552.48,2388.13,9100.52,1.3,47.95,520.02,2388.09,8167.15,8.5102,0.03,396,2388,100.0,38.64,23.1826,45
56,231,-0.0029,0.0,100.0,518.67,643.35,1597.06,1421.56,14.62,21.61,553.23,2388.17,9103.44,1.3,47.78,520.56,2388.13,8169.95,8.4901,0.03,396,2388,100.0,38.67,23.1317,44
56,232,0.0016,0.0002,100.0,518.67,643.02,1594.17,1418.31,14.62,21.61,551.98,2388.13,9103.38,1.3,48.03,520.38,2388.16,8169.02,8.4751,0.03,395,2388,100.0,38.37,23.1067,43
56,233,-0.0008,-0.0001,100.0,518.67,643.27,1596.16,1426.1,14.62,21.61,551.93,2388.12,9095.95,1.3,47.92,521.03,2388.11,8170.94,8.4874,0.03,396,2388,100.0,38.5,23.164,42
56,234,-0.0,-0.0005,100.0,518.67,643.37,1593.5,1421.99,14.62,21.61,552.42,2388.18,9101.95,1.3,48.02,520.94,2388.14,8167.8,8.4987,0.03,397,2388,100.0,38.62,23.0695,41
56,235,0.0002,-0.0002,100.0,518.67,643.37,1599.26,1420.86,14.62,21.61,552.21,2388.12,9107.07,1.3,47.78,520.82,2388.1,8176.17,8.4704,0.03,394,2388,100.0,38.55,23.1338,40
56,236,0.0045,-0.0003,100.0,518.67,643.47,1599.43,1422.91,14.62,21.61,552.31,2388.15,9099.65,1.3,47.82,520.49,2388.15,8168.88,8.5134,0.03,395,2388,100.0,38.54,23.2231,39
56,237,0.0002,-0.0004,100.0,518.67,643.19,1598.33,1418.36,14.62,21.61,552.11,2388.12,9106.05,1.3,47.86,520.31,2388.16,8172.34,8.4811,0.03,395,2388,100.0,38.48,23.1875,38
56,238,-0.0006,0.0003,100.0,518.67,643.16,1594.24,1420.52,14.62,21.61,552.51,2388.1,9104.82,1.3,47.93,520.37,2388.09,8173.41,8.4841,0.03,396,2388,100.0,38.6,23.103,37
56,239,-0.0006,-0.0005,100.0,518.67,643.27,1601.63,1418.84,14.62,21.61,552.39,2388.18,9094.1,1.3,47.75,519.86,2388.12,8171.56,8.5066,0.03,396,2388,100.0,38.66,23.1292,36
56,240,-0.0015,0.0005,100.0,518.67,642.78,1604.33,1429.03,14.62,21.61,552.59,2388.16,9110.38,1.3,48.21,520.18,2388.1,8176.88,8.4931,0.03,395,2388,100.0,38.67,23.3075,35
56,241,0.003,-0.0004,100.0,518.67,643.08,1599.61,1409.59,14.62,21.61,552.56,2388.16,9112.29,1.3,47.96,520.61,2388.1,8179.06,8.5305,0.03,394,2388,100.0,38.47,23.1294,34
56,242,0.002,-0.0004,100.0,518.67,643.83,1600.76,1423.18,14.62,21.61,552.52,2388.16,9106.94,1.3,47.91,520.58,2388.14,8177.48,8.5219,0.03,396,2388,100.0,38.6,23.1079,33
56,243,0.0017,0.0004,100.0,518.67,643.24,1601.77,1421.06,14.62,21.61,552.6,2388.15,9114.44,1.3,47.87,520.99,2388.17,8178.48,8.502,0.03,397,2388,100.0,38.4,23.1221,32
56,244,-0.0015,-0.0003,100.0,518.67,643.57,1598.68,1416.78,14.62,21.61,552.07,2388.13,9113.12,1.3,47.9,520.41,2388.13,8181.24,8.472,0.03,394,2388,100.0,38.62,23.1009,31
56,245,0.0037,0.0004,100.0,518.67,643.15,1595.49,1417.48,14.62,21.61,552.52,2388.18,9114.67,1.3,47.98,520.26,2388.13,8180.1,8.4542,0.03,396,2388,100.0,38.59,23.1362,30
56,246,0.0014,0.0004,100.0,518.67,643.15,1597.66,1422.5,14.62,21.61,552.32,2388.16,9100.11,1.3,47.8,520.42,2388.1,8178.04,8.4798,0.03,395,2388,100.0,38.5,23.1111,29
56,247,-0.002,-0.0003,100.0,518.67,643.75,1598.88,1422.95,14.62,21.61,552.92,2388.16,9113.45,1.3,47.84,520.66,2388.18,8177.53,8.4929,0.03,395,2388,100.0,38.5,23.1103,28
56,248,-0.0013,0.0002,100.0,518.67,643.67,1596.85,1419.79,14.62,21.61,552.32,2388.17,9110.34,1.3,47.77,519.97,2388.22,8179.8,8.501,0.03,395,2388,100.0,38.45,23.1371,27
56,249,0.003,-0.0004,100.0,518.67,643.5,1597.12,1422.2,14.62,21.61,551.65,2388.2,9111.38,1.3,48.0,520.29,2388.18,8181.26,8.5306,0.03,395,2388,100.0,38.67,23.183,26
56,250,0.0005,0.0003,100.0,518.67,644.07,1603.73,1429.49,14.62,21.61,552.02,2388.12,9118.12,1.3,47.96,520.69,2388.16,8185.46,8.5182,0.03,394,2388,100.0,38.57,23.153,25
56,251,0.0004,-0.0004,100.0,518.67,643.37,1596.02,1425.35,14.62,21.61,552.48,2388.22,9118.99,1.3,48.07,520.01,2388.11,8187.34,8.5,0.03,394,2388,100.0,38.44,23.139,24
56,252,-0.0039,0.0001,100.0,518.67,643.68,1593.41,1421.38,14.62,21.61,552.31,2388.16,9124.64,1.3,48.06,520.43,2388.14,8180.84,8.5217,0.03,395,2388,100.0,38.58,23.1421,23
56,253,0.0043,0.0004,100.0,518.67,643.16,1599.07,1417.99,14.62,21.61,552.42,2388.12,9122.77,1.3,47.93,520.82,2388.16,8187.84,8.4833,0.03,394,2388,100.0,38.6,23.1879,22
56,254,0.0026,0.0003,100.0,518.67,643.25,1595.48,1425.51,14.62,21.61,552.1,2388.17,9119.58,1.3,47.89,520.12,2388.18,8192.67,8.5227,0.03,397,2388,100.0,38.47,23.0065,21
56,255,-0.0,0.0002,100.0,518.67,643.1,1602.0,1424.57,14.62,21.61,551.3,2388.11,9120.74,1.3,48.0,519.93,2388.15,8191.56,8.5229,0.03,394,2388,100.0,38.66,23.1178,20
56,256,-0.0005,0.0,100.0,518.67,643.41,1601.37,1431.79,14.62,21.61,552.21,2388.18,9126.61,1.3,48.11,520.28,2388.16,8191.62,8.4772,0.03,395,2388,100.0,38.54,23.0356,19
56,257,0.0002,-0.0,100.0,518.67,643.58,1599.84,1419.84,14.62,21.61,551.24,2388.15,9123.63,1.3,48.09,520.31,2388.14,8195.68,8.5419,0.03,396,2388,100.0,38.43,23.082,18
56,258,-0.0013,-0.0002,100.0,518.67,643.34,1594.54,1434.16,14.62,21.61,552.37,2388.19,9123.2,1.3,47.9,520.55,2388.19,8199.24,8.4759,0.03,397,2388,100.0,38.57,23.0347,17
56,259,-0.0015,0.0002,100.0,518.67,643.71,1592.27,1420.85,14.62,21.61,552.92,2388.13,9126.77,1.3,48.05,520.6,2388.13,8192.53,8.5103,0.03,396,2388,100.0,38.43,23.1182,16
56,260,0.0011,-0.0004,100.0,518.67,643.46,1606.59,1421.84,14.62,21.61,552.4,2388.15,9125.07,1.3,47.89,520.52,2388.14,8198.96,8.5082,0.03,398,2388,100.0,38.4,23.1281,15
56,261,-0.004,0.0004,100.0,518.67,643.88,1600.46,1426.69,14.62,21.61,551.67,2388.12,9130.71,1.3,48.1,519.86,2388.18,8198.45,8.5051,0.03,395,2388,100.0,38.45,23.0882,14
56,262,-0.0044,0.0,100.0,518.67,643.52,1606.63,1427.59,14.62,21.61,551.91,2388.14,9134.04,1.3,47.85,520.53,2388.18,8202.03,8.5447,0.03,396,2388,100.0,38.42,23.1534,13
56,263,-0.0004,-0.0001,100.0,518.67,643.65,1597.26,1428.95,14.62,21.61,552.02,2388.11,9131.22,1.3,48.18,520.13,2388.14,8205.21,8.4927,0.03,396,2388,100.0,38.28,23.0459,12
56,264,0.0013,0.0002,100.0,518.67,643.87,1597.56,1424.46,14.62,21.61,552.04,2388.18,9133.13,1.3,47.98,520.29,2388.15,8203.44,8.5276,0.03,397,2388,100.0,38.39,23.2291,11
56,265,-0.0019,0.0004,100.0,518.67,643.2,1603.43,1425.09,14.62,21.61,552.12,2388.1,9127.21,1.3,47.91,520.13,2388.16,8198.01,8.5175,0.03,397,2388,100.0,38.5,23.1423,10
56,266,0.0011,0.0,100.0,518.67,643.25,1606.18,1429.13,14.62,21.61,552.37,2388.17,9138.16,1.3,48.04,520.17,2388.16,8203.21,8.5346,0.03,395,2388,100.0,38.52,23.0092,9
56,267,-0.0015,0.0003,100.0,518.67,643.39,1598.72,1427.59,14.62,21.61,552.03,2388.16,9138.73,1.3,48.09,519.94,2388.2,8212.33,8.5053,0.03,396,2388,100.0,38.42,23.1192,8
56,268,0.0022,0.0003,100.0,518.67,643.71,1593.67,1417.37,14.62,21.61,551.28,2388.17,9150.3,1.3,47.91,520.12,2388.22,8204.02,8.5005,0.03,397,2388,100.0,38.39,23.0396,7
56,269,0.0012,-0.0003,100.0,518.67,643.41,1602.31,1426.38,14.62,21.61,551.52,2388.17,9143.35,1.3,48.04,520.2,2388.18,8203.69,8.5215,0.03,396,2388,100.0,38.49,22.9305,6
56,270,0.0005,-0.0003,100.0,518.67,643.01,1609.22,1434.45,14.62,21.61,551.93,2388.16,9143.71,1.3,48.04,520.16,2388.15,8207.81,8.5323,0.03,397,2388,100.0,38.5,23.0339,5
56,271,0.0002,0.0001,100.0,518.67,643.79,1599.14,1431.03,14.62,21.61,551.48,2388.19,9149.52,1.3,48.14,519.85,2388.15,8204.72,8.5201,0.03,398,2388,100.0,38.49,23.029,4
56,272,0.0013,0.0002,100.0,518.67,643.44,1602.04,1436.92,14.62,21.61,552.32,2388.16,9153.6,1.3,48.0,519.69,2388.15,8210.46,8.5384,0.03,397,2388,100.0,38.56,23.0985,3
56,273,0.0014,0.0005,100.0,518.67,643.49,1601.45,1425.42,14.62,21.61,551.76,2388.23,9150.59,1.3,48.1,519.74,2388.2,8215.73,8.4896,0.03,398,2388,100.0,38.37,23.1312,2
56,274,-0.0017,-0.0002,100.0,518.67,643.53,1598.48,1430.65,14.62,21.61,551.6,2388.15,9154.78,1.3,48.0,519.92,2388.18,8212.77,8.546,0.03,397,2388,100.0,38.72,23.106,1
56,275,-0.0058,0.0001,100.0,518.67,644.09,1600.47,1427.24,14.62,21.61,551.44,2388.16,9145.5,1.3,48.16,519.87,2388.19,8217.25,8.5243,0.03,396,2388,100.0,38.27,23.0597,0
57,1,-0.0037,-0.0004,100.0,518.67,642.64,1593.48,1402.4,14.62,21.61,553.58,2388.07,9049.3,1.3,47.41,521.82,2388.08,8136.11,8.3973,0.03,391,2388,100.0,38.96,23.3836,136
57,2,0.0038,-0.0,100.0,518.67,641.94,1586.18,1397.07,14.62,21.61,553.94,2388.05,9048.85,1.3,47.2,521.82,2388.05,8135.12,8.4227,0.03,393,2388,100.0,38.94,23.368,135
57,3,-0.0014,-0.0004,100.0,518.67,642.19,1591.6,1407.08,14.62,21.61,554.51,2388.11,9049.73,1.3,47.43,521.98,2388.06,8130.46,8.42,0.03,393,2388,100.0,38.88,23.4072,134
57,4,-0.0002,-0.0003,100.0,518.67,642.66,1588.64,1396.73,14.62,21.61,554.21,2388.11,9038.04,1.3,47.42,522.19,2388.04,8136.11,8.446,0.03,393,2388,100.0,38.97,23.3827,133
57,5,-0.0022,0.0004,100.0,518.67,642.48,1589.61,1408.72,14.62,21.61,553.52,2388.09,9046.44,1.3,47.47,521.8,2388.07,8128.88,8.4349,0.03,392,2388,100.0,38.67,23.3019,132
57,6,-0.0017,-0.0004,100.0,518.67,642.0,1586.4,1397.39,14.62,21.61,554.33,2388.03,9060.78,1.3,47.45,522.16,2388.06,8132.49,8.4302,0.03,394,2388,100.0,39.09,23.4559,131
57,7,-0.0011,-0.0005,100.0,518.67,642.27,1578.13,1407.15,14.62,21.61,554.09,2388.04,9052.65,1.3,47.26,522.68,2387.99,8133.53,8.4043,0.03,393,2388,100.0,38.87,23.3655,130
57,8,0.0,-0.0003,100.0,518.67,642.39,1590.65,1396.75,14.62,21.61,553.93,2388.05,9039.78,1.3,47.32,522.1,2388.11,8129.08,8.4106,0.03,393,2388,100.0,38.95,23.3547,129
57,9,-0.0035,-0.0005,100.0,518.67,642.87,1587.52,1399.3,14.62,21.61,554.95,2388.08,9045.12,1.3,47.35,522.11,2388.05,8132.56,8.4274,0.03,393,2388,100.0,38.88,23.3217,128
57,10,-0.0006,-0.0003,100.0,518.67,642.7,1583.95,1402.36,14.62,21.61,554.38,2388.08,9056.1,1.3,47.39,522.26,2388.06,8132.43,8.4475,0.03,392,2388,100.0,38.91,23.4265,127
57,11,0.0026,0.0001,100.0,518.67,642.46,1584.69,1402.15,14.62,21.61,554.0,2388.07,9047.78,1.3,47.34,522.33,2388.06,8135.69,8.4025,0.03,393,2388,100.0,38.99,23.3497,126
57,12,-0.0003,-0.0002,100.0,518.67,642.66,1585.84,1405.32,14.62,21.61,553.98,2388.03,9052.31,1.3,47.41,521.82,2388.05,8132.28,8.4294,0.03,393,2388,100.0,38.98,23.4722,125
57,13,0.0014,-0.0001,100.0,518.67,642.02,1584.93,1401.05,14.62,21.61,554.23,2388.08,9051.1,1.3,47.44,521.85,2388.12,8126.27,8.4206,0.03,391,2388,100.0,39.09,23.3077,124
57,14,0.0014,-0.0001,100.0,518.67,642.74,1585.87,1400.77,14.62,21.61,553.89,2388.12,9056.15,1.3,47.13,521.85,2388.11,8133.1,8.4345,0.03,393,2388,100.0,39.04,23.3957,123
57,15,-0.0006,0.0004,100.0,518.67,641.95,1590.39,1403.26,14.62,21.61,553.44,2388.14,9053.76,1.3,47.36,521.43,2388.06,8125.23,8.4061,0.03,392,2388,100.0,39.03,23.3704,122
57,16,-0.0003,-0.0002,100.0,518.67,642.25,1583.06,1394.64,14.62,21.61,553.98,2388.08,9043.8,1.3,47.13,522.47,2388.08,8128.44,8.3969,0.03,394,2388,100.0,38.94,23.382,121
57,17,0.001,-0.0005,100.0,518.67,642.35,1585.93,1404.35,14.62,21.61,553.63,2388.04,9052.89,1.3,47.31,521.76,2388.14,8128.86,8.3926,0.03,391,2388,100.0,39.02,23.4033,120
57,18,-0.0004,-0.0005,100.0,518.67,642.01,1587.74,1405.64,14.62,21.61,553.51,2388.04,9047.0,1.3,47.3,522.18,2388.09,8129.3,8.4117,0.03,393,2388,100.0,38.82,23.3115,119
57,19,-0.0011,0.0002,100.0,518.67,642.16,1587.96,1403.47,14.62,21.61,553.49,2388.11,9052.3,1.3,47.59,521.63,2388.07,8127.76,8.3961,0.03,392,2388,100.0,38.88,23.3028,118
57,20,0.0026,-0.0005,100.0,518.67,642.74,1587.18,1406.77,14.62,21.61,554.12,2388.03,9043.82,1.3,47.3,522.28,2388.06,8134.13,8.403,0.03,392,2388,100.0,38.92,23.4218,117
57,21,0.0004,0.0001,100.0,518.67,642.3,1586.16,1403.1,14.62,21.61,553.98,2388.05,9046.63,1.3,47.21,521.83,2388.06,8133.06,8.4349,0.03,392,2388,100.0,38.91,23.355,116
57,22,-0.0032,0.0002,100.0,518.67,642.33,1579.32,1397.23,14.62,21.61,554.28,2388.09,9052.72,1.3,47.35,521.55,2388.11,8137.75,8.4293,0.03,391,2388,100.0,39.03,23.3531,115
57,23,0.0003,0.0003,100.0,518.67,642.77,1588.33,1399.28,14.62,21.61,554.12,2388.05,9050.2,1.3,47.29,521.87,2388.0,8129.4,8.4297,0.03,392,2388,100.0,38.88,23.2694,114
57,24,0.0033,-0.0,100.0,518.67,642.65,1586.97,1405.22,14.62,21.61,553.79,2388.01,9046.42,1.3,47.32,521.99,2388.05,8134.97,8.4177,0.03,392,2388,100.0,39.0,23.3688,113
57,25,0.0017,0.0001,100.0,518.67,642.65,1584.95,1404.09,14.62,21.61,554.45,2388.09,9061.65,1.3,47.63,521.68,2388.1,8135.55,8.4187,0.03,392,2388,100.0,39.08,23.3005,112
57,26,0.0028,0.0004,100.0,518.67,642.01,1584.39,1409.99,14.62,21.6,554.35,2388.01,9045.58,1.3,47.3,522.07,2388.05,8128.64,8.3846,0.03,393,2388,100.0,38.97,23.4061,111
57,27,-0.0003,0.0002,100.0,518.67,642.24,1586.8,1396.78,14.62,21.61,554.28,2388.08,9047.77,1.3,47.33,522.28,2388.07,8130.43,8.3978,0.03,393,2388,100.0,38.82,23.406,110
57,28,0.0038,-0.0005,100.0,518.67,642.43,1585.55,1401.98,14.62,21.61,553.22,2388.16,9047.27,1.3,47.23,521.8,2388.03,8130.51,8.456,0.03,393,2388,100.0,38.9,23.4147,109
57,29,-0.0039,0.0004,100.0,518.67,642.47,1584.86,1404.57,14.62,21.61,553.76,2388.03,9044.86,1.3,47.23,521.88,2388.05,8131.66,8.3828,0.03,392,2388,100.0,38.88,23.4126,108
57,30,-0.0051,0.0001,100.0,518.67,642.19,1592.99,1390.35,14.62,21.61,553.93,2388.06,9039.8,1.3,47.28,521.74,2388.07,8133.16,8.434,0.03,393,2388,100.0,38.95,23.2258,107
57,31,-0.0011,0.0001,100.0,518.67,642.37,1581.17,1405.48,14.62,21.61,554.31,2388.08,9049.6,1.3,47.57,521.38,2388.08,8131.67,8.3972,0.03,391,2388,100.0,38.91,23.2808,106
57,32,-0.0039,-0.0004,100.0,518.67,642.7,1589.06,1410.09,14.62,21.61,554.31,2388.08,9053.0,1.3,47.37,521.77,2388.02,8139.74,8.4152,0.03,393,2388,100.0,39.03,23.454,105
57,33,0.002,-0.0002,100.0,518.67,642.59,1580.61,1393.08,14.62,21.61,553.5,2388.08,9051.66,1.3,47.28,522.28,2388.06,8130.25,8.4128,0.03,391,2388,100.0,39.02,23.3196,104
57,34,-0.0018,-0.0001,100.0,518.67,641.84,1590.6,1403.72,14.62,21.61,553.83,2388.06,9058.15,1.3,47.53,521.6,2388.12,8131.18,8.4007,0.03,392,2388,100.0,38.92,23.3577,103
57,35,-0.0003,-0.0,100.0,518.67,642.13,1588.52,1407.28,14.62,21.61,554.24,2388.06,9043.47,1.3,47.48,522.32,2388.07,8130.42,8.3933,0.03,393,2388,100.0,38.85,23.4341,102
57,36,0.0023,0.0,100.0,518.67,642.32,1585.56,1401.31,14.62,21.61,553.46,2388.07,9053.06,1.3,47.52,521.24,2388.1,8135.68,8.452,0.03,391,2388,100.0,38.98,23.3515,101
57,37,-0.0012,-0.0002,100.0,518.67,641.97,1588.01,1406.09,14.62,21.61,553.43,2388.06,9044.76,1.3,47.21,522.15,2388.1,8135.24,8.4486,0.03,393,2388,100.0,38.75,23.4992,100
57,38,0.0019,-0.0004,100.0,518.67,642.62,1585.32,1399.73,14.62,21.61,553.94,2388.08,9048.47,1.3,47.37,522.37,2388.08,8131.7,8.4218,0.03,392,2388,100.0,39.23,23.3812,99
57,39,-0.0009,0.0001,100.0,518.67,642.37,1591.21,1403.75,14.62,21.61,553.6,2388.01,9054.2,1.3,47.28,522.21,2388.08,8134.23,8.4272,0.03,392,2388,100.0,38.86,23.3355,98
57,40,0.001,-0.0002,100.0,518.67,641.68,1579.67,1405.19,14.62,21.61,553.48,2388.08,9047.11,1.3,47.43,521.81,2388.07,8130.77,8.4074,0.03,393,2388,100.0,38.9,23.4048,97
57,41,0.0021,0.0004,100.0,518.67,642.1,1593.06,1402.96,14.62,21.61,553.63,2388.1,9048.5,1.3,47.21,521.7,2388.11,8132.25,8.4208,0.03,393,2388,100.0,38.9,23.3181,96
57,42,-0.0002,0.0002,100.0,518.67,642.54,1584.14,1397.7,14.62,21.61,554.37,2388.08,9043.62,1.3,47.18,521.99,2388.08,8131.77,8.4267,0.03,392,2388,100.0,38.82,23.3376,95
57,43,-0.0044,-0.0004,100.0,518.67,641.59,1586.15,1406.06,14.62,21.61,553.52,2388.12,9049.8,1.3,47.34,521.5,2388.06,8125.71,8.3896,0.03,394,2388,100.0,38.79,23.2991,94
57,44,-0.0008,-0.0004,100.0,518.67,642.48,1585.91,1401.68,14.62,21.61,553.57,2388.08,9038.72,1.3,47.18,522.06,2388.07,8128.46,8.3731,0.03,393,2388,100.0,39.07,23.3478,93
57,45,0.0035,-0.0,100.0,518.67,642.76,1584.91,1410.21,14.62,21.61,554.17,2388.07,9052.16,1.3,47.49,522.23,2388.07,8129.78,8.4499,0.03,392,2388,100.0,38.71,23.444,92
57,46,0.002,0.0,100.0,518.67,642.74,1582.19,1397.98,14.62,21.61,554.34,2388.08,9054.63,1.3,47.31,521.61,2388.11,8130.38,8.4277,0.03,392,2388,100.0,39.04,23.3469,91
57,47,-0.0003,-0.0002,100.0,518.67,642.39,1584.87,1400.91,14.62,21.61,553.26,2388.15,9050.06,1.3,47.28,521.65,2388.09,8134.15,8.4619,0.03,392,2388,100.0,38.91,23.3216,90
57,48,-0.0031,-0.0005,100.0,518.67,642.17,1585.84,1402.14,14.62,21.61,554.01,2388.07,9047.5,1.3,47.5,521.73,2388.09,8128.38,8.414,0.03,394,2388,100.0,38.78,23.3214,89
57,49,-0.0019,0.0002,100.0,518.67,642.56,1585.47,1401.05,14.62,21.61,553.98,2388.07,9046.34,1.3,47.49,521.89,2388.08,8133.33,8.4004,0.03,392,2388,100.0,38.86,23.3607,88
57,50,0.0047,-0.0005,100.0,518.67,642.89,1590.75,1397.95,14.62,21.61,554.36,2388.1,9053.31,1.3,47.39,521.79,2388.03,8130.05,8.4036,0.03,392,2388,100.0,38.79,23.3338,87
57,51,0.0004,0.0002,100.0,518.67,642.9,1584.9,1403.85,14.62,21.61,553.62,2388.02,9041.5,1.3,47.26,522.2,2388.06,8127.23,8.4287,0.03,392,2388,100.0,38.87,23.4168,86
57,52,-0.0017,0.0003,100.0,518.67,642.56,1589.78,1399.83,14.62,21.61,554.32,2388.12,9044.18,1.3,47.33,522.17,2388.04,8128.61,8.3995,0.03,393,2388,100.0,38.87,23.2895,85
57,53,-0.0007,0.0004,100.0,518.67,642.84,1596.23,1399.12,14.62,21.61,553.21,2388.11,9044.98,1.3,47.39,521.71,2388.08,8133.82,8.4385,0.03,393,2388,100.0,39.09,23.3639,84
57,54,-0.0004,-0.0002,100.0,518.67,642.47,1589.25,1398.54,14.62,21.61,553.76,2388.09,9043.06,1.3,47.43,521.8,2388.12,8130.08,8.4309,0.03,394,2388,100.0,39.03,23.3659,83
57,55,-0.0011,0.0003,100.0,518.67,642.23,1583.01,1395.66,14.62,21.61,553.71,2388.04,9055.25,1.3,47.5,522.35,2388.0,8133.77,8.4146,0.03,391,2388,100.0,38.86,23.3669,82
57,56,-0.004,-0.0003,100.0,518.67,642.5,1593.52,1402.15,14.62,21.61,553.03,2388.03,9053.58,1.3,47.41,522.37,2388.1,8129.22,8.3997,0.03,392,2388,100.0,38.77,23.3993,81
57,57,-0.0016,-0.0001,100.0,518.67,642.42,1590.41,1403.39,14.62,21.61,554.27,2388.11,9048.37,1.3,47.46,521.97,2388.09,8129.29,8.4397,0.03,393,2388,100.0,38.93,23.2477,80
57,58,0.0027,0.0004,100.0,518.67,643.22,1589.56,1397.41,14.62,21.61,553.55,2388.14,9053.13,1.3,47.37,521.8,2388.11,8137.3,8.4278,0.03,393,2388,100.0,38.83,23.3732,79
57,59,0.0005,0.0001,100.0,518.67,642.67,1583.4,1410.26,14.62,21.61,553.12,2388.03,9047.23,1.3,47.49,521.43,2388.1,8134.71,8.44,0.03,392,2388,100.0,38.81,23.3404,78
57,60,0.0067,-0.0002,100.0,518.67,642.94,1588.28,1403.23,14.62,21.61,553.15,2388.09,9041.66,1.3,47.36,521.83,2388.1,8130.45,8.4618,0.03,393,2388,100.0,38.92,23.4183,77
57,61,-0.0011,-0.0004,100.0,518.67,642.25,1590.3,1400.96,14.62,21.6,553.29,2388.11,9050.49,1.3,47.53,521.4,2388.14,8134.38,8.4407,0.03,392,2388,100.0,38.9,23.234,76
57,62,0.0016,0.0003,100.0,518.67,642.4,1594.44,1404.98,14.62,21.61,553.22,2388.06,9044.93,1.3,47.5,521.56,2388.09,8130.61,8.4625,0.03,394,2388,100.0,38.97,23.3897,75
57,63,-0.0005,-0.0002,100.0,518.67,642.38,1587.46,1413.64,14.62,21.61,553.97,2388.06,9048.51,1.3,47.42,521.33,2388.09,8125.73,8.4324,0.03,392,2388,100.0,38.87,23.4107,74
57,64,-0.0032,-0.0001,100.0,518.67,642.5,1582.95,1405.42,14.62,21.61,553.75,2388.12,9044.63,1.3,47.51,521.62,2388.04,8124.45,8.4606,0.03,394,2388,100.0,38.93,23.3744,73
57,65,0.0023,0.0001,100.0,518.67,643.1,1591.13,1408.48,14.62,21.61,553.34,2388.06,9050.49,1.3,47.59,522.25,2388.12,8129.41,8.4163,0.03,392,2388,100.0,39.0,23.2173,72
57,66,-0.0013,0.0002,100.0,518.67,642.07,1590.99,1409.49,14.62,21.61,553.73,2388.11,9049.42,1.3,47.31,521.77,2388.09,8127.72,8.4225,0.03,391,2388,100.0,38.8,23.2473,71
57,67,-0.0002,-0.0004,100.0,518.67,642.66,1588.57,1397.84,14.62,21.61,553.35,2388.16,9054.67,1.3,47.61,521.63,2388.09,8134.92,8.4603,0.03,392,2388,100.0,38.89,23.4041,70
57,68,0.0011,-0.0005,100.0,518.67,641.96,1588.22,1401.69,14.62,21.61,553.38,2388.14,9049.76,1.3,47.46,521.04,2388.09,8132.25,8.45,0.03,393,2388,100.0,39.09,23.2718,69
57,69,0.0025,0.0002,100.0,518.67,642.53,1594.01,1408.35,14.62,21.61,553.72,2388.08,9047.57,1.3,47.34,522.23,2388.13,8119.8,8.4154,0.03,394,2388,100.0,38.82,23.3204,68
57,70,-0.0007,0.0001,100.0,518.67,642.53,1593.73,1402.87,14.62,21.61,553.62,2388.08,9039.63,1.3,47.4,521.76,2388.08,8127.03,8.4098,0.03,391,2388,100.0,38.99,23.1992,67
57,71,-0.0038,0.0001,100.0,518.67,641.88,1589.41,1408.89,14.62,21.61,554.0,2388.09,9052.57,1.3,47.36,521.35,2388.11,8138.11,8.4045,0.03,393,2388,100.0,39.0,23.2634,66
57,72,0.0028,0.0004,100.0,518.67,642.13,1589.23,1403.38,14.62,21.61,553.67,2388.04,9047.88,1.3,47.45,522.01,2388.11,8128.38,8.4149,0.03,394,2388,100.0,38.88,23.352,65
57,73,-0.001,0.0004,100.0,518.67,642.78,1584.77,1410.85,14.62,21.61,554.22,2388.13,9044.28,1.3,47.57,520.94,2388.13,8126.93,8.426,0.03,395,2388,100.0,38.77,23.2394,64
57,74,-0.0041,0.0001,100.0,518.67,642.75,1587.18,1403.99,14.62,21.61,553.8,2388.12,9048.42,1.3,47.51,521.58,2388.15,8128.78,8.4271,0.03,393,2388,100.0,38.76,23.3394,63
57,75,0.0066,0.0005,100.0,518.67,642.48,1591.09,1403.25,14.62,21.61,553.65,2388.12,9047.74,1.3,47.41,521.31,2388.08,8132.3,8.4321,0.03,393,2388,100.0,38.86,23.2441,62
57,76,0.0009,0.0,100.0,518.67,642.92,1601.85,1409.0,14.62,21.61,553.93,2388.11,9045.3,1.3,47.56,521.33,2388.13,8131.12,8.4467,0.03,394,2388,100.0,38.75,23.2092,61
57,77,-0.0022,-0.0,100.0,518.67,642.5,1580.1,1403.4,14.62,21.61,553.43,2388.05,9053.47,1.3,47.66,522.06,2388.16,8127.24,8.4066,0.03,392,2388,100.0,38.94,23.2951,60
57,78,0.0008,0.0001,100.0,518.67,642.58,1587.8,1406.62,14.62,21.61,553.7,2388.09,9048.9,1.3,47.47,521.27,2388.1,8130.68,8.4598,0.03,394,2388,100.0,38.84,23.259,59
57,79,-0.0017,0.0001,100.0,518.67,642.5,1584.98,1405.57,14.62,21.61,553.57,2388.12,9048.12,1.3,47.56,521.2,2388.12,8130.07,8.4236,0.03,394,2388,100.0,38.89,23.2973,58
57,80,0.0018,-0.0002,100.0,518.67,642.75,1592.43,1402.17,14.62,21.61,553.97,2388.13,9047.35,1.3,47.36,521.53,2388.14,8128.78,8.4222,0.03,394,2388,100.0,38.88,23.1531,57
57,81,0.0015,0.0,100.0,518.67,643.23,1588.45,1407.0,14.62,21.61,553.68,2388.13,9043.75,1.3,47.6,521.51,2388.1,8128.38,8.4404,0.03,393,2388,100.0,38.89,23.1935,56
57,82,0.0037,0.0004,100.0,518.67,643.1,1586.93,1407.37,14.62,21.61,553.59,2388.06,9048.08,1.3,47.57,521.3,2388.13,8131.69,8.4398,0.03,393,2388,100.0,38.97,23.3651,55
57,83,0.0056,-0.0002,100.0,518.67,642.56,1586.05,1405.66,14.62,21.61,553.23,2388.1,9051.55,1.3,47.46,521.85,2388.04,8127.2,8.4136,0.03,393,2388,100.0,39.1,23.2385,54
57,84,0.0029,-0.0004,100.0,518.67,642.32,1587.27,1406.76,14.62,21.61,553.56,2388.15,9047.42,1.3,47.72,521.96,2388.04,8131.94,8.4423,0.03,391,2388,100.0,38.85,23.3075,53
57,85,0.0006,-0.0005,100.0,518.67,643.23,1591.86,1410.13,14.62,21.61,553.58,2388.13,9038.29,1.3,47.5,521.48,2388.13,8121.92,8.4204,0.03,392,2388,100.0,38.74,23.2924,52
57,86,-0.003,-0.0001,100.0,518.67,642.47,1592.56,1399.88,14.62,21.61,553.6,2388.12,9038.8,1.3,47.31,521.24,2388.15,8129.96,8.462,0.03,392,2388,100.0,38.69,23.2527,51
57,87,-0.0005,0.0004,100.0,518.67,642.8,1588.81,1402.26,14.62,21.61,553.61,2388.06,9038.87,1.3,47.58,521.55,2388.1,8126.11,8.4544,0.03,393,2388,100.0,38.8,23.3064,50
57,88,-0.0028,-0.0003,100.0,518.67,642.75,1599.27,1408.98,14.62,21.61,553.58,2388.14,9045.86,1.3,47.64,521.61,2388.12,8130.21,8.4413,0.03,393,2388,100.0,38.91,23.2624,49
57,89,0.0042,-0.0004,100.0,518.67,642.46,1592.36,1404.99,14.62,21.61,552.99,2388.1,9046.01,1.3,47.59,521.63,2388.13,8123.68,8.4667,0.03,395,2388,100.0,38.75,23.3636,48
57,90,0.0048,0.0001,100.0,518.67,642.65,1597.61,1411.84,14.62,21.61,553.84,2388.13,9045.14,1.3,47.39,521.36,2388.13,8124.46,8.4446,0.03,394,2388,100.0,38.85,23.3086,47
57,91,0.0009,-0.0005,100.0,518.67,642.35,1589.37,1406.06,14.62,21.61,552.97,2388.16,9052.0,1.3,47.39,520.76,2388.16,8135.35,8.4437,0.03,394,2388,100.0,38.8,23.2717,46
57,92,-0.0033,0.0,100.0,518.67,643.01,1593.74,1407.3,14.62,21.61,552.93,2388.14,9049.45,1.3,47.52,521.02,2388.1,8132.12,8.4573,0.03,392,2388,100.0,38.78,23.2635,45
57,93,-0.0009,0.0004,100.0,518.67,642.98,1588.27,1418.15,14.62,21.61,552.56,2388.09,9047.78,1.3,47.7,521.35,2388.1,8124.7,8.4601,0.03,392,2388,100.0,38.88,23.368,44
57,94,-0.0003,-0.0002,100.0,518.67,642.91,1590.64,1409.46,14.62,21.61,553.26,2388.16,9045.39,1.3,47.66,521.16,2388.14,8129.2,8.4087,0.03,394,2388,100.0,38.89,23.3145,43
57,95,-0.001,-0.0003,100.0,518.67,642.41,1587.08,1405.52,14.62,21.61,554.0,2388.04,9043.3,1.3,47.58,521.27,2388.08,8127.18,8.4611,0.03,393,2388,100.0,38.9,23.3544,42
57,96,0.0055,0.0002,100.0,518.67,642.76,1594.76,1408.29,14.62,21.61,553.26,2388.12,9044.48,1.3,47.62,521.37,2388.14,8114.92,8.4391,0.03,396,2388,100.0,38.8,23.2794,41
57,97,-0.0027,-0.0005,100.0,518.67,643.38,1591.7,1411.89,14.62,21.61,552.69,2388.17,9043.14,1.3,47.55,520.98,2388.13,8124.7,8.4607,0.03,393,2388,100.0,38.57,23.2508,40
57,98,0.0018,-0.0004,100.0,518.67,642.63,1590.07,1411.66,14.62,21.61,552.9,2388.15,9041.05,1.3,47.65,521.48,2388.14,8124.32,8.4761,0.03,394,2388,100.0,38.85,23.303,39
57,99,-0.0039,-0.0001,100.0,518.67,642.75,1590.26,1405.13,14.62,21.61,553.15,2388.17,9047.66,1.3,47.56,521.7,2388.15,8125.26,8.4651,0.03,392,2388,100.0,39.0,23.2346,38
57,100,-0.0026,-0.0004,100.0,518.67,642.75,1592.96,1412.69,14.62,21.61,553.95,2388.12,9043.93,1.3,47.62,520.76,2388.18,8121.91,8.468,0.03,394,2388,100.0,38.8,23.1595,37
57,101,-0.0015,0.0001,100.0,518.67,643.06,1592.18,1409.28,14.62,21.61,553.4,2388.18,9047.85,1.3,47.77,520.58,2388.17,8130.06,8.441,0.03,393,2388,100.0,38.91,23.3392,36
57,102,0.0006,0.0002,100.0,518.67,642.63,1594.27,1415.28,14.62,21.61,552.49,2388.18,9048.84,1.3,47.61,521.02,2388.17,8123.37,8.4499,0.03,396,2388,100.0,38.75,23.1909,35
57,103,0.0013,0.0,100.0,518.67,642.6,1595.82,1411.74,14.62,21.61,553.19,2388.13,9040.78,1.3,47.63,521.04,2388.17,8118.3,8.4515,0.03,394,2388,100.0,38.65,23.1925,34
57,104,0.001,-0.0002,100.0,518.67,642.76,1594.99,1416.7,14.62,21.61,553.03,2388.13,9046.2,1.3,47.66,521.16,2388.22,8123.86,8.4696,0.03,395,2388,100.0,38.69,23.3088,33
57,105,-0.0015,-0.0003,100.0,518.67,643.19,1585.36,1415.03,14.62,21.61,553.61,2388.17,9049.94,1.3,47.78,520.96,2388.19,8127.15,8.4737,0.03,392,2388,100.0,38.73,23.2044,32
57,106,-0.0017,0.0003,100.0,518.67,642.78,1592.44,1417.99,14.62,21.61,553.42,2388.19,9042.35,1.3,47.68,521.23,2388.14,8124.03,8.4841,0.03,394,2388,100.0,38.44,23.2652,31
57,107,0.0023,0.0003,100.0,518.67,643.24,1592.31,1413.01,14.62,21.61,552.5,2388.15,9048.24,1.3,47.73,520.54,2388.17,8120.44,8.459,0.03,394,2388,100.0,38.74,23.2979,30
57,108,-0.0018,-0.0001,100.0,518.67,642.42,1593.71,1413.3,14.62,21.61,553.11,2388.18,9044.3,1.3,47.78,520.76,2388.21,8121.17,8.4752,0.03,394,2388,100.0,38.75,23.1364,29
57,109,-0.0036,-0.0,100.0,518.67,643.55,1592.04,1413.98,14.62,21.61,552.12,2388.18,9052.47,1.3,47.7,520.94,2388.17,8122.51,8.4891,0.03,395,2388,100.0,38.56,23.2547,28
57,110,-0.0012,-0.0004,100.0,518.67,643.03,1601.55,1413.33,14.62,21.61,552.6,2388.19,9038.25,1.3,47.64,520.52,2388.16,8118.94,8.4334,0.03,394,2388,100.0,38.61,23.3253,27
57,111,-0.0005,0.0001,100.0,518.67,642.52,1587.57,1414.44,14.62,21.61,552.73,2388.14,9035.52,1.3,47.65,520.69,2388.14,8125.13,8.4909,0.03,396,2388,100.0,38.75,23.1645,26
57,112,-0.0036,-0.0005,100.0,518.67,642.84,1590.21,1416.74,14.62,21.61,552.74,2388.18,9045.59,1.3,47.61,520.44,2388.14,8125.08,8.4924,0.03,394,2388,100.0,38.72,23.1206,25
57,113,-0.0018,0.0001,100.0,518.67,642.84,1593.2,1420.49,14.62,21.61,552.74,2388.2,9039.73,1.3,47.88,520.46,2388.21,8117.41,8.4457,0.03,395,2388,100.0,38.6,23.2425,24
57,114,-0.0013,0.0002,100.0,518.67,642.7,1595.68,1413.51,14.62,21.61,552.84,2388.17,9047.11,1.3,47.98,520.83,2388.15,8117.67,8.4694,0.03,396,2388,100.0,38.76,23.2286,23
57,115,0.0015,-0.0,100.0,518.67,642.34,1599.3,1417.37,14.62,21.61,552.75,2388.22,9037.03,1.3,47.64,520.57,2388.22,8121.55,8.477,0.03,394,2388,100.0,38.6,23.1983,22
57,116,0.0005,0.0,100.0,518.67,643.29,1596.8,1405.14,14.62,21.61,551.89,2388.16,9036.62,1.3,47.91,520.54,2388.18,8114.27,8.467,0.03,392,2388,100.0,38.75,23.1789,21
57,117,-0.0019,-0.0,100.0,518.67,643.03,1587.07,1417.78,14.62,21.61,552.63,2388.27,9042.36,1.3,47.75,520.58,2388.17,8123.03,8.4793,0.03,394,2388,100.0,38.76,23.2321,20
57,118,0.0009,0.0001,100.0,518.67,643.61,1597.52,1415.36,14.62,21.61,552.79,2388.23,9035.42,1.3,47.82,520.73,2388.21,8119.45,8.5201,0.03,393,2388,100.0,38.74,23.2151,19
57,119,-0.0014,-0.0004,100.0,518.67,643.32,1597.04,1414.06,14.62,21.61,552.43,2388.25,9038.36,1.3,47.85,520.92,2388.24,8121.83,8.4803,0.03,395,2388,100.0,38.56,23.1646,18
57,120,0.0018,-0.0001,100.0,518.67,643.39,1600.21,1419.3,14.62,21.61,552.95,2388.29,9040.99,1.3,47.62,520.17,2388.22,8117.34,8.4742,0.03,395,2388,100.0,38.48,23.1435,17
57,121,-0.0001,-0.0,100.0,518.67,643.0,1600.43,1422.02,14.62,21.61,552.67,2388.21,9037.32,1.3,47.89,520.23,2388.28,8115.94,8.5135,0.03,395,2388,100.0,38.59,23.1313,16
57,122,0.0009,-0.0002,100.0,518.67,643.09,1592.04,1423.27,14.62,21.61,551.75,2388.24,9035.58,1.3,47.94,520.23,2388.2,8117.83,8.5122,0.03,394,2388,100.0,38.35,23.251,15
57,123,-0.0012,0.0003,100.0,518.67,643.4,1601.63,1423.86,14.62,21.61,552.16,2388.23,9035.67,1.3,48.02,519.25,2388.25,8112.69,8.4965,0.03,395,2388,100.0,38.47,23.1253,14
57,124,0.0037,0.0001,100.0,518.67,643.57,1595.41,1420.78,14.62,21.61,552.7,2388.28,9037.3,1.3,47.84,520.3,2388.23,8110.72,8.4846,0.03,394,2388,100.0,38.5,23.1192,13
57,125,-0.0008,-0.0003,100.0,518.67,643.73,1596.02,1428.69,14.62,21.61,552.19,2388.25,9034.23,1.3,48.05,520.3,2388.24,8111.17,8.4859,0.03,395,2388,100.0,38.61,23.1055,12
57,126,-0.0012,0.0002,100.0,518.67,643.39,1599.21,1417.22,14.62,21.61,551.93,2388.25,9035.13,1.3,47.94,520.03,2388.23,8116.9,8.5177,0.03,394,2388,100.0,38.55,23.1789,11
57,127,0.0011,0.0002,100.0,518.67,643.69,1597.92,1421.16,14.62,21.61,551.88,2388.3,9048.0,1.3,47.86,520.2,2388.25,8118.83,8.5165,0.03,394,2388,100.0,38.59,23.1994,10
57,128,0.0005,-0.0003,100.0,518.67,643.45,1599.53,1418.5,14.62,21.61,551.77,2388.24,9034.51,1.3,47.85,520.36,2388.19,8111.56,8.5058,0.03,395,2388,100.0,38.37,23.1706,9
57,129,0.0023,-0.0001,100.0,518.67,643.04,1596.31,1428.03,14.62,21.61,552.39,2388.26,9036.6,1.3,48.06,520.11,2388.26,8115.43,8.5011,0.03,395,2388,100.0,38.5,23.1568,8
57,130,-0.0014,0.0002,100.0,518.67,643.41,1600.26,1420.7,14.62,21.61,552.04,2388.33,9037.55,1.3,48.0,519.95,2388.28,8108.87,8.5241,0.03,395,2388,100.0,38.42,23.2014,7
57,131,0.0008,0.0005,100.0,518.67,643.64,1593.38,1435.94,14.62,21.61,551.86,2388.29,9038.74,1.3,48.03,520.04,2388.27,8111.42,8.4988,0.03,396,2388,100.0,38.43,23.205,6
57,132,0.0026,-0.0005,100.0,518.67,643.19,1599.21,1425.07,14.62,21.61,551.14,2388.28,9036.16,1.3,48.17,519.77,2388.3,8112.13,8.5256,0.03,397,2388,100.0,38.41,23.0338,5
57,133,-0.0024,-0.0002,100.0,518.67,643.47,1605.28,1423.89,14.62,21.61,551.23,2388.3,9038.97,1.3,48.12,519.77,2388.29,8110.3,8.4876,0.03,395,2388,100.0,38.47,23.0866,4
57,134,0.0006,-0.0004,100.0,518.67,643.65,1597.0,1425.54,14.62,21.61,551.67,2388.31,9038.17,1.3,48.4,519.67,2388.29,8109.82,8.5187,0.03,396,2388,100.0,38.31,23.0414,3
57,135,-0.0023,0.0001,100.0,518.67,643.61,1604.87,1428.42,14.62,21.61,551.73,2388.32,9031.44,1.3,48.22,519.1,2388.32,8108.19,8.5308,0.03,396,2388,100.0,38.43,23.1252,2
57,136,-0.0022,-0.0005,100.0,518.67,643.79,1601.69,1430.32,14.62,21.61,551.12,2388.34,9035.03,1.3,48.37,518.94,2388.29,8108.52,8.5266,0.03,395,2388,100.0,38.18,23.1046,1
57,137,-0.0004,-0.0003,100.0,518.67,644.15,1596.45,1432.49,14.62,21.61,550.95,2388.32,9036.5,1.3,48.26,519.07,2388.28,8108.28,8.5533,0.03,394,2388,100.0,38.24,23.0412,0
58,1,-0.0015,0.0003,100.0,518.67,642.71,1587.27,1405.1,14.62,21.61,553.55,2387.99,9063.94,1.3,47.4,521.98,2388.0,8145.98,8.3982,0.03,391,2388,100.0,39.03,23.4821,146
58,2,-0.0004,0.0,100.0,518.67,642.59,1583.62,1402.26,14.62,21.61,555.09,2388.05,9068.08,1.3,47.27,521.95,2388.07,8146.23,8.4185,0.03,393,2388,100.0,39.14,23.3301,145
58,3,-0.0004,0.0003,100.0,518.67,641.87,1587.99,1412.41,14.62,21.61,554.45,2388.02,9064.87,1.3,47.44,522.37,2388.06,8142.33,8.3964,0.03,392,2388,100.0,38.99,23.3706,144
58,4,-0.0,-0.0003,100.0,518.67,642.2,1590.72,1402.53,14.62,21.61,554.32,2388.03,9066.19,1.3,47.3,521.94,2388.06,8149.51,8.3994,0.03,392,2388,100.0,38.85,23.3627,143
58,5,-0.0001,-0.0,100.0,518.67,642.57,1589.26,1402.45,14.62,21.61,554.33,2388.08,9066.68,1.3,47.29,521.75,2388.02,8148.3,8.4047,0.03,392,2388,100.0,38.89,23.3105,142
58,6,-0.0013,0.0003,100.0,518.67,641.66,1586.94,1403.95,14.62,21.61,554.48,2388.02,9067.9,1.3,47.37,521.91,2388.03,8145.43,8.4041,0.03,393,2388,100.0,39.15,23.3695,141
58,7,-0.0011,-0.0002,100.0,518.67,642.56,1593.65,1406.83,14.62,21.61,554.18,2388.06,9064.05,1.3,47.41,521.87,2388.04,8145.54,8.4185,0.03,392,2388,100.0,38.75,23.3598,140
58,8,-0.0019,0.0003,100.0,518.67,642.74,1594.24,1402.7,14.62,21.61,554.19,2388.01,9060.16,1.3,47.22,521.81,2388.06,8141.66,8.4192,0.03,392,2388,100.0,38.91,23.5189,139
58,9,0.0005,0.0002,100.0,518.67,642.43,1583.03,1398.76,14.62,21.61,553.2,2388.05,9056.44,1.3,47.42,522.07,2388.03,8145.0,8.4073,0.03,390,2388,100.0,38.97,23.3778,138
58,10,-0.002,-0.0005,100.0,518.67,641.86,1580.31,1405.86,14.62,21.61,553.11,2388.06,9062.61,1.3,47.41,522.12,2388.06,8145.25,8.3926,0.03,391,2388,100.0,39.04,23.5128,137
58,11,-0.0003,-0.0005,100.0,518.67,642.02,1587.24,1396.24,14.62,21.61,554.03,2388.08,9061.95,1.3,47.36,521.82,2388.08,8145.67,8.4095,0.03,394,2388,100.0,38.84,23.311,136
58,12,0.0039,0.0002,100.0,518.67,642.07,1591.21,1402.25,14.62,21.61,553.95,2388.03,9070.55,1.3,47.38,521.93,2388.08,8143.58,8.4077,0.03,393,2388,100.0,39.1,23.2931,135
58,13,-0.0012,-0.0005,100.0,518.67,643.05,1588.88,1404.52,14.62,21.61,554.0,2388.01,9063.62,1.3,47.47,522.33,2388.04,8147.01,8.4022,0.03,391,2388,100.0,39.01,23.2346,134
58,14,-0.0002,0.0002,100.0,518.67,643.05,1582.9,1394.69,14.62,21.61,554.17,2388.03,9066.98,1.3,47.45,522.1,2388.03,8144.63,8.4014,0.03,390,2388,100.0,38.88,23.3799,133
58,15,-0.0024,-0.0003,100.0,518.67,642.27,1583.34,1405.36,14.62,21.61,554.08,2388.03,9063.22,1.3,47.4,521.65,2388.02,8143.39,8.4141,0.03,392,2388,100.0,38.91,23.364,132
58,16,0.0017,-0.0001,100.0,518.67,642.33,1591.22,1400.87,14.62,21.61,553.7,2388.01,9064.49,1.3,47.34,521.77,2388.06,8146.41,8.4039,0.03,392,2388,100.0,39.06,23.2707,131
58,17,-0.0,-0.0003,100.0,518.67,642.59,1582.01,1401.08,14.62,21.61,553.73,2388.08,9069.3,1.3,47.3,522.16,2388.06,8145.51,8.4518,0.03,393,2388,100.0,38.93,23.3628,130
58,18,-0.0017,-0.0002,100.0,518.67,642.49,1589.98,1401.49,14.62,21.61,553.9,2387.98,9058.1,1.3,47.31,521.62,2388.04,8145.99,8.4498,0.03,391,2388,100.0,38.98,23.4576,129
58,19,0.0009,-0.0005,100.0,518.67,641.58,1598.84,1401.43,14.62,21.61,554.24,2388.08,9065.52,1.3,47.26,521.7,2388.04,8137.59,8.436,0.03,391,2388,100.0,39.06,23.406,128
58,20,-0.0003,0.0003,100.0,518.67,642.16,1588.21,1398.46,14.62,21.61,553.99,2388.02,9064.44,1.3,47.26,521.84,2388.01,8143.27,8.4245,0.03,392,2388,100.0,38.87,23.4072,127
58,21,-0.0013,0.0001,100.0,518.67,642.54,1592.01,1401.75,14.62,21.61,554.32,2388.04,9067.65,1.3,47.38,522.09,2388.01,8146.07,8.4377,0.03,392,2388,100.0,39.05,23.4713,126
58,22,-0.0034,0.0,100.0,518.67,642.86,1588.05,1407.54,14.62,21.61,553.01,2388.11,9061.87,1.3,47.35,521.81,2388.08,8144.12,8.442,0.03,392,2388,100.0,38.95,23.3168,125
58,23,-0.0016,0.0004,100.0,518.67,642.73,1588.91,1399.14,14.62,21.61,553.42,2388.03,9064.61,1.3,47.21,522.35,2388.03,8145.65,8.4065,0.03,392,2388,100.0,39.0,23.3572,124
58,24,0.0001,0.0002,100.0,518.67,642.67,1592.14,1407.04,14.62,21.61,553.24,2388.05,9066.2,1.3,47.44,522.04,2388.04,8146.07,8.4067,0.03,391,2388,100.0,38.93,23.3207,123
58,25,-0.0027,0.0001,100.0,518.67,642.5,1590.75,1403.68,14.62,21.61,553.81,2388.04,9069.54,1.3,47.48,522.45,2388.06,8148.71,8.4276,0.03,392,2388,100.0,38.93,23.3306,122
58,26,-0.004,0.0001,100.0,518.67,642.37,1598.31,1402.54,14.62,21.61,553.8,2388.01,9065.84,1.3,47.57,521.96,2388.06,8142.77,8.4114,0.03,392,2388,100.0,39.08,23.3497,121
58,27,0.0004,-0.0,100.0,518.67,642.66,1587.88,1396.46,14.62,21.61,553.84,2388.07,9061.12,1.3,47.18,521.69,2388.07,8140.97,8.3984,0.03,392,2388,100.0,38.84,23.3886,120
58,28,-0.0017,0.0001,100.0,518.67,642.0,1590.0,1409.81,14.62,21.61,553.76,2387.99,9066.79,1.3,47.31,522.51,2388.05,8147.84,8.4077,0.03,392,2388,100.0,39.13,23.4317,119
58,29,0.0015,0.0,100.0,518.67,642.42,1590.61,1403.78,14.62,21.61,553.45,2388.07,9065.36,1.3,47.34,521.46,2388.07,8141.76,8.4324,0.03,392,2388,100.0,38.88,23.2306,118
58,30,-0.0029,-0.0004,100.0,518.67,642.86,1588.46,1403.65,14.62,21.61,554.38,2388.07,9069.03,1.3,47.33,521.96,2388.04,8145.16,8.4084,0.03,391,2388,100.0,39.06,23.3015,117
58,31,0.0003,-0.0,100.0,518.67,642.5,1591.23,1405.79,14.62,21.61,554.24,2388.09,9056.0,1.3,47.22,521.98,2388.08,8143.54,8.4182,0.03,393,2388,100.0,38.87,23.2809,116
58,32,0.0021,-0.0005,100.0,518.67,642.3,1582.64,1400.88,14.62,21.61,553.9,2388.05,9061.94,1.3,47.34,521.94,2388.06,8147.62,8.4299,0.03,391,2388,100.0,39.14,23.433,115
58,33,-0.0022,0.0002,100.0,518.67,641.82,1585.41,1401.47,14.62,21.61,553.85,2388.01,9072.37,1.3,47.3,522.07,2388.02,8140.24,8.435,0.03,392,2388,100.0,38.89,23.4138,114
58,34,-0.0041,-0.0005,100.0,518.67,642.38,1583.1,1395.59,14.62,21.61,554.01,2388.02,9071.37,1.3,47.36,522.14,2388.03,8139.77,8.4584,0.03,393,2388,100.0,38.99,23.4256,113
58,35,0.0013,-0.0001,100.0,518.67,642.82,1590.34,1403.64,14.62,21.61,554.2,2388.04,9062.28,1.3,47.34,522.26,2388.09,8145.47,8.4218,0.03,394,2388,100.0,39.02,23.4101,112
58,36,-0.0055,0.0004,100.0,518.67,642.8,1589.18,1402.1,14.62,21.61,553.84,2388.14,9060.63,1.3,47.38,521.76,2388.04,8146.48,8.409,0.03,393,2388,100.0,39.0,23.4206,111
58,37,0.0028,-0.0001,100.0,518.67,641.9,1588.94,1403.49,14.62,21.61,553.1,2388.03,9068.16,1.3,47.2,522.24,2388.09,8147.24,8.4216,0.03,392,2388,100.0,38.72,23.4423,110
58,38,0.0016,0.0002,100.0,518.67,642.59,1586.97,1404.17,14.62,21.61,554.53,2388.0,9066.04,1.3,47.52,521.89,2387.99,8143.47,8.4355,0.03,392,2388,100.0,38.74,23.376,109
58,39,0.005,-0.0,100.0,518.67,641.68,1588.58,1411.78,14.62,21.61,554.61,2388.05,9057.63,1.3,47.43,521.78,2388.06,8145.04,8.4908,0.03,391,2388,100.0,38.84,23.4197,108
58,40,-0.0025,-0.0002,100.0,518.67,642.26,1589.31,1411.44,14.62,21.61,553.52,2388.09,9059.81,1.3,47.4,521.56,2388.01,8145.11,8.4183,0.03,393,2388,100.0,38.81,23.4656,107
58,41,-0.0049,0.0004,100.0,518.67,642.49,1591.7,1403.21,14.62,21.61,554.15,2388.09,9058.87,1.3,47.34,521.26,2388.02,8146.51,8.4173,0.03,392,2388,100.0,38.87,23.3199,106
58,42,-0.0033,-0.0005,100.0,518.67,641.95,1587.77,1408.32,14.62,21.61,554.15,2388.06,9062.85,1.3,47.21,521.48,2388.1,8146.15,8.3991,0.03,393,2388,100.0,38.65,23.4807,105
58,43,0.0015,-0.0003,100.0,518.67,643.14,1588.53,1407.16,14.62,21.61,553.59,2388.05,9062.75,1.3,47.32,522.02,2388.1,8145.15,8.4206,0.03,391,2388,100.0,38.87,23.3472,104
58,44,0.0025,0.0004,100.0,518.67,642.88,1592.66,1395.1,14.62,21.61,554.31,2388.09,9061.41,1.3,47.43,521.73,2388.04,8140.9,8.433,0.03,394,2388,100.0,38.93,23.3056,103
58,45,-0.0002,0.0001,100.0,518.67,642.8,1577.14,1399.9,14.62,21.61,554.07,2388.02,9061.62,1.3,47.29,521.73,2388.07,8147.67,8.391,0.03,392,2388,100.0,38.93,23.2825,102
58,46,0.0012,-0.0005,100.0,518.67,642.51,1588.35,1406.91,14.62,21.61,552.84,2388.08,9065.81,1.3,47.37,522.1,2388.09,8142.71,8.4128,0.03,393,2388,100.0,39.02,23.2679,101
58,47,0.0021,-0.0005,100.0,518.67,642.7,1591.51,1404.46,14.62,21.61,553.82,2388.01,9062.6,1.3,47.24,522.26,2388.02,8143.92,8.4183,0.03,391,2388,100.0,38.93,23.3569,100
58,48,0.0003,-0.0004,100.0,518.67,642.85,1590.34,1404.82,14.62,21.61,554.31,2388.04,9068.24,1.3,47.39,522.23,2388.07,8139.44,8.419,0.03,393,2388,100.0,38.86,23.4273,99
58,49,-0.0017,0.0,100.0,518.67,642.36,1585.2,1397.92,14.62,21.61,554.07,2388.02,9064.86,1.3,47.53,521.36,2388.14,8142.77,8.4683,0.03,392,2388,100.0,39.09,23.4328,98
58,50,-0.0002,0.0002,100.0,518.67,642.45,1585.79,1404.24,14.62,21.61,554.03,2388.06,9064.16,1.3,47.51,521.89,2388.06,8142.1,8.3835,0.03,391,2388,100.0,38.91,23.2407,97
58,51,0.0015,-0.0,100.0,518.67,642.46,1585.51,1403.97,14.62,21.61,553.5,2388.03,9061.72,1.3,47.26,521.98,2388.02,8144.26,8.4146,0.03,392,2388,100.0,39.06,23.3559,96
58,52,0.0016,-0.0,100.0,518.67,642.59,1581.31,1401.15,14.62,21.61,553.61,2388.07,9065.41,1.3,47.34,522.24,2388.07,8139.99,8.435,0.03,392,2388,100.0,38.93,23.3741,95
58,53,-0.0008,-0.0001,100.0,518.67,642.32,1590.99,1409.69,14.62,21.61,553.98,2388.07,9069.89,1.3,47.36,522.31,2388.07,8144.54,8.4061,0.03,394,2388,100.0,38.91,23.354,94
58,54,-0.0003,0.0004,100.0,518.67,642.19,1584.19,1402.12,14.62,21.61,553.58,2388.04,9062.08,1.3,47.44,521.96,2388.07,8144.21,8.45,0.03,391,2388,100.0,38.98,23.3205,93
58,55,0.0025,0.0001,100.0,518.67,642.08,1591.35,1402.98,14.62,21.61,554.8,2388.05,9064.45,1.3,47.52,521.85,2388.01,8141.43,8.4531,0.03,392,2388,100.0,38.8,23.4486,92
58,56,-0.0007,-0.0005,100.0,518.67,642.23,1590.48,1405.53,14.62,21.61,553.75,2388.04,9060.95,1.3,47.29,521.35,2388.05,8141.84,8.4033,0.03,393,2388,100.0,38.75,23.3247,91
58,57,0.0029,-0.0001,100.0,518.67,642.25,1580.03,1408.31,14.62,21.61,553.57,2388.06,9054.65,1.3,47.3,522.39,2388.09,8141.36,8.4277,0.03,392,2388,100.0,38.67,23.4323,90
58,58,0.0006,0.0001,100.0,518.67,642.66,1584.18,1405.63,14.62,21.61,553.04,2388.06,9060.82,1.3,47.5,522.23,2388.08,8144.76,8.4517,0.03,393,2388,100.0,38.86,23.3487,89
58,59,0.0023,-0.0001,100.0,518.67,642.18,1592.14,1406.82,14.62,21.61,553.53,2388.11,9065.66,1.3,47.45,522.36,2388.05,8137.47,8.4747,0.03,393,2388,100.0,38.92,23.367,88
58,60,0.0016,-0.0002,100.0,518.67,642.99,1585.27,1412.64,14.62,21.61,553.77,2388.06,9065.29,1.3,47.4,521.94,2388.05,8141.39,8.4209,0.03,392,2388,100.0,39.04,23.3723,87
58,61,-0.0015,-0.0004,100.0,518.67,641.88,1589.62,1396.84,14.62,21.61,553.73,2388.08,9063.24,1.3,47.33,521.72,2388.1,8142.46,8.4373,0.03,395,2388,100.0,38.94,23.3591,86
58,62,0.0022,-0.0,100.0,518.67,642.58,1583.31,1409.23,14.62,21.61,553.89,2388.06,9063.08,1.3,47.39,522.61,2388.07,8144.95,8.4152,0.03,393,2388,100.0,38.86,23.3407,85
58,63,0.0011,-0.0004,100.0,518.67,642.68,1592.5,1406.59,14.62,21.61,553.21,2388.12,9068.94,1.3,47.48,521.52,2388.08,8143.22,8.4382,0.03,393,2388,100.0,39.1,23.3847,84
58,64,-0.0004,-0.0005,100.0,518.67,642.49,1585.67,1404.76,14.62,21.61,553.62,2388.11,9054.04,1.3,47.34,522.25,2388.03,8143.09,8.4378,0.03,393,2388,100.0,38.99,23.3758,83
58,65,0.0013,0.0001,100.0,518.67,642.85,1585.97,1405.22,14.62,21.61,554.39,2388.06,9062.04,1.3,47.32,521.31,2388.04,8142.4,8.4059,0.03,392,2388,100.0,39.06,23.2332,82
58,66,0.0021,-0.0001,100.0,518.67,642.41,1589.48,1397.56,14.62,21.61,553.22,2388.1,9065.71,1.3,47.21,521.9,2388.1,8145.15,8.4488,0.03,393,2388,100.0,38.93,23.4014,81
58,67,0.0013,-0.0002,100.0,518.67,642.43,1588.68,1410.72,14.62,21.61,553.62,2388.08,9060.72,1.3,47.28,521.41,2388.05,8142.59,8.4305,0.03,393,2388,100.0,38.91,23.3711,80
58,68,0.0013,-0.0001,100.0,518.67,642.76,1590.98,1410.74,14.62,21.61,554.19,2388.06,9061.66,1.3,47.61,521.74,2388.06,8146.62,8.4171,0.03,394,2388,100.0,38.89,23.3808,79
58,69,-0.0038,-0.0003,100.0,518.67,642.18,1588.84,1401.97,14.62,21.61,553.14,2388.1,9058.63,1.3,47.24,521.95,2388.08,8144.89,8.413,0.03,393,2388,100.0,38.85,23.3779,78
58,70,-0.004,-0.0003,100.0,518.67,642.62,1589.57,1399.27,14.62,21.61,553.32,2388.01,9062.69,1.3,47.43,521.61,2388.06,8143.24,8.3892,0.03,394,2388,100.0,38.91,23.2446,77
58,71,-0.0009,-0.0002,100.0,518.67,642.1,1584.99,1406.44,14.62,21.61,553.42,2388.09,9054.48,1.3,47.6,521.82,2388.08,8142.69,8.4144,0.03,391,2388,100.0,38.9,23.2534,76
58,72,-0.0007,0.0004,100.0,518.67,642.56,1587.27,1409.68,14.62,21.61,553.23,2388.11,9064.08,1.3,47.47,521.8,2388.08,8139.51,8.4064,0.03,394,2388,100.0,38.86,23.3192,75
58,73,0.0034,-0.0005,100.0,518.67,642.03,1584.02,1399.46,14.62,21.61,553.54,2388.1,9053.37,1.3,47.42,521.25,2388.03,8137.5,8.4042,0.03,392,2388,100.0,38.98,23.2953,74
58,74,0.0015,-0.0005,100.0,518.67,642.52,1586.97,1405.85,14.62,21.61,553.93,2388.03,9062.75,1.3,47.59,521.14,2388.04,8138.54,8.435,0.03,392,2388,100.0,38.82,23.3757,73
58,75,0.0034,0.0003,100.0,518.67,642.34,1590.13,1404.16,14.62,21.61,553.41,2388.07,9064.96,1.3,47.34,521.38,2388.09,8145.11,8.3889,0.03,392,2388,100.0,38.71,23.3704,72
58,76,0.0013,0.0,100.0,518.67,642.77,1592.82,1407.45,14.62,21.61,553.36,2388.09,9059.68,1.3,47.42,521.62,2388.08,8142.69,8.4156,0.03,392,2388,100.0,38.88,23.329,71
58,77,-0.0029,0.0003,100.0,518.67,642.39,1584.46,1408.96,14.62,21.61,553.29,2388.11,9059.94,1.3,47.38,521.76,2388.0,8138.51,8.4062,0.03,393,2388,100.0,38.72,23.3334,70
58,78,0.0023,-0.0005,100.0,518.67,642.59,1586.26,1411.34,14.62,21.61,553.31,2388.08,9054.34,1.3,47.48,521.86,2388.07,8141.36,8.4563,0.03,394,2388,100.0,38.79,23.314,69
58,79,-0.0001,0.0004,100.0,518.67,642.36,1585.16,1409.04,14.62,21.61,553.55,2388.04,9063.13,1.3,47.51,521.75,2388.03,8138.07,8.4138,0.03,392,2388,100.0,38.87,23.293,68
58,80,0.0032,-0.0002,100.0,518.67,642.89,1588.88,1407.68,14.62,21.61,553.24,2388.04,9067.74,1.3,47.65,521.38,2388.09,8143.47,8.4299,0.03,393,2388,100.0,38.78,23.2322,67
58,81,0.0009,-0.0003,100.0,518.67,642.45,1588.46,1404.52,14.62,21.61,553.84,2388.07,9058.7,1.3,47.61,521.55,2388.09,8144.01,8.4283,0.03,394,2388,100.0,38.97,23.3264,66
58,82,-0.0024,0.0004,100.0,518.67,642.63,1590.37,1409.12,14.62,21.61,553.83,2388.09,9056.51,1.3,47.52,521.49,2388.13,8133.08,8.4301,0.03,394,2388,100.0,38.88,23.3767,65
58,83,-0.0027,0.0004,100.0,518.67,642.6,1596.22,1413.63,14.62,21.61,553.69,2388.07,9066.12,1.3,47.32,521.78,2388.06,8139.56,8.4514,0.03,392,2388,100.0,38.88,23.3562,64
58,84,-0.001,0.0003,100.0,518.67,642.66,1582.98,1405.42,14.62,21.61,553.58,2388.07,9059.76,1.3,47.56,521.45,2388.1,8135.06,8.4299,0.03,394,2388,100.0,38.92,23.253,63
58,85,-0.0004,0.0002,100.0,518.67,642.76,1584.01,1410.95,14.62,21.61,552.95,2388.12,9058.67,1.3,47.49,521.35,2388.08,8134.77,8.4193,0.03,394,2388,100.0,38.96,23.3762,62
58,86,-0.0014,0.0004,100.0,518.67,643.15,1586.07,1403.86,14.62,21.61,553.75,2388.12,9065.34,1.3,47.58,520.98,2388.07,8144.0,8.4624,0.03,392,2388,100.0,38.91,23.3623,61
58,87,-0.0005,-0.0002,100.0,518.67,642.56,1589.38,1410.15,14.62,21.61,553.65,2388.07,9055.95,1.3,47.49,521.27,2388.1,8145.69,8.4508,0.03,392,2388,100.0,38.64,23.2447,60
58,88,0.0005,-0.0004,100.0,518.67,642.46,1587.3,1400.11,14.62,21.61,553.2,2388.05,9056.7,1.3,47.59,521.46,2388.13,8138.77,8.4338,0.03,392,2388,100.0,38.89,23.3638,59
58,89,-0.0002,-0.0004,100.0,518.67,642.56,1590.26,1398.19,14.62,21.61,554.07,2388.12,9056.77,1.3,47.35,521.84,2388.03,8145.28,8.4484,0.03,394,2388,100.0,38.81,23.3328,58
58,90,-0.0029,-0.0002,100.0,518.67,642.55,1590.39,1411.2,14.62,21.61,553.41,2388.09,9060.41,1.3,47.6,521.27,2388.11,8137.46,8.4519,0.03,392,2388,100.0,38.84,23.2538,57
58,91,-0.0008,0.0001,100.0,518.67,642.73,1595.35,1406.87,14.62,21.61,553.54,2388.1,9053.54,1.3,47.64,521.36,2388.14,8133.14,8.4245,0.03,394,2388,100.0,38.9,23.4059,56
58,92,-0.0031,0.0002,100.0,518.67,642.92,1592.66,1413.84,14.62,21.61,552.96,2388.05,9056.75,1.3,47.55,520.94,2388.05,8134.6,8.4209,0.03,393,2388,100.0,38.93,23.2621,55
58,93,0.0007,0.0002,100.0,518.67,642.39,1590.18,1407.21,14.62,21.61,553.35,2388.12,9057.96,1.3,47.56,521.93,2388.08,8139.9,8.4281,0.03,392,2388,100.0,38.68,23.3493,54
58,94,-0.0013,-0.0003,100.0,518.67,642.63,1600.35,1413.54,14.62,21.61,553.59,2388.06,9066.08,1.3,47.54,521.5,2388.12,8138.21,8.4146,0.03,394,2388,100.0,38.75,23.2756,53
58,95,-0.0001,0.0001,100.0,518.67,642.32,1588.33,1412.62,14.62,21.61,552.87,2388.16,9060.49,1.3,47.45,521.76,2388.11,8143.77,8.4454,0.03,393,2388,100.0,38.64,23.1907,52
58,96,-0.0004,-0.0,100.0,518.67,642.93,1589.02,1409.51,14.62,21.61,554.19,2388.06,9059.96,1.3,47.48,521.37,2388.09,8142.26,8.4273,0.03,394,2388,100.0,38.71,23.2507,51
58,97,-0.0025,-0.0004,100.0,518.67,642.79,1584.44,1411.82,14.62,21.61,552.77,2388.07,9057.61,1.3,47.4,521.33,2388.05,8134.54,8.4598,0.03,393,2388,100.0,38.96,23.297,50
58,98,0.0002,0.0001,100.0,518.67,642.47,1588.44,1407.33,14.62,21.61,552.8,2388.16,9062.09,1.3,47.46,521.68,2388.15,8138.53,8.4531,0.03,396,2388,100.0,38.79,23.3317,49
58,99,-0.0001,-0.0004,100.0,518.67,642.48,1590.97,1407.0,14.62,21.61,553.41,2388.1,9066.31,1.3,47.65,521.79,2388.18,8138.05,8.4381,0.03,394,2388,100.0,38.75,23.3092,48
58,100,0.0011,-0.0001,100.0,518.67,642.24,1592.93,1406.27,14.62,21.61,554.31,2388.14,9064.01,1.3,47.6,521.24,2388.12,8143.46,8.4427,0.03,392,2388,100.0,38.82,23.2163,47
58,101,0.0023,-0.0002,100.0,518.67,642.43,1591.55,1408.5,14.62,21.61,553.5,2388.12,9064.79,1.3,47.75,521.67,2388.1,8130.98,8.4226,0.03,394,2388,100.0,38.77,23.2055,46
58,102,0.0034,-0.0,100.0,518.67,643.07,1584.15,1409.92,14.62,21.61,553.25,2388.11,9063.07,1.3,47.48,521.79,2388.09,8138.48,8.4719,0.03,393,2388,100.0,38.73,23.2679,45
58,103,-0.0023,-0.0003,100.0,518.67,642.97,1592.68,1419.79,14.62,21.61,552.41,2388.12,9064.23,1.3,47.65,521.1,2388.13,8136.25,8.4451,0.03,395,2388,100.0,38.82,23.2441,44
58,104,0.0012,0.0003,100.0,518.67,642.56,1594.03,1418.14,14.62,21.61,552.83,2388.05,9058.89,1.3,47.49,521.51,2388.1,8135.88,8.4452,0.03,393,2388,100.0,38.76,23.2827,43
58,105,-0.0043,-0.0004,100.0,518.67,642.79,1586.8,1410.65,14.62,21.61,553.9,2388.14,9056.13,1.3,47.65,521.46,2388.08,8132.09,8.457,0.03,392,2388,100.0,38.57,23.318,42
58,106,0.0007,-0.0005,100.0,518.67,643.2,1586.22,1412.36,14.62,21.61,552.95,2388.07,9058.64,1.3,47.54,520.71,2388.11,8136.47,8.4849,0.03,393,2388,100.0,38.75,23.331,41
58,107,-0.0032,-0.0003,100.0,518.67,642.85,1588.21,1409.41,14.62,21.61,553.57,2388.12,9062.35,1.3,47.8,520.5,2388.14,8135.08,8.4806,0.03,394,2388,100.0,38.71,23.2972,40
58,108,-0.0015,0.0,100.0,518.67,643.17,1591.96,1412.28,14.62,21.61,552.96,2388.12,9067.62,1.3,47.43,521.32,2388.11,8138.31,8.4827,0.03,394,2388,100.0,38.82,23.2725,39
58,109,0.0021,-0.0005,100.0,518.67,642.42,1587.99,1416.67,14.62,21.61,552.76,2388.16,9061.34,1.3,47.62,521.56,2388.17,8137.39,8.4411,0.03,393,2388,100.0,38.89,23.255,38
58,110,-0.003,0.0001,100.0,518.67,643.41,1590.77,1412.13,14.62,21.61,553.47,2388.15,9064.69,1.3,47.67,520.8,2388.19,8135.3,8.4413,0.03,394,2388,100.0,38.71,23.2467,37
58,111,0.0033,0.0,100.0,518.67,642.82,1590.22,1415.22,14.62,21.61,552.82,2388.13,9062.13,1.3,47.56,521.3,2388.16,8131.17,8.4379,0.03,395,2388,100.0,38.77,23.2111,36
58,112,-0.0017,-0.0,100.0,518.67,642.38,1597.91,1411.05,14.62,21.61,552.56,2388.21,9055.93,1.3,47.81,520.85,2388.16,8130.6,8.4773,0.03,394,2388,100.0,38.72,23.2826,35
58,113,-0.0016,-0.0003,100.0,518.67,642.97,1595.27,1415.56,14.62,21.61,552.93,2388.13,9065.61,1.3,47.6,521.33,2388.19,8135.38,8.4642,0.03,394,2388,100.0,38.76,23.1989,34
58,114,-0.0016,-0.0005,100.0,518.67,642.93,1595.94,1412.62,14.62,21.61,553.0,2388.16,9050.85,1.3,47.56,521.09,2388.17,8140.43,8.453,0.03,394,2388,100.0,38.91,23.1937,33
58,115,-0.0006,0.0004,100.0,518.67,642.9,1591.76,1411.27,14.62,21.61,552.35,2388.18,9062.0,1.3,47.69,521.17,2388.16,8130.21,8.4697,0.03,393,2388,100.0,38.87,23.2446,32
58,116,0.0002,0.0,100.0,518.67,642.75,1594.44,1410.43,14.62,21.61,552.31,2388.13,9059.94,1.3,47.69,521.21,2388.11,8135.59,8.4676,0.03,396,2388,100.0,38.76,23.2957,31
58,117,-0.0002,-0.0003,100.0,518.67,643.25,1593.25,1414.08,14.62,21.61,552.93,2388.16,9057.92,1.3,47.79,520.57,2388.18,8128.36,8.4981,0.03,393,2388,100.0,38.8,23.2223,30
58,118,-0.0009,0.0001,100.0,518.67,642.81,1588.02,1419.38,14.62,21.61,552.71,2388.09,9053.48,1.3,47.69,520.9,2388.15,8134.71,8.5322,0.03,394,2388,100.0,38.84,23.193,29
58,119,0.0012,0.0003,100.0,518.67,642.51,1596.97,1407.82,14.62,21.61,552.49,2388.19,9059.96,1.3,47.77,520.96,2388.2,8128.94,8.4617,0.03,394,2388,100.0,38.59,23.2466,28
58,120,-0.0009,0.0002,100.0,518.67,642.77,1595.64,1414.42,14.62,21.61,552.66,2388.2,9055.5,1.3,47.93,520.48,2388.13,8137.1,8.4452,0.03,395,2388,100.0,38.79,23.2433,27
58,121,-0.0001,0.0003,100.0,518.67,642.63,1592.91,1421.19,14.62,21.61,553.83,2388.15,9057.74,1.3,47.8,520.67,2388.2,8129.91,8.4401,0.03,394,2388,100.0,38.83,23.3424,26
58,122,-0.0036,-0.0002,100.0,518.67,642.79,1597.51,1411.0,14.62,21.61,552.52,2388.18,9056.59,1.3,47.7,520.45,2388.16,8130.22,8.4651,0.03,395,2388,100.0,38.79,23.2957,25
58,123,0.0017,0.0003,100.0,518.67,643.11,1586.78,1415.01,14.62,21.61,552.23,2388.17,9054.96,1.3,47.89,520.94,2388.14,8133.34,8.4703,0.03,394,2388,100.0,38.67,23.2559,24
58,124,-0.0009,-0.0002,100.0,518.67,643.34,1596.92,1418.71,14.62,21.61,553.33,2388.16,9058.46,1.3,47.86,520.72,2388.18,8133.23,8.4907,0.03,396,2388,100.0,38.69,23.184,23
58,125,-0.0019,0.0001,100.0,518.67,643.69,1592.69,1421.31,14.62,21.61,552.55,2388.18,9054.61,1.3,47.82,520.88,2388.18,8135.1,8.4499,0.03,395,2388,100.0,38.75,23.2074,22
58,126,0.0003,0.0001,100.0,518.67,643.11,1599.4,1419.61,14.62,21.61,553.6,2388.16,9052.17,1.3,47.68,520.85,2388.24,8133.64,8.4776,0.03,394,2388,100.0,38.77,23.1867,21
58,127,-0.0006,0.0003,100.0,518.67,643.1,1591.08,1412.16,14.62,21.61,552.47,2388.18,9058.51,1.3,47.76,520.46,2388.16,8137.85,8.5023,0.03,393,2388,100.0,38.61,23.1422,20
58,128,0.0007,-0.0002,100.0,518.67,642.99,1598.99,1419.89,14.62,21.61,552.57,2388.19,9047.29,1.3,47.82,520.36,2388.25,8130.73,8.4834,0.03,394,2388,100.0,38.82,23.1397,19
58,129,0.0013,0.0001,100.0,518.67,643.47,1590.66,1414.62,14.62,21.61,552.76,2388.21,9054.42,1.3,47.81,520.34,2388.19,8130.28,8.4734,0.03,395,2388,100.0,38.64,23.2383,18
58,130,0.0033,0.0001,100.0,518.67,642.94,1597.17,1416.69,14.62,21.61,551.6,2388.2,9055.53,1.3,47.93,519.67,2388.18,8120.34,8.4683,0.03,394,2388,100.0,38.69,23.1293,17
58,131,0.0012,0.0004,100.0,518.67,642.89,1590.84,1419.96,14.62,21.61,552.69,2388.17,9048.72,1.3,47.89,520.44,2388.23,8129.33,8.4762,0.03,396,2388,100.0,38.49,23.1771,16
58,132,0.0013,-0.0004,100.0,518.67,643.09,1597.86,1426.76,14.62,21.61,551.91,2388.23,9055.1,1.3,47.96,520.11,2388.28,8131.71,8.4593,0.03,393,2388,100.0,38.56,23.1201,15
58,133,-0.0029,-0.0001,100.0,518.67,643.11,1600.78,1422.72,14.62,21.61,552.71,2388.26,9059.97,1.3,47.81,520.44,2388.19,8127.96,8.4931,0.03,395,2388,100.0,38.62,23.1794,14
58,134,-0.0005,0.0003,100.0,518.67,643.2,1592.29,1421.06,14.62,21.61,552.74,2388.2,9046.53,1.3,47.88,520.42,2388.22,8126.38,8.4874,0.03,395,2388,100.0,38.65,23.1702,13
58,135,-0.0023,-0.0001,100.0,518.67,643.57,1599.64,1417.99,14.62,21.61,552.18,2388.24,9054.31,1.3,47.92,520.33,2388.26,8124.13,8.5098,0.03,394,2388,100.0,38.6,23.114,12
58,136,0.0031,-0.0005,100.0,518.67,643.12,1604.85,1424.95,14.62,21.61,551.04,2388.2,9049.09,1.3,47.9,520.4,2388.27,8122.52,8.5042,0.03,397,2388,100.0,38.57,23.0882,11
58,137,-0.0013,0.0003,100.0,518.67,643.62,1594.84,1426.06,14.62,21.61,552.25,2388.25,9054.86,1.3,48.22,520.31,2388.29,8125.24,8.4972,0.03,396,2388,100.0,38.6,23.1609,10
58,138,-0.0009,-0.0005,100.0,518.67,643.43,1598.68,1422.57,14.62,21.61,551.29,2388.25,9053.92,1.3,48.01,520.48,2388.27,8129.44,8.47,0.03,395,2388,100.0,38.54,23.1793,9
58,139,0.002,-0.0003,100.0,518.67,643.03,1603.67,1420.72,14.62,21.61,551.22,2388.28,9043.83,1.3,48.07,519.78,2388.27,8122.59,8.4786,0.03,397,2388,100.0,38.65,23.1517,8
58,140,-0.0033,-0.0003,100.0,518.67,643.6,1601.88,1424.96,14.62,21.61,552.04,2388.32,9047.13,1.3,48.15,520.16,2388.21,8126.94,8.4867,0.03,396,2388,100.0,38.37,23.0697,7
58,141,0.0028,0.0001,100.0,518.67,643.65,1598.35,1419.95,14.62,21.61,552.24,2388.21,9047.96,1.3,47.93,519.81,2388.27,8117.3,8.4739,0.03,394,2388,100.0,38.42,23.128,6
58,142,0.0015,0.0,100.0,518.67,643.04,1591.57,1428.33,14.62,21.61,551.81,2388.32,9046.59,1.3,48.11,519.98,2388.32,8124.79,8.4973,0.03,396,2388,100.0,38.29,23.0459,5
58,143,-0.0027,-0.0001,100.0,518.67,643.23,1606.09,1426.54,14.62,21.61,551.51,2388.27,9043.51,1.3,48.12,520.13,2388.28,8123.03,8.5053,0.03,396,2388,100.0,38.64,23.1447,4
58,144,-0.0042,-0.0003,100.0,518.67,644.19,1597.88,1424.43,14.62,21.61,550.8,2388.31,9044.79,1.3,48.15,520.05,2388.27,8119.98,8.5146,0.03,397,2388,100.0,38.55,22.9495,3
58,145,0.0009,-0.0,100.0,518.67,644.02,1602.9,1436.66,14.62,21.61,551.06,2388.28,9048.86,1.3,48.17,519.55,2388.23,8122.8,8.5286,0.03,396,2388,100.0,38.32,23.0548,2
58,146,0.0042,0.0004,100.0,518.67,643.6,1604.72,1430.55,14.62,21.61,551.31,2388.34,9039.32,1.3,48.02,519.65,2388.26,8115.48,8.5056,0.03,396,2388,100.0,38.46,23.1961,1
58,147,-0.0028,0.0002,100.0,518.67,643.75,1593.77,1438.22,14.62,21.61,551.29,2388.28,9047.79,1.3,48.33,519.77,2388.33,8119.76,8.519,0.03,395,2388,100.0,38.29,23.185,0
59,1,0.0,0.0002,100.0,518.67,642.23,1583.85,1394.9,14.62,21.61,554.96,2388.01,9054.46,1.3,47.12,522.76,2387.99,8138.74,8.4077,0.03,390,2388,100.0,38.95,23.3631,230
59,2,-0.0006,0.0003,100.0,518.67,641.68,1583.38,1391.57,14.62,21.61,554.44,2388.0,9048.32,1.3,47.05,522.92,2388.0,8143.46,8.4237,0.03,391,2388,100.0,39.07,23.5368,229
59,3,0.0006,0.0003,100.0,518.67,642.12,1593.37,1396.53,14.62,21.61,554.45,2388.01,9048.23,1.3,47.09,522.29,2388.04,8142.43,8.3694,0.03,391,2388,100.0,39.08,23.3646,228
59,4,-0.0016,-0.0002,100.0,518.67,641.91,1582.06,1397.24,14.62,21.6,554.75,2388.01,9057.77,1.3,47.14,522.65,2388.01,8144.85,8.3991,0.03,391,2388,100.0,38.94,23.4428,227
59,5,-0.0028,-0.0003,100.0,518.67,642.45,1587.57,1397.78,14.62,21.61,553.96,2388.02,9058.48,1.3,47.15,522.12,2387.99,8139.1,8.3991,0.03,390,2388,100.0,39.18,23.503,226
59,6,0.004,-0.0003,100.0,518.67,642.06,1581.03,1394.81,14.62,21.61,554.4,2387.99,9051.75,1.3,47.23,522.22,2387.96,8135.43,8.4062,0.03,391,2388,100.0,39.12,23.4303,225
59,7,0.0012,-0.0003,100.0,518.67,642.27,1584.95,1396.13,14.62,21.61,555.24,2387.96,9054.09,1.3,47.07,522.2,2388.03,8135.67,8.3909,0.03,391,2388,100.0,39.03,23.4483,224
59,8,0.0029,0.0004,100.0,518.67,642.02,1583.08,1398.88,14.62,21.61,555.13,2388.01,9068.66,1.3,47.11,522.43,2387.99,8139.45,8.4222,0.03,389,2388,100.0,39.05,23.4404,223
59,9,-0.0003,0.0002,100.0,518.67,642.36,1576.47,1397.44,14.62,21.61,554.87,2388.01,9053.1,1.3,46.95,522.74,2387.97,8139.97,8.3953,0.03,391,2388,100.0,39.12,23.4364,222
59,10,-0.0019,-0.0004,100.0,518.67,642.46,1580.88,1395.39,14.62,21.61,555.07,2387.98,9050.94,1.3,47.23,522.5,2387.98,8141.35,8.4098,0.03,391,2388,100.0,39.04,23.4173,221
59,11,0.0005,-0.0001,100.0,518.67,642.21,1583.2,1404.76,14.62,21.61,554.57,2388.0,9049.98,1.3,47.14,522.15,2387.94,8135.85,8.3806,0.03,392,2388,100.0,39.03,23.4487,220
59,12,0.0011,-0.0001,100.0,518.67,642.63,1581.27,1395.08,14.62,21.61,554.47,2388.01,9054.86,1.3,47.04,522.45,2388.02,8139.12,8.3833,0.03,392,2388,100.0,38.98,23.4486,219
59,13,0.0043,-0.0002,100.0,518.67,641.96,1586.06,1397.83,14.62,21.61,554.75,2387.99,9058.86,1.3,46.99,522.15,2387.98,8140.48,8.3712,0.03,392,2388,100.0,38.92,23.5137,218
59,14,-0.0006,-0.0005,100.0,518.67,642.07,1581.3,1392.85,14.62,21.61,554.03,2388.03,9061.5,1.3,47.03,522.26,2388.02,8134.36,8.3657,0.03,390,2388,100.0,39.11,23.5179,217
59,15,-0.0045,-0.0003,100.0,518.67,642.06,1583.71,1395.08,14.62,21.61,554.7,2387.93,9059.47,1.3,47.12,523.06,2388.0,8136.23,8.4163,0.03,392,2388,100.0,39.08,23.4219,216
59,16,0.0014,-0.0002,100.0,518.67,641.94,1581.83,1403.74,14.62,21.61,554.99,2388.03,9053.85,1.3,47.16,522.08,2387.99,8141.52,8.4463,0.03,392,2388,100.0,39.08,23.4022,215
59,17,0.003,0.0004,100.0,518.67,641.61,1586.13,1397.73,14.62,21.61,554.8,2388.04,9063.44,1.3,47.25,522.39,2388.0,8143.47,8.4167,0.03,391,2388,100.0,38.96,23.4058,214
59,18,0.0007,0.0003,100.0,518.67,642.66,1582.76,1401.69,14.62,21.6,554.44,2387.98,9055.75,1.3,47.09,522.85,2387.96,8137.83,8.4325,0.03,391,2388,100.0,39.1,23.4539,213
59,19,0.0021,-0.0005,100.0,518.67,641.97,1586.95,1390.1,14.62,21.61,554.54,2388.0,9057.81,1.3,47.17,522.35,2387.97,8142.07,8.3961,0.03,390,2388,100.0,39.08,23.3528,212
59,20,-0.0019,0.0005,100.0,518.67,642.3,1584.6,1396.49,14.62,21.6,554.45,2387.98,9052.58,1.3,47.06,522.53,2388.03,8139.59,8.4255,0.03,391,2388,100.0,39.25,23.5442,211
59,21,-0.0002,0.0003,100.0,518.67,642.3,1581.47,1399.84,14.62,21.61,554.76,2387.95,9058.96,1.3,47.15,522.35,2388.04,8137.05,8.3814,0.03,390,2388,100.0,39.18,23.4255,210
59,22,-0.0023,-0.0003,100.0,518.67,642.31,1591.06,1398.76,14.62,21.61,554.75,2387.99,9058.43,1.3,47.09,522.96,2387.99,8137.92,8.4299,0.03,391,2388,100.0,39.15,23.5255,209
59,23,-0.0009,0.0002,100.0,518.67,642.2,1585.82,1397.61,14.62,21.61,554.91,2388.01,9058.4,1.3,47.03,522.9,2387.99,8141.08,8.3634,0.03,392,2388,100.0,39.2,23.3611,208
59,24,-0.0015,0.0001,100.0,518.67,642.41,1581.11,1398.28,14.62,21.61,555.24,2388.01,9055.94,1.3,47.46,522.53,2387.98,8138.81,8.4076,0.03,390,2388,100.0,39.15,23.4705,207
59,25,-0.0031,0.0002,100.0,518.67,642.22,1579.22,1402.15,14.62,21.61,555.16,2388.01,9051.53,1.3,47.19,522.27,2387.96,8139.97,8.3888,0.03,391,2388,100.0,39.09,23.3908,206
59,26,0.0012,-0.0004,100.0,518.67,642.14,1592.32,1392.7,14.62,21.61,554.58,2388.03,9061.38,1.3,47.13,522.3,2388.04,8140.34,8.3785,0.03,392,2388,100.0,39.07,23.5365,205
59,27,0.0021,-0.0005,100.0,518.67,642.08,1587.53,1396.91,14.62,21.61,553.97,2388.03,9051.92,1.3,47.14,522.89,2388.0,8133.63,8.3792,0.03,390,2388,100.0,38.98,23.3086,204
59,28,0.002,0.0001,100.0,518.67,642.07,1580.79,1393.16,14.62,21.61,555.01,2387.97,9051.83,1.3,47.3,522.45,2388.02,8139.29,8.4047,0.03,392,2388,100.0,39.27,23.3488,203
59,29,-0.003,-0.0004,100.0,518.67,642.86,1584.38,1399.44,14.62,21.61,554.69,2388.01,9060.54,1.3,47.1,521.93,2387.98,8140.16,8.4304,0.03,392,2388,100.0,39.15,23.2982,202
59,30,-0.0029,0.0004,100.0,518.67,642.12,1576.66,1399.97,14.62,21.61,554.42,2387.97,9052.83,1.3,47.06,522.7,2387.95,8138.1,8.3812,0.03,392,2388,100.0,38.97,23.3897,201
59,31,0.0015,-0.0003,100.0,518.67,642.0,1589.11,1395.91,14.62,21.6,554.56,2388.01,9058.0,1.3,47.09,522.53,2388.07,8143.7,8.381,0.03,391,2388,100.0,38.91,23.4557,200
59,32,0.0039,0.0003,100.0,518.67,641.73,1581.49,1396.72,14.62,21.61,554.81,2388.04,9051.29,1.3,47.13,522.38,2388.02,8132.43,8.3773,0.03,391,2388,100.0,39.04,23.5383,199
59,33,-0.0002,0.0,100.0,518.67,642.33,1585.08,1395.03,14.62,21.61,554.78,2388.02,9057.88,1.3,47.24,522.46,2387.97,8134.83,8.3886,0.03,391,2388,100.0,39.09,23.382,198
59,34,0.0014,0.0005,100.0,518.67,642.08,1583.01,1392.14,14.62,21.6,554.48,2388.02,9061.14,1.3,47.1,522.31,2388.04,8134.0,8.4044,0.03,391,2388,100.0,39.1,23.4074,197
59,35,-0.0042,0.0004,100.0,518.67,641.95,1579.09,1397.35,14.62,21.61,554.32,2387.97,9060.9,1.3,47.02,522.67,2388.07,8143.61,8.3856,0.03,391,2388,100.0,39.13,23.3904,196
59,36,0.0019,0.0003,100.0,518.67,641.95,1589.87,1396.41,14.62,21.61,555.29,2387.96,9064.12,1.3,47.02,522.26,2388.0,8138.28,8.4135,0.03,390,2388,100.0,38.97,23.4566,195
59,37,0.0006,-0.0001,100.0,518.67,642.42,1577.67,1398.99,14.62,21.61,554.49,2387.98,9056.82,1.3,47.17,522.01,2388.06,8134.09,8.3613,0.03,392,2388,100.0,38.95,23.3906,194
59,38,-0.0028,0.0005,100.0,518.67,642.31,1582.94,1391.74,14.62,21.61,555.02,2388.05,9051.53,1.3,47.26,522.9,2388.02,8136.93,8.3705,0.03,392,2388,100.0,39.04,23.4085,193
59,39,0.0034,0.0004,100.0,518.67,642.14,1587.79,1397.2,14.62,21.61,553.67,2388.01,9060.96,1.3,47.2,522.43,2388.0,8139.41,8.395,0.03,391,2388,100.0,39.13,23.3136,192
59,40,0.0025,-0.0001,100.0,518.67,641.67,1580.34,1398.95,14.62,21.61,554.49,2388.08,9057.36,1.3,47.16,522.59,2388.04,8138.98,8.3846,0.03,391,2388,100.0,39.25,23.3541,191
59,41,0.0008,-0.0004,100.0,518.67,642.37,1576.02,1400.48,14.62,21.61,554.75,2388.01,9052.35,1.3,47.05,522.48,2388.03,8137.78,8.4202,0.03,391,2388,100.0,39.25,23.5002,190
59,42,0.0035,0.0002,100.0,518.67,642.06,1588.54,1394.96,14.62,21.61,554.65,2387.99,9053.16,1.3,47.38,522.34,2387.99,8139.02,8.3533,0.03,391,2388,100.0,39.01,23.3713,189
59,43,0.0012,-0.0004,100.0,518.67,642.21,1576.53,1399.68,14.62,21.61,554.06,2388.01,9049.78,1.3,47.26,522.43,2387.97,8144.32,8.373,0.03,392,2388,100.0,38.93,23.5115,188
59,44,-0.0005,0.0005,100.0,518.67,641.72,1590.2,1400.09,14.62,21.6,553.94,2388.03,9055.95,1.3,47.17,522.35,2387.99,8142.0,8.4216,0.03,392,2388,100.0,38.94,23.3515,187
59,45,0.0024,0.0004,100.0,518.67,642.56,1578.99,1403.09,14.62,21.61,555.6,2387.96,9060.77,1.3,47.02,523.21,2387.96,8135.25,8.4064,0.03,391,2388,100.0,38.99,23.405,186
59,46,0.0018,0.0,100.0,518.67,642.18,1580.76,1394.89,14.62,21.61,554.17,2388.04,9052.97,1.3,47.21,522.78,2387.98,8135.86,8.4075,0.03,392,2388,100.0,39.09,23.4232,185
59,47,0.0016,0.0003,100.0,518.67,642.24,1582.66,1405.06,14.62,21.61,553.64,2388.0,9057.58,1.3,47.1,522.82,2388.03,8137.94,8.3928,0.03,392,2388,100.0,39.0,23.4924,184
59,48,-0.0001,0.0005,100.0,518.67,641.5,1588.83,1394.15,14.62,21.61,553.94,2388.01,9055.14,1.3,47.27,522.16,2387.97,8135.83,8.4216,0.03,393,2388,100.0,39.11,23.4603,183
59,49,-0.0017,0.0004,100.0,518.67,642.28,1583.82,1397.94,14.62,21.61,554.61,2387.99,9058.71,1.3,47.2,522.17,2387.98,8142.06,8.3839,0.03,391,2388,100.0,39.12,23.3419,182
59,50,0.0032,-0.0,100.0,518.67,642.3,1588.59,1393.23,14.62,21.61,554.87,2388.0,9055.62,1.3,47.2,522.44,2387.99,8141.81,8.4101,0.03,392,2388,100.0,39.1,23.5059,181
59,51,-0.0,-0.0004,100.0,518.67,641.72,1586.51,1403.8,14.62,21.61,554.6,2388.01,9058.5,1.3,47.11,522.39,2388.03,8140.26,8.4025,0.03,392,2388,100.0,39.07,23.5007,180
59,52,-0.0001,0.0004,100.0,518.67,642.11,1578.19,1403.12,14.62,21.61,555.22,2388.04,9058.89,1.3,47.15,522.48,2387.96,8138.77,8.4008,0.03,391,2388,100.0,39.16,23.4569,179
59,53,-0.0008,0.0004,100.0,518.67,642.21,1581.66,1396.66,14.62,21.61,554.36,2387.99,9056.56,1.3,47.21,522.14,2388.0,8143.23,8.3953,0.03,391,2388,100.0,38.97,23.3741,178
59,54,-0.0022,-0.0003,100.0,518.67,641.88,1582.06,1396.12,14.62,21.61,554.52,2388.04,9054.54,1.3,47.03,522.62,2387.97,8143.92,8.4257,0.03,392,2388,100.0,39.16,23.3291,177
59,55,0.0045,0.0001,100.0,518.67,642.1,1582.29,1396.88,14.62,21.61,553.64,2388.0,9054.54,1.3,47.08,522.38,2388.0,8137.37,8.4241,0.03,390,2388,100.0,39.12,23.4798,176
59,56,0.0028,0.0002,100.0,518.67,641.82,1582.02,1390.76,14.62,21.61,554.23,2387.99,9048.69,1.3,47.23,522.32,2388.06,8137.7,8.3613,0.03,392,2388,100.0,39.05,23.436,175
59,57,-0.0004,0.0005,100.0,518.67,642.16,1577.69,1398.25,14.62,21.61,555.09,2388.0,9061.92,1.3,47.23,522.48,2388.0,8136.56,8.3963,0.03,392,2388,100.0,39.11,23.4128,174
59,58,0.0009,-0.0002,100.0,518.67,642.25,1584.98,1403.11,14.62,21.61,555.15,2388.02,9053.93,1.3,47.25,522.61,2387.95,8142.66,8.3839,0.03,393,2388,100.0,39.02,23.5089,173
59,59,-0.0008,-0.0004,100.0,518.67,641.74,1581.71,1395.81,14.62,21.61,554.5,2387.97,9058.97,1.3,47.06,522.82,2388.0,8142.15,8.3883,0.03,393,2388,100.0,39.09,23.5788,172
59,60,0.0011,-0.0003,100.0,518.67,642.53,1576.88,1394.22,14.62,21.61,554.77,2387.97,9054.1,1.3,47.11,522.42,2388.0,8135.0,8.3693,0.03,391,2388,100.0,39.12,23.4605,171
59,61,-0.0015,0.0005,100.0,518.67,642.15,1582.39,1401.4,14.62,21.61,553.97,2387.99,9045.61,1.3,47.16,522.15,2387.98,8140.4,8.3743,0.03,392,2388,100.0,39.06,23.3362,170
59,62,0.0037,-0.0002,100.0,518.67,641.91,1581.23,1394.37,14.62,21.61,554.42,2388.02,9059.2,1.3,47.22,522.47,2388.0,8139.56,8.3859,0.03,392,2388,100.0,39.1,23.3653,169
59,63,0.0026,0.0001,100.0,518.67,642.1,1580.94,1400.24,14.62,21.61,555.04,2387.96,9055.16,1.3,47.08,521.99,2388.06,8137.39,8.3803,0.03,391,2388,100.0,38.86,23.5182,168
59,64,0.0005,0.0002,100.0,518.67,642.38,1586.79,1401.39,14.62,21.61,555.72,2388.04,9057.28,1.3,47.0,521.99,2388.03,8140.18,8.4031,0.03,390,2388,100.0,39.05,23.4975,167
59,65,0.0026,0.0005,100.0,518.67,641.61,1585.98,1398.05,14.62,21.61,554.57,2388.02,9053.58,1.3,47.29,522.16,2388.0,8141.63,8.3886,0.03,392,2388,100.0,39.11,23.346,166
59,66,-0.0001,-0.0005,100.0,518.67,642.01,1584.5,1402.64,14.62,21.61,554.79,2388.06,9054.42,1.3,47.11,522.35,2388.02,8137.54,8.3982,0.03,392,2388,100.0,39.09,23.4249,165
59,67,0.0011,-0.0,100.0,518.67,641.7,1583.79,1393.19,14.62,21.61,554.03,2388.06,9059.25,1.3,47.23,522.16,2388.04,8135.64,8.3752,0.03,391,2388,100.0,39.05,23.4128,164
59,68,0.0033,0.0001,100.0,518.67,642.17,1588.73,1402.06,14.62,21.61,554.66,2388.01,9051.79,1.3,47.15,522.4,2388.02,8138.24,8.4037,0.03,390,2388,100.0,39.04,23.369,163
59,69,-0.0008,-0.0002,100.0,518.67,642.09,1578.97,1401.98,14.62,21.61,554.26,2388.08,9056.86,1.3,47.47,522.11,2387.95,8140.01,8.3892,0.03,390,2388,100.0,38.91,23.3614,162
59,70,-0.001,0.0005,100.0,518.67,642.09,1580.28,1400.71,14.62,21.61,553.66,2388.01,9054.67,1.3,47.07,522.73,2387.98,8138.23,8.3928,0.03,391,2388,100.0,38.73,23.4732,161
59,71,0.0012,-0.0004,100.0,518.67,642.57,1580.08,1395.4,14.62,21.61,554.14,2388.03,9055.19,1.3,47.11,522.13,2388.04,8140.6,8.3818,0.03,390,2388,100.0,38.98,23.4276,160
59,72,0.0013,-0.0004,100.0,518.67,642.16,1582.33,1395.67,14.62,21.61,555.04,2388.01,9060.79,1.3,47.24,522.26,2388.01,8132.05,8.4383,0.03,393,2388,100.0,38.95,23.4486,159
59,73,0.0008,-0.0001,100.0,518.67,642.27,1583.8,1393.46,14.62,21.61,554.56,2388.03,9053.29,1.3,47.32,521.67,2388.01,8140.39,8.4184,0.03,392,2388,100.0,39.09,23.407,158
59,74,-0.0031,0.0001,100.0,518.67,641.79,1587.15,1397.83,14.62,21.61,554.98,2388.0,9048.75,1.3,47.14,522.34,2388.02,8141.35,8.3826,0.03,391,2388,100.0,38.98,23.389,157
59,75,0.0001,0.0001,100.0,518.67,642.12,1588.22,1396.13,14.62,21.61,554.38,2388.06,9061.48,1.3,47.22,522.21,2387.97,8139.22,8.4326,0.03,390,2388,100.0,38.94,23.4274,156
59,76,-0.004,0.0003,100.0,518.67,642.33,1581.5,1396.22,14.62,21.61,554.28,2388.02,9056.93,1.3,47.28,522.19,2388.02,8139.33,8.3942,0.03,392,2388,100.0,39.02,23.4053,155
59,77,-0.0011,0.0002,100.0,518.67,643.13,1592.05,1402.18,14.62,21.61,554.5,2388.05,9053.78,1.3,47.29,521.56,2387.97,8139.26,8.4399,0.03,392,2388,100.0,39.05,23.4276,154
59,78,-0.0025,-0.0005,100.0,518.67,642.15,1591.32,1400.52,14.62,21.6,553.86,2388.03,9052.12,1.3,47.14,521.94,2388.01,8133.84,8.4258,0.03,392,2388,100.0,39.14,23.3966,153
59,79,-0.0009,-0.0003,100.0,518.67,642.35,1585.13,1406.59,14.62,21.6,553.73,2388.02,9066.28,1.3,47.19,522.28,2387.99,8139.15,8.3441,0.03,389,2388,100.0,39.19,23.4185,152
59,80,-0.0016,0.0001,100.0,518.67,641.94,1589.03,1393.59,14.62,21.61,554.57,2388.06,9055.74,1.3,47.44,522.48,2388.02,8138.49,8.3854,0.03,392,2388,100.0,38.94,23.3962,151
59,81,0.0006,-0.0,100.0,518.67,642.4,1587.41,1397.92,14.62,21.61,553.76,2388.01,9057.15,1.3,47.24,522.5,2388.01,8136.81,8.3637,0.03,392,2388,100.0,39.13,23.3202,150
59,82,0.0033,-0.0,100.0,518.67,642.65,1585.02,1393.85,14.62,21.61,554.24,2388.04,9060.18,1.3,47.31,522.24,2388.05,8141.68,8.3939,0.03,392,2388,100.0,38.98,23.4273,149
59,83,0.0026,0.0002,100.0,518.67,642.43,1583.33,1397.74,14.62,21.6,554.23,2387.97,9056.27,1.3,47.29,522.54,2388.0,8139.35,8.3727,0.03,393,2388,100.0,39.09,23.418,148
59,84,0.0013,0.0001,100.0,518.67,642.28,1587.74,1398.63,14.62,21.6,554.54,2388.02,9059.56,1.3,47.29,522.42,2388.0,8135.48,8.4095,0.03,392,2388,100.0,39.13,23.3553,147
59,85,-0.0001,-0.0001,100.0,518.67,641.92,1583.53,1395.25,14.62,21.61,554.32,2387.96,9057.2,1.3,47.17,521.84,2388.02,8137.2,8.3817,0.03,393,2388,100.0,38.99,23.3983,146
59,86,-0.0009,0.0003,100.0,518.67,641.95,1589.08,1394.79,14.62,21.61,554.12,2387.99,9056.48,1.3,47.33,522.25,2388.11,8138.67,8.428,0.03,391,2388,100.0,39.11,23.4579,145
59,87,-0.0005,-0.0001,100.0,518.67,641.93,1584.3,1402.08,14.62,21.61,554.6,2388.01,9054.01,1.3,47.31,521.77,2388.05,8140.65,8.3677,0.03,391,2388,100.0,39.06,23.3425,144
59,88,0.0024,0.0004,100.0,518.67,642.15,1582.89,1393.39,14.62,21.61,553.87,2388.05,9055.67,1.3,47.28,522.25,2388.02,8145.0,8.4089,0.03,393,2388,100.0,39.0,23.3807,143
59,89,-0.0009,-0.0,100.0,518.67,642.4,1586.9,1404.24,14.62,21.61,554.7,2388.0,9060.04,1.3,47.25,521.93,2388.02,8139.02,8.4223,0.03,391,2388,100.0,38.83,23.37,142
59,90,-0.001,0.0003,100.0,518.67,642.49,1586.55,1400.05,14.62,21.61,554.13,2388.05,9057.55,1.3,47.06,522.09,2388.06,8138.67,8.376,0.03,392,2388,100.0,38.88,23.3533,141
59,91,0.0011,-0.0003,100.0,518.67,642.42,1584.92,1391.79,14.62,21.61,553.66,2388.03,9060.71,1.3,47.43,522.1,2388.04,8137.81,8.4097,0.03,391,2388,100.0,38.89,23.3571,140
59,92,-0.001,0.0002,100.0,518.67,642.03,1579.32,1402.74,14.62,21.61,554.51,2388.05,9052.27,1.3,47.15,522.03,2388.06,8136.18,8.4194,0.03,390,2388,100.0,38.89,23.4079,139
59,93,-0.0003,0.0003,100.0,518.67,642.0,1581.74,1394.85,14.62,21.61,553.66,2388.04,9058.45,1.3,47.04,522.23,2388.01,8140.7,8.3955,0.03,391,2388,100.0,38.98,23.3652,138
59,94,-0.0004,-0.0001,100.0,518.67,642.06,1587.69,1407.8,14.62,21.61,554.28,2388.03,9060.3,1.3,47.23,522.1,2388.03,8139.1,8.4026,0.03,391,2388,100.0,38.98,23.345,137
59,95,0.0028,0.0005,100.0,518.67,641.94,1585.28,1395.97,14.62,21.61,553.71,2387.99,9058.05,1.3,47.1,522.08,2388.07,8138.61,8.4225,0.03,392,2388,100.0,38.92,23.4669,136
59,96,-0.0028,-0.0004,100.0,518.67,641.61,1587.45,1398.66,14.62,21.61,554.38,2388.05,9056.44,1.3,47.22,522.06,2388.03,8138.66,8.4282,0.03,392,2388,100.0,38.86,23.4697,135
59,97,-0.0019,-0.0001,100.0,518.67,642.58,1584.78,1394.47,14.62,21.61,554.65,2388.01,9061.6,1.3,47.18,522.54,2388.05,8137.53,8.3752,0.03,392,2388,100.0,39.02,23.3965,134
59,98,-0.0036,0.0,100.0,518.67,642.25,1579.39,1402.71,14.62,21.61,554.63,2388.0,9057.98,1.3,47.4,523.1,2388.04,8141.82,8.3971,0.03,392,2388,100.0,38.94,23.3537,133
59,99,-0.003,0.0003,100.0,518.67,642.37,1583.53,1406.1,14.62,21.61,554.27,2388.06,9060.04,1.3,47.29,521.88,2388.07,8135.75,8.3866,0.03,392,2388,100.0,38.99,23.4044,132
59,100,0.001,-0.0001,100.0,518.67,641.94,1584.45,1399.26,14.62,21.61,554.32,2388.01,9046.96,1.3,47.35,522.11,2388.03,8136.99,8.4118,0.03,393,2388,100.0,39.09,23.338,131
59,101,-0.0034,-0.0003,100.0,518.67,642.44,1584.1,1398.93,14.62,21.61,554.29,2388.03,9055.8,1.3,47.24,522.27,2388.05,8142.29,8.3885,0.03,393,2388,100.0,39.0,23.3741,130
59,102,0.0018,0.0004,100.0,518.67,642.26,1581.25,1406.74,14.62,21.61,553.84,2388.03,9057.9,1.3,47.32,522.0,2388.08,8140.5,8.3927,0.03,390,2388,100.0,39.07,23.405,129
59,103,0.0009,0.0,100.0,518.67,642.35,1582.53,1398.99,14.62,21.61,554.64,2388.05,9064.58,1.3,47.28,522.5,2387.99,8141.88,8.4075,0.03,392,2388,100.0,39.05,23.3689,128
59,104,0.0004,-0.0002,100.0,518.67,642.6,1580.21,1399.9,14.62,21.61,553.7,2388.01,9052.35,1.3,47.32,521.84,2388.04,8141.54,8.4213,0.03,391,2388,100.0,39.04,23.4089,127
59,105,0.0029,0.0002,100.0,518.67,642.27,1591.08,1400.27,14.62,21.61,554.98,2388.0,9061.12,1.3,47.28,522.5,2388.03,8137.32,8.4016,0.03,390,2388,100.0,39.05,23.3102,126
59,106,0.0016,-0.0003,100.0,518.67,642.28,1589.22,1399.77,14.62,21.61,554.68,2387.95,9061.44,1.3,47.39,522.16,2388.07,8142.11,8.392,0.03,392,2388,100.0,38.96,23.4016,125
59,107,0.0009,-0.0002,100.0,518.67,642.47,1583.82,1408.93,14.62,21.61,554.8,2388.01,9054.88,1.3,47.22,522.27,2388.02,8137.58,8.4133,0.03,393,2388,100.0,38.92,23.333,124
59,108,0.0038,0.0004,100.0,518.67,642.38,1590.34,1404.71,14.62,21.61,554.35,2388.05,9059.49,1.3,47.18,522.57,2388.06,8140.03,8.4295,0.03,391,2388,100.0,38.87,23.4768,123
59,109,0.0007,-0.0001,100.0,518.67,642.68,1576.42,1394.53,14.62,21.61,554.47,2388.03,9057.15,1.3,47.18,522.12,2388.0,8135.83,8.3987,0.03,391,2388,100.0,38.9,23.4865,122
59,110,-0.0019,0.0005,100.0,518.67,641.96,1591.02,1399.34,14.62,21.61,554.21,2388.04,9055.48,1.3,47.22,522.28,2388.06,8144.9,8.4069,0.03,393,2388,100.0,39.11,23.3104,121
59,111,0.0044,-0.0002,100.0,518.67,642.45,1587.74,1398.46,14.62,21.61,553.94,2388.02,9064.64,1.3,47.2,521.98,2388.03,8150.6,8.3813,0.03,391,2388,100.0,39.06,23.3443,120
59,112,0.0016,0.0004,100.0,518.67,642.1,1584.36,1401.97,14.62,21.61,554.45,2388.09,9058.32,1.3,47.15,522.52,2387.99,8132.86,8.4058,0.03,392,2388,100.0,38.92,23.2664,119
59,113,0.0001,0.0004,100.0,518.67,642.06,1579.63,1398.42,14.62,21.6,554.95,2388.04,9057.85,1.3,47.35,522.22,2388.02,8145.13,8.3801,0.03,390,2388,100.0,38.96,23.4604,118
59,114,-0.0054,0.0002,100.0,518.67,641.98,1589.52,1403.52,14.62,21.61,554.24,2388.06,9066.28,1.3,47.17,521.77,2388.0,8140.12,8.3951,0.03,392,2388,100.0,38.85,23.4966,117
59,115,0.004,0.0005,100.0,518.67,641.64,1585.52,1408.11,14.62,21.61,554.06,2388.03,9055.53,1.3,47.18,522.12,2388.02,8136.7,8.3935,0.03,391,2388,100.0,39.03,23.4566,116
59,116,0.0003,0.0005,100.0,518.67,641.91,1589.24,1402.23,14.62,21.6,554.81,2388.03,9058.52,1.3,47.15,522.17,2388.02,8140.56,8.4098,0.03,391,2388,100.0,38.84,23.3805,115
59,117,-0.0005,0.0,100.0,518.67,642.05,1586.52,1401.15,14.62,21.61,554.08,2388.06,9057.47,1.3,47.23,522.07,2388.1,8137.35,8.4488,0.03,391,2388,100.0,39.16,23.4362,114
59,118,0.0024,0.0001,100.0,518.67,642.22,1592.21,1404.82,14.62,21.61,554.47,2388.02,9059.66,1.3,47.17,521.68,2388.07,8136.95,8.4077,0.03,392,2388,100.0,38.88,23.4325,113
59,119,0.0015,0.0001,100.0,518.67,642.28,1583.23,1406.62,14.62,21.61,554.55,2388.03,9054.41,1.3,47.23,522.29,2388.02,8140.26,8.4208,0.03,392,2388,100.0,38.82,23.3247,112
59,120,-0.0013,-0.0002,100.0,518.67,641.7,1580.76,1401.0,14.62,21.61,553.9,2388.06,9056.86,1.3,47.27,521.92,2388.0,8135.15,8.456,0.03,391,2388,100.0,38.9,23.4283,111
59,121,-0.0023,0.0004,100.0,518.67,642.27,1578.56,1391.52,14.62,21.61,554.31,2387.97,9051.69,1.3,47.15,522.69,2388.02,8143.19,8.4401,0.03,391,2388,100.0,39.14,23.4506,110
59,122,0.0041,-0.0003,100.0,518.67,642.59,1577.06,1403.37,14.62,21.61,553.73,2388.02,9052.09,1.3,47.33,522.2,2388.04,8137.83,8.4119,0.03,394,2388,100.0,38.98,23.4442,109
59,123,0.0001,-0.0,100.0,518.67,641.91,1585.21,1397.71,14.62,21.61,554.4,2388.06,9058.6,1.3,47.39,522.21,2388.1,8141.43,8.4365,0.03,390,2388,100.0,39.08,23.3159,108
59,124,0.0026,-0.0,100.0,518.67,642.37,1585.79,1406.47,14.62,21.61,554.05,2388.09,9058.69,1.3,47.29,521.98,2388.0,8133.53,8.4112,0.03,391,2388,100.0,38.85,23.3798,107
59,125,0.0021,-0.0003,100.0,518.67,642.22,1586.41,1402.81,14.62,21.61,553.67,2388.09,9056.41,1.3,47.25,522.08,2388.06,8142.81,8.4277,0.03,391,2388,100.0,38.98,23.3519,106
59,126,0.0019,0.0004,100.0,518.67,642.29,1581.83,1409.11,14.62,21.61,553.92,2388.02,9060.72,1.3,47.22,521.69,2388.0,8136.34,8.4114,0.03,393,2388,100.0,39.02,23.2967,105
59,127,0.0007,0.0001,100.0,518.67,641.61,1585.84,1398.04,14.62,21.61,553.96,2388.02,9053.01,1.3,47.3,522.11,2388.05,8134.07,8.4088,0.03,392,2388,100.0,38.89,23.4096,104
59,128,0.0005,-0.0003,100.0,518.67,642.28,1584.21,1397.82,14.62,21.61,553.94,2388.06,9049.51,1.3,47.21,521.81,2388.05,8138.16,8.4073,0.03,392,2388,100.0,39.06,23.4329,103
59,129,-0.002,-0.0002,100.0,518.67,642.47,1584.22,1410.66,14.62,21.61,554.58,2388.03,9061.05,1.3,47.45,522.16,2388.03,8144.0,8.42,0.03,393,2388,100.0,38.85,23.3199,102
59,130,-0.0024,0.0004,100.0,518.67,642.38,1591.6,1402.06,14.62,21.61,554.88,2388.08,9064.4,1.3,47.39,521.72,2388.02,8143.54,8.4178,0.03,392,2388,100.0,38.98,23.3256,101
59,131,0.0008,0.0,100.0,518.67,642.32,1586.64,1406.44,14.62,21.61,553.33,2388.02,9051.6,1.3,47.35,521.91,2388.05,8135.1,8.425,0.03,393,2388,100.0,39.01,23.322,100
59,132,0.0025,-0.0004,100.0,518.67,641.88,1587.92,1407.67,14.62,21.61,554.54,2388.05,9061.19,1.3,47.27,522.39,2388.1,8141.45,8.3939,0.03,392,2388,100.0,39.02,23.3626,99
59,133,0.0001,0.0002,100.0,518.67,642.12,1589.34,1407.58,14.62,21.61,554.75,2387.99,9055.71,1.3,47.31,522.66,2388.01,8138.36,8.4005,0.03,392,2388,100.0,38.91,23.3258,98
59,134,0.0029,0.0001,100.0,518.67,642.08,1587.62,1406.59,14.62,21.61,553.71,2388.0,9058.34,1.3,47.36,521.31,2388.03,8145.41,8.4122,0.03,393,2388,100.0,38.88,23.4598,97
59,135,0.001,-0.0004,100.0,518.67,642.3,1594.09,1399.73,14.62,21.61,554.14,2388.05,9056.79,1.3,47.35,522.3,2388.07,8138.82,8.4425,0.03,391,2388,100.0,39.09,23.3721,96
59,136,-0.0011,-0.0003,100.0,518.67,642.95,1591.41,1398.92,14.62,21.61,553.51,2388.07,9062.42,1.3,47.43,522.07,2388.03,8143.47,8.4015,0.03,392,2388,100.0,38.93,23.3521,95
59,137,0.0017,-0.0002,100.0,518.67,641.95,1586.64,1401.3,14.62,21.61,554.54,2388.09,9062.77,1.3,47.27,522.31,2387.99,8137.29,8.4142,0.03,392,2388,100.0,38.92,23.3298,94
59,138,-0.0004,0.0002,100.0,518.67,642.48,1584.4,1402.19,14.62,21.61,553.74,2388.06,9059.75,1.3,47.33,521.7,2388.01,8139.57,8.4451,0.03,393,2388,100.0,38.78,23.3573,93
59,139,-0.0014,0.0004,100.0,518.67,642.06,1582.55,1392.56,14.62,21.61,554.37,2388.05,9056.86,1.3,47.4,522.13,2388.0,8139.85,8.4025,0.03,391,2388,100.0,38.98,23.2939,92
59,140,-0.0004,0.0001,100.0,518.67,642.48,1587.72,1400.42,14.62,21.61,554.37,2388.06,9058.04,1.3,47.46,522.21,2388.04,8137.67,8.4409,0.03,392,2388,100.0,38.81,23.3179,91
59,141,-0.0012,0.0001,100.0,518.67,642.3,1586.78,1404.7,14.62,21.61,553.42,2388.02,9060.09,1.3,47.33,521.69,2388.09,8134.54,8.428,0.03,393,2388,100.0,38.9,23.4016,90
59,142,-0.0032,0.0005,100.0,518.67,642.52,1590.11,1403.03,14.62,21.61,554.27,2388.03,9061.71,1.3,47.52,521.47,2388.1,8141.1,8.427,0.03,393,2388,100.0,38.85,23.3473,89
59,143,-0.001,0.0002,100.0,518.67,642.39,1579.78,1396.68,14.62,21.61,554.35,2388.07,9059.87,1.3,47.38,521.7,2388.05,8137.4,8.3972,0.03,393,2388,100.0,38.99,23.3907,88
59,144,-0.0012,-0.0,100.0,518.67,642.57,1586.57,1399.93,14.62,21.61,554.31,2388.04,9061.64,1.3,47.47,521.35,2388.05,8140.84,8.4175,0.03,392,2388,100.0,38.8,23.2849,87
59,145,-0.0007,-0.0004,100.0,518.67,642.36,1585.7,1398.05,14.62,21.61,553.64,2388.02,9056.63,1.3,47.51,522.34,2388.04,8149.47,8.4138,0.03,392,2388,100.0,38.58,23.4505,86
59,146,0.0014,-0.0004,100.0,518.67,642.23,1588.89,1407.35,14.62,21.61,553.99,2388.05,9060.02,1.3,47.32,522.1,2388.1,8140.79,8.416,0.03,393,2388,100.0,39.0,23.3135,85
59,147,0.0011,-0.0005,100.0,518.67,642.84,1590.65,1399.11,14.62,21.61,553.58,2388.08,9056.42,1.3,47.26,521.76,2388.07,8144.12,8.4371,0.03,392,2388,100.0,38.98,23.328,84
59,148,0.0038,0.0002,100.0,518.67,642.3,1587.05,1403.75,14.62,21.61,554.27,2388.04,9057.08,1.3,47.47,521.65,2388.04,8142.45,8.4229,0.03,393,2388,100.0,39.08,23.3833,83
59,149,-0.0029,-0.0004,100.0,518.67,642.29,1589.45,1399.39,14.62,21.61,554.32,2388.06,9057.61,1.3,47.4,521.9,2388.01,8142.27,8.4399,0.03,392,2388,100.0,38.85,23.3294,82
59,150,0.0035,-0.0001,100.0,518.67,642.06,1589.26,1396.57,14.62,21.61,554.52,2388.03,9058.34,1.3,47.72,521.6,2388.09,8141.89,8.4261,0.03,391,2388,100.0,38.89,23.3266,81
59,151,-0.0011,-0.0,100.0,518.67,642.12,1596.17,1407.15,14.62,21.61,554.04,2388.05,9054.49,1.3,47.37,521.78,2388.04,8139.0,8.3837,0.03,394,2388,100.0,38.87,23.4164,80
59,152,-0.0026,-0.0001,100.0,518.67,642.44,1589.44,1400.62,14.62,21.61,553.49,2388.03,9063.76,1.3,47.53,521.85,2388.02,8141.08,8.4051,0.03,395,2388,100.0,38.9,23.3299,79
59,153,-0.0005,0.0002,100.0,518.67,642.27,1588.45,1403.3,14.62,21.61,553.51,2388.05,9057.01,1.3,47.48,522.25,2388.1,8139.44,8.4501,0.03,393,2388,100.0,38.99,23.3049,78
59,154,-0.0025,-0.0003,100.0,518.67,642.89,1585.93,1400.01,14.62,21.61,553.57,2388.06,9060.48,1.3,47.43,522.05,2388.04,8142.38,8.414,0.03,392,2388,100.0,38.89,23.3972,77
59,155,-0.0003,-0.0003,100.0,518.67,642.65,1587.9,1405.22,14.62,21.61,552.37,2388.07,9061.24,1.3,47.39,521.23,2388.03,8143.46,8.4367,0.03,392,2388,100.0,38.93,23.4012,76
59,156,-0.0,-0.0004,100.0,518.67,643.02,1589.37,1413.16,14.62,21.61,553.77,2388.08,9054.86,1.3,47.56,521.9,2388.02,8136.8,8.452,0.03,393,2388,100.0,38.81,23.3266,75
59,157,-0.0007,-0.0002,100.0,518.67,642.51,1589.66,1404.14,14.62,21.61,553.6,2388.05,9063.51,1.3,47.44,521.84,2388.02,8138.31,8.4379,0.03,393,2388,100.0,38.82,23.2664,74
59,158,-0.0016,0.0,100.0,518.67,642.34,1585.76,1404.45,14.62,21.61,553.61,2388.14,9062.63,1.3,47.4,521.96,2388.09,8147.65,8.4317,0.03,391,2388,100.0,38.71,23.2747,73
59,159,-0.0005,0.0002,100.0,518.67,642.4,1593.71,1412.32,14.62,21.61,553.58,2388.05,9056.01,1.3,47.45,521.54,2388.11,8139.07,8.4482,0.03,396,2388,100.0,38.91,23.3147,72
59,160,-0.0007,0.0003,100.0,518.67,641.94,1583.27,1402.75,14.62,21.61,553.45,2388.08,9058.87,1.3,47.48,522.17,2388.1,8143.03,8.4344,0.03,393,2388,100.0,38.77,23.3337,71
59,161,-0.0018,0.0002,100.0,518.67,642.41,1589.77,1402.99,14.62,21.61,553.43,2388.09,9060.46,1.3,47.35,521.48,2388.06,8137.59,8.4209,0.03,392,2388,100.0,38.85,23.3329,70
59,162,0.002,-0.0003,100.0,518.67,642.56,1594.93,1407.6,14.62,21.61,553.93,2388.08,9059.53,1.3,47.4,522.13,2388.07,8135.51,8.4104,0.03,390,2388,100.0,38.85,23.3815,69
59,163,-0.0037,0.0005,100.0,518.67,642.49,1590.16,1404.63,14.62,21.61,553.98,2388.11,9060.39,1.3,47.55,521.56,2388.11,8139.4,8.4345,0.03,393,2388,100.0,38.75,23.2671,68
59,164,-0.0003,0.0003,100.0,518.67,642.89,1586.12,1399.07,14.62,21.61,553.98,2388.14,9064.29,1.3,47.59,521.87,2388.08,8139.89,8.446,0.03,393,2388,100.0,39.14,23.3612,67
59,165,0.0002,-0.0,100.0,518.67,641.99,1592.58,1401.71,14.62,21.61,552.9,2388.04,9061.36,1.3,47.44,521.65,2388.05,8138.68,8.4388,0.03,393,2388,100.0,38.96,23.2786,66
59,166,-0.0037,0.0,100.0,518.67,642.39,1592.19,1407.49,14.62,21.61,553.22,2388.09,9065.26,1.3,47.44,521.79,2388.13,8140.3,8.4284,0.03,393,2388,100.0,38.84,23.1786,65
59,167,-0.0007,0.0,100.0,518.67,642.59,1595.82,1401.69,14.62,21.61,553.51,2388.13,9052.16,1.3,47.47,521.11,2388.11,8138.06,8.4383,0.03,394,2388,100.0,38.82,23.4042,64
59,168,-0.0047,-0.0002,100.0,518.67,642.95,1585.57,1406.48,14.62,21.61,553.12,2388.11,9056.71,1.3,47.45,522.05,2388.08,8137.48,8.4426,0.03,392,2388,100.0,38.75,23.3473,63
59,169,-0.0038,-0.0004,100.0,518.67,643.08,1585.13,1402.83,14.62,21.61,553.12,2388.13,9063.16,1.3,47.59,521.39,2388.06,8135.25,8.4467,0.03,393,2388,100.0,38.81,23.217,62
59,170,0.0014,-0.0004,100.0,518.67,642.82,1597.36,1409.61,14.62,21.61,553.09,2388.1,9061.49,1.3,47.67,521.72,2388.01,8145.4,8.466,0.03,393,2388,100.0,38.92,23.1998,61
59,171,-0.0005,-0.0003,100.0,518.67,642.62,1585.32,1403.53,14.62,21.61,552.97,2388.08,9063.96,1.3,47.66,521.46,2388.16,8143.62,8.4832,0.03,394,2388,100.0,38.83,23.282,60
59,172,-0.003,0.0002,100.0,518.67,642.61,1588.63,1410.88,14.62,21.61,552.96,2388.14,9059.44,1.3,47.57,521.46,2388.09,8139.91,8.4631,0.03,394,2388,100.0,38.67,23.3295,59
59,173,-0.0017,-0.0004,100.0,518.67,642.43,1583.66,1404.61,14.62,21.61,553.74,2388.09,9062.75,1.3,47.57,521.33,2388.08,8142.33,8.4125,0.03,393,2388,100.0,38.79,23.2746,58
59,174,0.0031,-0.0003,100.0,518.67,642.31,1592.14,1410.45,14.62,21.61,552.88,2388.09,9052.88,1.3,47.6,521.55,2388.11,8139.66,8.405,0.03,394,2388,100.0,38.76,23.3065,57
59,175,-0.003,-0.0002,100.0,518.67,642.67,1592.45,1418.83,14.62,21.61,553.99,2388.1,9063.04,1.3,47.57,521.43,2388.14,8137.56,8.4446,0.03,394,2388,100.0,38.65,23.2135,56
59,176,-0.0005,-0.0004,100.0,518.67,642.46,1590.88,1409.38,14.62,21.61,552.92,2388.08,9067.22,1.3,47.45,521.52,2388.11,8137.38,8.4032,0.03,394,2388,100.0,38.58,23.3245,55
59,177,-0.0008,0.0,100.0,518.67,643.05,1590.96,1405.81,14.62,21.61,553.2,2388.06,9068.22,1.3,47.49,521.51,2388.04,8142.78,8.444,0.03,395,2388,100.0,38.9,23.4004,54
59,178,0.0013,-0.0,100.0,518.67,642.55,1599.13,1410.31,14.62,21.61,552.5,2388.1,9062.08,1.3,47.62,521.33,2388.09,8139.39,8.436,0.03,393,2388,100.0,38.94,23.251,53
59,179,0.0004,-0.0002,100.0,518.67,643.04,1596.13,1404.63,14.62,21.61,553.57,2388.1,9058.94,1.3,47.64,520.86,2388.12,8137.5,8.4453,0.03,392,2388,100.0,38.95,23.294,52
59,180,0.0036,0.0003,100.0,518.67,642.76,1595.89,1416.18,14.62,21.61,553.04,2388.09,9066.59,1.3,47.65,521.43,2388.05,8139.2,8.4554,0.03,392,2388,100.0,38.86,23.2266,51
59,181,-0.0007,-0.0004,100.0,518.67,643.03,1596.71,1410.45,14.62,21.61,553.52,2388.13,9063.12,1.3,47.45,521.15,2388.07,8143.72,8.4519,0.03,394,2388,100.0,38.86,23.3088,50
59,182,-0.0011,-0.0,100.0,518.67,642.68,1590.39,1412.47,14.62,21.61,553.18,2388.1,9062.77,1.3,47.53,521.32,2388.14,8138.82,8.4415,0.03,394,2388,100.0,38.87,23.2384,49
59,183,0.0042,-0.0,100.0,518.67,642.3,1587.56,1411.66,14.62,21.61,553.51,2388.12,9058.51,1.3,47.76,520.9,2388.01,8142.98,8.4523,0.03,394,2388,100.0,38.75,23.4106,48
59,184,-0.0014,-0.0005,100.0,518.67,642.87,1596.72,1410.78,14.62,21.61,553.17,2388.17,9054.56,1.3,47.78,521.38,2388.12,8139.96,8.4869,0.03,392,2388,100.0,38.71,23.175,47
59,185,-0.0005,0.0003,100.0,518.67,643.08,1594.19,1412.15,14.62,21.61,553.99,2388.12,9060.18,1.3,47.52,520.84,2388.09,8138.35,8.4346,0.03,394,2388,100.0,38.84,23.2264,46
59,186,-0.0021,-0.0004,100.0,518.67,642.49,1591.65,1408.31,14.62,21.61,553.04,2388.11,9057.64,1.3,47.67,521.39,2388.06,8134.59,8.4606,0.03,394,2388,100.0,38.68,23.2328,45
59,187,0.0006,0.0,100.0,518.67,643.03,1586.02,1405.76,14.62,21.61,552.4,2388.16,9068.12,1.3,47.62,521.07,2388.15,8140.97,8.4359,0.03,395,2388,100.0,38.72,23.3242,44
59,188,-0.0013,0.0001,100.0,518.67,643.34,1591.01,1406.32,14.62,21.61,552.85,2388.12,9063.79,1.3,47.7,521.31,2388.1,8141.38,8.426,0.03,394,2388,100.0,38.73,23.2959,43
59,189,0.0025,-0.0002,100.0,518.67,642.62,1586.19,1406.73,14.62,21.61,553.13,2388.11,9064.19,1.3,47.67,520.86,2388.13,8138.39,8.4687,0.03,395,2388,100.0,38.87,23.1882,42
59,190,0.0003,-0.0003,100.0,518.67,642.69,1594.76,1414.46,14.62,21.61,552.56,2388.13,9066.86,1.3,47.81,521.16,2388.15,8144.65,8.4648,0.03,394,2388,100.0,38.71,23.3562,41
59,191,0.0008,0.0,100.0,518.67,643.19,1590.32,1411.52,14.62,21.61,553.0,2388.11,9067.69,1.3,47.67,521.49,2388.16,8136.66,8.4759,0.03,395,2388,100.0,38.64,23.2527,40
59,192,0.0022,0.0002,100.0,518.67,642.82,1594.94,1406.03,14.62,21.61,552.08,2388.14,9065.11,1.3,47.59,520.83,2388.14,8141.43,8.4575,0.03,393,2388,100.0,38.86,23.3309,39
59,193,0.002,0.0001,100.0,518.67,642.73,1599.8,1408.93,14.62,21.61,553.0,2388.17,9062.05,1.3,47.55,520.53,2388.15,8140.35,8.4864,0.03,395,2388,100.0,38.73,23.2154,38
59,194,-0.0038,0.0003,100.0,518.67,642.85,1601.16,1419.62,14.62,21.61,553.87,2388.15,9075.9,1.3,47.58,521.48,2388.17,8139.66,8.4777,0.03,395,2388,100.0,38.85,23.2899,37
59,195,-0.0003,0.0004,100.0,518.67,642.59,1597.87,1425.96,14.62,21.61,553.18,2388.13,9055.0,1.3,47.69,520.56,2388.12,8137.74,8.4263,0.03,394,2388,100.0,38.78,23.2586,36
59,196,0.0001,-0.0,100.0,518.67,642.81,1598.62,1414.28,14.62,21.61,553.76,2388.17,9057.62,1.3,47.79,521.44,2388.18,8133.83,8.4619,0.03,396,2388,100.0,38.77,23.1429,35
59,197,0.0016,0.0002,100.0,518.67,643.25,1589.76,1419.41,14.62,21.61,553.4,2388.19,9062.46,1.3,47.66,520.63,2388.21,8143.15,8.4597,0.03,395,2388,100.0,38.68,23.2904,34
59,198,0.0009,-0.0002,100.0,518.67,642.66,1591.75,1419.49,14.62,21.61,553.06,2388.1,9059.74,1.3,47.69,520.84,2388.1,8134.79,8.436,0.03,394,2388,100.0,38.86,23.2813,33
59,199,-0.0011,0.0,100.0,518.67,643.24,1600.12,1406.74,14.62,21.61,552.68,2388.11,9065.65,1.3,47.78,521.13,2388.13,8138.65,8.4323,0.03,394,2388,100.0,38.78,23.235,32
59,200,0.0044,-0.0002,100.0,518.67,643.15,1604.41,1413.77,14.62,21.61,552.35,2388.16,9069.71,1.3,47.72,521.05,2388.17,8141.09,8.4723,0.03,394,2388,100.0,38.69,23.3227,31
59,201,-0.0002,-0.0001,100.0,518.67,642.97,1592.23,1422.52,14.62,21.61,552.79,2388.16,9060.79,1.3,47.64,520.56,2388.1,8139.88,8.4984,0.03,395,2388,100.0,38.67,23.2887,30
59,202,-0.0007,0.0004,100.0,518.67,643.01,1599.8,1416.56,14.62,21.61,552.86,2388.13,9059.57,1.3,47.78,520.14,2388.14,8142.87,8.4696,0.03,395,2388,100.0,38.6,23.2109,29
59,203,-0.0042,-0.0005,100.0,518.67,643.16,1596.07,1418.08,14.62,21.61,551.99,2388.19,9061.17,1.3,47.89,520.66,2388.17,8136.8,8.4535,0.03,394,2388,100.0,38.67,23.2076,28
59,204,0.0026,-0.0001,100.0,518.67,643.11,1580.1,1412.49,14.62,21.61,552.36,2388.11,9061.04,1.3,47.65,520.49,2388.17,8146.3,8.4868,0.03,394,2388,100.0,38.74,23.2261,27
59,205,0.0022,-0.0002,100.0,518.67,642.8,1599.21,1418.72,14.62,21.61,552.1,2388.11,9061.42,1.3,47.73,520.65,2388.13,8139.5,8.4771,0.03,394,2388,100.0,38.69,23.1832,26
59,206,0.0027,-0.0002,100.0,518.67,642.73,1594.98,1420.36,14.62,21.61,551.76,2388.15,9069.01,1.3,47.75,520.55,2388.14,8142.56,8.4546,0.03,395,2388,100.0,38.8,23.2558,25
59,207,0.0029,0.0,100.0,518.67,643.32,1599.41,1416.11,14.62,21.61,552.05,2388.17,9066.36,1.3,47.95,520.46,2388.2,8143.8,8.4951,0.03,396,2388,100.0,38.55,23.1637,24
59,208,-0.0018,-0.0003,100.0,518.67,642.68,1595.16,1424.0,14.62,21.61,552.05,2388.13,9060.48,1.3,48.01,520.11,2388.15,8138.67,8.4417,0.03,396,2388,100.0,38.7,23.1342,23
59,209,0.0033,0.0001,100.0,518.67,642.9,1596.59,1414.54,14.62,21.61,552.5,2388.19,9057.71,1.3,47.67,520.92,2388.2,8141.02,8.4795,0.03,393,2388,100.0,38.55,23.2676,22
59,210,-0.0004,0.0002,100.0,518.67,643.18,1600.76,1421.0,14.62,21.61,552.12,2388.18,9059.81,1.3,47.92,520.66,2388.2,8136.4,8.4791,0.03,394,2388,100.0,38.57,23.1527,21
59,211,0.0037,0.0001,100.0,518.67,643.08,1602.91,1416.89,14.62,21.61,551.74,2388.19,9060.02,1.3,47.94,520.25,2388.18,8136.91,8.4844,0.03,395,2388,100.0,38.76,23.2471,20
59,212,-0.005,-0.0005,100.0,518.67,642.78,1591.39,1421.01,14.62,21.61,552.58,2388.16,9069.9,1.3,47.85,520.16,2388.15,8138.42,8.4711,0.03,395,2388,100.0,38.61,23.2378,19
59,213,-0.0006,0.0005,100.0,518.67,643.19,1600.85,1423.3,14.62,21.61,552.11,2388.21,9068.51,1.3,47.85,520.45,2388.17,8135.9,8.4901,0.03,396,2388,100.0,38.66,23.1887,18
59,214,-0.0018,-0.0003,100.0,518.67,643.2,1597.76,1417.63,14.62,21.61,552.05,2388.21,9070.95,1.3,47.91,520.68,2388.18,8144.15,8.4853,0.03,394,2388,100.0,38.38,23.1812,17
59,215,-0.0024,-0.0001,100.0,518.67,643.34,1594.58,1418.44,14.62,21.61,551.59,2388.21,9062.7,1.3,47.92,520.53,2388.22,8137.86,8.4852,0.03,398,2388,100.0,38.58,23.2726,16
59,216,-0.0,0.0002,100.0,518.67,643.57,1598.79,1425.27,14.62,21.61,552.32,2388.18,9066.73,1.3,47.95,520.28,2388.24,8135.99,8.5073,0.03,394,2388,100.0,38.72,23.2616,15
59,217,-0.001,-0.0001,100.0,518.67,642.34,1598.51,1418.95,14.62,21.61,551.86,2388.22,9063.76,1.3,47.86,519.86,2388.19,8136.29,8.4928,0.03,394,2388,100.0,38.58,23.1679,14
59,218,-0.0054,0.0002,100.0,518.67,643.64,1598.02,1414.18,14.62,21.61,552.43,2388.23,9060.62,1.3,47.92,519.61,2388.21,8138.12,8.5318,0.03,395,2388,100.0,38.34,23.1616,13
59,219,0.0027,-0.0005,100.0,518.67,643.27,1599.87,1417.33,14.62,21.61,552.05,2388.25,9071.83,1.3,47.96,519.96,2388.22,8138.8,8.5069,0.03,395,2388,100.0,38.55,23.0707,12
59,220,-0.0014,0.0002,100.0,518.67,643.84,1602.08,1417.58,14.62,21.61,551.62,2388.23,9061.17,1.3,47.95,520.26,2388.23,8140.33,8.5077,0.03,396,2388,100.0,38.39,23.145,11
59,221,0.0008,-0.0004,100.0,518.67,643.14,1596.25,1424.94,14.62,21.61,552.14,2388.23,9062.56,1.3,48.24,520.45,2388.22,8133.85,8.4918,0.03,395,2388,100.0,38.65,23.1631,10
59,222,-0.0024,0.0004,100.0,518.67,643.41,1601.25,1427.51,14.62,21.61,552.04,2388.22,9058.2,1.3,48.1,519.87,2388.26,8145.15,8.5008,0.03,395,2388,100.0,38.45,23.1103,9
59,223,0.0001,0.0,100.0,518.67,643.6,1602.46,1424.16,14.62,21.61,551.68,2388.2,9066.96,1.3,48.22,520.07,2388.24,8140.02,8.4959,0.03,394,2388,100.0,38.49,23.1274,8
59,224,-0.0032,0.0001,100.0,518.67,643.64,1593.92,1420.56,14.62,21.61,551.66,2388.21,9070.84,1.3,48.08,519.62,2388.19,8138.09,8.5062,0.03,397,2388,100.0,38.35,23.0915,7
59,225,0.003,0.0004,100.0,518.67,643.76,1604.01,1422.57,14.62,21.61,551.64,2388.24,9063.62,1.3,48.16,520.3,2388.26,8132.3,8.5162,0.03,397,2388,100.0,38.43,23.0844,6
59,226,0.0012,-0.0002,100.0,518.67,643.47,1591.33,1420.92,14.62,21.61,552.27,2388.23,9062.85,1.3,48.25,520.05,2388.28,8140.27,8.4971,0.03,396,2388,100.0,38.44,23.0291,5
59,227,-0.004,-0.0003,100.0,518.67,643.36,1603.48,1425.92,14.62,21.61,551.83,2388.23,9067.15,1.3,48.08,519.24,2388.19,8143.16,8.5272,0.03,395,2388,100.0,38.43,23.035,4
59,228,-0.0,-0.0001,100.0,518.67,643.58,1599.79,1432.85,14.62,21.61,551.3,2388.22,9068.13,1.3,48.08,519.36,2388.2,8135.62,8.5353,0.03,396,2388,100.0,38.56,23.0203,3
59,229,0.0016,-0.0001,100.0,518.67,643.62,1602.36,1429.64,14.62,21.61,551.35,2388.22,9073.2,1.3,48.41,519.44,2388.26,8143.48,8.5208,0.03,396,2388,100.0,38.38,23.0154,2
59,230,-0.0016,-0.0004,100.0,518.67,643.93,1597.9,1429.54,14.62,21.61,551.33,2388.28,9066.11,1.3,48.14,518.99,2388.27,8138.19,8.5105,0.03,397,2388,100.0,38.51,23.0253,1
59,231,0.002,-0.0004,100.0,518.67,643.47,1599.56,1425.87,14.62,21.61,550.88,2388.28,9063.69,1.3,48.14,519.09,2388.24,8141.32,8.5155,0.03,395,2388,100.0,38.44,23.0258,0
60,1,0.0018,0.0001,100.0,518.67,642.65,1585.71,1394.7,14.62,21.61,554.13,2388.14,9044.2,1.3,47.69,521.92,2388.11,8135.39,8.4409,0.03,392,2388,100.0,38.89,23.3721,171
60,2,-0.0004,0.0003,100.0,518.67,642.42,1593.58,1400.03,14.62,21.61,553.43,2388.08,9057.18,1.3,47.44,521.18,2388.1,8138.29,8.4322,0.03,392,2388,100.0,38.85,23.2555,170
60,3,-0.0021,-0.0005,100.0,518.67,642.6,1593.09,1410.91,14.62,21.61,552.92,2388.09,9055.05,1.3,47.45,521.78,2388.09,8137.73,8.3939,0.03,392,2388,100.0,38.91,23.3312,169
60,4,0.002,0.0,100.0,518.67,643.16,1589.06,1402.44,14.62,21.61,553.71,2388.08,9054.31,1.3,47.42,521.86,2388.1,8138.23,8.4385,0.03,394,2388,100.0,38.81,23.3245,168
60,5,-0.0002,-0.0005,100.0,518.67,642.07,1585.92,1406.07,14.62,21.61,553.36,2388.13,9059.62,1.3,47.3,521.3,2388.12,8134.97,8.4046,0.03,394,2388,100.0,38.91,23.3379,167
60,6,-0.0033,-0.0002,100.0,518.67,642.55,1593.88,1412.78,14.62,21.61,553.5,2388.12,9059.94,1.3,47.34,521.6,2388.05,8134.75,8.45,0.03,392,2388,100.0,39.04,23.3846,166
60,7,-0.003,0.0002,100.0,518.67,642.35,1587.41,1403.04,14.62,21.61,553.45,2388.08,9048.99,1.3,47.5,521.76,2388.04,8133.01,8.4698,0.03,392,2388,100.0,39.04,23.4062,165
60,8,-0.001,0.0002,100.0,518.67,642.63,1588.18,1407.92,14.62,21.61,553.93,2388.08,9050.76,1.3,47.49,521.72,2388.05,8132.31,8.4035,0.03,392,2388,100.0,38.77,23.4709,164
60,9,-0.0025,-0.0,100.0,518.67,642.71,1572.98,1400.44,14.62,21.61,553.78,2388.11,9048.7,1.3,47.46,521.76,2388.11,8131.83,8.4011,0.03,392,2388,100.0,38.87,23.2853,163
60,10,0.0028,-0.0002,100.0,518.67,642.46,1591.97,1411.79,14.62,21.61,553.24,2388.03,9054.97,1.3,47.49,521.58,2388.08,8130.02,8.3946,0.03,393,2388,100.0,38.88,23.429,162
60,11,-0.0006,-0.0002,100.0,518.67,642.49,1585.55,1403.58,14.62,21.61,554.03,2388.1,9050.53,1.3,47.59,521.96,2388.06,8136.65,8.4247,0.03,393,2388,100.0,38.91,23.3262,161
60,12,0.0026,-0.0003,100.0,518.67,643.33,1588.89,1407.71,14.62,21.61,553.15,2388.08,9054.65,1.3,47.52,521.59,2388.1,8130.45,8.4066,0.03,394,2388,100.0,38.75,23.3193,160
60,13,0.0005,0.0003,100.0,518.67,642.96,1588.41,1401.59,14.62,21.61,554.25,2388.08,9058.96,1.3,47.27,521.47,2388.04,8132.87,8.4144,0.03,394,2388,100.0,38.95,23.2478,159
60,14,0.0022,0.0001,100.0,518.67,643.09,1584.49,1400.98,14.62,21.61,554.27,2388.04,9050.07,1.3,47.51,521.58,2388.09,8131.22,8.4358,0.03,394,2388,100.0,39.02,23.2697,158
60,15,0.0001,0.0003,100.0,518.67,642.4,1580.48,1406.37,14.62,21.61,554.39,2388.14,9056.42,1.3,47.5,521.72,2387.98,8134.0,8.4241,0.03,392,2388,100.0,38.96,23.3323,157
60,16,0.0014,-0.0004,100.0,518.67,643.08,1594.84,1405.9,14.62,21.61,554.13,2388.09,9061.88,1.3,47.32,521.63,2388.08,8136.78,8.4041,0.03,393,2388,100.0,38.97,23.2768,156
60,17,-0.001,-0.0003,100.0,518.67,642.63,1581.38,1402.37,14.62,21.61,553.87,2388.04,9057.68,1.3,47.49,521.85,2388.05,8137.56,8.3793,0.03,393,2388,100.0,39.03,23.2617,155
60,18,0.0013,-0.0005,100.0,518.67,642.55,1584.62,1401.8,14.62,21.61,553.85,2388.11,9056.39,1.3,47.34,521.99,2388.09,8135.74,8.4304,0.03,394,2388,100.0,39.0,23.3598,154
60,19,0.0022,0.0003,100.0,518.67,642.65,1585.16,1401.74,14.62,21.61,553.72,2388.1,9049.18,1.3,47.18,521.58,2388.1,8133.99,8.4135,0.03,392,2388,100.0,38.8,23.471,153
60,20,0.001,0.0004,100.0,518.67,642.62,1589.33,1410.94,14.62,21.61,553.84,2388.04,9054.02,1.3,47.42,521.46,2388.09,8130.33,8.4509,0.03,393,2388,100.0,38.79,23.256,152
60,21,0.0026,-0.0004,100.0,518.67,642.68,1591.44,1407.02,14.62,21.61,553.36,2388.09,9051.5,1.3,47.53,521.46,2388.08,8134.13,8.4351,0.03,392,2388,100.0,38.96,23.2967,151
60,22,0.0026,-0.0003,100.0,518.67,642.69,1590.2,1402.06,14.62,21.61,553.93,2388.09,9062.25,1.3,47.55,521.54,2388.08,8137.17,8.4588,0.03,391,2388,100.0,38.86,23.2582,150
60,23,0.0027,0.0002,100.0,518.67,642.64,1586.31,1403.05,14.62,21.61,553.89,2388.04,9050.75,1.3,47.4,521.82,2388.08,8130.47,8.4232,0.03,393,2388,100.0,38.92,23.4326,149
60,24,0.0002,-0.0002,100.0,518.67,643.12,1585.76,1399.39,14.62,21.61,553.18,2388.13,9046.47,1.3,47.45,521.42,2388.09,8133.9,8.4293,0.03,393,2388,100.0,38.99,23.3995,148
60,25,-0.0004,0.0004,100.0,518.67,642.88,1591.03,1396.96,14.62,21.61,552.73,2388.09,9058.47,1.3,47.44,521.41,2388.07,8135.07,8.4058,0.03,393,2388,100.0,38.87,23.3572,147
60,26,-0.0005,-0.0,100.0,518.67,642.9,1586.17,1405.04,14.62,21.61,553.55,2388.11,9047.03,1.3,47.53,521.37,2388.09,8136.52,8.4342,0.03,392,2388,100.0,39.02,23.4094,146
60,27,0.0022,-0.0001,100.0,518.67,642.57,1582.8,1408.74,14.62,21.61,553.95,2388.15,9056.78,1.3,47.53,521.45,2388.11,8134.36,8.4271,0.03,393,2388,100.0,38.88,23.3326,145
60,28,-0.001,0.0002,100.0,518.67,642.53,1584.89,1407.07,14.62,21.61,553.47,2387.98,9048.83,1.3,47.39,521.76,2388.09,8135.41,8.4429,0.03,394,2388,100.0,38.72,23.2892,144
60,29,0.0006,-0.0002,100.0,518.67,642.69,1588.32,1405.24,14.62,21.61,553.56,2388.1,9059.57,1.3,47.4,521.68,2388.13,8132.54,8.42,0.03,393,2388,100.0,38.72,23.3482,143
60,30,-0.0005,-0.0005,100.0,518.67,642.61,1589.44,1405.61,14.62,21.61,553.9,2387.99,9056.83,1.3,47.65,521.13,2388.06,8136.96,8.4442,0.03,392,2388,100.0,38.84,23.2398,142
60,31,0.0034,-0.0001,100.0,518.67,642.42,1583.82,1405.05,14.62,21.61,553.72,2388.06,9049.8,1.3,47.35,521.82,2388.13,8130.1,8.4217,0.03,393,2388,100.0,38.95,23.3924,141
60,32,-0.004,0.0,100.0,518.67,642.29,1587.91,1408.66,14.62,21.61,553.0,2388.09,9058.73,1.3,47.49,521.92,2388.07,8136.5,8.4101,0.03,392,2388,100.0,39.01,23.3438,140
60,33,-0.0009,0.0003,100.0,518.67,642.19,1586.51,1401.11,14.62,21.61,554.04,2388.06,9056.19,1.3,47.31,521.47,2388.04,8139.59,8.4186,0.03,392,2388,100.0,39.12,23.4086,139
60,34,-0.0037,-0.0001,100.0,518.67,642.55,1586.15,1408.11,14.62,21.61,553.31,2388.07,9053.71,1.3,47.36,521.63,2388.15,8130.14,8.4326,0.03,393,2388,100.0,38.92,23.3377,138
60,35,-0.0034,-0.0003,100.0,518.67,642.5,1585.77,1404.51,14.62,21.61,553.89,2388.05,9050.01,1.3,47.37,521.84,2388.03,8133.62,8.4279,0.03,392,2388,100.0,38.91,23.3598,137
60,36,-0.001,-0.0,100.0,518.67,642.22,1592.15,1411.93,14.62,21.61,553.42,2388.0,9044.31,1.3,47.46,521.25,2388.15,8133.2,8.4441,0.03,392,2388,100.0,38.91,23.356,136
60,37,0.0038,0.0002,100.0,518.67,642.79,1585.3,1406.96,14.62,21.61,553.38,2388.13,9053.42,1.3,47.35,522.25,2388.1,8135.06,8.4495,0.03,393,2388,100.0,38.92,23.2589,135
60,38,0.0027,-0.0004,100.0,518.67,642.54,1583.17,1405.01,14.62,21.61,553.36,2388.11,9048.53,1.3,47.51,522.39,2388.09,8138.54,8.4264,0.03,394,2388,100.0,39.0,23.1759,134
60,39,0.001,-0.0004,100.0,518.67,642.87,1589.74,1402.28,14.62,21.61,553.81,2388.14,9051.08,1.3,47.48,521.79,2388.04,8134.4,8.4485,0.03,392,2388,100.0,38.67,23.3824,133
60,40,-0.0017,-0.0,100.0,518.67,642.43,1591.92,1409.06,14.62,21.61,554.14,2388.07,9050.64,1.3,47.49,521.36,2388.14,8133.34,8.4151,0.03,393,2388,100.0,38.99,23.3045,132
60,41,0.0005,0.0002,100.0,518.67,642.5,1590.12,1404.31,14.62,21.61,554.33,2388.08,9050.83,1.3,47.3,521.46,2388.12,8135.94,8.4204,0.03,394,2388,100.0,38.9,23.322,131
60,42,-0.0038,-0.0004,100.0,518.67,642.3,1591.12,1406.26,14.62,21.61,553.95,2388.06,9056.48,1.3,47.49,521.33,2388.07,8136.19,8.4492,0.03,392,2388,100.0,38.9,23.299,130
60,43,-0.0003,-0.0003,100.0,518.67,642.08,1595.6,1396.66,14.62,21.61,553.92,2388.09,9052.01,1.3,47.43,521.86,2388.12,8137.68,8.4607,0.03,394,2388,100.0,38.96,23.4068,129
60,44,-0.0011,-0.0004,100.0,518.67,642.35,1590.0,1405.38,14.62,21.61,552.95,2388.09,9047.74,1.3,47.64,521.51,2388.09,8136.07,8.4333,0.03,393,2388,100.0,38.87,23.3188,128
60,45,-0.0023,-0.0,100.0,518.67,642.26,1584.41,1405.56,14.62,21.61,554.66,2388.08,9057.41,1.3,47.48,521.71,2388.04,8132.58,8.4623,0.03,394,2388,100.0,38.82,23.3781,127
60,46,-0.0027,0.0001,100.0,518.67,642.72,1583.27,1404.31,14.62,21.61,553.78,2388.09,9049.58,1.3,47.71,521.67,2388.14,8138.42,8.4426,0.03,392,2388,100.0,39.13,23.3543,126
60,47,-0.0024,-0.0003,100.0,518.67,642.47,1592.7,1407.69,14.62,21.61,553.22,2388.09,9055.9,1.3,47.39,521.5,2388.1,8138.68,8.4185,0.03,393,2388,100.0,38.94,23.2281,125
60,48,-0.0001,-0.0001,100.0,518.67,642.29,1582.93,1404.54,14.62,21.61,552.99,2388.09,9061.48,1.3,47.6,521.62,2388.09,8135.81,8.4264,0.03,394,2388,100.0,38.83,23.1595,124
60,49,0.0021,0.0001,100.0,518.67,642.19,1598.5,1401.84,14.62,21.61,553.57,2388.08,9057.73,1.3,47.45,521.64,2388.04,8134.16,8.4628,0.03,393,2388,100.0,38.86,23.3232,123
60,50,0.0016,-0.0,100.0,518.67,642.71,1577.76,1405.06,14.62,21.61,553.2,2388.12,9059.47,1.3,47.58,521.52,2388.08,8139.86,8.4519,0.03,392,2388,100.0,38.88,23.2795,122
60,51,0.0039,0.0003,100.0,518.67,642.64,1584.72,1415.17,14.62,21.61,553.91,2388.07,9048.45,1.3,47.58,521.88,2388.04,8136.9,8.4269,0.03,392,2388,100.0,38.88,23.2593,121
60,52,0.002,0.0001,100.0,518.67,642.38,1585.92,1412.02,14.62,21.61,553.52,2388.1,9056.13,1.3,47.46,521.06,2388.05,8138.06,8.4747,0.03,392,2388,100.0,38.78,23.2637,120
60,53,-0.0036,-0.0005,100.0,518.67,642.64,1585.77,1403.92,14.62,21.61,553.1,2388.08,9048.18,1.3,47.45,521.48,2388.13,8132.83,8.4371,0.03,393,2388,100.0,38.78,23.3264,119
60,54,-0.0026,-0.0003,100.0,518.67,642.25,1588.5,1404.14,14.62,21.61,554.72,2388.09,9053.83,1.3,47.37,521.75,2388.1,8137.22,8.4047,0.03,394,2388,100.0,38.74,23.4052,118
60,55,0.0052,0.0001,100.0,518.67,642.59,1589.74,1403.18,14.62,21.61,554.11,2388.08,9047.67,1.3,47.48,521.74,2388.05,8134.5,8.4028,0.03,392,2388,100.0,38.8,23.3363,117
60,56,-0.0015,-0.0001,100.0,518.67,642.57,1589.2,1398.14,14.62,21.61,553.27,2388.09,9057.11,1.3,47.68,521.78,2388.1,8139.06,8.3963,0.03,393,2388,100.0,39.07,23.4159,116
60,57,-0.0016,-0.0004,100.0,518.67,642.39,1589.9,1399.21,14.62,21.61,553.27,2388.1,9054.27,1.3,47.39,521.89,2388.1,8134.43,8.4713,0.03,392,2388,100.0,38.82,23.3174,115
60,58,-0.0011,-0.0001,100.0,518.67,642.74,1588.23,1411.0,14.62,21.61,554.02,2388.05,9061.51,1.3,47.57,521.25,2388.14,8137.16,8.4305,0.03,393,2388,100.0,38.91,23.3908,114
60,59,0.0,0.0002,100.0,518.67,642.48,1587.68,1406.69,14.62,21.61,553.21,2388.08,9054.89,1.3,47.43,521.47,2388.08,8132.27,8.4778,0.03,392,2388,100.0,39.03,23.3373,113
60,60,0.0033,0.0,100.0,518.67,642.3,1587.31,1404.39,14.62,21.61,552.82,2388.08,9054.11,1.3,47.56,521.68,2388.05,8135.08,8.4377,0.03,392,2388,100.0,38.83,23.2594,112
60,61,-0.0003,-0.0005,100.0,518.67,642.88,1590.93,1402.93,14.62,21.61,553.55,2388.11,9054.35,1.3,47.4,521.93,2388.09,8136.26,8.4296,0.03,392,2388,100.0,38.8,23.3212,111
60,62,-0.0004,-0.0005,100.0,518.67,642.91,1584.11,1411.56,14.62,21.61,553.58,2388.03,9061.07,1.3,47.43,521.56,2388.11,8134.93,8.4387,0.03,393,2388,100.0,38.67,23.3777,110
60,63,-0.0023,-0.0005,100.0,518.67,642.53,1585.47,1408.66,14.62,21.61,553.38,2388.07,9050.62,1.3,47.29,521.21,2388.11,8134.18,8.446,0.03,392,2388,100.0,38.83,23.3433,109
60,64,-0.0004,0.0004,100.0,518.67,642.62,1587.04,1403.72,14.62,21.61,553.13,2388.09,9048.27,1.3,47.56,521.15,2388.11,8134.84,8.4224,0.03,392,2388,100.0,38.76,23.2791,108
60,65,-0.0026,0.0004,100.0,518.67,643.1,1590.29,1419.87,14.62,21.61,553.02,2388.08,9055.96,1.3,47.43,521.44,2388.05,8135.76,8.4251,0.03,393,2388,100.0,38.78,23.2634,107
60,66,-0.0015,-0.0002,100.0,518.67,642.45,1589.17,1404.86,14.62,21.61,554.4,2388.12,9051.54,1.3,47.55,520.96,2388.13,8136.56,8.4743,0.03,394,2388,100.0,38.75,23.3067,106
60,67,0.0039,0.0003,100.0,518.67,642.17,1587.3,1402.94,14.62,21.61,552.76,2388.06,9058.4,1.3,47.63,521.53,2388.09,8139.21,8.4374,0.03,396,2388,100.0,38.89,23.1706,105
60,68,0.0001,-0.0004,100.0,518.67,642.47,1584.26,1408.68,14.62,21.61,553.11,2388.12,9057.75,1.3,47.6,521.52,2388.07,8139.17,8.4326,0.03,393,2388,100.0,38.84,23.3267,104
60,69,-0.001,-0.0,100.0,518.67,642.81,1587.11,1409.76,14.62,21.61,553.94,2388.11,9053.12,1.3,47.53,521.7,2388.06,8134.89,8.4451,0.03,392,2388,100.0,38.85,23.2355,103
60,70,-0.003,-0.0001,100.0,518.67,642.59,1594.65,1409.92,14.62,21.61,553.84,2388.09,9058.81,1.3,47.5,521.34,2388.07,8132.99,8.4375,0.03,394,2388,100.0,38.99,23.3392,102
60,71,-0.0018,-0.0004,100.0,518.67,642.48,1590.17,1403.92,14.62,21.61,554.27,2388.11,9053.08,1.3,47.55,521.26,2388.09,8132.61,8.4199,0.03,392,2388,100.0,38.75,23.3169,101
60,72,-0.0039,-0.0003,100.0,518.67,642.58,1590.69,1403.56,14.62,21.61,553.17,2388.12,9054.62,1.3,47.45,521.15,2388.15,8138.33,8.4293,0.03,395,2388,100.0,38.93,23.22,100
60,73,-0.0025,0.0,100.0,518.67,642.89,1591.5,1409.54,14.62,21.61,553.63,2388.09,9045.88,1.3,47.28,521.32,2388.01,8136.58,8.4345,0.03,392,2388,100.0,38.74,23.1732,99
60,74,0.0021,-0.0003,100.0,518.67,642.57,1584.33,1406.79,14.62,21.61,553.84,2388.08,9060.88,1.3,47.46,521.69,2388.13,8135.34,8.4231,0.03,393,2388,100.0,38.99,23.2808,98
60,75,0.0023,-0.0,100.0,518.67,642.71,1590.34,1402.72,14.62,21.61,553.23,2388.07,9054.75,1.3,47.65,521.33,2388.08,8137.87,8.3943,0.03,393,2388,100.0,39.01,23.2827,97
60,76,-0.002,-0.0003,100.0,518.67,642.1,1588.98,1405.72,14.62,21.61,553.95,2388.03,9063.7,1.3,47.36,521.43,2388.12,8136.6,8.4303,0.03,392,2388,100.0,38.97,23.3629,96
60,77,-0.0017,-0.0005,100.0,518.67,643.31,1590.56,1408.98,14.62,21.61,553.24,2388.13,9061.59,1.3,47.7,521.47,2388.08,8136.33,8.4462,0.03,392,2388,100.0,38.73,23.3321,95
60,78,-0.0004,-0.0002,100.0,518.67,643.26,1584.5,1399.87,14.62,21.61,553.54,2388.12,9057.8,1.3,47.49,521.26,2388.11,8142.63,8.4375,0.03,391,2388,100.0,38.95,23.2266,94
60,79,0.0001,-0.0003,100.0,518.67,642.56,1589.95,1411.1,14.62,21.61,553.86,2388.08,9057.23,1.3,47.44,521.75,2388.09,8137.34,8.4239,0.03,394,2388,100.0,38.84,23.2801,93
60,80,0.0025,-0.0004,100.0,518.67,642.84,1595.45,1406.51,14.62,21.61,553.02,2388.16,9052.21,1.3,47.47,521.73,2388.09,8135.91,8.483,0.03,392,2388,100.0,38.7,23.4935,92
60,81,0.0014,0.0001,100.0,518.67,642.71,1590.54,1406.2,14.62,21.61,552.75,2388.1,9057.67,1.3,47.61,521.19,2388.16,8139.03,8.4545,0.03,393,2388,100.0,38.72,23.3879,91
60,82,0.0031,0.0002,100.0,518.67,642.79,1585.05,1408.53,14.62,21.61,552.76,2388.07,9067.67,1.3,47.52,521.94,2388.1,8142.58,8.4244,0.03,394,2388,100.0,38.81,23.3402,90
60,83,0.0033,-0.0001,100.0,518.67,642.24,1589.99,1404.68,14.62,21.61,552.72,2388.1,9061.55,1.3,47.45,521.71,2388.13,8135.64,8.4413,0.03,394,2388,100.0,38.81,23.2702,89
60,84,0.0,0.0003,100.0,518.67,642.03,1589.82,1410.36,14.62,21.61,553.54,2388.01,9059.28,1.3,47.43,521.5,2388.05,8135.2,8.4371,0.03,394,2388,100.0,38.81,23.3668,88
60,85,0.0001,-0.0003,100.0,518.67,642.49,1587.62,1407.37,14.62,21.61,553.13,2388.11,9058.96,1.3,47.44,521.88,2388.08,8137.37,8.4021,0.03,394,2388,100.0,38.8,23.2185,87
60,86,0.0011,-0.0004,100.0,518.67,642.59,1589.61,1400.67,14.62,21.61,553.63,2388.09,9063.15,1.3,47.43,522.08,2388.1,8136.02,8.4452,0.03,393,2388,100.0,38.74,23.3103,86
60,87,-0.0018,-0.0002,100.0,518.67,643.16,1589.59,1410.81,14.62,21.61,553.66,2388.05,9056.42,1.3,47.48,521.13,2388.09,8138.93,8.4121,0.03,393,2388,100.0,38.83,23.3153,85
60,88,0.0013,0.0003,100.0,518.67,642.81,1589.63,1407.24,14.62,21.61,553.92,2388.09,9065.87,1.3,47.38,521.59,2388.1,8137.13,8.4232,0.03,393,2388,100.0,38.73,23.3286,84
60,89,-0.0,-0.0002,100.0,518.67,642.3,1603.74,1410.34,14.62,21.61,553.11,2388.1,9057.85,1.3,47.7,521.02,2388.04,8139.62,8.3921,0.03,393,2388,100.0,38.74,23.2692,83
60,90,-0.0011,-0.0004,100.0,518.67,642.69,1590.54,1404.47,14.62,21.61,554.29,2388.09,9064.83,1.3,47.36,521.1,2388.06,8138.28,8.4537,0.03,393,2388,100.0,38.8,23.2696,82
60,91,-0.0041,-0.0001,100.0,518.67,642.86,1588.89,1403.53,14.62,21.61,553.11,2388.08,9058.69,1.3,47.51,522.05,2388.1,8140.36,8.4689,0.03,392,2388,100.0,38.68,23.2542,81
60,92,0.0003,-0.0002,100.0,518.67,643.35,1592.58,1405.79,14.62,21.61,553.76,2388.09,9061.21,1.3,47.67,521.44,2388.08,8139.29,8.4545,0.03,394,2388,100.0,38.71,23.3524,80
60,93,-0.001,0.0001,100.0,518.67,642.54,1582.42,1406.59,14.62,21.61,553.78,2388.08,9060.35,1.3,47.43,521.13,2388.06,8142.24,8.4475,0.03,393,2388,100.0,38.85,23.3505,79
60,94,0.0021,-0.0,100.0,518.67,642.5,1587.1,1412.45,14.62,21.61,553.5,2388.06,9065.0,1.3,47.44,521.75,2388.12,8139.16,8.469,0.03,393,2388,100.0,38.87,23.102,78
60,95,-0.0006,0.0001,100.0,518.67,642.51,1591.07,1407.51,14.62,21.61,554.12,2388.14,9059.89,1.3,47.6,521.27,2388.11,8138.14,8.4657,0.03,393,2388,100.0,38.81,23.3185,77
60,96,0.0009,-0.0004,100.0,518.67,642.72,1589.67,1415.13,14.62,21.61,553.77,2388.11,9059.38,1.3,47.31,521.71,2388.07,8143.32,8.462,0.03,393,2388,100.0,38.77,23.2764,76
60,97,-0.0004,0.0,100.0,518.67,642.36,1589.06,1412.54,14.62,21.61,553.23,2388.1,9062.67,1.3,47.57,521.33,2388.08,8135.55,8.4645,0.03,394,2388,100.0,38.7,23.2482,75
60,98,0.0017,-0.0002,100.0,518.67,642.68,1586.01,1416.64,14.62,21.61,553.34,2388.1,9064.94,1.3,47.54,521.31,2388.06,8143.74,8.4774,0.03,394,2388,100.0,38.67,23.2896,74
60,99,0.0029,-0.0004,100.0,518.67,642.71,1589.22,1412.3,14.62,21.61,553.2,2388.12,9066.58,1.3,47.56,521.51,2388.14,8142.74,8.4628,0.03,394,2388,100.0,38.84,23.3365,73
60,100,-0.0001,-0.0003,100.0,518.67,642.47,1587.22,1407.08,14.62,21.61,553.25,2388.1,9067.84,1.3,47.59,521.37,2388.07,8144.33,8.4418,0.03,393,2388,100.0,38.67,23.2864,72
60,101,0.0035,-0.0004,100.0,518.67,643.24,1590.59,1409.48,14.62,21.61,552.7,2388.03,9065.84,1.3,47.36,521.43,2388.1,8139.76,8.4569,0.03,394,2388,100.0,38.87,23.2161,71
60,102,-0.0023,-0.0005,100.0,518.67,643.19,1583.86,1409.59,14.62,21.61,553.27,2388.13,9060.29,1.3,47.67,521.5,2388.08,8138.59,8.4491,0.03,393,2388,100.0,38.89,23.2671,70
60,103,0.0001,-0.0002,100.0,518.67,642.5,1597.45,1413.69,14.62,21.61,553.89,2388.1,9071.12,1.3,47.63,521.35,2388.06,8142.19,8.4503,0.03,393,2388,100.0,38.8,23.3327,69
60,104,-0.0005,0.0,100.0,518.67,642.63,1595.18,1412.56,14.62,21.61,553.37,2388.09,9068.25,1.3,47.53,521.72,2388.14,8140.31,8.4723,0.03,395,2388,100.0,38.58,23.3522,68
60,105,0.0002,-0.0003,100.0,518.67,642.58,1593.8,1414.52,14.62,21.61,553.57,2388.05,9064.91,1.3,47.59,521.19,2388.11,8143.25,8.4567,0.03,392,2388,100.0,38.91,23.3025,67
60,106,-0.0017,0.0001,100.0,518.67,642.21,1588.56,1413.47,14.62,21.61,553.06,2388.13,9072.36,1.3,47.68,521.5,2388.13,8147.95,8.4554,0.03,393,2388,100.0,38.89,23.3917,66
60,107,-0.0017,0.0002,100.0,518.67,642.6,1591.71,1401.65,14.62,21.61,553.49,2388.09,9066.61,1.3,47.52,521.64,2388.08,8145.04,8.4336,0.03,392,2388,100.0,38.71,23.2783,65
60,108,0.0024,-0.0004,100.0,518.67,642.95,1587.13,1406.0,14.62,21.61,553.06,2388.09,9067.16,1.3,47.57,520.86,2388.1,8142.88,8.4256,0.03,393,2388,100.0,38.75,23.3807,64
60,109,-0.0016,-0.0006,100.0,518.67,642.29,1591.57,1413.09,14.62,21.61,552.92,2388.11,9069.02,1.3,47.56,521.27,2388.09,8136.18,8.4354,0.03,394,2388,100.0,38.89,23.3013,63
60,110,0.0022,-0.0002,100.0,518.67,642.54,1594.34,1402.25,14.62,21.61,552.79,2388.09,9059.85,1.3,47.59,521.5,2388.04,8140.39,8.4388,0.03,393,2388,100.0,38.97,23.3262,62
60,111,-0.0022,-0.0001,100.0,518.67,643.16,1594.15,1412.5,14.62,21.61,553.75,2388.11,9066.8,1.3,47.41,521.78,2388.15,8140.97,8.4483,0.03,395,2388,100.0,38.79,23.3958,61
60,112,-0.0014,-0.0002,100.0,518.67,643.11,1591.99,1407.55,14.62,21.61,553.35,2388.11,9061.1,1.3,47.58,521.3,2388.09,8140.43,8.4796,0.03,394,2388,100.0,38.66,23.3286,60
60,113,0.0049,-0.0,100.0,518.67,642.45,1592.23,1406.55,14.62,21.61,552.96,2388.12,9070.94,1.3,47.65,521.51,2388.12,8148.18,8.4517,0.03,394,2388,100.0,38.73,23.4086,59
60,114,0.0011,-0.0002,100.0,518.67,642.69,1594.03,1409.34,14.62,21.61,552.43,2388.14,9063.61,1.3,47.56,521.01,2388.12,8150.42,8.4547,0.03,393,2388,100.0,38.79,23.2735,58
60,115,-0.0017,-0.0003,100.0,518.67,642.8,1591.34,1407.75,14.62,21.61,553.42,2388.11,9063.33,1.3,47.54,521.16,2388.09,8141.3,8.4102,0.03,394,2388,100.0,38.9,23.3267,57
60,116,-0.0005,0.0001,100.0,518.67,643.24,1592.96,1410.35,14.62,21.61,553.12,2388.07,9062.71,1.3,47.55,521.38,2388.11,8144.59,8.4696,0.03,393,2388,100.0,38.75,23.2716,56
60,117,-0.0022,-0.0003,100.0,518.67,643.09,1587.04,1416.93,14.62,21.61,552.95,2388.1,9068.04,1.3,47.6,521.15,2388.09,8151.99,8.4731,0.03,393,2388,100.0,38.85,23.2779,55
60,118,0.001,-0.0005,100.0,518.67,643.1,1598.22,1409.86,14.62,21.61,552.96,2388.15,9073.95,1.3,47.55,521.1,2388.14,8148.26,8.4662,0.03,395,2388,100.0,38.82,23.3381,54
60,119,0.0031,-0.0005,100.0,518.67,642.93,1601.9,1411.48,14.62,21.61,553.42,2388.04,9068.71,1.3,47.84,521.26,2388.07,8145.54,8.449,0.03,393,2388,100.0,38.77,23.3238,53
60,120,-0.0001,0.0003,100.0,518.67,642.95,1589.43,1414.06,14.62,21.61,552.7,2388.09,9079.02,1.3,47.4,521.5,2388.11,8148.74,8.4353,0.03,396,2388,100.0,38.75,23.2008,52
60,121,-0.0029,-0.0003,100.0,518.67,642.34,1595.83,1412.15,14.62,21.61,553.35,2388.09,9081.15,1.3,47.65,520.92,2388.08,8149.56,8.4781,0.03,393,2388,100.0,38.71,23.3712,51
60,122,-0.0007,-0.0006,100.0,518.67,642.32,1583.33,1420.57,14.62,21.61,552.62,2388.1,9071.54,1.3,47.51,521.25,2388.08,8154.03,8.4488,0.03,394,2388,100.0,38.75,23.2756,50
60,123,-0.001,-0.0002,100.0,518.67,643.41,1594.83,1414.63,14.62,21.61,552.77,2388.09,9070.42,1.3,47.66,521.18,2388.07,8151.39,8.465,0.03,393,2388,100.0,38.86,23.2641,49
60,124,-0.001,0.0001,100.0,518.67,643.54,1594.6,1418.02,14.62,21.61,553.64,2388.07,9066.29,1.3,47.57,521.22,2388.12,8142.68,8.4651,0.03,394,2388,100.0,38.63,23.1732,48
60,125,0.004,0.0001,100.0,518.67,643.0,1587.03,1414.03,14.62,21.61,552.89,2388.1,9069.48,1.3,47.78,521.43,2388.14,8149.79,8.4778,0.03,394,2388,100.0,38.86,23.2735,47
60,126,-0.0005,-0.0005,100.0,518.67,642.73,1592.98,1417.84,14.62,21.61,552.97,2388.1,9074.16,1.3,47.53,521.12,2388.1,8147.97,8.4656,0.03,394,2388,100.0,38.73,23.2664,46
60,127,0.0013,0.0003,100.0,518.67,643.08,1591.67,1408.61,14.62,21.61,552.61,2388.11,9078.07,1.3,47.69,521.15,2388.06,8151.14,8.4479,0.03,394,2388,100.0,38.71,23.263,45
60,128,-0.0002,0.0001,100.0,518.67,642.52,1591.75,1412.43,14.62,21.61,552.97,2388.1,9072.21,1.3,47.71,520.5,2388.1,8154.93,8.4591,0.03,393,2388,100.0,38.58,23.2718,44
60,129,0.0016,0.0004,100.0,518.67,642.64,1591.77,1414.79,14.62,21.61,552.7,2388.12,9082.96,1.3,47.83,521.19,2388.12,8145.85,8.4318,0.03,394,2388,100.0,38.68,23.2551,43
60,130,-0.0023,-0.0002,100.0,518.67,643.19,1592.78,1418.57,14.62,21.61,552.43,2388.14,9078.88,1.3,47.88,520.72,2388.07,8154.65,8.4593,0.03,394,2388,100.0,38.61,23.2274,42
60,131,0.0004,0.0,100.0,518.67,643.08,1594.65,1413.4,14.62,21.61,552.41,2388.12,9070.41,1.3,47.61,520.73,2388.11,8154.15,8.4571,0.03,394,2388,100.0,38.77,23.2466,41
60,132,0.003,-0.0002,100.0,518.67,643.45,1595.35,1411.76,14.62,21.61,552.82,2388.11,9076.56,1.3,47.92,520.98,2388.08,8150.35,8.4639,0.03,393,2388,100.0,38.67,23.1271,40
60,133,0.0035,0.0003,100.0,518.67,643.27,1596.23,1410.27,14.62,21.61,552.75,2388.12,9081.53,1.3,47.7,521.03,2388.15,8155.87,8.5138,0.03,394,2388,100.0,38.64,23.2095,39
60,134,-0.0035,0.0002,100.0,518.67,642.97,1590.9,1419.92,14.62,21.61,552.62,2388.1,9082.52,1.3,47.56,520.64,2388.13,8153.1,8.4321,0.03,395,2388,100.0,38.68,23.176,38
60,135,-0.0012,0.0,100.0,518.67,643.45,1589.47,1411.56,14.62,21.61,553.02,2388.05,9075.08,1.3,48.04,520.92,2388.16,8156.57,8.4498,0.03,393,2388,100.0,38.69,23.2795,37
60,136,-0.004,0.0,100.0,518.67,643.23,1586.91,1415.23,14.62,21.61,552.87,2388.14,9084.62,1.3,47.83,521.04,2388.18,8157.9,8.4507,0.03,395,2388,100.0,38.66,23.0745,36
60,137,0.0016,0.0001,100.0,518.67,642.89,1592.32,1415.1,14.62,21.61,552.57,2388.14,9080.7,1.3,47.69,521.2,2388.11,8159.6,8.4793,0.03,395,2388,100.0,38.81,23.2652,35
60,138,0.0022,-0.0001,100.0,518.67,642.87,1595.57,1410.28,14.62,21.61,552.78,2388.16,9081.8,1.3,47.78,521.15,2388.09,8163.67,8.4557,0.03,393,2388,100.0,38.72,23.3655,34
60,139,-0.0044,-0.0002,100.0,518.67,643.35,1596.72,1412.09,14.62,21.61,553.33,2388.09,9086.93,1.3,47.83,520.85,2388.09,8162.52,8.4402,0.03,395,2388,100.0,38.79,23.2684,33
60,140,0.0003,0.0003,100.0,518.67,643.25,1599.01,1417.27,14.62,21.61,552.82,2388.14,9085.72,1.3,47.68,520.56,2388.12,8162.78,8.477,0.03,394,2388,100.0,38.68,23.2201,32
60,141,0.0026,-0.0,100.0,518.67,642.84,1599.81,1414.42,14.62,21.61,553.38,2388.18,9089.78,1.3,47.92,521.09,2388.14,8164.4,8.4785,0.03,394,2388,100.0,38.71,23.2168,31
60,142,-0.0042,0.0004,100.0,518.67,642.92,1600.22,1415.97,14.62,21.61,552.8,2388.17,9091.71,1.3,47.72,520.72,2388.14,8167.46,8.4789,0.03,394,2388,100.0,38.63,23.3223,30
60,143,0.0013,-0.0005,100.0,518.67,643.15,1599.66,1420.32,14.62,21.61,553.24,2388.11,9083.81,1.3,47.7,520.72,2388.11,8170.9,8.4854,0.03,394,2388,100.0,38.67,23.2419,29
60,144,-0.0023,-0.0002,100.0,518.67,643.13,1597.01,1419.5,14.62,21.61,552.61,2388.13,9092.82,1.3,47.83,520.99,2388.09,8167.19,8.4966,0.03,393,2388,100.0,38.68,23.2181,28
60,145,0.0029,-0.0003,100.0,518.67,642.95,1595.3,1418.11,14.62,21.61,552.2,2388.08,9084.96,1.3,47.8,520.16,2388.14,8165.27,8.4605,0.03,394,2388,100.0,38.7,23.1871,27
60,146,0.0017,-0.0002,100.0,518.67,643.42,1595.04,1421.76,14.62,21.61,552.32,2388.13,9090.33,1.3,47.95,520.93,2388.15,8163.97,8.4472,0.03,396,2388,100.0,38.77,23.0987,26
60,147,-0.0019,0.0001,100.0,518.67,643.14,1595.7,1422.39,14.62,21.61,552.09,2388.14,9092.48,1.3,47.65,520.38,2388.14,8167.19,8.4745,0.03,396,2388,100.0,38.67,23.2111,25
60,148,-0.0018,-0.0002,100.0,518.67,643.12,1598.39,1419.37,14.62,21.61,553.0,2388.15,9092.06,1.3,47.83,521.51,2388.08,8161.39,8.4484,0.03,396,2388,100.0,38.79,23.1724,24
60,149,0.0026,-0.0001,100.0,518.67,643.65,1598.24,1418.29,14.62,21.61,552.7,2388.14,9097.14,1.3,47.94,520.36,2388.1,8169.98,8.4778,0.03,395,2388,100.0,38.56,23.2713,23
60,150,0.0005,-0.0005,100.0,518.67,643.57,1595.96,1416.97,14.62,21.61,552.07,2388.1,9096.81,1.3,47.98,520.33,2388.09,8167.22,8.4712,0.03,394,2388,100.0,38.65,23.0672,22
60,151,0.0027,0.0002,100.0,518.67,643.53,1603.99,1413.38,14.62,21.61,551.8,2388.14,9099.0,1.3,47.89,521.06,2388.11,8166.84,8.4844,0.03,395,2388,100.0,38.59,23.0649,21
60,152,-0.0012,-0.0004,100.0,518.67,642.71,1601.85,1426.08,14.62,21.61,552.42,2388.09,9099.68,1.3,47.83,520.1,2388.1,8168.32,8.4716,0.03,396,2388,100.0,38.53,23.1546,20
60,153,0.003,-0.0004,100.0,518.67,643.24,1598.63,1414.98,14.62,21.61,551.85,2388.14,9105.46,1.3,47.8,520.06,2388.12,8168.66,8.4573,0.03,395,2388,100.0,38.54,23.1331,19
60,154,0.0022,-0.0002,100.0,518.67,642.9,1600.59,1421.96,14.62,21.61,552.18,2388.16,9101.43,1.3,47.9,520.66,2388.13,8168.13,8.4994,0.03,395,2388,100.0,38.41,23.1594,18
60,155,-0.0041,0.0002,100.0,518.67,643.15,1595.63,1420.77,14.62,21.61,551.36,2388.15,9105.2,1.3,47.85,520.88,2388.13,8175.24,8.5067,0.03,395,2388,100.0,38.69,23.2001,17
60,156,0.0037,-0.0001,100.0,518.67,643.43,1601.63,1412.51,14.62,21.61,552.84,2388.13,9106.37,1.3,47.86,520.13,2388.17,8173.69,8.4705,0.03,395,2388,100.0,38.58,23.1307,16
60,157,-0.0005,-0.0004,100.0,518.67,644.37,1595.33,1416.67,14.62,21.61,551.55,2388.14,9105.62,1.3,48.02,520.14,2388.18,8177.95,8.5038,0.03,396,2388,100.0,38.67,23.0836,15
60,158,-0.0017,0.0,100.0,518.67,643.24,1603.2,1422.86,14.62,21.61,552.14,2388.16,9102.78,1.3,47.96,520.34,2388.17,8176.0,8.527,0.03,395,2388,100.0,38.59,23.1506,14
60,159,-0.0021,-0.0004,100.0,518.67,643.82,1597.65,1420.06,14.62,21.61,551.58,2388.15,9117.25,1.3,48.01,520.52,2388.13,8188.93,8.5194,0.03,394,2388,100.0,38.52,23.0807,13
60,160,0.0013,-0.0005,100.0,518.67,643.75,1599.06,1423.18,14.62,21.61,552.83,2388.16,9111.12,1.3,48.21,519.84,2388.19,8180.69,8.4952,0.03,395,2388,100.0,38.57,23.1486,12
60,161,0.0026,-0.0001,100.0,518.67,643.61,1596.16,1424.31,14.62,21.61,551.76,2388.15,9113.99,1.3,48.05,520.19,2388.22,8188.23,8.507,0.03,398,2388,100.0,38.7,23.0713,11
60,162,-0.0003,0.0001,100.0,518.67,643.56,1597.76,1426.7,14.62,21.61,551.86,2388.17,9110.25,1.3,48.01,520.49,2388.14,8183.55,8.515,0.03,396,2388,100.0,38.54,23.1078,10
60,163,0.0006,-0.0003,100.0,518.67,643.67,1603.32,1421.99,14.62,21.61,552.21,2388.19,9118.62,1.3,47.96,520.12,2388.16,8189.02,8.5415,0.03,396,2388,100.0,38.4,23.1444,9
60,164,-0.0006,0.0003,100.0,518.67,643.44,1600.31,1424.57,14.62,21.61,551.36,2388.16,9116.28,1.3,48.0,519.82,2388.16,8185.82,8.532,0.03,397,2388,100.0,38.5,23.113,8
60,165,-0.0012,-0.0005,100.0,518.67,643.43,1601.09,1425.62,14.62,21.61,552.69,2388.16,9119.65,1.3,48.19,520.61,2388.16,8191.59,8.5099,0.03,397,2388,100.0,38.45,23.0497,7
60,166,0.0012,0.0002,100.0,518.67,643.36,1606.08,1426.33,14.62,21.61,551.7,2388.11,9123.57,1.3,48.08,520.51,2388.18,8192.94,8.4909,0.03,395,2388,100.0,38.39,23.0767,6
60,167,0.0025,0.0001,100.0,518.67,643.25,1599.64,1431.86,14.62,21.61,551.67,2388.18,9127.94,1.3,47.91,520.02,2388.18,8197.31,8.5475,0.03,396,2388,100.0,38.44,23.0666,5
60,168,-0.0013,-0.0005,100.0,518.67,643.27,1605.39,1424.66,14.62,21.61,551.99,2388.19,9120.77,1.3,48.07,519.95,2388.18,8194.39,8.5478,0.03,394,2388,100.0,38.43,23.0102,4
60,169,-0.0002,-0.0005,100.0,518.67,643.0,1604.8,1427.89,14.62,21.61,551.78,2388.21,9132.96,1.3,47.96,519.55,2388.22,8201.01,8.5028,0.03,394,2388,100.0,38.4,23.0611,3
60,170,0.0038,-0.0004,100.0,518.67,643.52,1605.43,1428.3,14.62,21.61,552.02,2388.19,9131.61,1.3,48.26,520.38,2388.23,8201.18,8.5246,0.03,395,2388,100.0,38.56,23.0791,2
60,171,-0.0013,-0.0005,100.0,518.67,643.9,1599.63,1424.11,14.62,21.61,551.35,2388.17,9144.09,1.3,48.19,519.53,2388.17,8200.31,8.52,0.03,397,2388,100.0,38.41,23.0279,1
60,172,-0.0005,0.0004,100.0,518.67,643.62,1605.19,1434.09,14.62,21.61,551.21,2388.18,9141.47,1.3,48.04,520.44,2388.22,8205.47,8.5322,0.03,396,2388,100.0,38.23,22.954,0
61,1,-0.0006,0.0005,100.0,518.67,641.89,1582.05,1399.41,14.62,21.61,554.88,2387.98,9063.7,1.3,47.15,522.36,2388.01,8140.09,8.3703,0.03,391,2388,100.0,39.27,23.4459,184
61,2,0.0001,0.0004,100.0,518.67,641.79,1578.38,1397.21,14.62,21.61,554.86,2387.97,9064.77,1.3,47.45,522.39,2387.95,8146.75,8.4195,0.03,391,2388,100.0,38.99,23.51,183
61,3,-0.0006,-0.0002,100.0,518.67,641.83,1584.92,1394.93,14.62,21.61,555.18,2387.97,9067.64,1.3,47.1,522.39,2388.03,8146.4,8.3592,0.03,392,2388,100.0,39.16,23.3222,182
61,4,-0.0041,0.0002,100.0,518.67,642.0,1584.04,1396.35,14.62,21.61,554.65,2388.0,9054.69,1.3,47.17,522.12,2387.99,8145.1,8.4005,0.03,390,2388,100.0,39.07,23.5221,181
61,5,0.0005,0.0001,100.0,518.67,642.12,1584.25,1395.61,14.62,21.61,554.74,2387.99,9065.42,1.3,47.34,522.6,2388.07,8146.28,8.4133,0.03,392,2388,100.0,39.07,23.3733,180
61,6,0.0017,-0.0002,100.0,518.67,642.27,1585.73,1396.52,14.62,21.61,555.11,2387.97,9062.54,1.3,47.3,522.57,2387.94,8140.21,8.4128,0.03,391,2388,100.0,38.99,23.4047,179
61,7,0.0005,-0.0003,100.0,518.67,642.23,1593.23,1400.51,14.62,21.61,554.66,2387.98,9057.02,1.3,47.07,522.69,2387.93,8145.9,8.385,0.03,391,2388,100.0,39.16,23.4766,178
61,8,-0.0016,-0.0,100.0,518.67,642.01,1585.31,1387.62,14.62,21.61,554.06,2387.92,9061.52,1.3,47.05,522.24,2387.96,8139.74,8.4177,0.03,392,2388,100.0,39.14,23.4355,177
61,9,0.0014,-0.0002,100.0,518.67,641.74,1582.42,1393.68,14.62,21.61,554.63,2388.03,9066.54,1.3,47.21,522.42,2388.03,8140.7,8.3747,0.03,391,2388,100.0,39.08,23.3879,176
61,10,-0.0011,-0.0004,100.0,518.67,642.0,1580.05,1391.52,14.62,21.61,554.61,2387.96,9059.7,1.3,46.95,522.99,2387.93,8146.36,8.38,0.03,390,2388,100.0,39.21,23.5685,175
61,11,-0.0037,-0.0004,100.0,518.67,642.05,1575.01,1401.0,14.62,21.6,554.23,2387.97,9056.57,1.3,47.01,523.0,2388.03,8140.96,8.3805,0.03,392,2388,100.0,38.96,23.3606,174
61,12,-0.0015,0.0,100.0,518.67,642.55,1587.68,1395.53,14.62,21.61,554.7,2388.0,9057.47,1.3,47.15,522.36,2387.97,8142.87,8.3746,0.03,392,2388,100.0,39.08,23.4503,173
61,13,0.0023,-0.0003,100.0,518.67,642.31,1585.1,1397.64,14.62,21.61,553.9,2387.98,9061.94,1.3,47.25,522.13,2388.03,8145.51,8.4255,0.03,392,2388,100.0,39.07,23.4047,172
61,14,-0.001,0.0002,100.0,518.67,641.96,1587.93,1400.13,14.62,21.61,555.1,2388.0,9064.92,1.3,47.1,522.07,2387.95,8143.47,8.3739,0.03,391,2388,100.0,39.26,23.4843,171
61,15,-0.0024,0.0003,100.0,518.67,642.0,1585.8,1397.46,14.62,21.61,554.76,2387.98,9058.39,1.3,47.26,522.11,2388.01,8141.88,8.3552,0.03,391,2388,100.0,39.1,23.4815,170
61,16,0.0011,0.0002,100.0,518.67,641.89,1581.62,1397.98,14.62,21.61,554.14,2388.03,9065.41,1.3,47.12,522.91,2387.95,8144.4,8.4071,0.03,391,2388,100.0,39.04,23.4515,169
61,17,-0.0032,0.0002,100.0,518.67,642.53,1586.79,1396.9,14.62,21.61,554.42,2387.94,9063.86,1.3,47.27,522.88,2387.99,8144.65,8.4034,0.03,390,2388,100.0,39.14,23.4869,168
61,18,0.0033,0.0001,100.0,518.67,642.6,1575.71,1396.89,14.62,21.61,555.31,2387.98,9060.89,1.3,46.88,522.61,2387.99,8153.12,8.3795,0.03,389,2388,100.0,39.07,23.3292,167
61,19,0.0024,-0.0005,100.0,518.67,641.74,1582.14,1395.31,14.62,21.61,555.05,2388.01,9064.97,1.3,46.97,522.42,2387.99,8142.43,8.3878,0.03,390,2388,100.0,39.14,23.4077,166
61,20,-0.0007,-0.0005,100.0,518.67,641.97,1587.01,1391.93,14.62,21.61,555.09,2388.08,9057.3,1.3,47.2,522.19,2388.0,8141.07,8.4138,0.03,390,2388,100.0,39.08,23.3209,165
61,21,0.0026,-0.0004,100.0,518.67,642.09,1582.89,1393.75,14.62,21.61,554.28,2388.07,9057.04,1.3,46.94,522.2,2388.0,8142.87,8.3585,0.03,391,2388,100.0,39.18,23.4199,164
61,22,0.0013,-0.0001,100.0,518.67,642.7,1581.77,1395.37,14.62,21.61,555.13,2387.93,9058.36,1.3,47.15,522.7,2388.02,8145.08,8.3578,0.03,390,2388,100.0,38.94,23.4023,163
61,23,0.0037,0.0004,100.0,518.67,641.81,1580.59,1404.09,14.62,21.61,554.78,2388.01,9065.9,1.3,47.27,523.13,2387.98,8145.57,8.3866,0.03,390,2388,100.0,38.93,23.4079,162
61,24,-0.0015,-0.0005,100.0,518.67,641.85,1577.6,1397.46,14.62,21.61,554.63,2388.0,9066.97,1.3,47.08,522.76,2387.95,8149.13,8.4012,0.03,390,2388,100.0,39.14,23.4993,161
61,25,-0.0005,-0.0005,100.0,518.67,641.85,1578.67,1396.31,14.62,21.61,555.86,2387.96,9064.74,1.3,47.26,523.12,2388.02,8141.9,8.3949,0.03,392,2388,100.0,39.16,23.3639,160
61,26,0.0011,0.0,100.0,518.67,642.24,1583.09,1399.38,14.62,21.6,553.89,2388.02,9062.13,1.3,47.11,522.1,2387.98,8141.34,8.4021,0.03,392,2388,100.0,39.08,23.4386,159
61,27,-0.003,-0.0001,100.0,518.67,642.25,1581.72,1396.4,14.62,21.61,554.33,2388.02,9067.63,1.3,47.18,522.15,2388.0,8147.11,8.3937,0.03,392,2388,100.0,39.16,23.5115,158
61,28,0.0011,-0.0,100.0,518.67,641.91,1582.38,1391.54,14.62,21.61,554.47,2387.99,9062.91,1.3,47.2,522.52,2387.97,8143.83,8.402,0.03,390,2388,100.0,39.13,23.4566,157
61,29,0.0023,0.0001,100.0,518.67,641.79,1575.95,1396.08,14.62,21.61,554.18,2388.01,9067.56,1.3,47.06,522.49,2387.99,8143.03,8.4149,0.03,392,2388,100.0,39.05,23.4149,156
61,30,0.0001,0.0001,100.0,518.67,642.08,1585.37,1401.37,14.62,21.6,554.43,2388.01,9063.39,1.3,47.05,522.98,2388.01,8151.15,8.3939,0.03,392,2388,100.0,38.96,23.4509,155
61,31,-0.0013,-0.0002,100.0,518.67,642.33,1585.71,1396.31,14.62,21.61,554.58,2388.03,9060.66,1.3,47.18,522.75,2388.01,8148.15,8.3444,0.03,391,2388,100.0,39.02,23.375,154
61,32,-0.0032,-0.0,100.0,518.67,642.28,1583.93,1398.32,14.62,21.61,554.3,2387.98,9069.6,1.3,47.24,522.52,2387.97,8148.58,8.3807,0.03,393,2388,100.0,39.19,23.3665,153
61,33,0.0015,-0.0001,100.0,518.67,642.21,1590.48,1392.19,14.62,21.61,555.39,2387.97,9071.34,1.3,47.13,522.78,2387.96,8148.23,8.3923,0.03,391,2388,100.0,39.02,23.5131,152
61,34,-0.0042,-0.0002,100.0,518.67,641.99,1584.07,1403.92,14.62,21.6,554.38,2388.0,9065.63,1.3,47.15,522.54,2387.96,8141.86,8.4201,0.03,390,2388,100.0,39.11,23.4399,151
61,35,-0.0002,-0.0005,100.0,518.67,642.07,1587.29,1389.4,14.62,21.61,554.25,2388.01,9062.01,1.3,47.15,521.72,2388.01,8141.98,8.3906,0.03,391,2388,100.0,39.23,23.332,150
61,36,0.0032,-0.0005,100.0,518.67,642.39,1584.89,1396.22,14.62,21.61,554.54,2388.01,9065.36,1.3,47.04,522.61,2387.97,8148.56,8.3573,0.03,391,2388,100.0,39.31,23.5103,149
61,37,-0.0008,0.0,100.0,518.67,642.13,1581.72,1393.46,14.62,21.61,554.3,2388.01,9070.21,1.3,47.26,522.18,2387.98,8146.35,8.4442,0.03,391,2388,100.0,39.02,23.4485,148
61,38,0.0048,-0.0004,100.0,518.67,641.21,1589.07,1394.77,14.62,21.61,554.33,2387.97,9065.17,1.3,47.14,522.35,2388.01,8142.68,8.3642,0.03,392,2388,100.0,38.97,23.4614,147
61,39,0.0041,0.0001,100.0,518.67,642.09,1584.27,1393.72,14.62,21.61,555.02,2387.98,9060.8,1.3,47.03,522.37,2388.02,8142.46,8.395,0.03,391,2388,100.0,39.18,23.3393,146
61,40,-0.0035,-0.0002,100.0,518.67,641.85,1583.34,1400.9,14.62,21.6,554.79,2387.93,9060.33,1.3,47.02,522.32,2387.97,8146.48,8.3994,0.03,393,2388,100.0,39.08,23.3248,145
61,41,-0.0037,-0.0005,100.0,518.67,641.97,1587.64,1401.65,14.62,21.61,554.85,2388.0,9063.74,1.3,47.21,522.39,2387.96,8147.77,8.4249,0.03,391,2388,100.0,39.1,23.5359,144
61,42,-0.0017,0.0003,100.0,518.67,641.62,1591.73,1394.91,14.62,21.61,554.25,2387.94,9056.02,1.3,47.18,522.2,2388.02,8143.61,8.3768,0.03,391,2388,100.0,39.19,23.4075,143
61,43,0.0047,0.0001,100.0,518.67,641.91,1589.55,1398.73,14.62,21.61,555.57,2387.96,9072.56,1.3,47.1,522.13,2388.01,8140.65,8.34,0.03,390,2388,100.0,38.9,23.4371,142
61,44,0.0015,-0.0003,100.0,518.67,642.05,1578.17,1401.28,14.62,21.61,555.3,2388.02,9056.16,1.3,47.08,522.38,2388.0,8147.71,8.3719,0.03,391,2388,100.0,38.94,23.4357,141
61,45,-0.0032,-0.0,100.0,518.67,641.65,1586.51,1402.3,14.62,21.61,554.9,2388.0,9061.12,1.3,47.05,522.37,2387.99,8145.58,8.3898,0.03,393,2388,100.0,38.96,23.4382,140
61,46,-0.0018,-0.0004,100.0,518.67,642.19,1588.03,1402.73,14.62,21.61,554.57,2388.0,9062.32,1.3,46.86,522.74,2387.98,8142.09,8.3876,0.03,392,2388,100.0,39.05,23.3767,139
61,47,0.0022,-0.0004,100.0,518.67,641.67,1588.11,1403.35,14.62,21.61,554.74,2387.99,9063.26,1.3,47.18,522.27,2387.99,8141.56,8.4041,0.03,392,2388,100.0,38.94,23.382,138
61,48,-0.0001,0.0003,100.0,518.67,641.84,1581.37,1405.84,14.62,21.61,554.26,2388.04,9062.75,1.3,47.06,522.56,2388.02,8146.37,8.3623,0.03,390,2388,100.0,38.84,23.3452,137
61,49,0.0007,-0.0002,100.0,518.67,641.76,1588.59,1399.53,14.62,21.61,554.41,2388.0,9058.58,1.3,47.16,522.28,2387.95,8143.24,8.3832,0.03,390,2388,100.0,39.03,23.4995,136
61,50,0.0022,0.0,100.0,518.67,642.18,1582.93,1399.9,14.62,21.61,554.42,2388.04,9058.16,1.3,47.08,522.25,2388.01,8136.16,8.3822,0.03,391,2388,100.0,39.41,23.338,135
61,51,-0.0007,-0.0002,100.0,518.67,641.99,1579.3,1393.16,14.62,21.61,554.59,2387.96,9053.83,1.3,47.22,522.21,2388.04,8139.89,8.4142,0.03,392,2388,100.0,39.1,23.4035,134
61,52,-0.0029,-0.0003,100.0,518.67,641.86,1580.56,1392.33,14.62,21.61,554.23,2388.0,9068.06,1.3,47.22,521.84,2388.02,8145.85,8.365,0.03,391,2388,100.0,39.01,23.4896,133
61,53,0.0007,-0.0003,100.0,518.67,642.47,1586.23,1388.09,14.62,21.61,554.15,2387.94,9061.41,1.3,47.17,522.04,2387.96,8144.01,8.3936,0.03,393,2388,100.0,38.95,23.5414,132
61,54,-0.0001,0.0002,100.0,518.67,642.38,1586.48,1396.48,14.62,21.61,555.23,2388.04,9056.31,1.3,46.95,522.49,2387.99,8149.75,8.435,0.03,392,2388,100.0,39.05,23.3583,131
61,55,0.0019,-0.0005,100.0,518.67,641.72,1585.31,1398.49,14.62,21.6,555.09,2387.98,9058.83,1.3,47.09,522.33,2388.04,8143.65,8.4087,0.03,391,2388,100.0,38.92,23.425,130
61,56,0.0013,-0.0003,100.0,518.67,641.93,1590.56,1396.88,14.62,21.61,553.98,2388.02,9060.36,1.3,47.11,521.93,2388.04,8137.38,8.4214,0.03,393,2388,100.0,39.08,23.3475,129
61,57,-0.0015,0.0003,100.0,518.67,642.11,1591.0,1400.87,14.62,21.61,554.46,2387.96,9062.44,1.3,47.31,522.11,2388.03,8145.66,8.3901,0.03,391,2388,100.0,39.15,23.3537,128
61,58,0.0035,0.0003,100.0,518.67,642.38,1577.57,1396.23,14.62,21.61,554.3,2388.06,9052.57,1.3,47.31,522.37,2388.02,8142.76,8.4206,0.03,392,2388,100.0,38.95,23.3917,127
61,59,0.0005,0.0,100.0,518.67,641.83,1578.49,1399.7,14.62,21.6,554.14,2388.03,9060.23,1.3,47.28,522.14,2387.99,8139.62,8.376,0.03,393,2388,100.0,39.1,23.372,126
61,60,0.0003,0.0,100.0,518.67,642.02,1589.47,1397.64,14.62,21.61,554.26,2387.96,9060.38,1.3,47.02,522.3,2387.97,8146.46,8.3747,0.03,391,2388,100.0,38.98,23.3717,125
61,61,-0.0014,-0.0003,100.0,518.67,641.75,1586.87,1396.24,14.62,21.61,553.33,2387.96,9057.46,1.3,47.06,522.47,2387.99,8144.95,8.4035,0.03,391,2388,100.0,38.95,23.2719,124
61,62,-0.0034,-0.0002,100.0,518.67,641.97,1586.62,1400.16,14.62,21.61,554.32,2388.06,9057.86,1.3,47.34,522.25,2388.05,8142.36,8.3937,0.03,391,2388,100.0,39.08,23.3947,123
61,63,0.0025,0.0003,100.0,518.67,642.33,1578.93,1394.74,14.62,21.6,555.39,2388.03,9055.95,1.3,47.17,522.47,2388.0,8142.41,8.3907,0.03,392,2388,100.0,38.92,23.3971,122
61,64,0.0043,-0.0001,100.0,518.67,641.85,1578.78,1396.47,14.62,21.61,554.03,2388.02,9063.05,1.3,47.03,522.59,2387.97,8147.43,8.3881,0.03,391,2388,100.0,39.13,23.4913,121
61,65,-0.0005,0.0004,100.0,518.67,641.92,1593.04,1400.82,14.62,21.6,554.8,2388.01,9060.45,1.3,47.05,522.58,2388.02,8146.9,8.3848,0.03,391,2388,100.0,39.13,23.4534,120
61,66,-0.0026,0.0004,100.0,518.67,641.82,1579.52,1397.36,14.62,21.61,554.86,2388.06,9057.61,1.3,47.17,522.73,2388.06,8138.87,8.4221,0.03,392,2388,100.0,39.01,23.5495,119
61,67,0.0004,0.0004,100.0,518.67,641.98,1587.95,1401.4,14.62,21.61,554.55,2388.01,9060.32,1.3,47.47,522.46,2388.0,8145.73,8.3937,0.03,391,2388,100.0,38.98,23.451,118
61,68,0.0015,-0.0002,100.0,518.67,642.33,1581.95,1400.42,14.62,21.61,553.83,2388.03,9063.57,1.3,47.1,522.07,2388.01,8140.43,8.4226,0.03,391,2388,100.0,39.12,23.4829,117
61,69,0.0044,-0.0005,100.0,518.67,642.52,1586.61,1403.65,14.62,21.61,553.82,2388.05,9055.67,1.3,47.24,522.22,2388.0,8145.55,8.423,0.03,392,2388,100.0,39.05,23.392,116
61,70,0.0004,-0.0002,100.0,518.67,641.92,1583.42,1397.31,14.62,21.61,554.57,2387.97,9070.17,1.3,47.16,522.01,2387.92,8143.73,8.4042,0.03,391,2388,100.0,39.22,23.4178,115
61,71,-0.0017,0.0001,100.0,518.67,642.07,1585.89,1404.7,14.62,21.61,554.38,2388.01,9057.7,1.3,47.33,522.28,2388.02,8138.03,8.3964,0.03,391,2388,100.0,39.02,23.3521,114
61,72,0.0012,-0.0002,100.0,518.67,641.76,1584.05,1402.17,14.62,21.61,553.74,2388.01,9061.97,1.3,47.18,523.0,2388.0,8145.16,8.4001,0.03,391,2388,100.0,39.08,23.2993,113
61,73,0.001,0.0004,100.0,518.67,642.0,1582.83,1405.02,14.62,21.61,554.5,2388.01,9065.76,1.3,47.2,522.41,2388.03,8145.96,8.4301,0.03,392,2388,100.0,38.96,23.4232,112
61,74,-0.0009,0.0003,100.0,518.67,641.93,1591.63,1400.38,14.62,21.61,554.43,2387.95,9063.02,1.3,47.23,522.68,2387.98,8139.18,8.4179,0.03,390,2388,100.0,38.95,23.3088,111
61,75,-0.0006,0.0004,100.0,518.67,641.81,1578.93,1402.13,14.62,21.61,554.35,2387.96,9060.9,1.3,47.15,522.15,2388.02,8143.92,8.4335,0.03,392,2388,100.0,38.86,23.3315,110
61,76,0.0014,-0.0004,100.0,518.67,641.9,1586.43,1404.36,14.62,21.61,553.85,2388.06,9060.61,1.3,47.28,522.46,2387.96,8142.51,8.4246,0.03,392,2388,100.0,39.05,23.4147,109
61,77,-0.0037,-0.0002,100.0,518.67,642.0,1586.88,1400.62,14.62,21.61,554.98,2387.97,9059.13,1.3,47.28,522.49,2388.04,8139.0,8.4016,0.03,392,2388,100.0,38.95,23.4299,108
61,78,-0.0012,0.0004,100.0,518.67,642.26,1591.1,1396.19,14.62,21.61,554.76,2388.03,9066.6,1.3,47.26,522.05,2387.99,8148.51,8.4035,0.03,392,2388,100.0,38.88,23.3449,107
61,79,0.0007,0.0003,100.0,518.67,642.24,1586.79,1402.17,14.62,21.61,554.68,2388.05,9058.85,1.3,47.27,522.56,2388.0,8138.56,8.3551,0.03,391,2388,100.0,38.86,23.4763,106
61,80,-0.0008,-0.0001,100.0,518.67,641.89,1587.15,1399.65,14.62,21.61,555.12,2388.08,9059.53,1.3,47.24,521.99,2388.04,8142.29,8.4408,0.03,392,2388,100.0,39.03,23.3492,105
61,81,-0.0012,-0.0,100.0,518.67,641.88,1586.76,1400.8,14.62,21.61,554.67,2387.99,9064.49,1.3,47.35,521.86,2388.01,8143.76,8.3919,0.03,391,2388,100.0,38.89,23.4553,104
61,82,-0.0033,0.0004,100.0,518.67,642.8,1574.88,1402.7,14.62,21.61,554.61,2388.02,9058.68,1.3,47.15,522.71,2388.06,8136.11,8.3809,0.03,392,2388,100.0,38.91,23.2813,103
61,83,-0.0014,-0.0003,100.0,518.67,642.04,1583.72,1397.8,14.62,21.6,555.02,2388.04,9061.62,1.3,47.11,521.92,2388.02,8140.37,8.4119,0.03,392,2388,100.0,39.05,23.4335,102
61,84,0.0038,-0.0003,100.0,518.67,642.09,1586.25,1404.03,14.62,21.61,554.27,2388.06,9061.07,1.3,47.22,521.7,2388.01,8139.32,8.4244,0.03,391,2388,100.0,38.96,23.3025,101
61,85,-0.0012,-0.0004,100.0,518.67,642.28,1588.18,1397.96,14.62,21.61,554.18,2388.0,9060.37,1.3,47.23,522.36,2388.05,8138.15,8.4345,0.03,393,2388,100.0,39.0,23.4344,100
61,86,-0.0011,-0.0001,100.0,518.67,642.57,1590.3,1399.43,14.62,21.61,554.58,2388.02,9061.3,1.3,47.32,522.41,2388.08,8147.17,8.3969,0.03,391,2388,100.0,39.03,23.4054,99
61,87,-0.0032,-0.0001,100.0,518.67,642.54,1585.19,1398.61,14.62,21.61,554.57,2388.01,9065.1,1.3,47.24,522.33,2388.01,8142.62,8.4166,0.03,392,2388,100.0,38.99,23.4356,98
61,88,-0.0004,-0.0002,100.0,518.67,642.04,1585.31,1394.35,14.62,21.61,554.33,2387.96,9063.46,1.3,47.33,522.11,2388.02,8144.09,8.43,0.03,392,2388,100.0,38.99,23.4389,97
61,89,-0.0007,-0.0002,100.0,518.67,642.26,1582.51,1396.37,14.62,21.61,554.34,2388.07,9061.86,1.3,47.34,522.23,2388.02,8147.23,8.4174,0.03,392,2388,100.0,39.05,23.4227,96
61,90,0.0011,-0.0003,100.0,518.67,642.21,1587.9,1404.52,14.62,21.61,555.15,2388.03,9058.38,1.3,47.21,522.01,2388.07,8142.93,8.3782,0.03,393,2388,100.0,39.11,23.3875,95
61,91,0.0034,-0.0004,100.0,518.67,642.37,1589.64,1398.29,14.62,21.61,554.21,2388.05,9058.34,1.3,47.18,522.55,2388.04,8139.71,8.41,0.03,393,2388,100.0,38.8,23.3863,94
61,92,0.0002,-0.0002,100.0,518.67,642.0,1587.8,1401.47,14.62,21.61,554.08,2388.04,9058.16,1.3,47.39,522.02,2387.98,8138.77,8.4022,0.03,392,2388,100.0,38.94,23.4212,93
61,93,-0.0011,0.0001,100.0,518.67,642.0,1586.87,1396.28,14.62,21.61,554.15,2388.02,9062.66,1.3,47.2,522.27,2388.05,8143.33,8.413,0.03,390,2388,100.0,38.95,23.4661,92
61,94,-0.0,0.0004,100.0,518.67,642.82,1582.0,1396.38,14.62,21.61,554.18,2388.06,9056.46,1.3,47.37,522.12,2388.03,8141.29,8.4016,0.03,391,2388,100.0,38.98,23.3647,91
61,95,-0.0002,0.0003,100.0,518.67,642.63,1584.47,1398.67,14.62,21.61,554.37,2388.01,9064.19,1.3,47.29,522.04,2388.07,8143.06,8.3972,0.03,392,2388,100.0,39.02,23.4434,90
61,96,0.0016,0.0004,100.0,518.67,641.62,1584.04,1398.23,14.62,21.61,553.98,2388.05,9061.39,1.3,47.28,522.14,2388.05,8138.71,8.4311,0.03,392,2388,100.0,38.97,23.4796,89
61,97,0.0041,-0.0003,100.0,518.67,642.41,1579.94,1399.27,14.62,21.61,554.18,2388.03,9055.66,1.3,47.39,522.04,2388.02,8140.89,8.4489,0.03,391,2388,100.0,38.92,23.3827,88
61,98,0.0008,0.0,100.0,518.67,641.96,1587.57,1398.53,14.62,21.61,555.13,2388.05,9054.43,1.3,47.28,522.49,2388.01,8144.06,8.4185,0.03,393,2388,100.0,39.08,23.4339,87
61,99,-0.001,-0.0,100.0,518.67,642.37,1590.9,1403.36,14.62,21.61,554.38,2388.01,9057.88,1.3,47.17,522.72,2387.99,8141.44,8.369,0.03,391,2388,100.0,39.08,23.4081,86
61,100,0.0014,-0.0003,100.0,518.67,642.69,1578.91,1396.85,14.62,21.61,554.65,2388.04,9057.43,1.3,47.26,522.6,2388.0,8138.07,8.3907,0.03,393,2388,100.0,38.95,23.4197,85
61,101,0.0027,-0.0001,100.0,518.67,642.62,1590.11,1398.84,14.62,21.61,553.96,2388.0,9063.7,1.3,47.37,522.41,2388.09,8142.41,8.4301,0.03,392,2388,100.0,38.9,23.3394,84
61,102,0.0043,-0.0003,100.0,518.67,641.55,1585.13,1402.19,14.62,21.61,553.98,2388.02,9059.86,1.3,47.12,522.54,2388.08,8144.21,8.3845,0.03,394,2388,100.0,38.89,23.4023,83
61,103,0.0001,-0.0002,100.0,518.67,641.96,1588.47,1397.25,14.62,21.61,554.44,2388.02,9058.46,1.3,47.2,522.35,2388.05,8142.43,8.4257,0.03,393,2388,100.0,38.76,23.3521,82
61,104,0.0004,0.0002,100.0,518.67,642.4,1587.35,1397.83,14.62,21.61,554.0,2388.02,9060.36,1.3,47.35,522.57,2388.07,8143.37,8.4298,0.03,393,2388,100.0,39.06,23.3494,81
61,105,0.0044,0.0003,100.0,518.67,641.59,1582.51,1400.92,14.62,21.61,553.74,2388.03,9059.92,1.3,47.26,522.11,2388.05,8141.2,8.4149,0.03,393,2388,100.0,39.05,23.3943,80
61,106,0.0006,-0.0002,100.0,518.67,642.01,1584.72,1404.63,14.62,21.61,554.34,2388.08,9070.63,1.3,47.29,522.42,2388.12,8142.57,8.4242,0.03,391,2388,100.0,38.99,23.4024,79
61,107,-0.0018,0.0002,100.0,518.67,642.56,1577.88,1398.53,14.62,21.6,554.33,2388.02,9058.21,1.3,47.31,521.63,2388.07,8138.82,8.4177,0.03,391,2388,100.0,38.91,23.3566,78
61,108,-0.0032,-0.0004,100.0,518.67,642.41,1585.26,1402.59,14.62,21.61,553.98,2388.05,9060.98,1.3,47.24,522.52,2388.05,8135.48,8.4148,0.03,392,2388,100.0,38.97,23.3691,77
61,109,-0.0008,-0.0003,100.0,518.67,642.25,1585.13,1406.46,14.62,21.61,554.2,2388.0,9056.47,1.3,47.32,522.23,2388.1,8137.84,8.3877,0.03,392,2388,100.0,39.0,23.3645,76
61,110,-0.0001,-0.0001,100.0,518.67,641.52,1587.14,1397.78,14.62,21.61,554.15,2388.03,9052.39,1.3,47.34,521.67,2388.02,8141.59,8.3902,0.03,393,2388,100.0,38.91,23.3898,75
61,111,-0.0003,-0.0004,100.0,518.67,642.64,1587.55,1396.42,14.62,21.61,553.27,2388.02,9060.37,1.3,47.42,521.69,2388.13,8136.84,8.422,0.03,392,2388,100.0,38.92,23.3457,74
61,112,-0.0022,-0.0004,100.0,518.67,642.29,1580.31,1404.73,14.62,21.61,554.96,2388.11,9062.57,1.3,47.16,521.61,2388.1,8138.96,8.4012,0.03,392,2388,100.0,39.0,23.4581,73
61,113,-0.0001,-0.0002,100.0,518.67,642.22,1586.42,1406.71,14.62,21.61,554.41,2388.08,9057.44,1.3,47.41,521.88,2387.99,8144.08,8.4051,0.03,392,2388,100.0,39.07,23.3838,72
61,114,0.0002,0.0,100.0,518.67,642.5,1596.95,1392.25,14.62,21.61,554.26,2388.0,9060.06,1.3,47.5,521.82,2388.03,8138.37,8.4625,0.03,393,2388,100.0,39.21,23.3436,71
61,115,-0.0004,-0.0003,100.0,518.67,642.28,1578.34,1405.75,14.62,21.61,553.99,2388.04,9062.59,1.3,47.26,521.91,2388.02,8135.38,8.4128,0.03,393,2388,100.0,38.88,23.2298,70
61,116,0.0041,0.0,100.0,518.67,642.39,1584.02,1403.28,14.62,21.61,553.7,2388.07,9054.36,1.3,47.28,522.32,2387.99,8135.51,8.4249,0.03,392,2388,100.0,38.87,23.3671,69
61,117,-0.0001,0.0,100.0,518.67,642.48,1589.61,1407.1,14.62,21.61,554.76,2388.14,9058.53,1.3,47.41,522.18,2388.07,8134.54,8.393,0.03,393,2388,100.0,38.81,23.2653,68
61,118,-0.0005,-0.0,100.0,518.67,642.67,1589.2,1399.26,14.62,21.61,553.94,2388.11,9057.38,1.3,47.46,522.57,2388.03,8138.41,8.4027,0.03,394,2388,100.0,38.63,23.3522,67
61,119,0.0053,0.0002,100.0,518.67,642.57,1588.33,1407.42,14.62,21.61,553.86,2388.11,9058.2,1.3,47.32,521.7,2388.07,8136.1,8.4089,0.03,393,2388,100.0,38.95,23.3214,66
61,120,-0.0019,0.0001,100.0,518.67,642.79,1588.86,1403.68,14.62,21.61,553.74,2388.04,9061.98,1.3,47.3,521.67,2388.02,8141.5,8.4048,0.03,393,2388,100.0,38.78,23.4025,65
61,121,0.0027,-0.0001,100.0,518.67,642.54,1586.19,1396.3,14.62,21.61,553.65,2388.08,9057.97,1.3,47.44,521.66,2388.07,8136.01,8.3932,0.03,392,2388,100.0,38.96,23.389,64
61,122,0.0015,-0.0003,100.0,518.67,642.08,1592.66,1398.86,14.62,21.61,553.25,2388.12,9056.11,1.3,47.51,521.85,2388.07,8135.74,8.4072,0.03,393,2388,100.0,39.21,23.3079,63
61,123,0.0053,-0.0002,100.0,518.67,642.79,1580.27,1400.69,14.62,21.61,553.9,2388.05,9058.28,1.3,47.47,521.61,2388.05,8139.27,8.4489,0.03,393,2388,100.0,38.97,23.3207,62
61,124,0.0029,-0.0003,100.0,518.67,642.6,1580.15,1405.36,14.62,21.61,554.68,2388.06,9054.8,1.3,47.35,521.28,2388.08,8131.68,8.3814,0.03,393,2388,100.0,39.08,23.4229,61
61,125,-0.0028,0.0,100.0,518.67,642.25,1590.8,1405.23,14.62,21.61,553.64,2388.07,9048.06,1.3,47.54,521.5,2388.07,8128.0,8.4093,0.03,392,2388,100.0,39.01,23.2626,60
61,126,0.0005,-0.0005,100.0,518.67,642.65,1587.32,1405.49,14.62,21.61,553.57,2388.11,9049.47,1.3,47.52,521.41,2388.07,8141.61,8.4376,0.03,393,2388,100.0,38.96,23.3716,59
61,127,0.0013,-0.0002,100.0,518.67,642.58,1594.83,1409.0,14.62,21.61,553.55,2388.11,9055.58,1.3,47.35,522.25,2388.08,8135.83,8.4251,0.03,392,2388,100.0,38.85,23.3192,58
61,128,-0.0028,-0.0004,100.0,518.67,642.26,1589.29,1401.69,14.62,21.61,553.67,2388.07,9052.42,1.3,47.37,521.8,2388.05,8138.98,8.4726,0.03,392,2388,100.0,39.0,23.2664,57
61,129,-0.0005,0.0002,100.0,518.67,642.43,1587.57,1399.33,14.62,21.61,553.06,2388.08,9053.34,1.3,47.5,521.77,2388.13,8140.65,8.4348,0.03,394,2388,100.0,38.84,23.3223,56
61,130,-0.0008,-0.0001,100.0,518.67,642.41,1585.21,1402.25,14.62,21.61,553.46,2388.14,9054.38,1.3,47.45,521.57,2388.08,8141.45,8.3941,0.03,393,2388,100.0,38.95,23.379,55
61,131,0.0007,0.0003,100.0,518.67,642.46,1592.28,1401.76,14.62,21.61,552.88,2388.14,9055.45,1.3,47.45,521.7,2388.07,8138.71,8.4292,0.03,394,2388,100.0,38.76,23.3029,54
61,132,-0.0021,0.0004,100.0,518.67,642.0,1588.64,1410.25,14.62,21.61,554.09,2388.09,9054.29,1.3,47.53,521.73,2388.02,8136.2,8.419,0.03,391,2388,100.0,38.77,23.2453,53
61,133,0.0005,-0.0002,100.0,518.67,642.47,1592.35,1400.26,14.62,21.61,553.61,2388.11,9048.33,1.3,47.24,521.72,2388.08,8139.22,8.4334,0.03,391,2388,100.0,39.14,23.1841,52
61,134,0.0015,0.0003,100.0,518.67,642.36,1582.26,1405.94,14.62,21.61,553.44,2388.05,9050.27,1.3,47.53,521.56,2388.06,8130.96,8.3946,0.03,394,2388,100.0,38.82,23.3037,51
61,135,0.0025,0.0004,100.0,518.67,643.21,1596.33,1412.85,14.62,21.61,553.22,2388.09,9060.0,1.3,47.72,521.41,2388.03,8134.7,8.4134,0.03,394,2388,100.0,38.84,23.3687,50
61,136,-0.0003,0.0003,100.0,518.67,642.43,1591.76,1405.66,14.62,21.61,553.44,2388.1,9058.8,1.3,47.54,521.77,2388.08,8130.89,8.4686,0.03,393,2388,100.0,38.77,23.2441,49
61,137,-0.0008,-0.0001,100.0,518.67,642.95,1587.27,1413.21,14.62,21.61,553.4,2388.11,9050.48,1.3,47.47,521.31,2388.15,8130.41,8.4121,0.03,392,2388,100.0,38.69,23.3268,48
61,138,-0.0025,-0.0001,100.0,518.67,642.61,1598.31,1412.76,14.62,21.61,553.16,2388.13,9050.08,1.3,47.66,521.4,2388.12,8132.0,8.4482,0.03,393,2388,100.0,38.75,23.2923,47
61,139,-0.0022,-0.0004,100.0,518.67,642.62,1591.71,1403.04,14.62,21.61,553.06,2388.15,9057.78,1.3,47.54,521.57,2388.15,8122.98,8.4594,0.03,393,2388,100.0,38.85,23.2507,46
61,140,-0.0016,-0.0001,100.0,518.67,642.5,1587.3,1411.6,14.62,21.61,553.66,2388.12,9054.73,1.3,47.68,521.51,2388.17,8136.42,8.4524,0.03,393,2388,100.0,38.89,23.3631,45
61,141,-0.0025,0.0004,100.0,518.67,642.5,1587.49,1404.87,14.62,21.61,553.33,2388.15,9062.22,1.3,47.57,521.39,2388.08,8138.44,8.4425,0.03,393,2388,100.0,38.89,23.2607,44
61,142,0.0001,0.0004,100.0,518.67,642.85,1590.69,1407.85,14.62,21.61,553.44,2388.14,9051.08,1.3,47.6,522.02,2388.1,8125.6,8.4312,0.03,391,2388,100.0,38.69,23.3209,43
61,143,-0.0015,-0.0003,100.0,518.67,642.43,1593.67,1409.01,14.62,21.61,552.84,2388.12,9053.95,1.3,47.7,520.59,2388.07,8137.11,8.4455,0.03,393,2388,100.0,38.94,23.3478,42
61,144,-0.0018,-0.0005,100.0,518.67,642.58,1588.43,1414.42,14.62,21.61,553.64,2388.15,9045.64,1.3,47.51,521.91,2388.06,8132.72,8.4544,0.03,392,2388,100.0,38.65,23.3413,41
61,145,0.0,-0.0002,100.0,518.67,642.45,1597.18,1415.04,14.62,21.61,553.59,2388.11,9052.42,1.3,47.64,520.91,2388.13,8131.89,8.4111,0.03,393,2388,100.0,38.74,23.294,40
61,146,-0.0036,-0.0001,100.0,518.67,642.53,1589.26,1408.49,14.62,21.61,553.81,2388.14,9059.52,1.3,47.56,521.53,2388.09,8135.62,8.4072,0.03,392,2388,100.0,38.77,23.2152,39
61,147,-0.0017,-0.0002,100.0,518.67,643.1,1594.81,1409.27,14.62,21.61,553.28,2388.12,9055.66,1.3,47.52,521.49,2388.12,8137.62,8.4345,0.03,391,2388,100.0,38.87,23.2855,38
61,148,-0.0007,0.0002,100.0,518.67,642.86,1592.12,1406.07,14.62,21.61,552.8,2388.1,9046.08,1.3,47.74,520.79,2388.14,8133.51,8.4674,0.03,392,2388,100.0,38.79,23.279,37
61,149,-0.0027,0.0003,100.0,518.67,643.05,1582.65,1420.79,14.62,21.61,553.29,2388.09,9049.53,1.3,47.62,521.51,2388.08,8128.39,8.4577,0.03,393,2388,100.0,38.67,23.2531,36
61,150,0.0028,0.0004,100.0,518.67,642.94,1598.53,1415.22,14.62,21.61,552.49,2388.08,9056.41,1.3,47.64,520.9,2388.12,8132.81,8.4621,0.03,392,2388,100.0,38.65,23.1929,35
61,151,-0.0008,-0.0001,100.0,518.67,642.88,1595.61,1402.92,14.62,21.61,553.62,2388.15,9051.67,1.3,47.66,521.57,2388.11,8135.52,8.4295,0.03,393,2388,100.0,38.83,23.2362,34
61,152,-0.0018,-0.0001,100.0,518.67,642.62,1592.97,1411.75,14.62,21.61,553.27,2388.19,9051.3,1.3,47.75,520.78,2388.11,8129.26,8.4453,0.03,394,2388,100.0,38.66,23.2097,33
61,153,0.0033,-0.0005,100.0,518.67,642.38,1584.55,1412.92,14.62,21.61,553.78,2388.18,9052.16,1.3,47.47,520.77,2388.17,8128.56,8.5074,0.03,393,2388,100.0,38.75,23.3532,32
61,154,-0.0013,0.0003,100.0,518.67,643.68,1592.9,1413.98,14.62,21.61,552.81,2388.17,9049.59,1.3,47.64,521.38,2388.2,8135.42,8.4393,0.03,394,2388,100.0,38.77,23.3135,31
61,155,0.0009,-0.0001,100.0,518.67,642.72,1597.17,1411.1,14.62,21.61,552.58,2388.08,9050.47,1.3,47.62,521.02,2388.17,8128.72,8.4733,0.03,393,2388,100.0,38.72,23.1678,30
61,156,-0.0013,0.0001,100.0,518.67,642.85,1599.96,1414.85,14.62,21.61,552.4,2388.1,9049.66,1.3,47.84,520.86,2388.13,8126.22,8.4336,0.03,395,2388,100.0,38.93,23.2228,29
61,157,0.0001,-0.0003,100.0,518.67,642.9,1592.84,1408.91,14.62,21.61,551.73,2388.14,9053.1,1.3,47.63,520.34,2388.23,8127.21,8.4633,0.03,395,2388,100.0,38.69,23.1621,28
61,158,-0.001,-0.0001,100.0,518.67,642.99,1590.46,1410.7,14.62,21.61,552.91,2388.16,9048.46,1.3,47.52,520.5,2388.09,8131.09,8.4536,0.03,394,2388,100.0,38.87,23.1819,27
61,159,0.0004,-0.0004,100.0,518.67,642.73,1593.46,1412.19,14.62,21.61,552.53,2388.19,9047.98,1.3,47.84,521.23,2388.16,8127.94,8.4958,0.03,394,2388,100.0,38.53,23.121,26
61,160,-0.0008,0.0001,100.0,518.67,642.79,1593.67,1412.2,14.62,21.61,552.36,2388.13,9046.52,1.3,47.74,520.17,2388.22,8125.52,8.4714,0.03,393,2388,100.0,38.73,23.2185,25
61,161,-0.0001,-0.0005,100.0,518.67,642.44,1595.51,1420.18,14.62,21.61,552.29,2388.18,9049.07,1.3,47.78,520.83,2388.17,8126.64,8.4614,0.03,394,2388,100.0,38.66,23.2307,24
61,162,-0.0004,0.0004,100.0,518.67,643.0,1588.71,1408.61,14.62,21.61,552.79,2388.18,9049.9,1.3,47.71,520.78,2388.17,8126.22,8.453,0.03,395,2388,100.0,38.81,23.1875,23
61,163,-0.0015,-0.0004,100.0,518.67,642.88,1603.46,1414.8,14.62,21.61,552.5,2388.12,9054.77,1.3,47.72,520.74,2388.18,8128.85,8.473,0.03,395,2388,100.0,38.55,23.2401,22
61,164,-0.0009,-0.0003,100.0,518.67,642.63,1595.29,1418.16,14.62,21.61,552.18,2388.18,9045.26,1.3,47.73,520.48,2388.21,8123.76,8.4917,0.03,394,2388,100.0,38.56,23.1946,21
61,165,-0.0042,-0.0003,100.0,518.67,643.41,1592.72,1424.72,14.62,21.61,551.71,2388.2,9045.8,1.3,47.96,520.77,2388.16,8123.38,8.4988,0.03,396,2388,100.0,38.56,23.2553,20
61,166,0.0007,0.0003,100.0,518.67,643.19,1588.26,1417.55,14.62,21.61,552.32,2388.18,9043.71,1.3,47.87,520.72,2388.23,8123.5,8.4349,0.03,394,2388,100.0,38.5,23.1544,19
61,167,0.0008,-0.0002,100.0,518.67,642.91,1598.37,1420.92,14.62,21.61,552.45,2388.23,9039.3,1.3,47.73,520.42,2388.26,8120.2,8.4654,0.03,395,2388,100.0,38.71,23.2732,18
61,168,0.0034,0.0001,100.0,518.67,643.16,1596.01,1421.04,14.62,21.61,552.31,2388.22,9044.53,1.3,48.0,520.98,2388.18,8122.82,8.4966,0.03,394,2388,100.0,38.61,23.3654,17
61,169,-0.0015,-0.0,100.0,518.67,642.98,1597.45,1415.84,14.62,21.61,551.96,2388.2,9047.95,1.3,47.89,520.3,2388.24,8119.22,8.4752,0.03,397,2388,100.0,38.7,23.2252,16
61,170,0.0015,-0.0005,100.0,518.67,643.34,1594.38,1420.64,14.62,21.61,552.61,2388.24,9050.07,1.3,47.62,520.71,2388.2,8128.83,8.4989,0.03,397,2388,100.0,38.72,23.0212,15
61,171,0.0,-0.0003,100.0,518.67,643.46,1596.99,1422.42,14.62,21.61,551.07,2388.23,9044.71,1.3,47.85,520.49,2388.22,8128.25,8.4697,0.03,396,2388,100.0,38.44,23.1927,14
61,172,-0.0006,-0.0003,100.0,518.67,643.26,1602.37,1416.4,14.62,21.61,552.33,2388.23,9041.21,1.3,47.89,520.44,2388.24,8119.73,8.4881,0.03,395,2388,100.0,38.62,23.1052,13
61,173,-0.0008,0.0004,100.0,518.67,643.77,1597.09,1423.02,14.62,21.61,551.95,2388.25,9046.24,1.3,48.02,520.46,2388.22,8120.92,8.4641,0.03,395,2388,100.0,38.5,23.1417,12
61,174,-0.0004,0.0001,100.0,518.67,643.32,1603.31,1422.98,14.62,21.61,551.88,2388.25,9041.33,1.3,48.07,520.29,2388.28,8121.83,8.4862,0.03,396,2388,100.0,38.54,23.0664,11
61,175,0.0002,-0.0001,100.0,518.67,643.19,1597.03,1424.3,14.62,21.61,551.69,2388.28,9047.52,1.3,48.0,520.11,2388.25,8113.57,8.4936,0.03,396,2388,100.0,38.5,23.1427,10
61,176,0.0,-0.0003,100.0,518.67,643.43,1596.56,1431.19,14.62,21.61,551.45,2388.27,9042.44,1.3,48.16,519.8,2388.28,8116.74,8.5378,0.03,396,2388,100.0,38.52,23.1043,9
61,177,-0.0075,-0.0004,100.0,518.67,643.12,1599.93,1419.31,14.62,21.61,551.77,2388.25,9047.94,1.3,47.94,519.55,2388.24,8117.73,8.5089,0.03,394,2388,100.0,38.64,23.2137,8
61,178,-0.0066,0.0001,100.0,518.67,643.61,1595.91,1420.18,14.62,21.61,551.92,2388.27,9036.28,1.3,47.95,519.76,2388.3,8115.33,8.461,0.03,396,2388,100.0,38.58,23.1987,7
61,179,-0.0006,0.0003,100.0,518.67,643.28,1598.9,1428.14,14.62,21.61,550.75,2388.28,9041.05,1.3,48.19,519.7,2388.26,8113.12,8.4991,0.03,395,2388,100.0,38.66,23.0977,6
61,180,-0.0009,-0.0004,100.0,518.67,643.52,1599.75,1421.91,14.62,21.61,550.73,2388.27,9043.28,1.3,48.02,519.33,2388.36,8113.01,8.5139,0.03,394,2388,100.0,38.45,23.004,5
61,181,0.001,-0.0005,100.0,518.67,643.78,1604.19,1420.72,14.62,21.61,552.09,2388.3,9044.23,1.3,48.1,519.44,2388.23,8113.37,8.5026,0.03,395,2388,100.0,38.46,23.1098,4
61,182,0.0018,0.0003,100.0,518.67,644.06,1606.3,1430.19,14.62,21.61,551.3,2388.3,9038.76,1.3,48.19,519.72,2388.33,8116.31,8.5286,0.03,396,2388,100.0,38.6,22.9853,3
61,183,0.0014,0.0,100.0,518.67,643.48,1609.91,1423.4,14.62,21.61,551.48,2388.28,9034.33,1.3,48.21,519.65,2388.31,8113.64,8.5365,0.03,395,2388,100.0,38.55,23.1324,2
61,184,0.0009,-0.0005,100.0,518.67,643.93,1596.35,1425.73,14.62,21.61,551.31,2388.26,9038.33,1.3,48.25,519.62,2388.32,8111.09,8.5217,0.03,396,2388,100.0,38.53,23.1414,1
61,185,-0.0049,0.0,100.0,518.67,643.39,1604.83,1426.0,14.62,21.61,551.12,2388.26,9038.93,1.3,48.23,519.82,2388.27,8109.39,8.519,0.03,397,2388,100.0,38.34,22.984,0
62,1,-0.0019,-0.0002,100.0,518.67,642.77,1588.2,1413.2,14.62,21.61,553.04,2388.07,9060.26,1.3,47.55,521.52,2388.1,8140.43,8.4479,0.03,392,2388,100.0,38.94,23.2366,179
62,2,-0.0037,0.0001,100.0,518.67,642.53,1580.22,1412.82,14.62,21.61,553.68,2388.08,9058.77,1.3,47.5,520.92,2388.1,8139.12,8.451,0.03,394,2388,100.0,38.86,23.3081,178
62,3,-0.0004,0.0004,100.0,518.67,642.52,1589.38,1408.06,14.62,21.61,553.07,2388.08,9055.76,1.3,47.68,521.57,2388.09,8137.36,8.4472,0.03,394,2388,100.0,38.88,23.2851,177
62,4,0.0037,0.0002,100.0,518.67,642.55,1592.7,1414.49,14.62,21.61,553.18,2388.13,9054.51,1.3,47.39,521.35,2388.1,8135.16,8.4726,0.03,394,2388,100.0,38.83,23.3822,176
62,5,-0.0007,0.0002,100.0,518.67,642.48,1594.58,1406.66,14.62,21.61,553.2,2388.09,9057.34,1.3,47.46,521.81,2388.12,8135.8,8.4468,0.03,394,2388,100.0,38.7,23.3021,175
62,6,-0.0017,-0.0003,100.0,518.67,642.55,1588.81,1411.51,14.62,21.61,553.5,2388.13,9053.97,1.3,47.55,521.85,2388.13,8133.35,8.4738,0.03,393,2388,100.0,38.84,23.2778,174
62,7,-0.0001,-0.0003,100.0,518.67,642.44,1590.91,1410.77,14.62,21.61,553.27,2388.13,9049.31,1.3,47.56,521.58,2388.08,8137.8,8.4606,0.03,394,2388,100.0,38.83,23.3421,173
62,8,0.0031,0.0005,100.0,518.67,642.47,1594.19,1408.83,14.62,21.61,553.54,2388.11,9051.55,1.3,47.45,520.61,2388.09,8136.48,8.4607,0.03,393,2388,100.0,39.01,23.204,172
62,9,-0.0019,0.0002,100.0,518.67,642.61,1590.49,1407.77,14.62,21.61,553.9,2388.06,9059.34,1.3,47.52,521.92,2388.14,8137.48,8.4343,0.03,394,2388,100.0,38.8,23.3007,171
62,10,-0.0026,0.0002,100.0,518.67,642.0,1594.78,1406.07,14.62,21.61,553.38,2388.1,9056.02,1.3,47.83,520.74,2388.12,8138.6,8.4353,0.03,393,2388,100.0,38.72,23.3199,170
62,11,0.0035,0.0001,100.0,518.67,643.0,1588.03,1411.29,14.62,21.61,553.09,2388.13,9053.53,1.3,47.74,521.05,2388.1,8134.02,8.4644,0.03,393,2388,100.0,38.71,23.3129,169
62,12,0.0004,0.0004,100.0,518.67,642.5,1587.15,1411.1,14.62,21.61,553.51,2388.09,9060.59,1.3,47.53,521.08,2388.16,8138.42,8.4513,0.03,392,2388,100.0,38.88,23.1887,168
62,13,0.0016,0.0004,100.0,518.67,642.91,1585.28,1412.85,14.62,21.61,553.58,2388.17,9067.54,1.3,47.8,521.17,2388.14,8136.13,8.4616,0.03,392,2388,100.0,38.73,23.2376,167
62,14,0.0037,-0.0003,100.0,518.67,642.75,1595.56,1406.94,14.62,21.61,552.91,2388.06,9055.2,1.3,47.6,521.84,2388.11,8137.32,8.4511,0.03,392,2388,100.0,38.69,23.3035,166
62,15,0.0002,0.0002,100.0,518.67,642.66,1591.3,1406.98,14.62,21.61,553.61,2388.15,9054.87,1.3,47.63,521.17,2388.09,8133.7,8.4489,0.03,393,2388,100.0,38.79,23.2675,165
62,16,-0.0008,0.0004,100.0,518.67,642.49,1590.6,1415.43,14.62,21.61,553.46,2388.1,9055.03,1.3,47.61,521.4,2388.11,8132.83,8.4956,0.03,392,2388,100.0,38.81,23.2082,164
62,17,0.0022,-0.0002,100.0,518.67,642.79,1594.19,1398.21,14.62,21.61,553.15,2388.12,9059.33,1.3,47.46,521.73,2388.2,8138.53,8.4168,0.03,391,2388,100.0,38.88,23.3373,163
62,18,0.0019,0.0001,100.0,518.67,643.01,1591.88,1406.25,14.62,21.61,552.93,2388.11,9057.93,1.3,47.7,521.42,2388.06,8141.7,8.4038,0.03,394,2388,100.0,38.71,23.3272,162
62,19,-0.0009,0.0002,100.0,518.67,642.36,1582.75,1407.26,14.62,21.61,553.63,2388.17,9053.46,1.3,47.74,521.14,2388.08,8137.02,8.4299,0.03,393,2388,100.0,38.86,23.2892,161
62,20,0.0018,0.0004,100.0,518.67,642.91,1585.24,1414.27,14.62,21.61,553.65,2388.08,9060.28,1.3,47.63,521.21,2388.13,8133.29,8.4684,0.03,394,2388,100.0,38.81,23.1553,160
62,21,0.0015,-0.0003,100.0,518.67,642.53,1590.73,1409.23,14.62,21.61,553.39,2388.17,9070.01,1.3,47.55,521.33,2388.13,8136.16,8.4538,0.03,393,2388,100.0,38.74,23.1925,159
62,22,-0.0018,0.0003,100.0,518.67,642.21,1591.23,1407.09,14.62,21.61,552.39,2388.08,9055.42,1.3,47.57,521.41,2388.16,8138.1,8.4825,0.03,392,2388,100.0,38.8,23.3909,158
62,23,-0.002,-0.0002,100.0,518.67,642.35,1593.99,1404.89,14.62,21.61,553.13,2388.13,9058.76,1.3,47.53,521.0,2388.1,8134.11,8.4256,0.03,392,2388,100.0,38.81,23.3098,157
62,24,0.0039,-0.0004,100.0,518.67,643.05,1589.14,1408.05,14.62,21.61,553.06,2388.1,9061.7,1.3,47.61,521.33,2388.09,8137.2,8.479,0.03,393,2388,100.0,38.86,23.3371,156
62,25,0.0012,-0.0,100.0,518.67,642.63,1592.98,1406.74,14.62,21.61,552.47,2388.08,9050.07,1.3,47.62,521.26,2388.09,8137.39,8.4096,0.03,394,2388,100.0,39.02,23.2612,155
62,26,-0.0005,0.0005,100.0,518.67,643.04,1593.21,1408.69,14.62,21.61,552.64,2388.11,9056.43,1.3,47.5,521.39,2388.07,8139.42,8.4435,0.03,393,2388,100.0,38.92,23.2603,154
62,27,0.0033,0.0001,100.0,518.67,643.02,1594.89,1414.84,14.62,21.61,553.17,2388.13,9056.94,1.3,47.43,521.04,2388.15,8132.02,8.4319,0.03,393,2388,100.0,38.83,23.2148,153
62,28,-0.0001,0.0003,100.0,518.67,642.37,1587.16,1409.02,14.62,21.61,552.98,2388.12,9053.39,1.3,47.4,521.34,2388.13,8135.56,8.4379,0.03,393,2388,100.0,38.85,23.2734,152
62,29,0.0026,0.0001,100.0,518.67,642.78,1595.36,1410.11,14.62,21.61,553.33,2388.19,9060.39,1.3,47.6,521.77,2388.15,8139.18,8.4882,0.03,393,2388,100.0,38.77,23.263,151
62,30,-0.001,0.0005,100.0,518.67,642.5,1591.94,1412.14,14.62,21.61,552.99,2388.12,9060.53,1.3,47.65,521.75,2388.13,8136.55,8.4135,0.03,393,2388,100.0,38.67,23.3297,150
62,31,0.0031,-0.0,100.0,518.67,643.11,1598.06,1410.57,14.62,21.61,552.63,2388.1,9060.52,1.3,47.59,521.22,2388.06,8134.15,8.4183,0.03,393,2388,100.0,38.76,23.1726,149
62,32,-0.0023,-0.0002,100.0,518.67,642.68,1591.31,1411.31,14.62,21.61,553.47,2388.15,9057.44,1.3,47.5,521.2,2388.11,8137.75,8.4488,0.03,392,2388,100.0,38.99,23.3329,148
62,33,-0.0033,0.0004,100.0,518.67,642.24,1590.59,1411.03,14.62,21.61,553.95,2388.14,9050.12,1.3,47.62,521.38,2388.05,8140.6,8.4512,0.03,393,2388,100.0,38.84,23.2909,147
62,34,-0.0005,-0.0004,100.0,518.67,642.25,1590.12,1416.58,14.62,21.61,553.16,2388.15,9056.04,1.3,47.49,521.41,2388.16,8134.03,8.4759,0.03,393,2388,100.0,38.94,23.2215,146
62,35,0.0035,-0.0002,100.0,518.67,642.88,1591.24,1409.62,14.62,21.61,553.99,2388.08,9052.1,1.3,47.62,520.87,2388.12,8133.94,8.4333,0.03,393,2388,100.0,38.8,23.2969,145
62,36,0.0029,0.0004,100.0,518.67,642.47,1584.89,1409.3,14.62,21.61,552.42,2388.05,9056.56,1.3,47.45,521.54,2388.11,8139.77,8.422,0.03,392,2388,100.0,38.83,23.3676,144
62,37,0.0017,0.0004,100.0,518.67,642.2,1592.17,1411.42,14.62,21.61,552.75,2388.15,9056.32,1.3,47.69,521.3,2388.1,8139.22,8.4486,0.03,393,2388,100.0,38.67,23.2645,143
62,38,-0.0027,0.0002,100.0,518.67,642.24,1590.42,1413.17,14.62,21.61,553.03,2388.11,9058.6,1.3,47.83,520.72,2388.12,8138.51,8.4496,0.03,392,2388,100.0,38.98,23.3147,142
62,39,-0.0028,0.0003,100.0,518.67,642.79,1594.87,1414.58,14.62,21.61,553.8,2388.12,9060.09,1.3,47.78,521.03,2388.11,8141.65,8.4785,0.03,394,2388,100.0,38.88,23.2311,141
62,40,-0.0014,0.0006,100.0,518.67,643.09,1590.73,1404.55,14.62,21.61,553.29,2388.12,9058.08,1.3,47.73,521.36,2388.12,8131.41,8.4408,0.03,394,2388,100.0,38.9,23.3245,140
62,41,0.0025,-0.0002,100.0,518.67,642.24,1596.1,1406.87,14.62,21.61,553.31,2388.1,9059.22,1.3,47.76,521.34,2388.12,8139.53,8.4444,0.03,393,2388,100.0,38.88,23.3163,139
62,42,-0.0029,-0.0001,100.0,518.67,642.51,1596.25,1407.3,14.62,21.61,553.49,2388.13,9056.64,1.3,47.59,521.52,2388.13,8136.73,8.442,0.03,395,2388,100.0,38.83,23.3433,138
62,43,-0.0039,-0.0001,100.0,518.67,643.39,1584.8,1409.41,14.62,21.61,552.97,2388.13,9057.27,1.3,47.53,521.22,2388.15,8135.26,8.4477,0.03,394,2388,100.0,38.8,23.2545,137
62,44,0.0044,-0.0001,100.0,518.67,642.64,1593.48,1409.52,14.62,21.61,554.17,2388.13,9055.18,1.3,47.63,521.57,2388.15,8136.9,8.4407,0.03,394,2388,100.0,38.83,23.2683,136
62,45,-0.0015,0.0,100.0,518.67,642.69,1586.3,1409.73,14.62,21.61,553.62,2388.12,9050.9,1.3,47.47,521.52,2388.06,8131.78,8.4485,0.03,394,2388,100.0,38.8,23.3059,135
62,46,-0.0023,0.0004,100.0,518.67,643.05,1596.44,1410.74,14.62,21.61,553.58,2388.11,9061.54,1.3,47.55,520.98,2388.11,8137.63,8.468,0.03,394,2388,100.0,38.74,23.2349,134
62,47,-0.0005,0.0002,100.0,518.67,642.51,1595.96,1413.37,14.62,21.61,553.01,2388.1,9059.6,1.3,47.62,521.19,2388.06,8137.72,8.4528,0.03,393,2388,100.0,38.83,23.291,133
62,48,0.0014,0.0003,100.0,518.67,642.34,1593.0,1410.81,14.62,21.61,554.08,2388.1,9057.6,1.3,47.44,520.99,2388.09,8136.21,8.463,0.03,393,2388,100.0,38.74,23.2814,132
62,49,-0.0016,-0.0003,100.0,518.67,643.12,1582.68,1416.11,14.62,21.61,552.94,2388.1,9060.98,1.3,47.53,521.22,2388.11,8136.29,8.424,0.03,394,2388,100.0,38.85,23.3831,131
62,50,-0.0034,0.0002,100.0,518.67,642.4,1580.85,1414.34,14.62,21.61,553.18,2388.1,9049.71,1.3,47.55,521.41,2388.09,8140.28,8.4255,0.03,393,2388,100.0,38.78,23.3653,130
62,51,0.0019,-0.0004,100.0,518.67,642.5,1586.58,1412.15,14.62,21.61,553.54,2388.1,9053.41,1.3,47.55,521.33,2388.17,8138.74,8.4696,0.03,394,2388,100.0,38.62,23.298,129
62,52,-0.002,0.0002,100.0,518.67,642.83,1584.12,1408.3,14.62,21.61,553.08,2388.13,9058.36,1.3,47.67,521.12,2388.14,8134.77,8.4263,0.03,394,2388,100.0,38.84,23.3222,128
62,53,-0.0043,0.0001,100.0,518.67,642.67,1592.03,1400.45,14.62,21.61,553.63,2388.11,9051.45,1.3,47.78,521.63,2388.17,8133.82,8.4582,0.03,394,2388,100.0,38.83,23.205,127
62,54,0.0013,0.0001,100.0,518.67,642.91,1590.54,1402.89,14.62,21.61,553.11,2388.05,9066.16,1.3,47.63,521.17,2388.16,8136.77,8.421,0.03,393,2388,100.0,38.78,23.2184,126
62,55,-0.0031,0.0001,100.0,518.67,643.17,1597.46,1411.69,14.62,21.61,552.85,2388.14,9053.27,1.3,47.54,520.97,2388.13,8135.27,8.4886,0.03,394,2388,100.0,38.7,23.1645,125
62,56,0.0006,-0.0001,100.0,518.67,642.62,1597.66,1413.29,14.62,21.61,553.01,2388.07,9052.82,1.3,47.6,521.32,2388.09,8137.08,8.4613,0.03,395,2388,100.0,38.74,23.2325,124
62,57,-0.0023,-0.0004,100.0,518.67,642.59,1592.83,1411.37,14.62,21.61,552.52,2388.05,9055.15,1.3,47.61,521.0,2388.13,8133.35,8.449,0.03,394,2388,100.0,38.92,23.3139,123
62,58,0.0017,0.0001,100.0,518.67,643.42,1591.58,1414.19,14.62,21.61,553.43,2388.15,9063.38,1.3,47.63,521.24,2388.09,8138.87,8.4351,0.03,395,2388,100.0,38.74,23.348,122
62,59,-0.0051,-0.0001,100.0,518.67,642.67,1590.46,1414.86,14.62,21.61,553.0,2388.12,9059.45,1.3,47.69,521.22,2388.11,8131.14,8.4566,0.03,395,2388,100.0,38.83,23.2699,121
62,60,0.0006,0.0006,100.0,518.67,642.48,1590.01,1400.12,14.62,21.61,552.69,2388.13,9058.95,1.3,47.6,521.44,2388.13,8136.98,8.4901,0.03,392,2388,100.0,38.78,23.2481,120
62,61,-0.0008,0.0002,100.0,518.67,642.64,1599.65,1411.67,14.62,21.61,553.28,2388.15,9064.75,1.3,47.68,521.01,2388.12,8134.48,8.4438,0.03,394,2388,100.0,38.83,23.2186,119
62,62,0.0012,-0.0001,100.0,518.67,641.87,1592.34,1407.17,14.62,21.61,552.88,2388.05,9052.72,1.3,47.67,520.87,2388.13,8132.97,8.4641,0.03,393,2388,100.0,38.84,23.2188,118
62,63,0.0064,-0.0003,100.0,518.67,642.95,1595.39,1406.49,14.62,21.61,553.11,2388.15,9051.74,1.3,47.77,520.94,2388.14,8137.69,8.4213,0.03,395,2388,100.0,38.88,23.1989,117
62,64,-0.0003,0.0004,100.0,518.67,642.85,1589.33,1408.97,14.62,21.61,553.73,2388.13,9060.32,1.3,47.61,521.0,2388.1,8129.88,8.4675,0.03,395,2388,100.0,38.55,23.1978,116
62,65,0.0009,0.0005,100.0,518.67,642.76,1586.38,1409.1,14.62,21.61,553.12,2388.07,9060.0,1.3,47.62,521.21,2388.16,8136.1,8.4293,0.03,393,2388,100.0,38.73,23.2452,115
62,66,0.0018,-0.0003,100.0,518.67,642.88,1590.08,1411.81,14.62,21.61,553.46,2388.14,9049.81,1.3,47.67,521.14,2388.16,8133.82,8.4345,0.03,395,2388,100.0,38.83,23.3,114
62,67,0.0023,0.0002,100.0,518.67,643.3,1589.33,1414.17,14.62,21.61,553.59,2388.13,9056.55,1.3,47.75,521.67,2388.11,8134.34,8.4754,0.03,393,2388,100.0,38.97,23.292,113
62,68,0.0009,0.0005,100.0,518.67,642.67,1586.54,1409.61,14.62,21.61,553.43,2388.1,9057.22,1.3,47.52,521.12,2388.09,8133.04,8.4254,0.03,393,2388,100.0,38.88,23.1945,112
62,69,-0.0038,0.0004,100.0,518.67,642.97,1600.87,1410.2,14.62,21.61,553.3,2388.09,9060.4,1.3,47.61,520.79,2388.14,8133.03,8.4403,0.03,393,2388,100.0,38.75,23.3407,111
62,70,0.0027,-0.0001,100.0,518.67,642.73,1599.06,1404.95,14.62,21.61,553.53,2388.17,9058.52,1.3,47.56,520.91,2388.15,8133.12,8.4668,0.03,392,2388,100.0,38.76,23.3064,110
62,71,0.0007,-0.0003,100.0,518.67,643.33,1588.17,1406.7,14.62,21.61,553.55,2388.09,9059.1,1.3,47.52,520.92,2388.11,8132.86,8.4382,0.03,393,2388,100.0,38.94,23.3558,109
62,72,-0.0007,0.0006,100.0,518.67,643.05,1592.31,1416.16,14.62,21.61,552.58,2388.17,9055.27,1.3,47.67,521.2,2388.16,8129.17,8.4809,0.03,393,2388,100.0,38.62,23.2661,108
62,73,0.0027,0.0004,100.0,518.67,642.06,1590.58,1412.89,14.62,21.61,552.58,2388.1,9054.89,1.3,47.72,521.11,2388.12,8137.56,8.4307,0.03,394,2388,100.0,38.74,23.3154,107
62,74,0.0044,0.0002,100.0,518.67,642.77,1591.98,1414.85,14.62,21.61,553.09,2388.08,9060.16,1.3,47.58,521.05,2388.16,8143.48,8.483,0.03,394,2388,100.0,38.71,23.3155,106
62,75,0.0032,0.0003,100.0,518.67,642.95,1589.64,1413.87,14.62,21.61,552.5,2388.16,9056.66,1.3,47.64,521.58,2388.14,8134.32,8.4544,0.03,394,2388,100.0,38.65,23.3848,105
62,76,-0.0011,0.0004,100.0,518.67,643.06,1593.76,1412.05,14.62,21.61,552.44,2388.21,9057.2,1.3,47.61,521.18,2388.13,8133.03,8.4648,0.03,394,2388,100.0,38.92,23.2772,104
62,77,0.0015,-0.0001,100.0,518.67,642.88,1589.94,1416.65,14.62,21.61,553.35,2388.16,9054.12,1.3,47.56,521.86,2388.11,8135.26,8.4294,0.03,393,2388,100.0,38.73,23.2382,103
62,78,0.0022,-0.0001,100.0,518.67,643.39,1587.9,1409.14,14.62,21.61,552.79,2388.15,9057.91,1.3,47.6,521.44,2388.08,8137.56,8.4233,0.03,394,2388,100.0,38.84,23.3637,102
62,79,-0.0002,-0.0001,100.0,518.67,642.51,1587.18,1411.4,14.62,21.61,552.17,2388.13,9047.97,1.3,47.81,521.48,2388.18,8140.06,8.4046,0.03,394,2388,100.0,38.72,23.3528,101
62,80,0.0022,-0.0001,100.0,518.67,642.85,1591.43,1418.28,14.62,21.61,553.45,2388.14,9058.31,1.3,47.69,521.12,2388.16,8135.16,8.4469,0.03,393,2388,100.0,38.9,23.2274,100
62,81,-0.0006,0.0004,100.0,518.67,642.63,1594.07,1413.66,14.62,21.61,552.72,2388.1,9049.85,1.3,47.64,521.38,2388.14,8141.27,8.4431,0.03,393,2388,100.0,38.73,23.2581,99
62,82,-0.0032,0.0004,100.0,518.67,642.62,1598.45,1413.04,14.62,21.61,553.37,2388.16,9056.91,1.3,47.62,520.89,2388.13,8131.66,8.4292,0.03,392,2388,100.0,38.88,23.2267,98
62,83,0.0001,-0.0003,100.0,518.67,642.22,1591.26,1413.15,14.62,21.61,553.92,2388.11,9058.68,1.3,47.57,521.14,2388.13,8133.06,8.4564,0.03,393,2388,100.0,38.69,23.246,97
62,84,0.0012,0.0005,100.0,518.67,642.92,1594.76,1410.54,14.62,21.61,553.96,2388.13,9053.85,1.3,47.49,521.22,2388.13,8135.0,8.4201,0.03,394,2388,100.0,38.7,23.1463,96
62,85,-0.0045,-0.0002,100.0,518.67,642.79,1599.03,1413.38,14.62,21.61,553.77,2388.11,9054.5,1.3,47.62,521.38,2388.15,8136.47,8.4926,0.03,394,2388,100.0,38.86,23.34,95
62,86,0.0034,-0.0004,100.0,518.67,643.22,1589.18,1407.39,14.62,21.61,553.34,2388.17,9052.09,1.3,47.56,520.78,2388.07,8139.22,8.4522,0.03,393,2388,100.0,38.55,23.1726,94
62,87,0.0035,0.0003,100.0,518.67,643.07,1588.57,1419.23,14.62,21.61,553.19,2388.11,9057.72,1.3,47.84,520.88,2388.17,8136.58,8.4229,0.03,393,2388,100.0,38.73,23.2408,93
62,88,-0.0016,-0.0001,100.0,518.67,642.63,1590.16,1405.56,14.62,21.61,553.05,2388.07,9054.82,1.3,47.64,521.57,2388.11,8135.63,8.4892,0.03,393,2388,100.0,38.77,23.1595,92
62,89,-0.0019,-0.0001,100.0,518.67,642.72,1586.41,1410.79,14.62,21.61,553.94,2388.16,9054.96,1.3,47.74,520.94,2388.11,8132.35,8.4431,0.03,393,2388,100.0,38.64,23.2372,91
62,90,0.0011,-0.0001,100.0,518.67,642.68,1595.35,1408.34,14.62,21.61,552.05,2388.11,9058.31,1.3,47.67,520.84,2388.14,8138.33,8.4246,0.03,395,2388,100.0,38.81,23.2076,90
62,91,-0.0043,-0.0,100.0,518.67,642.86,1592.3,1412.59,14.62,21.61,553.07,2388.11,9055.67,1.3,47.71,521.04,2388.19,8144.4,8.4715,0.03,394,2388,100.0,38.78,23.247,89
62,92,0.003,-0.0003,100.0,518.67,643.39,1595.1,1408.1,14.62,21.61,553.08,2388.12,9058.91,1.3,47.78,521.23,2388.15,8128.01,8.4626,0.03,391,2388,100.0,38.87,23.1775,88
62,93,0.0012,0.0001,100.0,518.67,642.68,1595.48,1405.98,14.62,21.61,552.8,2388.13,9055.38,1.3,47.79,520.77,2388.12,8137.76,8.4611,0.03,395,2388,100.0,38.81,23.2444,87
62,94,-0.0021,-0.0001,100.0,518.67,643.02,1594.51,1407.31,14.62,21.61,553.05,2388.16,9055.52,1.3,47.49,521.31,2388.13,8136.11,8.4598,0.03,394,2388,100.0,38.45,23.1474,86
62,95,0.005,-0.0002,100.0,518.67,642.98,1598.53,1411.22,14.62,21.61,552.81,2388.14,9052.38,1.3,47.53,521.12,2388.11,8135.56,8.4947,0.03,394,2388,100.0,38.84,23.2248,85
62,96,-0.0005,0.0,100.0,518.67,642.76,1592.77,1416.87,14.62,21.61,553.19,2388.15,9050.48,1.3,47.68,521.08,2388.14,8133.41,8.4399,0.03,395,2388,100.0,38.6,23.2269,84
62,97,-0.0012,0.0004,100.0,518.67,642.67,1595.83,1418.07,14.62,21.61,552.97,2388.16,9063.28,1.3,47.7,520.66,2388.15,8132.15,8.4954,0.03,393,2388,100.0,38.83,23.2593,83
62,98,-0.0008,0.0005,100.0,518.67,642.52,1589.76,1409.98,14.62,21.61,553.35,2388.14,9060.92,1.3,47.77,521.13,2388.04,8135.83,8.4606,0.03,393,2388,100.0,38.81,23.2063,82
62,99,-0.0024,0.0003,100.0,518.67,642.78,1594.26,1415.34,14.62,21.61,553.14,2388.22,9056.32,1.3,47.64,520.81,2388.2,8134.35,8.4749,0.03,395,2388,100.0,38.69,23.1551,81
62,100,0.003,0.0,100.0,518.67,642.75,1599.32,1410.55,14.62,21.61,552.84,2388.12,9058.0,1.3,47.71,521.08,2388.19,8137.61,8.4475,0.03,395,2388,100.0,38.89,23.1755,80
62,101,0.0008,-0.0003,100.0,518.67,643.1,1597.38,1414.79,14.62,21.61,553.15,2388.18,9050.88,1.3,47.62,521.34,2388.15,8128.93,8.4636,0.03,393,2388,100.0,38.65,23.2016,79
62,102,0.0006,-0.0002,100.0,518.67,642.6,1592.13,1412.29,14.62,21.61,553.49,2388.12,9059.15,1.3,47.64,521.26,2388.17,8130.32,8.4713,0.03,394,2388,100.0,38.79,23.3083,78
62,103,0.0009,-0.0001,100.0,518.67,643.45,1590.9,1415.37,14.62,21.61,552.46,2388.14,9059.14,1.3,47.84,521.66,2388.15,8132.75,8.4578,0.03,393,2388,100.0,38.65,23.2811,77
62,104,-0.0038,-0.0003,100.0,518.67,642.66,1586.58,1417.13,14.62,21.61,553.28,2388.15,9051.34,1.3,47.74,520.96,2388.12,8136.43,8.4525,0.03,394,2388,100.0,38.73,23.2646,76
62,105,0.0011,0.0005,100.0,518.67,642.6,1594.29,1413.35,14.62,21.61,552.46,2388.16,9054.4,1.3,47.7,520.86,2388.16,8132.64,8.4252,0.03,393,2388,100.0,38.88,23.2931,75
62,106,-0.0021,-0.0001,100.0,518.67,643.1,1591.36,1412.83,14.62,21.61,552.96,2388.15,9059.08,1.3,47.55,520.81,2388.2,8135.59,8.4609,0.03,393,2388,100.0,38.73,23.1762,74
62,107,0.0013,0.0004,100.0,518.67,643.1,1593.23,1411.13,14.62,21.61,553.42,2388.1,9060.33,1.3,47.55,521.2,2388.16,8135.4,8.4787,0.03,394,2388,100.0,38.83,23.3228,73
62,108,-0.001,-0.0002,100.0,518.67,642.81,1590.27,1407.61,14.62,21.61,553.2,2388.13,9063.95,1.3,47.66,520.64,2388.19,8133.38,8.4736,0.03,391,2388,100.0,38.79,23.1893,72
62,109,0.0017,-0.0002,100.0,518.67,643.17,1596.08,1414.77,14.62,21.61,553.2,2388.18,9051.93,1.3,47.78,521.2,2388.12,8134.86,8.4604,0.03,394,2388,100.0,38.72,23.1983,71
62,110,0.0019,0.0004,100.0,518.67,642.98,1590.93,1417.33,14.62,21.61,552.7,2388.12,9054.04,1.3,48.02,521.13,2388.15,8126.06,8.4408,0.03,393,2388,100.0,39.01,23.2666,70
62,111,-0.0017,0.0004,100.0,518.67,643.39,1593.92,1415.12,14.62,21.61,552.87,2388.17,9062.56,1.3,47.71,521.25,2388.13,8136.08,8.4494,0.03,396,2388,100.0,38.79,23.157,69
62,112,-0.0012,-0.0001,100.0,518.67,642.51,1592.29,1413.9,14.62,21.61,552.54,2388.17,9056.78,1.3,47.8,520.58,2388.21,8132.62,8.4403,0.03,395,2388,100.0,38.65,23.2259,68
62,113,-0.0044,-0.0004,100.0,518.67,642.95,1590.52,1414.98,14.62,21.61,553.04,2388.13,9060.99,1.3,47.82,520.83,2388.13,8133.19,8.484,0.03,392,2388,100.0,38.74,23.2042,67
62,114,-0.0007,0.0005,100.0,518.67,643.1,1584.61,1414.03,14.62,21.61,552.93,2388.16,9058.08,1.3,47.86,520.96,2388.18,8131.82,8.4338,0.03,395,2388,100.0,38.64,23.1717,66
62,115,0.001,-0.0003,100.0,518.67,642.5,1590.07,1412.89,14.62,21.61,553.29,2388.17,9057.09,1.3,47.76,520.59,2388.16,8128.88,8.4704,0.03,394,2388,100.0,38.64,23.3771,65
62,116,-0.0018,-0.0002,100.0,518.67,643.27,1591.83,1416.79,14.62,21.61,553.07,2388.18,9054.67,1.3,47.67,520.92,2388.09,8126.22,8.439,0.03,395,2388,100.0,38.72,23.2497,64
62,117,-0.0019,0.0004,100.0,518.67,643.28,1595.14,1412.28,14.62,21.61,551.99,2388.2,9051.56,1.3,47.63,520.5,2388.17,8131.46,8.4645,0.03,393,2388,100.0,38.69,23.2363,63
62,118,0.0003,0.0001,100.0,518.67,643.02,1596.58,1416.25,14.62,21.61,552.5,2388.15,9056.23,1.3,47.8,520.96,2388.2,8138.89,8.4467,0.03,395,2388,100.0,38.68,23.2386,62
62,119,0.0002,0.0,100.0,518.67,642.8,1597.84,1423.39,14.62,21.61,553.25,2388.13,9057.04,1.3,47.62,520.5,2388.12,8139.12,8.4728,0.03,393,2388,100.0,38.64,23.2475,61
62,120,0.0006,0.0001,100.0,518.67,643.0,1592.77,1415.12,14.62,21.61,552.87,2388.17,9050.41,1.3,47.75,520.46,2388.13,8132.88,8.4501,0.03,394,2388,100.0,38.72,23.299,60
62,121,0.003,0.0004,100.0,518.67,642.59,1592.77,1417.1,14.62,21.61,553.25,2388.14,9053.26,1.3,47.94,521.09,2388.15,8133.72,8.444,0.03,394,2388,100.0,38.66,23.2232,59
62,122,0.0011,0.0003,100.0,518.67,642.9,1600.17,1416.72,14.62,21.61,552.67,2388.18,9054.54,1.3,47.76,521.06,2388.11,8132.98,8.4499,0.03,394,2388,100.0,38.56,23.2031,58
62,123,0.0046,0.0003,100.0,518.67,643.05,1591.99,1409.42,14.62,21.61,552.8,2388.11,9052.94,1.3,47.58,521.26,2388.18,8133.29,8.4623,0.03,395,2388,100.0,38.83,23.2613,57
62,124,-0.0033,-0.0002,100.0,518.67,643.28,1595.49,1415.36,14.62,21.61,552.12,2388.18,9061.61,1.3,47.76,520.86,2388.16,8127.4,8.4633,0.03,394,2388,100.0,38.79,23.2333,56
62,125,-0.0005,0.0001,100.0,518.67,643.03,1593.71,1418.66,14.62,21.61,552.4,2388.24,9050.13,1.3,47.9,520.77,2388.15,8127.59,8.4455,0.03,393,2388,100.0,38.61,23.2072,55
62,126,-0.0029,-0.0002,100.0,518.67,643.6,1596.16,1418.26,14.62,21.61,552.66,2388.21,9055.35,1.3,47.76,521.02,2388.24,8127.89,8.5184,0.03,394,2388,100.0,38.64,23.2842,54
62,127,0.0013,0.0005,100.0,518.67,643.36,1589.77,1418.87,14.62,21.61,552.53,2388.17,9050.42,1.3,47.83,520.64,2388.15,8133.71,8.5125,0.03,394,2388,100.0,38.76,23.1652,53
62,128,-0.0003,0.0004,100.0,518.67,643.39,1594.36,1418.73,14.62,21.61,552.38,2388.24,9056.17,1.3,47.9,520.47,2388.18,8130.47,8.4745,0.03,393,2388,100.0,38.54,23.1425,52
62,129,-0.0051,-0.0003,100.0,518.67,643.13,1591.62,1415.35,14.62,21.61,552.96,2388.17,9061.81,1.3,47.83,521.01,2388.19,8131.7,8.4765,0.03,394,2388,100.0,38.81,23.2219,51
62,130,-0.0005,0.0002,100.0,518.67,642.75,1587.89,1415.56,14.62,21.61,552.77,2388.21,9057.77,1.3,47.73,520.65,2388.19,8129.5,8.5065,0.03,395,2388,100.0,38.6,23.3333,50
62,131,-0.0029,-0.0002,100.0,518.67,643.32,1598.59,1424.62,14.62,21.61,552.38,2388.15,9061.44,1.3,47.61,520.2,2388.19,8128.29,8.4787,0.03,392,2388,100.0,38.67,23.2124,49
62,132,-0.0024,-0.0003,100.0,518.67,642.54,1594.05,1414.36,14.62,21.61,552.28,2388.19,9055.71,1.3,47.72,520.75,2388.24,8126.4,8.4638,0.03,395,2388,100.0,38.6,23.1657,48
62,133,0.0006,0.0001,100.0,518.67,643.41,1591.25,1414.19,14.62,21.61,552.4,2388.18,9052.03,1.3,47.74,520.82,2388.2,8133.66,8.4303,0.03,395,2388,100.0,38.8,23.1958,47
62,134,-0.0004,0.0005,100.0,518.67,642.86,1599.92,1413.52,14.62,21.61,552.86,2388.23,9047.38,1.3,47.8,520.44,2388.17,8125.14,8.4718,0.03,396,2388,100.0,38.51,23.1037,46
62,135,-0.0042,-0.0004,100.0,518.67,642.85,1586.27,1414.56,14.62,21.61,552.29,2388.17,9057.47,1.3,47.84,520.22,2388.18,8132.55,8.5068,0.03,395,2388,100.0,38.82,23.1756,45
62,136,-0.002,-0.0,100.0,518.67,642.52,1592.01,1413.11,14.62,21.61,552.45,2388.18,9056.33,1.3,47.92,520.35,2388.18,8131.77,8.4873,0.03,395,2388,100.0,38.66,23.2115,44
62,137,-0.0002,-0.0004,100.0,518.67,642.85,1590.56,1411.41,14.62,21.61,551.97,2388.15,9059.88,1.3,47.8,520.87,2388.2,8132.16,8.4825,0.03,395,2388,100.0,38.71,23.1141,43
62,138,0.0002,-0.0,100.0,518.67,643.21,1592.78,1417.85,14.62,21.61,552.16,2388.19,9053.57,1.3,47.96,520.51,2388.23,8129.84,8.4345,0.03,396,2388,100.0,38.64,23.2016,42
62,139,-0.0013,0.0004,100.0,518.67,642.88,1598.87,1421.41,14.62,21.61,551.42,2388.17,9055.42,1.3,47.61,520.21,2388.22,8137.24,8.5034,0.03,395,2388,100.0,38.56,23.1834,41
62,140,0.0004,0.0003,100.0,518.67,642.84,1592.96,1424.22,14.62,21.61,552.3,2388.18,9051.64,1.3,47.62,520.67,2388.2,8126.48,8.4637,0.03,394,2388,100.0,38.81,23.1805,40
62,141,-0.0003,-0.0001,100.0,518.67,643.11,1601.42,1414.9,14.62,21.61,552.51,2388.17,9047.32,1.3,47.89,521.06,2388.18,8132.11,8.4645,0.03,395,2388,100.0,38.78,23.1438,39
62,142,0.0015,-0.0,100.0,518.67,642.76,1585.62,1421.04,14.62,21.61,552.38,2388.25,9048.69,1.3,47.75,520.6,2388.19,8124.38,8.4868,0.03,395,2388,100.0,38.63,23.1652,38
62,143,-0.001,0.0005,100.0,518.67,643.63,1603.86,1420.05,14.62,21.61,552.21,2388.22,9051.72,1.3,47.92,520.34,2388.28,8124.62,8.527,0.03,396,2388,100.0,38.63,23.2553,37
62,144,-0.0048,-0.0001,100.0,518.67,642.65,1593.37,1419.42,14.62,21.61,552.16,2388.23,9049.97,1.3,47.76,520.83,2388.16,8127.73,8.5017,0.03,393,2388,100.0,38.92,23.1588,36
62,145,-0.0012,0.0003,100.0,518.67,643.08,1592.88,1416.1,14.62,21.61,551.88,2388.2,9053.9,1.3,47.94,520.41,2388.24,8130.85,8.4683,0.03,394,2388,100.0,38.68,23.2054,35
62,146,-0.0036,0.0003,100.0,518.67,643.09,1599.77,1423.12,14.62,21.61,553.17,2388.17,9055.57,1.3,47.81,520.39,2388.25,8132.9,8.524,0.03,394,2388,100.0,38.41,23.129,34
62,147,0.0019,-0.0003,100.0,518.67,643.43,1600.54,1414.54,14.62,21.61,551.95,2388.24,9053.63,1.3,47.95,520.03,2388.25,8124.31,8.4974,0.03,396,2388,100.0,38.79,23.1169,33
62,148,0.0036,-0.0001,100.0,518.67,643.02,1597.38,1418.73,14.62,21.61,551.66,2388.22,9059.03,1.3,47.92,520.32,2388.22,8126.23,8.4928,0.03,394,2388,100.0,38.43,23.121,32
62,149,0.0008,0.0004,100.0,518.67,642.86,1598.72,1415.52,14.62,21.61,552.19,2388.22,9052.1,1.3,47.89,520.63,2388.18,8128.08,8.494,0.03,395,2388,100.0,38.55,23.2028,31
62,150,-0.0007,0.0002,100.0,518.67,643.13,1596.74,1425.08,14.62,21.61,552.37,2388.18,9048.8,1.3,47.93,520.67,2388.22,8132.97,8.4811,0.03,394,2388,100.0,38.55,23.3169,30
62,151,-0.0007,0.0003,100.0,518.67,643.17,1602.16,1419.74,14.62,21.61,551.65,2388.28,9044.4,1.3,47.94,520.46,2388.23,8126.69,8.4941,0.03,395,2388,100.0,38.47,23.1563,29
62,152,-0.0014,-0.0004,100.0,518.67,642.97,1592.93,1420.19,14.62,21.61,553.1,2388.24,9051.23,1.3,48.04,520.35,2388.22,8130.71,8.4939,0.03,396,2388,100.0,38.52,23.2851,28
62,153,0.0037,0.0001,100.0,518.67,643.09,1594.93,1424.44,14.62,21.61,552.15,2388.2,9050.45,1.3,47.94,520.1,2388.22,8128.8,8.5179,0.03,395,2388,100.0,38.53,23.1438,27
62,154,-0.0003,-0.0002,100.0,518.67,643.6,1598.29,1418.29,14.62,21.61,551.88,2388.2,9050.34,1.3,47.82,520.06,2388.21,8127.25,8.4769,0.03,394,2388,100.0,38.72,23.143,26
62,155,-0.0006,0.0,100.0,518.67,643.21,1592.44,1422.98,14.62,21.61,552.41,2388.19,9049.09,1.3,47.91,520.31,2388.24,8123.33,8.5069,0.03,396,2388,100.0,38.73,23.1973,25
62,156,0.0035,0.0006,100.0,518.67,643.4,1599.79,1420.36,14.62,21.61,552.49,2388.23,9041.56,1.3,48.01,520.37,2388.18,8128.1,8.4572,0.03,394,2388,100.0,38.77,23.1708,24
62,157,-0.0018,0.0006,100.0,518.67,642.99,1595.81,1424.62,14.62,21.61,552.78,2388.19,9053.27,1.3,47.91,520.01,2388.21,8124.17,8.5332,0.03,395,2388,100.0,38.59,23.1676,23
62,158,0.0048,0.0003,100.0,518.67,643.63,1600.27,1415.64,14.62,21.61,551.99,2388.21,9049.01,1.3,47.91,520.13,2388.21,8126.21,8.4946,0.03,394,2388,100.0,38.56,23.2017,22
62,159,-0.0014,-0.0002,100.0,518.67,643.25,1596.99,1419.18,14.62,21.61,551.99,2388.22,9046.79,1.3,47.98,519.76,2388.29,8128.82,8.4797,0.03,395,2388,100.0,38.63,23.1619,21
62,160,-0.0015,0.0002,100.0,518.67,643.74,1597.7,1430.64,14.62,21.61,551.56,2388.21,9046.54,1.3,47.94,520.08,2388.24,8123.58,8.499,0.03,395,2388,100.0,38.65,23.103,20
62,161,0.0005,0.0005,100.0,518.67,643.48,1604.01,1419.38,14.62,21.61,551.99,2388.21,9050.0,1.3,47.85,520.17,2388.27,8124.76,8.4967,0.03,394,2388,100.0,38.47,23.0845,19
62,162,-0.0003,-0.0003,100.0,518.67,643.07,1596.57,1421.9,14.62,21.61,551.56,2388.23,9050.45,1.3,47.8,520.21,2388.28,8125.59,8.4946,0.03,396,2388,100.0,38.46,23.2615,18
62,163,0.0006,0.0,100.0,518.67,643.57,1600.35,1421.51,14.62,21.61,552.29,2388.23,9054.19,1.3,48.04,519.97,2388.24,8117.32,8.4978,0.03,396,2388,100.0,38.47,23.0817,17
62,164,-0.0013,0.0005,100.0,518.67,643.65,1600.28,1429.69,14.62,21.61,551.52,2388.27,9045.64,1.3,48.09,519.71,2388.24,8126.03,8.5167,0.03,395,2388,100.0,38.45,23.0537,16
62,165,-0.002,0.0004,100.0,518.67,642.88,1597.62,1421.31,14.62,21.61,551.43,2388.22,9052.19,1.3,48.11,520.14,2388.24,8125.11,8.4989,0.03,394,2388,100.0,38.51,23.077,15
62,166,0.0001,0.0003,100.0,518.67,643.91,1599.85,1424.66,14.62,21.61,551.65,2388.28,9052.45,1.3,48.0,519.76,2388.22,8129.8,8.4761,0.03,396,2388,100.0,38.59,23.1572,14
62,167,-0.0004,0.0002,100.0,518.67,643.09,1594.7,1425.57,14.62,21.61,551.25,2388.27,9049.23,1.3,48.06,519.58,2388.28,8125.35,8.5092,0.03,394,2388,100.0,38.63,23.0802,13
62,168,0.0011,0.0002,100.0,518.67,643.27,1601.12,1424.28,14.62,21.61,552.38,2388.32,9044.7,1.3,47.87,519.51,2388.29,8121.97,8.4991,0.03,397,2388,100.0,38.47,23.0546,12
62,169,-0.0025,0.0001,100.0,518.67,642.75,1607.03,1420.12,14.62,21.61,551.76,2388.31,9044.8,1.3,48.25,520.12,2388.28,8120.26,8.5283,0.03,395,2388,100.0,38.52,23.0111,11
62,170,0.0021,0.0003,100.0,518.67,643.72,1598.12,1425.68,14.62,21.61,551.62,2388.31,9045.19,1.3,48.29,520.07,2388.33,8120.27,8.5269,0.03,396,2388,100.0,38.46,23.0544,10
62,171,-0.0019,0.0004,100.0,518.67,643.44,1599.43,1424.08,14.62,21.61,552.14,2388.25,9050.31,1.3,48.21,520.26,2388.21,8126.35,8.5255,0.03,394,2388,100.0,38.39,23.0042,9
62,172,-0.001,-0.0003,100.0,518.67,643.78,1601.16,1423.58,14.62,21.61,552.07,2388.31,9049.98,1.3,48.04,519.63,2388.28,8127.36,8.5055,0.03,395,2388,100.0,38.41,23.0184,8
62,173,-0.0001,-0.0004,100.0,518.67,643.67,1601.42,1431.48,14.62,21.61,552.49,2388.29,9045.5,1.3,48.12,519.87,2388.31,8116.93,8.5266,0.03,395,2388,100.0,38.48,23.1565,7
62,174,-0.0011,0.0006,100.0,518.67,643.51,1601.38,1425.56,14.62,21.61,551.09,2388.31,9047.5,1.3,48.06,519.49,2388.32,8118.4,8.5124,0.03,395,2388,100.0,38.5,23.0207,6
62,175,-0.0005,-0.0004,100.0,518.67,643.23,1598.92,1429.41,14.62,21.61,551.33,2388.26,9050.64,1.3,48.26,519.81,2388.29,8118.85,8.5292,0.03,397,2388,100.0,38.45,22.9532,5
62,176,0.0026,-0.0002,100.0,518.67,643.37,1600.36,1432.64,14.62,21.61,551.45,2388.3,9043.24,1.3,48.01,520.05,2388.29,8116.48,8.5216,0.03,394,2388,100.0,38.3,23.0983,4
62,177,-0.0029,-0.0002,100.0,518.67,643.66,1595.0,1424.88,14.62,21.61,551.84,2388.24,9045.38,1.3,48.0,519.7,2388.24,8122.38,8.5401,0.03,395,2388,100.0,38.44,23.0416,3
62,178,-0.0005,-0.0,100.0,518.67,643.22,1601.35,1421.8,14.62,21.61,551.47,2388.27,9051.6,1.3,48.1,519.81,2388.25,8120.93,8.5187,0.03,396,2388,100.0,38.57,23.0534,2
62,179,0.003,-0.0002,100.0,518.67,643.54,1603.55,1423.67,14.62,21.61,550.96,2388.28,9043.93,1.3,48.27,519.84,2388.37,8119.37,8.5452,0.03,395,2388,100.0,38.64,23.0212,1
62,180,-0.0026,-0.0002,100.0,518.67,643.49,1595.1,1427.51,14.62,21.61,551.09,2388.28,9037.02,1.3,48.16,519.68,2388.31,8123.28,8.5442,0.03,396,2388,100.0,38.35,23.0042,0
63,1,0.0005,-0.0001,100.0,518.67,642.61,1585.01,1405.59,14.62,21.61,553.95,2388.07,9050.26,1.3,47.38,521.24,2388.09,8137.64,8.395,0.03,392,2388,100.0,38.98,23.4455,173
63,2,0.0024,0.0003,100.0,518.67,642.8,1585.07,1396.99,14.62,21.61,554.28,2388.09,9057.95,1.3,47.46,521.77,2388.05,8139.83,8.4431,0.03,393,2388,100.0,38.91,23.3626,172
63,3,-0.0015,-0.0001,100.0,518.67,642.55,1600.15,1404.54,14.62,21.61,553.22,2388.09,9057.29,1.3,47.52,521.53,2388.06,8134.44,8.4368,0.03,392,2388,100.0,39.0,23.3173,171
63,4,-0.0027,-0.0,100.0,518.67,642.37,1583.64,1399.57,14.62,21.61,553.79,2388.08,9053.81,1.3,47.28,522.12,2388.04,8132.61,8.4006,0.03,392,2388,100.0,38.97,23.2563,170
63,5,0.0009,-0.0,100.0,518.67,642.15,1590.16,1412.41,14.62,21.61,553.28,2388.1,9051.93,1.3,47.52,521.46,2388.1,8139.9,8.4435,0.03,393,2388,100.0,38.76,23.3926,169
63,6,0.0014,0.0005,100.0,518.67,642.26,1588.0,1402.95,14.62,21.61,553.23,2388.12,9047.9,1.3,47.53,521.22,2388.1,8134.14,8.43,0.03,393,2388,100.0,38.79,23.3105,168
63,7,0.0014,0.0004,100.0,518.67,642.9,1592.37,1404.86,14.62,21.61,553.68,2388.11,9055.9,1.3,47.39,521.96,2388.09,8134.61,8.4151,0.03,392,2388,100.0,38.8,23.3713,167
63,8,-0.0001,0.0004,100.0,518.67,642.95,1590.26,1404.07,14.62,21.61,553.02,2388.09,9064.74,1.3,47.44,521.28,2388.03,8140.86,8.4183,0.03,392,2388,100.0,38.78,23.3722,166
63,9,0.0029,-0.0004,100.0,518.67,642.37,1587.8,1397.96,14.62,21.61,554.19,2388.1,9052.73,1.3,47.29,521.19,2388.1,8136.72,8.4453,0.03,394,2388,100.0,39.05,23.2224,165
63,10,0.0015,-0.0004,100.0,518.67,642.32,1586.36,1413.78,14.62,21.61,553.61,2388.09,9058.88,1.3,47.46,522.16,2388.05,8138.6,8.3979,0.03,392,2388,100.0,38.9,23.2731,164
63,11,-0.0012,-0.0003,100.0,518.67,642.18,1579.97,1407.38,14.62,21.61,554.16,2388.11,9062.53,1.3,47.36,522.04,2388.09,8138.89,8.4264,0.03,393,2388,100.0,38.98,23.3233,163
63,12,-0.0012,-0.0003,100.0,518.67,642.6,1586.14,1406.98,14.62,21.61,554.24,2388.09,9060.87,1.3,47.59,521.7,2388.06,8133.77,8.4486,0.03,393,2388,100.0,38.89,23.3231,162
63,13,0.0012,-0.0,100.0,518.67,642.63,1586.02,1405.53,14.62,21.61,553.78,2388.08,9056.79,1.3,47.29,522.27,2388.08,8134.45,8.4231,0.03,392,2388,100.0,38.98,23.277,161
63,14,-0.0015,0.0005,100.0,518.67,642.55,1588.64,1407.18,14.62,21.61,553.89,2388.11,9062.15,1.3,47.38,521.71,2388.08,8137.27,8.4222,0.03,392,2388,100.0,38.81,23.3437,160
63,15,0.0,0.0001,100.0,518.67,642.54,1595.45,1402.24,14.62,21.61,554.62,2388.08,9053.05,1.3,47.51,521.8,2388.06,8133.9,8.4354,0.03,392,2388,100.0,38.88,23.2272,159
63,16,0.0005,0.0002,100.0,518.67,643.16,1588.1,1406.88,14.62,21.61,553.2,2388.1,9054.25,1.3,47.6,521.71,2388.1,8140.86,8.4311,0.03,393,2388,100.0,39.03,23.4545,158
63,17,0.0025,-0.0,100.0,518.67,642.06,1581.34,1408.52,14.62,21.61,554.39,2388.09,9059.59,1.3,47.67,521.14,2388.05,8138.27,8.4445,0.03,391,2388,100.0,38.86,23.391,157
63,18,-0.0021,-0.0,100.0,518.67,642.64,1593.26,1409.26,14.62,21.61,553.39,2388.04,9056.31,1.3,47.36,521.17,2388.09,8132.82,8.4219,0.03,393,2388,100.0,38.83,23.0453,156
63,19,-0.0002,0.0002,100.0,518.67,642.76,1584.69,1407.84,14.62,21.61,553.61,2388.12,9056.18,1.3,47.31,521.6,2388.08,8134.89,8.4443,0.03,393,2388,100.0,38.91,23.3216,155
63,20,0.0004,-0.0004,100.0,518.67,642.66,1588.4,1397.29,14.62,21.61,554.14,2388.1,9051.0,1.3,47.42,522.18,2388.12,8142.87,8.4242,0.03,392,2388,100.0,38.9,23.4307,154
63,21,0.0024,0.0,100.0,518.67,642.53,1588.08,1409.94,14.62,21.61,554.53,2388.06,9060.73,1.3,47.48,521.35,2388.04,8136.7,8.4192,0.03,393,2388,100.0,39.06,23.3518,153
63,22,0.0021,-0.0004,100.0,518.67,642.23,1579.97,1411.07,14.62,21.61,553.71,2388.1,9057.48,1.3,47.45,521.5,2388.11,8138.11,8.4302,0.03,393,2388,100.0,38.84,23.3918,152
63,23,0.0021,0.0003,100.0,518.67,642.99,1592.95,1401.63,14.62,21.61,553.78,2388.07,9054.25,1.3,47.42,521.48,2388.11,8139.17,8.4512,0.03,392,2388,100.0,38.92,23.2857,151
63,24,0.002,0.0003,100.0,518.67,642.84,1588.6,1404.91,14.62,21.61,554.08,2388.06,9056.68,1.3,47.45,521.46,2388.08,8136.95,8.3822,0.03,393,2388,100.0,38.9,23.3423,150
63,25,0.0029,0.0003,100.0,518.67,642.55,1583.62,1406.0,14.62,21.61,554.16,2388.04,9056.01,1.3,47.46,521.92,2388.05,8136.42,8.4381,0.03,392,2388,100.0,38.78,23.3139,149
63,26,0.0009,-0.0002,100.0,518.67,642.17,1589.3,1408.13,14.62,21.61,553.69,2388.1,9068.49,1.3,47.46,521.31,2388.12,8133.34,8.4375,0.03,391,2388,100.0,38.8,23.3081,148
63,27,-0.0014,0.0004,100.0,518.67,642.26,1587.05,1409.2,14.62,21.61,553.94,2388.05,9059.25,1.3,47.57,521.74,2388.0,8135.92,8.4508,0.03,394,2388,100.0,38.92,23.353,147
63,28,0.0001,-0.0003,100.0,518.67,641.95,1587.86,1408.06,14.62,21.61,552.85,2388.07,9053.76,1.3,47.39,521.5,2388.05,8138.6,8.4557,0.03,392,2388,100.0,38.81,23.2689,146
63,29,-0.0012,0.0003,100.0,518.67,642.55,1579.07,1398.82,14.62,21.61,553.74,2388.02,9060.98,1.3,47.34,521.28,2388.06,8140.4,8.442,0.03,393,2388,100.0,38.88,23.3618,145
63,30,0.0007,-0.0,100.0,518.67,642.37,1585.54,1410.0,14.62,21.61,553.75,2388.1,9056.41,1.3,47.52,522.08,2388.15,8134.1,8.4458,0.03,392,2388,100.0,38.85,23.3697,144
63,31,0.0004,-0.0003,100.0,518.67,642.33,1595.69,1410.76,14.62,21.61,553.22,2388.06,9058.44,1.3,47.55,522.31,2388.07,8134.34,8.4467,0.03,393,2388,100.0,38.93,23.4287,143
63,32,-0.0009,-0.0003,100.0,518.67,642.74,1592.55,1406.72,14.62,21.61,554.16,2388.08,9058.37,1.3,47.47,521.44,2388.08,8137.17,8.4228,0.03,393,2388,100.0,38.93,23.3022,142
63,33,-0.0007,0.0001,100.0,518.67,642.65,1586.61,1400.47,14.62,21.61,552.91,2388.03,9057.01,1.3,47.6,521.81,2388.05,8142.84,8.409,0.03,393,2388,100.0,38.93,23.3823,141
63,34,0.0007,-0.0003,100.0,518.67,643.24,1586.18,1409.54,14.62,21.61,554.34,2388.06,9057.59,1.3,47.58,521.36,2388.06,8136.53,8.4818,0.03,392,2388,100.0,38.93,23.3219,140
63,35,-0.0008,0.0001,100.0,518.67,642.5,1587.64,1409.16,14.62,21.61,553.43,2388.1,9059.41,1.3,47.3,521.63,2388.08,8136.38,8.4206,0.03,394,2388,100.0,39.04,23.3259,139
63,36,0.0017,0.0001,100.0,518.67,642.76,1585.36,1414.87,14.62,21.61,553.03,2388.13,9059.16,1.3,47.56,521.88,2388.1,8139.84,8.3808,0.03,393,2388,100.0,38.83,23.2547,138
63,37,-0.0013,-0.0001,100.0,518.67,642.42,1584.89,1401.88,14.62,21.61,553.96,2388.11,9056.2,1.3,47.44,522.06,2388.08,8135.62,8.3872,0.03,392,2388,100.0,38.81,23.2723,137
63,38,0.0034,0.0002,100.0,518.67,642.99,1595.37,1409.91,14.62,21.61,553.93,2388.11,9061.43,1.3,47.52,521.9,2388.09,8135.09,8.4208,0.03,391,2388,100.0,38.9,23.2345,136
63,39,0.0048,-0.0002,100.0,518.67,642.25,1587.72,1403.99,14.62,21.61,553.5,2388.09,9059.19,1.3,47.53,521.23,2388.07,8135.76,8.4108,0.03,392,2388,100.0,38.77,23.4026,135
63,40,0.001,-0.0,100.0,518.67,642.31,1582.4,1404.36,14.62,21.61,553.43,2388.12,9055.53,1.3,47.41,521.63,2388.08,8144.88,8.4628,0.03,393,2388,100.0,38.91,23.3214,134
63,41,-0.0031,0.0004,100.0,518.67,642.21,1585.67,1409.05,14.62,21.61,553.23,2388.08,9062.53,1.3,47.39,521.56,2388.09,8135.89,8.4119,0.03,393,2388,100.0,38.88,23.2994,133
63,42,-0.0017,0.0003,100.0,518.67,641.93,1575.0,1408.74,14.62,21.61,553.75,2388.06,9053.36,1.3,47.49,521.53,2388.14,8135.83,8.4298,0.03,394,2388,100.0,38.71,23.2958,132
63,43,0.0036,0.0003,100.0,518.67,643.23,1587.99,1403.78,14.62,21.61,553.32,2388.06,9053.33,1.3,47.45,521.86,2388.11,8137.63,8.4211,0.03,392,2388,100.0,38.79,23.4082,131
63,44,0.0033,0.0005,100.0,518.67,642.51,1582.46,1402.64,14.62,21.61,553.46,2388.11,9060.96,1.3,47.37,521.69,2388.06,8137.73,8.3958,0.03,393,2388,100.0,38.98,23.2904,130
63,45,-0.0049,0.0002,100.0,518.67,642.95,1598.14,1405.24,14.62,21.61,554.37,2388.07,9062.22,1.3,47.41,521.42,2388.05,8145.36,8.4157,0.03,393,2388,100.0,38.98,23.3761,129
63,46,0.0021,0.0004,100.0,518.67,642.8,1591.24,1405.02,14.62,21.61,553.57,2388.1,9058.63,1.3,47.53,521.44,2388.1,8139.27,8.4361,0.03,395,2388,100.0,38.81,23.3302,128
63,47,0.0003,0.0,100.0,518.67,642.6,1586.08,1406.3,14.62,21.61,553.84,2388.04,9061.69,1.3,47.48,521.57,2388.04,8139.11,8.4019,0.03,393,2388,100.0,38.9,23.3668,127
63,48,0.0004,-0.0004,100.0,518.67,642.13,1581.25,1403.47,14.62,21.61,553.66,2388.07,9065.86,1.3,47.57,522.15,2388.03,8140.86,8.431,0.03,392,2388,100.0,38.83,23.306,126
63,49,0.0001,0.0004,100.0,518.67,642.82,1583.45,1401.34,14.62,21.61,553.11,2388.09,9057.26,1.3,47.37,521.51,2388.11,8137.26,8.4857,0.03,392,2388,100.0,39.02,23.3586,125
63,50,0.001,-0.0003,100.0,518.67,642.45,1588.4,1407.39,14.62,21.61,554.3,2388.11,9059.89,1.3,47.61,521.6,2388.1,8141.96,8.4788,0.03,394,2388,100.0,38.76,23.4488,124
63,51,-0.0002,0.0001,100.0,518.67,642.08,1589.83,1407.12,14.62,21.61,552.87,2388.12,9057.69,1.3,47.35,521.87,2388.08,8145.87,8.4131,0.03,393,2388,100.0,38.79,23.2774,123
63,52,-0.0062,0.0001,100.0,518.67,642.21,1588.31,1401.69,14.62,21.61,553.75,2388.05,9060.81,1.3,47.54,521.83,2388.07,8141.0,8.4467,0.03,393,2388,100.0,39.0,23.3795,122
63,53,-0.0013,0.0003,100.0,518.67,642.83,1585.62,1408.63,14.62,21.61,553.78,2388.13,9060.73,1.3,47.5,521.87,2388.13,8138.37,8.4396,0.03,392,2388,100.0,38.81,23.4105,121
63,54,-0.0021,0.0005,100.0,518.67,642.07,1593.8,1403.69,14.62,21.61,553.79,2388.08,9064.11,1.3,47.38,521.73,2388.1,8139.65,8.4366,0.03,393,2388,100.0,38.89,23.3641,120
63,55,-0.001,-0.0003,100.0,518.67,641.99,1591.21,1405.3,14.62,21.61,553.29,2388.1,9059.17,1.3,47.27,521.77,2388.11,8140.41,8.3903,0.03,394,2388,100.0,38.9,23.3873,119
63,56,-0.0022,-0.0003,100.0,518.67,642.82,1593.11,1412.3,14.62,21.61,554.13,2388.08,9062.01,1.3,47.57,521.28,2388.12,8139.26,8.4012,0.03,392,2388,100.0,38.9,23.2706,118
63,57,-0.0008,0.0002,100.0,518.67,642.63,1591.94,1405.69,14.62,21.61,553.15,2388.03,9064.94,1.3,47.45,521.94,2388.13,8130.93,8.4288,0.03,393,2388,100.0,38.87,23.3018,117
63,58,0.0007,0.0002,100.0,518.67,643.01,1585.3,1407.32,14.62,21.61,554.12,2388.05,9067.72,1.3,47.59,521.6,2388.04,8137.2,8.4326,0.03,395,2388,100.0,38.78,23.3312,116
63,59,0.0003,-0.0002,100.0,518.67,642.2,1591.51,1400.91,14.62,21.61,554.24,2388.1,9063.46,1.3,47.27,521.51,2388.09,8144.97,8.4285,0.03,392,2388,100.0,38.76,23.3741,115
63,60,0.002,-0.0004,100.0,518.67,642.61,1590.24,1417.57,14.62,21.61,553.59,2388.06,9059.07,1.3,47.47,521.73,2388.06,8140.59,8.4193,0.03,395,2388,100.0,38.82,23.3222,114
63,61,-0.002,0.0,100.0,518.67,642.48,1584.18,1409.68,14.62,21.61,553.54,2388.08,9056.54,1.3,47.4,521.35,2388.1,8143.85,8.4483,0.03,392,2388,100.0,38.87,23.2895,113
63,62,-0.0024,-0.0003,100.0,518.67,642.49,1595.49,1407.12,14.62,21.61,553.06,2388.16,9052.21,1.3,47.59,521.41,2388.08,8136.62,8.415,0.03,393,2388,100.0,38.7,23.3009,112
63,63,0.0011,0.0,100.0,518.67,642.69,1590.95,1412.99,14.62,21.61,553.03,2388.12,9057.73,1.3,47.48,521.06,2388.04,8132.68,8.4612,0.03,393,2388,100.0,38.89,23.4076,111
63,64,-0.0024,0.0003,100.0,518.67,642.56,1590.49,1406.18,14.62,21.61,552.88,2388.11,9065.44,1.3,47.48,521.08,2388.11,8139.49,8.4293,0.03,392,2388,100.0,38.98,23.3718,110
63,65,-0.0034,0.0006,100.0,518.67,642.54,1588.54,1407.06,14.62,21.61,553.54,2388.05,9060.39,1.3,47.68,521.44,2388.03,8144.16,8.4513,0.03,392,2388,100.0,39.03,23.2668,109
63,66,0.002,-0.0004,100.0,518.67,642.53,1594.99,1408.08,14.62,21.61,552.99,2388.03,9065.13,1.3,47.49,521.01,2388.11,8140.53,8.4491,0.03,392,2388,100.0,38.79,23.2956,108
63,67,-0.0023,0.0004,100.0,518.67,642.39,1583.66,1410.4,14.62,21.61,553.63,2388.07,9060.15,1.3,47.56,521.28,2388.1,8137.54,8.4512,0.03,392,2388,100.0,38.92,23.3494,107
63,68,0.0028,-0.0001,100.0,518.67,642.41,1584.2,1405.9,14.62,21.61,553.79,2388.05,9054.7,1.3,47.56,521.61,2388.08,8137.96,8.4076,0.03,391,2388,100.0,38.95,23.3429,106
63,69,0.0008,0.0005,100.0,518.67,642.34,1589.76,1406.41,14.62,21.61,554.12,2388.06,9062.9,1.3,47.49,521.47,2388.08,8136.19,8.4493,0.03,393,2388,100.0,38.65,23.3838,105
63,70,0.0008,0.0006,100.0,518.67,643.03,1596.95,1405.36,14.62,21.61,553.69,2388.08,9066.37,1.3,47.65,521.97,2388.03,8145.74,8.4342,0.03,393,2388,100.0,38.85,23.2736,104
63,71,0.0012,-0.0001,100.0,518.67,642.4,1591.61,1408.79,14.62,21.61,553.73,2388.06,9062.1,1.3,47.43,521.6,2388.09,8145.46,8.4243,0.03,392,2388,100.0,39.01,23.258,103
63,72,0.0012,0.0002,100.0,518.67,642.37,1593.96,1409.63,14.62,21.61,553.82,2388.07,9060.16,1.3,47.55,521.63,2388.08,8140.26,8.4078,0.03,393,2388,100.0,38.84,23.3882,102
63,73,0.0002,0.0002,100.0,518.67,642.55,1588.89,1409.39,14.62,21.61,552.81,2388.02,9054.28,1.3,47.39,522.06,2388.05,8138.09,8.4392,0.03,392,2388,100.0,38.93,23.3122,101
63,74,-0.0049,-0.0001,100.0,518.67,642.74,1598.76,1403.81,14.62,21.61,553.61,2388.1,9060.95,1.3,47.5,521.59,2388.1,8148.09,8.4559,0.03,394,2388,100.0,38.81,23.4572,100
63,75,-0.002,0.0001,100.0,518.67,642.22,1594.91,1407.94,14.62,21.61,553.78,2388.12,9054.43,1.3,47.6,521.47,2388.07,8141.32,8.4538,0.03,392,2388,100.0,38.76,23.3412,99
63,76,-0.0013,0.0002,100.0,518.67,642.54,1595.64,1407.83,14.62,21.61,553.75,2388.1,9067.27,1.3,47.56,521.84,2388.06,8148.16,8.427,0.03,392,2388,100.0,38.76,23.3009,98
63,77,0.001,0.0004,100.0,518.67,642.2,1584.1,1404.65,14.62,21.61,553.97,2388.09,9073.22,1.3,47.4,521.95,2388.03,8145.1,8.438,0.03,392,2388,100.0,38.78,23.3788,97
63,78,-0.0016,0.0004,100.0,518.67,642.13,1594.0,1403.51,14.62,21.61,554.17,2388.08,9064.92,1.3,47.6,521.71,2388.04,8137.12,8.4358,0.03,394,2388,100.0,38.73,23.3198,96
63,79,-0.0034,-0.0003,100.0,518.67,642.64,1587.46,1406.33,14.62,21.61,553.7,2388.06,9066.72,1.3,47.36,521.43,2388.07,8143.3,8.4273,0.03,394,2388,100.0,38.96,23.32,95
63,80,-0.0014,0.0003,100.0,518.67,642.82,1587.87,1403.56,14.62,21.61,552.75,2388.02,9067.0,1.3,47.41,521.61,2388.04,8142.27,8.4179,0.03,393,2388,100.0,38.84,23.2739,94
63,81,0.0014,0.0005,100.0,518.67,643.47,1599.49,1412.56,14.62,21.61,553.26,2388.03,9065.57,1.3,47.58,521.42,2388.09,8142.44,8.4364,0.03,393,2388,100.0,38.91,23.2206,93
63,82,0.002,0.0004,100.0,518.67,642.92,1587.75,1409.02,14.62,21.61,553.72,2388.1,9063.76,1.3,47.6,521.06,2388.07,8141.16,8.4496,0.03,392,2388,100.0,38.59,23.2256,92
63,83,0.0006,-0.0001,100.0,518.67,642.49,1590.1,1406.79,14.62,21.61,553.93,2388.06,9064.79,1.3,47.45,522.13,2388.09,8142.68,8.4271,0.03,393,2388,100.0,38.84,23.2634,91
63,84,0.0011,0.0005,100.0,518.67,642.54,1597.47,1412.95,14.62,21.61,553.03,2388.11,9063.0,1.3,47.36,521.54,2388.04,8145.1,8.3831,0.03,393,2388,100.0,38.83,23.3583,90
63,85,0.0038,-0.0003,100.0,518.67,642.46,1588.63,1407.49,14.62,21.61,553.04,2388.13,9070.4,1.3,47.65,521.33,2388.03,8148.06,8.416,0.03,392,2388,100.0,38.98,23.2768,89
63,86,-0.0017,0.0,100.0,518.67,643.0,1590.6,1409.38,14.62,21.61,553.97,2388.06,9062.41,1.3,47.48,521.7,2388.08,8147.5,8.432,0.03,392,2388,100.0,38.77,23.2928,88
63,87,-0.0016,-0.0002,100.0,518.67,642.67,1586.9,1414.92,14.62,21.61,553.86,2388.08,9066.09,1.3,47.69,521.49,2388.07,8140.94,8.4608,0.03,393,2388,100.0,38.93,23.3412,87
63,88,-0.0013,-0.0003,100.0,518.67,642.38,1585.34,1414.19,14.62,21.61,553.43,2388.11,9062.11,1.3,47.56,521.48,2388.07,8146.9,8.4378,0.03,393,2388,100.0,38.78,23.3061,86
63,89,-0.0029,-0.0003,100.0,518.67,642.65,1593.33,1402.2,14.62,21.61,553.57,2388.08,9068.13,1.3,47.44,521.58,2388.09,8142.36,8.4382,0.03,394,2388,100.0,38.79,23.2979,85
63,90,0.0024,0.0003,100.0,518.67,642.53,1584.06,1407.81,14.62,21.61,554.17,2388.06,9057.95,1.3,47.71,521.53,2388.11,8140.1,8.4458,0.03,393,2388,100.0,38.96,23.4223,84
63,91,-0.0002,0.0001,100.0,518.67,642.84,1592.21,1416.19,14.62,21.61,553.35,2388.11,9063.56,1.3,47.78,521.74,2388.02,8145.2,8.4384,0.03,392,2388,100.0,38.84,23.3298,83
63,92,0.0026,0.0003,100.0,518.67,642.37,1592.27,1408.12,14.62,21.61,553.74,2388.09,9068.32,1.3,47.53,521.35,2388.06,8147.29,8.4347,0.03,392,2388,100.0,38.76,23.2929,82
63,93,0.0025,-0.0003,100.0,518.67,642.42,1592.85,1400.04,14.62,21.61,554.27,2388.07,9076.72,1.3,47.41,521.93,2388.12,8144.31,8.4468,0.03,394,2388,100.0,38.85,23.2468,81
63,94,-0.0006,-0.0004,100.0,518.67,642.4,1588.46,1413.29,14.62,21.61,554.52,2388.08,9067.37,1.3,47.53,521.81,2388.08,8143.75,8.4077,0.03,392,2388,100.0,38.98,23.321,80
63,95,0.0057,0.0003,100.0,518.67,642.79,1591.82,1411.51,14.62,21.61,553.84,2388.07,9061.56,1.3,47.58,521.86,2388.09,8144.97,8.4561,0.03,392,2388,100.0,38.89,23.397,79
63,96,0.0009,0.0001,100.0,518.67,642.07,1593.57,1406.57,14.62,21.61,554.35,2388.03,9070.99,1.3,47.38,521.63,2388.1,8141.89,8.3954,0.03,393,2388,100.0,38.78,23.2521,78
63,97,0.0034,-0.0003,100.0,518.67,642.48,1592.44,1417.12,14.62,21.61,553.31,2388.12,9073.88,1.3,47.64,521.32,2388.09,8149.62,8.45,0.03,392,2388,100.0,38.89,23.2779,77
63,98,0.0019,0.0006,100.0,518.67,642.66,1587.25,1415.19,14.62,21.61,552.24,2388.11,9068.71,1.3,47.54,521.23,2388.1,8149.17,8.4804,0.03,393,2388,100.0,38.83,23.2497,76
63,99,-0.0012,0.0004,100.0,518.67,643.17,1591.83,1411.39,14.62,21.61,553.33,2388.03,9066.28,1.3,47.57,521.35,2387.99,8147.14,8.4248,0.03,395,2388,100.0,38.67,23.2759,75
63,100,-0.0007,0.0002,100.0,518.67,642.62,1597.18,1406.09,14.62,21.61,553.53,2388.08,9066.98,1.3,47.85,520.85,2388.07,8149.19,8.4239,0.03,393,2388,100.0,38.8,23.3166,74
63,101,-0.0026,0.0001,100.0,518.67,642.59,1593.82,1412.66,14.62,21.61,553.57,2388.04,9065.53,1.3,47.55,521.48,2388.13,8141.64,8.4319,0.03,392,2388,100.0,38.84,23.4029,73
63,102,-0.0007,-0.0002,100.0,518.67,642.67,1591.63,1404.44,14.62,21.61,553.73,2388.05,9065.69,1.3,47.53,521.18,2388.04,8148.06,8.4393,0.03,394,2388,100.0,38.79,23.2819,72
63,103,0.0025,0.0005,100.0,518.67,642.74,1594.84,1413.8,14.62,21.61,552.93,2388.08,9068.47,1.3,47.5,520.87,2388.1,8146.03,8.4791,0.03,394,2388,100.0,38.83,23.3546,71
63,104,-0.0007,0.0004,100.0,518.67,642.27,1595.86,1412.19,14.62,21.61,553.21,2388.1,9067.69,1.3,47.67,521.56,2388.09,8151.92,8.4389,0.03,392,2388,100.0,38.97,23.3161,70
63,105,-0.0009,0.0001,100.0,518.67,643.23,1592.0,1415.99,14.62,21.61,552.65,2388.07,9075.37,1.3,47.5,521.52,2388.08,8152.17,8.4339,0.03,394,2388,100.0,38.93,23.2887,69
63,106,0.0004,0.0005,100.0,518.67,642.81,1590.76,1412.18,14.62,21.61,553.11,2388.08,9068.16,1.3,47.52,521.75,2388.11,8150.59,8.449,0.03,394,2388,100.0,38.8,23.2125,68
63,107,-0.0015,-0.0002,100.0,518.67,642.66,1598.6,1405.06,14.62,21.61,553.16,2388.02,9074.24,1.3,47.62,521.28,2388.05,8148.44,8.4392,0.03,394,2388,100.0,38.76,23.3313,67
63,108,-0.0003,0.0,100.0,518.67,643.05,1591.53,1406.39,14.62,21.61,553.7,2388.07,9068.37,1.3,47.52,521.24,2388.06,8149.72,8.481,0.03,393,2388,100.0,38.67,23.2416,66
63,109,-0.0004,0.0,100.0,518.67,642.51,1584.53,1406.56,14.62,21.61,553.04,2388.09,9074.22,1.3,47.47,521.28,2388.08,8151.98,8.4587,0.03,394,2388,100.0,38.75,23.2314,65
63,110,-0.0037,0.0006,100.0,518.67,642.77,1598.25,1413.02,14.62,21.61,553.62,2388.07,9071.24,1.3,47.55,521.56,2388.11,8153.03,8.4774,0.03,395,2388,100.0,38.64,23.206,64
63,111,-0.0022,0.0005,100.0,518.67,642.83,1593.36,1410.94,14.62,21.61,552.94,2388.1,9072.56,1.3,47.5,521.07,2388.09,8153.19,8.4347,0.03,393,2388,100.0,38.76,23.261,63
63,112,-0.0015,0.0002,100.0,518.67,642.68,1597.77,1413.22,14.62,21.61,553.04,2388.13,9075.76,1.3,47.72,521.45,2388.13,8146.7,8.457,0.03,393,2388,100.0,38.63,23.3135,62
63,113,-0.0007,-0.0002,100.0,518.67,642.98,1590.69,1402.08,14.62,21.61,553.3,2388.12,9079.71,1.3,47.35,521.21,2388.07,8157.36,8.4685,0.03,393,2388,100.0,38.7,23.1859,61
63,114,-0.0046,0.0005,100.0,518.67,642.56,1586.7,1405.69,14.62,21.61,553.78,2388.06,9074.1,1.3,47.63,521.57,2388.09,8152.65,8.4524,0.03,395,2388,100.0,38.77,23.3222,60
63,115,0.0037,0.0003,100.0,518.67,642.53,1590.64,1410.05,14.62,21.61,553.55,2388.12,9076.86,1.3,47.78,521.37,2388.09,8155.8,8.471,0.03,395,2388,100.0,38.63,23.1651,59
63,116,-0.0048,0.0001,100.0,518.67,642.32,1597.28,1412.79,14.62,21.61,553.1,2388.1,9072.29,1.3,47.73,521.18,2388.09,8152.51,8.4495,0.03,393,2388,100.0,38.82,23.308,58
63,117,-0.0011,0.0005,100.0,518.67,642.7,1588.18,1410.98,14.62,21.61,552.89,2388.09,9079.24,1.3,47.46,520.95,2388.11,8154.3,8.442,0.03,395,2388,100.0,38.68,23.3027,57
63,118,0.001,-0.0003,100.0,518.67,642.94,1595.36,1412.67,14.62,21.61,552.81,2388.08,9080.07,1.3,47.59,521.88,2388.1,8158.88,8.4542,0.03,390,2388,100.0,38.74,23.2121,56
63,119,-0.0013,0.0001,100.0,518.67,642.6,1597.6,1409.75,14.62,21.61,553.3,2388.1,9081.31,1.3,47.48,520.94,2388.1,8150.12,8.4698,0.03,394,2388,100.0,38.79,23.2105,55
63,120,0.0017,0.0001,100.0,518.67,642.78,1596.94,1415.19,14.62,21.61,553.53,2388.11,9081.86,1.3,47.48,521.81,2388.11,8155.11,8.382,0.03,393,2388,100.0,38.59,23.2371,54
63,121,-0.0031,-0.0003,100.0,518.67,642.49,1591.68,1412.84,14.62,21.61,553.07,2388.09,9084.13,1.3,47.64,521.01,2388.18,8156.73,8.4515,0.03,395,2388,100.0,38.76,23.2853,53
63,122,0.0016,-0.0002,100.0,518.67,643.03,1589.73,1414.77,14.62,21.61,552.94,2388.12,9075.46,1.3,47.69,521.32,2388.05,8156.4,8.4373,0.03,393,2388,100.0,38.78,23.153,52
63,123,0.0023,0.0003,100.0,518.67,642.9,1589.53,1413.12,14.62,21.61,553.18,2388.08,9082.1,1.3,47.68,521.29,2388.08,8161.16,8.4471,0.03,394,2388,100.0,38.79,23.3256,51
63,124,0.0044,0.0001,100.0,518.67,642.65,1588.99,1412.93,14.62,21.61,553.31,2388.11,9080.59,1.3,47.45,520.81,2388.08,8156.13,8.4549,0.03,394,2388,100.0,38.67,23.2275,50
63,125,-0.0003,-0.0004,100.0,518.67,642.79,1598.45,1418.57,14.62,21.61,553.31,2388.1,9084.29,1.3,47.71,521.66,2388.06,8160.46,8.4563,0.03,394,2388,100.0,38.66,23.2807,49
63,126,-0.0006,-0.0003,100.0,518.67,642.99,1589.62,1418.26,14.62,21.61,553.22,2388.14,9082.03,1.3,47.53,520.93,2388.07,8157.55,8.4811,0.03,394,2388,100.0,38.62,23.1726,48
63,127,0.0025,0.0005,100.0,518.67,642.61,1598.81,1416.13,14.62,21.61,553.43,2388.14,9087.73,1.3,47.71,521.35,2388.11,8159.73,8.4409,0.03,393,2388,100.0,38.78,23.2306,47
63,128,0.0012,-0.0003,100.0,518.67,643.03,1593.3,1411.09,14.62,21.61,552.88,2388.13,9086.58,1.3,47.64,521.21,2388.1,8164.49,8.4566,0.03,394,2388,100.0,38.7,23.2814,46
63,129,-0.0029,0.0002,100.0,518.67,642.99,1589.17,1410.96,14.62,21.61,552.82,2388.06,9084.1,1.3,47.66,521.3,2388.05,8161.75,8.4813,0.03,394,2388,100.0,38.88,23.1859,45
63,130,0.0002,0.0001,100.0,518.67,642.82,1594.82,1414.9,14.62,21.61,552.79,2388.03,9084.33,1.3,47.7,521.43,2388.0,8163.71,8.4498,0.03,394,2388,100.0,38.73,23.2774,44
63,131,0.0004,0.0004,100.0,518.67,642.62,1598.02,1412.16,14.62,21.61,553.63,2388.04,9094.86,1.3,47.74,521.74,2388.04,8162.81,8.4284,0.03,392,2388,100.0,38.69,23.2823,43
63,132,0.0022,0.0006,100.0,518.67,642.89,1592.84,1416.67,14.62,21.61,553.49,2388.06,9085.08,1.3,47.71,520.53,2388.07,8166.55,8.4404,0.03,393,2388,100.0,38.83,23.2022,42
63,133,-0.0029,-0.0004,100.0,518.67,642.18,1592.96,1414.35,14.62,21.61,553.72,2388.1,9090.31,1.3,47.48,521.2,2388.06,8164.37,8.4668,0.03,393,2388,100.0,38.61,23.2184,41
63,134,-0.0025,-0.0001,100.0,518.67,642.78,1588.95,1412.85,14.62,21.61,552.99,2388.12,9090.08,1.3,47.57,521.11,2388.13,8167.12,8.486,0.03,395,2388,100.0,38.74,23.2516,40
63,135,-0.0006,0.0004,100.0,518.67,643.12,1592.74,1417.03,14.62,21.61,553.12,2388.09,9089.41,1.3,47.77,520.96,2388.07,8166.55,8.4636,0.03,395,2388,100.0,38.89,23.1694,39
63,136,-0.0042,0.0001,100.0,518.67,642.83,1601.89,1410.86,14.62,21.61,552.98,2388.12,9095.92,1.3,47.67,520.75,2388.04,8165.9,8.4762,0.03,393,2388,100.0,38.83,23.2249,38
63,137,-0.0019,0.0,100.0,518.67,643.01,1600.14,1416.51,14.62,21.61,552.8,2388.09,9092.69,1.3,47.67,520.82,2388.04,8171.99,8.4866,0.03,393,2388,100.0,38.79,23.2557,37
63,138,-0.0015,-0.0002,100.0,518.67,642.59,1589.85,1413.63,14.62,21.61,552.9,2388.17,9095.22,1.3,47.79,521.07,2388.1,8175.26,8.4804,0.03,395,2388,100.0,38.65,23.2474,36
63,139,0.0009,-0.0001,100.0,518.67,643.29,1593.63,1415.81,14.62,21.61,552.33,2388.11,9097.77,1.3,47.58,521.19,2388.13,8168.15,8.4635,0.03,395,2388,100.0,38.66,23.2089,35
63,140,-0.0006,-0.0004,100.0,518.67,642.9,1590.76,1420.81,14.62,21.61,553.18,2388.09,9099.87,1.3,47.8,521.06,2388.09,8174.76,8.4546,0.03,393,2388,100.0,38.6,23.1233,34
63,141,-0.0,0.0004,100.0,518.67,642.44,1591.89,1416.71,14.62,21.61,553.19,2388.13,9098.67,1.3,47.84,520.94,2388.12,8173.82,8.4778,0.03,395,2388,100.0,38.86,23.2223,33
63,142,0.0002,0.0004,100.0,518.67,643.03,1597.29,1412.0,14.62,21.61,551.68,2388.03,9099.76,1.3,47.76,520.93,2388.11,8178.56,8.4396,0.03,396,2388,100.0,38.66,23.1565,32
63,143,-0.0024,-0.0,100.0,518.67,642.55,1594.19,1416.18,14.62,21.61,552.38,2388.13,9115.68,1.3,47.72,520.76,2388.09,8177.01,8.4869,0.03,393,2388,100.0,38.95,23.2405,31
63,144,0.0032,-0.0002,100.0,518.67,643.38,1602.12,1423.84,14.62,21.61,551.9,2388.12,9106.01,1.3,47.68,521.04,2388.05,8181.2,8.4674,0.03,396,2388,100.0,38.72,23.2408,30
63,145,0.0008,0.0004,100.0,518.67,643.25,1594.31,1413.21,14.62,21.61,552.74,2388.08,9107.91,1.3,47.89,520.83,2388.08,8174.16,8.4765,0.03,394,2388,100.0,38.82,23.114,29
63,146,-0.006,-0.0001,100.0,518.67,642.95,1595.82,1413.81,14.62,21.61,553.35,2388.12,9103.95,1.3,47.93,521.4,2388.12,8173.11,8.4991,0.03,394,2388,100.0,38.64,23.1307,28
63,147,-0.0004,-0.0003,100.0,518.67,643.01,1597.83,1421.38,14.62,21.61,553.21,2388.13,9104.49,1.3,47.89,520.53,2388.11,8181.58,8.4962,0.03,394,2388,100.0,38.69,23.2515,27
63,148,-0.0035,0.0001,100.0,518.67,643.3,1599.72,1420.64,14.62,21.61,552.57,2388.1,9111.55,1.3,47.81,521.48,2388.09,8187.39,8.4631,0.03,393,2388,100.0,38.57,23.1995,26
63,149,-0.0011,0.0004,100.0,518.67,643.31,1592.92,1413.1,14.62,21.61,552.99,2388.13,9118.46,1.3,47.86,520.98,2388.08,8192.89,8.4539,0.03,396,2388,100.0,38.57,23.19,25
63,150,-0.0014,-0.0001,100.0,518.67,643.02,1597.29,1417.41,14.62,21.61,552.3,2388.01,9113.23,1.3,47.69,521.51,2388.08,8187.63,8.5109,0.03,394,2388,100.0,38.55,23.1251,24
63,151,0.0034,0.0002,100.0,518.67,642.6,1603.26,1420.86,14.62,21.61,551.69,2388.09,9117.26,1.3,47.71,521.02,2388.13,8186.72,8.4479,0.03,393,2388,100.0,38.74,23.1172,23
63,152,-0.0024,-0.0002,100.0,518.67,643.21,1601.95,1423.41,14.62,21.61,551.98,2388.11,9124.06,1.3,47.63,520.95,2388.18,8188.49,8.4493,0.03,395,2388,100.0,38.5,23.1495,22
63,153,-0.0008,0.0004,100.0,518.67,642.92,1594.72,1414.98,14.62,21.61,552.98,2388.15,9114.22,1.3,47.65,521.28,2388.1,8195.81,8.4645,0.03,394,2388,100.0,38.51,23.2009,21
63,154,0.0001,0.0004,100.0,518.67,643.05,1597.51,1418.06,14.62,21.61,553.2,2388.07,9115.13,1.3,47.83,520.8,2388.17,8188.56,8.4902,0.03,395,2388,100.0,38.67,23.1184,20
63,155,0.0026,0.0005,100.0,518.67,643.02,1598.22,1409.55,14.62,21.61,552.93,2388.06,9127.81,1.3,47.92,520.55,2388.12,8191.47,8.4941,0.03,396,2388,100.0,38.61,23.2125,19
63,156,-0.0012,-0.0001,100.0,518.67,643.52,1603.83,1423.34,14.62,21.61,552.92,2388.16,9125.95,1.3,47.84,520.52,2388.11,8195.81,8.5023,0.03,395,2388,100.0,38.51,23.2323,18
63,157,-0.0006,-0.0,100.0,518.67,643.09,1600.75,1417.32,14.62,21.61,552.55,2388.16,9128.84,1.3,47.9,520.57,2388.16,8200.92,8.5097,0.03,395,2388,100.0,38.57,23.1213,17
63,158,0.0014,0.0002,100.0,518.67,642.83,1599.06,1417.34,14.62,21.61,552.4,2388.11,9144.0,1.3,47.83,520.59,2388.1,8199.92,8.4647,0.03,396,2388,100.0,38.6,23.1845,16
63,159,-0.0029,-0.0001,100.0,518.67,643.17,1598.19,1421.02,14.62,21.61,552.26,2388.13,9134.3,1.3,47.97,520.65,2388.16,8202.98,8.4843,0.03,395,2388,100.0,38.59,23.202,15
63,160,0.0021,-0.0002,100.0,518.67,643.34,1594.61,1417.29,14.62,21.61,552.03,2388.14,9144.67,1.3,47.95,520.47,2388.13,8201.4,8.4562,0.03,395,2388,100.0,38.69,23.2049,14
63,161,-0.0018,0.0003,100.0,518.67,643.28,1597.21,1424.47,14.62,21.61,552.92,2388.1,9137.33,1.3,48.01,521.35,2388.14,8210.13,8.472,0.03,395,2388,100.0,38.54,23.1569,13
63,162,-0.0042,0.0002,100.0,518.67,643.08,1602.01,1420.81,14.62,21.61,551.77,2388.16,9144.4,1.3,47.7,520.62,2388.14,8208.04,8.5191,0.03,395,2388,100.0,38.48,23.1431,12
63,163,-0.0007,-0.0001,100.0,518.67,643.39,1604.5,1418.66,14.62,21.61,551.81,2388.1,9145.05,1.3,48.03,520.56,2388.09,8208.25,8.481,0.03,397,2388,100.0,38.48,23.0691,11
63,164,-0.0001,-0.0004,100.0,518.67,643.98,1594.28,1419.49,14.62,21.61,552.34,2388.19,9148.57,1.3,47.83,520.64,2388.11,8216.48,8.5034,0.03,396,2388,100.0,38.7,23.279,10
63,165,-0.0031,0.0001,100.0,518.67,643.11,1602.24,1431.99,14.62,21.61,551.34,2388.09,9146.53,1.3,47.93,520.33,2388.14,8216.44,8.5004,0.03,397,2388,100.0,38.61,23.1844,9
63,166,-0.0008,0.0003,100.0,518.67,643.73,1600.61,1420.36,14.62,21.61,552.16,2388.15,9147.86,1.3,47.83,519.97,2388.18,8220.55,8.537,0.03,396,2388,100.0,38.43,23.0615,8
63,167,0.0033,-0.0001,100.0,518.67,643.86,1603.43,1421.77,14.62,21.61,552.17,2388.14,9157.66,1.3,47.96,520.34,2388.15,8227.73,8.5279,0.03,394,2388,100.0,38.45,23.0684,7
63,168,0.0,-0.0002,100.0,518.67,643.82,1607.15,1427.47,14.62,21.61,552.5,2388.13,9159.54,1.3,47.9,520.48,2388.13,8224.33,8.5061,0.03,396,2388,100.0,38.46,23.1303,6
63,169,-0.0025,0.0003,100.0,518.67,643.06,1599.04,1426.49,14.62,21.61,552.1,2388.19,9162.08,1.3,48.17,520.64,2388.15,8222.39,8.5356,0.03,396,2388,100.0,38.38,23.0888,5
63,170,-0.0003,-0.0002,100.0,518.67,643.4,1609.06,1426.65,14.62,21.61,551.95,2388.12,9165.91,1.3,48.12,519.67,2388.12,8228.9,8.4922,0.03,397,2388,100.0,38.48,23.0079,4
63,171,0.0013,-0.0001,100.0,518.67,643.52,1599.89,1436.27,14.62,21.61,552.11,2388.21,9172.45,1.3,48.02,520.16,2388.13,8229.8,8.5109,0.03,397,2388,100.0,38.5,23.059,3
63,172,-0.0037,-0.0004,100.0,518.67,643.24,1604.96,1426.43,14.62,21.61,551.23,2388.22,9167.75,1.3,48.17,520.47,2388.15,8235.13,8.5118,0.03,397,2388,100.0,38.38,22.9498,2
63,173,-0.0023,-0.0003,100.0,518.67,643.86,1605.08,1432.1,14.62,21.61,551.54,2388.22,9172.54,1.3,48.28,519.97,2388.14,8240.39,8.5099,0.03,398,2388,100.0,38.4,22.9874,1
63,174,-0.0007,-0.0003,100.0,518.67,643.43,1603.87,1424.72,14.62,21.61,551.7,2388.16,9175.01,1.3,48.21,520.16,2388.16,8239.45,8.5265,0.03,397,2388,100.0,38.31,23.2228,0
64,1,-0.0004,-0.0005,100.0,518.67,642.36,1586.12,1408.33,14.62,21.61,553.72,2388.06,9061.0,1.3,47.36,522.38,2388.02,8139.39,8.4304,0.03,393,2388,100.0,38.91,23.325,282
64,2,-0.0008,0.0001,100.0,518.67,642.88,1581.13,1411.2,14.62,21.61,554.33,2388.09,9058.96,1.3,47.34,521.81,2388.08,8132.32,8.4046,0.03,392,2388,100.0,38.86,23.3201,281
64,3,-0.001,0.0002,100.0,518.67,642.4,1588.42,1398.31,14.62,21.61,554.17,2388.05,9056.99,1.3,47.49,521.78,2388.07,8140.83,8.4201,0.03,394,2388,100.0,38.8,23.3658,280
64,4,0.0011,-0.0001,100.0,518.67,642.09,1592.03,1402.35,14.62,21.61,553.62,2388.07,9062.12,1.3,47.31,522.07,2388.07,8132.35,8.4306,0.03,393,2388,100.0,38.89,23.3541,279
64,5,-0.0015,-0.0,100.0,518.67,642.08,1593.79,1409.68,14.62,21.61,553.6,2388.04,9058.71,1.3,47.48,522.14,2388.09,8139.14,8.4214,0.03,392,2388,100.0,38.84,23.3954,278
64,6,0.0025,-0.0001,100.0,518.67,642.41,1584.39,1398.68,14.62,21.61,553.67,2388.05,9061.62,1.3,47.47,521.74,2388.1,8143.41,8.4229,0.03,393,2388,100.0,38.82,23.2814,277
64,7,-0.0022,-0.0,100.0,518.67,642.67,1588.0,1402.33,14.62,21.61,554.02,2388.09,9053.91,1.3,47.42,522.39,2388.03,8134.71,8.4504,0.03,393,2388,100.0,38.68,23.3219,276
64,8,0.0018,-0.0,100.0,518.67,642.92,1585.98,1403.88,14.62,21.6,553.77,2388.08,9052.52,1.3,47.46,522.1,2388.02,8138.17,8.4096,0.03,395,2388,100.0,38.99,23.2747,275
64,9,-0.0018,0.0003,100.0,518.67,642.58,1584.6,1403.35,14.62,21.61,553.59,2388.03,9049.69,1.3,47.44,521.75,2388.06,8136.09,8.4512,0.03,393,2388,100.0,38.87,23.2603,274
64,10,0.0007,0.0001,100.0,518.67,642.05,1589.08,1400.76,14.62,21.61,553.58,2388.06,9058.7,1.3,47.46,521.95,2388.1,8137.78,8.4355,0.03,394,2388,100.0,38.73,23.3419,273
64,11,0.0004,0.0001,100.0,518.67,642.73,1586.57,1403.66,14.62,21.61,554.32,2388.09,9064.09,1.3,47.16,521.91,2388.08,8136.78,8.4122,0.03,393,2388,100.0,38.89,23.3741,272
64,12,-0.0043,-0.0001,100.0,518.67,642.21,1587.6,1405.13,14.62,21.61,553.58,2388.03,9061.78,1.3,47.32,521.45,2388.02,8137.28,8.4069,0.03,391,2388,100.0,38.75,23.3205,271
64,13,0.0009,-0.0001,100.0,518.67,643.21,1591.73,1406.05,14.62,21.61,553.56,2388.14,9059.2,1.3,47.3,521.24,2388.06,8141.79,8.3911,0.03,393,2388,100.0,39.13,23.4087,270
64,14,0.0,0.0002,100.0,518.67,642.44,1587.32,1407.95,14.62,21.61,554.05,2388.08,9054.83,1.3,47.2,521.57,2388.07,8136.39,8.4282,0.03,393,2388,100.0,38.89,23.3249,269
64,15,-0.0003,0.0004,100.0,518.67,642.21,1588.68,1406.99,14.62,21.61,554.05,2388.1,9057.31,1.3,47.46,521.99,2388.02,8137.18,8.4026,0.03,394,2388,100.0,38.93,23.4367,268
64,16,-0.0011,-0.0003,100.0,518.67,641.91,1587.52,1408.94,14.62,21.61,554.21,2388.04,9054.81,1.3,47.33,521.82,2388.11,8135.11,8.4365,0.03,392,2388,100.0,38.75,23.4245,267
64,17,0.0021,0.0003,100.0,518.67,641.54,1583.34,1404.85,14.62,21.61,553.45,2388.06,9054.8,1.3,47.47,521.52,2388.09,8134.74,8.3864,0.03,393,2388,100.0,38.9,23.2712,266
64,18,0.0002,-0.0004,100.0,518.67,642.7,1588.04,1403.62,14.62,21.61,553.6,2388.08,9052.06,1.3,47.5,522.21,2388.03,8136.11,8.4421,0.03,393,2388,100.0,38.97,23.3743,265
64,19,0.0001,-0.0003,100.0,518.67,642.52,1583.21,1403.95,14.62,21.61,553.88,2388.07,9053.91,1.3,47.49,521.69,2388.07,8140.09,8.4335,0.03,394,2388,100.0,38.88,23.4951,264
64,20,-0.0015,0.0001,100.0,518.67,642.55,1592.9,1402.36,14.62,21.61,553.21,2388.03,9051.3,1.3,47.47,522.03,2388.09,8136.92,8.4575,0.03,393,2388,100.0,38.89,23.4117,263
64,21,0.0032,-0.0005,100.0,518.67,642.99,1584.23,1399.48,14.62,21.61,553.32,2388.07,9052.5,1.3,47.4,521.58,2388.1,8138.43,8.4267,0.03,394,2388,100.0,38.9,23.3402,262
64,22,-0.0022,-0.0005,100.0,518.67,642.36,1592.92,1408.15,14.62,21.61,553.25,2388.08,9059.98,1.3,47.45,521.44,2388.13,8137.92,8.3941,0.03,394,2388,100.0,38.86,23.3198,261
64,23,0.0006,-0.0004,100.0,518.67,643.49,1590.75,1404.34,14.62,21.61,553.52,2388.11,9058.45,1.3,47.47,522.13,2388.04,8133.45,8.4454,0.03,391,2388,100.0,39.0,23.3449,260
64,24,0.0057,-0.0004,100.0,518.67,642.5,1589.22,1404.82,14.62,21.61,554.45,2388.01,9060.52,1.3,47.46,521.86,2388.03,8138.03,8.4462,0.03,392,2388,100.0,38.75,23.2963,259
64,25,0.0025,0.0003,100.0,518.67,642.41,1588.52,1407.61,14.62,21.61,554.6,2388.1,9057.14,1.3,47.36,521.79,2388.08,8138.72,8.4296,0.03,392,2388,100.0,38.74,23.2693,258
64,26,-0.0047,-0.0002,100.0,518.67,642.23,1585.5,1401.43,14.62,21.61,553.54,2388.05,9052.56,1.3,47.44,521.75,2388.05,8134.32,8.3796,0.03,393,2388,100.0,38.84,23.2994,257
64,27,-0.0001,-0.0001,100.0,518.67,642.65,1591.62,1410.3,14.62,21.61,553.97,2388.06,9056.46,1.3,47.52,521.96,2388.09,8135.93,8.4304,0.03,394,2388,100.0,38.83,23.313,256
64,28,-0.0019,0.0003,100.0,518.67,642.18,1591.39,1400.18,14.62,21.61,554.0,2388.14,9055.21,1.3,47.42,521.5,2388.07,8136.11,8.4295,0.03,393,2388,100.0,38.86,23.2164,255
64,29,-0.0009,-0.0,100.0,518.67,642.3,1589.93,1408.05,14.62,21.61,553.43,2388.09,9058.49,1.3,47.58,522.02,2388.09,8140.44,8.4545,0.03,392,2388,100.0,38.83,23.2943,254
64,30,-0.0036,0.0001,100.0,518.67,641.91,1595.94,1410.51,14.62,21.61,553.14,2388.08,9055.54,1.3,47.49,521.65,2388.08,8140.35,8.4513,0.03,393,2388,100.0,38.94,23.3681,253
64,31,0.0003,-0.0001,100.0,518.67,642.17,1586.6,1404.97,14.62,21.61,553.58,2388.06,9056.75,1.3,47.45,521.64,2388.04,8135.46,8.4456,0.03,393,2388,100.0,38.96,23.262,252
64,32,0.0005,-0.0005,100.0,518.67,642.48,1586.13,1408.83,14.62,21.61,553.77,2388.09,9051.22,1.3,47.37,521.53,2388.04,8137.76,8.4394,0.03,394,2388,100.0,38.94,23.332,251
64,33,-0.0017,-0.0002,100.0,518.67,642.92,1589.38,1403.15,14.62,21.61,553.69,2388.05,9064.32,1.3,47.56,521.86,2388.09,8135.44,8.3924,0.03,393,2388,100.0,38.88,23.4644,250
64,34,-0.0,0.0004,100.0,518.67,642.73,1589.62,1404.77,14.62,21.61,554.66,2388.07,9063.36,1.3,47.34,521.69,2388.05,8134.85,8.4376,0.03,393,2388,100.0,38.83,23.4207,249
64,35,-0.0008,-0.0003,100.0,518.67,642.39,1588.65,1408.47,14.62,21.61,554.06,2388.11,9062.96,1.3,47.53,521.79,2388.1,8135.33,8.4336,0.03,392,2388,100.0,38.89,23.3186,248
64,36,0.0019,0.0,100.0,518.67,641.99,1595.28,1401.76,14.62,21.61,553.41,2388.03,9050.44,1.3,47.3,521.59,2388.09,8134.22,8.4127,0.03,392,2388,100.0,38.84,23.3819,247
64,37,0.0022,-0.0001,100.0,518.67,642.3,1582.82,1399.7,14.62,21.61,553.55,2388.12,9052.43,1.3,47.38,521.89,2388.07,8137.69,8.4114,0.03,392,2388,100.0,38.99,23.3067,246
64,38,-0.0012,0.0003,100.0,518.67,642.61,1584.92,1405.8,14.62,21.61,554.12,2388.08,9065.18,1.3,47.24,521.36,2388.08,8135.37,8.4566,0.03,392,2388,100.0,38.98,23.3457,245
64,39,-0.0047,-0.0002,100.0,518.67,642.5,1588.5,1411.84,14.62,21.61,553.53,2388.07,9059.02,1.3,47.38,521.81,2388.1,8136.04,8.4361,0.03,392,2388,100.0,38.93,23.4014,244
64,40,0.0005,-0.0,100.0,518.67,642.57,1591.54,1401.89,14.62,21.61,554.0,2388.08,9059.23,1.3,47.3,521.5,2388.08,8135.61,8.4176,0.03,392,2388,100.0,38.86,23.3505,243
64,41,-0.0034,-0.0004,100.0,518.67,642.25,1590.18,1404.56,14.62,21.61,553.19,2388.05,9057.96,1.3,47.57,521.9,2388.12,8139.44,8.3974,0.03,393,2388,100.0,38.94,23.3885,242
64,42,0.0008,0.0004,100.0,518.67,642.56,1586.53,1401.27,14.62,21.61,553.52,2388.1,9059.38,1.3,47.37,521.15,2388.06,8137.39,8.4009,0.03,394,2388,100.0,38.86,23.3463,241
64,43,0.002,-0.0,100.0,518.67,642.67,1588.24,1409.04,14.62,21.61,554.23,2388.06,9056.0,1.3,47.38,521.62,2388.07,8134.52,8.3979,0.03,393,2388,100.0,38.86,23.3228,240
64,44,-0.0026,-0.0003,100.0,518.67,642.26,1588.9,1405.53,14.62,21.61,553.55,2388.16,9049.08,1.3,47.4,521.24,2388.15,8140.91,8.4176,0.03,393,2388,100.0,39.0,23.3457,239
64,45,-0.0005,-0.0001,100.0,518.67,642.46,1590.21,1408.07,14.62,21.61,554.18,2388.07,9053.92,1.3,47.57,521.25,2388.07,8137.54,8.448,0.03,393,2388,100.0,38.84,23.3911,238
64,46,-0.0006,0.0001,100.0,518.67,643.28,1583.66,1400.05,14.62,21.61,553.84,2388.01,9058.69,1.3,47.42,521.82,2388.06,8133.14,8.4413,0.03,391,2388,100.0,38.82,23.4893,237
64,47,0.0023,-0.0003,100.0,518.67,642.41,1590.62,1404.87,14.62,21.61,553.85,2388.09,9062.18,1.3,47.43,521.91,2388.03,8136.63,8.4175,0.03,391,2388,100.0,38.81,23.3696,236
64,48,0.0006,-0.0003,100.0,518.67,642.8,1589.78,1407.41,14.62,21.61,553.55,2388.08,9055.07,1.3,47.44,521.7,2388.06,8135.61,8.4171,0.03,393,2388,100.0,38.85,23.3587,235
64,49,0.002,0.0005,100.0,518.67,642.42,1592.98,1414.69,14.62,21.61,553.66,2388.06,9057.87,1.3,47.36,522.19,2388.07,8139.47,8.4186,0.03,393,2388,100.0,38.86,23.2685,234
64,50,0.0028,0.0001,100.0,518.67,641.89,1593.29,1404.3,14.62,21.61,554.32,2388.05,9047.65,1.3,47.28,522.26,2388.09,8133.85,8.4607,0.03,392,2388,100.0,38.82,23.3027,233
64,51,0.0006,0.0004,100.0,518.67,642.99,1592.33,1406.84,14.62,21.61,554.25,2388.03,9052.97,1.3,47.26,521.55,2388.11,8136.37,8.4161,0.03,394,2388,100.0,38.76,23.4001,232
64,52,-0.0004,0.0001,100.0,518.67,642.61,1592.55,1401.18,14.62,21.61,554.18,2388.09,9051.02,1.3,47.47,521.81,2388.12,8137.32,8.3978,0.03,393,2388,100.0,38.93,23.317,231
64,53,0.0006,0.0004,100.0,518.67,642.57,1583.63,1405.13,14.62,21.61,553.25,2388.09,9060.3,1.3,47.42,521.13,2388.1,8140.51,8.4028,0.03,393,2388,100.0,38.82,23.3434,230
64,54,0.0027,-0.0005,100.0,518.67,642.58,1591.98,1405.95,14.62,21.61,554.2,2388.12,9053.18,1.3,47.43,521.44,2388.07,8132.64,8.4159,0.03,391,2388,100.0,38.57,23.2494,229
64,55,-0.0005,-0.0004,100.0,518.67,642.78,1580.51,1401.15,14.62,21.61,554.06,2388.04,9053.93,1.3,47.46,522.07,2388.05,8138.94,8.4382,0.03,391,2388,100.0,39.04,23.4277,228
64,56,0.0015,-0.0,100.0,518.67,642.22,1585.86,1412.51,14.62,21.61,553.79,2388.06,9054.3,1.3,47.35,521.63,2388.1,8136.75,8.4451,0.03,394,2388,100.0,39.0,23.4717,227
64,57,-0.0036,-0.0002,100.0,518.67,642.51,1583.48,1412.54,14.62,21.61,553.43,2388.12,9060.85,1.3,47.42,521.31,2388.06,8132.71,8.4219,0.03,392,2388,100.0,38.84,23.3663,226
64,58,0.0019,-0.0004,100.0,518.67,642.92,1589.47,1403.94,14.62,21.61,553.61,2388.07,9055.69,1.3,47.55,521.39,2388.08,8141.32,8.4199,0.03,394,2388,100.0,38.86,23.2866,225
64,59,-0.0007,-0.0003,100.0,518.67,642.28,1585.01,1408.74,14.62,21.61,553.78,2388.02,9056.33,1.3,47.39,521.51,2388.06,8142.76,8.4334,0.03,392,2388,100.0,38.87,23.4422,224
64,60,0.0018,0.0003,100.0,518.67,642.36,1587.34,1398.98,14.62,21.61,553.45,2388.1,9062.19,1.3,47.51,521.36,2388.08,8136.72,8.4442,0.03,393,2388,100.0,38.98,23.3883,223
64,61,-0.0036,-0.0005,100.0,518.67,643.03,1583.68,1407.67,14.62,21.61,554.11,2388.07,9052.82,1.3,47.47,521.57,2388.11,8138.36,8.437,0.03,392,2388,100.0,39.04,23.3409,222
64,62,0.0002,0.0001,100.0,518.67,642.2,1583.7,1408.66,14.62,21.61,554.05,2388.09,9058.76,1.3,47.23,521.82,2388.06,8133.62,8.4307,0.03,393,2388,100.0,39.06,23.3669,221
64,63,-0.002,-0.0003,100.0,518.67,642.74,1581.45,1402.06,14.62,21.61,553.69,2388.06,9057.88,1.3,47.65,521.47,2388.03,8138.73,8.3989,0.03,393,2388,100.0,38.93,23.304,220
64,64,0.0015,-0.0001,100.0,518.67,642.61,1587.46,1398.02,14.62,21.61,553.12,2388.04,9062.89,1.3,47.36,521.26,2388.12,8139.57,8.4121,0.03,391,2388,100.0,38.96,23.3107,219
64,65,-0.0023,-0.0004,100.0,518.67,642.57,1587.48,1408.48,14.62,21.61,554.11,2388.06,9058.95,1.3,47.38,521.51,2388.07,8134.53,8.4402,0.03,393,2388,100.0,38.86,23.311,218
64,66,-0.002,-0.0,100.0,518.67,642.63,1586.69,1410.05,14.62,21.61,553.41,2388.11,9059.07,1.3,47.27,521.92,2388.09,8140.02,8.4461,0.03,393,2388,100.0,38.76,23.2552,217
64,67,-0.0023,0.0004,100.0,518.67,641.79,1596.41,1399.02,14.62,21.61,553.5,2388.07,9061.18,1.3,47.49,522.21,2388.02,8140.2,8.4446,0.03,392,2388,100.0,38.98,23.3352,216
64,68,-0.0005,0.0004,100.0,518.67,642.4,1586.63,1407.39,14.62,21.61,554.67,2388.08,9051.16,1.3,47.37,521.61,2388.09,8134.2,8.4341,0.03,393,2388,100.0,38.95,23.4033,215
64,69,-0.001,0.0,100.0,518.67,642.48,1582.15,1406.23,14.62,21.61,553.62,2388.05,9056.96,1.3,47.62,521.69,2388.05,8134.35,8.4186,0.03,392,2388,100.0,38.88,23.3317,214
64,70,-0.005,-0.0002,100.0,518.67,642.5,1587.87,1411.56,14.62,21.61,553.8,2388.14,9053.61,1.3,47.54,521.49,2388.08,8136.58,8.4319,0.03,394,2388,100.0,38.7,23.343,213
64,71,-0.0004,0.0,100.0,518.67,642.76,1590.63,1402.65,14.62,21.61,553.54,2388.04,9060.01,1.3,47.55,521.73,2388.05,8135.93,8.4225,0.03,393,2388,100.0,38.93,23.3475,212
64,72,0.0025,0.0001,100.0,518.67,642.49,1588.64,1406.08,14.62,21.61,553.04,2388.08,9062.86,1.3,47.43,521.83,2388.09,8136.05,8.4306,0.03,391,2388,100.0,38.92,23.3497,211
64,73,-0.0039,0.0002,100.0,518.67,642.39,1587.43,1405.09,14.62,21.61,552.78,2388.05,9055.76,1.3,47.24,522.12,2388.08,8138.83,8.4108,0.03,393,2388,100.0,38.91,23.3074,210
64,74,-0.0027,-0.0001,100.0,518.67,642.61,1584.69,1399.78,14.62,21.61,553.76,2388.11,9053.11,1.3,47.31,521.54,2388.1,8142.32,8.4597,0.03,394,2388,100.0,38.84,23.3363,209
64,75,-0.0019,-0.0002,100.0,518.67,642.62,1588.02,1402.99,14.62,21.61,553.46,2388.08,9063.01,1.3,47.44,521.62,2388.03,8140.35,8.4093,0.03,393,2388,100.0,38.89,23.4064,208
64,76,0.0018,-0.0001,100.0,518.67,642.41,1594.25,1409.36,14.62,21.61,553.56,2388.08,9057.59,1.3,47.59,521.64,2388.13,8130.95,8.4274,0.03,393,2388,100.0,38.94,23.352,207
64,77,0.0029,-0.0005,100.0,518.67,642.53,1598.75,1408.65,14.62,21.61,553.68,2388.06,9061.43,1.3,47.57,521.77,2388.08,8134.17,8.4303,0.03,393,2388,100.0,38.87,23.3293,206
64,78,-0.0001,-0.0001,100.0,518.67,642.26,1588.74,1402.41,14.62,21.61,552.93,2388.1,9062.12,1.3,47.53,522.06,2388.11,8137.58,8.4393,0.03,394,2388,100.0,38.87,23.3572,205
64,79,0.0001,-0.0002,100.0,518.67,642.1,1592.68,1402.23,14.62,21.61,554.23,2388.04,9057.78,1.3,47.34,521.75,2388.08,8141.43,8.449,0.03,391,2388,100.0,38.98,23.255,204
64,80,0.0005,-0.0003,100.0,518.67,643.33,1584.81,1397.31,14.62,21.61,554.57,2388.08,9061.8,1.3,47.46,522.24,2388.13,8137.57,8.4278,0.03,392,2388,100.0,38.79,23.3051,203
64,81,0.0028,-0.0001,100.0,518.67,642.29,1588.33,1408.43,14.62,21.61,553.74,2388.01,9062.51,1.3,47.29,521.96,2388.09,8139.42,8.3912,0.03,392,2388,100.0,38.87,23.3044,202
64,82,0.001,0.0003,100.0,518.67,642.47,1581.11,1403.91,14.62,21.61,553.98,2388.07,9059.04,1.3,47.32,521.15,2388.1,8137.63,8.4427,0.03,392,2388,100.0,38.82,23.2995,201
64,83,-0.0013,-0.0004,100.0,518.67,642.28,1586.93,1405.18,14.62,21.61,553.89,2388.05,9062.36,1.3,47.49,521.63,2388.06,8138.81,8.423,0.03,392,2388,100.0,38.72,23.4038,200
64,84,0.0015,-0.0002,100.0,518.67,642.41,1587.24,1405.54,14.62,21.61,553.35,2388.04,9055.63,1.3,47.48,522.0,2388.07,8137.73,8.43,0.03,394,2388,100.0,38.85,23.3745,199
64,85,-0.0011,-0.0005,100.0,518.67,642.56,1592.04,1404.05,14.62,21.61,553.32,2388.07,9056.23,1.3,47.45,521.49,2388.07,8140.01,8.466,0.03,393,2388,100.0,38.93,23.3262,198
64,86,0.0008,-0.0001,100.0,518.67,642.36,1588.65,1414.09,14.62,21.61,553.78,2388.07,9055.98,1.3,47.31,521.81,2388.1,8140.06,8.4214,0.03,393,2388,100.0,38.82,23.4175,197
64,87,-0.0042,-0.0005,100.0,518.67,642.71,1582.61,1403.5,14.62,21.61,554.15,2388.11,9051.73,1.3,47.46,521.73,2388.08,8139.53,8.4505,0.03,395,2388,100.0,38.78,23.3006,196
64,88,0.0033,-0.0002,100.0,518.67,642.36,1592.4,1402.48,14.62,21.61,554.14,2388.11,9058.85,1.3,47.36,521.73,2388.07,8136.72,8.4226,0.03,393,2388,100.0,38.75,23.2554,195
64,89,-0.0016,0.0003,100.0,518.67,642.6,1585.81,1405.66,14.62,21.61,554.1,2388.13,9062.76,1.3,47.47,521.86,2388.07,8137.13,8.4426,0.03,393,2388,100.0,38.92,23.2889,194
64,90,-0.0004,-0.0005,100.0,518.67,642.52,1597.29,1407.32,14.62,21.61,553.54,2388.08,9059.94,1.3,47.55,522.05,2388.11,8136.94,8.4439,0.03,393,2388,100.0,38.74,23.2802,193
64,91,-0.0023,0.0004,100.0,518.67,642.54,1586.43,1405.48,14.62,21.61,553.88,2388.06,9060.77,1.3,47.67,521.89,2388.03,8140.81,8.4086,0.03,393,2388,100.0,38.92,23.3168,192
64,92,-0.0011,0.0004,100.0,518.67,642.38,1593.87,1404.4,14.62,21.61,552.7,2388.07,9059.46,1.3,47.41,521.55,2388.05,8139.26,8.4565,0.03,393,2388,100.0,38.74,23.2092,191
64,93,-0.0009,0.0004,100.0,518.67,642.06,1588.15,1411.74,14.62,21.61,553.38,2388.08,9056.18,1.3,47.43,521.82,2388.05,8141.8,8.4368,0.03,392,2388,100.0,38.69,23.3308,190
64,94,0.0002,0.0003,100.0,518.67,642.58,1592.6,1407.01,14.62,21.61,553.49,2388.09,9060.11,1.3,47.37,521.39,2388.02,8140.83,8.4081,0.03,392,2388,100.0,38.81,23.3305,189
64,95,0.0004,-0.0003,100.0,518.67,642.74,1591.49,1414.48,14.62,21.61,554.4,2388.08,9061.26,1.3,47.56,521.62,2388.06,8143.42,8.4315,0.03,393,2388,100.0,38.81,23.2271,188
64,96,0.0012,0.0003,100.0,518.67,642.74,1584.15,1405.83,14.62,21.61,553.29,2388.05,9058.4,1.3,47.42,521.19,2388.04,8141.06,8.4239,0.03,392,2388,100.0,38.87,23.3149,187
64,97,-0.0014,-0.0002,100.0,518.67,642.53,1583.51,1401.59,14.62,21.61,553.37,2388.12,9062.65,1.3,47.37,521.87,2388.05,8141.17,8.4345,0.03,392,2388,100.0,38.8,23.3492,186
64,98,0.002,0.0001,100.0,518.67,642.86,1590.95,1410.03,14.62,21.61,553.81,2388.11,9053.35,1.3,47.44,521.62,2388.08,8138.94,8.4493,0.03,392,2388,100.0,38.78,23.3368,185
64,99,0.0029,0.0001,100.0,518.67,642.52,1583.37,1408.15,14.62,21.61,553.9,2388.05,9054.75,1.3,47.58,521.13,2388.04,8138.47,8.4282,0.03,392,2388,100.0,38.7,23.3565,184
64,100,0.0014,0.0002,100.0,518.67,642.08,1591.3,1404.35,14.62,21.61,554.13,2388.05,9065.41,1.3,47.43,521.4,2388.09,8141.48,8.4281,0.03,393,2388,100.0,39.05,23.2447,183
64,101,0.0033,-0.0005,100.0,518.67,642.68,1587.93,1406.68,14.62,21.61,553.81,2388.09,9057.31,1.3,47.53,521.53,2388.07,8146.13,8.4276,0.03,392,2388,100.0,38.77,23.2325,182
64,102,0.0031,0.0003,100.0,518.67,642.48,1584.73,1408.24,14.62,21.61,553.68,2388.1,9054.7,1.3,47.39,521.88,2388.04,8143.19,8.4487,0.03,392,2388,100.0,38.88,23.3567,181
64,103,0.0012,0.0001,100.0,518.67,643.18,1589.12,1406.41,14.62,21.61,553.9,2388.09,9060.71,1.3,47.3,522.14,2388.09,8134.12,8.4027,0.03,393,2388,100.0,38.79,23.2995,180
64,104,-0.0004,0.0002,100.0,518.67,642.62,1589.4,1407.22,14.62,21.61,553.67,2388.04,9046.98,1.3,47.55,521.84,2388.12,8137.63,8.4707,0.03,392,2388,100.0,38.81,23.3482,179
64,105,0.001,0.0002,100.0,518.67,642.8,1588.82,1406.9,14.62,21.61,553.61,2388.1,9057.93,1.3,47.55,521.47,2388.1,8140.31,8.4188,0.03,394,2388,100.0,38.99,23.3713,178
64,106,0.0016,-0.0004,100.0,518.67,643.22,1594.01,1401.55,14.62,21.61,552.46,2388.12,9058.86,1.3,47.48,522.03,2388.11,8142.65,8.4286,0.03,392,2388,100.0,38.76,23.2702,177
64,107,0.0029,-0.0003,100.0,518.67,642.93,1588.86,1401.78,14.62,21.61,553.57,2388.13,9063.38,1.3,47.52,521.79,2388.08,8135.96,8.4603,0.03,393,2388,100.0,38.71,23.4282,176
64,108,-0.0005,0.0002,100.0,518.67,643.4,1588.86,1407.14,14.62,21.61,552.86,2388.12,9062.39,1.3,47.49,521.34,2388.06,8137.44,8.4125,0.03,393,2388,100.0,38.93,23.302,175
64,109,-0.0003,0.0,100.0,518.67,642.06,1588.0,1411.03,14.62,21.61,552.92,2388.08,9060.63,1.3,47.53,521.65,2388.06,8138.97,8.4588,0.03,394,2388,100.0,38.75,23.1486,174
64,110,-0.0012,-0.0002,100.0,518.67,642.47,1594.36,1405.65,14.62,21.61,553.65,2388.08,9064.53,1.3,47.27,521.2,2388.09,8138.36,8.4474,0.03,392,2388,100.0,38.9,23.2846,173
64,111,0.0014,-0.0001,100.0,518.67,643.37,1584.02,1410.87,14.62,21.61,553.26,2388.06,9057.03,1.3,47.59,520.86,2388.11,8139.48,8.4613,0.03,391,2388,100.0,38.79,23.3418,172
64,112,0.0008,-0.0001,100.0,518.67,642.3,1587.3,1410.54,14.62,21.61,554.41,2388.1,9056.98,1.3,47.46,521.6,2388.06,8135.18,8.4497,0.03,393,2388,100.0,39.03,23.2556,171
64,113,-0.0034,-0.0003,100.0,518.67,642.11,1584.9,1405.03,14.62,21.61,553.65,2388.1,9060.82,1.3,47.63,521.25,2388.07,8136.9,8.441,0.03,393,2388,100.0,38.82,23.3601,170
64,114,-0.0053,-0.0002,100.0,518.67,642.4,1584.63,1406.45,14.62,21.61,554.08,2388.08,9061.59,1.3,47.49,521.69,2388.05,8142.07,8.4246,0.03,391,2388,100.0,38.79,23.2903,169
64,115,0.0014,-0.0005,100.0,518.67,641.94,1592.17,1403.77,14.62,21.61,553.89,2388.14,9061.48,1.3,47.2,521.63,2388.09,8140.28,8.4404,0.03,392,2388,100.0,38.85,23.3964,168
64,116,-0.0041,0.0003,100.0,518.67,642.5,1593.55,1411.56,14.62,21.61,553.34,2388.12,9052.76,1.3,47.52,521.35,2388.1,8138.9,8.453,0.03,392,2388,100.0,38.73,23.272,167
64,117,0.0017,0.0002,100.0,518.67,642.82,1584.63,1414.17,14.62,21.61,553.64,2388.08,9068.65,1.3,47.47,521.81,2388.1,8141.53,8.427,0.03,392,2388,100.0,38.92,23.3664,166
64,118,0.0001,0.0,100.0,518.67,642.48,1592.19,1410.83,14.62,21.61,553.58,2388.06,9059.28,1.3,47.6,521.28,2388.09,8139.37,8.4488,0.03,392,2388,100.0,38.91,23.3141,165
64,119,-0.004,-0.0002,100.0,518.67,642.31,1587.36,1407.68,14.62,21.61,553.12,2388.07,9055.83,1.3,47.43,520.99,2388.03,8137.72,8.449,0.03,392,2388,100.0,38.73,23.3629,164
64,120,0.0041,0.0003,100.0,518.67,642.32,1587.98,1400.62,14.62,21.61,553.68,2388.15,9063.38,1.3,47.58,521.7,2388.1,8140.04,8.417,0.03,393,2388,100.0,39.05,23.3361,163
64,121,0.0026,0.0002,100.0,518.67,642.38,1590.94,1411.39,14.62,21.61,554.33,2388.02,9051.35,1.3,47.42,521.09,2388.09,8137.09,8.4229,0.03,391,2388,100.0,38.94,23.3265,162
64,122,0.0008,0.0005,100.0,518.67,643.16,1589.31,1401.02,14.62,21.61,553.49,2388.05,9066.24,1.3,47.42,521.67,2388.07,8145.19,8.4812,0.03,394,2388,100.0,38.73,23.2869,161
64,123,-0.0,-0.0001,100.0,518.67,642.76,1587.54,1411.35,14.62,21.61,552.85,2388.07,9065.78,1.3,47.41,521.64,2388.1,8140.21,8.4601,0.03,392,2388,100.0,38.88,23.3088,160
64,124,-0.0019,-0.0004,100.0,518.67,642.27,1585.42,1409.01,14.62,21.61,554.11,2388.08,9066.42,1.3,47.6,521.53,2388.06,8139.55,8.416,0.03,392,2388,100.0,38.83,23.2547,159
64,125,0.0012,0.0001,100.0,518.67,642.58,1591.23,1412.81,14.62,21.61,553.68,2388.1,9063.91,1.3,47.39,521.4,2388.08,8140.6,8.4097,0.03,393,2388,100.0,38.97,23.2565,158
64,126,0.0028,-0.0,100.0,518.67,642.51,1588.63,1409.45,14.62,21.61,552.73,2388.05,9067.43,1.3,47.36,521.13,2388.1,8141.62,8.4589,0.03,394,2388,100.0,38.84,23.2446,157
64,127,0.0022,-0.0003,100.0,518.67,642.67,1582.44,1399.86,14.62,21.61,554.03,2388.1,9063.35,1.3,47.62,521.71,2388.18,8140.6,8.4634,0.03,393,2388,100.0,38.75,23.1998,156
64,128,-0.0015,-0.0001,100.0,518.67,642.35,1590.64,1410.2,14.62,21.61,553.91,2388.08,9052.57,1.3,47.42,521.7,2388.13,8135.04,8.4655,0.03,394,2388,100.0,38.93,23.1854,155
64,129,0.002,0.0003,100.0,518.67,642.53,1588.75,1413.03,14.62,21.61,553.34,2388.06,9060.89,1.3,47.38,521.31,2388.1,8140.63,8.4236,0.03,393,2388,100.0,38.86,23.2911,154
64,130,0.0006,-0.0002,100.0,518.67,642.7,1590.46,1407.79,14.62,21.61,553.55,2388.12,9064.37,1.3,47.48,521.21,2388.11,8137.73,8.4359,0.03,393,2388,100.0,38.79,23.4116,153
64,131,0.001,0.0003,100.0,518.67,642.73,1592.57,1404.98,14.62,21.61,553.45,2388.08,9065.07,1.3,47.44,521.05,2388.12,8140.48,8.4593,0.03,394,2388,100.0,39.03,23.2678,152
64,132,-0.005,-0.0002,100.0,518.67,642.99,1587.24,1404.91,14.62,21.61,553.38,2388.1,9064.86,1.3,47.43,521.07,2388.07,8137.64,8.4452,0.03,394,2388,100.0,38.84,23.3253,151
64,133,-0.002,-0.0002,100.0,518.67,642.59,1594.92,1400.22,14.62,21.61,553.62,2388.06,9062.48,1.3,47.42,521.72,2388.06,8139.17,8.3955,0.03,393,2388,100.0,38.81,23.3169,150
64,134,0.0017,0.0002,100.0,518.67,642.65,1585.75,1404.99,14.62,21.61,552.97,2388.0,9054.75,1.3,47.5,521.2,2388.08,8139.28,8.45,0.03,394,2388,100.0,38.81,23.3634,149
64,135,0.0052,0.0002,100.0,518.67,642.42,1593.85,1402.09,14.62,21.61,553.71,2388.04,9066.11,1.3,47.55,521.54,2388.15,8135.7,8.4539,0.03,393,2388,100.0,38.91,23.2116,148
64,136,-0.0025,0.0001,100.0,518.67,643.18,1597.99,1409.13,14.62,21.61,553.68,2388.1,9057.75,1.3,47.46,521.56,2388.03,8141.59,8.4504,0.03,393,2388,100.0,38.94,23.3639,147
64,137,-0.0005,-0.0004,100.0,518.67,642.55,1586.86,1411.03,14.62,21.61,553.41,2388.09,9061.38,1.3,47.45,521.56,2388.02,8144.94,8.4111,0.03,394,2388,100.0,38.88,23.479,146
64,138,-0.0016,-0.0003,100.0,518.67,642.82,1577.94,1405.83,14.62,21.61,553.49,2388.07,9061.67,1.3,47.43,521.99,2388.08,8147.91,8.4407,0.03,393,2388,100.0,38.91,23.3263,145
64,139,-0.0015,-0.0005,100.0,518.67,642.75,1593.11,1411.94,14.62,21.61,553.2,2388.06,9069.05,1.3,47.45,521.39,2388.03,8147.1,8.4316,0.03,394,2388,100.0,38.94,23.2791,144
64,140,-0.001,-0.0004,100.0,518.67,643.12,1593.11,1404.92,14.62,21.61,553.18,2388.09,9055.01,1.3,47.48,521.68,2388.1,8141.58,8.4686,0.03,392,2388,100.0,38.8,23.3253,143
64,141,0.0018,-0.0004,100.0,518.67,642.3,1590.88,1412.24,14.62,21.61,553.65,2388.09,9057.26,1.3,47.38,521.48,2388.1,8143.44,8.4403,0.03,393,2388,100.0,38.77,23.3722,142
64,142,0.0006,0.0004,100.0,518.67,642.57,1588.53,1408.65,14.62,21.61,553.8,2388.1,9063.42,1.3,47.66,521.84,2388.07,8139.58,8.4105,0.03,394,2388,100.0,38.96,23.2363,141
64,143,0.0013,-0.0003,100.0,518.67,642.63,1587.25,1405.97,14.62,21.61,553.47,2388.05,9062.22,1.3,47.48,521.24,2388.07,8138.97,8.4532,0.03,393,2388,100.0,38.68,23.4059,140
64,144,-0.0024,-0.0002,100.0,518.67,642.27,1593.37,1411.45,14.62,21.61,553.3,2388.11,9055.97,1.3,47.57,521.4,2388.05,8143.12,8.4337,0.03,394,2388,100.0,38.79,23.2952,139
64,145,-0.0006,0.0001,100.0,518.67,642.76,1585.17,1411.71,14.62,21.61,553.8,2388.08,9057.66,1.3,47.52,521.23,2388.01,8142.68,8.4146,0.03,393,2388,100.0,38.91,23.3345,138
64,146,0.0014,-0.0004,100.0,518.67,642.96,1588.33,1405.59,14.62,21.61,553.84,2388.06,9059.87,1.3,47.39,521.35,2388.11,8142.2,8.4395,0.03,392,2388,100.0,38.94,23.2849,137
64,147,0.0043,0.0005,100.0,518.67,642.49,1590.99,1410.13,14.62,21.61,553.64,2388.1,9058.39,1.3,47.38,521.03,2388.07,8144.85,8.4406,0.03,393,2388,100.0,38.97,23.2773,136
64,148,0.0005,0.0004,100.0,518.67,642.61,1589.48,1405.71,14.62,21.61,553.04,2388.16,9062.91,1.3,47.7,521.42,2388.09,8142.2,8.4784,0.03,391,2388,100.0,38.83,23.3391,135
64,149,-0.0007,-0.0002,100.0,518.67,642.77,1585.37,1412.05,14.62,21.61,553.11,2388.05,9060.36,1.3,47.51,521.24,2388.12,8144.59,8.4041,0.03,393,2388,100.0,38.87,23.419,134
64,150,0.0019,0.0003,100.0,518.67,642.45,1594.46,1404.03,14.62,21.61,553.37,2388.07,9056.97,1.3,47.36,521.02,2388.11,8141.36,8.4857,0.03,394,2388,100.0,38.97,23.2528,133
64,151,-0.0004,0.0004,100.0,518.67,642.69,1587.54,1406.67,14.62,21.61,552.9,2388.11,9068.72,1.3,47.46,521.99,2388.05,8143.67,8.4365,0.03,392,2388,100.0,38.72,23.3063,132
64,152,0.0003,-0.0002,100.0,518.67,642.42,1594.49,1403.72,14.62,21.61,553.0,2388.06,9060.91,1.3,47.68,521.65,2388.13,8137.24,8.4561,0.03,395,2388,100.0,38.94,23.3341,131
64,153,-0.002,0.0003,100.0,518.67,642.69,1594.07,1406.35,14.62,21.61,553.07,2388.12,9069.33,1.3,47.6,521.59,2388.06,8147.08,8.3908,0.03,395,2388,100.0,38.97,23.2188,130
64,154,0.0026,-0.0003,100.0,518.67,643.2,1586.82,1410.87,14.62,21.61,553.16,2388.11,9058.92,1.3,47.61,521.22,2388.11,8138.74,8.4522,0.03,394,2388,100.0,38.82,23.2755,129
64,155,-0.0006,0.0002,100.0,518.67,642.56,1587.11,1407.62,14.62,21.61,553.27,2388.07,9070.02,1.3,47.52,520.98,2388.09,8140.57,8.4446,0.03,393,2388,100.0,38.99,23.2832,128
64,156,-0.0001,0.0001,100.0,518.67,642.51,1595.76,1411.93,14.62,21.61,553.11,2388.06,9064.14,1.3,47.59,520.94,2388.06,8141.83,8.4577,0.03,395,2388,100.0,38.64,23.3592,127
64,157,0.0002,0.0001,100.0,518.67,642.93,1588.94,1413.55,14.62,21.61,553.88,2388.12,9060.82,1.3,47.49,521.51,2388.09,8141.14,8.454,0.03,393,2388,100.0,38.71,23.2891,126
64,158,0.0005,0.0001,100.0,518.67,642.18,1598.97,1406.97,14.62,21.61,553.12,2388.07,9063.68,1.3,47.49,521.14,2388.12,8139.57,8.4279,0.03,393,2388,100.0,38.86,23.2707,125
64,159,0.0012,0.0003,100.0,518.67,642.21,1590.02,1407.01,14.62,21.61,553.71,2388.1,9067.84,1.3,47.59,521.44,2388.08,8147.09,8.4604,0.03,392,2388,100.0,38.85,23.1696,124
64,160,-0.0024,0.0001,100.0,518.67,642.12,1593.96,1412.93,14.62,21.61,553.43,2388.13,9057.8,1.3,47.62,521.45,2388.12,8141.12,8.4153,0.03,393,2388,100.0,38.94,23.1656,123
64,161,-0.0018,0.0001,100.0,518.67,642.62,1597.08,1406.6,14.62,21.61,553.11,2388.11,9061.63,1.3,47.46,521.13,2388.07,8139.6,8.4461,0.03,394,2388,100.0,38.91,23.2832,122
64,162,-0.0007,-0.0001,100.0,518.67,642.94,1589.04,1413.76,14.62,21.61,552.93,2388.1,9062.19,1.3,47.57,521.32,2388.12,8147.24,8.4404,0.03,394,2388,100.0,38.79,23.2732,121
64,163,-0.0004,-0.0001,100.0,518.67,642.71,1590.71,1409.2,14.62,21.61,552.76,2388.1,9067.87,1.3,47.61,521.41,2388.12,8146.21,8.4434,0.03,392,2388,100.0,38.84,23.2965,120
64,164,0.0002,-0.0,100.0,518.67,642.67,1591.98,1405.06,14.62,21.61,553.62,2388.12,9065.13,1.3,47.64,521.08,2388.07,8143.66,8.4258,0.03,392,2388,100.0,38.97,23.2779,119
64,165,0.001,-0.0003,100.0,518.67,642.15,1586.8,1403.62,14.62,21.61,553.35,2388.07,9066.51,1.3,47.56,521.5,2388.17,8142.7,8.4474,0.03,393,2388,100.0,38.72,23.3356,118
64,166,0.0001,-0.0003,100.0,518.67,642.4,1592.82,1415.63,14.62,21.61,553.87,2388.07,9066.35,1.3,47.56,520.81,2388.12,8145.37,8.4388,0.03,392,2388,100.0,38.97,23.2978,117
64,167,-0.0027,0.0,100.0,518.67,642.54,1594.69,1406.75,14.62,21.61,553.17,2388.09,9067.74,1.3,47.47,521.2,2388.09,8141.92,8.4382,0.03,393,2388,100.0,38.87,23.228,116
64,168,-0.0011,-0.0003,100.0,518.67,642.62,1593.63,1410.15,14.62,21.61,552.93,2388.06,9056.26,1.3,47.56,521.44,2388.11,8141.49,8.4305,0.03,394,2388,100.0,38.86,23.2706,115
64,169,0.0005,0.0003,100.0,518.67,642.32,1591.89,1407.51,14.62,21.61,553.02,2388.07,9071.62,1.3,47.4,520.63,2388.13,8144.13,8.4557,0.03,395,2388,100.0,38.86,23.3236,114
64,170,-0.0016,0.0001,100.0,518.67,642.01,1586.6,1407.28,14.62,21.61,553.91,2388.1,9069.48,1.3,47.7,521.41,2388.08,8147.44,8.4708,0.03,395,2388,100.0,38.72,23.3189,113
64,171,0.004,-0.0002,100.0,518.67,643.16,1591.09,1412.92,14.62,21.61,552.27,2388.15,9064.57,1.3,47.48,521.48,2388.1,8142.33,8.4743,0.03,394,2388,100.0,38.88,23.145,112
64,172,-0.0019,-0.0004,100.0,518.67,643.28,1590.74,1408.73,14.62,21.61,553.65,2388.14,9066.14,1.3,47.5,521.48,2388.12,8146.11,8.4619,0.03,394,2388,100.0,38.72,23.3353,111
64,173,0.0004,-0.0002,100.0,518.67,642.66,1592.76,1406.97,14.62,21.61,552.96,2388.14,9070.58,1.3,47.76,521.31,2388.06,8148.99,8.4298,0.03,392,2388,100.0,38.8,23.3522,110
64,174,0.0013,-0.0003,100.0,518.67,642.98,1599.11,1404.86,14.62,21.61,553.02,2388.1,9067.55,1.3,47.59,521.14,2388.14,8141.52,8.4224,0.03,394,2388,100.0,38.82,23.2585,109
64,175,0.002,-0.0005,100.0,518.67,642.73,1600.13,1408.59,14.62,21.61,553.07,2388.1,9065.48,1.3,47.49,521.16,2388.11,8145.85,8.4355,0.03,394,2388,100.0,38.76,23.2703,108
64,176,0.0046,0.0003,100.0,518.67,642.54,1592.13,1407.87,14.62,21.61,553.39,2388.11,9062.81,1.3,47.69,521.06,2388.09,8147.31,8.4487,0.03,394,2388,100.0,38.89,23.1975,107
64,177,0.0003,0.0,100.0,518.67,642.85,1589.31,1410.67,14.62,21.61,553.15,2388.12,9070.05,1.3,47.62,520.73,2388.14,8141.62,8.4917,0.03,393,2388,100.0,38.73,23.2899,106
64,178,-0.0028,0.0002,100.0,518.67,642.48,1590.91,1411.71,14.62,21.61,554.05,2388.1,9064.43,1.3,47.72,521.18,2388.12,8148.7,8.4628,0.03,393,2388,100.0,38.83,23.2535,105
64,179,-0.0012,-0.0001,100.0,518.67,642.7,1591.62,1411.43,14.62,21.61,552.89,2388.09,9062.76,1.3,47.7,521.3,2388.16,8143.84,8.4586,0.03,394,2388,100.0,38.77,23.2591,104
64,180,0.0029,-0.0002,100.0,518.67,642.49,1594.16,1411.37,14.62,21.61,552.8,2388.13,9070.84,1.3,47.59,521.5,2388.1,8145.93,8.4537,0.03,394,2388,100.0,38.9,23.1742,103
64,181,-0.0008,-0.0003,100.0,518.67,642.92,1597.55,1412.52,14.62,21.61,553.32,2388.06,9071.19,1.3,47.64,521.01,2388.11,8143.18,8.4283,0.03,393,2388,100.0,38.61,23.2595,102
64,182,-0.0017,0.0005,100.0,518.67,642.89,1592.63,1409.84,14.62,21.61,553.27,2388.11,9067.57,1.3,47.42,521.11,2388.13,8147.99,8.4472,0.03,393,2388,100.0,38.76,23.1772,101
64,183,-0.0017,0.0001,100.0,518.67,642.92,1587.38,1410.89,14.62,21.61,553.21,2388.09,9067.68,1.3,47.6,521.03,2388.12,8145.01,8.4178,0.03,393,2388,100.0,38.77,23.2051,100
64,184,0.0023,-0.0002,100.0,518.67,642.36,1592.73,1410.54,14.62,21.61,552.93,2388.07,9066.73,1.3,47.61,521.21,2388.08,8143.61,8.4538,0.03,393,2388,100.0,38.75,23.2928,99
64,185,-0.0001,-0.0002,100.0,518.67,643.17,1597.7,1414.48,14.62,21.61,553.27,2388.08,9065.69,1.3,47.49,521.03,2388.09,8150.15,8.4646,0.03,394,2388,100.0,38.68,23.1879,98
64,186,0.0002,-0.0002,100.0,518.67,642.77,1591.07,1410.67,14.62,21.61,552.77,2388.1,9058.16,1.3,47.69,520.69,2388.05,8148.24,8.4309,0.03,393,2388,100.0,38.82,23.1512,97
64,187,-0.0004,0.0,100.0,518.67,642.75,1589.41,1412.49,14.62,21.61,553.36,2388.17,9066.58,1.3,47.57,521.09,2388.06,8143.65,8.4385,0.03,394,2388,100.0,38.82,23.1923,96
64,188,0.001,-0.0002,100.0,518.67,642.55,1587.09,1409.01,14.62,21.61,552.97,2388.09,9072.07,1.3,47.58,520.74,2388.07,8142.27,8.4568,0.03,393,2388,100.0,38.95,23.2845,95
64,189,0.0001,0.0001,100.0,518.67,643.15,1592.75,1410.45,14.62,21.61,552.52,2388.1,9073.63,1.3,47.55,521.21,2388.1,8144.35,8.4189,0.03,394,2388,100.0,38.88,23.1601,94
64,190,-0.001,-0.0002,100.0,518.67,643.29,1587.7,1407.8,14.62,21.61,552.68,2388.06,9069.97,1.3,47.6,521.72,2388.09,8144.75,8.467,0.03,394,2388,100.0,38.78,23.2866,93
64,191,0.0031,-0.0003,100.0,518.67,642.62,1589.39,1410.92,14.62,21.61,553.79,2388.13,9066.63,1.3,47.53,521.2,2388.08,8142.87,8.4525,0.03,393,2388,100.0,38.57,23.33,92
64,192,-0.0013,0.0004,100.0,518.67,642.98,1591.2,1415.61,14.62,21.61,553.5,2388.15,9074.17,1.3,47.79,520.92,2388.11,8144.03,8.4209,0.03,395,2388,100.0,38.64,23.1511,91
64,193,-0.0004,0.0004,100.0,518.67,642.31,1601.12,1410.02,14.62,21.61,552.62,2388.05,9073.04,1.3,47.67,521.32,2388.11,8147.34,8.4108,0.03,394,2388,100.0,38.8,23.3543,90
64,194,0.0014,-0.0004,100.0,518.67,643.31,1590.8,1414.56,14.62,21.61,553.76,2388.11,9065.31,1.3,47.5,521.16,2388.12,8144.41,8.4391,0.03,393,2388,100.0,38.64,23.3309,89
64,195,-0.0023,0.0,100.0,518.67,643.24,1593.42,1418.33,14.62,21.61,553.44,2388.14,9062.75,1.3,47.69,521.26,2388.12,8149.62,8.4858,0.03,394,2388,100.0,38.56,23.0672,88
64,196,0.0027,0.0001,100.0,518.67,642.31,1598.42,1414.4,14.62,21.61,553.24,2388.09,9073.03,1.3,47.57,521.11,2388.08,8147.39,8.4414,0.03,394,2388,100.0,38.93,23.2571,87
64,197,0.0002,0.0002,100.0,518.67,643.05,1586.83,1408.93,14.62,21.61,554.13,2388.07,9066.67,1.3,47.7,521.71,2388.16,8148.55,8.4729,0.03,394,2388,100.0,38.83,23.3215,86
64,198,-0.0028,0.0002,100.0,518.67,642.86,1594.85,1412.61,14.62,21.61,552.8,2388.08,9070.5,1.3,47.61,521.12,2388.09,8141.49,8.4556,0.03,394,2388,100.0,38.65,23.1804,85
64,199,0.0012,0.0,100.0,518.67,642.86,1597.36,1410.54,14.62,21.61,553.35,2388.13,9068.89,1.3,47.73,521.24,2388.13,8150.01,8.4608,0.03,394,2388,100.0,38.75,23.1841,84
64,200,0.0019,-0.0001,100.0,518.67,642.36,1590.45,1414.91,14.62,21.61,553.02,2388.11,9063.56,1.3,47.66,520.82,2388.18,8146.34,8.4793,0.03,393,2388,100.0,38.71,23.3114,83
64,201,0.0012,0.0001,100.0,518.67,642.77,1591.32,1403.01,14.62,21.61,551.95,2388.15,9077.01,1.3,47.64,521.46,2388.12,8149.88,8.443,0.03,393,2388,100.0,38.78,23.2698,82
64,202,-0.0004,0.0004,100.0,518.67,642.43,1597.54,1414.12,14.62,21.61,552.6,2388.11,9069.42,1.3,47.66,521.11,2388.08,8147.32,8.5048,0.03,394,2388,100.0,38.75,23.2135,81
64,203,-0.0016,-0.0004,100.0,518.67,642.61,1586.36,1412.45,14.62,21.61,553.05,2388.09,9067.7,1.3,47.73,521.05,2388.09,8145.78,8.4691,0.03,394,2388,100.0,38.79,23.2846,80
64,204,-0.0044,-0.0,100.0,518.67,642.6,1591.25,1412.97,14.62,21.61,552.69,2388.14,9064.32,1.3,47.81,521.37,2388.2,8150.38,8.4505,0.03,393,2388,100.0,38.75,23.2207,79
64,205,-0.0036,-0.0003,100.0,518.67,642.36,1588.88,1415.48,14.62,21.61,552.65,2388.12,9069.8,1.3,47.7,521.08,2388.12,8146.19,8.4573,0.03,393,2388,100.0,38.79,23.2175,78
64,206,-0.0022,-0.0001,100.0,518.67,643.57,1599.52,1412.0,14.62,21.61,552.75,2388.08,9069.89,1.3,47.71,521.41,2388.18,8149.64,8.4781,0.03,393,2388,100.0,38.64,23.1591,77
64,207,-0.0007,-0.0005,100.0,518.67,642.71,1590.62,1413.28,14.62,21.61,552.95,2388.08,9070.81,1.3,47.76,521.25,2388.11,8145.92,8.4755,0.03,394,2388,100.0,38.65,23.2167,76
64,208,-0.0003,-0.0004,100.0,518.67,642.79,1594.13,1410.25,14.62,21.61,552.05,2388.07,9080.56,1.3,47.61,521.35,2388.09,8155.62,8.4571,0.03,393,2388,100.0,38.6,23.1968,75
64,209,-0.0025,0.0003,100.0,518.67,642.91,1597.09,1414.45,14.62,21.61,552.82,2388.12,9077.45,1.3,47.84,520.96,2388.15,8151.53,8.445,0.03,395,2388,100.0,38.65,23.3365,74
64,210,0.0043,-0.0003,100.0,518.67,643.16,1587.84,1410.95,14.62,21.61,553.22,2388.17,9077.3,1.3,47.66,520.64,2388.08,8146.85,8.4501,0.03,394,2388,100.0,38.77,23.1841,73
64,211,-0.0037,-0.0003,100.0,518.67,643.09,1594.12,1404.75,14.62,21.61,552.48,2388.09,9077.54,1.3,47.87,520.78,2388.12,8153.28,8.4419,0.03,393,2388,100.0,38.64,23.1754,72
64,212,0.0031,0.0003,100.0,518.67,642.26,1594.58,1415.79,14.62,21.61,552.6,2388.05,9071.58,1.3,47.67,521.1,2388.12,8151.07,8.4586,0.03,392,2388,100.0,38.71,23.2532,71
64,213,0.0008,-0.0002,100.0,518.67,643.27,1590.72,1411.95,14.62,21.61,552.66,2388.14,9081.87,1.3,47.73,520.99,2388.12,8152.4,8.4769,0.03,392,2388,100.0,38.62,23.3641,70
64,214,-0.0005,-0.0,100.0,518.67,642.81,1590.17,1411.5,14.62,21.61,552.71,2388.16,9079.73,1.3,47.59,520.95,2388.08,8150.53,8.4502,0.03,392,2388,100.0,38.78,23.2975,69
64,215,-0.0009,0.0004,100.0,518.67,642.73,1603.33,1414.45,14.62,21.61,552.99,2388.1,9077.18,1.3,47.81,520.85,2388.1,8151.37,8.4721,0.03,395,2388,100.0,38.86,23.1428,68
64,216,-0.0012,0.0001,100.0,518.67,643.42,1598.64,1409.2,14.62,21.61,552.38,2388.12,9080.08,1.3,47.83,521.45,2388.17,8145.64,8.488,0.03,395,2388,100.0,38.79,23.1771,67
64,217,0.0003,-0.0001,100.0,518.67,642.99,1595.39,1418.1,14.62,21.61,552.37,2388.15,9081.39,1.3,47.69,521.07,2388.12,8156.92,8.4889,0.03,394,2388,100.0,38.71,23.1063,66
64,218,-0.0046,0.0005,100.0,518.67,642.85,1593.55,1415.86,14.62,21.61,552.69,2388.15,9075.79,1.3,47.69,521.12,2388.07,8147.59,8.4524,0.03,394,2388,100.0,38.76,23.1681,65
64,219,-0.0034,-0.0004,100.0,518.67,642.88,1596.7,1414.22,14.62,21.61,551.88,2388.11,9081.8,1.3,47.94,521.04,2388.11,8155.55,8.5081,0.03,394,2388,100.0,38.66,23.2868,64
64,220,-0.0019,-0.0002,100.0,518.67,643.16,1593.21,1419.41,14.62,21.61,552.47,2388.15,9079.33,1.3,47.81,520.56,2388.12,8149.54,8.497,0.03,395,2388,100.0,38.84,23.2531,63
64,221,0.0004,-0.0002,100.0,518.67,643.64,1588.48,1414.44,14.62,21.61,552.86,2388.17,9080.34,1.3,47.75,521.0,2388.14,8155.09,8.4397,0.03,396,2388,100.0,38.75,23.2516,62
64,222,-0.0012,0.0001,100.0,518.67,643.05,1592.77,1409.81,14.62,21.61,552.65,2388.16,9083.78,1.3,47.86,521.23,2388.13,8152.95,8.4892,0.03,396,2388,100.0,38.64,23.282,61
64,223,-0.0035,0.0003,100.0,518.67,642.74,1602.2,1417.22,14.62,21.61,553.21,2388.14,9075.8,1.3,47.6,520.98,2388.14,8150.07,8.4694,0.03,394,2388,100.0,38.77,23.2635,60
64,224,0.0002,-0.0003,100.0,518.67,642.97,1594.06,1414.41,14.62,21.61,553.14,2388.18,9083.65,1.3,47.81,520.95,2388.12,8154.76,8.474,0.03,395,2388,100.0,38.59,23.2334,59
64,225,-0.0013,-0.0003,100.0,518.67,643.11,1594.61,1425.11,14.62,21.61,552.85,2388.18,9078.56,1.3,47.9,520.67,2388.14,8152.83,8.4893,0.03,393,2388,100.0,38.4,23.2723,58
64,226,-0.0022,-0.0,100.0,518.67,642.58,1601.54,1422.68,14.62,21.61,552.47,2388.16,9084.45,1.3,47.76,520.52,2388.12,8158.46,8.4661,0.03,395,2388,100.0,38.56,23.2446,57
64,227,-0.0022,0.0003,100.0,518.67,643.07,1603.16,1418.52,14.62,21.61,552.1,2388.12,9076.51,1.3,47.89,521.48,2388.15,8155.69,8.4726,0.03,394,2388,100.0,38.67,23.2327,56
64,228,0.0021,-0.0005,100.0,518.67,642.5,1596.57,1407.97,14.62,21.61,552.65,2388.15,9076.65,1.3,47.7,520.67,2388.11,8155.58,8.4772,0.03,395,2388,100.0,38.52,23.1061,55
64,229,-0.0037,-0.0002,100.0,518.67,643.51,1595.25,1420.9,14.62,21.61,552.96,2388.11,9081.64,1.3,47.76,520.59,2388.15,8152.17,8.4676,0.03,396,2388,100.0,38.54,23.1761,54
64,230,0.0011,0.0001,100.0,518.67,643.22,1598.55,1423.55,14.62,21.61,552.89,2388.13,9079.47,1.3,47.74,520.78,2388.13,8154.25,8.5175,0.03,395,2388,100.0,38.7,23.2026,53
64,231,0.0011,0.0003,100.0,518.67,643.13,1605.37,1417.26,14.62,21.61,552.94,2388.13,9075.78,1.3,47.75,520.75,2388.11,8157.75,8.4899,0.03,395,2388,100.0,38.47,23.2422,52
64,232,-0.0027,0.0003,100.0,518.67,642.73,1597.8,1423.27,14.62,21.61,552.84,2388.12,9076.9,1.3,47.6,520.97,2388.11,8157.08,8.4782,0.03,395,2388,100.0,38.79,23.1776,51
64,233,0.0023,-0.0004,100.0,518.67,643.08,1598.47,1418.85,14.62,21.61,552.17,2388.18,9084.6,1.3,47.84,520.54,2388.23,8158.84,8.5107,0.03,396,2388,100.0,38.61,23.2133,50
64,234,-0.0002,0.0001,100.0,518.67,643.56,1598.08,1418.91,14.62,21.61,552.53,2388.08,9078.69,1.3,47.85,520.09,2388.16,8154.78,8.4765,0.03,394,2388,100.0,38.62,23.2753,49
64,235,-0.0017,0.0,100.0,518.67,643.37,1597.25,1420.82,14.62,21.61,552.69,2388.14,9082.17,1.3,47.6,520.82,2388.17,8151.65,8.4941,0.03,396,2388,100.0,38.66,23.1933,48
64,236,-0.0004,-0.0004,100.0,518.67,642.99,1589.14,1418.17,14.62,21.61,552.43,2388.13,9084.31,1.3,47.85,520.94,2388.08,8155.44,8.4851,0.03,394,2388,100.0,38.7,23.0754,47
64,237,-0.0005,-0.0003,100.0,518.67,642.79,1597.0,1414.07,14.62,21.61,552.4,2388.19,9082.07,1.3,47.98,520.54,2388.13,8157.13,8.5054,0.03,396,2388,100.0,38.52,23.2154,46
64,238,0.0002,-0.0003,100.0,518.67,642.97,1599.06,1422.28,14.62,21.61,552.39,2388.13,9078.21,1.3,47.97,520.87,2388.12,8154.44,8.4802,0.03,397,2388,100.0,38.59,23.2631,45
64,239,0.0005,-0.0004,100.0,518.67,642.52,1596.07,1420.69,14.62,21.61,551.85,2388.18,9075.75,1.3,47.57,520.51,2388.1,8157.92,8.4921,0.03,394,2388,100.0,38.69,23.2313,44
64,240,0.0017,0.0004,100.0,518.67,643.92,1594.16,1424.76,14.62,21.61,551.87,2388.17,9084.01,1.3,48.04,520.02,2388.22,8155.21,8.4387,0.03,395,2388,100.0,38.48,23.154,43
64,241,0.0034,0.0004,100.0,518.67,642.84,1600.59,1416.86,14.62,21.61,552.22,2388.13,9082.42,1.3,47.74,520.48,2388.09,8157.37,8.4935,0.03,395,2388,100.0,38.57,23.3486,42
64,242,0.0016,0.0003,100.0,518.67,643.06,1596.28,1423.95,14.62,21.61,552.59,2388.12,9080.08,1.3,47.94,520.26,2388.13,8159.32,8.4912,0.03,395,2388,100.0,38.51,23.2376,41
64,243,0.0023,-0.0003,100.0,518.67,642.78,1598.73,1418.14,14.62,21.61,552.69,2388.14,9081.74,1.3,47.73,521.13,2388.11,8162.05,8.4575,0.03,394,2388,100.0,38.64,23.246,40
64,244,0.0019,0.0003,100.0,518.67,643.04,1596.91,1417.07,14.62,21.61,552.54,2388.12,9073.16,1.3,47.96,521.33,2388.17,8156.55,8.468,0.03,395,2388,100.0,38.52,23.2034,39
64,245,-0.0039,-0.0003,100.0,518.67,643.33,1592.73,1420.81,14.62,21.61,552.43,2388.18,9082.45,1.3,47.88,520.41,2388.14,8156.05,8.483,0.03,396,2388,100.0,38.65,23.1179,38
64,246,-0.0021,-0.0004,100.0,518.67,643.03,1599.22,1424.23,14.62,21.61,551.53,2388.19,9086.62,1.3,48.06,520.39,2388.15,8161.96,8.4553,0.03,395,2388,100.0,38.67,23.1453,37
64,247,-0.002,-0.0004,100.0,518.67,643.03,1599.56,1418.16,14.62,21.61,551.67,2388.1,9085.72,1.3,47.77,520.68,2388.17,8160.63,8.4516,0.03,394,2388,100.0,38.6,23.0774,36
64,248,0.0009,0.0002,100.0,518.67,643.03,1599.03,1417.35,14.62,21.61,552.62,2388.19,9080.49,1.3,47.98,520.42,2388.15,8158.02,8.5077,0.03,394,2388,100.0,38.52,23.1564,35
64,249,0.0004,0.0,100.0,518.67,643.38,1599.45,1413.85,14.62,21.61,552.55,2388.15,9090.14,1.3,47.91,520.71,2388.11,8158.33,8.4944,0.03,395,2388,100.0,38.42,23.1662,34
64,250,0.0023,-0.0004,100.0,518.67,643.65,1596.79,1420.75,14.62,21.61,552.83,2388.12,9085.65,1.3,47.69,520.6,2388.19,8160.89,8.4691,0.03,395,2388,100.0,38.78,23.1732,33
64,251,0.0048,-0.0002,100.0,518.67,643.44,1593.83,1420.14,14.62,21.61,552.07,2388.17,9083.96,1.3,47.88,520.51,2388.16,8164.37,8.4637,0.03,395,2388,100.0,38.54,23.1174,32
64,252,0.0006,0.0001,100.0,518.67,643.68,1603.85,1423.8,14.62,21.61,552.06,2388.16,9088.35,1.3,47.86,520.59,2388.21,8156.92,8.4914,0.03,395,2388,100.0,38.45,23.0541,31
64,253,0.0025,-0.0004,100.0,518.67,643.26,1596.33,1422.78,14.62,21.61,552.21,2388.14,9096.8,1.3,47.84,520.15,2388.18,8161.39,8.4922,0.03,397,2388,100.0,38.53,23.2026,30
64,254,0.0087,0.0005,100.0,518.67,643.68,1597.07,1426.57,14.62,21.61,552.57,2388.14,9099.2,1.3,47.93,520.93,2388.15,8165.96,8.4988,0.03,395,2388,100.0,38.41,23.0971,29
64,255,-0.0011,0.0005,100.0,518.67,643.69,1597.51,1425.38,14.62,21.61,552.29,2388.16,9085.05,1.3,48.08,519.57,2388.13,8164.94,8.4748,0.03,394,2388,100.0,38.53,23.119,28
64,256,0.0006,0.0001,100.0,518.67,643.47,1592.48,1418.48,14.62,21.61,552.05,2388.18,9088.62,1.3,47.96,520.84,2388.15,8164.1,8.498,0.03,397,2388,100.0,38.64,23.1167,27
64,257,-0.0022,0.0001,100.0,518.67,643.31,1602.45,1428.76,14.62,21.61,552.11,2388.26,9085.34,1.3,48.04,520.73,2388.16,8167.38,8.5345,0.03,394,2388,100.0,38.46,23.0852,26
64,258,0.0037,-0.0,100.0,518.67,643.49,1601.91,1424.99,14.62,21.61,552.49,2388.15,9086.96,1.3,47.96,520.53,2388.17,8161.11,8.5105,0.03,395,2388,100.0,38.66,23.115,25
64,259,-0.0004,-0.0,100.0,518.67,644.11,1593.8,1421.9,14.62,21.61,552.41,2388.18,9081.07,1.3,47.82,520.29,2388.13,8160.1,8.4978,0.03,396,2388,100.0,38.31,23.1363,24
64,260,-0.0021,-0.0001,100.0,518.67,643.7,1602.01,1423.54,14.62,21.61,551.41,2388.12,9097.98,1.3,47.96,520.16,2388.15,8162.15,8.5123,0.03,395,2388,100.0,38.57,23.0799,23
64,261,0.0033,0.0005,100.0,518.67,643.53,1607.28,1430.92,14.62,21.61,552.53,2388.18,9097.63,1.3,48.07,520.66,2388.19,8163.94,8.4758,0.03,395,2388,100.0,38.6,23.0338,22
64,262,-0.0003,0.0003,100.0,518.67,643.88,1597.72,1428.55,14.62,21.61,552.76,2388.16,9088.32,1.3,47.81,520.56,2388.15,8168.5,8.5308,0.03,395,2388,100.0,38.54,23.049,21
64,263,-0.0032,0.0003,100.0,518.67,643.64,1600.08,1427.74,14.62,21.61,552.17,2388.19,9092.93,1.3,47.92,520.28,2388.18,8164.24,8.4995,0.03,395,2388,100.0,38.71,23.1406,20
64,264,-0.0013,-0.0005,100.0,518.67,643.49,1605.49,1424.44,14.62,21.61,551.52,2388.18,9090.03,1.3,47.94,519.87,2388.19,8162.2,8.4976,0.03,394,2388,100.0,38.61,23.1051,19
64,265,0.0017,0.0005,100.0,518.67,643.24,1601.36,1419.68,14.62,21.61,551.62,2388.17,9100.64,1.3,47.87,520.5,2388.17,8169.3,8.51,0.03,396,2388,100.0,38.68,23.0655,18
64,266,-0.0026,0.0004,100.0,518.67,643.07,1605.32,1427.27,14.62,21.61,551.65,2388.16,9096.42,1.3,48.24,519.98,2388.13,8168.67,8.4994,0.03,396,2388,100.0,38.5,23.0841,17
64,267,-0.0011,-0.0,100.0,518.67,643.58,1601.3,1424.61,14.62,21.61,551.61,2388.2,9104.91,1.3,48.03,520.2,2388.2,8170.84,8.5031,0.03,396,2388,100.0,38.55,23.1172,16
64,268,0.0009,-0.0,100.0,518.67,643.93,1602.02,1421.47,14.62,21.61,551.3,2388.16,9095.75,1.3,48.0,520.09,2388.19,8166.68,8.4792,0.03,397,2388,100.0,38.4,23.1246,15
64,269,-0.0022,0.0004,100.0,518.67,643.01,1603.1,1425.44,14.62,21.61,552.15,2388.22,9096.19,1.3,48.21,519.44,2388.12,8169.76,8.4915,0.03,396,2388,100.0,38.51,23.1293,14
64,270,0.0029,-0.0003,100.0,518.67,643.08,1606.69,1420.45,14.62,21.61,552.7,2388.16,9111.34,1.3,48.34,519.47,2388.18,8168.89,8.4815,0.03,395,2388,100.0,38.42,23.1693,13
64,271,-0.0015,0.0003,100.0,518.67,643.07,1602.53,1430.37,14.62,21.61,551.02,2388.15,9099.46,1.3,48.19,519.79,2388.21,8168.61,8.5376,0.03,396,2388,100.0,38.39,23.0373,12
64,272,0.0007,-0.0001,100.0,518.67,643.79,1604.26,1426.99,14.62,21.61,551.77,2388.2,9103.31,1.3,47.94,520.1,2388.18,8170.38,8.5387,0.03,396,2388,100.0,38.55,23.0943,11
64,273,0.0009,0.0002,100.0,518.67,643.61,1604.23,1427.56,14.62,21.61,552.4,2388.17,9095.13,1.3,48.17,519.66,2388.2,8168.17,8.521,0.03,397,2388,100.0,38.31,23.1182,10
64,274,0.0013,-0.0001,100.0,518.67,643.41,1605.24,1421.98,14.62,21.61,551.66,2388.18,9110.96,1.3,48.06,519.87,2388.2,8172.78,8.499,0.03,394,2388,100.0,38.37,23.0697,9
64,275,-0.0005,0.0005,100.0,518.67,643.49,1597.55,1420.04,14.62,21.61,551.44,2388.14,9104.29,1.3,48.1,519.85,2388.23,8171.84,8.5237,0.03,397,2388,100.0,38.56,23.1107,8
64,276,0.0005,0.0002,100.0,518.67,643.32,1602.04,1425.46,14.62,21.61,551.32,2388.2,9109.57,1.3,48.07,520.06,2388.18,8171.25,8.4928,0.03,396,2388,100.0,38.43,23.0251,7
64,277,0.0031,0.0001,100.0,518.67,643.93,1608.81,1427.23,14.62,21.61,551.56,2388.22,9097.71,1.3,48.26,519.99,2388.19,8172.33,8.5279,0.03,395,2388,100.0,38.45,23.0162,6
64,278,-0.002,0.0004,100.0,518.67,643.73,1604.42,1436.14,14.62,21.61,551.71,2388.22,9102.34,1.3,48.09,519.63,2388.22,8170.0,8.5054,0.03,397,2388,100.0,38.4,23.1366,5
64,279,0.0007,0.0002,100.0,518.67,643.63,1606.92,1437.98,14.62,21.61,551.94,2388.19,9109.27,1.3,48.09,519.15,2388.2,8177.66,8.5338,0.03,396,2388,100.0,38.54,23.1942,4
64,280,-0.0013,-0.0004,100.0,518.67,643.66,1607.07,1428.08,14.62,21.61,552.31,2388.29,9099.97,1.3,48.06,520.11,2388.27,8175.6,8.5413,0.03,396,2388,100.0,38.3,23.0323,3
64,281,-0.0,0.0004,100.0,518.67,643.75,1607.98,1430.33,14.62,21.61,551.42,2388.25,9102.81,1.3,48.05,519.95,2388.22,8177.78,8.5252,0.03,395,2388,100.0,38.44,23.072,2
64,282,-0.0028,-0.0004,100.0,518.67,643.76,1606.06,1426.12,14.62,21.61,551.41,2388.21,9106.18,1.3,48.26,519.81,2388.19,8172.79,8.5396,0.03,397,2388,100.0,38.51,23.052,1
64,283,0.002,-0.0001,100.0,518.67,643.88,1605.47,1425.77,14.62,21.61,550.6,2388.17,9111.28,1.3,48.15,519.54,2388.22,8181.59,8.5458,0.03,397,2388,100.0,38.45,23.1041,0
65,1,-0.0007,0.0003,100.0,518.67,642.2,1586.71,1398.93,14.62,21.61,554.78,2387.93,9055.53,1.3,47.12,522.03,2388.05,8141.36,8.4242,0.03,392,2388,100.0,39.12,23.4108,152
65,2,-0.0007,0.0001,100.0,518.67,641.7,1580.85,1403.05,14.62,21.61,554.12,2388.0,9067.05,1.3,47.22,522.72,2387.97,8144.19,8.3931,0.03,391,2388,100.0,39.05,23.4484,151
65,3,0.0014,-0.0001,100.0,518.67,642.05,1577.46,1404.75,14.62,21.61,554.38,2387.99,9056.05,1.3,47.03,522.66,2388.04,8146.1,8.4203,0.03,392,2388,100.0,39.21,23.4586,150
65,4,-0.0019,0.0004,100.0,518.67,642.6,1586.51,1399.61,14.62,21.61,553.7,2388.04,9063.07,1.3,47.18,522.84,2387.96,8150.55,8.4187,0.03,392,2388,100.0,38.94,23.3548,149
65,5,-0.0011,0.0002,100.0,518.67,642.2,1584.74,1401.17,14.62,21.61,554.29,2388.04,9069.06,1.3,47.15,522.37,2387.99,8143.64,8.374,0.03,394,2388,100.0,39.0,23.4887,148
65,6,0.0025,0.0005,100.0,518.67,641.92,1583.24,1399.53,14.62,21.61,554.33,2387.96,9056.89,1.3,47.21,522.4,2387.97,8141.84,8.4409,0.03,392,2388,100.0,39.01,23.4372,147
65,7,-0.0003,0.0005,100.0,518.67,642.34,1586.99,1394.65,14.62,21.61,554.63,2388.03,9061.36,1.3,47.49,522.45,2388.01,8139.4,8.3901,0.03,392,2388,100.0,39.03,23.3065,146
65,8,-0.0014,-0.0003,100.0,518.67,642.14,1583.18,1402.85,14.62,21.61,554.72,2387.99,9055.8,1.3,47.01,522.85,2387.97,8143.49,8.4037,0.03,393,2388,100.0,38.85,23.4653,145
65,9,-0.0012,0.0004,100.0,518.67,642.5,1584.76,1396.58,14.62,21.61,554.6,2388.03,9067.66,1.3,47.15,522.32,2387.98,8144.41,8.4054,0.03,392,2388,100.0,38.88,23.3633,144
65,10,0.0003,-0.0001,100.0,518.67,642.44,1583.31,1402.04,14.62,21.61,554.63,2388.02,9066.58,1.3,47.29,522.41,2388.09,8145.51,8.3829,0.03,391,2388,100.0,38.79,23.2399,143
65,11,0.0041,0.0004,100.0,518.67,642.23,1578.93,1398.67,14.62,21.61,554.36,2388.01,9065.7,1.3,47.26,522.55,2388.0,8144.13,8.3986,0.03,393,2388,100.0,39.06,23.3523,142
65,12,-0.0012,0.0005,100.0,518.67,642.57,1582.23,1396.26,14.62,21.61,554.54,2387.99,9057.29,1.3,47.24,522.21,2387.97,8146.75,8.4099,0.03,392,2388,100.0,39.23,23.3973,141
65,13,0.0006,-0.0004,100.0,518.67,642.06,1584.35,1394.71,14.62,21.61,554.05,2388.02,9065.57,1.3,47.11,522.53,2388.02,8145.93,8.3987,0.03,390,2388,100.0,39.02,23.445,140
65,14,0.0008,-0.0004,100.0,518.67,641.82,1588.73,1397.98,14.62,21.61,554.17,2388.03,9057.84,1.3,47.35,522.14,2388.0,8145.69,8.4239,0.03,394,2388,100.0,38.96,23.3263,139
65,15,-0.0022,0.0003,100.0,518.67,642.19,1576.99,1395.51,14.62,21.6,554.24,2387.99,9061.17,1.3,47.31,522.21,2388.06,8147.0,8.4099,0.03,391,2388,100.0,39.06,23.2863,138
65,16,-0.0003,-0.0003,100.0,518.67,642.52,1583.81,1398.96,14.62,21.61,554.75,2388.01,9061.2,1.3,47.34,522.43,2388.02,8140.42,8.3675,0.03,392,2388,100.0,38.86,23.4538,137
65,17,0.0021,-0.0001,100.0,518.67,642.09,1584.47,1408.99,14.62,21.61,554.53,2387.99,9067.34,1.3,47.1,522.56,2388.05,8148.73,8.3942,0.03,391,2388,100.0,39.17,23.347,136
65,18,-0.0005,0.0004,100.0,518.67,642.66,1586.93,1398.41,14.62,21.61,555.07,2387.99,9064.99,1.3,47.02,522.03,2387.98,8143.02,8.4166,0.03,391,2388,100.0,39.1,23.4334,135
65,19,0.0011,-0.0001,100.0,518.67,641.91,1583.52,1393.44,14.62,21.61,554.62,2387.96,9066.07,1.3,47.22,522.39,2388.0,8139.5,8.3833,0.03,391,2388,100.0,39.1,23.3751,134
65,20,-0.0032,0.0001,100.0,518.67,641.64,1578.53,1398.74,14.62,21.61,553.95,2388.04,9053.44,1.3,47.09,522.68,2387.99,8141.32,8.4251,0.03,391,2388,100.0,38.93,23.353,133
65,21,-0.0011,0.0002,100.0,518.67,642.06,1581.99,1395.18,14.62,21.61,554.67,2388.07,9062.63,1.3,47.32,521.96,2388.03,8150.33,8.4245,0.03,393,2388,100.0,39.0,23.5519,132
65,22,-0.0004,-0.0001,100.0,518.67,642.06,1584.11,1398.84,14.62,21.61,554.59,2388.04,9060.91,1.3,47.3,521.92,2388.04,8150.16,8.3996,0.03,392,2388,100.0,39.06,23.3882,131
65,23,0.0014,-0.0002,100.0,518.67,642.17,1587.24,1400.08,14.62,21.61,553.67,2388.05,9057.61,1.3,47.35,522.4,2388.0,8150.87,8.4208,0.03,394,2388,100.0,39.02,23.4076,130
65,24,-0.0002,-0.0001,100.0,518.67,642.51,1584.95,1402.97,14.62,21.61,554.25,2388.01,9051.01,1.3,47.28,522.32,2388.04,8143.83,8.4064,0.03,391,2388,100.0,39.01,23.4342,129
65,25,0.0026,-0.0001,100.0,518.67,642.14,1581.47,1396.7,14.62,21.61,554.4,2388.01,9061.24,1.3,47.15,522.13,2388.02,8145.29,8.3992,0.03,391,2388,100.0,39.0,23.4705,128
65,26,-0.0043,-0.0003,100.0,518.67,641.76,1580.05,1396.15,14.62,21.6,553.84,2387.98,9064.38,1.3,47.25,522.29,2388.01,8139.04,8.3656,0.03,391,2388,100.0,39.0,23.4348,127
65,27,-0.0008,0.0,100.0,518.67,642.32,1582.39,1399.68,14.62,21.61,554.52,2388.05,9063.78,1.3,47.21,521.72,2388.06,8142.36,8.3758,0.03,391,2388,100.0,39.06,23.4295,126
65,28,-0.0023,0.0003,100.0,518.67,642.37,1586.12,1397.24,14.62,21.61,554.55,2388.03,9060.8,1.3,47.16,522.37,2388.01,8144.61,8.3945,0.03,392,2388,100.0,38.83,23.4577,125
65,29,-0.0009,0.0002,100.0,518.67,642.21,1589.3,1393.27,14.62,21.61,554.93,2387.99,9065.19,1.3,47.35,522.18,2387.97,8144.75,8.4261,0.03,391,2388,100.0,39.12,23.4114,124
65,30,-0.004,-0.0002,100.0,518.67,641.98,1587.54,1404.47,14.62,21.61,553.92,2388.02,9061.88,1.3,47.28,522.04,2388.06,8137.38,8.3866,0.03,391,2388,100.0,39.14,23.4249,123
65,31,-0.0007,-0.0002,100.0,518.67,642.48,1589.18,1398.78,14.62,21.6,554.5,2388.01,9058.69,1.3,47.3,522.34,2388.04,8146.58,8.3961,0.03,391,2388,100.0,38.94,23.4398,122
65,32,0.0025,0.0002,100.0,518.67,641.98,1584.62,1398.58,14.62,21.61,553.64,2388.0,9061.0,1.3,47.19,521.96,2388.02,8147.22,8.3691,0.03,394,2388,100.0,38.93,23.354,121
65,33,0.0007,0.0004,100.0,518.67,641.96,1584.08,1402.64,14.62,21.61,554.12,2388.01,9058.33,1.3,47.3,522.25,2387.98,8140.61,8.4019,0.03,390,2388,100.0,38.84,23.5443,120
65,34,0.004,-0.0003,100.0,518.67,642.42,1582.25,1396.8,14.62,21.61,554.6,2388.03,9062.7,1.3,47.38,521.99,2388.05,8141.83,8.3771,0.03,391,2388,100.0,38.87,23.3753,119
65,35,-0.002,0.0002,100.0,518.67,642.1,1586.79,1396.63,14.62,21.61,555.25,2388.03,9066.18,1.3,47.4,522.29,2388.0,8143.69,8.3797,0.03,392,2388,100.0,39.09,23.3618,118
65,36,0.0005,-0.0004,100.0,518.67,642.36,1586.9,1393.82,14.62,21.61,553.46,2388.01,9063.84,1.3,47.41,521.89,2388.03,8139.46,8.3766,0.03,392,2388,100.0,38.99,23.442,117
65,37,0.0017,-0.0001,100.0,518.67,641.99,1581.52,1392.3,14.62,21.61,554.22,2388.01,9061.59,1.3,47.26,522.38,2387.99,8144.41,8.3932,0.03,391,2388,100.0,39.04,23.3466,116
65,38,0.0012,-0.0003,100.0,518.67,642.21,1584.63,1395.58,14.62,21.61,553.09,2388.01,9056.31,1.3,47.28,521.47,2387.98,8143.92,8.4335,0.03,392,2388,100.0,38.85,23.3588,115
65,39,-0.0011,0.0002,100.0,518.67,642.16,1590.79,1392.99,14.62,21.61,554.66,2387.96,9056.12,1.3,47.23,522.33,2388.01,8140.48,8.4302,0.03,393,2388,100.0,39.12,23.4243,114
65,40,-0.0011,0.0002,100.0,518.67,642.18,1581.15,1396.98,14.62,21.61,553.77,2388.0,9060.92,1.3,47.2,522.74,2388.02,8139.39,8.4123,0.03,390,2388,100.0,38.96,23.4495,113
65,41,-0.0032,-0.0003,100.0,518.67,642.26,1586.91,1403.3,14.62,21.61,554.31,2388.03,9053.06,1.3,47.18,522.48,2388.02,8138.73,8.4239,0.03,392,2388,100.0,39.21,23.3799,112
65,42,0.0048,0.0005,100.0,518.67,642.44,1581.24,1396.97,14.62,21.61,553.29,2388.08,9058.92,1.3,47.39,521.65,2388.04,8135.31,8.3664,0.03,392,2388,100.0,39.06,23.4386,111
65,43,0.001,-0.0004,100.0,518.67,642.13,1585.74,1405.19,14.62,21.61,554.16,2388.03,9061.17,1.3,47.29,522.27,2388.04,8141.33,8.4361,0.03,394,2388,100.0,39.05,23.2935,110
65,44,0.0011,-0.0001,100.0,518.67,642.0,1581.89,1396.59,14.62,21.61,554.77,2387.95,9063.68,1.3,47.19,522.03,2387.98,8145.72,8.4057,0.03,391,2388,100.0,38.88,23.4112,109
65,45,0.0023,0.0006,100.0,518.67,642.23,1587.12,1405.46,14.62,21.61,554.72,2388.01,9060.87,1.3,46.99,522.75,2388.05,8142.8,8.3891,0.03,391,2388,100.0,39.04,23.3672,108
65,46,0.0009,-0.0004,100.0,518.67,642.44,1589.28,1400.44,14.62,21.61,554.17,2388.03,9055.66,1.3,47.28,522.15,2388.03,8145.37,8.4115,0.03,392,2388,100.0,38.97,23.3909,107
65,47,-0.0005,0.0003,100.0,518.67,641.82,1578.14,1396.33,14.62,21.61,555.05,2387.97,9054.61,1.3,47.25,521.84,2388.02,8144.42,8.4105,0.03,391,2388,100.0,38.91,23.4262,106
65,48,-0.0018,0.0002,100.0,518.67,642.82,1582.29,1405.74,14.62,21.61,554.38,2388.04,9060.4,1.3,47.33,522.08,2388.0,8143.01,8.4054,0.03,392,2388,100.0,39.0,23.4352,105
65,49,0.004,0.0004,100.0,518.67,642.38,1591.73,1399.78,14.62,21.6,554.38,2388.06,9064.52,1.3,47.02,522.62,2388.01,8145.67,8.412,0.03,392,2388,100.0,39.1,23.3363,104
65,50,0.0009,-0.0003,100.0,518.67,642.15,1589.11,1396.8,14.62,21.61,554.55,2387.97,9057.39,1.3,47.21,521.93,2388.03,8142.06,8.3836,0.03,391,2388,100.0,39.02,23.3261,103
65,51,-0.001,-0.0004,100.0,518.67,641.99,1580.77,1400.53,14.62,21.61,554.59,2388.01,9060.49,1.3,47.26,521.93,2388.02,8141.0,8.4127,0.03,392,2388,100.0,39.03,23.3782,102
65,52,-0.0014,-0.0,100.0,518.67,641.9,1594.56,1394.55,14.62,21.61,553.93,2388.02,9055.96,1.3,47.43,522.12,2387.98,8143.35,8.42,0.03,390,2388,100.0,39.16,23.4334,101
65,53,0.0028,-0.0001,100.0,518.67,642.13,1584.76,1401.47,14.62,21.61,554.4,2388.01,9050.96,1.3,47.36,522.47,2388.06,8145.07,8.3981,0.03,391,2388,100.0,38.86,23.3472,100
65,54,-0.0034,-0.0002,100.0,518.67,642.37,1580.8,1398.72,14.62,21.61,553.44,2388.04,9063.22,1.3,47.26,522.34,2388.0,8144.24,8.4115,0.03,391,2388,100.0,38.84,23.3688,99
65,55,0.0022,-0.0001,100.0,518.67,642.29,1585.11,1406.56,14.62,21.61,554.56,2388.03,9071.85,1.3,47.2,522.38,2388.05,8141.47,8.4392,0.03,392,2388,100.0,38.97,23.4107,98
65,56,0.0025,0.0005,100.0,518.67,642.57,1585.0,1390.97,14.62,21.61,554.3,2387.99,9061.82,1.3,47.17,522.73,2388.0,8147.44,8.4131,0.03,393,2388,100.0,38.97,23.3405,97
65,57,-0.0052,0.0001,100.0,518.67,642.76,1589.34,1402.4,14.62,21.61,555.14,2388.06,9050.6,1.3,47.25,521.95,2388.02,8139.88,8.4261,0.03,393,2388,100.0,39.01,23.2655,96
65,58,0.0011,0.0002,100.0,518.67,642.21,1588.17,1402.59,14.62,21.61,554.66,2388.06,9062.24,1.3,47.33,521.97,2388.0,8146.87,8.3812,0.03,391,2388,100.0,39.03,23.4303,95
65,59,0.0007,-0.0003,100.0,518.67,642.49,1588.86,1395.47,14.62,21.61,554.43,2388.03,9053.21,1.3,47.3,521.76,2388.01,8141.66,8.4378,0.03,391,2388,100.0,39.17,23.3957,94
65,60,0.0012,0.0005,100.0,518.67,642.55,1584.18,1404.94,14.62,21.61,554.08,2387.99,9056.11,1.3,47.26,521.84,2388.03,8141.19,8.4193,0.03,392,2388,100.0,38.99,23.395,93
65,61,0.0002,-0.0004,100.0,518.67,641.86,1578.79,1398.5,14.62,21.61,554.27,2388.05,9054.65,1.3,47.18,522.13,2388.06,8139.73,8.396,0.03,394,2388,100.0,39.05,23.4124,92
65,62,-0.0013,-0.0002,100.0,518.67,641.97,1589.86,1407.54,14.62,21.61,554.28,2388.04,9061.93,1.3,47.23,522.1,2388.03,8142.91,8.3851,0.03,392,2388,100.0,38.82,23.456,91
65,63,-0.0009,-0.0003,100.0,518.67,642.15,1580.75,1397.82,14.62,21.61,554.03,2388.04,9059.94,1.3,47.33,522.37,2388.04,8137.49,8.4073,0.03,392,2388,100.0,39.17,23.3757,90
65,64,-0.0008,-0.0001,100.0,518.67,642.49,1583.8,1402.8,14.62,21.61,554.19,2388.0,9064.65,1.3,47.22,522.1,2388.03,8143.48,8.361,0.03,393,2388,100.0,39.1,23.3382,89
65,65,-0.0015,0.0005,100.0,518.67,642.31,1582.02,1395.27,14.62,21.61,554.22,2388.06,9058.85,1.3,47.06,521.89,2388.04,8140.84,8.403,0.03,393,2388,100.0,38.82,23.379,88
65,66,-0.0044,0.0003,100.0,518.67,642.39,1589.33,1403.99,14.62,21.61,554.03,2388.06,9057.85,1.3,47.24,522.17,2388.01,8142.71,8.4189,0.03,393,2388,100.0,38.78,23.346,87
65,67,0.0005,0.0003,100.0,518.67,641.99,1593.34,1402.49,14.62,21.61,554.14,2388.0,9057.16,1.3,47.29,522.27,2388.01,8141.03,8.3953,0.03,394,2388,100.0,38.89,23.4619,86
65,68,0.0009,0.0001,100.0,518.67,642.02,1593.28,1402.49,14.62,21.61,554.84,2388.05,9052.42,1.3,47.31,522.28,2387.97,8145.29,8.3889,0.03,392,2388,100.0,38.95,23.3527,85
65,69,0.0034,0.0001,100.0,518.67,641.84,1582.1,1394.79,14.62,21.61,553.51,2388.08,9061.25,1.3,47.13,522.73,2388.07,8149.73,8.4324,0.03,392,2388,100.0,39.03,23.3273,84
65,70,-0.0013,0.0003,100.0,518.67,642.1,1587.58,1403.36,14.62,21.61,554.38,2388.03,9062.18,1.3,47.27,522.06,2388.03,8144.73,8.4001,0.03,392,2388,100.0,38.94,23.3296,83
65,71,0.0026,0.0001,100.0,518.67,642.02,1588.7,1407.64,14.62,21.61,553.5,2388.03,9061.9,1.3,47.37,522.29,2388.1,8140.59,8.436,0.03,392,2388,100.0,38.85,23.2803,82
65,72,0.0033,0.0005,100.0,518.67,642.0,1583.69,1402.21,14.62,21.6,553.51,2388.07,9058.55,1.3,47.19,521.84,2388.1,8139.16,8.4007,0.03,391,2388,100.0,38.96,23.2972,81
65,73,0.0009,-0.0002,100.0,518.67,641.9,1587.48,1401.78,14.62,21.61,554.3,2388.07,9062.24,1.3,47.38,522.22,2388.01,8138.19,8.3809,0.03,391,2388,100.0,39.09,23.4261,80
65,74,-0.0034,0.0004,100.0,518.67,642.33,1587.39,1395.4,14.62,21.61,554.25,2388.07,9062.29,1.3,47.32,521.94,2388.07,8143.41,8.417,0.03,391,2388,100.0,38.89,23.3053,79
65,75,0.0004,-0.0001,100.0,518.67,642.38,1579.38,1399.53,14.62,21.61,553.87,2388.04,9062.25,1.3,47.36,521.73,2388.0,8141.53,8.4402,0.03,393,2388,100.0,39.07,23.3104,78
65,76,-0.0001,-0.0001,100.0,518.67,642.52,1583.39,1404.66,14.62,21.61,554.51,2388.01,9053.72,1.3,47.23,522.29,2388.02,8143.84,8.3976,0.03,393,2388,100.0,39.03,23.2327,77
65,77,-0.0003,0.0002,100.0,518.67,642.39,1579.94,1407.18,14.62,21.61,553.65,2388.03,9065.52,1.3,47.23,521.58,2387.99,8142.32,8.3834,0.03,393,2388,100.0,38.91,23.3381,76
65,78,0.0025,-0.0003,100.0,518.67,641.92,1588.11,1396.01,14.62,21.61,553.94,2388.06,9054.36,1.3,47.33,522.19,2388.04,8136.73,8.4142,0.03,394,2388,100.0,38.94,23.3567,75
65,79,0.0017,0.0003,100.0,518.67,642.59,1588.06,1403.75,14.62,21.61,553.92,2388.06,9056.61,1.3,47.48,522.01,2388.04,8141.07,8.4301,0.03,391,2388,100.0,38.93,23.3814,74
65,80,0.0012,-0.0003,100.0,518.67,642.05,1587.84,1399.65,14.62,21.61,554.89,2388.05,9057.06,1.3,47.33,521.57,2388.05,8138.7,8.3794,0.03,393,2388,100.0,38.84,23.4207,73
65,81,0.0032,-0.0001,100.0,518.67,642.08,1587.5,1399.14,14.62,21.61,553.83,2388.05,9060.84,1.3,47.35,522.14,2388.05,8137.73,8.4255,0.03,392,2388,100.0,38.85,23.4022,72
65,82,-0.0006,-0.0003,100.0,518.67,642.89,1588.96,1398.37,14.62,21.61,553.44,2388.06,9061.03,1.3,47.33,521.5,2388.07,8142.44,8.4102,0.03,393,2388,100.0,38.78,23.4228,71
65,83,-0.001,0.0004,100.0,518.67,642.4,1584.42,1397.12,14.62,21.61,553.73,2388.09,9054.8,1.3,47.31,522.27,2388.01,8137.41,8.4392,0.03,393,2388,100.0,38.82,23.4182,70
65,84,-0.001,-0.0002,100.0,518.67,642.3,1587.75,1401.31,14.62,21.61,553.76,2388.08,9057.0,1.3,47.42,521.99,2387.94,8140.34,8.3855,0.03,392,2388,100.0,38.97,23.3997,69
65,85,0.0003,0.0003,100.0,518.67,642.62,1581.87,1403.94,14.62,21.61,553.91,2388.06,9054.86,1.3,47.16,521.67,2388.04,8141.73,8.4167,0.03,391,2388,100.0,38.86,23.3541,68
65,86,-0.0005,0.0002,100.0,518.67,642.31,1589.65,1406.73,14.62,21.61,554.03,2388.02,9060.55,1.3,47.34,521.78,2388.01,8136.14,8.3722,0.03,392,2388,100.0,38.9,23.2648,67
65,87,0.0004,0.0002,100.0,518.67,642.23,1588.44,1400.32,14.62,21.61,553.98,2388.13,9065.89,1.3,47.36,521.77,2388.03,8138.73,8.4347,0.03,392,2388,100.0,38.96,23.305,66
65,88,0.0027,0.0002,100.0,518.67,642.2,1578.93,1400.61,14.62,21.61,553.87,2388.04,9062.82,1.3,47.36,522.32,2388.05,8146.5,8.4206,0.03,394,2388,100.0,38.89,23.2645,65
65,89,0.0018,-0.0,100.0,518.67,642.6,1588.79,1406.36,14.62,21.61,554.51,2388.06,9059.06,1.3,47.26,521.59,2388.0,8138.17,8.4282,0.03,391,2388,100.0,38.92,23.347,64
65,90,0.0034,-0.0001,100.0,518.67,642.22,1582.44,1397.63,14.62,21.61,554.05,2388.11,9060.22,1.3,47.4,522.21,2388.03,8140.99,8.4036,0.03,393,2388,100.0,39.07,23.3452,63
65,91,0.0011,0.0003,100.0,518.67,642.35,1584.44,1399.87,14.62,21.61,553.74,2388.05,9058.99,1.3,47.5,522.59,2388.0,8141.71,8.432,0.03,392,2388,100.0,38.97,23.3659,62
65,92,0.0026,-0.0003,100.0,518.67,642.53,1589.17,1406.01,14.62,21.61,554.36,2388.07,9061.24,1.3,47.39,522.1,2388.09,8136.01,8.4308,0.03,393,2388,100.0,38.67,23.3362,61
65,93,0.0012,-0.0004,100.0,518.67,642.35,1597.77,1401.09,14.62,21.61,554.04,2388.04,9055.37,1.3,47.26,522.29,2388.05,8136.94,8.4119,0.03,393,2388,100.0,38.82,23.392,60
65,94,0.0035,-0.0004,100.0,518.67,642.5,1586.1,1402.16,14.62,21.61,554.17,2388.09,9061.99,1.3,47.44,521.67,2388.04,8138.89,8.4207,0.03,392,2388,100.0,38.94,23.3952,59
65,95,-0.0027,-0.0001,100.0,518.67,642.69,1585.56,1403.38,14.62,21.61,554.2,2388.08,9055.87,1.3,47.18,521.83,2388.1,8138.43,8.4371,0.03,394,2388,100.0,38.89,23.3558,58
65,96,0.0011,0.0002,100.0,518.67,642.5,1588.29,1392.8,14.62,21.61,554.1,2388.07,9055.52,1.3,47.44,522.19,2388.04,8147.06,8.4396,0.03,393,2388,100.0,39.07,23.3494,57
65,97,-0.0028,0.0001,100.0,518.67,642.24,1590.06,1406.45,14.62,21.61,553.88,2388.13,9054.91,1.3,47.33,522.13,2388.14,8140.81,8.425,0.03,393,2388,100.0,38.97,23.3445,56
65,98,-0.0006,-0.0003,100.0,518.67,642.5,1582.24,1412.46,14.62,21.61,553.12,2388.02,9050.9,1.3,47.34,521.67,2388.07,8137.6,8.436,0.03,391,2388,100.0,38.97,23.3322,55
65,99,-0.0059,0.0003,100.0,518.67,643.08,1592.07,1402.73,14.62,21.61,554.1,2388.09,9062.5,1.3,47.67,521.78,2388.04,8133.34,8.4301,0.03,393,2388,100.0,38.67,23.3724,54
65,100,0.0032,-0.0002,100.0,518.67,642.43,1584.57,1403.67,14.62,21.61,553.86,2388.04,9059.96,1.3,47.53,521.67,2388.13,8135.95,8.376,0.03,392,2388,100.0,38.88,23.3342,53
65,101,0.0035,-0.0001,100.0,518.67,643.02,1584.25,1409.68,14.62,21.61,553.48,2388.08,9052.58,1.3,47.32,521.5,2388.06,8130.67,8.4139,0.03,391,2388,100.0,39.03,23.3181,52
65,102,0.003,0.0001,100.0,518.67,642.39,1588.22,1407.89,14.62,21.61,553.79,2388.11,9064.1,1.3,47.48,520.9,2388.15,8133.49,8.4006,0.03,394,2388,100.0,39.04,23.2928,51
65,103,-0.0009,-0.0002,100.0,518.67,642.23,1587.28,1403.56,14.62,21.61,553.08,2388.07,9050.84,1.3,47.53,521.83,2388.09,8137.93,8.4197,0.03,392,2388,100.0,39.09,23.3005,50
65,104,-0.0027,0.0003,100.0,518.67,642.47,1592.11,1409.31,14.62,21.61,553.75,2388.09,9053.77,1.3,47.36,521.7,2388.1,8136.47,8.4166,0.03,392,2388,100.0,38.89,23.3102,49
65,105,-0.0007,0.0005,100.0,518.67,642.42,1589.81,1404.53,14.62,21.61,553.52,2388.13,9052.66,1.3,47.31,521.74,2388.11,8135.52,8.4415,0.03,392,2388,100.0,38.96,23.3304,48
65,106,-0.0007,0.0005,100.0,518.67,642.75,1588.21,1412.25,14.62,21.61,553.63,2388.09,9064.34,1.3,47.52,521.71,2388.16,8134.41,8.4075,0.03,393,2388,100.0,39.01,23.14,47
65,107,0.001,0.0005,100.0,518.67,642.57,1589.74,1414.42,14.62,21.61,553.64,2388.09,9059.17,1.3,47.46,521.33,2388.14,8137.0,8.4334,0.03,392,2388,100.0,38.68,23.292,46
65,108,0.0021,0.0001,100.0,518.67,642.18,1589.15,1409.79,14.62,21.61,553.58,2388.09,9056.41,1.3,47.57,521.1,2388.07,8136.18,8.4276,0.03,394,2388,100.0,38.84,23.3239,45
65,109,0.0004,0.0006,100.0,518.67,642.59,1595.95,1404.41,14.62,21.61,552.97,2388.1,9050.36,1.3,47.58,521.16,2388.1,8135.6,8.4642,0.03,395,2388,100.0,38.94,23.1654,44
65,110,-0.0023,-0.0002,100.0,518.67,642.97,1587.76,1403.83,14.62,21.61,553.71,2388.1,9049.55,1.3,47.51,521.65,2388.1,8133.81,8.3939,0.03,393,2388,100.0,38.74,23.2801,43
65,111,0.0003,-0.0003,100.0,518.67,642.52,1588.07,1410.33,14.62,21.61,553.38,2388.11,9058.17,1.3,47.39,521.14,2388.1,8134.52,8.4117,0.03,394,2388,100.0,38.97,23.4121,42
65,112,0.0005,0.0002,100.0,518.67,643.1,1587.48,1415.42,14.62,21.61,553.1,2388.09,9053.42,1.3,47.45,521.82,2388.07,8138.35,8.4217,0.03,392,2388,100.0,38.87,23.3041,41
65,113,0.0021,0.0003,100.0,518.67,642.35,1594.27,1416.27,14.62,21.61,553.62,2388.08,9053.4,1.3,47.63,521.59,2388.12,8130.55,8.4451,0.03,393,2388,100.0,38.8,23.2377,40
65,114,0.0034,-0.0001,100.0,518.67,642.59,1590.1,1411.15,14.62,21.61,553.58,2388.12,9048.45,1.3,47.44,521.35,2388.13,8135.34,8.452,0.03,392,2388,100.0,38.86,23.1795,39
65,115,-0.0046,0.0002,100.0,518.67,642.62,1593.83,1401.63,14.62,21.61,552.91,2388.13,9054.82,1.3,47.61,521.46,2388.09,8135.42,8.4641,0.03,394,2388,100.0,38.75,23.318,38
65,116,0.0032,-0.0003,100.0,518.67,643.09,1591.46,1410.38,14.62,21.61,553.7,2388.06,9060.02,1.3,47.56,521.21,2388.13,8132.47,8.4315,0.03,393,2388,100.0,38.7,23.2439,37
65,117,0.0028,0.0004,100.0,518.67,642.39,1594.3,1405.07,14.62,21.61,552.44,2388.14,9044.68,1.3,47.51,521.06,2388.15,8137.55,8.4438,0.03,393,2388,100.0,38.89,23.3876,36
65,118,-0.0006,0.0001,100.0,518.67,643.07,1590.65,1409.37,14.62,21.61,552.73,2388.13,9049.92,1.3,47.56,520.83,2388.13,8125.76,8.4458,0.03,394,2388,100.0,38.78,23.3416,35
65,119,0.0013,0.0001,100.0,518.67,642.75,1594.59,1406.96,14.62,21.61,553.14,2388.14,9063.09,1.3,47.55,521.2,2388.11,8132.16,8.4191,0.03,392,2388,100.0,38.64,23.3339,34
65,120,-0.0033,-0.0,100.0,518.67,643.02,1595.29,1417.4,14.62,21.61,553.83,2388.15,9047.21,1.3,47.52,521.12,2388.09,8137.12,8.4594,0.03,392,2388,100.0,38.81,23.3171,33
65,121,-0.0008,0.0003,100.0,518.67,642.69,1592.61,1409.86,14.62,21.61,552.6,2388.18,9053.17,1.3,47.57,521.21,2388.14,8119.94,8.4269,0.03,395,2388,100.0,38.76,23.2646,32
65,122,-0.0,-0.0004,100.0,518.67,642.92,1596.23,1408.93,14.62,21.61,553.55,2388.16,9047.01,1.3,47.53,521.1,2388.14,8126.86,8.4356,0.03,392,2388,100.0,38.91,23.1528,31
65,123,0.0017,0.0002,100.0,518.67,643.27,1595.7,1413.31,14.62,21.61,552.24,2388.11,9051.48,1.3,47.67,520.84,2388.15,8128.32,8.4648,0.03,395,2388,100.0,38.78,23.3099,30
65,124,0.0029,-0.0003,100.0,518.67,642.76,1592.82,1411.06,14.62,21.61,552.29,2388.11,9056.07,1.3,47.71,521.42,2388.13,8133.53,8.4741,0.03,393,2388,100.0,38.7,23.2458,29
65,125,0.001,0.0002,100.0,518.67,642.85,1587.6,1408.54,14.62,21.61,553.82,2388.13,9059.11,1.3,47.64,520.88,2388.15,8128.56,8.4727,0.03,395,2388,100.0,38.64,23.2334,28
65,126,0.0016,0.0001,100.0,518.67,643.19,1601.28,1411.58,14.62,21.61,553.02,2388.03,9051.04,1.3,47.74,521.08,2388.14,8127.04,8.4586,0.03,394,2388,100.0,38.76,23.2517,27
65,127,-0.001,-0.0001,100.0,518.67,643.47,1588.04,1407.78,14.62,21.61,552.68,2388.14,9042.65,1.3,47.69,521.27,2388.2,8125.16,8.4859,0.03,394,2388,100.0,38.5,23.2031,26
65,128,-0.0021,0.0005,100.0,518.67,643.0,1587.49,1403.65,14.62,21.61,552.56,2388.14,9045.68,1.3,47.54,521.42,2388.18,8130.39,8.4993,0.03,394,2388,100.0,38.74,23.3589,25
65,129,0.0018,-0.0003,100.0,518.67,642.26,1592.53,1411.54,14.62,21.61,552.27,2388.14,9051.08,1.3,47.63,520.96,2388.12,8121.13,8.4903,0.03,394,2388,100.0,38.63,23.3984,24
65,130,-0.0023,-0.0,100.0,518.67,643.27,1598.02,1417.3,14.62,21.61,552.08,2388.19,9045.25,1.3,47.44,520.81,2388.17,8124.25,8.4477,0.03,393,2388,100.0,38.6,23.1168,23
65,131,-0.0015,0.0005,100.0,518.67,642.79,1605.14,1412.31,14.62,21.61,552.5,2388.18,9046.62,1.3,47.82,520.63,2388.17,8128.22,8.4692,0.03,393,2388,100.0,38.67,23.282,22
65,132,-0.0037,-0.0002,100.0,518.67,642.65,1597.44,1411.96,14.62,21.61,553.15,2388.15,9047.84,1.3,47.86,520.35,2388.17,8127.41,8.4987,0.03,394,2388,100.0,38.72,23.1282,21
65,133,-0.002,0.0002,100.0,518.67,642.95,1589.36,1416.3,14.62,21.61,552.85,2388.18,9051.72,1.3,47.68,520.52,2388.13,8121.33,8.4577,0.03,392,2388,100.0,38.7,23.1412,20
65,134,0.0004,-0.0003,100.0,518.67,643.41,1595.64,1423.85,14.62,21.61,552.33,2388.15,9044.4,1.3,47.95,520.51,2388.25,8125.26,8.4809,0.03,395,2388,100.0,38.69,23.2528,19
65,135,0.0019,0.0005,100.0,518.67,643.56,1591.97,1418.04,14.62,21.61,551.92,2388.16,9049.49,1.3,47.98,520.83,2388.21,8126.1,8.4868,0.03,395,2388,100.0,38.6,23.223,18
65,136,-0.0047,-0.0004,100.0,518.67,643.47,1591.49,1420.28,14.62,21.61,552.61,2388.15,9054.03,1.3,47.99,520.59,2388.24,8125.85,8.4735,0.03,394,2388,100.0,38.64,23.1708,17
65,137,0.0002,-0.0001,100.0,518.67,643.57,1596.03,1410.59,14.62,21.61,552.71,2388.19,9045.79,1.3,47.93,521.29,2388.24,8122.43,8.4524,0.03,395,2388,100.0,38.68,23.1601,16
65,138,-0.0041,-0.0001,100.0,518.67,643.68,1591.82,1423.18,14.62,21.61,551.72,2388.22,9043.91,1.3,47.79,520.76,2388.2,8120.82,8.4836,0.03,394,2388,100.0,38.52,23.2241,15
65,139,0.0,0.0004,100.0,518.67,643.47,1598.9,1420.03,14.62,21.61,551.89,2388.2,9041.51,1.3,47.96,520.2,2388.3,8120.54,8.4889,0.03,397,2388,100.0,38.8,23.1875,14
65,140,-0.0034,-0.0,100.0,518.67,642.99,1596.62,1419.69,14.62,21.61,551.43,2388.25,9042.28,1.3,47.75,519.67,2388.26,8116.76,8.4624,0.03,393,2388,100.0,38.55,23.1125,13
65,141,0.0032,0.0004,100.0,518.67,643.02,1593.47,1416.42,14.62,21.61,551.51,2388.21,9038.86,1.3,47.84,520.68,2388.23,8118.64,8.4731,0.03,397,2388,100.0,38.52,23.1204,12
65,142,0.0036,-0.0,100.0,518.67,643.29,1601.39,1422.05,14.62,21.61,552.18,2388.2,9039.02,1.3,48.1,520.19,2388.22,8119.22,8.4803,0.03,396,2388,100.0,38.53,23.1883,11
65,143,-0.0014,0.0002,100.0,518.67,643.42,1597.1,1409.22,14.62,21.61,551.47,2388.28,9036.02,1.3,47.99,520.61,2388.35,8120.08,8.5015,0.03,395,2388,100.0,38.52,23.1346,10
65,144,-0.0024,0.0002,100.0,518.67,643.22,1603.33,1424.77,14.62,21.61,551.81,2388.26,9032.77,1.3,47.87,520.68,2388.27,8123.67,8.4888,0.03,397,2388,100.0,38.53,23.255,9
65,145,-0.0014,-0.0003,100.0,518.67,643.01,1602.95,1432.39,14.62,21.61,551.84,2388.29,9044.65,1.3,48.04,520.18,2388.26,8116.57,8.51,0.03,394,2388,100.0,38.5,23.2066,8
65,146,-0.0016,0.0002,100.0,518.67,643.01,1588.85,1425.83,14.62,21.61,550.83,2388.23,9042.78,1.3,47.96,519.86,2388.26,8112.91,8.4933,0.03,395,2388,100.0,38.53,23.1039,7
65,147,-0.0004,0.0002,100.0,518.67,643.63,1598.37,1423.98,14.62,21.61,551.99,2388.27,9044.51,1.3,48.04,519.61,2388.28,8111.41,8.5084,0.03,397,2388,100.0,38.51,23.1239,6
65,148,0.0054,0.0005,100.0,518.67,643.2,1596.3,1430.73,14.62,21.61,551.63,2388.31,9043.36,1.3,48.12,519.67,2388.24,8121.02,8.4933,0.03,395,2388,100.0,38.51,23.1135,5
65,149,-0.0002,0.0,100.0,518.67,643.33,1605.33,1428.48,14.62,21.61,550.57,2388.27,9037.18,1.3,48.21,520.37,2388.33,8117.6,8.5306,0.03,396,2388,100.0,38.48,23.1331,4
65,150,0.0017,0.0004,100.0,518.67,643.59,1593.13,1428.51,14.62,21.61,550.94,2388.27,9045.59,1.3,47.99,520.07,2388.32,8113.95,8.5321,0.03,395,2388,100.0,38.47,23.1119,3
65,151,-0.0016,-0.0004,100.0,518.67,643.01,1602.05,1427.38,14.62,21.61,551.12,2388.32,9042.14,1.3,48.25,519.67,2388.28,8111.41,8.5206,0.03,396,2388,100.0,38.39,23.0744,2
65,152,-0.0014,0.0003,100.0,518.67,643.95,1602.77,1426.13,14.62,21.61,551.38,2388.29,9040.12,1.3,48.2,519.53,2388.3,8112.12,8.5036,0.03,395,2388,100.0,38.61,23.1309,1
65,153,0.0021,-0.0001,100.0,518.67,643.95,1592.45,1432.83,14.62,21.61,551.19,2388.28,9030.23,1.3,48.08,519.73,2388.34,8109.49,8.5197,0.03,396,2388,100.0,38.37,23.1362,0
66,1,0.0018,-0.0003,100.0,518.67,642.5,1589.58,1408.97,14.62,21.61,553.37,2388.08,9055.8,1.3,47.6,521.13,2388.08,8139.28,8.4472,0.03,394,2388,100.0,38.83,23.2739,201
66,2,-0.0012,0.0,100.0,518.67,642.81,1595.37,1410.63,14.62,21.61,553.74,2388.15,9059.79,1.3,47.69,520.88,2388.08,8137.77,8.4827,0.03,394,2388,100.0,38.91,23.2101,200
66,3,0.0017,0.0004,100.0,518.67,642.53,1584.2,1415.2,14.62,21.61,553.39,2388.08,9054.91,1.3,47.75,521.5,2388.14,8139.29,8.4491,0.03,394,2388,100.0,38.58,23.2292,199
66,4,0.0002,0.0,100.0,518.67,643.16,1585.91,1406.68,14.62,21.61,552.85,2388.16,9053.77,1.3,47.5,520.89,2388.1,8136.82,8.4858,0.03,392,2388,100.0,38.82,23.2697,198
66,5,-0.0004,-0.0001,100.0,518.67,642.65,1588.17,1409.5,14.62,21.61,553.29,2388.14,9057.02,1.3,47.75,521.29,2388.16,8134.68,8.4467,0.03,393,2388,100.0,38.74,23.253,197
66,6,0.0023,-0.0004,100.0,518.67,642.85,1590.71,1405.56,14.62,21.61,553.33,2388.13,9061.77,1.3,47.77,521.32,2388.08,8138.7,8.4496,0.03,394,2388,100.0,38.57,23.3112,196
66,7,-0.0006,0.0003,100.0,518.67,642.42,1591.37,1400.12,14.62,21.61,553.42,2388.12,9064.08,1.3,47.63,521.06,2388.13,8134.8,8.4399,0.03,393,2388,100.0,38.79,23.2641,195
66,8,0.0001,-0.0002,100.0,518.67,642.47,1591.6,1412.13,14.62,21.61,553.05,2388.13,9061.81,1.3,47.61,520.63,2388.13,8135.3,8.4374,0.03,394,2388,100.0,38.67,23.204,194
66,9,-0.0014,-0.0004,100.0,518.67,642.65,1592.8,1406.29,14.62,21.61,553.14,2388.12,9060.51,1.3,47.55,521.45,2388.12,8137.53,8.4236,0.03,394,2388,100.0,38.82,23.2657,193
66,10,-0.0006,0.0001,100.0,518.67,643.01,1585.32,1407.68,14.62,21.61,552.93,2388.14,9054.16,1.3,47.65,521.1,2388.09,8137.15,8.4651,0.03,394,2388,100.0,38.66,23.4151,192
66,11,0.002,0.0005,100.0,518.67,642.68,1597.09,1409.66,14.62,21.61,552.51,2388.06,9052.27,1.3,47.39,521.22,2388.13,8132.79,8.4563,0.03,393,2388,100.0,38.71,23.2859,191
66,12,-0.0018,-0.0002,100.0,518.67,643.35,1585.12,1413.91,14.62,21.61,553.44,2388.13,9061.18,1.3,47.63,520.83,2388.14,8137.62,8.4068,0.03,395,2388,100.0,38.95,23.2115,190
66,13,-0.0018,-0.0001,100.0,518.67,643.01,1592.68,1411.43,14.62,21.61,553.53,2388.14,9059.76,1.3,47.73,521.09,2388.09,8141.46,8.4528,0.03,393,2388,100.0,38.95,23.2095,189
66,14,-0.0019,-0.0004,100.0,518.67,643.1,1589.64,1412.5,14.62,21.61,553.5,2388.12,9056.71,1.3,47.58,521.25,2388.15,8146.08,8.4475,0.03,393,2388,100.0,38.71,23.2269,188
66,15,-0.0034,-0.0001,100.0,518.67,642.96,1591.16,1409.03,14.62,21.61,553.47,2388.09,9063.58,1.3,47.77,520.82,2388.09,8131.34,8.465,0.03,392,2388,100.0,38.79,23.1692,187
66,16,-0.0045,0.0002,100.0,518.67,642.75,1596.49,1409.58,14.62,21.61,553.5,2388.14,9056.75,1.3,47.55,521.75,2388.13,8145.04,8.4559,0.03,395,2388,100.0,38.78,23.1988,186
66,17,0.0033,0.0001,100.0,518.67,642.97,1589.07,1412.03,14.62,21.61,553.07,2388.08,9059.87,1.3,47.47,520.77,2388.11,8138.82,8.4574,0.03,394,2388,100.0,38.93,23.3128,185
66,18,0.0032,0.0003,100.0,518.67,642.98,1593.98,1409.59,14.62,21.61,553.59,2388.16,9060.55,1.3,47.44,521.32,2388.12,8140.45,8.4463,0.03,392,2388,100.0,38.87,23.2896,184
66,19,0.0035,0.0003,100.0,518.67,642.68,1595.57,1412.68,14.62,21.61,552.84,2388.03,9066.34,1.3,47.49,521.27,2388.13,8137.56,8.432,0.03,394,2388,100.0,38.88,23.388,183
66,20,0.0037,0.0003,100.0,518.67,642.51,1587.16,1413.35,14.62,21.61,552.46,2388.1,9060.45,1.3,47.6,521.41,2388.12,8133.24,8.4176,0.03,393,2388,100.0,38.84,23.3693,182
66,21,-0.0022,-0.0004,100.0,518.67,642.41,1594.01,1410.24,14.62,21.61,552.6,2388.13,9057.91,1.3,47.67,521.62,2388.07,8136.4,8.445,0.03,393,2388,100.0,38.68,23.2409,181
66,22,0.0013,-0.0003,100.0,518.67,642.34,1591.67,1407.94,14.62,21.61,553.07,2388.17,9066.27,1.3,47.46,521.4,2388.14,8132.45,8.4284,0.03,392,2388,100.0,38.75,23.4009,180
66,23,0.0017,0.0004,100.0,518.67,642.87,1593.53,1420.02,14.62,21.61,553.33,2388.1,9058.75,1.3,47.68,521.2,2388.1,8136.43,8.4516,0.03,393,2388,100.0,38.8,23.3824,179
66,24,0.0016,-0.0002,100.0,518.67,642.48,1586.77,1405.83,14.62,21.61,553.37,2388.15,9060.56,1.3,47.65,521.53,2388.07,8138.64,8.4074,0.03,393,2388,100.0,38.97,23.3852,178
66,25,-0.0022,-0.0004,100.0,518.67,642.82,1591.1,1416.26,14.62,21.61,553.22,2388.08,9058.37,1.3,47.6,520.8,2388.11,8142.01,8.4524,0.03,393,2388,100.0,38.75,23.1491,177
66,26,-0.0029,0.0001,100.0,518.67,642.52,1592.06,1409.87,14.62,21.61,553.49,2388.09,9058.18,1.3,47.5,521.83,2388.12,8134.23,8.4647,0.03,393,2388,100.0,38.85,23.2384,176
66,27,-0.0003,-0.0002,100.0,518.67,642.84,1584.97,1415.65,14.62,21.61,552.73,2388.13,9066.67,1.3,47.55,520.78,2388.08,8134.87,8.4371,0.03,394,2388,100.0,38.79,23.3053,175
66,28,-0.0019,-0.0002,100.0,518.67,642.27,1586.41,1415.54,14.62,21.61,553.62,2388.08,9058.81,1.3,47.56,521.52,2388.09,8141.44,8.4652,0.03,393,2388,100.0,38.55,23.3794,174
66,29,-0.0003,-0.0002,100.0,518.67,642.88,1578.03,1415.63,14.62,21.61,553.27,2388.16,9064.34,1.3,47.59,521.36,2388.11,8137.33,8.4152,0.03,393,2388,100.0,38.83,23.2144,173
66,30,-0.0028,0.0005,100.0,518.67,642.33,1593.33,1404.77,14.62,21.61,553.24,2388.12,9057.26,1.3,47.61,521.39,2388.11,8135.07,8.4608,0.03,394,2388,100.0,38.75,23.2144,172
66,31,-0.0017,-0.0001,100.0,518.67,643.07,1596.34,1401.68,14.62,21.61,553.75,2388.12,9060.3,1.3,47.55,521.38,2388.11,8140.79,8.4565,0.03,392,2388,100.0,38.9,23.3183,171
66,32,0.0012,0.0002,100.0,518.67,642.24,1583.19,1408.02,14.62,21.61,553.59,2388.13,9053.72,1.3,47.54,521.27,2388.11,8138.9,8.44,0.03,393,2388,100.0,38.89,23.2433,170
66,33,0.001,0.0001,100.0,518.67,642.53,1595.44,1409.96,14.62,21.61,553.41,2388.12,9062.43,1.3,47.32,521.57,2388.13,8132.32,8.4341,0.03,392,2388,100.0,38.83,23.3394,169
66,34,0.002,-0.0,100.0,518.67,642.84,1593.96,1409.91,14.62,21.61,552.43,2388.09,9060.99,1.3,47.58,520.97,2388.12,8135.54,8.4607,0.03,392,2388,100.0,38.76,23.2984,168
66,35,-0.003,0.0002,100.0,518.67,642.43,1591.41,1416.38,14.62,21.61,553.43,2388.12,9062.4,1.3,47.52,521.02,2388.13,8134.57,8.4554,0.03,395,2388,100.0,38.66,23.3328,167
66,36,-0.0036,0.0004,100.0,518.67,642.38,1578.44,1412.53,14.62,21.61,553.0,2388.11,9061.67,1.3,47.49,521.37,2388.09,8137.36,8.4497,0.03,394,2388,100.0,38.8,23.2919,166
66,37,0.0028,0.0003,100.0,518.67,642.74,1593.29,1406.74,14.62,21.61,553.05,2388.13,9046.72,1.3,47.56,521.63,2388.12,8131.84,8.4495,0.03,394,2388,100.0,38.83,23.208,165
66,38,-0.0038,0.0002,100.0,518.67,642.95,1597.33,1410.17,14.62,21.61,553.06,2388.11,9057.99,1.3,47.42,521.49,2388.11,8138.87,8.5098,0.03,393,2388,100.0,38.77,23.2678,164
66,39,-0.0057,-0.0001,100.0,518.67,642.75,1591.05,1408.61,14.62,21.61,552.99,2388.11,9059.74,1.3,47.5,521.49,2388.13,8141.77,8.459,0.03,394,2388,100.0,38.82,23.2896,163
66,40,0.003,0.0003,100.0,518.67,642.74,1588.86,1412.18,14.62,21.61,552.75,2388.12,9064.13,1.3,47.72,521.08,2388.09,8134.11,8.4348,0.03,394,2388,100.0,38.73,23.2737,162
66,41,-0.0031,0.0005,100.0,518.67,642.81,1591.27,1410.36,14.62,21.61,553.17,2388.13,9053.62,1.3,47.51,520.95,2388.11,8133.17,8.4284,0.03,394,2388,100.0,38.79,23.3166,161
66,42,-0.0004,0.0002,100.0,518.67,642.99,1586.7,1404.56,14.62,21.61,552.74,2388.11,9057.03,1.3,47.44,521.6,2388.12,8134.48,8.4496,0.03,393,2388,100.0,38.83,23.2515,160
66,43,-0.0014,0.0002,100.0,518.67,642.43,1596.57,1405.88,14.62,21.61,552.94,2388.15,9063.8,1.3,47.5,521.85,2388.11,8140.45,8.4728,0.03,393,2388,100.0,38.72,23.3286,159
66,44,-0.0007,0.0004,100.0,518.67,642.64,1585.61,1415.51,14.62,21.61,553.21,2388.11,9052.49,1.3,47.56,521.02,2388.1,8133.55,8.4453,0.03,393,2388,100.0,38.64,23.3008,158
66,45,0.0001,0.0003,100.0,518.67,642.91,1593.34,1414.97,14.62,21.61,553.38,2388.08,9060.31,1.3,47.83,521.22,2388.15,8134.65,8.4486,0.03,393,2388,100.0,38.77,23.2148,157
66,46,0.0041,0.0002,100.0,518.67,642.76,1585.52,1408.89,14.62,21.61,553.36,2388.12,9052.33,1.3,47.71,521.4,2388.14,8141.42,8.4494,0.03,393,2388,100.0,38.71,23.2489,156
66,47,-0.0016,-0.0,100.0,518.67,642.95,1591.55,1408.93,14.62,21.61,553.15,2388.13,9062.54,1.3,47.43,521.36,2388.13,8137.68,8.4544,0.03,394,2388,100.0,38.74,23.2815,155
66,48,-0.0016,0.0003,100.0,518.67,642.87,1588.45,1409.54,14.62,21.61,553.06,2388.15,9060.28,1.3,47.47,521.23,2388.12,8135.35,8.4226,0.03,394,2388,100.0,38.82,23.1818,154
66,49,0.0014,0.0,100.0,518.67,642.84,1588.26,1417.22,14.62,21.61,552.79,2388.17,9060.24,1.3,47.47,521.08,2388.11,8142.57,8.442,0.03,394,2388,100.0,38.77,23.2633,153
66,50,-0.0049,0.0001,100.0,518.67,642.17,1583.51,1403.1,14.62,21.61,553.14,2388.13,9067.4,1.3,47.55,521.61,2388.11,8131.69,8.4307,0.03,394,2388,100.0,38.68,23.2547,152
66,51,0.0016,-0.0001,100.0,518.67,642.69,1589.82,1409.71,14.62,21.61,553.29,2388.12,9056.34,1.3,47.47,521.8,2388.12,8135.17,8.4679,0.03,394,2388,100.0,38.42,23.3029,151
66,52,0.0009,0.0002,100.0,518.67,642.74,1592.39,1414.12,14.62,21.61,553.9,2388.11,9055.65,1.3,47.55,521.41,2388.09,8137.96,8.4129,0.03,394,2388,100.0,38.83,23.2568,150
66,53,-0.0016,-0.0,100.0,518.67,642.86,1593.67,1408.88,14.62,21.61,552.92,2388.12,9059.56,1.3,47.73,521.03,2388.15,8136.31,8.4671,0.03,395,2388,100.0,38.84,23.1943,149
66,54,0.0007,-0.0003,100.0,518.67,642.76,1592.62,1416.68,14.62,21.61,553.9,2388.08,9055.4,1.3,47.53,520.88,2388.13,8140.15,8.4681,0.03,393,2388,100.0,38.71,23.2738,148
66,55,0.0001,-0.0001,100.0,518.67,643.04,1590.8,1415.68,14.62,21.61,553.57,2388.13,9052.59,1.3,47.67,520.55,2388.12,8134.96,8.4184,0.03,393,2388,100.0,38.84,23.2539,147
66,56,-0.0017,0.0004,100.0,518.67,642.49,1594.37,1408.46,14.62,21.61,553.04,2388.19,9059.12,1.3,47.6,521.08,2388.16,8138.51,8.4717,0.03,393,2388,100.0,39.07,23.2673,146
66,57,-0.0015,0.0004,100.0,518.67,643.03,1590.41,1402.9,14.62,21.61,552.9,2388.16,9060.24,1.3,47.54,520.84,2388.17,8140.56,8.445,0.03,393,2388,100.0,38.65,23.3415,145
66,58,0.0008,0.0,100.0,518.67,642.65,1592.64,1403.32,14.62,21.61,552.78,2388.07,9058.83,1.3,47.63,521.54,2388.14,8137.38,8.4731,0.03,393,2388,100.0,38.76,23.3335,144
66,59,-0.0012,0.0,100.0,518.67,643.51,1583.68,1400.97,14.62,21.6,552.59,2388.08,9061.22,1.3,47.57,521.29,2388.13,8135.95,8.442,0.03,394,2388,100.0,38.77,23.3047,143
66,60,0.0026,-0.0002,100.0,518.67,642.62,1590.24,1409.74,14.62,21.61,553.68,2388.16,9060.11,1.3,47.44,521.12,2388.11,8134.93,8.4498,0.03,393,2388,100.0,38.81,23.1931,142
66,61,-0.0006,0.0005,100.0,518.67,643.07,1592.59,1417.56,14.62,21.61,552.48,2388.15,9049.6,1.3,47.7,520.96,2388.11,8138.89,8.4475,0.03,393,2388,100.0,38.69,23.271,141
66,62,0.0008,-0.0004,100.0,518.67,643.13,1592.7,1402.78,14.62,21.61,553.25,2388.15,9058.88,1.3,47.47,521.65,2388.08,8138.17,8.444,0.03,393,2388,100.0,38.77,23.3647,140
66,63,-0.0057,-0.0004,100.0,518.67,642.39,1593.77,1409.87,14.62,21.61,552.71,2388.14,9055.66,1.3,47.45,520.53,2388.16,8143.17,8.4613,0.03,394,2388,100.0,38.88,23.2543,139
66,64,0.0013,0.0003,100.0,518.67,642.67,1590.56,1409.16,14.62,21.61,553.61,2388.12,9058.02,1.3,47.65,521.17,2388.15,8140.18,8.4548,0.03,392,2388,100.0,38.69,23.2712,138
66,65,-0.0023,0.0005,100.0,518.67,642.58,1590.41,1414.62,14.62,21.61,552.51,2388.09,9060.44,1.3,47.7,521.41,2388.16,8134.93,8.4466,0.03,394,2388,100.0,38.79,23.2587,137
66,66,-0.0017,0.0,100.0,518.67,642.25,1589.61,1407.56,14.62,21.61,553.12,2388.14,9058.21,1.3,47.59,521.37,2388.1,8140.87,8.4447,0.03,393,2388,100.0,38.7,23.2472,136
66,67,0.0032,-0.0,100.0,518.67,642.94,1588.9,1409.7,14.62,21.61,553.03,2388.17,9059.8,1.3,47.39,521.4,2388.13,8140.81,8.4281,0.03,394,2388,100.0,38.8,23.3265,135
66,68,0.0016,0.0003,100.0,518.67,642.92,1591.56,1416.1,14.62,21.61,552.73,2388.09,9057.72,1.3,47.66,521.35,2388.13,8137.08,8.4586,0.03,393,2388,100.0,38.87,23.2804,134
66,69,-0.0029,-0.0004,100.0,518.67,642.56,1598.29,1416.27,14.62,21.61,553.28,2388.14,9060.21,1.3,47.81,521.14,2388.17,8141.09,8.4774,0.03,396,2388,100.0,38.8,23.1921,133
66,70,-0.0009,0.0005,100.0,518.67,642.86,1595.19,1413.74,14.62,21.61,553.08,2388.16,9058.48,1.3,47.61,520.57,2388.1,8138.85,8.4445,0.03,395,2388,100.0,38.73,23.204,132
66,71,0.0034,0.0002,100.0,518.67,642.8,1597.82,1418.16,14.62,21.61,553.43,2388.13,9063.98,1.3,47.61,521.22,2388.12,8131.83,8.4825,0.03,393,2388,100.0,38.71,23.2272,131
66,72,-0.001,-0.0,100.0,518.67,643.05,1595.28,1405.17,14.62,21.61,553.33,2388.14,9062.7,1.3,47.57,520.67,2388.11,8136.52,8.4708,0.03,394,2388,100.0,38.77,23.3511,130
66,73,0.0002,-0.0003,100.0,518.67,642.49,1594.25,1402.3,14.62,21.61,552.8,2388.14,9050.38,1.3,47.76,521.17,2388.14,8131.1,8.4468,0.03,393,2388,100.0,38.75,23.1808,129
66,74,0.001,0.0004,100.0,518.67,642.84,1594.0,1412.25,14.62,21.61,553.62,2388.13,9065.44,1.3,47.83,520.88,2388.07,8137.08,8.4377,0.03,391,2388,100.0,38.75,23.2573,128
66,75,0.0018,-0.0,100.0,518.67,642.4,1583.47,1409.56,14.62,21.61,553.05,2388.14,9055.93,1.3,47.54,520.67,2388.11,8136.19,8.4897,0.03,394,2388,100.0,38.51,23.2773,127
66,76,0.0018,-0.0002,100.0,518.67,643.01,1593.29,1414.12,14.62,21.61,552.81,2388.17,9059.05,1.3,47.53,521.18,2388.13,8135.69,8.4501,0.03,395,2388,100.0,38.65,23.2404,126
66,77,-0.0007,-0.0003,100.0,518.67,643.35,1587.93,1416.03,14.62,21.61,554.19,2388.12,9062.67,1.3,47.72,521.26,2388.16,8140.56,8.4648,0.03,396,2388,100.0,38.8,23.21,125
66,78,-0.0004,-0.0,100.0,518.67,642.6,1591.0,1414.81,14.62,21.61,553.62,2388.12,9056.67,1.3,47.49,521.19,2388.1,8135.0,8.4339,0.03,394,2388,100.0,38.95,23.2255,124
66,79,0.0018,0.0004,100.0,518.67,642.73,1587.76,1415.86,14.62,21.61,553.42,2388.16,9060.69,1.3,47.54,521.08,2388.1,8140.41,8.4597,0.03,395,2388,100.0,38.57,23.2807,123
66,80,-0.0017,-0.0003,100.0,518.67,643.03,1594.31,1409.21,14.62,21.61,552.71,2388.19,9057.19,1.3,47.61,521.43,2388.16,8139.1,8.4394,0.03,395,2388,100.0,38.75,23.2244,122
66,81,-0.0007,0.0005,100.0,518.67,642.49,1591.3,1411.62,14.62,21.61,553.2,2388.1,9060.08,1.3,47.74,521.1,2388.13,8138.44,8.4399,0.03,395,2388,100.0,38.97,23.2573,121
66,82,0.0009,0.0001,100.0,518.67,642.81,1594.7,1417.75,14.62,21.61,553.82,2388.13,9057.91,1.3,47.59,521.12,2388.13,8140.26,8.4704,0.03,394,2388,100.0,38.64,23.2523,120
66,83,0.0033,0.0003,100.0,518.67,642.72,1593.91,1413.06,14.62,21.61,553.4,2388.14,9064.88,1.3,47.81,520.55,2388.15,8139.6,8.4451,0.03,394,2388,100.0,38.82,23.3822,119
66,84,-0.0008,-0.0004,100.0,518.67,642.85,1588.81,1405.82,14.62,21.61,552.79,2388.1,9064.7,1.3,47.63,521.19,2388.17,8139.6,8.4846,0.03,394,2388,100.0,38.69,23.2592,118
66,85,0.002,0.0004,100.0,518.67,642.39,1587.04,1411.98,14.62,21.61,552.9,2388.14,9058.99,1.3,47.68,521.17,2388.12,8138.87,8.4344,0.03,394,2388,100.0,38.82,23.2869,117
66,86,-0.0009,-0.0,100.0,518.67,642.72,1596.02,1412.75,14.62,21.61,552.93,2388.13,9063.71,1.3,47.76,520.97,2388.09,8139.61,8.4785,0.03,393,2388,100.0,38.51,23.3101,116
66,87,-0.0025,-0.0003,100.0,518.67,643.06,1591.39,1413.86,14.62,21.61,552.63,2388.17,9062.01,1.3,47.67,521.11,2388.12,8136.23,8.4382,0.03,395,2388,100.0,38.7,23.1691,115
66,88,-0.0007,-0.0,100.0,518.67,643.25,1597.1,1410.91,14.62,21.61,553.72,2388.1,9059.84,1.3,47.58,521.35,2388.17,8142.96,8.4497,0.03,393,2388,100.0,38.8,23.2787,114
66,89,-0.0035,-0.0001,100.0,518.67,642.67,1591.93,1415.66,14.62,21.61,553.15,2388.12,9061.46,1.3,47.9,520.96,2388.09,8134.31,8.4524,0.03,393,2388,100.0,38.63,23.2547,113
66,90,0.0019,0.0004,100.0,518.67,642.96,1595.04,1414.86,14.62,21.61,553.25,2388.11,9058.6,1.3,47.64,521.32,2388.11,8136.63,8.4287,0.03,394,2388,100.0,38.72,23.2608,112
66,91,-0.0024,-0.0001,100.0,518.67,642.88,1590.59,1414.37,14.62,21.61,553.17,2388.17,9060.47,1.3,47.75,521.0,2388.16,8137.01,8.4128,0.03,395,2388,100.0,38.96,23.3443,111
66,92,0.0011,-0.0003,100.0,518.67,642.97,1592.3,1404.11,14.62,21.61,552.9,2388.14,9060.41,1.3,47.8,520.49,2388.15,8137.97,8.4608,0.03,393,2388,100.0,38.66,23.2315,110
66,93,-0.0002,0.0003,100.0,518.67,642.85,1594.16,1411.15,14.62,21.61,553.2,2388.12,9062.02,1.3,47.86,520.78,2388.12,8134.49,8.4515,0.03,394,2388,100.0,38.63,23.2976,109
66,94,0.0006,-0.0003,100.0,518.67,642.4,1589.59,1419.34,14.62,21.61,553.62,2388.14,9068.26,1.3,47.66,521.56,2388.1,8134.58,8.4745,0.03,394,2388,100.0,38.77,23.3304,108
66,95,0.0031,0.0004,100.0,518.67,642.76,1595.63,1412.0,14.62,21.61,553.4,2388.13,9063.0,1.3,47.47,521.17,2388.16,8136.35,8.4248,0.03,396,2388,100.0,38.74,23.2198,107
66,96,0.0019,0.0004,100.0,518.67,642.84,1590.28,1411.8,14.62,21.61,552.41,2388.12,9066.07,1.3,47.65,520.92,2388.15,8136.12,8.4746,0.03,393,2388,100.0,38.63,23.2604,106
66,97,-0.0037,0.0004,100.0,518.67,643.46,1593.91,1414.21,14.62,21.61,553.34,2388.11,9069.06,1.3,47.61,520.9,2388.12,8136.8,8.5105,0.03,394,2388,100.0,38.64,23.2791,105
66,98,0.0011,0.0004,100.0,518.67,642.63,1592.27,1412.73,14.62,21.61,551.88,2388.13,9058.0,1.3,47.78,520.7,2388.14,8141.17,8.4678,0.03,393,2388,100.0,38.68,23.1751,104
66,99,-0.0019,-0.0003,100.0,518.67,642.92,1593.69,1419.54,14.62,21.61,552.34,2388.16,9063.38,1.3,47.91,521.12,2388.17,8139.16,8.453,0.03,394,2388,100.0,38.57,23.2433,103
66,100,0.0004,-0.0005,100.0,518.67,642.47,1594.55,1414.52,14.62,21.61,552.69,2388.09,9061.1,1.3,47.56,521.3,2388.14,8142.44,8.4624,0.03,394,2388,100.0,38.52,23.3214,102
66,101,0.0018,-0.0003,100.0,518.67,642.99,1596.66,1420.26,14.62,21.61,553.09,2388.11,9055.47,1.3,47.67,521.2,2388.14,8141.96,8.4544,0.03,392,2388,100.0,38.74,23.3497,101
66,102,-0.0,-0.0004,100.0,518.67,643.0,1596.19,1413.87,14.62,21.61,552.98,2388.15,9060.1,1.3,47.63,520.74,2388.16,8139.91,8.4824,0.03,394,2388,100.0,38.91,23.2184,100
66,103,0.0014,0.0002,100.0,518.67,642.1,1592.25,1416.52,14.62,21.61,553.56,2388.11,9061.9,1.3,47.73,520.89,2388.15,8133.77,8.415,0.03,393,2388,100.0,38.56,23.2684,99
66,104,0.0014,-0.0002,100.0,518.67,643.52,1590.94,1415.8,14.62,21.61,552.85,2388.15,9061.71,1.3,47.46,521.19,2388.15,8135.69,8.4582,0.03,394,2388,100.0,38.78,23.2951,98
66,105,-0.0015,0.0003,100.0,518.67,643.03,1590.39,1408.71,14.62,21.61,552.22,2388.12,9065.97,1.3,47.51,521.64,2388.15,8137.01,8.4581,0.03,395,2388,100.0,38.77,23.2741,97
66,106,-0.0,-0.0004,100.0,518.67,642.73,1591.57,1407.56,14.62,21.61,552.49,2388.13,9067.69,1.3,47.82,521.37,2388.1,8132.07,8.4583,0.03,396,2388,100.0,38.79,23.1354,96
66,107,-0.001,0.0,100.0,518.67,643.08,1592.71,1410.4,14.62,21.61,552.66,2388.14,9054.77,1.3,47.77,520.89,2388.08,8141.85,8.4657,0.03,393,2388,100.0,38.8,23.3389,95
66,108,0.0039,0.0005,100.0,518.67,642.92,1598.06,1424.91,14.62,21.61,553.35,2388.18,9064.41,1.3,47.77,521.24,2388.17,8141.43,8.4988,0.03,394,2388,100.0,38.59,23.2784,94
66,109,0.001,-0.0003,100.0,518.67,642.84,1593.7,1416.95,14.62,21.61,552.88,2388.09,9063.88,1.3,47.74,521.26,2388.12,8134.49,8.4708,0.03,395,2388,100.0,38.87,23.2588,93
66,110,0.0005,-0.0003,100.0,518.67,642.64,1592.69,1415.97,14.62,21.61,552.3,2388.09,9064.26,1.3,47.64,520.87,2388.1,8139.66,8.4598,0.03,394,2388,100.0,38.7,23.2856,92
66,111,0.0004,0.0005,100.0,518.67,642.46,1589.54,1411.27,14.62,21.61,552.81,2388.13,9061.62,1.3,47.69,520.65,2388.13,8137.79,8.4786,0.03,394,2388,100.0,38.77,23.1634,91
66,112,-0.0034,-0.0001,100.0,518.67,642.96,1592.14,1414.03,14.62,21.61,552.76,2388.2,9057.58,1.3,47.49,521.07,2388.18,8142.01,8.46,0.03,395,2388,100.0,38.91,23.1704,90
66,113,0.0005,0.0004,100.0,518.67,643.38,1587.21,1409.87,14.62,21.61,552.8,2388.1,9066.9,1.3,47.57,521.01,2388.14,8145.49,8.4542,0.03,394,2388,100.0,38.66,23.0468,89
66,114,-0.0022,-0.0004,100.0,518.67,642.96,1591.93,1408.49,14.62,21.61,554.14,2388.12,9065.7,1.3,47.75,520.87,2388.14,8140.44,8.4339,0.03,395,2388,100.0,38.72,23.2465,88
66,115,0.0009,-0.0004,100.0,518.67,643.11,1587.97,1417.39,14.62,21.61,552.21,2388.13,9063.2,1.3,47.83,519.89,2388.15,8137.08,8.4419,0.03,394,2388,100.0,38.8,23.2338,87
66,116,-0.0032,0.0,100.0,518.67,642.57,1604.59,1416.41,14.62,21.61,552.84,2388.13,9060.63,1.3,47.67,520.94,2388.16,8140.41,8.503,0.03,394,2388,100.0,38.81,23.1902,86
66,117,-0.0,0.0003,100.0,518.67,642.75,1590.27,1412.77,14.62,21.61,552.35,2388.14,9068.35,1.3,47.59,521.88,2388.14,8139.72,8.4263,0.03,394,2388,100.0,38.89,23.2963,85
66,118,0.0026,0.0,100.0,518.67,643.13,1600.86,1419.06,14.62,21.61,552.79,2388.15,9062.46,1.3,47.72,521.44,2388.18,8140.4,8.4408,0.03,394,2388,100.0,38.75,23.1515,84
66,119,0.0001,-0.0,100.0,518.67,642.71,1592.43,1417.38,14.62,21.61,552.22,2388.17,9062.0,1.3,47.76,520.55,2388.14,8142.3,8.4678,0.03,393,2388,100.0,38.61,23.1895,83
66,120,0.0008,-0.0001,100.0,518.67,642.91,1598.67,1422.37,14.62,21.61,551.69,2388.14,9062.33,1.3,47.62,520.91,2388.18,8140.51,8.4812,0.03,396,2388,100.0,38.74,23.3044,82
66,121,0.0014,0.0004,100.0,518.67,642.68,1592.98,1414.32,14.62,21.61,553.09,2388.16,9063.8,1.3,47.8,520.9,2388.19,8137.3,8.4524,0.03,394,2388,100.0,38.61,23.2779,81
66,122,-0.0008,-0.0001,100.0,518.67,642.91,1588.52,1413.46,14.62,21.61,552.98,2388.14,9060.46,1.3,47.64,521.01,2388.14,8142.13,8.4636,0.03,393,2388,100.0,38.79,23.3088,80
66,123,0.0024,-0.0002,100.0,518.67,643.2,1591.23,1415.26,14.62,21.61,553.2,2388.2,9060.27,1.3,47.83,521.07,2388.08,8143.59,8.45,0.03,395,2388,100.0,38.63,23.2762,79
66,124,0.0008,0.0002,100.0,518.67,643.24,1591.37,1419.95,14.62,21.61,553.41,2388.18,9055.93,1.3,47.75,520.93,2388.19,8138.15,8.4742,0.03,395,2388,100.0,38.57,23.1313,78
66,125,-0.0026,-0.0001,100.0,518.67,642.96,1594.81,1421.01,14.62,21.61,552.43,2388.13,9070.17,1.3,47.66,521.15,2388.17,8135.55,8.4656,0.03,393,2388,100.0,38.62,23.291,77
66,126,-0.0043,0.0003,100.0,518.67,643.17,1588.41,1419.02,14.62,21.61,552.45,2388.2,9059.16,1.3,47.74,520.71,2388.1,8143.67,8.4869,0.03,394,2388,100.0,38.69,23.2647,76
66,127,0.0003,-0.0002,100.0,518.67,643.2,1597.3,1422.39,14.62,21.61,552.43,2388.19,9066.86,1.3,47.75,520.87,2388.17,8134.96,8.4927,0.03,393,2388,100.0,38.7,23.2664,75
66,128,-0.0,0.0003,100.0,518.67,643.06,1592.22,1417.57,14.62,21.61,552.24,2388.15,9064.82,1.3,47.8,520.53,2388.16,8143.69,8.4474,0.03,394,2388,100.0,38.78,23.2567,74
66,129,0.001,-0.0003,100.0,518.67,643.16,1596.23,1410.47,14.62,21.61,553.39,2388.09,9058.84,1.3,47.73,520.13,2388.16,8136.3,8.4682,0.03,392,2388,100.0,38.76,23.2738,73
66,130,-0.0014,0.0,100.0,518.67,643.19,1589.35,1413.36,14.62,21.61,552.69,2388.16,9064.78,1.3,47.83,520.84,2388.14,8146.21,8.4586,0.03,393,2388,100.0,38.69,23.3396,72
66,131,-0.0036,0.0003,100.0,518.67,642.7,1590.86,1406.56,14.62,21.61,552.43,2388.16,9059.3,1.3,47.98,521.24,2388.11,8137.86,8.4815,0.03,395,2388,100.0,38.76,23.2253,71
66,132,0.0002,0.0002,100.0,518.67,642.8,1596.19,1408.12,14.62,21.61,552.28,2388.13,9058.62,1.3,47.88,520.75,2388.15,8136.78,8.4716,0.03,395,2388,100.0,38.61,23.2315,70
66,133,0.0005,0.0002,100.0,518.67,642.83,1592.18,1419.62,14.62,21.61,552.28,2388.1,9062.54,1.3,47.88,520.14,2388.17,8140.89,8.4992,0.03,396,2388,100.0,38.78,23.1822,69
66,134,-0.001,0.0001,100.0,518.67,642.8,1592.84,1415.18,14.62,21.61,552.55,2388.16,9068.98,1.3,47.74,520.71,2388.14,8144.89,8.4808,0.03,395,2388,100.0,38.63,23.2054,68
66,135,-0.0014,-0.0001,100.0,518.67,642.85,1596.31,1415.79,14.62,21.61,552.26,2388.18,9073.15,1.3,47.78,520.46,2388.14,8135.85,8.4666,0.03,392,2388,100.0,38.66,23.2248,67
66,136,-0.0002,0.0,100.0,518.67,642.68,1596.87,1417.48,14.62,21.61,552.9,2388.16,9070.69,1.3,47.81,520.56,2388.12,8145.22,8.4465,0.03,392,2388,100.0,38.72,23.2477,66
66,137,-0.0007,0.0005,100.0,518.67,642.74,1598.05,1421.71,14.62,21.61,553.24,2388.17,9056.47,1.3,47.94,520.89,2388.1,8138.86,8.477,0.03,394,2388,100.0,38.8,23.311,65
66,138,0.0006,0.0004,100.0,518.67,643.13,1592.62,1409.1,14.62,21.61,553.06,2388.16,9060.8,1.3,47.75,521.04,2388.16,8139.62,8.4619,0.03,395,2388,100.0,38.84,23.1605,64
66,139,0.0014,0.0004,100.0,518.67,642.83,1598.96,1413.41,14.62,21.61,553.1,2388.17,9063.01,1.3,47.76,520.97,2388.15,8139.35,8.4995,0.03,395,2388,100.0,38.74,23.2345,63
66,140,-0.0007,0.0005,100.0,518.67,643.19,1585.92,1415.92,14.62,21.61,552.44,2388.1,9065.47,1.3,47.88,520.92,2388.16,8138.92,8.4526,0.03,395,2388,100.0,38.8,23.2401,62
66,141,0.0001,-0.0001,100.0,518.67,642.6,1594.96,1417.8,14.62,21.61,551.62,2388.14,9059.61,1.3,47.84,520.34,2388.15,8143.83,8.476,0.03,393,2388,100.0,38.55,23.2957,61
66,142,0.0011,-0.0004,100.0,518.67,642.54,1589.71,1414.81,14.62,21.61,553.17,2388.14,9069.69,1.3,47.94,520.9,2388.15,8144.11,8.4578,0.03,394,2388,100.0,38.51,23.2085,60
66,143,0.0025,0.0,100.0,518.67,642.99,1594.82,1419.5,14.62,21.61,552.29,2388.18,9066.22,1.3,47.66,520.61,2388.16,8137.0,8.4577,0.03,396,2388,100.0,38.77,23.1781,59
66,144,0.0008,0.0003,100.0,518.67,643.18,1596.42,1424.16,14.62,21.61,551.89,2388.14,9057.48,1.3,47.67,520.34,2388.14,8141.13,8.4973,0.03,395,2388,100.0,38.76,23.1494,58
66,145,-0.0016,-0.0003,100.0,518.67,642.64,1596.62,1423.21,14.62,21.61,553.07,2388.16,9067.37,1.3,47.75,520.87,2388.13,8144.67,8.4644,0.03,393,2388,100.0,38.75,23.2505,57
66,146,0.0031,0.0001,100.0,518.67,643.0,1598.01,1416.72,14.62,21.61,552.51,2388.17,9066.46,1.3,48.01,520.22,2388.16,8140.55,8.4699,0.03,397,2388,100.0,38.67,23.3421,56
66,147,-0.002,0.0004,100.0,518.67,642.87,1596.97,1406.65,14.62,21.61,551.55,2388.17,9062.84,1.3,47.81,520.55,2388.12,8145.84,8.4919,0.03,394,2388,100.0,38.59,23.0992,55
66,148,0.0012,0.0001,100.0,518.67,642.87,1591.66,1418.66,14.62,21.61,552.68,2388.17,9066.51,1.3,47.84,520.62,2388.14,8142.83,8.469,0.03,394,2388,100.0,38.47,23.2967,54
66,149,-0.0016,0.0003,100.0,518.67,642.45,1589.23,1414.91,14.62,21.61,551.77,2388.19,9066.78,1.3,47.83,520.6,2388.17,8145.01,8.4372,0.03,395,2388,100.0,38.66,23.2616,53
66,150,-0.0016,0.0004,100.0,518.67,643.49,1600.5,1419.76,14.62,21.61,552.68,2388.13,9063.8,1.3,47.8,520.62,2388.15,8142.21,8.4942,0.03,394,2388,100.0,38.64,23.1884,52
66,151,-0.0012,0.0,100.0,518.67,643.01,1596.46,1419.09,14.62,21.61,552.87,2388.18,9068.31,1.3,47.89,520.45,2388.15,8144.01,8.4948,0.03,394,2388,100.0,38.55,23.2189,51
66,152,-0.001,0.0004,100.0,518.67,643.41,1594.81,1421.02,14.62,21.61,552.2,2388.2,9069.14,1.3,47.6,520.93,2388.19,8140.28,8.4759,0.03,396,2388,100.0,38.69,23.2067,50
66,153,0.0013,-0.0004,100.0,518.67,643.36,1600.05,1415.28,14.62,21.61,552.16,2388.19,9071.17,1.3,47.86,520.64,2388.12,8140.45,8.4999,0.03,394,2388,100.0,38.78,23.2127,49
66,154,-0.0007,0.0005,100.0,518.67,643.15,1596.78,1417.85,14.62,21.61,552.49,2388.16,9066.41,1.3,47.75,520.09,2388.15,8147.45,8.4818,0.03,394,2388,100.0,38.68,23.2545,48
66,155,-0.0,0.0005,100.0,518.67,643.24,1592.27,1415.53,14.62,21.61,552.36,2388.19,9059.23,1.3,47.98,520.51,2388.17,8142.08,8.4715,0.03,394,2388,100.0,38.5,23.2333,47
66,156,-0.0009,0.0002,100.0,518.67,643.32,1591.09,1420.74,14.62,21.61,551.6,2388.16,9067.04,1.3,47.82,520.5,2388.12,8137.42,8.4989,0.03,394,2388,100.0,38.73,23.1317,46
66,157,0.0019,-0.0002,100.0,518.67,643.15,1598.25,1421.25,14.62,21.61,551.99,2388.18,9063.43,1.3,47.83,520.69,2388.19,8143.72,8.4552,0.03,395,2388,100.0,38.56,23.1973,45
66,158,-0.0003,0.0002,100.0,518.67,642.93,1599.6,1419.9,14.62,21.61,552.39,2388.17,9066.07,1.3,47.93,520.43,2388.15,8142.57,8.4841,0.03,396,2388,100.0,38.56,23.1794,44
66,159,0.003,-0.0001,100.0,518.67,643.45,1596.72,1420.58,14.62,21.61,552.43,2388.11,9069.03,1.3,47.88,520.7,2388.19,8140.79,8.5028,0.03,395,2388,100.0,38.66,23.1644,43
66,160,0.0007,0.0005,100.0,518.67,643.18,1601.61,1415.26,14.62,21.61,551.86,2388.14,9069.04,1.3,47.64,520.49,2388.16,8146.21,8.5108,0.03,394,2388,100.0,38.61,23.088,42
66,161,0.0031,-0.0004,100.0,518.67,643.42,1590.04,1429.6,14.62,21.61,552.66,2388.22,9073.96,1.3,47.93,520.6,2388.12,8150.46,8.4925,0.03,394,2388,100.0,38.72,23.275,41
66,162,-0.0006,0.0003,100.0,518.67,643.19,1601.94,1416.59,14.62,21.61,551.07,2388.18,9066.74,1.3,47.84,520.58,2388.14,8143.88,8.4878,0.03,394,2388,100.0,38.55,23.2219,40
66,163,0.0011,0.0003,100.0,518.67,643.4,1596.43,1419.21,14.62,21.61,552.21,2388.22,9068.66,1.3,47.91,520.62,2388.2,8142.4,8.4651,0.03,395,2388,100.0,38.67,23.1543,39
66,164,0.0022,0.0005,100.0,518.67,643.31,1598.15,1420.32,14.62,21.61,551.87,2388.21,9065.5,1.3,47.78,520.12,2388.2,8143.8,8.5046,0.03,397,2388,100.0,38.57,23.2115,38
66,165,-0.0007,0.0002,100.0,518.67,642.87,1599.03,1425.76,14.62,21.61,551.94,2388.21,9066.27,1.3,48.04,520.26,2388.21,8145.43,8.4755,0.03,395,2388,100.0,38.76,23.1956,37
66,166,-0.0024,-0.0001,100.0,518.67,643.3,1595.73,1418.03,14.62,21.61,552.11,2388.16,9063.1,1.3,48.03,520.96,2388.19,8141.22,8.4823,0.03,396,2388,100.0,38.63,23.1222,36
66,167,0.0022,0.0005,100.0,518.67,643.44,1599.56,1418.23,14.62,21.61,552.24,2388.16,9063.69,1.3,47.85,520.18,2388.16,8144.87,8.5379,0.03,395,2388,100.0,38.72,23.0667,35
66,168,-0.001,-0.0002,100.0,518.67,643.28,1598.71,1418.4,14.62,21.61,551.6,2388.23,9068.96,1.3,47.85,520.42,2388.21,8147.84,8.5061,0.03,395,2388,100.0,38.71,23.0721,34
66,169,0.0025,0.0004,100.0,518.67,643.24,1601.51,1420.05,14.62,21.61,552.21,2388.16,9063.12,1.3,47.91,520.15,2388.18,8143.87,8.4889,0.03,395,2388,100.0,38.44,23.2362,33
66,170,0.0014,-0.0002,100.0,518.67,643.15,1599.32,1419.86,14.62,21.61,552.25,2388.18,9063.88,1.3,47.92,520.46,2388.2,8147.1,8.5163,0.03,396,2388,100.0,38.41,23.1193,32
66,171,0.0002,0.0001,100.0,518.67,643.18,1596.93,1420.62,14.62,21.61,552.39,2388.21,9072.58,1.3,48.08,520.06,2388.21,8143.45,8.4847,0.03,395,2388,100.0,38.51,23.1056,31
66,172,-0.0014,-0.0002,100.0,518.67,642.9,1596.66,1425.51,14.62,21.61,552.54,2388.15,9072.12,1.3,47.94,520.47,2388.18,8141.16,8.5346,0.03,395,2388,100.0,38.54,23.1045,30
66,173,-0.0005,0.0002,100.0,518.67,643.28,1593.14,1421.27,14.62,21.61,552.4,2388.22,9066.98,1.3,47.82,520.44,2388.21,8141.49,8.4888,0.03,396,2388,100.0,38.35,23.1389,29
66,174,-0.0019,0.0005,100.0,518.67,643.36,1598.8,1419.28,14.62,21.61,552.17,2388.2,9073.07,1.3,47.9,520.57,2388.21,8144.93,8.4928,0.03,394,2388,100.0,38.78,23.2622,28
66,175,-0.002,-0.0002,100.0,518.67,643.3,1600.35,1423.58,14.62,21.61,552.57,2388.19,9066.12,1.3,48.04,519.96,2388.19,8142.13,8.5161,0.03,393,2388,100.0,38.53,23.1516,27
66,176,0.0027,-0.0004,100.0,518.67,643.46,1597.68,1420.84,14.62,21.61,552.13,2388.23,9069.49,1.3,48.02,520.85,2388.2,8144.8,8.4722,0.03,394,2388,100.0,38.58,23.105,26
66,177,0.0011,0.0002,100.0,518.67,643.42,1604.56,1419.93,14.62,21.61,551.87,2388.21,9072.37,1.3,47.93,519.71,2388.2,8143.68,8.5005,0.03,395,2388,100.0,38.53,23.0751,25
66,178,0.0023,0.0004,100.0,518.67,643.72,1595.63,1421.71,14.62,21.61,551.96,2388.21,9066.94,1.3,48.08,520.44,2388.2,8149.6,8.4975,0.03,395,2388,100.0,38.61,23.2215,24
66,179,-0.004,-0.0004,100.0,518.67,643.99,1599.32,1424.47,14.62,21.61,552.02,2388.15,9074.82,1.3,47.77,520.33,2388.25,8144.97,8.4591,0.03,395,2388,100.0,38.62,23.0994,23
66,180,0.005,0.0004,100.0,518.67,643.35,1596.28,1422.79,14.62,21.61,551.81,2388.25,9073.91,1.3,48.17,520.21,2388.19,8147.66,8.5092,0.03,396,2388,100.0,38.57,23.2195,22
66,181,-0.0002,0.0004,100.0,518.67,643.34,1591.98,1428.92,14.62,21.61,551.94,2388.2,9077.12,1.3,47.83,519.83,2388.21,8146.69,8.5068,0.03,397,2388,100.0,38.55,23.0904,21
66,182,0.0017,-0.0004,100.0,518.67,643.11,1601.35,1425.6,14.62,21.61,552.14,2388.16,9081.19,1.3,48.0,519.96,2388.23,8149.13,8.5067,0.03,396,2388,100.0,38.48,23.1849,20
66,183,0.0012,-0.0004,100.0,518.67,643.8,1602.49,1429.44,14.62,21.61,551.92,2388.18,9074.69,1.3,47.89,520.04,2388.2,8148.31,8.5367,0.03,395,2388,100.0,38.55,23.1005,19
66,184,0.0009,-0.0005,100.0,518.67,643.48,1597.75,1437.07,14.62,21.61,551.37,2388.19,9077.42,1.3,47.91,520.25,2388.17,8142.67,8.4956,0.03,396,2388,100.0,38.66,23.1035,18
66,185,0.0011,-0.0003,100.0,518.67,643.67,1597.24,1424.0,14.62,21.61,552.34,2388.17,9068.9,1.3,48.09,519.82,2388.22,8142.78,8.505,0.03,396,2388,100.0,38.55,23.1959,17
66,186,-0.0003,0.0001,100.0,518.67,642.99,1600.63,1419.24,14.62,21.61,551.63,2388.19,9065.7,1.3,47.98,519.83,2388.19,8149.0,8.4989,0.03,396,2388,100.0,38.63,23.1281,16
66,187,-0.0004,-0.0004,100.0,518.67,643.44,1596.66,1427.54,14.62,21.61,552.1,2388.15,9070.75,1.3,48.06,520.19,2388.23,8144.69,8.5204,0.03,396,2388,100.0,38.45,23.0466,15
66,188,0.0035,0.0003,100.0,518.67,643.43,1601.28,1423.66,14.62,21.61,551.36,2388.19,9073.87,1.3,48.1,520.36,2388.25,8143.65,8.5068,0.03,395,2388,100.0,38.68,23.0917,14
66,189,0.0002,0.0003,100.0,518.67,643.76,1605.79,1426.83,14.62,21.61,552.12,2388.22,9071.12,1.3,48.21,520.13,2388.23,8144.12,8.5018,0.03,396,2388,100.0,38.44,23.1488,13
66,190,0.0058,-0.0003,100.0,518.67,644.04,1596.5,1426.16,14.62,21.61,551.67,2388.25,9065.47,1.3,48.05,519.9,2388.26,8146.9,8.5197,0.03,396,2388,100.0,38.58,23.0412,12
66,191,-0.0026,-0.0001,100.0,518.67,643.22,1600.93,1425.71,14.62,21.61,551.74,2388.23,9072.43,1.3,47.99,519.83,2388.26,8149.14,8.531,0.03,397,2388,100.0,38.45,23.0688,11
66,192,0.0014,-0.0002,100.0,518.67,643.56,1603.09,1425.65,14.62,21.61,551.2,2388.26,9075.68,1.3,48.24,519.84,2388.26,8151.38,8.4995,0.03,396,2388,100.0,38.54,23.0324,10
66,193,0.001,0.0004,100.0,518.67,644.0,1593.62,1428.99,14.62,21.61,551.91,2388.23,9076.2,1.3,48.14,519.87,2388.24,8144.83,8.4859,0.03,395,2388,100.0,38.47,23.1854,9
66,194,0.0019,-0.0,100.0,518.67,642.98,1597.2,1429.25,14.62,21.61,551.57,2388.24,9078.85,1.3,48.17,520.3,2388.18,8159.04,8.5307,0.03,397,2388,100.0,38.31,22.9917,8
66,195,-0.0002,0.0001,100.0,518.67,643.73,1598.27,1426.74,14.62,21.61,551.89,2388.22,9078.36,1.3,48.07,519.58,2388.27,8147.93,8.5285,0.03,396,2388,100.0,38.41,23.1756,7
66,196,0.0035,0.0002,100.0,518.67,643.5,1603.22,1422.52,14.62,21.61,551.58,2388.21,9079.1,1.3,48.0,519.85,2388.24,8151.59,8.5333,0.03,396,2388,100.0,38.33,23.091,6
66,197,-0.0008,-0.0003,100.0,518.67,643.24,1602.18,1434.96,14.62,21.61,551.35,2388.28,9078.31,1.3,48.28,519.82,2388.23,8147.11,8.5088,0.03,397,2388,100.0,38.54,23.1617,5
66,198,0.0013,-0.0,100.0,518.67,643.37,1604.07,1424.13,14.62,21.61,550.99,2388.22,9075.72,1.3,47.98,519.3,2388.2,8149.82,8.5147,0.03,396,2388,100.0,38.58,23.1127,4
66,199,0.0002,0.0004,100.0,518.67,643.43,1605.43,1430.21,14.62,21.61,551.22,2388.23,9078.0,1.3,48.15,519.89,2388.25,8142.39,8.4984,0.03,397,2388,100.0,38.52,23.0267,3
66,200,-0.0014,-0.0003,100.0,518.67,643.66,1595.1,1431.68,14.62,21.61,551.1,2388.16,9077.16,1.3,48.13,519.5,2388.26,8147.47,8.5277,0.03,395,2388,100.0,38.46,23.0516,2
66,201,-0.0011,0.0003,100.0,518.67,643.02,1599.4,1429.37,14.62,21.61,551.13,2388.29,9074.71,1.3,48.31,519.56,2388.23,8148.76,8.5424,0.03,395,2388,100.0,38.42,22.9784,1
66,202,-0.0038,0.0004,100.0,518.67,643.88,1607.66,1429.38,14.62,21.61,551.53,2388.23,9071.25,1.3,48.19,519.38,2388.25,8147.9,8.5382,0.03,396,2388,100.0,38.38,23.1412,0
67,1,0.0014,-0.0003,100.0,518.67,642.52,1583.12,1398.16,14.62,21.61,553.89,2388.09,9062.52,1.3,47.28,521.92,2388.04,8134.47,8.4813,0.03,391,2388,100.0,39.03,23.3564,312
67,2,-0.0025,-0.0003,100.0,518.67,642.12,1591.12,1404.59,14.62,21.61,553.72,2388.12,9060.29,1.3,47.23,521.72,2388.04,8143.35,8.3883,0.03,393,2388,100.0,38.8,23.4387,311
67,3,0.0019,-0.0001,100.0,518.67,642.52,1591.87,1408.07,14.62,21.61,553.63,2388.08,9069.27,1.3,47.16,522.17,2388.02,8149.79,8.4786,0.03,391,2388,100.0,38.92,23.3917,310
67,4,-0.0009,0.0002,100.0,518.67,642.55,1589.54,1398.73,14.62,21.61,553.5,2388.0,9063.39,1.3,47.28,522.04,2388.09,8144.8,8.4327,0.03,392,2388,100.0,38.92,23.486,309
67,5,0.0022,-0.0002,100.0,518.67,642.08,1591.25,1395.19,14.62,21.61,554.75,2388.07,9067.98,1.3,47.36,521.9,2388.06,8142.97,8.4489,0.03,392,2388,100.0,39.04,23.3165,308
67,6,0.0038,0.0003,100.0,518.67,642.32,1594.72,1401.03,14.62,21.61,553.46,2388.08,9063.97,1.3,47.48,521.96,2388.03,8142.24,8.4434,0.03,393,2388,100.0,38.78,23.3504,307
67,7,0.0015,-0.0004,100.0,518.67,642.28,1579.75,1403.27,14.62,21.61,554.28,2388.07,9063.91,1.3,47.34,522.06,2388.09,8152.22,8.414,0.03,392,2388,100.0,38.9,23.2431,306
67,8,-0.0007,0.0,100.0,518.67,641.73,1584.85,1402.44,14.62,21.61,554.18,2388.03,9059.68,1.3,47.49,521.84,2388.06,8142.69,8.4307,0.03,394,2388,100.0,38.94,23.3818,305
67,9,-0.0031,0.0001,100.0,518.67,642.12,1580.02,1401.75,14.62,21.61,553.15,2388.04,9060.99,1.3,47.37,521.87,2388.06,8144.5,8.4691,0.03,391,2388,100.0,39.01,23.3086,304
67,10,0.0047,0.0003,100.0,518.67,641.96,1581.35,1406.78,14.62,21.61,553.05,2388.04,9058.78,1.3,47.42,521.88,2388.08,8143.59,8.3857,0.03,392,2388,100.0,38.9,23.3331,303
67,11,0.0036,-0.0001,100.0,518.67,641.95,1590.54,1400.88,14.62,21.61,553.92,2388.09,9056.72,1.3,47.24,522.33,2388.05,8146.26,8.4332,0.03,394,2388,100.0,39.16,23.3903,302
67,12,-0.0015,0.0,100.0,518.67,642.52,1589.2,1398.12,14.62,21.61,553.63,2388.02,9063.19,1.3,47.41,521.69,2388.04,8144.65,8.3826,0.03,393,2388,100.0,39.05,23.3721,301
67,13,0.0017,-0.0002,100.0,518.67,642.14,1587.24,1404.68,14.62,21.61,554.04,2388.1,9068.16,1.3,47.28,521.97,2388.05,8146.02,8.4271,0.03,393,2388,100.0,38.89,23.3479,300
67,14,-0.0005,-0.0002,100.0,518.67,642.85,1591.59,1403.96,14.62,21.61,553.65,2388.08,9066.08,1.3,47.51,521.67,2388.07,8149.68,8.3974,0.03,391,2388,100.0,38.96,23.3415,299
67,15,0.0006,-0.0,100.0,518.67,642.7,1588.66,1404.09,14.62,21.61,554.36,2388.09,9061.94,1.3,47.47,521.4,2388.01,8135.77,8.4485,0.03,392,2388,100.0,38.98,23.3592,298
67,16,-0.0018,0.0005,100.0,518.67,642.17,1587.7,1402.98,14.62,21.61,553.72,2388.05,9068.27,1.3,47.24,521.43,2388.04,8143.97,8.3969,0.03,393,2388,100.0,38.95,23.4165,297
67,17,-0.0027,0.0004,100.0,518.67,642.44,1589.76,1398.96,14.62,21.61,554.55,2388.03,9061.57,1.3,47.32,521.76,2388.09,8144.01,8.4572,0.03,393,2388,100.0,39.02,23.3873,296
67,18,0.0004,0.0,100.0,518.67,643.23,1582.39,1401.05,14.62,21.61,553.7,2387.98,9065.24,1.3,47.41,521.96,2388.1,8142.09,8.4449,0.03,392,2388,100.0,38.7,23.4166,295
67,19,-0.0037,-0.0004,100.0,518.67,642.4,1583.06,1402.67,14.62,21.61,554.38,2388.03,9064.2,1.3,47.33,522.49,2388.02,8141.73,8.4132,0.03,392,2388,100.0,38.88,23.3814,294
67,20,0.0009,0.0004,100.0,518.67,642.28,1586.77,1408.78,14.62,21.61,554.04,2388.04,9062.55,1.3,47.33,521.34,2388.05,8149.36,8.4208,0.03,393,2388,100.0,38.89,23.3844,293
67,21,-0.0003,0.0004,100.0,518.67,642.6,1585.35,1405.31,14.62,21.61,553.73,2388.01,9071.19,1.3,47.4,521.12,2388.03,8146.23,8.3852,0.03,392,2388,100.0,39.01,23.4221,292
67,22,0.0009,0.0001,100.0,518.67,641.89,1592.69,1401.01,14.62,21.61,554.14,2388.05,9064.81,1.3,47.51,522.15,2388.05,8144.27,8.4196,0.03,393,2388,100.0,38.86,23.4419,291
67,23,-0.0003,0.0004,100.0,518.67,642.37,1590.12,1404.88,14.62,21.61,553.08,2388.05,9062.69,1.3,47.32,521.34,2388.03,8146.11,8.428,0.03,394,2388,100.0,38.86,23.3601,290
67,24,-0.0011,-0.0002,100.0,518.67,642.64,1573.58,1402.23,14.62,21.61,554.35,2388.05,9067.25,1.3,47.41,522.21,2388.06,8146.12,8.4191,0.03,391,2388,100.0,39.13,23.3537,289
67,25,-0.0032,-0.0,100.0,518.67,642.27,1586.41,1403.55,14.62,21.61,553.83,2388.07,9072.62,1.3,47.43,521.92,2388.06,8145.53,8.4035,0.03,391,2388,100.0,39.07,23.3928,288
67,26,0.0001,0.0003,100.0,518.67,642.25,1594.71,1406.44,14.62,21.61,554.38,2388.08,9068.83,1.3,47.41,521.92,2388.06,8138.74,8.4408,0.03,392,2388,100.0,38.85,23.3136,287
67,27,-0.0013,0.0002,100.0,518.67,642.51,1592.83,1399.7,14.62,21.61,554.06,2388.01,9063.93,1.3,47.68,521.64,2388.04,8147.45,8.434,0.03,392,2388,100.0,38.81,23.3395,286
67,28,-0.0025,0.0003,100.0,518.67,642.71,1595.54,1408.01,14.62,21.61,553.88,2388.04,9066.58,1.3,47.43,521.61,2388.04,8143.02,8.4167,0.03,391,2388,100.0,38.83,23.4591,285
67,29,0.0044,0.0001,100.0,518.67,642.57,1580.96,1408.16,14.62,21.61,554.6,2388.07,9060.51,1.3,47.51,522.37,2388.01,8144.78,8.3978,0.03,394,2388,100.0,38.97,23.3693,284
67,30,-0.0002,-0.0001,100.0,518.67,642.67,1578.2,1413.82,14.62,21.61,553.17,2388.02,9064.37,1.3,47.38,521.62,2388.1,8145.84,8.4273,0.03,394,2388,100.0,39.04,23.3409,283
67,31,-0.0022,0.0005,100.0,518.67,642.62,1589.85,1398.18,14.62,21.61,553.53,2388.05,9061.49,1.3,47.4,521.67,2388.05,8143.27,8.4283,0.03,392,2388,100.0,39.0,23.3836,282
67,32,0.0016,0.0005,100.0,518.67,642.8,1588.21,1404.26,14.62,21.61,553.55,2388.06,9061.85,1.3,47.3,521.6,2388.08,8142.91,8.4452,0.03,392,2388,100.0,38.74,23.2932,281
67,33,0.0014,-0.0003,100.0,518.67,642.04,1586.72,1398.94,14.62,21.61,553.75,2388.01,9063.22,1.3,47.35,521.99,2388.03,8148.59,8.4203,0.03,393,2388,100.0,38.92,23.3595,280
67,34,0.0004,0.0002,100.0,518.67,642.25,1585.43,1399.27,14.62,21.61,553.78,2388.06,9062.39,1.3,47.47,521.61,2388.05,8140.35,8.3896,0.03,394,2388,100.0,39.0,23.3112,279
67,35,-0.0004,0.0001,100.0,518.67,642.5,1590.25,1398.77,14.62,21.61,553.53,2388.11,9070.99,1.3,47.59,521.68,2388.06,8143.77,8.42,0.03,391,2388,100.0,38.89,23.3141,278
67,36,-0.0007,0.0002,100.0,518.67,642.72,1592.5,1403.38,14.62,21.61,553.58,2388.01,9063.05,1.3,47.33,521.92,2388.09,8144.09,8.4532,0.03,393,2388,100.0,38.8,23.3022,277
67,37,0.0035,-0.0,100.0,518.67,642.34,1582.27,1398.8,14.62,21.61,553.36,2388.06,9058.48,1.3,47.36,522.05,2388.0,8145.0,8.4271,0.03,392,2388,100.0,38.81,23.2336,276
67,38,0.0018,-0.0004,100.0,518.67,642.43,1587.25,1406.64,14.62,21.61,554.0,2388.07,9064.0,1.3,47.48,522.37,2388.01,8149.68,8.4275,0.03,392,2388,100.0,38.9,23.4425,275
67,39,0.002,-0.0004,100.0,518.67,642.18,1584.33,1398.47,14.62,21.61,553.58,2388.05,9066.8,1.3,47.44,521.69,2388.03,8148.99,8.417,0.03,391,2388,100.0,38.98,23.3586,274
67,40,-0.0002,0.0,100.0,518.67,642.4,1577.7,1405.7,14.62,21.61,553.16,2388.07,9060.04,1.3,47.28,521.57,2388.04,8145.9,8.3888,0.03,392,2388,100.0,38.93,23.2687,273
67,41,0.0008,-0.0003,100.0,518.67,642.79,1588.31,1403.61,14.62,21.61,553.97,2388.04,9061.91,1.3,47.18,522.33,2388.04,8146.4,8.409,0.03,393,2388,100.0,38.89,23.3984,272
67,42,-0.0013,0.0003,100.0,518.67,642.32,1586.77,1399.03,14.62,21.61,554.1,2388.04,9064.66,1.3,47.47,522.01,2388.01,8147.01,8.4472,0.03,392,2388,100.0,39.06,23.372,271
67,43,-0.0027,0.0005,100.0,518.67,642.45,1589.83,1400.39,14.62,21.61,554.28,2388.05,9057.62,1.3,47.37,521.63,2388.05,8142.1,8.4135,0.03,392,2388,100.0,39.08,23.3985,270
67,44,0.0002,0.0005,100.0,518.67,641.91,1590.29,1402.09,14.62,21.61,553.71,2388.1,9063.6,1.3,47.32,521.83,2388.07,8142.36,8.3834,0.03,392,2388,100.0,38.94,23.3666,269
67,45,0.004,0.0,100.0,518.67,642.2,1586.25,1404.07,14.62,21.61,554.11,2388.03,9061.75,1.3,47.31,521.28,2388.05,8143.37,8.4168,0.03,391,2388,100.0,38.72,23.3902,268
67,46,0.0002,-0.0002,100.0,518.67,642.23,1596.15,1407.95,14.62,21.61,553.7,2388.05,9065.58,1.3,47.35,522.05,2388.03,8145.77,8.3849,0.03,394,2388,100.0,38.82,23.3054,267
67,47,-0.0,0.0003,100.0,518.67,642.69,1585.13,1412.07,14.62,21.61,553.57,2388.05,9057.16,1.3,47.51,522.6,2388.12,8141.4,8.4189,0.03,392,2388,100.0,38.77,23.3956,266
67,48,0.0016,0.0001,100.0,518.67,642.59,1589.61,1399.78,14.62,21.61,553.16,2388.09,9062.81,1.3,47.5,521.55,2388.02,8144.68,8.4532,0.03,393,2388,100.0,38.95,23.3201,265
67,49,0.0018,0.0001,100.0,518.67,641.88,1590.62,1404.1,14.62,21.61,553.19,2388.0,9065.42,1.3,47.3,521.71,2388.07,8148.2,8.4252,0.03,391,2388,100.0,39.1,23.3253,264
67,50,-0.0011,0.0001,100.0,518.67,643.35,1590.34,1408.79,14.62,21.61,553.51,2388.12,9064.85,1.3,47.47,521.8,2388.05,8140.77,8.4051,0.03,390,2388,100.0,38.89,23.2832,263
67,51,-0.0004,0.0005,100.0,518.67,642.78,1588.87,1403.38,14.62,21.61,554.19,2387.97,9066.56,1.3,47.24,521.64,2388.08,8147.81,8.4093,0.03,392,2388,100.0,39.08,23.4427,262
67,52,-0.0029,-0.0,100.0,518.67,642.64,1590.69,1405.64,14.62,21.61,554.16,2388.03,9069.43,1.3,47.3,521.84,2388.11,8144.26,8.4428,0.03,394,2388,100.0,38.99,23.3491,261
67,53,-0.0023,-0.0003,100.0,518.67,642.71,1581.02,1408.18,14.62,21.61,552.92,2388.01,9068.95,1.3,47.31,521.38,2388.08,8156.33,8.4186,0.03,393,2388,100.0,38.96,23.3091,260
67,54,0.0029,-0.0002,100.0,518.67,642.7,1590.35,1405.6,14.62,21.61,553.72,2388.1,9072.25,1.3,47.47,521.77,2388.02,8145.97,8.3976,0.03,392,2388,100.0,38.86,23.3766,259
67,55,0.0008,-0.0,100.0,518.67,642.19,1589.47,1400.32,14.62,21.61,553.95,2388.05,9065.06,1.3,47.42,521.73,2388.09,8149.77,8.4211,0.03,393,2388,100.0,38.9,23.3838,258
67,56,-0.0009,-0.0,100.0,518.67,642.18,1589.49,1408.1,14.62,21.61,553.92,2388.1,9063.21,1.3,47.49,521.7,2388.13,8148.4,8.4536,0.03,392,2388,100.0,38.83,23.4379,257
67,57,0.0005,-0.0002,100.0,518.67,642.22,1586.82,1402.28,14.62,21.61,553.2,2388.07,9069.0,1.3,47.22,521.75,2388.04,8147.13,8.4153,0.03,392,2388,100.0,38.91,23.2453,256
67,58,0.0005,-0.0,100.0,518.67,642.25,1585.95,1405.64,14.62,21.61,553.4,2388.09,9066.99,1.3,47.45,521.83,2388.05,8144.83,8.4208,0.03,394,2388,100.0,38.86,23.3355,255
67,59,0.0005,0.0004,100.0,518.67,642.38,1593.05,1406.06,14.62,21.61,553.46,2388.04,9062.83,1.3,47.49,521.97,2388.07,8139.61,8.4289,0.03,392,2388,100.0,38.98,23.1961,254
67,60,-0.0002,-0.0002,100.0,518.67,642.37,1595.2,1404.73,14.62,21.61,553.49,2388.05,9066.63,1.3,47.43,521.57,2388.08,8143.92,8.4365,0.03,393,2388,100.0,39.03,23.3669,253
67,61,0.0011,0.0005,100.0,518.67,642.56,1578.74,1402.94,14.62,21.61,554.61,2388.06,9072.09,1.3,47.37,521.95,2388.07,8152.02,8.414,0.03,391,2388,100.0,38.81,23.3885,252
67,62,0.003,0.0005,100.0,518.67,642.87,1587.4,1403.68,14.62,21.61,554.17,2388.08,9069.63,1.3,47.54,521.3,2388.06,8140.63,8.4311,0.03,394,2388,100.0,38.85,23.4949,251
67,63,-0.0045,-0.0001,100.0,518.67,642.96,1582.58,1401.13,14.62,21.61,554.34,2388.13,9064.44,1.3,47.28,521.44,2388.04,8149.34,8.3832,0.03,395,2388,100.0,39.08,23.3354,250
67,64,0.0016,0.0002,100.0,518.67,642.51,1590.84,1408.74,14.62,21.61,553.32,2388.09,9061.42,1.3,47.45,522.39,2388.1,8143.87,8.4233,0.03,393,2388,100.0,39.03,23.4402,249
67,65,-0.0032,-0.0004,100.0,518.67,642.24,1593.31,1403.29,14.62,21.61,553.55,2388.09,9065.06,1.3,47.36,521.79,2388.05,8140.86,8.4517,0.03,392,2388,100.0,38.85,23.2815,248
67,66,0.0019,-0.0001,100.0,518.67,642.27,1586.0,1409.07,14.62,21.61,554.48,2388.02,9069.33,1.3,47.53,521.98,2388.04,8147.3,8.4107,0.03,393,2388,100.0,38.97,23.3633,247
67,67,0.0014,-0.0004,100.0,518.67,642.59,1594.94,1409.5,14.62,21.61,553.72,2388.04,9065.78,1.3,47.47,521.78,2388.02,8145.01,8.4094,0.03,393,2388,100.0,38.95,23.31,246
67,68,0.0005,0.0005,100.0,518.67,642.01,1590.53,1400.86,14.62,21.61,553.61,2388.02,9060.67,1.3,47.5,521.81,2388.08,8145.25,8.4107,0.03,393,2388,100.0,39.15,23.3811,245
67,69,0.002,-0.0,100.0,518.67,641.94,1587.23,1404.71,14.62,21.61,553.76,2388.12,9065.8,1.3,47.23,521.76,2388.01,8143.3,8.3822,0.03,393,2388,100.0,38.94,23.2498,244
67,70,0.0011,-0.0003,100.0,518.67,642.5,1589.26,1409.24,14.62,21.61,553.24,2388.02,9067.54,1.3,47.16,521.14,2388.08,8141.92,8.448,0.03,393,2388,100.0,39.04,23.344,243
67,71,0.0005,0.0005,100.0,518.67,642.71,1590.43,1404.46,14.62,21.61,554.25,2388.04,9065.41,1.3,47.25,521.98,2388.05,8151.44,8.4377,0.03,392,2388,100.0,38.84,23.2443,242
67,72,-0.0014,-0.0003,100.0,518.67,642.26,1591.56,1406.18,14.62,21.61,554.62,2388.06,9060.85,1.3,47.39,522.34,2388.07,8146.82,8.453,0.03,393,2388,100.0,39.02,23.303,241
67,73,0.0008,0.0001,100.0,518.67,642.64,1589.12,1398.19,14.62,21.61,553.07,2388.06,9062.34,1.3,47.32,521.94,2388.08,8145.88,8.4403,0.03,392,2388,100.0,38.77,23.3354,240
67,74,-0.0017,0.0,100.0,518.67,642.51,1587.06,1412.06,14.62,21.61,553.85,2388.02,9058.23,1.3,47.67,521.34,2388.06,8144.52,8.4257,0.03,392,2388,100.0,38.84,23.3911,239
67,75,0.0029,0.0003,100.0,518.67,642.44,1580.16,1409.33,14.62,21.61,553.54,2388.08,9062.29,1.3,47.18,521.95,2388.09,8145.26,8.3983,0.03,393,2388,100.0,38.84,23.2568,238
67,76,-0.0024,0.0004,100.0,518.67,642.44,1590.81,1399.94,14.62,21.61,553.04,2388.03,9069.69,1.3,47.35,522.09,2388.09,8143.58,8.4504,0.03,392,2388,100.0,38.94,23.3246,237
67,77,0.001,-0.0002,100.0,518.67,642.59,1585.42,1406.37,14.62,21.61,553.46,2388.08,9062.04,1.3,47.25,521.51,2388.07,8147.92,8.4111,0.03,393,2388,100.0,38.97,23.3908,236
67,78,0.0022,-0.0002,100.0,518.67,642.71,1591.74,1405.9,14.62,21.61,553.98,2388.02,9067.07,1.3,47.39,521.96,2388.08,8140.89,8.4469,0.03,391,2388,100.0,39.0,23.275,235
67,79,-0.0003,-0.0004,100.0,518.67,642.36,1591.8,1411.48,14.62,21.61,553.6,2388.11,9066.55,1.3,47.55,522.04,2388.01,8145.6,8.4136,0.03,393,2388,100.0,38.99,23.4068,234
67,80,-0.0011,-0.0003,100.0,518.67,642.73,1587.92,1400.6,14.62,21.61,553.57,2388.04,9061.31,1.3,47.56,521.68,2388.06,8144.86,8.4336,0.03,392,2388,100.0,38.94,23.2658,233
67,81,0.0007,-0.0,100.0,518.67,642.17,1587.67,1398.93,14.62,21.61,554.56,2388.11,9069.15,1.3,47.32,521.6,2388.04,8142.8,8.3879,0.03,393,2388,100.0,38.79,23.3059,232
67,82,0.0009,0.0005,100.0,518.67,642.9,1589.33,1406.44,14.62,21.61,553.78,2388.03,9066.51,1.3,47.38,521.97,2388.07,8146.37,8.427,0.03,394,2388,100.0,38.79,23.2496,231
67,83,0.0012,0.0002,100.0,518.67,642.32,1587.02,1404.77,14.62,21.61,553.95,2388.08,9065.89,1.3,47.29,521.83,2388.07,8150.95,8.4158,0.03,394,2388,100.0,38.88,23.4015,230
67,84,-0.0002,0.0005,100.0,518.67,641.88,1587.5,1402.89,14.62,21.61,553.78,2388.11,9067.69,1.3,47.22,521.92,2388.06,8149.11,8.439,0.03,395,2388,100.0,38.97,23.3589,229
67,85,0.0009,-0.0002,100.0,518.67,642.21,1584.79,1402.14,14.62,21.61,552.35,2388.05,9067.78,1.3,47.57,521.49,2388.06,8148.08,8.444,0.03,394,2388,100.0,38.96,23.2785,228
67,86,0.0007,0.0,100.0,518.67,641.82,1590.72,1405.72,14.62,21.61,553.9,2388.09,9059.66,1.3,47.47,522.17,2388.05,8143.15,8.421,0.03,392,2388,100.0,38.96,23.3375,227
67,87,-0.0012,-0.0004,100.0,518.67,642.44,1590.49,1399.92,14.62,21.61,553.29,2388.06,9065.45,1.3,47.34,521.55,2388.07,8141.07,8.3873,0.03,392,2388,100.0,38.84,23.295,226
67,88,-0.0038,0.0005,100.0,518.67,642.51,1583.23,1405.0,14.62,21.61,554.91,2388.05,9070.99,1.3,47.38,521.87,2388.05,8151.24,8.403,0.03,392,2388,100.0,38.78,23.3352,225
67,89,-0.0001,-0.0004,100.0,518.67,642.5,1585.45,1407.88,14.62,21.6,553.5,2388.06,9062.6,1.3,47.46,522.16,2388.08,8144.96,8.4073,0.03,392,2388,100.0,38.84,23.2502,224
67,90,-0.0008,0.0001,100.0,518.67,642.08,1586.08,1399.6,14.62,21.61,553.51,2388.01,9067.87,1.3,47.45,522.16,2388.07,8148.18,8.4342,0.03,392,2388,100.0,38.77,23.2637,223
67,91,0.0004,-0.0002,100.0,518.67,642.48,1590.35,1399.6,14.62,21.61,553.94,2388.02,9061.65,1.3,47.44,522.28,2388.07,8141.97,8.4451,0.03,391,2388,100.0,38.89,23.3365,222
67,92,-0.0001,-0.0002,100.0,518.67,642.68,1589.75,1402.65,14.62,21.61,553.06,2388.02,9066.26,1.3,47.32,521.58,2388.08,8143.83,8.4074,0.03,393,2388,100.0,38.83,23.3145,221
67,93,0.0023,-0.0003,100.0,518.67,642.61,1592.7,1403.13,14.62,21.61,553.63,2388.04,9061.9,1.3,47.36,521.46,2388.05,8143.69,8.3906,0.03,392,2388,100.0,38.67,23.2988,220
67,94,0.0009,0.0004,100.0,518.67,642.32,1585.58,1404.8,14.62,21.61,553.26,2388.02,9064.44,1.3,47.3,522.28,2388.04,8145.72,8.4027,0.03,393,2388,100.0,38.9,23.4014,219
67,95,-0.0,0.0002,100.0,518.67,642.22,1593.53,1405.28,14.62,21.61,553.97,2388.04,9065.82,1.3,47.51,521.62,2388.08,8147.59,8.4759,0.03,390,2388,100.0,38.94,23.3461,218
67,96,0.0007,-0.0004,100.0,518.67,642.45,1582.95,1399.93,14.62,21.61,553.42,2388.06,9071.11,1.3,47.53,521.88,2388.03,8148.72,8.4311,0.03,392,2388,100.0,38.89,23.4547,217
67,97,-0.0027,-0.0004,100.0,518.67,642.49,1591.88,1402.22,14.62,21.61,553.92,2388.06,9064.21,1.3,47.5,522.29,2388.09,8149.94,8.4094,0.03,392,2388,100.0,38.98,23.3718,216
67,98,-0.001,-0.0001,100.0,518.67,642.37,1590.02,1407.13,14.62,21.61,553.49,2388.08,9068.04,1.3,47.25,522.35,2388.06,8147.45,8.4181,0.03,393,2388,100.0,39.14,23.3484,215
67,99,-0.0005,-0.0,100.0,518.67,641.88,1590.83,1407.25,14.62,21.61,553.55,2388.06,9062.44,1.3,47.25,521.21,2388.06,8149.18,8.4613,0.03,393,2388,100.0,38.88,23.3056,214
67,100,-0.0023,0.0,100.0,518.67,642.6,1586.95,1404.07,14.62,21.61,554.35,2388.05,9068.84,1.3,47.36,521.89,2388.07,8146.23,8.4665,0.03,392,2388,100.0,38.91,23.3637,213
67,101,0.0013,-0.0004,100.0,518.67,642.46,1588.21,1407.55,14.62,21.61,553.72,2388.09,9066.47,1.3,47.39,521.39,2388.04,8149.62,8.4055,0.03,392,2388,100.0,38.92,23.5021,212
67,102,0.0022,0.0005,100.0,518.67,642.33,1597.12,1407.97,14.62,21.61,553.31,2388.05,9067.58,1.3,47.35,521.54,2388.04,8147.14,8.4081,0.03,394,2388,100.0,38.91,23.3142,211
67,103,-0.001,-0.0004,100.0,518.67,642.28,1585.44,1406.7,14.62,21.61,553.45,2388.02,9069.78,1.3,47.34,521.76,2388.06,8144.46,8.448,0.03,393,2388,100.0,38.93,23.3125,210
67,104,-0.001,-0.0002,100.0,518.67,642.22,1588.19,1401.5,14.62,21.61,553.44,2388.06,9060.43,1.3,47.42,521.65,2388.06,8144.28,8.4487,0.03,392,2388,100.0,38.95,23.2945,209
67,105,0.0002,-0.0003,100.0,518.67,642.79,1590.31,1404.09,14.62,21.61,553.6,2388.07,9065.92,1.3,47.36,521.44,2388.06,8147.73,8.4241,0.03,392,2388,100.0,39.03,23.355,208
67,106,-0.0018,0.0004,100.0,518.67,642.53,1586.53,1408.71,14.62,21.61,553.8,2388.04,9061.48,1.3,47.4,521.76,2388.07,8142.52,8.4005,0.03,392,2388,100.0,39.02,23.2773,207
67,107,0.0003,-0.0004,100.0,518.67,642.35,1584.43,1404.3,14.62,21.61,553.23,2388.05,9063.56,1.3,47.5,521.07,2388.07,8142.46,8.429,0.03,394,2388,100.0,38.94,23.3011,206
67,108,0.0014,-0.0003,100.0,518.67,642.43,1591.59,1406.95,14.62,21.61,553.79,2387.99,9063.55,1.3,47.48,522.13,2388.1,8144.9,8.4541,0.03,394,2388,100.0,38.76,23.338,205
67,109,-0.0008,-0.0003,100.0,518.67,642.5,1594.07,1413.16,14.62,21.61,553.61,2388.07,9072.21,1.3,47.43,521.63,2388.05,8148.3,8.4375,0.03,391,2388,100.0,38.94,23.2227,204
67,110,0.0013,0.0003,100.0,518.67,642.52,1591.88,1409.87,14.62,21.61,553.5,2388.06,9067.24,1.3,47.45,522.37,2388.02,8148.16,8.4253,0.03,392,2388,100.0,38.78,23.3177,203
67,111,-0.0045,-0.0003,100.0,518.67,642.42,1587.84,1402.17,14.62,21.61,553.59,2388.05,9067.48,1.3,47.35,521.87,2388.01,8146.09,8.4232,0.03,393,2388,100.0,38.87,23.3387,202
67,112,0.0019,0.0,100.0,518.67,642.46,1589.02,1404.93,14.62,21.61,553.45,2388.14,9067.11,1.3,47.5,521.56,2388.11,8140.8,8.4248,0.03,393,2388,100.0,38.79,23.3671,201
67,113,-0.0031,0.0004,100.0,518.67,642.29,1593.2,1405.49,14.62,21.61,553.87,2388.07,9066.89,1.3,47.42,521.37,2388.14,8144.99,8.405,0.03,392,2388,100.0,38.8,23.2939,200
67,114,-0.0008,0.0,100.0,518.67,642.15,1588.52,1400.84,14.62,21.61,554.28,2388.06,9064.27,1.3,47.41,521.57,2388.05,8148.7,8.4237,0.03,392,2388,100.0,38.9,23.3138,199
67,115,-0.0003,0.0001,100.0,518.67,642.6,1587.88,1404.23,14.62,21.61,553.13,2388.1,9071.74,1.3,47.33,522.13,2388.07,8146.33,8.4296,0.03,394,2388,100.0,38.84,23.402,198
67,116,-0.0015,0.0002,100.0,518.67,642.27,1588.76,1405.84,14.62,21.61,553.68,2388.08,9061.28,1.3,47.49,521.78,2388.08,8145.5,8.4236,0.03,393,2388,100.0,38.93,23.2735,197
67,117,0.002,-0.0002,100.0,518.67,641.98,1584.4,1404.06,14.62,21.61,553.54,2388.13,9062.1,1.3,47.48,521.9,2388.09,8148.08,8.3914,0.03,392,2388,100.0,38.77,23.3726,196
67,118,0.001,0.0,100.0,518.67,642.38,1584.5,1407.9,14.62,21.61,553.52,2388.05,9062.85,1.3,47.37,521.58,2388.04,8147.48,8.4219,0.03,394,2388,100.0,38.97,23.2808,195
67,119,0.0003,0.0002,100.0,518.67,642.84,1586.58,1407.62,14.62,21.61,553.37,2388.02,9062.92,1.3,47.44,521.81,2388.13,8151.35,8.4466,0.03,393,2388,100.0,38.75,23.3604,194
67,120,-0.0018,-0.0002,100.0,518.67,642.41,1596.29,1409.19,14.62,21.61,553.36,2388.05,9066.21,1.3,47.43,521.92,2388.06,8147.16,8.4634,0.03,393,2388,100.0,38.95,23.3585,193
67,121,-0.0009,-0.0004,100.0,518.67,642.35,1587.34,1404.58,14.62,21.61,553.53,2388.03,9065.83,1.3,47.45,521.63,2388.08,8144.85,8.4831,0.03,393,2388,100.0,38.73,23.3501,192
67,122,-0.0018,-0.0002,100.0,518.67,642.66,1590.35,1408.18,14.62,21.61,553.32,2388.07,9069.4,1.3,47.35,521.54,2388.02,8147.17,8.4328,0.03,394,2388,100.0,38.91,23.2908,191
67,123,-0.0036,0.0004,100.0,518.67,642.52,1595.76,1405.97,14.62,21.61,554.05,2388.02,9061.58,1.3,47.38,521.72,2388.06,8146.48,8.4194,0.03,393,2388,100.0,38.83,23.2977,190
67,124,-0.0023,0.0002,100.0,518.67,642.39,1592.79,1404.48,14.62,21.61,553.29,2388.04,9061.99,1.3,47.63,521.71,2388.05,8148.23,8.4357,0.03,396,2388,100.0,38.93,23.3571,189
67,125,-0.001,0.0,100.0,518.67,642.69,1581.66,1399.19,14.62,21.61,553.45,2388.08,9062.49,1.3,47.54,521.63,2388.07,8143.9,8.4197,0.03,392,2388,100.0,39.0,23.2431,188
67,126,-0.0009,-0.0004,100.0,518.67,642.42,1591.71,1408.23,14.62,21.61,553.44,2388.04,9064.56,1.3,47.3,520.94,2388.07,8147.84,8.4262,0.03,393,2388,100.0,38.75,23.4273,187
67,127,-0.0015,-0.0001,100.0,518.67,642.64,1594.39,1407.04,14.62,21.61,554.02,2388.05,9064.54,1.3,47.47,521.64,2388.09,8148.89,8.4538,0.03,393,2388,100.0,38.87,23.2842,186
67,128,-0.003,0.0002,100.0,518.67,642.92,1591.38,1410.31,14.62,21.61,554.0,2388.07,9071.28,1.3,47.36,521.41,2388.07,8142.99,8.4458,0.03,391,2388,100.0,38.77,23.2479,185
67,129,-0.0016,0.0002,100.0,518.67,642.91,1587.72,1407.58,14.62,21.61,553.49,2388.07,9065.1,1.3,47.6,521.81,2388.13,8144.81,8.4312,0.03,394,2388,100.0,38.69,23.3183,184
67,130,-0.0024,-0.0004,100.0,518.67,642.48,1588.23,1403.34,14.62,21.61,553.42,2388.06,9065.02,1.3,47.54,521.2,2388.11,8145.87,8.4311,0.03,392,2388,100.0,38.82,23.3978,183
67,131,0.0017,0.0003,100.0,518.67,642.33,1588.98,1407.09,14.62,21.61,553.78,2388.03,9075.82,1.3,47.36,521.77,2388.07,8144.73,8.455,0.03,394,2388,100.0,38.98,23.3698,182
67,132,-0.0004,0.0005,100.0,518.67,642.43,1587.43,1404.42,14.62,21.61,553.56,2388.09,9063.72,1.3,47.59,521.18,2388.12,8141.61,8.458,0.03,393,2388,100.0,38.79,23.2672,181
67,133,-0.0016,-0.0002,100.0,518.67,642.81,1594.65,1413.31,14.62,21.61,553.5,2388.04,9064.71,1.3,47.57,521.63,2388.07,8146.84,8.4429,0.03,394,2388,100.0,38.77,23.2818,180
67,134,-0.0017,0.0005,100.0,518.67,642.47,1581.1,1408.24,14.62,21.61,553.27,2388.05,9068.47,1.3,47.32,521.45,2388.09,8149.51,8.4187,0.03,392,2388,100.0,38.93,23.363,179
67,135,0.0009,0.0001,100.0,518.67,642.7,1584.68,1408.39,14.62,21.61,553.47,2388.06,9072.95,1.3,47.59,521.3,2388.04,8144.99,8.4337,0.03,393,2388,100.0,38.83,23.3926,178
67,136,0.0012,-0.0004,100.0,518.67,642.25,1593.26,1402.91,14.62,21.61,553.77,2388.02,9067.17,1.3,47.49,521.46,2388.07,8142.18,8.4264,0.03,392,2388,100.0,38.93,23.3764,177
67,137,-0.004,0.0001,100.0,518.67,642.46,1589.05,1399.89,14.62,21.61,553.61,2388.07,9061.1,1.3,47.36,521.78,2388.04,8140.45,8.4321,0.03,394,2388,100.0,38.9,23.3459,176
67,138,0.0018,0.0005,100.0,518.67,643.14,1592.0,1405.07,14.62,21.61,553.75,2388.05,9063.69,1.3,47.46,521.81,2388.06,8144.55,8.4543,0.03,393,2388,100.0,38.7,23.3461,175
67,139,-0.0039,0.0003,100.0,518.67,642.04,1581.35,1408.48,14.62,21.61,553.56,2388.01,9067.71,1.3,47.5,521.19,2388.03,8145.84,8.417,0.03,393,2388,100.0,38.93,23.4178,174
67,140,0.0011,0.0002,100.0,518.67,641.95,1593.87,1408.24,14.62,21.61,553.36,2388.05,9070.74,1.3,47.33,521.73,2388.07,8145.71,8.4229,0.03,393,2388,100.0,38.87,23.204,173
67,141,0.0019,0.0,100.0,518.67,642.49,1582.17,1410.72,14.62,21.61,553.7,2388.13,9067.6,1.3,47.35,521.66,2388.04,8142.77,8.4567,0.03,393,2388,100.0,38.66,23.2886,172
67,142,0.0043,0.0,100.0,518.67,642.82,1584.54,1408.08,14.62,21.61,553.38,2388.08,9063.09,1.3,47.44,521.32,2388.07,8152.3,8.4129,0.03,393,2388,100.0,38.69,23.3835,171
67,143,-0.0004,0.0005,100.0,518.67,642.14,1585.24,1405.62,14.62,21.61,554.08,2388.04,9069.18,1.3,47.47,521.75,2388.04,8142.63,8.4694,0.03,392,2388,100.0,38.81,23.2625,170
67,144,-0.0015,-0.0004,100.0,518.67,642.29,1589.32,1401.53,14.62,21.61,553.71,2388.09,9070.09,1.3,47.38,521.22,2388.06,8147.7,8.4364,0.03,392,2388,100.0,38.86,23.2834,169
67,145,-0.0011,0.0004,100.0,518.67,642.06,1592.04,1405.31,14.62,21.61,553.92,2388.03,9064.62,1.3,47.57,521.3,2388.12,8143.27,8.4107,0.03,394,2388,100.0,38.86,23.3844,168
67,146,-0.001,-0.0002,100.0,518.67,642.85,1588.36,1412.36,14.62,21.61,553.46,2388.09,9069.25,1.3,47.43,521.38,2388.07,8142.54,8.4613,0.03,394,2388,100.0,38.7,23.2195,167
67,147,-0.0057,0.0002,100.0,518.67,642.43,1590.37,1413.62,14.62,21.61,553.61,2388.11,9071.65,1.3,47.79,521.29,2388.07,8139.92,8.412,0.03,392,2388,100.0,38.83,23.3641,166
67,148,0.002,0.0005,100.0,518.67,643.18,1591.79,1401.35,14.62,21.61,554.04,2388.1,9075.71,1.3,47.35,521.61,2388.08,8144.51,8.4213,0.03,394,2388,100.0,38.8,23.3211,165
67,149,0.0008,0.0002,100.0,518.67,642.08,1592.67,1406.57,14.62,21.61,553.4,2388.06,9066.12,1.3,47.5,520.91,2388.07,8152.01,8.4329,0.03,393,2388,100.0,38.79,23.1149,164
67,150,0.001,-0.0002,100.0,518.67,642.56,1590.28,1405.45,14.62,21.61,553.57,2388.04,9066.99,1.3,47.31,521.14,2388.03,8144.72,8.4374,0.03,393,2388,100.0,38.89,23.3828,163
67,151,-0.0012,-0.0,100.0,518.67,642.44,1592.17,1406.76,14.62,21.61,554.0,2388.05,9070.44,1.3,47.57,521.88,2388.06,8145.27,8.3997,0.03,393,2388,100.0,38.99,23.2688,162
67,152,0.0018,-0.0004,100.0,518.67,642.55,1589.31,1410.3,14.62,21.61,552.81,2388.09,9067.1,1.3,47.43,521.72,2388.0,8139.61,8.4721,0.03,394,2388,100.0,38.75,23.3296,161
67,153,0.0006,0.0003,100.0,518.67,642.71,1592.22,1400.66,14.62,21.61,553.8,2388.11,9065.11,1.3,47.4,520.93,2388.06,8144.52,8.4432,0.03,393,2388,100.0,38.81,23.3365,160
67,154,0.0024,-0.0001,100.0,518.67,642.42,1593.58,1407.52,14.62,21.61,554.1,2388.05,9068.89,1.3,47.57,522.21,2388.08,8153.59,8.4287,0.03,393,2388,100.0,38.99,23.216,159
67,155,0.0031,-0.0002,100.0,518.67,642.52,1586.69,1405.64,14.62,21.61,554.0,2388.07,9067.23,1.3,47.56,521.61,2388.05,8144.84,8.4639,0.03,393,2388,100.0,38.8,23.4189,158
67,156,-0.0024,0.0005,100.0,518.67,642.32,1593.99,1411.75,14.62,21.61,552.84,2388.1,9066.03,1.3,47.37,521.11,2388.09,8141.21,8.425,0.03,395,2388,100.0,38.94,23.4137,157
67,157,0.0012,0.0005,100.0,518.67,641.67,1591.35,1413.04,14.62,21.61,553.5,2388.08,9067.97,1.3,47.47,521.28,2388.1,8141.69,8.4531,0.03,394,2388,100.0,38.86,23.3455,156
67,158,0.0016,0.0003,100.0,518.67,642.4,1587.51,1406.76,14.62,21.61,553.02,2388.11,9072.51,1.3,47.61,521.44,2388.07,8148.26,8.4286,0.03,392,2388,100.0,38.92,23.298,155
67,159,-0.0027,0.0002,100.0,518.67,642.04,1594.64,1402.42,14.62,21.61,553.54,2388.06,9068.46,1.3,47.67,521.76,2388.09,8144.87,8.4454,0.03,390,2388,100.0,38.91,23.2458,154
67,160,-0.002,0.0001,100.0,518.67,643.35,1591.65,1405.79,14.62,21.61,554.01,2388.09,9060.94,1.3,47.61,521.48,2388.09,8149.38,8.431,0.03,393,2388,100.0,39.01,23.2761,153
67,161,0.0003,0.0002,100.0,518.67,642.89,1591.64,1403.71,14.62,21.61,553.22,2388.07,9061.21,1.3,47.42,521.56,2388.11,8143.06,8.408,0.03,393,2388,100.0,38.76,23.2704,152
67,162,-0.0038,0.0001,100.0,518.67,642.51,1586.02,1409.72,14.62,21.61,553.86,2388.1,9061.6,1.3,47.72,522.06,2388.11,8144.47,8.401,0.03,392,2388,100.0,39.02,23.2851,151
67,163,-0.0017,0.0003,100.0,518.67,642.93,1587.79,1403.62,14.62,21.61,554.3,2388.09,9069.65,1.3,47.55,522.15,2388.05,8149.17,8.4486,0.03,392,2388,100.0,38.85,23.3336,150
67,164,0.0003,0.0003,100.0,518.67,642.61,1582.16,1405.26,14.62,21.61,553.8,2388.06,9066.91,1.3,47.6,521.62,2388.11,8146.62,8.4338,0.03,393,2388,100.0,38.98,23.2849,149
67,165,0.0005,0.0003,100.0,518.67,642.7,1589.34,1404.62,14.62,21.61,553.82,2388.07,9066.23,1.3,47.24,521.66,2388.01,8146.02,8.4487,0.03,393,2388,100.0,38.73,23.3287,148
67,166,-0.0023,0.0002,100.0,518.67,642.7,1587.93,1407.44,14.62,21.61,552.75,2388.15,9069.52,1.3,47.56,521.35,2388.08,8143.8,8.4053,0.03,393,2388,100.0,38.76,23.2423,147
67,167,0.0052,0.0001,100.0,518.67,642.45,1587.46,1404.35,14.62,21.61,553.67,2388.07,9071.77,1.3,47.65,521.79,2388.08,8143.17,8.4505,0.03,394,2388,100.0,38.87,23.224,146
67,168,-0.0004,0.0005,100.0,518.67,642.95,1593.59,1406.02,14.62,21.61,553.89,2388.09,9062.45,1.3,47.41,521.78,2388.06,8150.03,8.4323,0.03,392,2388,100.0,38.8,23.2637,145
67,169,-0.0005,-0.0003,100.0,518.67,643.14,1590.64,1408.23,14.62,21.61,553.54,2388.07,9072.96,1.3,47.55,521.62,2388.06,8146.55,8.4426,0.03,393,2388,100.0,38.85,23.3656,144
67,170,0.004,0.0001,100.0,518.67,643.56,1591.02,1409.24,14.62,21.61,553.72,2388.12,9070.92,1.3,47.59,521.47,2388.07,8142.86,8.4325,0.03,393,2388,100.0,38.67,23.2956,143
67,171,0.0019,0.0,100.0,518.67,642.35,1583.32,1410.58,14.62,21.61,553.38,2388.08,9070.39,1.3,47.3,521.58,2388.09,8141.82,8.4206,0.03,393,2388,100.0,39.0,23.3274,142
67,172,-0.0029,0.0002,100.0,518.67,642.62,1591.53,1412.38,14.62,21.61,553.88,2388.05,9064.92,1.3,47.45,521.41,2388.15,8152.47,8.4094,0.03,392,2388,100.0,38.75,23.2347,141
67,173,-0.0015,-0.0003,100.0,518.67,642.44,1596.9,1409.66,14.62,21.61,553.31,2388.1,9068.54,1.3,47.44,521.3,2388.04,8142.21,8.4362,0.03,393,2388,100.0,38.7,23.3783,140
67,174,-0.0019,0.0005,100.0,518.67,642.6,1592.09,1406.54,14.62,21.61,553.45,2388.09,9067.65,1.3,47.66,521.42,2388.1,8141.86,8.455,0.03,395,2388,100.0,38.91,23.2458,139
67,175,-0.0008,0.0003,100.0,518.67,642.2,1578.18,1413.43,14.62,21.61,553.49,2388.15,9060.89,1.3,47.6,521.73,2388.13,8143.6,8.3991,0.03,392,2388,100.0,38.81,23.3088,138
67,176,-0.001,0.0005,100.0,518.67,642.8,1585.62,1409.53,14.62,21.61,553.58,2388.11,9072.62,1.3,47.48,521.19,2388.08,8142.89,8.4629,0.03,395,2388,100.0,38.88,23.3587,137
67,177,0.0006,0.0002,100.0,518.67,643.0,1581.72,1399.44,14.62,21.61,553.5,2388.09,9062.25,1.3,47.58,521.54,2388.09,8139.1,8.4018,0.03,391,2388,100.0,38.85,23.3276,136
67,178,0.0055,-0.0003,100.0,518.67,642.63,1591.4,1407.15,14.62,21.61,553.32,2388.08,9069.11,1.3,47.5,520.97,2388.1,8145.42,8.4186,0.03,394,2388,100.0,38.79,23.2364,135
67,179,0.0018,0.0001,100.0,518.67,642.7,1586.69,1413.55,14.62,21.61,553.55,2388.09,9068.7,1.3,47.47,521.42,2388.11,8143.62,8.437,0.03,393,2388,100.0,39.0,23.3136,134
67,180,-0.0025,-0.0,100.0,518.67,642.53,1586.6,1406.88,14.62,21.61,553.27,2388.06,9071.41,1.3,47.57,521.71,2388.08,8143.61,8.4516,0.03,393,2388,100.0,38.95,23.2001,133
67,181,0.0012,-0.0004,100.0,518.67,642.72,1591.88,1413.54,14.62,21.61,553.23,2388.1,9060.75,1.3,47.55,520.96,2388.03,8144.13,8.4642,0.03,393,2388,100.0,38.8,23.3124,132
67,182,0.0013,-0.0003,100.0,518.67,643.01,1588.62,1408.47,14.62,21.61,553.47,2388.1,9065.74,1.3,47.42,521.13,2388.05,8145.91,8.4433,0.03,393,2388,100.0,38.9,23.2474,131
67,183,0.0027,-0.0001,100.0,518.67,642.57,1594.01,1407.54,14.62,21.61,553.44,2388.08,9069.84,1.3,47.43,521.42,2388.12,8141.29,8.4236,0.03,393,2388,100.0,38.79,23.2802,130
67,184,0.0014,0.0003,100.0,518.67,642.02,1595.51,1411.01,14.62,21.61,552.94,2388.17,9064.05,1.3,47.5,521.5,2388.13,8146.32,8.4234,0.03,394,2388,100.0,38.88,23.2944,129
67,185,-0.0006,0.0003,100.0,518.67,643.57,1586.31,1407.38,14.62,21.61,553.34,2388.13,9069.65,1.3,47.72,521.0,2388.12,8144.58,8.4317,0.03,395,2388,100.0,38.76,23.1788,128
67,186,0.0024,-0.0003,100.0,518.67,643.01,1589.4,1407.34,14.62,21.61,553.92,2388.09,9066.92,1.3,47.48,521.24,2388.06,8145.15,8.4422,0.03,393,2388,100.0,38.71,23.2452,127
67,187,-0.0027,-0.0001,100.0,518.67,642.76,1598.03,1403.4,14.62,21.61,553.48,2388.11,9070.22,1.3,47.38,521.29,2388.14,8148.19,8.4547,0.03,395,2388,100.0,38.97,23.406,126
67,188,-0.0001,-0.0001,100.0,518.67,642.04,1588.36,1407.56,14.62,21.61,553.12,2388.12,9069.39,1.3,47.54,521.13,2388.07,8149.51,8.4089,0.03,393,2388,100.0,38.91,23.3588,125
67,189,-0.0005,-0.0003,100.0,518.67,643.16,1587.31,1414.54,14.62,21.61,552.67,2388.14,9069.01,1.3,47.5,521.15,2388.1,8149.81,8.4198,0.03,393,2388,100.0,38.67,23.2659,124
67,190,-0.0017,0.0001,100.0,518.67,643.33,1591.95,1411.94,14.62,21.61,552.69,2388.06,9060.74,1.3,47.64,522.17,2388.06,8146.63,8.4861,0.03,393,2388,100.0,38.99,23.3619,123
67,191,0.0007,0.0005,100.0,518.67,642.4,1586.17,1405.65,14.62,21.61,553.06,2388.08,9064.37,1.3,47.62,521.35,2388.16,8142.75,8.4661,0.03,392,2388,100.0,38.74,23.2598,122
67,192,0.0025,-0.0002,100.0,518.67,643.29,1593.13,1414.77,14.62,21.61,552.65,2388.09,9067.35,1.3,47.61,520.6,2388.06,8143.45,8.432,0.03,395,2388,100.0,38.97,23.2102,121
67,193,-0.0019,0.0001,100.0,518.67,642.58,1591.98,1407.88,14.62,21.61,553.77,2388.07,9064.81,1.3,47.67,521.46,2388.04,8150.62,8.4401,0.03,394,2388,100.0,38.88,23.2911,120
67,194,-0.0018,0.0001,100.0,518.67,642.21,1596.73,1405.27,14.62,21.61,553.22,2388.11,9072.22,1.3,47.59,521.07,2388.12,8144.29,8.4607,0.03,394,2388,100.0,38.86,23.2368,119
67,195,-0.0025,-0.0,100.0,518.67,643.04,1596.59,1414.53,14.62,21.61,553.59,2388.06,9070.36,1.3,47.48,521.22,2388.09,8146.78,8.4434,0.03,393,2388,100.0,38.74,23.3897,118
67,196,0.0006,-0.0001,100.0,518.67,642.85,1588.94,1408.38,14.62,21.61,553.55,2388.08,9071.54,1.3,47.56,521.18,2388.08,8146.68,8.4249,0.03,392,2388,100.0,38.92,23.2941,117
67,197,-0.0004,-0.0004,100.0,518.67,642.34,1594.12,1405.38,14.62,21.61,552.46,2388.09,9067.41,1.3,47.58,520.3,2388.1,8145.34,8.4569,0.03,392,2388,100.0,38.57,23.3414,116
67,198,0.0013,-0.0,100.0,518.67,642.21,1588.65,1407.58,14.62,21.61,553.14,2388.01,9063.89,1.3,47.5,521.62,2388.14,8139.79,8.4434,0.03,393,2388,100.0,38.85,23.3256,115
67,199,-0.001,-0.0001,100.0,518.67,642.53,1595.04,1404.84,14.62,21.61,552.84,2388.08,9067.46,1.3,47.58,520.96,2388.07,8143.58,8.4715,0.03,394,2388,100.0,38.74,23.2298,114
67,200,-0.0042,0.0004,100.0,518.67,642.62,1585.67,1410.52,14.62,21.61,552.79,2388.13,9067.11,1.3,47.55,520.96,2388.12,8146.84,8.4485,0.03,393,2388,100.0,38.76,23.3264,113
67,201,-0.003,-0.0,100.0,518.67,643.12,1587.94,1411.31,14.62,21.61,553.28,2388.13,9068.3,1.3,47.69,521.37,2388.07,8142.66,8.4713,0.03,392,2388,100.0,38.72,23.3057,112
67,202,-0.0027,0.0004,100.0,518.67,642.33,1588.16,1406.02,14.62,21.61,552.55,2388.1,9065.48,1.3,47.73,521.66,2388.12,8147.86,8.4286,0.03,393,2388,100.0,38.81,23.3362,111
67,203,-0.0045,-0.0004,100.0,518.67,642.17,1589.11,1415.55,14.62,21.61,552.79,2388.09,9065.47,1.3,47.49,521.47,2388.09,8149.31,8.4553,0.03,393,2388,100.0,38.94,23.2976,110
67,204,-0.0003,0.0002,100.0,518.67,642.43,1591.16,1418.18,14.62,21.61,553.31,2388.09,9063.94,1.3,47.64,521.29,2388.1,8149.24,8.4536,0.03,395,2388,100.0,38.79,23.3098,109
67,205,0.0024,0.0,100.0,518.67,643.27,1590.74,1413.87,14.62,21.61,552.74,2388.08,9067.96,1.3,47.54,521.21,2388.11,8148.12,8.3974,0.03,393,2388,100.0,38.82,23.3102,108
67,206,-0.0015,-0.0003,100.0,518.67,643.22,1594.23,1410.31,14.62,21.61,552.14,2388.09,9066.51,1.3,47.64,521.07,2388.07,8145.7,8.4507,0.03,392,2388,100.0,38.76,23.2787,107
67,207,-0.0004,-0.0004,100.0,518.67,643.0,1595.18,1404.56,14.62,21.61,552.96,2388.13,9066.59,1.3,47.62,521.45,2388.08,8145.82,8.4428,0.03,393,2388,100.0,38.87,23.1902,106
67,208,0.0031,-0.0004,100.0,518.67,643.18,1594.83,1399.59,14.62,21.61,553.18,2388.11,9070.72,1.3,47.46,521.17,2388.09,8147.27,8.4265,0.03,394,2388,100.0,38.77,23.3106,105
67,209,-0.0009,0.0001,100.0,518.67,642.62,1589.85,1411.47,14.62,21.61,553.48,2388.11,9068.88,1.3,47.68,521.28,2388.11,8144.11,8.4716,0.03,395,2388,100.0,38.55,23.273,104
67,210,0.0008,0.0004,100.0,518.67,642.83,1589.64,1413.05,14.62,21.61,554.13,2388.08,9068.51,1.3,47.63,520.86,2388.1,8145.92,8.4126,0.03,395,2388,100.0,38.99,23.266,103
67,211,-0.0013,0.0003,100.0,518.67,642.86,1595.27,1410.17,14.62,21.61,553.43,2388.18,9064.75,1.3,47.64,521.68,2388.09,8142.72,8.4619,0.03,395,2388,100.0,38.69,23.2727,102
67,212,-0.0037,-0.0001,100.0,518.67,642.96,1590.64,1410.93,14.62,21.61,553.38,2388.14,9070.07,1.3,47.67,521.19,2388.12,8142.76,8.4795,0.03,394,2388,100.0,38.87,23.2741,101
67,213,0.001,0.0005,100.0,518.67,643.11,1592.69,1410.1,14.62,21.61,553.29,2388.08,9073.89,1.3,47.51,521.4,2388.09,8145.8,8.4701,0.03,394,2388,100.0,38.71,23.2023,100
67,214,-0.0004,0.0002,100.0,518.67,642.57,1591.26,1414.19,14.62,21.61,553.38,2388.05,9069.35,1.3,47.65,521.4,2388.15,8146.17,8.433,0.03,392,2388,100.0,38.77,23.2326,99
67,215,-0.0016,0.0001,100.0,518.67,642.66,1590.22,1414.82,14.62,21.61,553.4,2388.13,9069.08,1.3,47.65,521.26,2388.13,8148.42,8.4568,0.03,394,2388,100.0,38.63,23.2355,98
67,216,-0.0021,0.0,100.0,518.67,642.82,1591.98,1414.17,14.62,21.61,552.9,2388.1,9069.43,1.3,47.57,520.89,2388.11,8149.12,8.4514,0.03,394,2388,100.0,38.92,23.2122,97
67,217,-0.0011,0.0001,100.0,518.67,642.23,1587.66,1412.24,14.62,21.61,553.03,2388.12,9066.0,1.3,47.53,521.38,2388.13,8149.29,8.4578,0.03,396,2388,100.0,38.69,23.3033,96
67,218,0.0004,-0.0001,100.0,518.67,642.99,1591.35,1414.43,14.62,21.61,553.04,2388.1,9066.67,1.3,47.64,520.75,2388.12,8147.83,8.4521,0.03,393,2388,100.0,38.82,23.2613,95
67,219,0.0012,0.0005,100.0,518.67,643.22,1595.32,1412.55,14.62,21.61,553.32,2388.1,9066.47,1.3,47.81,521.34,2388.15,8143.35,8.4938,0.03,394,2388,100.0,38.76,23.3011,94
67,220,0.0019,0.0003,100.0,518.67,643.29,1595.18,1409.98,14.62,21.61,552.38,2388.09,9068.05,1.3,47.46,522.12,2388.14,8145.78,8.4533,0.03,394,2388,100.0,38.85,23.2304,93
67,221,-0.001,0.0,100.0,518.67,642.74,1592.67,1413.06,14.62,21.61,552.69,2388.12,9074.94,1.3,47.67,520.9,2388.17,8145.01,8.4318,0.03,393,2388,100.0,38.86,23.2118,92
67,222,0.0004,-0.0002,100.0,518.67,642.51,1593.59,1400.03,14.62,21.61,552.61,2388.09,9069.36,1.3,47.6,521.81,2388.1,8145.69,8.4515,0.03,393,2388,100.0,38.85,23.3132,91
67,223,-0.0002,-0.0003,100.0,518.67,642.67,1591.9,1409.15,14.62,21.61,552.53,2388.15,9067.09,1.3,47.59,521.55,2388.08,8145.25,8.4484,0.03,394,2388,100.0,38.62,23.1451,90
67,224,-0.0016,-0.0003,100.0,518.67,642.98,1589.29,1415.4,14.62,21.61,553.26,2388.14,9078.72,1.3,47.54,521.49,2388.09,8147.15,8.5096,0.03,394,2388,100.0,38.68,23.1838,89
67,225,-0.0007,0.0005,100.0,518.67,643.26,1590.35,1413.55,14.62,21.61,553.42,2388.07,9071.82,1.3,47.65,521.24,2388.1,8146.5,8.4554,0.03,394,2388,100.0,38.73,23.2365,88
67,226,0.0005,-0.0002,100.0,518.67,642.88,1592.24,1414.05,14.62,21.61,553.27,2388.12,9062.88,1.3,47.51,521.26,2388.12,8150.14,8.487,0.03,392,2388,100.0,38.79,23.2206,87
67,227,-0.0007,0.0003,100.0,518.67,642.79,1597.73,1408.0,14.62,21.61,553.15,2388.16,9071.3,1.3,47.66,520.85,2388.06,8145.19,8.4769,0.03,394,2388,100.0,38.69,23.3049,86
67,228,0.0002,-0.0001,100.0,518.67,642.97,1589.54,1412.14,14.62,21.61,552.68,2388.13,9056.61,1.3,47.72,521.04,2388.12,8150.01,8.4785,0.03,393,2388,100.0,38.7,23.193,85
67,229,0.0018,0.0004,100.0,518.67,642.76,1599.5,1417.09,14.62,21.61,553.04,2388.12,9060.96,1.3,47.69,520.7,2388.12,8147.43,8.4453,0.03,394,2388,100.0,38.77,23.2146,84
67,230,-0.0002,-0.0,100.0,518.67,642.83,1595.06,1412.68,14.62,21.61,551.97,2388.09,9073.13,1.3,47.72,520.93,2388.08,8151.29,8.4371,0.03,393,2388,100.0,38.65,23.2056,83
67,231,0.0022,-0.0001,100.0,518.67,642.63,1584.94,1412.29,14.62,21.61,553.32,2388.13,9078.28,1.3,47.76,521.38,2388.13,8148.92,8.4417,0.03,395,2388,100.0,38.82,23.3352,82
67,232,0.0013,-0.0001,100.0,518.67,643.27,1585.42,1408.78,14.62,21.61,552.81,2388.1,9070.8,1.3,47.75,520.66,2388.13,8142.96,8.4467,0.03,394,2388,100.0,38.68,23.2328,81
67,233,0.0001,0.0005,100.0,518.67,643.17,1589.98,1418.59,14.62,21.61,553.2,2388.07,9071.0,1.3,47.63,520.86,2388.16,8144.2,8.4724,0.03,396,2388,100.0,38.79,23.3291,80
67,234,0.0024,-0.0003,100.0,518.67,643.11,1598.88,1412.65,14.62,21.61,552.3,2388.15,9064.96,1.3,47.66,520.98,2388.09,8144.16,8.4473,0.03,393,2388,100.0,38.64,23.2993,79
67,235,-0.001,0.0005,100.0,518.67,642.65,1593.43,1407.56,14.62,21.61,552.99,2388.15,9066.91,1.3,47.88,521.03,2388.17,8145.58,8.5006,0.03,393,2388,100.0,38.8,23.2822,78
67,236,-0.0027,-0.0002,100.0,518.67,643.08,1588.06,1403.93,14.62,21.61,552.33,2388.12,9067.4,1.3,47.87,520.61,2388.14,8140.31,8.457,0.03,393,2388,100.0,38.86,23.2682,77
67,237,0.0007,-0.0003,100.0,518.67,642.98,1595.76,1411.47,14.62,21.61,552.41,2388.12,9072.52,1.3,47.6,521.02,2388.11,8146.88,8.4748,0.03,393,2388,100.0,38.81,23.2704,76
67,238,-0.0027,0.0001,100.0,518.67,642.75,1599.76,1415.64,14.62,21.61,552.54,2388.11,9070.42,1.3,47.71,520.72,2388.14,8147.67,8.4641,0.03,393,2388,100.0,38.81,23.2341,75
67,239,-0.0019,0.0003,100.0,518.67,642.69,1587.28,1417.14,14.62,21.61,552.54,2388.14,9075.45,1.3,47.66,520.48,2388.17,8151.56,8.5041,0.03,393,2388,100.0,38.95,23.2493,74
67,240,-0.0008,-0.0003,100.0,518.67,642.88,1595.57,1419.65,14.62,21.61,552.63,2388.15,9070.93,1.3,47.57,521.31,2388.12,8146.3,8.4484,0.03,395,2388,100.0,38.63,23.2025,73
67,241,0.0024,-0.0,100.0,518.67,642.68,1593.74,1416.66,14.62,21.61,552.63,2388.2,9070.12,1.3,47.58,520.3,2388.16,8148.53,8.4898,0.03,396,2388,100.0,38.63,23.2605,72
67,242,0.0028,-0.0003,100.0,518.67,643.28,1597.21,1412.77,14.62,21.61,552.25,2388.17,9075.34,1.3,47.84,520.98,2388.12,8149.07,8.5127,0.03,393,2388,100.0,38.66,23.08,71
67,243,0.0017,0.0004,100.0,518.67,642.94,1598.45,1420.19,14.62,21.61,553.54,2388.11,9072.34,1.3,47.7,520.74,2388.14,8145.51,8.4754,0.03,393,2388,100.0,38.65,23.2006,70
67,244,-0.0031,0.0001,100.0,518.67,642.8,1592.05,1419.01,14.62,21.61,553.58,2388.08,9067.49,1.3,47.75,521.14,2388.14,8145.96,8.4682,0.03,393,2388,100.0,38.68,23.2201,69
67,245,-0.0014,0.0003,100.0,518.67,642.8,1598.22,1415.24,14.62,21.61,553.3,2388.11,9076.53,1.3,47.84,520.95,2388.16,8148.28,8.4766,0.03,395,2388,100.0,38.82,23.12,68
67,246,-0.0022,-0.0001,100.0,518.67,642.43,1589.53,1412.82,14.62,21.61,553.59,2388.17,9071.85,1.3,47.71,520.52,2388.12,8143.37,8.4535,0.03,392,2388,100.0,38.69,23.1875,67
67,247,-0.0027,-0.0004,100.0,518.67,643.04,1595.3,1415.73,14.62,21.61,552.3,2388.17,9073.25,1.3,47.78,520.95,2388.17,8147.4,8.4773,0.03,394,2388,100.0,38.76,23.2244,66
67,248,0.0023,-0.0004,100.0,518.67,642.84,1582.84,1413.89,14.62,21.61,553.31,2388.21,9078.24,1.3,47.63,520.82,2388.11,8147.28,8.487,0.03,394,2388,100.0,38.84,23.199,65
67,249,-0.0004,0.0004,100.0,518.67,642.69,1595.37,1417.38,14.62,21.61,551.99,2388.11,9066.63,1.3,47.78,520.27,2388.12,8147.77,8.45,0.03,394,2388,100.0,38.69,23.1637,64
67,250,0.0025,-0.0001,100.0,518.67,643.18,1595.97,1414.12,14.62,21.61,552.55,2388.15,9069.94,1.3,47.77,521.09,2388.13,8143.98,8.4969,0.03,395,2388,100.0,38.9,23.2547,63
67,251,0.0024,0.0001,100.0,518.67,643.23,1590.03,1416.3,14.62,21.61,552.73,2388.17,9070.79,1.3,47.71,520.32,2388.16,8144.31,8.4545,0.03,395,2388,100.0,38.76,23.2027,62
67,252,0.002,-0.0003,100.0,518.67,642.69,1599.56,1410.6,14.62,21.61,553.48,2388.18,9069.88,1.3,47.66,520.8,2388.1,8150.95,8.4664,0.03,394,2388,100.0,38.63,23.2736,61
67,253,-0.0,-0.0003,100.0,518.67,643.03,1598.26,1415.87,14.62,21.61,552.79,2388.12,9067.91,1.3,47.67,521.07,2388.15,8148.0,8.4699,0.03,394,2388,100.0,38.75,23.2075,60
67,254,0.0012,0.0001,100.0,518.67,642.75,1587.43,1416.38,14.62,21.61,552.48,2388.12,9064.29,1.3,47.9,520.31,2388.12,8138.78,8.4766,0.03,394,2388,100.0,38.59,23.1635,59
67,255,0.0014,0.0001,100.0,518.67,643.47,1596.55,1419.41,14.62,21.61,552.91,2388.1,9073.5,1.3,47.77,520.93,2388.12,8147.3,8.4671,0.03,394,2388,100.0,38.69,23.2194,58
67,256,0.0023,0.0005,100.0,518.67,642.75,1602.05,1420.66,14.62,21.61,552.66,2388.16,9064.63,1.3,47.73,520.85,2388.11,8153.93,8.4787,0.03,394,2388,100.0,38.72,23.2252,57
67,257,-0.0032,0.0001,100.0,518.67,643.22,1592.25,1419.45,14.62,21.61,553.13,2388.15,9065.79,1.3,47.8,520.82,2388.08,8151.59,8.4841,0.03,394,2388,100.0,38.62,23.2587,56
67,258,-0.0007,0.0005,100.0,518.67,643.12,1592.89,1418.95,14.62,21.61,552.1,2388.16,9069.71,1.3,47.73,520.46,2388.19,8146.95,8.4895,0.03,394,2388,100.0,38.77,23.1184,55
67,259,-0.0013,-0.0001,100.0,518.67,643.29,1600.46,1420.21,14.62,21.61,552.64,2388.16,9077.54,1.3,47.7,520.94,2388.15,8142.48,8.4572,0.03,395,2388,100.0,38.56,23.1598,54
67,260,-0.0011,-0.0003,100.0,518.67,642.94,1599.55,1415.08,14.62,21.61,552.03,2388.12,9070.48,1.3,47.96,521.19,2388.14,8146.43,8.46,0.03,396,2388,100.0,38.68,23.2286,53
67,261,-0.0014,0.0002,100.0,518.67,643.64,1597.1,1420.31,14.62,21.61,552.88,2388.15,9077.16,1.3,47.89,520.97,2388.13,8149.22,8.4875,0.03,394,2388,100.0,38.7,23.1442,52
67,262,0.0003,-0.0002,100.0,518.67,643.62,1599.98,1418.85,14.62,21.61,552.49,2388.15,9075.3,1.3,47.97,520.71,2388.12,8144.61,8.4961,0.03,395,2388,100.0,38.58,23.2283,51
67,263,0.001,-0.0003,100.0,518.67,643.52,1599.01,1419.32,14.62,21.61,552.59,2388.21,9071.53,1.3,47.88,520.57,2388.18,8156.04,8.4569,0.03,394,2388,100.0,38.66,23.1458,50
67,264,0.002,-0.0004,100.0,518.67,643.2,1595.02,1423.63,14.62,21.61,551.92,2388.14,9070.35,1.3,47.9,520.69,2388.19,8151.49,8.4797,0.03,395,2388,100.0,38.68,23.2163,49
67,265,0.001,-0.0001,100.0,518.67,643.13,1596.61,1412.31,14.62,21.61,552.49,2388.12,9067.23,1.3,47.95,520.49,2388.18,8146.89,8.4504,0.03,394,2388,100.0,38.74,23.3509,48
67,266,-0.0021,0.0003,100.0,518.67,642.88,1591.87,1417.61,14.62,21.61,552.65,2388.13,9075.09,1.3,47.81,520.66,2388.19,8146.29,8.4568,0.03,395,2388,100.0,38.73,23.1815,47
67,267,0.0018,-0.0001,100.0,518.67,643.39,1596.98,1421.7,14.62,21.61,551.7,2388.13,9070.1,1.3,47.89,519.95,2388.16,8146.71,8.4941,0.03,396,2388,100.0,38.75,23.2707,46
67,268,0.0008,0.0002,100.0,518.67,643.91,1599.06,1415.13,14.62,21.61,552.79,2388.17,9070.05,1.3,47.89,520.44,2388.15,8148.82,8.5148,0.03,394,2388,100.0,38.71,23.1268,45
67,269,0.0011,-0.0003,100.0,518.67,643.36,1592.94,1414.6,14.62,21.61,552.6,2388.18,9066.51,1.3,47.75,521.19,2388.16,8149.68,8.484,0.03,395,2388,100.0,38.75,23.2022,44
67,270,0.0038,-0.0002,100.0,518.67,642.92,1596.2,1421.71,14.62,21.61,552.54,2388.18,9069.09,1.3,47.89,520.76,2388.16,8145.74,8.4582,0.03,394,2388,100.0,38.54,23.1834,43
67,271,-0.0003,-0.0004,100.0,518.67,643.37,1595.6,1412.0,14.62,21.61,552.56,2388.15,9072.88,1.3,47.94,520.47,2388.23,8150.64,8.5021,0.03,397,2388,100.0,38.87,23.174,42
67,272,-0.0018,0.0,100.0,518.67,643.0,1601.78,1412.07,14.62,21.61,552.62,2388.2,9075.68,1.3,47.85,520.83,2388.16,8149.08,8.4677,0.03,395,2388,100.0,38.66,23.1387,41
67,273,-0.0033,0.0,100.0,518.67,643.79,1592.16,1416.15,14.62,21.61,551.67,2388.21,9068.76,1.3,47.87,520.41,2388.15,8147.29,8.4822,0.03,395,2388,100.0,38.59,23.1514,40
67,274,-0.0011,0.0004,100.0,518.67,643.27,1600.42,1424.83,14.62,21.61,552.79,2388.19,9071.16,1.3,47.81,520.55,2388.15,8146.25,8.5031,0.03,396,2388,100.0,38.79,23.0925,39
67,275,0.0018,-0.0002,100.0,518.67,642.85,1603.39,1417.96,14.62,21.61,552.56,2388.18,9071.9,1.3,47.81,520.94,2388.18,8146.17,8.4925,0.03,395,2388,100.0,38.44,23.0624,38
67,276,-0.0026,-0.0001,100.0,518.67,643.82,1600.4,1418.26,14.62,21.61,552.37,2388.2,9064.76,1.3,47.9,520.25,2388.2,8143.95,8.5015,0.03,395,2388,100.0,38.6,23.1886,37
67,277,-0.0024,-0.0002,100.0,518.67,643.25,1595.78,1422.12,14.62,21.61,552.14,2388.15,9071.46,1.3,47.91,520.31,2388.16,8143.82,8.4855,0.03,395,2388,100.0,38.51,23.1381,36
67,278,-0.0001,-0.0003,100.0,518.67,643.22,1601.43,1421.85,14.62,21.61,552.62,2388.17,9071.09,1.3,47.82,520.42,2388.22,8145.77,8.5042,0.03,397,2388,100.0,38.71,23.2301,35
67,279,-0.0006,0.0005,100.0,518.67,643.29,1600.74,1429.94,14.62,21.61,551.81,2388.14,9069.45,1.3,48.02,520.57,2388.15,8149.48,8.4641,0.03,394,2388,100.0,38.56,23.1972,34
67,280,-0.0036,0.0001,100.0,518.67,643.76,1598.26,1425.35,14.62,21.61,551.95,2388.18,9071.82,1.3,48.0,520.13,2388.22,8146.14,8.5108,0.03,396,2388,100.0,38.55,23.0819,33
67,281,-0.0017,0.0002,100.0,518.67,643.45,1594.16,1414.08,14.62,21.61,552.08,2388.18,9070.13,1.3,47.92,520.03,2388.18,8149.42,8.5119,0.03,394,2388,100.0,38.58,23.1945,32
67,282,-0.0,0.0002,100.0,518.67,643.38,1599.31,1422.98,14.62,21.61,552.23,2388.13,9068.2,1.3,48.02,520.58,2388.14,8146.9,8.5051,0.03,395,2388,100.0,38.58,23.1495,31
67,283,-0.005,0.0002,100.0,518.67,643.98,1595.7,1422.52,14.62,21.61,551.47,2388.21,9076.18,1.3,48.07,520.13,2388.2,8146.19,8.4757,0.03,395,2388,100.0,38.52,23.0871,30
67,284,-0.0007,0.0004,100.0,518.67,643.84,1594.78,1415.82,14.62,21.61,552.74,2388.19,9070.07,1.3,48.01,519.8,2388.21,8146.86,8.5058,0.03,396,2388,100.0,38.51,23.141,29
67,285,0.0028,-0.0003,100.0,518.67,643.11,1596.19,1420.49,14.62,21.61,551.71,2388.15,9072.02,1.3,47.77,520.41,2388.19,8148.59,8.5061,0.03,395,2388,100.0,38.65,23.0908,28
67,286,0.0022,0.0003,100.0,518.67,643.5,1597.98,1421.47,14.62,21.61,551.81,2388.15,9067.28,1.3,47.97,520.16,2388.17,8147.16,8.5185,0.03,395,2388,100.0,38.45,23.1018,27
67,287,0.0023,0.0005,100.0,518.67,643.85,1598.86,1427.22,14.62,21.61,552.03,2388.13,9073.44,1.3,47.98,519.99,2388.19,8150.18,8.4729,0.03,396,2388,100.0,38.62,23.1262,26
67,288,-0.0009,0.0003,100.0,518.67,643.24,1596.43,1420.24,14.62,21.61,551.65,2388.19,9075.28,1.3,47.84,520.27,2388.21,8147.93,8.4989,0.03,397,2388,100.0,38.63,23.0942,25
67,289,0.0002,0.0003,100.0,518.67,643.68,1596.19,1419.19,14.62,21.61,551.87,2388.19,9072.74,1.3,48.18,520.87,2388.14,8147.49,8.4768,0.03,395,2388,100.0,38.62,23.1663,24
67,290,0.0028,0.0004,100.0,518.67,643.37,1598.6,1411.52,14.62,21.61,551.88,2388.18,9072.3,1.3,47.87,520.34,2388.17,8142.28,8.501,0.03,395,2388,100.0,38.74,23.2099,23
67,291,-0.0044,0.0003,100.0,518.67,642.84,1594.42,1430.38,14.62,21.61,551.61,2388.23,9074.59,1.3,48.07,520.01,2388.15,8144.02,8.5021,0.03,396,2388,100.0,38.57,23.1356,22
67,292,-0.0033,-0.0004,100.0,518.67,643.24,1607.08,1426.02,14.62,21.61,551.52,2388.2,9075.14,1.3,48.12,520.44,2388.15,8145.36,8.4906,0.03,397,2388,100.0,38.75,23.1778,21
67,293,0.0008,0.0004,100.0,518.67,642.87,1600.54,1424.81,14.62,21.61,551.94,2388.21,9074.38,1.3,48.07,520.09,2388.22,8147.04,8.4794,0.03,395,2388,100.0,38.44,23.0708,20
67,294,0.0008,-0.0,100.0,518.67,643.62,1600.45,1422.07,14.62,21.61,551.56,2388.19,9080.76,1.3,48.15,519.61,2388.23,8151.06,8.4701,0.03,396,2388,100.0,38.55,23.0545,19
67,295,0.0022,0.0004,100.0,518.67,643.56,1601.74,1418.79,14.62,21.61,551.62,2388.2,9076.58,1.3,47.97,520.08,2388.16,8150.25,8.503,0.03,394,2388,100.0,38.53,23.1931,18
67,296,-0.002,0.0001,100.0,518.67,643.04,1610.32,1425.52,14.62,21.61,552.67,2388.22,9075.53,1.3,48.07,519.89,2388.2,8140.11,8.5363,0.03,397,2388,100.0,38.59,23.1769,17
67,297,0.0001,-0.0001,100.0,518.67,644.19,1600.7,1424.99,14.62,21.61,551.75,2388.2,9084.55,1.3,48.07,519.24,2388.19,8148.23,8.5129,0.03,395,2388,100.0,38.4,23.0046,16
67,298,-0.0028,-0.0004,100.0,518.67,643.34,1604.82,1431.85,14.62,21.61,552.09,2388.21,9076.23,1.3,47.88,520.06,2388.23,8146.52,8.5054,0.03,397,2388,100.0,38.7,23.0541,15
67,299,0.0027,-0.0001,100.0,518.67,643.65,1600.05,1419.12,14.62,21.61,551.1,2388.23,9082.87,1.3,48.03,520.11,2388.2,8149.68,8.5026,0.03,395,2388,100.0,38.52,23.098,14
67,300,-0.0044,-0.0004,100.0,518.67,643.58,1602.18,1424.93,14.62,21.61,551.47,2388.22,9078.07,1.3,48.2,520.16,2388.24,8144.09,8.5007,0.03,395,2388,100.0,38.51,22.9934,13
67,301,-0.0018,0.0004,100.0,518.67,643.3,1609.85,1431.12,14.62,21.61,551.51,2388.21,9077.22,1.3,48.09,519.84,2388.26,8143.38,8.5087,0.03,396,2388,100.0,38.44,23.2062,12
67,302,-0.0018,0.0002,100.0,518.67,643.78,1593.7,1422.47,14.62,21.61,551.08,2388.13,9075.35,1.3,48.07,520.03,2388.17,8146.13,8.5311,0.03,395,2388,100.0,38.6,23.1844,11
67,303,-0.0016,-0.0003,100.0,518.67,643.28,1602.62,1430.3,14.62,21.61,551.86,2388.22,9079.31,1.3,47.91,519.99,2388.21,8154.39,8.5157,0.03,397,2388,100.0,38.49,23.0572,10
67,304,0.003,-0.0001,100.0,518.67,644.14,1598.36,1426.61,14.62,21.61,552.31,2388.23,9077.61,1.3,48.26,519.68,2388.19,8147.76,8.5339,0.03,396,2388,100.0,38.37,23.071,9
67,305,0.0015,0.0001,100.0,518.67,643.17,1602.43,1427.97,14.62,21.61,552.15,2388.21,9073.04,1.3,47.89,520.34,2388.26,8144.46,8.5665,0.03,397,2388,100.0,38.46,23.1,8
67,306,-0.0015,-0.0,100.0,518.67,643.35,1595.82,1424.8,14.62,21.61,551.29,2388.22,9075.28,1.3,48.2,520.11,2388.21,8149.89,8.5205,0.03,397,2388,100.0,38.57,23.0662,7
67,307,-0.0012,-0.0004,100.0,518.67,643.76,1600.55,1426.73,14.62,21.61,551.92,2388.27,9073.28,1.3,47.92,519.77,2388.27,8145.5,8.5162,0.03,395,2388,100.0,38.64,23.1415,6
67,308,-0.0015,0.0004,100.0,518.67,643.72,1603.45,1429.87,14.62,21.61,550.48,2388.27,9081.02,1.3,48.02,520.24,2388.26,8148.52,8.4953,0.03,396,2388,100.0,38.65,23.0674,5
67,309,-0.0002,0.0001,100.0,518.67,643.64,1596.88,1426.89,14.62,21.61,551.1,2388.26,9072.93,1.3,48.18,519.52,2388.3,8146.97,8.5246,0.03,397,2388,100.0,38.52,23.0712,4
67,310,0.002,0.0003,100.0,518.67,643.17,1606.73,1436.56,14.62,21.61,550.92,2388.25,9069.83,1.3,48.18,520.18,2388.2,8150.97,8.4953,0.03,394,2388,100.0,38.52,23.0628,3
67,311,-0.0003,0.0002,100.0,518.67,643.83,1603.88,1423.76,14.62,21.61,551.71,2388.26,9079.55,1.3,48.02,519.68,2388.19,8147.78,8.5315,0.03,395,2388,100.0,38.49,23.0542,2
67,312,-0.001,-0.0002,100.0,518.67,643.4,1599.47,1434.77,14.62,21.61,551.29,2388.22,9077.67,1.3,48.17,520.07,2388.28,8147.69,8.5342,0.03,396,2388,100.0,38.44,23.1478,1
67,313,0.0009,-0.0003,100.0,518.67,643.57,1599.78,1424.96,14.62,21.61,551.3,2388.29,9074.14,1.3,48.28,520.29,2388.21,8146.04,8.5668,0.03,397,2388,100.0,38.45,23.1288,0
68,1,-0.0007,0.0003,100.0,518.67,642.25,1589.89,1408.15,14.62,21.61,553.31,2388.07,9065.09,1.3,47.29,521.73,2388.11,8141.65,8.4583,0.03,394,2388,100.0,38.71,23.3029,198
68,2,0.0019,0.0005,100.0,518.67,642.82,1586.51,1405.07,14.62,21.61,554.06,2388.1,9060.7,1.3,47.55,522.11,2388.05,8141.33,8.4402,0.03,393,2388,100.0,38.82,23.3188,197
68,3,-0.0019,0.0004,100.0,518.67,642.33,1584.78,1406.81,14.62,21.61,553.3,2388.12,9065.74,1.3,47.5,520.98,2388.09,8137.02,8.4029,0.03,394,2388,100.0,38.92,23.218,196
68,4,-0.0017,0.0002,100.0,518.67,642.23,1589.99,1402.66,14.62,21.61,553.77,2388.09,9058.19,1.3,47.43,521.56,2388.13,8145.1,8.4299,0.03,393,2388,100.0,38.89,23.2672,195
68,5,-0.0009,0.0005,100.0,518.67,642.84,1589.79,1401.77,14.62,21.61,554.16,2388.08,9056.63,1.3,47.42,521.91,2388.03,8143.1,8.4644,0.03,394,2388,100.0,38.86,23.3894,194
68,6,0.0023,-0.0004,100.0,518.67,642.53,1591.51,1410.22,14.62,21.61,553.41,2388.06,9061.79,1.3,47.29,521.79,2388.1,8148.48,8.4168,0.03,393,2388,100.0,38.83,23.3648,193
68,7,-0.0014,-0.0004,100.0,518.67,642.38,1583.83,1409.46,14.62,21.61,553.6,2388.07,9057.0,1.3,47.48,521.78,2388.1,8143.1,8.4428,0.03,393,2388,100.0,38.81,23.2661,192
68,8,-0.0011,-0.0001,100.0,518.67,642.53,1586.51,1394.3,14.62,21.61,554.03,2388.1,9063.88,1.3,47.29,521.27,2388.05,8142.12,8.4014,0.03,392,2388,100.0,38.84,23.2953,191
68,9,0.0002,0.0005,100.0,518.67,642.65,1588.43,1406.22,14.62,21.61,553.33,2388.07,9058.96,1.3,47.48,521.56,2388.1,8142.41,8.4291,0.03,394,2388,100.0,38.86,23.3536,190
68,10,0.0006,0.0005,100.0,518.67,642.3,1587.63,1408.46,14.62,21.61,554.08,2388.11,9065.14,1.3,47.58,521.47,2388.04,8140.83,8.4185,0.03,392,2388,100.0,38.9,23.3887,189
68,11,0.003,0.0001,100.0,518.67,642.89,1588.11,1412.51,14.62,21.61,554.08,2388.06,9059.76,1.3,47.33,521.98,2388.07,8145.18,8.4532,0.03,392,2388,100.0,38.88,23.3126,188
68,12,0.001,-0.0003,100.0,518.67,642.23,1590.82,1405.1,14.62,21.61,553.49,2388.09,9057.65,1.3,47.46,521.78,2388.07,8140.58,8.4493,0.03,393,2388,100.0,38.92,23.3478,187
68,13,0.002,0.0002,100.0,518.67,642.69,1589.59,1405.64,14.62,21.61,553.86,2388.07,9060.0,1.3,47.5,521.87,2388.03,8142.57,8.4653,0.03,393,2388,100.0,38.99,23.4064,186
68,14,-0.0004,-0.0004,100.0,518.67,642.85,1579.07,1406.61,14.62,21.61,554.0,2388.08,9063.11,1.3,47.36,522.04,2388.09,8142.12,8.4322,0.03,393,2388,100.0,38.97,23.2721,185
68,15,-0.0001,0.0005,100.0,518.67,642.41,1592.39,1400.94,14.62,21.61,553.45,2388.13,9060.61,1.3,47.37,522.01,2388.09,8137.87,8.449,0.03,393,2388,100.0,38.67,23.3774,184
68,16,-0.0003,-0.0,100.0,518.67,642.5,1587.92,1406.85,14.62,21.61,553.96,2388.07,9062.36,1.3,47.45,521.77,2388.07,8142.09,8.3828,0.03,392,2388,100.0,38.73,23.3839,183
68,17,0.0008,-0.0004,100.0,518.67,642.37,1589.08,1407.9,14.62,21.61,553.72,2388.11,9068.36,1.3,47.42,521.66,2388.06,8144.04,8.423,0.03,394,2388,100.0,38.87,23.4141,182
68,18,0.0006,-0.0003,100.0,518.67,642.78,1584.94,1402.62,14.62,21.61,554.23,2388.03,9060.23,1.3,47.39,521.66,2388.06,8140.3,8.4429,0.03,392,2388,100.0,39.04,23.355,181
68,19,-0.0008,0.0002,100.0,518.67,642.17,1585.56,1407.79,14.62,21.61,553.14,2388.05,9065.14,1.3,47.52,521.25,2388.04,8135.14,8.4374,0.03,394,2388,100.0,38.94,23.4006,180
68,20,0.0001,0.0001,100.0,518.67,642.84,1588.89,1412.39,14.62,21.61,554.15,2388.07,9065.85,1.3,47.35,522.02,2388.07,8143.35,8.43,0.03,393,2388,100.0,38.92,23.2132,179
68,21,0.0011,-0.0005,100.0,518.67,642.6,1595.95,1405.17,14.62,21.61,553.26,2388.06,9058.42,1.3,47.67,521.37,2388.06,8138.69,8.4371,0.03,393,2388,100.0,38.96,23.4632,178
68,22,-0.0014,-0.0004,100.0,518.67,642.89,1580.48,1401.22,14.62,21.61,554.17,2388.05,9055.42,1.3,47.58,521.73,2388.05,8146.56,8.4449,0.03,394,2388,100.0,38.57,23.3679,177
68,23,0.0014,0.0005,100.0,518.67,642.25,1593.69,1405.38,14.62,21.61,553.57,2388.13,9063.75,1.3,47.39,521.17,2388.12,8138.65,8.4038,0.03,392,2388,100.0,39.02,23.2638,176
68,24,0.0012,0.0005,100.0,518.67,642.55,1592.87,1406.39,14.62,21.61,554.01,2388.04,9066.38,1.3,47.51,521.61,2388.05,8143.39,8.3962,0.03,392,2388,100.0,38.66,23.3238,175
68,25,-0.0003,0.0,100.0,518.67,642.54,1590.99,1410.77,14.62,21.61,553.66,2388.06,9069.39,1.3,47.25,521.08,2388.1,8145.02,8.4204,0.03,393,2388,100.0,39.1,23.3636,174
68,26,0.0023,0.0005,100.0,518.67,642.29,1590.88,1408.65,14.62,21.61,553.28,2388.1,9064.42,1.3,47.52,521.71,2388.02,8142.21,8.4238,0.03,392,2388,100.0,38.79,23.2818,173
68,27,0.0003,0.0004,100.0,518.67,642.32,1582.9,1406.73,14.62,21.61,554.34,2388.08,9067.22,1.3,47.5,521.78,2388.07,8140.05,8.4203,0.03,392,2388,100.0,38.86,23.3234,172
68,28,0.0013,0.0,100.0,518.67,642.37,1588.42,1412.37,14.62,21.61,553.67,2388.06,9062.68,1.3,47.46,521.38,2388.05,8137.25,8.4095,0.03,392,2388,100.0,39.03,23.478,171
68,29,-0.0027,-0.0002,100.0,518.67,643.04,1590.67,1409.13,14.62,21.61,554.19,2388.04,9061.3,1.3,47.52,521.41,2387.99,8137.27,8.4082,0.03,392,2388,100.0,38.78,23.3078,170
68,30,0.0007,0.0002,100.0,518.67,642.57,1590.42,1406.73,14.62,21.61,553.92,2388.05,9063.37,1.3,47.51,521.68,2388.08,8135.58,8.4279,0.03,392,2388,100.0,38.94,23.2541,169
68,31,0.0003,-0.0,100.0,518.67,642.05,1591.26,1409.66,14.62,21.61,553.26,2388.08,9061.25,1.3,47.46,522.11,2388.0,8141.01,8.444,0.03,392,2388,100.0,38.79,23.3055,168
68,32,-0.0005,0.0001,100.0,518.67,642.32,1585.66,1401.7,14.62,21.61,553.08,2388.07,9062.87,1.3,47.43,522.04,2388.06,8142.53,8.4166,0.03,392,2388,100.0,38.83,23.3571,167
68,33,0.0026,-0.0001,100.0,518.67,642.94,1584.94,1402.85,14.62,21.61,554.4,2388.06,9060.83,1.3,47.44,522.08,2388.03,8147.72,8.4361,0.03,393,2388,100.0,38.98,23.4372,166
68,34,0.0007,0.0003,100.0,518.67,643.03,1593.34,1404.31,14.62,21.61,553.47,2388.1,9059.55,1.3,47.54,521.26,2388.1,8144.57,8.4445,0.03,392,2388,100.0,38.8,23.4838,165
68,35,0.0,0.0001,100.0,518.67,642.45,1586.72,1403.0,14.62,21.61,553.53,2388.07,9061.15,1.3,47.51,521.44,2388.07,8142.68,8.4582,0.03,394,2388,100.0,39.06,23.2859,164
68,36,-0.0016,-0.0004,100.0,518.67,642.54,1594.74,1407.48,14.62,21.61,552.88,2388.09,9060.97,1.3,47.25,521.5,2388.06,8139.25,8.4391,0.03,393,2388,100.0,38.9,23.2895,163
68,37,0.0048,-0.0003,100.0,518.67,642.4,1584.05,1405.49,14.62,21.61,553.89,2388.06,9060.82,1.3,47.52,521.63,2388.1,8145.63,8.4304,0.03,392,2388,100.0,38.92,23.3258,162
68,38,0.0019,-0.0,100.0,518.67,642.74,1589.65,1400.73,14.62,21.6,553.58,2388.05,9064.42,1.3,47.38,522.01,2388.11,8141.06,8.46,0.03,393,2388,100.0,38.85,23.3435,161
68,39,0.0001,-0.0001,100.0,518.67,642.85,1588.98,1400.3,14.62,21.61,553.51,2388.07,9061.28,1.3,47.54,521.75,2388.03,8142.22,8.4105,0.03,395,2388,100.0,38.95,23.4258,160
68,40,0.0001,0.0002,100.0,518.67,642.1,1586.49,1406.52,14.62,21.61,553.91,2388.08,9063.01,1.3,47.53,521.05,2388.08,8148.18,8.4325,0.03,393,2388,100.0,38.75,23.3531,159
68,41,0.0014,0.0002,100.0,518.67,642.31,1591.24,1407.75,14.62,21.61,553.17,2388.11,9062.14,1.3,47.52,521.66,2388.06,8141.87,8.436,0.03,391,2388,100.0,39.01,23.2595,158
68,42,-0.0014,0.0002,100.0,518.67,642.44,1584.92,1406.55,14.62,21.61,553.93,2388.07,9059.85,1.3,47.63,521.54,2388.07,8147.21,8.3959,0.03,390,2388,100.0,38.97,23.2835,157
68,43,0.0003,0.0003,100.0,518.67,642.84,1585.15,1404.49,14.62,21.61,553.12,2388.1,9064.26,1.3,47.25,521.9,2388.08,8142.88,8.4486,0.03,392,2388,100.0,38.81,23.4724,156
68,44,0.0026,0.0002,100.0,518.67,642.52,1591.09,1408.4,14.62,21.61,553.9,2388.08,9061.35,1.3,47.59,521.54,2388.15,8142.71,8.4176,0.03,393,2388,100.0,38.81,23.2369,155
68,45,0.0015,0.0003,100.0,518.67,642.63,1585.58,1400.04,14.62,21.61,553.73,2388.07,9068.1,1.3,47.43,521.56,2388.09,8146.22,8.4254,0.03,393,2388,100.0,38.77,23.2788,154
68,46,-0.0019,-0.0002,100.0,518.67,643.07,1584.74,1412.31,14.62,21.61,554.32,2388.09,9058.79,1.3,47.66,521.22,2388.08,8144.84,8.436,0.03,393,2388,100.0,38.85,23.2467,153
68,47,-0.0009,-0.0,100.0,518.67,643.15,1589.16,1406.08,14.62,21.61,554.09,2388.07,9067.14,1.3,47.44,521.62,2388.01,8143.59,8.4522,0.03,393,2388,100.0,38.92,23.3753,152
68,48,0.0013,0.0001,100.0,518.67,642.33,1597.59,1402.58,14.62,21.61,554.22,2388.06,9064.38,1.3,47.3,521.83,2388.02,8145.13,8.4038,0.03,393,2388,100.0,38.86,23.3714,151
68,49,0.001,-0.0002,100.0,518.67,642.42,1593.51,1405.3,14.62,21.61,553.84,2388.1,9062.2,1.3,47.34,521.37,2388.1,8141.43,8.437,0.03,392,2388,100.0,38.86,23.2895,150
68,50,0.0022,0.0001,100.0,518.67,642.53,1588.84,1406.86,14.62,21.61,554.54,2388.09,9063.87,1.3,47.49,522.4,2388.09,8146.1,8.456,0.03,391,2388,100.0,38.95,23.3229,149
68,51,0.0002,0.0001,100.0,518.67,642.58,1584.53,1407.15,14.62,21.61,552.4,2388.06,9065.56,1.3,47.56,522.07,2388.06,8139.51,8.4416,0.03,394,2388,100.0,38.99,23.383,148
68,52,-0.0012,-0.0004,100.0,518.67,642.91,1587.72,1408.49,14.62,21.61,553.96,2388.08,9065.06,1.3,47.28,521.5,2388.11,8139.4,8.4392,0.03,393,2388,100.0,38.75,23.3082,147
68,53,0.0016,0.0001,100.0,518.67,642.76,1588.45,1406.62,14.62,21.61,554.23,2388.08,9071.38,1.3,47.4,521.8,2388.05,8146.39,8.4475,0.03,392,2388,100.0,38.99,23.3435,146
68,54,0.0004,0.0,100.0,518.67,642.79,1586.56,1404.77,14.62,21.61,553.94,2388.08,9065.37,1.3,47.5,520.79,2388.13,8146.27,8.4542,0.03,392,2388,100.0,38.68,23.3399,145
68,55,0.0017,-0.0003,100.0,518.67,642.26,1590.46,1403.99,14.62,21.61,553.78,2388.07,9059.21,1.3,47.41,521.57,2388.06,8144.72,8.4485,0.03,393,2388,100.0,38.78,23.3563,144
68,56,0.0027,-0.0005,100.0,518.67,642.09,1590.98,1406.05,14.62,21.61,553.55,2388.05,9060.33,1.3,47.46,521.72,2388.09,8143.41,8.429,0.03,392,2388,100.0,38.72,23.254,143
68,57,-0.001,-0.0002,100.0,518.67,642.22,1593.71,1408.17,14.62,21.61,553.45,2388.09,9065.37,1.3,47.43,521.61,2388.07,8146.35,8.402,0.03,394,2388,100.0,38.78,23.2725,142
68,58,-0.0011,-0.0002,100.0,518.67,642.27,1589.32,1402.82,14.62,21.61,553.92,2388.09,9059.01,1.3,47.43,521.41,2388.06,8146.35,8.4551,0.03,394,2388,100.0,38.91,23.3516,141
68,59,-0.0012,-0.0001,100.0,518.67,642.83,1586.97,1409.66,14.62,21.61,553.43,2388.09,9066.96,1.3,47.56,521.51,2388.1,8146.81,8.4518,0.03,392,2388,100.0,38.87,23.371,140
68,60,0.0019,-0.0001,100.0,518.67,642.61,1585.23,1409.24,14.62,21.61,553.31,2388.08,9064.23,1.3,47.46,521.13,2388.07,8145.94,8.4492,0.03,391,2388,100.0,39.03,23.2653,139
68,61,-0.0019,-0.0002,100.0,518.67,642.56,1593.06,1402.86,14.62,21.61,553.74,2388.09,9062.58,1.3,47.37,521.91,2388.07,8141.09,8.4315,0.03,394,2388,100.0,38.86,23.3048,138
68,62,0.0048,0.0005,100.0,518.67,642.61,1592.93,1412.04,14.62,21.61,553.49,2388.14,9068.85,1.3,47.45,521.7,2388.05,8139.95,8.4441,0.03,394,2388,100.0,38.86,23.3056,137
68,63,0.0003,0.0002,100.0,518.67,642.83,1584.61,1420.38,14.62,21.61,552.99,2388.05,9064.85,1.3,47.52,521.22,2388.14,8142.99,8.4762,0.03,393,2388,100.0,38.77,23.3881,136
68,64,-0.0008,0.0005,100.0,518.67,642.36,1593.08,1407.7,14.62,21.61,554.61,2388.09,9061.58,1.3,47.47,521.84,2388.05,8145.58,8.4556,0.03,391,2388,100.0,38.67,23.3019,135
68,65,0.0015,-0.0004,100.0,518.67,643.03,1592.83,1406.89,14.62,21.61,553.59,2388.07,9062.05,1.3,47.47,521.35,2388.09,8137.63,8.4158,0.03,392,2388,100.0,38.77,23.3618,134
68,66,0.0003,-0.0004,100.0,518.67,642.41,1589.48,1407.0,14.62,21.61,553.95,2388.11,9060.63,1.3,47.58,521.43,2388.06,8140.78,8.4315,0.03,392,2388,100.0,38.72,23.2242,133
68,67,-0.0013,0.0003,100.0,518.67,642.97,1590.29,1400.02,14.62,21.61,553.46,2388.1,9066.49,1.3,47.66,521.56,2388.11,8145.52,8.424,0.03,392,2388,100.0,38.69,23.336,132
68,68,-0.0043,0.0003,100.0,518.67,642.27,1590.24,1415.01,14.62,21.61,552.91,2388.1,9067.68,1.3,47.57,521.52,2388.09,8149.23,8.4352,0.03,392,2388,100.0,38.94,23.25,131
68,69,-0.0007,-0.0,100.0,518.67,643.08,1586.99,1403.83,14.62,21.61,552.96,2388.1,9064.73,1.3,47.49,522.02,2388.05,8143.17,8.4571,0.03,393,2388,100.0,38.79,23.3981,130
68,70,-0.0026,-0.0003,100.0,518.67,642.46,1586.8,1407.66,14.62,21.61,554.21,2388.06,9069.47,1.3,47.27,521.8,2388.1,8146.34,8.4176,0.03,392,2388,100.0,38.96,23.333,129
68,71,0.0015,0.0005,100.0,518.67,643.29,1592.88,1403.79,14.62,21.61,554.06,2388.08,9070.31,1.3,47.61,521.46,2388.06,8142.27,8.4057,0.03,393,2388,100.0,38.96,23.2672,128
68,72,-0.0021,0.0,100.0,518.67,642.51,1593.37,1408.71,14.62,21.61,553.61,2388.08,9062.37,1.3,47.4,521.4,2388.04,8142.31,8.4127,0.03,393,2388,100.0,38.82,23.2958,127
68,73,0.0003,-0.0004,100.0,518.67,642.22,1588.26,1409.44,14.62,21.61,552.99,2388.09,9064.69,1.3,47.59,521.44,2388.09,8144.82,8.4414,0.03,394,2388,100.0,38.77,23.2504,126
68,74,-0.0007,0.0004,100.0,518.67,642.96,1589.26,1416.0,14.62,21.61,552.83,2388.08,9069.37,1.3,47.52,522.15,2388.09,8142.57,8.4416,0.03,392,2388,100.0,38.82,23.2726,125
68,75,-0.0036,0.0004,100.0,518.67,642.46,1591.72,1413.19,14.62,21.61,553.02,2388.09,9061.56,1.3,47.58,521.58,2388.03,8143.0,8.4842,0.03,393,2388,100.0,38.91,23.2257,124
68,76,-0.0011,0.0001,100.0,518.67,642.38,1587.56,1405.58,14.62,21.61,552.69,2388.09,9065.86,1.3,47.52,521.2,2388.09,8139.75,8.453,0.03,392,2388,100.0,38.97,23.2125,123
68,77,-0.0006,0.0001,100.0,518.67,642.94,1592.07,1406.05,14.62,21.61,553.99,2388.05,9068.32,1.3,47.69,521.62,2388.08,8148.16,8.3916,0.03,393,2388,100.0,38.79,23.2731,122
68,78,-0.0011,0.0004,100.0,518.67,642.67,1596.91,1404.32,14.62,21.61,553.52,2388.1,9064.71,1.3,47.45,521.79,2388.03,8144.61,8.4038,0.03,394,2388,100.0,38.82,23.2785,121
68,79,0.0015,-0.0001,100.0,518.67,642.13,1586.41,1406.53,14.62,21.61,553.44,2388.1,9068.81,1.3,47.24,521.63,2388.12,8141.24,8.4481,0.03,394,2388,100.0,38.74,23.324,120
68,80,0.0036,-0.0004,100.0,518.67,642.47,1583.95,1400.18,14.62,21.61,553.47,2388.1,9065.32,1.3,47.55,521.3,2388.09,8151.19,8.4431,0.03,393,2388,100.0,38.72,23.3171,119
68,81,-0.0016,0.0001,100.0,518.67,642.84,1587.13,1405.45,14.62,21.61,552.98,2388.03,9067.69,1.3,47.57,521.89,2388.1,8153.07,8.4455,0.03,392,2388,100.0,38.97,23.2581,118
68,82,-0.0011,0.0003,100.0,518.67,642.38,1587.56,1406.47,14.62,21.61,553.31,2388.08,9069.14,1.3,47.37,521.29,2388.1,8149.0,8.4406,0.03,394,2388,100.0,38.87,23.3165,117
68,83,0.0004,-0.0003,100.0,518.67,642.79,1594.49,1402.52,14.62,21.61,553.7,2388.06,9073.4,1.3,47.55,521.36,2388.08,8140.79,8.4291,0.03,392,2388,100.0,38.75,23.3627,116
68,84,0.0013,-0.0003,100.0,518.67,643.02,1589.81,1412.12,14.62,21.61,554.33,2388.14,9067.66,1.3,47.51,520.64,2388.09,8146.64,8.4735,0.03,394,2388,100.0,38.75,23.3139,115
68,85,-0.0029,-0.0004,100.0,518.67,642.68,1590.88,1407.14,14.62,21.61,553.84,2388.07,9074.28,1.3,47.54,521.47,2388.06,8147.4,8.4428,0.03,393,2388,100.0,39.09,23.2305,114
68,86,0.0025,-0.0,100.0,518.67,642.8,1584.19,1409.63,14.62,21.61,552.6,2388.09,9063.96,1.3,47.49,521.61,2388.09,8144.96,8.4497,0.03,396,2388,100.0,38.77,23.3753,113
68,87,-0.0023,0.0002,100.0,518.67,642.42,1589.45,1405.4,14.62,21.61,553.34,2388.11,9066.95,1.3,47.61,521.38,2388.09,8141.79,8.4454,0.03,393,2388,100.0,38.86,23.2357,112
68,88,-0.0006,-0.0002,100.0,518.67,642.55,1587.09,1406.99,14.62,21.61,553.72,2388.1,9065.76,1.3,47.57,520.8,2388.05,8152.01,8.4173,0.03,394,2388,100.0,38.76,23.2136,111
68,89,-0.0011,0.0001,100.0,518.67,643.13,1592.9,1414.58,14.62,21.61,553.39,2388.04,9067.65,1.3,47.45,521.39,2388.08,8147.63,8.4366,0.03,393,2388,100.0,38.85,23.3193,110
68,90,0.0018,-0.0,100.0,518.67,642.95,1590.46,1407.99,14.62,21.61,553.49,2388.11,9062.41,1.3,47.58,520.66,2388.09,8150.63,8.43,0.03,392,2388,100.0,38.89,23.3449,109
68,91,0.002,-0.0005,100.0,518.67,642.64,1589.39,1407.49,14.62,21.61,553.76,2388.07,9075.34,1.3,47.45,521.21,2388.08,8147.19,8.4572,0.03,393,2388,100.0,38.63,23.3315,108
68,92,-0.0012,0.0005,100.0,518.67,643.02,1589.08,1411.61,14.62,21.61,552.92,2388.07,9066.37,1.3,47.57,521.37,2388.07,8149.25,8.4747,0.03,393,2388,100.0,38.67,23.1994,107
68,93,0.0005,-0.0002,100.0,518.67,642.37,1585.57,1401.32,14.62,21.61,553.64,2388.06,9072.02,1.3,47.27,522.26,2388.05,8145.76,8.452,0.03,393,2388,100.0,38.94,23.198,106
68,94,-0.0053,-0.0001,100.0,518.67,642.06,1588.41,1406.08,14.62,21.61,553.67,2388.05,9076.4,1.3,47.57,521.61,2388.04,8148.29,8.4314,0.03,393,2388,100.0,38.82,23.3015,105
68,95,-0.0027,0.0001,100.0,518.67,641.76,1594.86,1413.12,14.62,21.61,553.38,2388.1,9065.93,1.3,47.4,521.48,2388.13,8143.78,8.4282,0.03,393,2388,100.0,38.78,23.211,104
68,96,0.0017,-0.0,100.0,518.67,642.84,1588.55,1410.32,14.62,21.6,553.37,2388.09,9069.47,1.3,47.45,521.84,2388.01,8150.88,8.4419,0.03,392,2388,100.0,38.85,23.285,103
68,97,-0.0009,0.0003,100.0,518.67,642.71,1590.86,1409.85,14.62,21.61,553.61,2388.08,9067.72,1.3,47.6,521.73,2388.11,8146.18,8.435,0.03,394,2388,100.0,38.84,23.3145,102
68,98,0.0022,-0.0002,100.0,518.67,642.76,1587.42,1411.17,14.62,21.61,553.32,2388.03,9067.46,1.3,47.63,521.85,2388.08,8145.42,8.4336,0.03,393,2388,100.0,38.85,23.2354,101
68,99,-0.0001,0.0004,100.0,518.67,642.13,1586.34,1399.85,14.62,21.61,552.83,2388.07,9066.1,1.3,47.45,521.82,2388.14,8146.58,8.4487,0.03,393,2388,100.0,38.86,23.2877,100
68,100,0.0034,-0.0001,100.0,518.67,642.42,1586.08,1411.82,14.62,21.61,554.26,2388.08,9068.76,1.3,47.5,521.18,2388.12,8154.54,8.4616,0.03,394,2388,100.0,38.84,23.375,99
68,101,-0.0039,0.0003,100.0,518.67,642.52,1586.5,1409.43,14.62,21.61,553.5,2388.08,9065.34,1.3,47.46,521.31,2388.09,8146.66,8.4552,0.03,395,2388,100.0,38.76,23.2836,98
68,102,0.0005,-0.0004,100.0,518.67,642.23,1586.12,1406.98,14.62,21.61,553.43,2388.1,9072.77,1.3,47.6,521.47,2388.12,8148.98,8.4288,0.03,395,2388,100.0,38.89,23.1281,97
68,103,-0.0035,0.0002,100.0,518.67,642.72,1593.54,1402.8,14.62,21.61,553.69,2388.1,9066.65,1.3,47.47,520.99,2388.1,8150.66,8.4248,0.03,394,2388,100.0,38.82,23.3068,96
68,104,-0.0041,-0.0004,100.0,518.67,642.74,1593.31,1411.92,14.62,21.61,553.47,2388.09,9078.01,1.3,47.53,521.2,2388.1,8145.18,8.457,0.03,395,2388,100.0,38.85,23.3644,95
68,105,-0.002,0.0001,100.0,518.67,642.82,1589.38,1413.14,14.62,21.61,553.09,2388.07,9073.59,1.3,47.53,521.24,2388.08,8152.25,8.4324,0.03,393,2388,100.0,38.84,23.3904,94
68,106,-0.0004,0.0003,100.0,518.67,642.81,1588.65,1409.05,14.62,21.61,553.74,2388.09,9066.16,1.3,47.56,521.66,2388.1,8151.15,8.465,0.03,393,2388,100.0,38.92,23.2625,93
68,107,-0.0028,-0.0001,100.0,518.67,642.62,1593.35,1407.06,14.62,21.61,553.25,2388.1,9078.71,1.3,47.53,521.2,2388.05,8149.4,8.4209,0.03,393,2388,100.0,38.76,23.3199,92
68,108,-0.0057,-0.0001,100.0,518.67,642.67,1588.96,1411.48,14.62,21.61,553.03,2388.09,9062.78,1.3,47.52,521.32,2388.08,8150.24,8.4553,0.03,395,2388,100.0,38.86,23.2257,91
68,109,-0.0002,0.0005,100.0,518.67,642.72,1585.16,1410.9,14.62,21.61,553.39,2388.13,9072.04,1.3,47.54,521.79,2388.11,8148.41,8.438,0.03,392,2388,100.0,38.68,23.2189,90
68,110,0.0001,0.0005,100.0,518.67,642.45,1592.66,1415.97,14.62,21.61,553.11,2388.06,9072.8,1.3,47.52,521.24,2388.08,8155.39,8.4586,0.03,392,2388,100.0,38.62,23.2826,89
68,111,0.0017,-0.0,100.0,518.67,642.69,1594.49,1415.61,14.62,21.61,553.11,2388.04,9081.79,1.3,47.5,520.96,2388.09,8152.72,8.4563,0.03,393,2388,100.0,38.86,23.3189,88
68,112,0.003,-0.0004,100.0,518.67,642.92,1589.1,1407.88,14.62,21.61,553.49,2388.08,9066.29,1.3,47.54,521.55,2388.11,8150.92,8.4388,0.03,395,2388,100.0,38.68,23.2873,87
68,113,-0.002,-0.0003,100.0,518.67,642.51,1583.97,1409.87,14.62,21.61,554.08,2388.09,9071.42,1.3,47.62,521.23,2388.07,8152.81,8.4295,0.03,392,2388,100.0,38.79,23.1445,86
68,114,-0.0014,0.0003,100.0,518.67,642.7,1588.71,1410.77,14.62,21.61,552.67,2388.02,9077.65,1.3,47.58,521.24,2388.12,8156.0,8.4364,0.03,394,2388,100.0,38.83,23.1313,85
68,115,-0.0006,-0.0004,100.0,518.67,642.42,1583.89,1411.2,14.62,21.61,552.9,2388.12,9076.32,1.3,47.71,521.6,2388.11,8154.72,8.4695,0.03,393,2388,100.0,38.62,23.2846,84
68,116,-0.0006,0.0002,100.0,518.67,642.46,1589.72,1408.78,14.62,21.61,552.57,2388.05,9069.59,1.3,47.46,521.59,2388.1,8154.46,8.4458,0.03,394,2388,100.0,38.76,23.2083,83
68,117,-0.0025,-0.0004,100.0,518.67,642.81,1585.78,1410.18,14.62,21.61,553.49,2388.11,9068.55,1.3,47.6,521.76,2388.06,8145.03,8.4445,0.03,392,2388,100.0,38.85,23.3389,82
68,118,0.0004,-0.0002,100.0,518.67,642.92,1586.93,1407.26,14.62,21.61,552.87,2388.05,9069.41,1.3,47.51,520.96,2388.09,8147.52,8.4925,0.03,394,2388,100.0,38.7,23.337,81
68,119,0.001,0.0001,100.0,518.67,643.42,1586.39,1402.63,14.62,21.61,552.94,2388.15,9078.93,1.3,47.48,521.64,2388.07,8156.55,8.4436,0.03,392,2388,100.0,38.9,23.2516,80
68,120,-0.0016,0.0003,100.0,518.67,642.1,1584.66,1414.08,14.62,21.61,553.11,2388.08,9078.45,1.3,47.69,521.36,2388.1,8156.81,8.4275,0.03,394,2388,100.0,38.77,23.2499,79
68,121,-0.0006,0.0005,100.0,518.67,642.38,1596.44,1407.18,14.62,21.61,553.2,2388.11,9074.75,1.3,47.57,521.57,2388.05,8149.72,8.4827,0.03,394,2388,100.0,38.77,23.2945,78
68,122,-0.0013,-0.0,100.0,518.67,642.79,1587.47,1411.54,14.62,21.61,553.42,2388.1,9077.54,1.3,47.34,521.44,2388.12,8149.87,8.4399,0.03,394,2388,100.0,38.73,23.2042,77
68,123,0.0,-0.0002,100.0,518.67,642.64,1584.43,1413.96,14.62,21.61,552.93,2388.08,9078.88,1.3,47.41,521.1,2388.08,8149.81,8.4464,0.03,392,2388,100.0,38.87,23.3225,76
68,124,0.004,-0.0004,100.0,518.67,643.13,1590.06,1414.61,14.62,21.61,552.88,2388.08,9080.73,1.3,47.77,520.48,2388.1,8148.21,8.4731,0.03,396,2388,100.0,38.54,23.3148,75
68,125,0.0011,0.0005,100.0,518.67,642.74,1590.03,1409.76,14.62,21.61,553.32,2388.14,9074.41,1.3,47.5,521.16,2388.13,8150.04,8.4722,0.03,394,2388,100.0,38.77,23.2933,74
68,126,-0.004,0.0005,100.0,518.67,642.82,1594.96,1416.0,14.62,21.61,553.62,2388.09,9078.5,1.3,47.72,521.31,2388.05,8156.09,8.4372,0.03,392,2388,100.0,38.86,23.3061,73
68,127,0.0028,-0.0004,100.0,518.67,642.97,1586.22,1418.29,14.62,21.61,552.44,2388.05,9079.58,1.3,47.64,521.52,2388.12,8154.38,8.436,0.03,393,2388,100.0,38.72,23.2747,72
68,128,0.001,0.0003,100.0,518.67,642.53,1586.84,1414.89,14.62,21.61,553.42,2388.1,9079.15,1.3,47.51,521.07,2388.12,8153.14,8.4708,0.03,394,2388,100.0,38.85,23.2122,71
68,129,-0.0013,-0.0005,100.0,518.67,642.48,1588.75,1416.49,14.62,21.61,552.3,2388.1,9079.86,1.3,47.68,520.95,2388.08,8155.87,8.4533,0.03,392,2388,100.0,38.81,23.16,70
68,130,-0.0024,-0.0002,100.0,518.67,642.83,1592.31,1405.26,14.62,21.61,553.09,2388.07,9076.39,1.3,47.61,521.48,2388.11,8153.35,8.4446,0.03,394,2388,100.0,38.72,23.359,69
68,131,0.0027,-0.0001,100.0,518.67,643.25,1588.15,1408.54,14.62,21.61,552.98,2388.04,9084.79,1.3,47.61,521.32,2388.12,8155.26,8.4601,0.03,393,2388,100.0,38.92,23.2423,68
68,132,-0.0012,-0.0001,100.0,518.67,643.03,1590.87,1412.38,14.62,21.61,552.73,2388.07,9081.46,1.3,47.47,521.82,2388.07,8156.91,8.4572,0.03,395,2388,100.0,38.86,23.2744,67
68,133,0.0026,-0.0002,100.0,518.67,643.06,1596.81,1408.67,14.62,21.61,553.27,2388.11,9077.38,1.3,47.65,520.98,2388.06,8159.61,8.4511,0.03,393,2388,100.0,38.78,23.4225,66
68,134,0.0038,0.0003,100.0,518.67,642.64,1586.29,1412.43,14.62,21.61,553.03,2388.09,9079.92,1.3,47.74,521.16,2388.07,8159.61,8.4353,0.03,395,2388,100.0,38.82,23.2738,65
68,135,0.0005,-0.0004,100.0,518.67,643.14,1593.72,1410.76,14.62,21.61,552.92,2388.11,9075.99,1.3,47.68,521.31,2388.16,8157.98,8.4203,0.03,393,2388,100.0,38.7,23.1999,64
68,136,-0.0002,-0.0004,100.0,518.67,643.2,1594.74,1413.89,14.62,21.61,553.18,2388.11,9077.93,1.3,47.59,521.28,2388.05,8161.91,8.474,0.03,394,2388,100.0,38.63,23.1852,63
68,137,-0.0037,-0.0005,100.0,518.67,642.92,1598.82,1413.64,14.62,21.61,552.37,2388.11,9083.17,1.3,47.63,521.66,2388.06,8160.18,8.4422,0.03,395,2388,100.0,38.7,23.2812,62
68,138,-0.0011,0.0001,100.0,518.67,642.68,1592.53,1418.13,14.62,21.61,553.13,2388.09,9087.46,1.3,47.77,520.93,2388.08,8166.45,8.4598,0.03,395,2388,100.0,38.85,23.2376,61
68,139,0.0015,-0.0004,100.0,518.67,643.26,1587.58,1415.41,14.62,21.61,553.6,2388.03,9086.43,1.3,47.44,520.99,2388.05,8163.16,8.471,0.03,395,2388,100.0,38.77,23.2206,60
68,140,0.0045,-0.0001,100.0,518.67,643.05,1587.74,1412.44,14.62,21.61,553.35,2388.06,9081.49,1.3,47.6,521.75,2388.08,8157.15,8.4587,0.03,395,2388,100.0,38.98,23.1217,59
68,141,0.0006,-0.0004,100.0,518.67,642.79,1588.35,1410.54,14.62,21.61,553.24,2388.1,9084.9,1.3,47.75,521.2,2388.12,8160.96,8.4271,0.03,393,2388,100.0,38.86,23.3622,58
68,142,0.0018,-0.0002,100.0,518.67,642.99,1587.2,1410.23,14.62,21.61,553.17,2388.09,9079.88,1.3,47.68,521.22,2388.09,8156.23,8.436,0.03,392,2388,100.0,38.72,23.3187,57
68,143,-0.0033,0.0,100.0,518.67,642.97,1597.63,1415.83,14.62,21.61,552.81,2388.1,9085.6,1.3,47.76,520.57,2388.1,8166.44,8.4619,0.03,392,2388,100.0,38.7,23.1373,56
68,144,0.0043,0.0002,100.0,518.67,642.48,1594.57,1414.06,14.62,21.61,553.01,2388.08,9087.87,1.3,47.71,520.87,2388.11,8160.8,8.4841,0.03,393,2388,100.0,38.7,23.2667,55
68,145,-0.0003,-0.0002,100.0,518.67,642.77,1593.85,1416.73,14.62,21.61,553.11,2388.09,9088.72,1.3,47.58,521.22,2388.12,8158.94,8.4569,0.03,396,2388,100.0,38.83,23.2507,54
68,146,0.0011,-0.0002,100.0,518.67,642.95,1591.57,1408.19,14.62,21.61,552.15,2388.1,9092.71,1.3,47.85,520.99,2388.14,8162.1,8.4628,0.03,395,2388,100.0,38.78,23.1018,53
68,147,0.0025,-0.0,100.0,518.67,642.51,1587.22,1406.41,14.62,21.61,553.22,2388.08,9086.73,1.3,47.9,521.61,2388.11,8166.92,8.4233,0.03,394,2388,100.0,38.74,23.2362,52
68,148,0.0,-0.0001,100.0,518.67,642.54,1599.19,1412.54,14.62,21.61,553.06,2388.13,9081.37,1.3,47.58,520.77,2388.13,8160.58,8.4509,0.03,394,2388,100.0,38.68,23.1724,51
68,149,-0.0026,0.0002,100.0,518.67,642.6,1590.77,1413.57,14.62,21.61,553.62,2388.11,9090.3,1.3,47.61,521.27,2388.09,8165.41,8.4919,0.03,394,2388,100.0,38.66,23.2175,50
68,150,0.0008,-0.0003,100.0,518.67,642.54,1598.49,1405.79,14.62,21.61,552.96,2388.15,9094.66,1.3,47.85,521.37,2388.1,8162.88,8.4689,0.03,393,2388,100.0,38.72,23.0625,49
68,151,-0.0018,0.0001,100.0,518.67,643.01,1596.73,1416.46,14.62,21.61,552.67,2388.07,9098.53,1.3,47.58,520.91,2388.1,8162.65,8.4852,0.03,394,2388,100.0,38.74,23.2455,48
68,152,-0.0006,0.0,100.0,518.67,643.56,1596.76,1414.95,14.62,21.61,553.32,2388.06,9090.86,1.3,47.69,520.98,2388.12,8166.62,8.4638,0.03,394,2388,100.0,38.65,23.2182,47
68,153,-0.0068,-0.0001,100.0,518.67,643.2,1592.85,1414.54,14.62,21.61,552.84,2388.14,9095.0,1.3,47.61,521.46,2388.06,8163.61,8.4116,0.03,395,2388,100.0,38.9,23.2545,46
68,154,-0.0008,0.0005,100.0,518.67,642.99,1603.21,1412.99,14.62,21.61,552.8,2388.08,9099.02,1.3,47.66,520.7,2388.1,8164.72,8.5085,0.03,394,2388,100.0,38.81,23.2838,45
68,155,-0.0012,0.0002,100.0,518.67,643.15,1597.08,1419.45,14.62,21.61,553.29,2388.04,9094.47,1.3,47.68,521.15,2388.12,8168.5,8.447,0.03,394,2388,100.0,38.69,23.2754,44
68,156,-0.0028,0.0001,100.0,518.67,643.51,1597.49,1418.19,14.62,21.61,552.46,2388.09,9087.62,1.3,47.87,520.47,2388.08,8162.83,8.4469,0.03,393,2388,100.0,38.6,23.2617,43
68,157,-0.0002,0.0003,100.0,518.67,642.84,1596.18,1417.33,14.62,21.61,554.08,2388.04,9092.28,1.3,47.74,520.97,2388.1,8180.38,8.4704,0.03,395,2388,100.0,38.66,23.1663,42
68,158,0.0005,-0.0001,100.0,518.67,643.31,1598.51,1423.15,14.62,21.61,552.92,2388.06,9095.57,1.3,47.69,520.78,2388.13,8168.04,8.4584,0.03,395,2388,100.0,38.75,23.2099,41
68,159,-0.0012,-0.0003,100.0,518.67,643.21,1596.99,1408.98,14.62,21.61,553.17,2388.11,9095.43,1.3,47.66,521.08,2388.13,8172.02,8.4716,0.03,394,2388,100.0,38.73,23.3332,40
68,160,-0.0001,-0.0003,100.0,518.67,643.46,1597.81,1417.61,14.62,21.61,552.72,2388.11,9098.29,1.3,47.7,520.8,2388.09,8173.52,8.4723,0.03,395,2388,100.0,38.74,23.0927,39
68,161,-0.002,0.0005,100.0,518.67,642.77,1598.47,1425.22,14.62,21.61,552.51,2388.11,9096.48,1.3,47.96,521.02,2388.08,8173.36,8.4385,0.03,395,2388,100.0,38.76,23.2859,38
68,162,0.0006,-0.0002,100.0,518.67,642.95,1597.99,1415.49,14.62,21.61,553.21,2388.09,9105.89,1.3,47.98,520.66,2388.09,8173.89,8.5096,0.03,394,2388,100.0,38.54,23.2143,37
68,163,0.0009,-0.0003,100.0,518.67,642.71,1591.85,1412.91,14.62,21.61,552.51,2388.07,9111.55,1.3,47.86,519.98,2388.16,8178.18,8.4543,0.03,393,2388,100.0,38.71,23.1931,36
68,164,0.0006,0.0,100.0,518.67,643.21,1593.4,1421.24,14.62,21.61,553.21,2388.09,9104.19,1.3,47.71,520.68,2388.05,8174.3,8.4309,0.03,397,2388,100.0,38.64,23.1595,35
68,165,-0.0002,0.0002,100.0,518.67,643.03,1593.99,1414.63,14.62,21.61,553.33,2388.12,9102.33,1.3,47.7,520.95,2388.19,8177.82,8.4872,0.03,394,2388,100.0,38.61,23.2104,34
68,166,0.0018,0.0004,100.0,518.67,643.5,1587.86,1414.2,14.62,21.61,552.68,2388.11,9104.0,1.3,47.77,520.8,2388.14,8177.58,8.4658,0.03,396,2388,100.0,38.49,23.2182,33
68,167,-0.0047,-0.0004,100.0,518.67,643.57,1598.94,1418.0,14.62,21.61,552.41,2388.11,9108.65,1.3,47.59,520.76,2388.13,8173.95,8.4886,0.03,396,2388,100.0,38.63,23.256,32
68,168,-0.0002,-0.0004,100.0,518.67,642.86,1598.35,1426.45,14.62,21.61,552.03,2388.09,9102.7,1.3,47.69,521.2,2388.08,8187.51,8.466,0.03,395,2388,100.0,38.64,23.2538,31
68,169,-0.0014,0.0002,100.0,518.67,643.79,1601.08,1417.88,14.62,21.61,552.93,2388.13,9109.89,1.3,47.55,520.29,2388.13,8174.15,8.4487,0.03,394,2388,100.0,38.64,23.0898,30
68,170,-0.0011,-0.0005,100.0,518.67,643.01,1595.7,1417.87,14.62,21.61,552.6,2388.14,9116.59,1.3,47.72,521.02,2388.13,8183.25,8.5002,0.03,395,2388,100.0,38.61,23.155,29
68,171,-0.0016,-0.0003,100.0,518.67,642.88,1594.03,1417.09,14.62,21.61,552.11,2388.12,9113.79,1.3,47.62,520.98,2388.11,8182.38,8.4836,0.03,396,2388,100.0,38.58,23.0947,28
68,172,0.0017,0.0003,100.0,518.67,642.86,1596.64,1416.84,14.62,21.61,552.62,2388.11,9116.61,1.3,47.97,520.79,2388.09,8183.32,8.4869,0.03,393,2388,100.0,38.78,23.2697,27
68,173,-0.004,0.0002,100.0,518.67,643.3,1593.78,1418.89,14.62,21.61,552.98,2388.1,9118.28,1.3,47.74,520.56,2388.07,8183.25,8.5146,0.03,394,2388,100.0,38.65,23.1869,26
68,174,-0.0015,0.0005,100.0,518.67,643.1,1600.09,1420.91,14.62,21.61,552.55,2388.09,9116.66,1.3,47.76,520.75,2388.09,8183.17,8.4999,0.03,396,2388,100.0,38.53,23.1441,25
68,175,0.0038,0.0004,100.0,518.67,643.23,1599.6,1419.41,14.62,21.61,551.46,2388.14,9126.73,1.3,47.72,521.26,2388.04,8186.51,8.4752,0.03,395,2388,100.0,38.45,23.2203,24
68,176,0.0026,0.0,100.0,518.67,643.12,1596.07,1423.26,14.62,21.61,552.1,2388.14,9117.67,1.3,47.85,520.86,2388.16,8192.35,8.4703,0.03,396,2388,100.0,38.57,23.1056,23
68,177,-0.0005,-0.0,100.0,518.67,643.03,1597.77,1424.59,14.62,21.61,552.59,2388.13,9118.73,1.3,47.72,520.63,2388.13,8186.71,8.4948,0.03,395,2388,100.0,38.55,23.2355,22
68,178,0.001,-0.0002,100.0,518.67,643.11,1596.99,1419.61,14.62,21.61,551.86,2388.09,9119.64,1.3,47.9,520.68,2388.12,8193.78,8.5144,0.03,395,2388,100.0,38.62,23.0959,21
68,179,0.0051,0.0003,100.0,518.67,643.1,1596.49,1427.75,14.62,21.61,552.78,2388.13,9119.46,1.3,47.96,520.16,2388.13,8192.16,8.5057,0.03,395,2388,100.0,38.72,23.0613,20
68,180,0.0041,-0.0004,100.0,518.67,643.07,1602.36,1416.16,14.62,21.61,552.14,2388.15,9116.74,1.3,47.88,520.6,2388.17,8189.66,8.4941,0.03,394,2388,100.0,38.69,23.1611,19
68,181,0.002,0.0001,100.0,518.67,643.29,1592.47,1421.84,14.62,21.61,551.84,2388.15,9119.86,1.3,48.08,520.16,2388.15,8190.86,8.4817,0.03,396,2388,100.0,38.44,23.1366,18
68,182,0.0032,0.0003,100.0,518.67,643.23,1599.62,1412.31,14.62,21.61,552.14,2388.12,9134.2,1.3,47.81,520.53,2388.18,8196.8,8.4785,0.03,395,2388,100.0,38.43,23.184,17
68,183,0.0022,0.0003,100.0,518.67,643.86,1596.02,1423.96,14.62,21.61,552.46,2388.16,9128.37,1.3,47.93,520.58,2388.19,8199.66,8.5036,0.03,396,2388,100.0,38.51,23.064,16
68,184,-0.003,0.0005,100.0,518.67,643.62,1596.68,1427.77,14.62,21.61,552.58,2388.13,9135.26,1.3,47.77,519.79,2388.12,8201.15,8.5409,0.03,395,2388,100.0,38.68,23.1706,15
68,185,0.0011,0.0001,100.0,518.67,643.34,1597.92,1423.39,14.62,21.61,551.75,2388.13,9128.6,1.3,47.79,520.21,2388.16,8199.62,8.5232,0.03,395,2388,100.0,38.63,23.1314,14
68,186,0.0012,0.0005,100.0,518.67,643.72,1602.32,1421.26,14.62,21.61,552.61,2388.11,9130.18,1.3,47.89,520.17,2388.15,8203.82,8.5008,0.03,395,2388,100.0,38.69,23.11,13
68,187,-0.001,0.0004,100.0,518.67,643.94,1608.22,1420.22,14.62,21.61,551.99,2388.16,9143.25,1.3,47.9,520.9,2388.1,8207.12,8.4587,0.03,394,2388,100.0,38.46,23.0604,12
68,188,-0.0033,0.0001,100.0,518.67,643.73,1603.63,1433.65,14.62,21.61,551.99,2388.13,9138.64,1.3,48.07,520.5,2388.17,8209.39,8.5214,0.03,396,2388,100.0,38.43,23.2017,11
68,189,0.0031,-0.0002,100.0,518.67,643.85,1607.81,1421.73,14.62,21.61,552.24,2388.14,9139.01,1.3,48.14,520.69,2388.07,8206.12,8.4776,0.03,395,2388,100.0,38.36,23.1627,10
68,190,-0.0031,0.0004,100.0,518.67,643.79,1596.92,1429.45,14.62,21.61,552.93,2388.16,9141.22,1.3,47.94,520.4,2388.19,8202.29,8.5098,0.03,395,2388,100.0,38.66,23.1143,9
68,191,0.0015,-0.0002,100.0,518.67,643.57,1606.71,1421.81,14.62,21.61,552.1,2388.12,9147.27,1.3,47.99,520.06,2388.14,8214.13,8.5127,0.03,398,2388,100.0,38.61,23.0998,8
68,192,-0.0003,-0.0004,100.0,518.67,643.36,1597.02,1432.07,14.62,21.61,551.68,2388.1,9138.57,1.3,47.81,520.66,2388.18,8208.49,8.4559,0.03,395,2388,100.0,38.54,22.9872,7
68,193,-0.0011,0.0003,100.0,518.67,643.35,1599.87,1421.07,14.62,21.61,552.12,2388.12,9144.8,1.3,48.05,520.35,2388.19,8213.25,8.5158,0.03,395,2388,100.0,38.57,23.1071,6
68,194,-0.0024,-0.0004,100.0,518.67,643.4,1604.79,1430.98,14.62,21.61,552.23,2388.16,9149.24,1.3,48.13,520.42,2388.19,8213.49,8.5249,0.03,397,2388,100.0,38.33,23.0805,5
68,195,-0.0014,-0.0,100.0,518.67,643.49,1602.36,1423.14,14.62,21.61,552.14,2388.15,9163.16,1.3,48.07,520.48,2388.14,8217.95,8.5257,0.03,396,2388,100.0,38.29,23.0226,4
68,196,-0.0017,-0.0005,100.0,518.67,643.74,1604.93,1428.54,14.62,21.61,551.85,2388.15,9154.59,1.3,48.12,520.43,2388.11,8221.66,8.5285,0.03,398,2388,100.0,38.33,23.1495,3
68,197,0.0018,-0.0002,100.0,518.67,643.83,1593.46,1427.03,14.62,21.61,551.44,2388.17,9156.8,1.3,48.41,520.2,2388.18,8221.9,8.4921,0.03,397,2388,100.0,38.36,23.095,2
68,198,-0.0017,0.0001,100.0,518.67,643.88,1614.72,1428.79,14.62,21.61,552.04,2388.27,9161.2,1.3,48.16,519.98,2388.18,8226.67,8.5263,0.03,396,2388,100.0,38.44,23.08,1
68,199,-0.0037,-0.0004,100.0,518.67,643.88,1609.59,1430.17,14.62,21.61,551.47,2388.2,9158.41,1.3,48.16,519.72,2388.14,8226.34,8.5196,0.03,395,2388,100.0,38.4,23.0888,0
69,1,-0.0014,-0.0001,100.0,518.67,641.96,1587.1,1400.65,14.62,21.61,553.68,2388.0,9054.19,1.3,47.34,522.03,2388.03,8136.88,8.4094,0.03,392,2388,100.0,38.87,23.4081,361
69,2,-0.0003,-0.0004,100.0,518.67,641.5,1594.24,1401.54,14.62,21.61,554.22,2388.04,9057.57,1.3,47.26,522.08,2388.08,8139.88,8.4172,0.03,392,2388,100.0,39.02,23.4189,360
69,3,0.0006,-0.0003,100.0,518.67,642.73,1585.41,1405.22,14.62,21.61,554.11,2388.04,9052.77,1.3,47.35,522.05,2388.06,8136.42,8.3869,0.03,392,2388,100.0,38.82,23.3756,359
69,4,-0.0001,-0.0003,100.0,518.67,642.0,1586.57,1408.44,14.62,21.61,553.84,2388.03,9061.89,1.3,47.35,521.63,2388.05,8142.92,8.389,0.03,391,2388,100.0,38.99,23.2744,358
69,5,0.0026,0.0002,100.0,518.67,642.37,1582.6,1403.07,14.62,21.61,554.0,2388.06,9064.65,1.3,47.34,522.31,2388.07,8138.93,8.4042,0.03,392,2388,100.0,38.87,23.3195,357
69,6,-0.0038,0.0004,100.0,518.67,642.66,1586.89,1399.12,14.62,21.61,554.06,2388.0,9053.99,1.3,47.39,521.97,2388.03,8142.62,8.3786,0.03,392,2388,100.0,39.09,23.469,356
69,7,0.0002,0.0001,100.0,518.67,641.86,1581.58,1399.02,14.62,21.61,553.9,2388.02,9062.66,1.3,47.3,522.14,2388.04,8138.17,8.414,0.03,391,2388,100.0,38.96,23.3916,355
69,8,-0.0011,-0.0003,100.0,518.67,642.24,1581.77,1402.42,14.62,21.61,554.48,2388.03,9061.03,1.3,47.39,522.21,2388.01,8136.31,8.4132,0.03,393,2388,100.0,38.77,23.4313,354
69,9,0.0008,0.0002,100.0,518.67,642.53,1582.27,1399.12,14.62,21.61,553.57,2388.0,9056.76,1.3,47.5,522.66,2388.03,8139.81,8.4297,0.03,391,2388,100.0,39.05,23.3284,353
69,10,-0.0007,-0.0001,100.0,518.67,642.2,1586.82,1405.68,14.62,21.61,553.92,2388.04,9063.43,1.3,47.42,522.31,2388.02,8144.09,8.4457,0.03,393,2388,100.0,38.88,23.3153,352
69,11,0.0,-0.0003,100.0,518.67,642.5,1594.77,1406.42,14.62,21.61,554.17,2388.05,9056.9,1.3,47.43,522.29,2388.1,8133.74,8.4304,0.03,393,2388,100.0,38.92,23.4431,351
69,12,-0.0025,0.0,100.0,518.67,642.22,1588.72,1399.64,14.62,21.61,553.62,2388.11,9060.31,1.3,47.31,522.23,2388.05,8137.3,8.4514,0.03,392,2388,100.0,38.84,23.2182,350
69,13,0.0003,-0.0004,100.0,518.67,642.34,1589.66,1398.65,14.62,21.61,553.81,2388.1,9056.77,1.3,47.35,521.6,2388.04,8135.03,8.4058,0.03,391,2388,100.0,38.92,23.4015,349
69,14,0.0022,0.0003,100.0,518.67,642.17,1591.26,1402.76,14.62,21.61,553.88,2388.06,9055.95,1.3,47.18,521.53,2388.11,8138.6,8.4368,0.03,392,2388,100.0,38.9,23.3457,348
69,15,-0.0059,0.0001,100.0,518.67,642.06,1585.51,1404.58,14.62,21.61,553.62,2388.05,9054.82,1.3,47.47,521.72,2388.02,8138.64,8.4268,0.03,390,2388,100.0,38.98,23.3993,347
69,16,0.0004,0.0002,100.0,518.67,642.51,1583.93,1406.63,14.62,21.61,553.9,2388.08,9067.7,1.3,47.29,522.37,2388.03,8138.65,8.4132,0.03,391,2388,100.0,38.85,23.3434,346
69,17,-0.0023,-0.0002,100.0,518.67,642.09,1586.48,1402.52,14.62,21.61,554.32,2388.06,9053.41,1.3,47.27,522.14,2388.05,8147.33,8.4084,0.03,392,2388,100.0,38.98,23.521,345
69,18,0.0016,0.0004,100.0,518.67,642.63,1593.01,1398.91,14.62,21.61,554.41,2388.08,9063.0,1.3,47.33,521.94,2388.02,8140.57,8.4055,0.03,392,2388,100.0,38.87,23.424,344
69,19,0.0018,-0.0001,100.0,518.67,642.48,1583.71,1402.07,14.62,21.61,554.34,2388.03,9063.62,1.3,47.41,521.54,2388.06,8140.27,8.4271,0.03,392,2388,100.0,38.99,23.4281,343
69,20,-0.0005,-0.0002,100.0,518.67,642.95,1580.85,1401.35,14.62,21.61,553.46,2388.03,9058.34,1.3,47.41,522.3,2388.03,8146.28,8.3883,0.03,392,2388,100.0,38.89,23.4506,342
69,21,0.001,-0.0001,100.0,518.67,642.61,1582.64,1400.83,14.62,21.61,554.47,2388.04,9061.93,1.3,47.31,521.45,2388.02,8143.26,8.4128,0.03,392,2388,100.0,38.98,23.2773,341
69,22,-0.0011,0.0005,100.0,518.67,642.47,1583.51,1408.57,14.62,21.61,553.72,2387.99,9059.64,1.3,47.3,522.15,2388.04,8140.42,8.4106,0.03,390,2388,100.0,38.9,23.392,340
69,23,0.0014,0.0002,100.0,518.67,641.96,1587.87,1398.51,14.62,21.61,553.85,2388.07,9060.78,1.3,47.21,522.08,2388.07,8138.76,8.4135,0.03,391,2388,100.0,38.98,23.243,339
69,24,0.0013,-0.0004,100.0,518.67,642.03,1594.35,1404.97,14.62,21.61,553.7,2388.04,9059.9,1.3,47.25,521.44,2388.05,8143.0,8.406,0.03,393,2388,100.0,39.01,23.4064,338
69,25,-0.0006,-0.0002,100.0,518.67,642.98,1582.81,1402.96,14.62,21.61,553.52,2388.0,9067.34,1.3,47.3,521.81,2388.05,8141.24,8.3933,0.03,392,2388,100.0,39.04,23.4213,337
69,26,0.0006,0.0004,100.0,518.67,643.05,1582.02,1401.56,14.62,21.61,553.55,2388.05,9050.56,1.3,47.4,521.81,2388.03,8139.07,8.4684,0.03,392,2388,100.0,38.9,23.4005,336
69,27,0.0005,0.0004,100.0,518.67,642.46,1589.72,1397.94,14.62,21.61,553.9,2388.03,9053.93,1.3,47.24,521.82,2388.0,8142.27,8.4161,0.03,391,2388,100.0,38.93,23.4205,335
69,28,-0.0053,-0.0004,100.0,518.67,642.39,1583.78,1397.51,14.62,21.61,555.41,2388.02,9051.95,1.3,47.39,521.73,2388.09,8140.09,8.3993,0.03,392,2388,100.0,38.89,23.4389,334
69,29,-0.0006,-0.0001,100.0,518.67,642.02,1591.48,1403.56,14.62,21.61,553.71,2388.04,9062.09,1.3,47.3,522.26,2388.03,8140.17,8.4371,0.03,390,2388,100.0,39.07,23.4161,333
69,30,0.0017,0.0003,100.0,518.67,642.11,1596.64,1401.98,14.62,21.61,554.4,2388.03,9060.93,1.3,47.44,521.7,2388.04,8139.49,8.4127,0.03,393,2388,100.0,39.13,23.4085,332
69,31,0.0001,-0.0001,100.0,518.67,641.76,1585.94,1403.47,14.62,21.61,553.86,2388.05,9060.57,1.3,47.21,521.91,2388.06,8133.23,8.4403,0.03,392,2388,100.0,38.94,23.3638,331
69,32,0.0006,-0.0004,100.0,518.67,642.54,1583.83,1396.26,14.62,21.61,553.75,2388.01,9058.88,1.3,47.27,521.63,2388.04,8137.36,8.4476,0.03,392,2388,100.0,38.94,23.3449,330
69,33,0.0012,0.0001,100.0,518.67,642.39,1586.62,1396.31,14.62,21.61,554.17,2388.03,9060.05,1.3,47.11,521.76,2388.05,8138.75,8.424,0.03,391,2388,100.0,38.84,23.4213,329
69,34,-0.0003,0.0,100.0,518.67,642.26,1587.22,1402.87,14.62,21.61,553.68,2388.05,9052.74,1.3,47.61,521.8,2388.07,8136.4,8.4184,0.03,393,2388,100.0,38.7,23.274,328
69,35,-0.0015,-0.0,100.0,518.67,642.5,1588.12,1406.54,14.62,21.61,553.92,2388.05,9064.29,1.3,47.2,522.25,2388.07,8137.46,8.4128,0.03,392,2388,100.0,39.01,23.4004,327
69,36,0.0024,0.0,100.0,518.67,642.96,1584.06,1400.27,14.62,21.61,553.08,2388.0,9056.93,1.3,47.24,522.36,2388.05,8139.19,8.3762,0.03,391,2388,100.0,38.91,23.4458,326
69,37,-0.0026,-0.0002,100.0,518.67,642.27,1586.96,1403.9,14.62,21.61,554.55,2388.02,9057.54,1.3,47.41,522.19,2388.01,8139.32,8.3834,0.03,393,2388,100.0,38.91,23.3384,325
69,38,0.0017,0.0002,100.0,518.67,642.14,1585.48,1393.38,14.62,21.61,553.79,2388.03,9057.85,1.3,47.34,521.73,2387.98,8141.77,8.3927,0.03,393,2388,100.0,38.91,23.423,324
69,39,0.0014,-0.0004,100.0,518.67,642.94,1594.9,1403.49,14.62,21.61,553.69,2388.01,9070.94,1.3,47.16,521.75,2388.03,8135.22,8.4023,0.03,391,2388,100.0,38.93,23.3212,323
69,40,-0.0025,-0.0001,100.0,518.67,642.37,1579.66,1395.23,14.62,21.61,554.98,2388.01,9062.84,1.3,47.36,522.49,2388.0,8137.83,8.3953,0.03,392,2388,100.0,38.95,23.272,322
69,41,-0.0021,-0.0004,100.0,518.67,642.81,1583.15,1403.22,14.62,21.61,554.22,2388.05,9054.53,1.3,47.22,522.5,2388.05,8138.32,8.4235,0.03,392,2388,100.0,38.93,23.4194,321
69,42,-0.0026,-0.0003,100.0,518.67,642.56,1588.95,1393.94,14.62,21.61,553.92,2388.05,9059.64,1.3,47.41,522.24,2388.03,8139.47,8.4167,0.03,393,2388,100.0,38.85,23.3479,320
69,43,0.0009,0.0001,100.0,518.67,642.48,1590.83,1406.74,14.62,21.61,553.36,2388.07,9066.87,1.3,47.32,522.04,2388.07,8147.04,8.395,0.03,392,2388,100.0,39.0,23.2502,319
69,44,-0.0,0.0005,100.0,518.67,642.08,1590.48,1402.63,14.62,21.61,553.59,2388.0,9062.19,1.3,47.36,522.08,2388.08,8140.65,8.4196,0.03,392,2388,100.0,38.95,23.3222,318
69,45,-0.0004,0.0002,100.0,518.67,642.33,1589.66,1408.84,14.62,21.61,554.52,2388.07,9067.54,1.3,47.44,521.67,2388.01,8144.68,8.3736,0.03,394,2388,100.0,38.86,23.2566,317
69,46,-0.0012,0.0005,100.0,518.67,642.07,1590.88,1400.68,14.62,21.61,553.96,2388.04,9056.72,1.3,47.15,522.43,2387.99,8142.25,8.4282,0.03,392,2388,100.0,39.02,23.3222,316
69,47,-0.0015,-0.0002,100.0,518.67,642.42,1583.93,1400.96,14.62,21.61,553.83,2388.05,9052.8,1.3,47.17,522.24,2388.06,8137.04,8.4111,0.03,392,2388,100.0,38.95,23.454,315
69,48,0.0021,-0.0004,100.0,518.67,642.22,1583.95,1394.68,14.62,21.61,553.84,2388.01,9062.15,1.3,47.29,522.1,2388.02,8139.48,8.4212,0.03,392,2388,100.0,39.1,23.4226,314
69,49,0.0025,-0.0001,100.0,518.67,642.22,1586.24,1401.05,14.62,21.61,554.35,2388.03,9053.59,1.3,47.43,522.43,2388.02,8141.65,8.4092,0.03,391,2388,100.0,38.75,23.4848,313
69,50,0.0005,-0.0004,100.0,518.67,642.7,1589.78,1409.53,14.62,21.61,554.36,2388.07,9052.96,1.3,47.41,521.93,2388.02,8132.38,8.4397,0.03,393,2388,100.0,38.97,23.4748,312
69,51,0.0046,0.0003,100.0,518.67,642.01,1590.52,1413.52,14.62,21.61,553.49,2388.06,9057.19,1.3,47.37,521.82,2388.06,8136.28,8.4209,0.03,392,2388,100.0,38.85,23.369,311
69,52,0.0031,0.0001,100.0,518.67,641.95,1582.78,1400.49,14.62,21.61,553.32,2388.07,9060.68,1.3,47.37,522.11,2388.04,8141.2,8.4009,0.03,394,2388,100.0,39.12,23.2139,310
69,53,-0.0013,0.0,100.0,518.67,642.44,1590.73,1402.65,14.62,21.61,553.61,2388.05,9055.7,1.3,47.32,521.61,2388.02,8136.94,8.3999,0.03,392,2388,100.0,38.9,23.3389,309
69,54,0.001,-0.0002,100.0,518.67,642.22,1592.65,1399.91,14.62,21.61,554.06,2388.06,9059.05,1.3,47.44,522.23,2388.1,8139.88,8.4224,0.03,394,2388,100.0,38.94,23.4411,308
69,55,-0.0006,-0.0001,100.0,518.67,642.31,1589.02,1403.57,14.62,21.61,553.39,2388.01,9064.28,1.3,47.22,522.0,2388.06,8144.25,8.4422,0.03,391,2388,100.0,38.91,23.4376,307
69,56,-0.0002,0.0003,100.0,518.67,642.2,1581.45,1404.68,14.62,21.61,553.56,2388.07,9051.54,1.3,47.34,522.03,2388.07,8145.83,8.3976,0.03,391,2388,100.0,39.0,23.4773,306
69,57,0.0017,0.0004,100.0,518.67,642.68,1593.8,1405.01,14.62,21.61,553.22,2388.06,9063.66,1.3,47.43,521.24,2388.07,8135.48,8.4233,0.03,393,2388,100.0,39.01,23.2959,305
69,58,0.0009,0.0002,100.0,518.67,642.25,1591.74,1400.35,14.62,21.61,554.18,2388.04,9061.74,1.3,47.39,522.04,2388.06,8142.67,8.4449,0.03,391,2388,100.0,39.04,23.4445,304
69,59,-0.0022,0.0002,100.0,518.67,642.43,1591.48,1399.67,14.62,21.61,553.6,2388.07,9056.32,1.3,47.41,522.12,2388.06,8137.49,8.4002,0.03,394,2388,100.0,38.96,23.4055,303
69,60,0.0012,0.0003,100.0,518.67,642.67,1591.24,1404.78,14.62,21.61,554.13,2388.02,9062.32,1.3,47.34,521.85,2388.06,8145.83,8.424,0.03,392,2388,100.0,38.8,23.3268,302
69,61,0.0011,-0.0004,100.0,518.67,642.6,1589.87,1401.64,14.62,21.61,553.65,2388.07,9060.28,1.3,47.33,522.03,2388.05,8138.79,8.4468,0.03,394,2388,100.0,39.13,23.2911,301
69,62,0.0027,-0.0004,100.0,518.67,641.99,1587.1,1402.55,14.62,21.61,553.73,2388.11,9065.67,1.3,47.31,521.75,2388.02,8138.3,8.4194,0.03,389,2388,100.0,38.92,23.3303,300
69,63,0.0011,-0.0002,100.0,518.67,642.42,1588.23,1407.13,14.62,21.61,554.05,2388.02,9056.97,1.3,47.31,522.24,2388.08,8140.69,8.3737,0.03,392,2388,100.0,38.87,23.3459,299
69,64,-0.0029,-0.0002,100.0,518.67,641.78,1583.57,1403.32,14.62,21.61,554.73,2388.07,9066.03,1.3,47.37,521.62,2388.09,8143.96,8.4115,0.03,391,2388,100.0,39.0,23.4353,298
69,65,0.0045,0.0003,100.0,518.67,642.41,1585.43,1404.72,14.62,21.61,553.88,2387.99,9059.38,1.3,47.33,522.06,2388.05,8148.52,8.3668,0.03,393,2388,100.0,38.91,23.3167,297
69,66,-0.0042,-0.0004,100.0,518.67,643.04,1585.75,1402.42,14.62,21.61,554.22,2388.07,9061.17,1.3,47.33,522.02,2388.02,8141.98,8.404,0.03,392,2388,100.0,38.97,23.3391,296
69,67,0.0015,-0.0003,100.0,518.67,642.61,1589.15,1405.42,14.62,21.61,554.73,2388.05,9060.32,1.3,47.32,521.63,2388.01,8139.04,8.3821,0.03,393,2388,100.0,39.03,23.3232,295
69,68,0.0,-0.0002,100.0,518.67,642.52,1588.22,1403.38,14.62,21.61,553.93,2388.09,9059.01,1.3,47.27,522.47,2388.1,8141.02,8.4487,0.03,391,2388,100.0,39.0,23.3992,294
69,69,0.0011,0.0003,100.0,518.67,642.49,1588.58,1402.21,14.62,21.61,554.03,2388.05,9052.41,1.3,47.21,521.97,2388.01,8143.38,8.4226,0.03,391,2388,100.0,38.83,23.3736,293
69,70,0.0029,-0.0004,100.0,518.67,642.1,1587.68,1398.62,14.62,21.61,553.66,2388.09,9060.77,1.3,47.46,521.39,2388.04,8142.28,8.4369,0.03,392,2388,100.0,38.93,23.2777,292
69,71,0.0021,0.0003,100.0,518.67,642.32,1590.15,1394.47,14.62,21.6,553.47,2388.01,9056.1,1.3,47.33,521.78,2388.05,8140.18,8.3838,0.03,393,2388,100.0,38.87,23.4252,291
69,72,0.0003,0.0,100.0,518.67,642.49,1592.29,1397.55,14.62,21.61,554.04,2388.05,9056.96,1.3,47.15,522.12,2388.05,8140.72,8.4723,0.03,391,2388,100.0,38.97,23.3514,290
69,73,0.0015,-0.0004,100.0,518.67,642.78,1588.97,1397.19,14.62,21.61,553.97,2388.05,9058.06,1.3,47.31,522.25,2388.09,8139.16,8.4148,0.03,394,2388,100.0,38.91,23.3846,289
69,74,0.002,-0.0001,100.0,518.67,641.82,1585.45,1396.86,14.62,21.61,553.64,2388.1,9063.84,1.3,47.39,521.9,2388.09,8141.74,8.4142,0.03,394,2388,100.0,38.92,23.3615,288
69,75,-0.0008,0.0004,100.0,518.67,641.93,1584.1,1393.68,14.62,21.61,553.75,2388.05,9060.09,1.3,47.36,522.24,2388.1,8144.24,8.4274,0.03,391,2388,100.0,38.84,23.4059,287
69,76,-0.0011,0.0004,100.0,518.67,642.15,1588.26,1403.48,14.62,21.61,554.04,2388.03,9056.32,1.3,47.21,522.14,2388.03,8140.08,8.396,0.03,392,2388,100.0,38.74,23.3337,286
69,77,-0.0008,0.0003,100.0,518.67,642.26,1581.31,1397.67,14.62,21.61,554.36,2388.02,9065.86,1.3,47.37,522.26,2388.09,8137.13,8.4086,0.03,392,2388,100.0,38.87,23.3905,285
69,78,0.0001,-0.0001,100.0,518.67,642.65,1581.02,1402.1,14.62,21.61,554.07,2388.07,9064.15,1.3,47.33,522.13,2388.05,8142.57,8.3867,0.03,395,2388,100.0,38.94,23.4632,284
69,79,-0.0001,0.0002,100.0,518.67,642.33,1590.07,1400.89,14.62,21.61,553.88,2388.06,9055.55,1.3,47.26,522.24,2388.05,8136.28,8.4246,0.03,391,2388,100.0,38.95,23.3784,283
69,80,-0.0002,0.0005,100.0,518.67,641.95,1588.83,1402.95,14.62,21.61,554.36,2388.07,9061.0,1.3,47.37,522.0,2388.04,8145.17,8.4196,0.03,392,2388,100.0,39.06,23.3386,282
69,81,-0.0004,-0.0001,100.0,518.67,642.7,1589.94,1410.19,14.62,21.61,554.13,2388.04,9055.31,1.3,47.38,522.5,2388.02,8142.24,8.4154,0.03,391,2388,100.0,38.85,23.3222,281
69,82,0.0011,0.0,100.0,518.67,642.46,1582.8,1400.87,14.62,21.61,554.14,2388.03,9060.03,1.3,47.42,522.06,2388.08,8136.72,8.4148,0.03,392,2388,100.0,38.85,23.3736,280
69,83,-0.0015,0.0004,100.0,518.67,642.18,1590.51,1402.62,14.62,21.61,554.16,2388.09,9063.2,1.3,47.35,522.14,2388.04,8136.95,8.4277,0.03,392,2388,100.0,39.06,23.3795,279
69,84,0.0004,-0.0001,100.0,518.67,642.48,1587.83,1411.14,14.62,21.61,553.84,2388.1,9067.99,1.3,47.28,522.2,2388.07,8140.99,8.3994,0.03,392,2388,100.0,38.92,23.4059,278
69,85,0.0008,-0.0004,100.0,518.67,642.81,1588.16,1403.4,14.62,21.61,553.54,2388.06,9060.47,1.3,47.39,521.82,2388.09,8137.17,8.4113,0.03,392,2388,100.0,38.82,23.4197,277
69,86,0.0006,-0.0004,100.0,518.67,642.23,1588.23,1397.46,14.62,21.61,553.79,2388.06,9060.07,1.3,47.31,521.64,2388.03,8136.35,8.4236,0.03,392,2388,100.0,38.84,23.3077,276
69,87,-0.0012,-0.0004,100.0,518.67,642.3,1595.34,1405.94,14.62,21.61,554.01,2388.07,9062.3,1.3,47.22,521.74,2388.08,8138.54,8.4021,0.03,394,2388,100.0,38.93,23.335,275
69,88,-0.0003,0.0004,100.0,518.67,642.75,1586.48,1397.49,14.62,21.61,554.44,2388.07,9059.07,1.3,47.28,521.98,2388.05,8141.91,8.3784,0.03,392,2388,100.0,38.9,23.3965,274
69,89,-0.0031,0.0002,100.0,518.67,642.5,1590.07,1400.68,14.62,21.61,554.1,2388.07,9060.09,1.3,47.51,521.8,2388.04,8143.15,8.4236,0.03,393,2388,100.0,38.89,23.2684,273
69,90,0.0006,-0.0003,100.0,518.67,642.29,1589.44,1400.74,14.62,21.61,554.05,2388.06,9059.32,1.3,47.29,522.03,2388.07,8148.89,8.3973,0.03,392,2388,100.0,39.15,23.3596,272
69,91,0.001,-0.0004,100.0,518.67,642.95,1588.38,1402.11,14.62,21.61,553.81,2388.09,9057.6,1.3,47.44,522.15,2388.06,8140.09,8.4392,0.03,394,2388,100.0,38.98,23.4327,271
69,92,-0.0007,-0.0004,100.0,518.67,642.49,1583.11,1402.98,14.62,21.61,553.51,2388.02,9059.25,1.3,47.38,522.25,2388.04,8139.8,8.4064,0.03,393,2388,100.0,38.86,23.2896,270
69,93,-0.0004,-0.0001,100.0,518.67,642.42,1590.25,1404.13,14.62,21.61,553.73,2388.1,9055.71,1.3,47.46,522.03,2388.08,8142.21,8.4407,0.03,393,2388,100.0,38.96,23.3355,269
69,94,0.0006,-0.0004,100.0,518.67,642.23,1587.91,1407.16,14.62,21.6,554.38,2388.03,9061.06,1.3,47.35,522.02,2388.08,8138.31,8.4041,0.03,392,2388,100.0,39.0,23.4327,268
69,95,0.0039,-0.0005,100.0,518.67,642.7,1586.28,1410.86,14.62,21.61,553.12,2388.04,9064.63,1.3,47.34,522.0,2388.02,8138.9,8.4283,0.03,393,2388,100.0,38.72,23.314,267
69,96,-0.0003,-0.0,100.0,518.67,642.35,1583.22,1397.91,14.62,21.61,553.21,2388.09,9065.08,1.3,47.35,521.78,2388.04,8135.88,8.3991,0.03,390,2388,100.0,38.93,23.2473,266
69,97,-0.0011,-0.0004,100.0,518.67,642.27,1587.87,1406.05,14.62,21.61,553.68,2388.05,9054.92,1.3,47.35,521.8,2388.04,8140.98,8.3872,0.03,393,2388,100.0,39.02,23.4463,265
69,98,0.0001,0.0,100.0,518.67,642.71,1582.37,1405.4,14.62,21.61,553.82,2388.05,9064.27,1.3,47.56,521.96,2388.03,8140.38,8.4307,0.03,393,2388,100.0,39.08,23.3394,264
69,99,-0.0006,0.0005,100.0,518.67,642.65,1585.79,1402.46,14.62,21.61,553.89,2388.06,9054.75,1.3,47.34,521.93,2388.06,8139.48,8.4172,0.03,391,2388,100.0,39.04,23.4417,263
69,100,-0.0014,0.0003,100.0,518.67,642.14,1585.79,1401.43,14.62,21.61,554.21,2388.12,9061.06,1.3,47.39,521.74,2388.05,8137.73,8.4533,0.03,393,2388,100.0,38.93,23.3111,262
69,101,-0.0068,0.0001,100.0,518.67,642.26,1589.04,1402.74,14.62,21.61,554.83,2388.05,9058.42,1.3,47.37,522.02,2388.11,8147.22,8.4682,0.03,392,2388,100.0,38.83,23.4186,261
69,102,-0.0031,-0.0002,100.0,518.67,642.4,1580.86,1408.9,14.62,21.61,553.63,2388.1,9053.67,1.3,47.4,521.48,2388.03,8139.01,8.418,0.03,392,2388,100.0,38.79,23.3209,260
69,103,-0.0001,-0.0004,100.0,518.67,642.82,1590.71,1402.73,14.62,21.61,554.17,2388.08,9061.15,1.3,47.45,522.03,2388.12,8137.52,8.4634,0.03,394,2388,100.0,38.96,23.3319,259
69,104,-0.0051,-0.0001,100.0,518.67,641.95,1583.69,1406.33,14.62,21.61,554.34,2388.09,9063.72,1.3,47.55,521.75,2388.04,8147.21,8.398,0.03,394,2388,100.0,38.84,23.3785,258
69,105,-0.001,0.0003,100.0,518.67,642.46,1583.49,1401.41,14.62,21.61,554.13,2388.1,9060.61,1.3,47.32,521.4,2388.05,8137.09,8.4414,0.03,393,2388,100.0,38.92,23.4095,257
69,106,0.0004,0.0004,100.0,518.67,642.6,1592.78,1405.4,14.62,21.61,554.08,2388.08,9063.02,1.3,47.23,522.03,2388.05,8142.94,8.437,0.03,392,2388,100.0,38.87,23.2928,256
69,107,-0.0009,0.0001,100.0,518.67,642.06,1581.32,1403.28,14.62,21.61,554.18,2388.06,9058.46,1.3,47.34,521.55,2388.06,8138.36,8.4116,0.03,393,2388,100.0,38.91,23.41,255
69,108,0.0007,-0.0003,100.0,518.67,642.55,1590.72,1403.11,14.62,21.61,553.81,2388.06,9063.82,1.3,47.52,522.02,2388.06,8136.33,8.3946,0.03,393,2388,100.0,39.09,23.3653,254
69,109,0.0003,0.0003,100.0,518.67,642.51,1589.1,1402.85,14.62,21.6,554.03,2388.05,9057.7,1.3,47.29,521.86,2388.02,8139.33,8.4265,0.03,392,2388,100.0,38.91,23.343,253
69,110,0.0026,0.0002,100.0,518.67,642.21,1589.67,1397.65,14.62,21.61,554.29,2388.04,9064.99,1.3,47.32,521.7,2388.11,8135.12,8.4482,0.03,392,2388,100.0,38.86,23.384,252
69,111,-0.0001,0.0001,100.0,518.67,641.98,1594.26,1401.35,14.62,21.61,554.03,2388.07,9056.52,1.3,47.34,521.9,2388.13,8138.88,8.3717,0.03,393,2388,100.0,38.78,23.3955,251
69,112,0.0009,-0.0004,100.0,518.67,642.49,1595.04,1407.67,14.62,21.61,553.85,2388.07,9057.43,1.3,47.37,521.55,2388.1,8135.64,8.4099,0.03,392,2388,100.0,38.74,23.3357,250
69,113,-0.0002,-0.0002,100.0,518.67,642.88,1588.63,1413.22,14.62,21.61,553.99,2388.05,9062.7,1.3,47.48,522.25,2388.05,8141.12,8.4156,0.03,392,2388,100.0,38.88,23.4319,249
69,114,0.0018,-0.0002,100.0,518.67,642.29,1587.98,1406.57,14.62,21.61,554.17,2388.06,9067.76,1.3,47.42,521.68,2388.05,8140.43,8.4277,0.03,392,2388,100.0,38.98,23.3578,248
69,115,-0.004,0.0002,100.0,518.67,642.62,1592.14,1403.66,14.62,21.61,553.28,2388.07,9055.41,1.3,47.4,521.99,2388.05,8138.1,8.3966,0.03,394,2388,100.0,38.84,23.287,247
69,116,-0.0043,0.0004,100.0,518.67,642.19,1593.04,1401.12,14.62,21.61,553.7,2388.01,9057.86,1.3,47.24,522.27,2388.02,8139.99,8.4027,0.03,392,2388,100.0,38.95,23.1733,246
69,117,-0.0014,0.0001,100.0,518.67,642.3,1580.92,1403.44,14.62,21.61,554.26,2388.07,9067.55,1.3,47.39,521.92,2388.05,8138.35,8.431,0.03,392,2388,100.0,39.02,23.4317,245
69,118,-0.0013,0.0002,100.0,518.67,642.19,1586.7,1406.53,14.62,21.6,554.3,2388.08,9062.57,1.3,47.44,521.8,2388.07,8136.39,8.4094,0.03,392,2388,100.0,38.84,23.3953,244
69,119,-0.0006,-0.0002,100.0,518.67,642.48,1585.14,1405.6,14.62,21.61,553.64,2388.04,9059.14,1.3,47.29,521.67,2388.09,8139.41,8.435,0.03,394,2388,100.0,38.74,23.3253,243
69,120,0.001,0.0004,100.0,518.67,642.36,1589.23,1403.27,14.62,21.61,553.82,2388.08,9064.56,1.3,47.45,522.08,2388.05,8138.57,8.4149,0.03,391,2388,100.0,38.91,23.2706,242
69,121,0.0003,-0.0001,100.0,518.67,642.49,1586.86,1405.8,14.62,21.61,553.97,2388.04,9061.73,1.3,47.49,521.67,2388.06,8136.69,8.4424,0.03,393,2388,100.0,39.08,23.3898,241
69,122,0.0024,-0.0003,100.0,518.67,642.4,1583.9,1395.0,14.62,21.61,554.47,2388.1,9056.61,1.3,47.31,521.71,2388.09,8136.89,8.4004,0.03,394,2388,100.0,39.0,23.4376,240
69,123,-0.0025,-0.0003,100.0,518.67,642.28,1591.99,1398.15,14.62,21.61,554.17,2388.07,9055.32,1.3,47.42,521.75,2388.1,8141.08,8.396,0.03,391,2388,100.0,38.86,23.3047,239
69,124,0.0047,0.0005,100.0,518.67,642.44,1585.54,1403.35,14.62,21.61,553.33,2388.06,9062.41,1.3,47.43,521.73,2388.06,8140.77,8.3903,0.03,392,2388,100.0,38.95,23.2923,238
69,125,0.0011,0.0003,100.0,518.67,642.67,1595.6,1411.5,14.62,21.61,554.15,2388.04,9045.64,1.3,47.55,521.93,2388.1,8141.66,8.4411,0.03,392,2388,100.0,38.8,23.446,237
69,126,-0.0012,-0.0002,100.0,518.67,642.12,1592.38,1406.71,14.62,21.61,553.34,2388.09,9060.42,1.3,47.17,521.46,2388.12,8136.47,8.4184,0.03,393,2388,100.0,38.81,23.3453,236
69,127,0.0028,0.0003,100.0,518.67,641.65,1587.74,1405.94,14.62,21.61,554.71,2388.01,9064.82,1.3,47.52,522.01,2388.04,8143.25,8.4416,0.03,392,2388,100.0,38.9,23.3377,235
69,128,0.0011,-0.0001,100.0,518.67,642.34,1581.24,1399.95,14.62,21.61,554.57,2388.03,9058.78,1.3,47.42,522.02,2388.12,8135.69,8.436,0.03,392,2388,100.0,38.83,23.3132,234
69,129,0.0005,-0.0,100.0,518.67,642.33,1586.03,1401.7,14.62,21.61,552.89,2388.02,9067.43,1.3,47.51,521.76,2388.07,8142.81,8.4059,0.03,392,2388,100.0,38.96,23.3278,233
69,130,-0.0041,-0.0002,100.0,518.67,642.27,1584.29,1406.42,14.62,21.61,553.63,2388.07,9061.3,1.3,47.5,521.56,2388.09,8140.92,8.413,0.03,394,2388,100.0,38.93,23.3508,232
69,131,-0.0032,0.0004,100.0,518.67,642.59,1587.82,1406.68,14.62,21.61,553.43,2388.1,9054.98,1.3,47.38,521.36,2388.14,8144.04,8.4318,0.03,393,2388,100.0,38.91,23.3793,231
69,132,0.0039,0.0005,100.0,518.67,642.37,1588.31,1401.39,14.62,21.61,554.13,2388.04,9058.67,1.3,47.24,521.8,2388.07,8140.99,8.441,0.03,392,2388,100.0,38.9,23.3596,230
69,133,0.0011,-0.0002,100.0,518.67,642.78,1586.41,1398.01,14.62,21.61,553.47,2388.11,9061.49,1.3,47.4,521.97,2388.07,8138.4,8.4317,0.03,394,2388,100.0,38.82,23.3191,229
69,134,0.0018,0.0002,100.0,518.67,642.44,1582.76,1406.13,14.62,21.61,553.61,2388.07,9061.1,1.3,47.29,521.83,2388.05,8138.51,8.4166,0.03,393,2388,100.0,38.99,23.3856,228
69,135,-0.0012,-0.0004,100.0,518.67,642.06,1588.63,1402.66,14.62,21.61,553.91,2388.06,9057.13,1.3,47.35,521.93,2388.1,8138.3,8.4278,0.03,391,2388,100.0,38.89,23.3185,227
69,136,-0.0014,-0.0004,100.0,518.67,642.47,1588.81,1403.63,14.62,21.61,554.02,2388.1,9066.77,1.3,47.49,521.77,2388.1,8137.05,8.4118,0.03,393,2388,100.0,38.87,23.4088,226
69,137,0.0001,0.0004,100.0,518.67,642.4,1586.21,1408.87,14.62,21.61,553.53,2388.04,9062.31,1.3,47.49,521.84,2388.08,8132.49,8.3908,0.03,391,2388,100.0,38.89,23.4165,225
69,138,-0.0042,0.0002,100.0,518.67,642.29,1584.91,1402.28,14.62,21.61,554.16,2388.08,9053.76,1.3,47.29,522.26,2388.04,8140.74,8.4068,0.03,394,2388,100.0,38.97,23.3071,224
69,139,-0.0003,0.0002,100.0,518.67,642.46,1591.06,1406.82,14.62,21.61,554.72,2388.0,9054.74,1.3,47.2,521.78,2388.05,8147.73,8.4125,0.03,393,2388,100.0,38.77,23.3347,223
69,140,0.0014,0.0005,100.0,518.67,642.7,1593.43,1412.94,14.62,21.61,553.43,2388.1,9060.49,1.3,47.56,521.71,2388.08,8142.8,8.4162,0.03,394,2388,100.0,38.95,23.2982,222
69,141,-0.0043,0.0005,100.0,518.67,642.88,1583.31,1400.34,14.62,21.61,553.32,2388.07,9063.73,1.3,47.41,521.47,2388.13,8139.96,8.4476,0.03,393,2388,100.0,38.81,23.3677,221
69,142,0.0024,0.0002,100.0,518.67,642.42,1586.04,1403.67,14.62,21.61,553.59,2388.08,9056.86,1.3,47.43,521.68,2388.07,8138.76,8.4405,0.03,393,2388,100.0,38.78,23.3592,220
69,143,-0.0007,-0.0002,100.0,518.67,642.03,1594.37,1404.07,14.62,21.61,554.4,2388.07,9056.28,1.3,47.4,522.11,2388.05,8143.27,8.4432,0.03,393,2388,100.0,39.0,23.3261,219
69,144,0.001,-0.0002,100.0,518.67,642.52,1593.06,1413.04,14.62,21.61,553.69,2388.09,9062.52,1.3,47.27,521.9,2388.09,8145.42,8.3938,0.03,394,2388,100.0,38.81,23.3889,218
69,145,-0.0006,0.0001,100.0,518.67,642.65,1588.35,1401.76,14.62,21.61,554.85,2388.01,9055.84,1.3,47.42,522.12,2388.06,8138.48,8.4415,0.03,392,2388,100.0,38.95,23.3461,217
69,146,0.0046,-0.0003,100.0,518.67,642.87,1591.29,1400.61,14.62,21.61,553.8,2388.04,9060.18,1.3,47.37,522.41,2388.07,8138.65,8.4617,0.03,392,2388,100.0,38.89,23.2719,216
69,147,0.0,-0.0002,100.0,518.67,641.85,1598.39,1404.29,14.62,21.61,553.28,2388.08,9060.27,1.3,47.34,521.11,2388.07,8138.04,8.413,0.03,393,2388,100.0,39.02,23.4099,215
69,148,-0.0008,0.0005,100.0,518.67,642.12,1592.47,1408.86,14.62,21.61,554.29,2388.08,9062.89,1.3,47.36,521.37,2388.1,8139.24,8.4128,0.03,394,2388,100.0,39.03,23.4103,214
69,149,0.0,0.0002,100.0,518.67,642.44,1585.98,1412.5,14.62,21.61,553.91,2388.06,9057.85,1.3,47.69,521.88,2388.03,8139.03,8.4555,0.03,392,2388,100.0,38.65,23.2829,213
69,150,-0.0041,-0.0001,100.0,518.67,641.77,1592.75,1411.43,14.62,21.61,553.64,2388.06,9064.75,1.3,47.53,521.63,2388.07,8142.82,8.398,0.03,392,2388,100.0,38.77,23.2324,212
69,151,0.0026,0.0002,100.0,518.67,642.57,1585.42,1406.85,14.62,21.61,554.12,2388.03,9058.23,1.3,47.5,521.81,2388.04,8141.88,8.431,0.03,392,2388,100.0,38.79,23.3772,211
69,152,0.0044,-0.0004,100.0,518.67,642.21,1586.79,1407.53,14.62,21.61,553.96,2388.07,9064.66,1.3,47.51,521.45,2388.09,8137.54,8.4366,0.03,392,2388,100.0,38.74,23.2671,210
69,153,0.0006,0.0002,100.0,518.67,643.05,1596.96,1402.22,14.62,21.61,553.95,2388.1,9057.5,1.3,47.41,521.67,2388.07,8139.64,8.4288,0.03,393,2388,100.0,38.72,23.3215,209
69,154,0.0004,0.0004,100.0,518.67,642.58,1587.36,1396.77,14.62,21.61,553.9,2388.07,9054.28,1.3,47.32,522.09,2388.08,8136.45,8.4378,0.03,392,2388,100.0,38.85,23.3733,208
69,155,0.0013,0.0004,100.0,518.67,642.46,1594.33,1403.29,14.62,21.61,553.89,2388.07,9059.38,1.3,47.48,522.21,2388.11,8138.75,8.4315,0.03,393,2388,100.0,38.8,23.3146,207
69,156,0.0043,-0.0005,100.0,518.67,642.81,1586.49,1409.77,14.62,21.61,553.22,2388.05,9048.42,1.3,47.47,521.93,2388.06,8141.24,8.414,0.03,391,2388,100.0,38.77,23.3228,206
69,157,0.0018,-0.0005,100.0,518.67,642.48,1585.83,1399.0,14.62,21.61,553.49,2388.13,9054.1,1.3,47.32,521.82,2388.11,8139.99,8.4459,0.03,393,2388,100.0,38.96,23.2912,205
69,158,0.0022,-0.0002,100.0,518.67,642.56,1595.06,1398.21,14.62,21.61,554.08,2388.06,9052.65,1.3,47.37,521.81,2388.04,8136.83,8.4165,0.03,394,2388,100.0,38.89,23.2278,204
69,159,-0.0011,0.0002,100.0,518.67,642.78,1588.47,1403.68,14.62,21.61,554.27,2388.02,9064.91,1.3,47.5,521.45,2388.1,8140.89,8.4397,0.03,394,2388,100.0,38.96,23.2551,203
69,160,-0.0016,0.0001,100.0,518.67,642.24,1590.67,1396.04,14.62,21.61,554.06,2388.09,9055.43,1.3,47.5,521.62,2388.09,8137.14,8.4351,0.03,394,2388,100.0,38.96,23.2379,202
69,161,0.0024,0.0005,100.0,518.67,642.42,1595.85,1409.82,14.62,21.61,554.1,2388.06,9063.54,1.3,47.36,521.42,2388.09,8139.61,8.441,0.03,393,2388,100.0,38.96,23.2825,201
69,162,0.0003,-0.0,100.0,518.67,642.05,1583.95,1402.38,14.62,21.61,553.54,2388.1,9057.44,1.3,47.44,521.07,2388.13,8138.31,8.4104,0.03,392,2388,100.0,39.04,23.2663,200
69,163,-0.0046,-0.0004,100.0,518.67,642.96,1587.57,1409.73,14.62,21.61,553.24,2388.08,9060.43,1.3,47.46,521.58,2388.1,8148.03,8.3988,0.03,392,2388,100.0,38.81,23.3941,199
69,164,-0.0004,-0.0005,100.0,518.67,642.67,1591.85,1405.05,14.62,21.61,554.14,2388.09,9053.77,1.3,47.38,521.88,2388.08,8139.52,8.4282,0.03,392,2388,100.0,38.98,23.1519,198
69,165,-0.0032,-0.0004,100.0,518.67,642.36,1591.17,1401.25,14.62,21.61,553.25,2388.05,9064.31,1.3,47.43,521.49,2388.06,8137.59,8.4288,0.03,393,2388,100.0,38.84,23.3278,197
69,166,-0.0017,-0.0004,100.0,518.67,642.58,1590.96,1399.13,14.62,21.61,553.77,2388.04,9063.92,1.3,47.41,521.47,2388.03,8134.72,8.4164,0.03,393,2388,100.0,38.68,23.2966,196
69,167,-0.0027,0.0004,100.0,518.67,642.28,1581.27,1413.0,14.62,21.61,553.82,2388.06,9056.93,1.3,47.58,521.17,2388.09,8139.71,8.4401,0.03,393,2388,100.0,38.85,23.3718,195
69,168,-0.0006,-0.0004,100.0,518.67,642.32,1584.92,1401.03,14.62,21.61,553.42,2388.1,9057.47,1.3,47.56,521.4,2388.03,8143.47,8.4079,0.03,393,2388,100.0,38.86,23.3947,194
69,169,-0.0008,0.0002,100.0,518.67,642.41,1585.61,1400.9,14.62,21.61,553.25,2388.1,9060.19,1.3,47.51,521.85,2388.06,8142.02,8.4511,0.03,392,2388,100.0,39.01,23.2624,193
69,170,-0.0038,-0.0002,100.0,518.67,642.29,1582.07,1405.88,14.62,21.61,554.05,2388.05,9061.58,1.3,47.42,521.81,2388.09,8136.06,8.4019,0.03,394,2388,100.0,38.82,23.3343,192
69,171,0.0006,-0.0003,100.0,518.67,642.76,1591.34,1407.45,14.62,21.61,553.83,2388.09,9064.04,1.3,47.6,521.4,2388.1,8139.1,8.4403,0.03,393,2388,100.0,38.93,23.2422,191
69,172,0.0041,0.0004,100.0,518.67,643.29,1586.69,1408.81,14.62,21.61,553.56,2388.01,9067.98,1.3,47.62,522.16,2388.09,8133.68,8.4187,0.03,392,2388,100.0,39.03,23.2194,190
69,173,-0.0021,0.0001,100.0,518.67,641.98,1580.64,1413.89,14.62,21.61,553.7,2388.05,9059.73,1.3,47.55,521.71,2388.03,8131.62,8.4332,0.03,392,2388,100.0,38.7,23.335,189
69,174,-0.0017,0.0002,100.0,518.67,642.81,1591.47,1404.95,14.62,21.61,553.83,2388.06,9057.14,1.3,47.34,521.89,2388.1,8138.36,8.3995,0.03,394,2388,100.0,38.98,23.2556,188
69,175,-0.0006,-0.0001,100.0,518.67,642.48,1594.34,1400.93,14.62,21.61,554.57,2388.02,9058.3,1.3,47.4,521.84,2388.09,8136.22,8.4064,0.03,393,2388,100.0,38.96,23.3449,187
69,176,-0.0006,0.0003,100.0,518.67,642.72,1586.34,1410.49,14.62,21.61,552.87,2388.09,9057.56,1.3,47.49,522.12,2388.09,8140.52,8.4304,0.03,394,2388,100.0,39.07,23.2939,186
69,177,-0.0067,0.0002,100.0,518.67,642.93,1590.22,1404.51,14.62,21.61,554.13,2388.11,9073.87,1.3,47.44,521.71,2388.09,8141.83,8.3935,0.03,393,2388,100.0,38.83,23.4259,185
69,178,-0.0035,0.0003,100.0,518.67,642.36,1586.24,1410.05,14.62,21.61,554.46,2388.09,9054.18,1.3,47.59,521.87,2388.14,8141.79,8.4351,0.03,393,2388,100.0,38.79,23.3799,184
69,179,0.0019,-0.0001,100.0,518.67,642.79,1586.02,1406.63,14.62,21.61,553.59,2388.09,9054.26,1.3,47.51,521.73,2388.05,8145.59,8.4331,0.03,393,2388,100.0,38.91,23.3296,183
69,180,0.0029,0.0,100.0,518.67,642.73,1587.25,1405.21,14.62,21.61,553.72,2388.07,9061.63,1.3,47.42,521.63,2388.1,8143.42,8.4129,0.03,393,2388,100.0,38.75,23.365,182
69,181,0.0019,0.0,100.0,518.67,642.73,1589.07,1404.86,14.62,21.61,554.0,2388.09,9060.61,1.3,47.59,521.39,2388.13,8136.19,8.4084,0.03,392,2388,100.0,38.8,23.3663,181
69,182,0.0009,-0.0004,100.0,518.67,642.4,1589.78,1407.05,14.62,21.61,553.12,2388.08,9060.83,1.3,47.29,522.14,2388.07,8133.93,8.4335,0.03,393,2388,100.0,39.03,23.3038,180
69,183,0.0017,-0.0001,100.0,518.67,642.58,1589.58,1411.02,14.62,21.61,554.45,2388.11,9057.41,1.3,47.47,521.82,2388.14,8135.78,8.4152,0.03,393,2388,100.0,38.83,23.3566,179
69,184,-0.0016,0.0002,100.0,518.67,642.72,1584.7,1404.79,14.62,21.61,554.19,2388.1,9064.39,1.3,47.36,521.85,2388.09,8138.3,8.4312,0.03,393,2388,100.0,39.01,23.3585,178
69,185,0.0017,-0.0005,100.0,518.67,642.33,1580.72,1404.39,14.62,21.61,553.99,2388.12,9061.07,1.3,47.49,521.18,2388.06,8146.7,8.4405,0.03,394,2388,100.0,38.83,23.4062,177
69,186,-0.0002,-0.0001,100.0,518.67,642.35,1588.05,1404.29,14.62,21.61,554.19,2388.08,9056.96,1.3,47.44,521.36,2388.15,8141.93,8.4282,0.03,393,2388,100.0,38.88,23.3461,176
69,187,0.0032,0.0004,100.0,518.67,642.55,1594.73,1408.24,14.62,21.61,553.66,2388.03,9060.78,1.3,47.45,521.04,2388.12,8142.1,8.452,0.03,394,2388,100.0,38.99,23.2977,175
69,188,0.0003,0.0005,100.0,518.67,642.99,1592.52,1408.25,14.62,21.61,553.4,2388.06,9057.77,1.3,47.34,521.79,2388.1,8143.49,8.4284,0.03,395,2388,100.0,38.84,23.2455,174
69,189,-0.0011,0.0002,100.0,518.67,643.06,1586.8,1412.01,14.62,21.61,554.12,2388.07,9055.54,1.3,47.5,521.5,2388.06,8140.36,8.4388,0.03,393,2388,100.0,38.9,23.283,173
69,190,-0.0014,-0.0004,100.0,518.67,642.41,1589.14,1408.3,14.62,21.61,553.27,2388.09,9061.44,1.3,47.5,521.29,2388.05,8137.86,8.3895,0.03,391,2388,100.0,38.78,23.3642,172
69,191,0.0003,0.0005,100.0,518.67,643.01,1590.69,1399.54,14.62,21.61,553.42,2388.09,9067.96,1.3,47.55,521.6,2388.1,8142.5,8.4746,0.03,392,2388,100.0,38.95,23.2709,171
69,192,-0.0,-0.0004,100.0,518.67,642.54,1590.74,1417.58,14.62,21.61,553.43,2388.12,9056.73,1.3,47.58,521.5,2388.13,8138.4,8.4482,0.03,393,2388,100.0,38.89,23.3725,170
69,193,0.0056,-0.0002,100.0,518.67,642.37,1584.5,1404.16,14.62,21.61,553.38,2388.09,9068.3,1.3,47.6,521.16,2388.09,8142.57,8.408,0.03,393,2388,100.0,38.71,23.4194,169
69,194,-0.0024,0.0001,100.0,518.67,642.48,1589.97,1405.74,14.62,21.61,553.67,2388.09,9057.1,1.3,47.51,521.52,2388.1,8139.46,8.4701,0.03,390,2388,100.0,38.72,23.2788,168
69,195,0.0045,0.0004,100.0,518.67,642.53,1581.85,1411.09,14.62,21.61,553.42,2388.1,9059.4,1.3,47.36,521.72,2388.04,8138.02,8.4077,0.03,393,2388,100.0,38.89,23.3483,167
69,196,-0.0001,0.0004,100.0,518.67,642.52,1583.0,1410.31,14.62,21.61,553.48,2388.05,9058.36,1.3,47.52,521.84,2388.07,8133.55,8.4325,0.03,392,2388,100.0,38.91,23.3371,166
69,197,-0.0033,0.0004,100.0,518.67,643.04,1590.52,1405.28,14.62,21.61,553.73,2388.12,9060.98,1.3,47.47,521.23,2388.1,8137.19,8.4257,0.03,393,2388,100.0,38.8,23.3436,165
69,198,0.0003,-0.0004,100.0,518.67,643.42,1589.05,1406.08,14.62,21.61,553.72,2388.12,9054.0,1.3,47.59,521.76,2388.13,8142.97,8.4789,0.03,395,2388,100.0,38.7,23.2793,164
69,199,-0.0015,0.0004,100.0,518.67,642.32,1590.5,1410.85,14.62,21.61,553.74,2388.11,9060.37,1.3,47.41,521.74,2388.08,8137.87,8.4371,0.03,394,2388,100.0,38.65,23.2833,163
69,200,-0.0022,-0.0003,100.0,518.67,642.36,1594.24,1411.26,14.62,21.61,553.71,2388.09,9059.77,1.3,47.44,521.23,2388.15,8138.35,8.4361,0.03,392,2388,100.0,38.83,23.3719,162
69,201,-0.0026,0.0003,100.0,518.67,642.11,1585.17,1411.1,14.62,21.61,554.21,2388.08,9062.36,1.3,47.43,522.0,2388.09,8140.08,8.4379,0.03,393,2388,100.0,38.97,23.1592,161
69,202,0.0011,0.0005,100.0,518.67,642.4,1589.09,1405.16,14.62,21.61,553.19,2388.08,9058.32,1.3,47.39,521.11,2388.09,8140.92,8.4433,0.03,393,2388,100.0,38.99,23.3581,160
69,203,0.0008,-0.0004,100.0,518.67,642.64,1590.68,1405.86,14.62,21.61,553.84,2388.09,9058.26,1.3,47.62,521.68,2388.1,8142.09,8.4446,0.03,393,2388,100.0,38.73,23.2357,159
69,204,0.002,0.0004,100.0,518.67,642.45,1590.63,1404.61,14.62,21.61,553.03,2388.11,9058.21,1.3,47.39,521.45,2388.1,8136.65,8.4173,0.03,394,2388,100.0,38.76,23.29,158
69,205,-0.0016,0.0001,100.0,518.67,642.66,1591.27,1398.64,14.62,21.61,552.91,2388.14,9063.49,1.3,47.45,521.8,2388.08,8140.2,8.417,0.03,394,2388,100.0,38.78,23.3015,157
69,206,-0.0014,0.0,100.0,518.67,642.11,1592.25,1406.51,14.62,21.61,553.69,2388.09,9062.32,1.3,47.37,522.12,2388.08,8138.66,8.4326,0.03,393,2388,100.0,38.83,23.4201,156
69,207,0.0008,-0.0003,100.0,518.67,642.93,1586.6,1414.13,14.62,21.61,552.94,2388.08,9055.54,1.3,47.46,521.42,2388.1,8138.15,8.4317,0.03,393,2388,100.0,38.96,23.3067,155
69,208,-0.0045,-0.0004,100.0,518.67,642.22,1595.37,1401.92,14.62,21.61,553.21,2388.15,9058.25,1.3,47.71,520.74,2388.1,8138.57,8.465,0.03,394,2388,100.0,38.94,23.3366,154
69,209,-0.0006,-0.0002,100.0,518.67,642.79,1585.13,1405.09,14.62,21.61,553.82,2388.1,9064.99,1.3,47.62,521.19,2388.08,8137.47,8.4505,0.03,393,2388,100.0,38.75,23.2816,153
69,210,-0.0012,0.0004,100.0,518.67,641.96,1592.77,1412.28,14.62,21.61,552.73,2388.06,9054.64,1.3,47.51,521.5,2388.08,8141.23,8.4207,0.03,395,2388,100.0,38.9,23.2935,152
69,211,-0.0054,-0.0,100.0,518.67,642.34,1586.1,1411.83,14.62,21.61,553.42,2388.1,9059.54,1.3,47.56,521.65,2388.08,8137.9,8.4207,0.03,393,2388,100.0,38.86,23.2444,151
69,212,-0.002,-0.0002,100.0,518.67,642.56,1591.05,1407.28,14.62,21.61,553.53,2388.12,9058.19,1.3,47.57,521.39,2388.02,8141.21,8.4573,0.03,392,2388,100.0,38.83,23.1772,150
69,213,-0.0018,0.0002,100.0,518.67,642.62,1592.97,1413.59,14.62,21.61,553.37,2388.07,9061.76,1.3,47.48,521.89,2388.09,8138.8,8.4099,0.03,392,2388,100.0,38.73,23.3145,149
69,214,0.004,-0.0004,100.0,518.67,642.71,1596.93,1410.32,14.62,21.61,553.62,2388.11,9059.47,1.3,47.38,521.56,2388.1,8142.6,8.4249,0.03,392,2388,100.0,38.78,23.1653,148
69,215,0.0006,-0.0,100.0,518.67,643.41,1592.08,1406.78,14.62,21.61,554.35,2388.09,9066.61,1.3,47.52,521.15,2388.19,8144.37,8.4344,0.03,394,2388,100.0,38.93,23.2589,147
69,216,-0.0018,-0.0003,100.0,518.67,643.03,1586.26,1412.69,14.62,21.61,553.51,2388.04,9064.46,1.3,47.41,521.74,2388.1,8138.1,8.4403,0.03,394,2388,100.0,38.79,23.3786,146
69,217,-0.0023,-0.0001,100.0,518.67,642.95,1587.59,1402.82,14.62,21.61,554.38,2388.12,9064.84,1.3,47.69,520.94,2388.12,8134.92,8.4358,0.03,395,2388,100.0,38.88,23.3194,145
69,218,0.0001,-0.0,100.0,518.67,642.65,1595.54,1404.21,14.62,21.61,553.8,2388.08,9057.04,1.3,47.57,521.15,2388.1,8136.59,8.4205,0.03,393,2388,100.0,38.8,23.4098,144
69,219,-0.002,0.0005,100.0,518.67,642.43,1590.21,1403.66,14.62,21.61,553.22,2388.09,9057.76,1.3,47.54,521.67,2388.1,8139.79,8.417,0.03,393,2388,100.0,38.83,23.255,143
69,220,0.0011,0.0004,100.0,518.67,642.68,1593.69,1405.96,14.62,21.61,553.04,2388.11,9053.83,1.3,47.58,521.67,2388.12,8140.07,8.4244,0.03,392,2388,100.0,38.76,23.256,142
69,221,0.004,0.0004,100.0,518.67,642.5,1598.19,1413.78,14.62,21.61,553.99,2388.13,9060.82,1.3,47.46,521.2,2388.09,8136.46,8.4365,0.03,393,2388,100.0,38.81,23.3671,141
69,222,0.0054,-0.0001,100.0,518.67,642.42,1586.47,1399.52,14.62,21.61,552.81,2388.16,9065.32,1.3,47.48,521.71,2388.1,8138.35,8.4262,0.03,393,2388,100.0,38.82,23.3398,140
69,223,0.0001,-0.0003,100.0,518.67,643.53,1588.05,1402.8,14.62,21.61,552.81,2388.14,9060.12,1.3,47.56,520.66,2388.1,8133.36,8.4328,0.03,393,2388,100.0,38.89,23.2713,139
69,224,-0.001,-0.0,100.0,518.67,642.71,1590.1,1398.4,14.62,21.61,553.33,2388.08,9060.88,1.3,47.44,521.12,2388.1,8140.54,8.4278,0.03,393,2388,100.0,38.95,23.3484,138
69,225,-0.001,0.0003,100.0,518.67,642.75,1589.34,1409.54,14.62,21.61,553.46,2388.11,9058.58,1.3,47.52,521.17,2388.1,8136.21,8.4323,0.03,392,2388,100.0,39.13,23.2948,137
69,226,0.0016,-0.0002,100.0,518.67,642.81,1589.05,1403.88,14.62,21.61,552.91,2388.12,9056.7,1.3,47.55,521.93,2388.11,8145.45,8.4436,0.03,392,2388,100.0,38.78,23.3362,136
69,227,-0.0021,0.0005,100.0,518.67,642.27,1585.04,1408.38,14.62,21.61,553.06,2388.07,9062.23,1.3,47.57,521.34,2388.12,8141.09,8.4225,0.03,392,2388,100.0,39.05,23.2655,135
69,228,-0.0018,-0.0001,100.0,518.67,642.22,1586.72,1411.47,14.62,21.61,553.77,2388.09,9057.73,1.3,47.43,520.71,2388.07,8137.2,8.427,0.03,394,2388,100.0,38.92,23.3789,134
69,229,-0.0003,-0.0003,100.0,518.67,642.48,1592.42,1414.32,14.62,21.61,553.04,2388.11,9061.86,1.3,47.61,521.8,2388.13,8140.37,8.4574,0.03,393,2388,100.0,38.8,23.3666,133
69,230,-0.0003,-0.0005,100.0,518.67,642.56,1591.18,1404.0,14.62,21.61,553.31,2388.09,9060.88,1.3,47.49,522.18,2388.05,8134.19,8.449,0.03,392,2388,100.0,38.78,23.3486,132
69,231,-0.0035,-0.0004,100.0,518.67,642.87,1594.94,1416.59,14.62,21.61,553.37,2388.09,9057.56,1.3,47.65,521.17,2388.08,8133.77,8.4451,0.03,393,2388,100.0,38.55,23.2866,131
69,232,-0.0006,-0.0002,100.0,518.67,642.92,1589.88,1403.38,14.62,21.61,553.66,2388.12,9059.72,1.3,47.54,521.55,2388.11,8135.2,8.4359,0.03,392,2388,100.0,38.76,23.2917,130
69,233,0.0013,0.0002,100.0,518.67,642.58,1588.64,1414.12,14.62,21.61,553.65,2388.13,9061.74,1.3,47.62,521.17,2388.11,8138.87,8.41,0.03,392,2388,100.0,38.77,23.2885,129
69,234,0.0007,0.0001,100.0,518.67,641.98,1589.61,1417.7,14.62,21.61,553.1,2388.12,9058.65,1.3,47.66,521.84,2388.1,8139.82,8.4399,0.03,393,2388,100.0,38.75,23.3461,128
69,235,-0.0009,-0.0003,100.0,518.67,642.79,1595.12,1411.79,14.62,21.61,553.74,2388.14,9060.02,1.3,47.41,521.62,2388.09,8135.58,8.4551,0.03,393,2388,100.0,38.65,23.0768,127
69,236,0.0009,0.0002,100.0,518.67,643.06,1590.61,1410.52,14.62,21.61,553.59,2388.12,9055.45,1.3,47.39,521.28,2388.12,8140.52,8.4341,0.03,392,2388,100.0,38.82,23.3892,126
69,237,-0.0045,0.0002,100.0,518.67,642.35,1585.43,1415.45,14.62,21.61,553.06,2388.11,9062.26,1.3,47.69,521.36,2388.08,8133.31,8.4308,0.03,391,2388,100.0,38.81,23.3268,125
69,238,-0.002,0.0004,100.0,518.67,642.23,1589.67,1407.89,14.62,21.61,553.43,2388.1,9062.04,1.3,47.54,521.38,2388.11,8138.2,8.4211,0.03,392,2388,100.0,38.9,23.3657,124
69,239,-0.0016,0.0005,100.0,518.67,643.18,1581.22,1406.81,14.62,21.61,552.88,2388.11,9063.76,1.3,47.59,521.26,2388.09,8138.4,8.4704,0.03,391,2388,100.0,38.77,23.2965,123
69,240,-0.0011,0.0003,100.0,518.67,642.98,1592.27,1414.69,14.62,21.61,552.91,2388.14,9061.96,1.3,47.72,522.0,2388.1,8140.53,8.4928,0.03,393,2388,100.0,38.76,23.247,122
69,241,-0.0008,-0.0004,100.0,518.67,643.02,1594.17,1408.21,14.62,21.61,553.16,2388.11,9060.72,1.3,47.68,521.56,2388.13,8136.94,8.4609,0.03,392,2388,100.0,38.91,23.2709,121
69,242,0.005,0.0004,100.0,518.67,642.74,1589.7,1411.08,14.62,21.61,553.33,2388.11,9054.18,1.3,47.57,521.37,2388.15,8138.45,8.4639,0.03,393,2388,100.0,38.61,23.3315,120
69,243,0.0033,0.0005,100.0,518.67,642.31,1588.43,1408.73,14.62,21.61,553.39,2388.08,9060.8,1.3,47.49,521.15,2388.12,8139.52,8.456,0.03,392,2388,100.0,38.77,23.1342,119
69,244,-0.0009,0.0005,100.0,518.67,643.11,1587.59,1411.38,14.62,21.61,553.17,2388.15,9058.03,1.3,47.5,521.69,2388.06,8139.78,8.4233,0.03,392,2388,100.0,38.71,23.3112,118
69,245,-0.0001,0.0,100.0,518.67,642.34,1584.83,1408.43,14.62,21.61,553.51,2388.11,9057.66,1.3,47.55,521.29,2388.11,8132.6,8.4538,0.03,394,2388,100.0,38.83,23.2002,117
69,246,0.0024,0.0002,100.0,518.67,643.14,1592.93,1412.71,14.62,21.61,552.57,2388.17,9063.7,1.3,47.51,521.96,2388.15,8139.81,8.4663,0.03,395,2388,100.0,38.81,23.2853,116
69,247,-0.0015,-0.0002,100.0,518.67,642.61,1592.12,1409.07,14.62,21.61,553.32,2388.11,9052.05,1.3,47.56,521.09,2388.13,8132.31,8.4327,0.03,394,2388,100.0,38.67,23.2619,115
69,248,-0.0018,0.0005,100.0,518.67,642.73,1591.72,1416.02,14.62,21.61,553.61,2388.11,9058.55,1.3,47.63,521.42,2388.09,8142.71,8.4378,0.03,393,2388,100.0,38.87,23.3237,114
69,249,-0.0007,0.0003,100.0,518.67,642.47,1596.07,1412.61,14.62,21.61,553.66,2388.08,9061.25,1.3,47.55,520.73,2388.1,8137.53,8.4117,0.03,392,2388,100.0,38.84,23.3233,113
69,250,0.0023,-0.0002,100.0,518.67,642.52,1589.89,1410.27,14.62,21.61,553.91,2388.12,9059.02,1.3,47.71,521.26,2388.08,8140.06,8.4307,0.03,393,2388,100.0,38.68,23.2461,112
69,251,0.0016,0.0003,100.0,518.67,642.33,1592.05,1410.23,14.62,21.61,553.41,2388.09,9059.4,1.3,47.35,520.61,2388.1,8135.89,8.495,0.03,392,2388,100.0,38.96,23.1695,111
69,252,0.0007,-0.0001,100.0,518.67,643.18,1594.4,1406.82,14.62,21.61,553.54,2388.06,9056.35,1.3,47.53,520.49,2388.14,8137.45,8.4417,0.03,394,2388,100.0,38.62,23.235,110
69,253,-0.0008,0.0003,100.0,518.67,643.12,1592.17,1410.92,14.62,21.61,553.01,2388.15,9058.43,1.3,47.58,521.15,2388.11,8138.2,8.4807,0.03,395,2388,100.0,38.84,23.271,109
69,254,0.0024,0.0003,100.0,518.67,642.95,1591.72,1416.17,14.62,21.61,552.84,2388.12,9063.93,1.3,47.5,520.94,2388.13,8139.93,8.4403,0.03,394,2388,100.0,38.77,23.2698,108
69,255,0.005,0.0002,100.0,518.67,642.37,1587.85,1420.35,14.62,21.61,552.86,2388.07,9063.92,1.3,47.55,521.57,2388.06,8131.61,8.4992,0.03,395,2388,100.0,38.78,23.3193,107
69,256,-0.0009,0.0002,100.0,518.67,642.7,1589.31,1414.76,14.62,21.61,553.42,2388.11,9061.47,1.3,47.82,521.66,2388.13,8139.57,8.4537,0.03,394,2388,100.0,38.76,23.2914,106
69,257,-0.0022,-0.0001,100.0,518.67,643.26,1589.79,1412.35,14.62,21.61,552.61,2388.16,9053.88,1.3,47.65,521.26,2388.11,8133.35,8.4723,0.03,393,2388,100.0,38.77,23.2221,105
69,258,-0.0019,-0.0001,100.0,518.67,642.72,1589.38,1419.15,14.62,21.61,554.01,2388.13,9060.94,1.3,47.6,521.2,2388.15,8141.03,8.4715,0.03,394,2388,100.0,38.83,23.2437,104
69,259,0.002,-0.0003,100.0,518.67,642.33,1590.4,1418.05,14.62,21.61,552.6,2388.12,9053.82,1.3,47.59,520.31,2388.16,8136.45,8.4675,0.03,394,2388,100.0,38.78,23.2203,103
69,260,0.0039,-0.0003,100.0,518.67,642.32,1588.34,1413.35,14.62,21.61,553.39,2388.09,9057.4,1.3,47.69,521.07,2388.14,8136.38,8.4394,0.03,394,2388,100.0,38.57,23.3901,102
69,261,0.0002,-0.0002,100.0,518.67,642.55,1587.98,1409.19,14.62,21.61,553.46,2388.12,9068.19,1.3,47.44,521.74,2388.18,8133.52,8.443,0.03,393,2388,100.0,38.61,23.198,101
69,262,-0.0014,-0.0001,100.0,518.67,642.48,1589.2,1416.58,14.62,21.61,552.9,2388.15,9061.6,1.3,47.51,521.52,2388.15,8142.83,8.4351,0.03,394,2388,100.0,38.7,23.2629,100
69,263,-0.0017,-0.0002,100.0,518.67,642.7,1590.85,1405.98,14.62,21.61,552.91,2388.14,9057.04,1.3,47.69,521.52,2388.16,8136.82,8.4744,0.03,394,2388,100.0,38.92,23.2025,99
69,264,-0.0019,-0.0004,100.0,518.67,642.98,1591.98,1414.06,14.62,21.61,553.76,2388.17,9062.05,1.3,47.78,520.71,2388.12,8140.25,8.4589,0.03,392,2388,100.0,38.74,23.2364,98
69,265,-0.0025,0.0005,100.0,518.67,642.93,1590.06,1414.15,14.62,21.61,552.48,2388.12,9064.72,1.3,47.73,521.24,2388.14,8136.75,8.4309,0.03,393,2388,100.0,38.74,23.3176,97
69,266,0.0009,0.0004,100.0,518.67,643.25,1591.95,1409.95,14.62,21.61,553.24,2388.09,9060.73,1.3,47.82,521.68,2388.15,8136.94,8.4504,0.03,393,2388,100.0,38.88,23.3357,96
69,267,-0.0004,0.0004,100.0,518.67,642.95,1594.27,1415.54,14.62,21.61,552.85,2388.2,9054.96,1.3,47.69,521.14,2388.17,8133.44,8.4612,0.03,393,2388,100.0,38.77,23.243,95
69,268,-0.0004,0.0001,100.0,518.67,643.11,1591.97,1404.21,14.62,21.61,553.04,2388.1,9067.07,1.3,47.62,520.92,2388.14,8137.64,8.474,0.03,393,2388,100.0,38.7,23.3324,94
69,269,0.0039,0.0001,100.0,518.67,642.85,1589.58,1410.36,14.62,21.61,553.43,2388.14,9066.16,1.3,47.6,521.31,2388.14,8142.85,8.4442,0.03,393,2388,100.0,38.58,23.2596,93
69,270,0.0048,0.0001,100.0,518.67,642.74,1596.66,1413.2,14.62,21.61,551.88,2388.14,9055.72,1.3,47.51,520.92,2388.12,8133.16,8.4631,0.03,395,2388,100.0,38.66,23.1488,92
69,271,-0.0009,-0.0002,100.0,518.67,642.75,1599.68,1409.69,14.62,21.61,552.63,2388.12,9054.35,1.3,47.53,520.86,2388.17,8130.84,8.4516,0.03,392,2388,100.0,38.6,23.2817,91
69,272,-0.0016,0.0004,100.0,518.67,643.02,1592.28,1420.53,14.62,21.61,552.87,2388.18,9064.04,1.3,47.84,520.9,2388.17,8138.38,8.4329,0.03,393,2388,100.0,38.7,23.3502,90
69,273,0.0006,-0.0002,100.0,518.67,642.67,1595.9,1412.36,14.62,21.61,553.56,2388.08,9060.88,1.3,47.56,521.03,2388.14,8137.43,8.4907,0.03,393,2388,100.0,38.68,23.2731,89
69,274,-0.0013,0.0002,100.0,518.67,642.52,1600.44,1411.3,14.62,21.61,552.28,2388.16,9051.55,1.3,47.65,520.49,2388.18,8136.55,8.4082,0.03,394,2388,100.0,38.93,23.3377,88
69,275,-0.0014,-0.0004,100.0,518.67,643.52,1587.82,1408.05,14.62,21.61,552.55,2388.13,9058.76,1.3,47.82,521.2,2388.14,8137.13,8.4688,0.03,393,2388,100.0,38.64,23.286,87
69,276,0.0015,0.0003,100.0,518.67,642.5,1594.59,1413.63,14.62,21.61,553.37,2388.16,9054.96,1.3,47.77,520.57,2388.17,8141.67,8.4285,0.03,395,2388,100.0,38.46,23.277,86
69,277,-0.0047,0.0001,100.0,518.67,643.17,1598.01,1418.37,14.62,21.61,553.52,2388.14,9059.68,1.3,47.92,520.73,2388.11,8139.72,8.4511,0.03,395,2388,100.0,38.69,23.314,85
69,278,-0.0053,-0.0,100.0,518.67,642.47,1587.57,1412.32,14.62,21.61,552.3,2388.16,9055.99,1.3,47.65,520.82,2388.13,8137.09,8.4519,0.03,395,2388,100.0,38.78,23.3003,84
69,279,-0.0002,0.0002,100.0,518.67,643.18,1594.44,1423.04,14.62,21.61,553.04,2388.1,9052.98,1.3,47.73,520.93,2388.15,8135.56,8.4807,0.03,394,2388,100.0,38.81,23.2965,83
69,280,0.0015,0.0003,100.0,518.67,642.86,1596.39,1414.99,14.62,21.61,552.9,2388.15,9054.87,1.3,47.76,521.33,2388.12,8129.74,8.4591,0.03,393,2388,100.0,38.95,23.2538,82
69,281,-0.0008,0.0004,100.0,518.67,642.79,1590.53,1410.25,14.62,21.61,552.84,2388.12,9054.69,1.3,47.7,520.85,2388.14,8137.83,8.45,0.03,394,2388,100.0,38.77,23.2109,81
69,282,0.0009,0.0005,100.0,518.67,643.01,1589.02,1413.74,14.62,21.61,553.31,2388.17,9061.8,1.3,47.85,520.94,2388.12,8127.35,8.4242,0.03,395,2388,100.0,38.81,23.3019,80
69,283,0.0023,0.0001,100.0,518.67,642.79,1588.62,1419.46,14.62,21.61,553.05,2388.15,9054.5,1.3,47.53,521.15,2388.17,8136.91,8.4786,0.03,394,2388,100.0,38.66,23.2786,79
69,284,0.0022,-0.0003,100.0,518.67,643.24,1591.6,1422.47,14.62,21.61,552.82,2388.09,9056.96,1.3,47.67,521.21,2388.17,8136.03,8.4846,0.03,393,2388,100.0,38.81,23.2393,78
69,285,-0.0003,0.0004,100.0,518.67,642.97,1596.03,1419.53,14.62,21.61,552.52,2388.18,9056.69,1.3,47.71,520.74,2388.2,8133.16,8.4478,0.03,393,2388,100.0,38.68,23.3086,77
69,286,0.0027,-0.0,100.0,518.67,642.95,1599.22,1417.14,14.62,21.61,553.18,2388.15,9062.96,1.3,47.66,520.43,2388.18,8132.98,8.4842,0.03,394,2388,100.0,38.78,23.2925,76
69,287,0.0011,0.0003,100.0,518.67,642.87,1598.24,1415.16,14.62,21.61,553.36,2388.15,9053.34,1.3,47.93,519.97,2388.14,8133.99,8.4412,0.03,394,2388,100.0,38.84,23.2688,75
69,288,0.0074,0.0002,100.0,518.67,643.29,1594.47,1415.36,14.62,21.61,552.61,2388.14,9065.16,1.3,47.77,521.01,2388.19,8132.56,8.5204,0.03,395,2388,100.0,38.58,23.2277,74
69,289,-0.0014,-0.0001,100.0,518.67,642.48,1591.49,1416.28,14.62,21.61,553.29,2388.11,9057.55,1.3,47.54,520.71,2388.15,8130.56,8.4815,0.03,393,2388,100.0,38.68,23.2397,73
69,290,-0.0009,0.0005,100.0,518.67,643.08,1591.32,1414.42,14.62,21.61,552.88,2388.13,9055.9,1.3,47.57,520.8,2388.16,8139.26,8.4251,0.03,395,2388,100.0,38.67,23.1954,72
69,291,-0.0031,0.0,100.0,518.67,643.35,1587.86,1410.72,14.62,21.61,552.4,2388.12,9066.84,1.3,47.97,521.14,2388.16,8136.83,8.5041,0.03,395,2388,100.0,38.75,23.1855,71
69,292,0.0023,0.0004,100.0,518.67,642.88,1591.47,1414.13,14.62,21.61,552.84,2388.18,9060.38,1.3,47.94,520.61,2388.16,8133.37,8.4937,0.03,392,2388,100.0,38.64,23.2471,70
69,293,0.0004,-0.0,100.0,518.67,643.2,1596.1,1419.82,14.62,21.61,552.53,2388.19,9062.31,1.3,47.8,521.53,2388.11,8138.41,8.4634,0.03,395,2388,100.0,38.69,23.2599,69
69,294,0.0005,-0.0002,100.0,518.67,642.83,1590.05,1421.63,14.62,21.61,551.75,2388.18,9055.71,1.3,47.82,520.79,2388.2,8135.49,8.468,0.03,394,2388,100.0,38.47,23.1765,68
69,295,0.0026,0.0004,100.0,518.67,642.99,1594.49,1418.43,14.62,21.61,552.2,2388.11,9063.23,1.3,47.77,520.82,2388.16,8138.47,8.4499,0.03,394,2388,100.0,38.95,23.1465,67
69,296,0.0028,0.0004,100.0,518.67,642.58,1595.72,1416.09,14.62,21.61,551.89,2388.16,9064.71,1.3,47.6,520.39,2388.2,8136.22,8.4666,0.03,395,2388,100.0,38.69,23.2406,66
69,297,-0.0011,-0.0,100.0,518.67,643.2,1599.98,1411.91,14.62,21.61,552.74,2388.16,9059.59,1.3,47.72,520.52,2388.2,8137.7,8.4373,0.03,394,2388,100.0,38.69,23.268,65
69,298,0.0014,-0.0004,100.0,518.67,643.0,1594.5,1411.95,14.62,21.61,552.42,2388.2,9067.58,1.3,47.81,520.18,2388.15,8130.5,8.4716,0.03,394,2388,100.0,38.77,23.2359,64
69,299,0.0021,0.0004,100.0,518.67,642.7,1597.84,1411.96,14.62,21.61,552.27,2388.19,9059.08,1.3,47.77,520.74,2388.16,8137.73,8.5009,0.03,393,2388,100.0,38.51,23.0842,63
69,300,0.0014,-0.0004,100.0,518.67,643.19,1590.34,1423.67,14.62,21.61,552.74,2388.19,9057.01,1.3,47.65,520.55,2388.14,8137.03,8.4638,0.03,395,2388,100.0,38.67,23.2047,62
69,301,-0.0017,0.0001,100.0,518.67,642.89,1592.73,1413.19,14.62,21.61,552.29,2388.19,9056.62,1.3,47.79,521.11,2388.17,8139.74,8.4776,0.03,393,2388,100.0,38.66,23.256,61
69,302,0.0009,0.0001,100.0,518.67,642.92,1602.26,1415.1,14.62,21.61,552.27,2388.22,9055.55,1.3,47.96,520.93,2388.14,8129.69,8.4525,0.03,394,2388,100.0,38.59,23.2222,60
69,303,0.0013,-0.0002,100.0,518.67,643.41,1598.23,1415.44,14.62,21.61,552.35,2388.16,9057.84,1.3,47.74,520.7,2388.21,8135.87,8.4842,0.03,396,2388,100.0,38.66,23.2698,59
69,304,-0.0011,-0.0002,100.0,518.67,642.98,1594.42,1420.09,14.62,21.61,551.97,2388.17,9056.32,1.3,47.71,521.03,2388.17,8137.34,8.4851,0.03,395,2388,100.0,38.7,23.1334,58
69,305,-0.0043,0.0,100.0,518.67,642.72,1594.9,1413.84,14.62,21.61,552.85,2388.2,9056.2,1.3,47.66,520.27,2388.15,8138.52,8.471,0.03,394,2388,100.0,38.9,23.1881,57
69,306,-0.0028,-0.0004,100.0,518.67,642.81,1595.53,1422.08,14.62,21.61,552.04,2388.18,9063.73,1.3,47.78,520.48,2388.19,8137.07,8.4567,0.03,395,2388,100.0,38.76,23.1381,56
69,307,-0.0038,-0.0002,100.0,518.67,642.4,1593.46,1412.92,14.62,21.61,552.9,2388.18,9063.79,1.3,47.78,521.11,2388.21,8138.92,8.4455,0.03,394,2388,100.0,38.63,23.1885,55
69,308,0.0047,0.0005,100.0,518.67,643.09,1596.09,1424.03,14.62,21.61,552.74,2388.22,9062.43,1.3,47.75,520.81,2388.14,8137.62,8.4338,0.03,394,2388,100.0,38.63,23.1685,54
69,309,0.0011,-0.0003,100.0,518.67,643.23,1593.02,1424.59,14.62,21.61,552.13,2388.17,9058.15,1.3,47.8,520.4,2388.14,8135.64,8.4759,0.03,394,2388,100.0,38.61,23.1986,53
69,310,-0.0019,0.0002,100.0,518.67,643.2,1588.64,1413.82,14.62,21.61,552.72,2388.13,9063.86,1.3,47.82,520.78,2388.23,8136.18,8.4977,0.03,393,2388,100.0,38.71,23.109,52
69,311,0.0021,-0.0001,100.0,518.67,643.08,1602.82,1417.41,14.62,21.61,552.62,2388.18,9056.16,1.3,47.85,520.15,2388.21,8134.99,8.4551,0.03,394,2388,100.0,38.69,23.2569,51
69,312,0.003,-0.0004,100.0,518.67,643.8,1597.02,1418.39,14.62,21.61,551.97,2388.19,9057.76,1.3,47.94,520.06,2388.18,8132.42,8.4981,0.03,395,2388,100.0,38.44,23.1333,50
69,313,0.0003,-0.0004,100.0,518.67,643.07,1602.16,1415.37,14.62,21.61,552.28,2388.16,9056.99,1.3,47.89,520.82,2388.19,8134.18,8.5059,0.03,397,2388,100.0,38.74,23.0978,49
69,314,-0.005,0.0005,100.0,518.67,643.05,1595.21,1413.3,14.62,21.61,552.05,2388.16,9055.56,1.3,47.86,520.74,2388.19,8132.48,8.4518,0.03,396,2388,100.0,38.39,23.1191,48
69,315,-0.001,0.0003,100.0,518.67,643.4,1589.26,1424.92,14.62,21.61,551.8,2388.21,9059.47,1.3,48.03,520.32,2388.21,8134.5,8.4753,0.03,396,2388,100.0,38.63,23.2057,47
69,316,0.0004,0.0005,100.0,518.67,643.12,1590.91,1427.92,14.62,21.61,553.08,2388.17,9063.18,1.3,47.86,520.29,2388.22,8133.84,8.4529,0.03,394,2388,100.0,38.64,23.1094,46
69,317,0.0009,-0.0004,100.0,518.67,642.69,1597.26,1414.16,14.62,21.61,552.52,2388.22,9058.78,1.3,47.77,520.29,2388.16,8133.06,8.5107,0.03,395,2388,100.0,38.82,23.1902,45
69,318,-0.0014,-0.0003,100.0,518.67,643.25,1595.83,1423.28,14.62,21.61,552.13,2388.19,9056.97,1.3,47.8,520.36,2388.16,8132.53,8.4785,0.03,395,2388,100.0,38.71,23.217,44
69,319,0.0003,-0.0004,100.0,518.67,642.96,1589.9,1421.58,14.62,21.61,551.65,2388.19,9053.25,1.3,47.78,520.19,2388.23,8132.2,8.4892,0.03,394,2388,100.0,38.56,23.1607,43
69,320,-0.0008,0.0004,100.0,518.67,642.88,1590.42,1424.72,14.62,21.61,552.07,2388.25,9058.56,1.3,47.8,520.85,2388.23,8131.28,8.4977,0.03,396,2388,100.0,38.59,23.1286,42
69,321,0.0019,-0.0,100.0,518.67,643.15,1596.85,1417.1,14.62,21.61,551.76,2388.2,9058.79,1.3,47.95,520.35,2388.18,8136.37,8.475,0.03,395,2388,100.0,38.36,23.1633,41
69,322,0.0015,0.0002,100.0,518.67,642.8,1594.64,1418.6,14.62,21.61,551.95,2388.18,9047.71,1.3,48.16,520.31,2388.2,8132.64,8.5135,0.03,395,2388,100.0,38.67,23.178,40
69,323,-0.0007,0.0002,100.0,518.67,643.62,1594.96,1424.02,14.62,21.61,551.92,2388.26,9054.97,1.3,47.95,520.7,2388.17,8134.63,8.5086,0.03,395,2388,100.0,38.66,23.1136,39
69,324,0.0024,0.0005,100.0,518.67,643.53,1601.73,1418.32,14.62,21.61,551.91,2388.23,9057.5,1.3,48.0,520.19,2388.25,8131.95,8.481,0.03,395,2388,100.0,38.52,23.1942,38
69,325,-0.0006,-0.0002,100.0,518.67,643.22,1590.55,1417.65,14.62,21.61,552.11,2388.16,9061.77,1.3,47.84,520.46,2388.19,8135.71,8.5068,0.03,396,2388,100.0,38.63,23.2539,37
69,326,0.0004,-0.0003,100.0,518.67,643.35,1593.28,1421.79,14.62,21.61,551.84,2388.25,9058.01,1.3,47.9,520.54,2388.25,8134.76,8.5149,0.03,397,2388,100.0,38.57,23.1198,36
69,327,0.0033,0.0002,100.0,518.67,643.01,1600.45,1424.25,14.62,21.61,552.3,2388.2,9063.22,1.3,47.87,520.13,2388.21,8129.9,8.4909,0.03,394,2388,100.0,38.5,23.1358,35
69,328,0.0004,-0.0001,100.0,518.67,643.38,1597.37,1425.58,14.62,21.61,552.46,2388.18,9060.35,1.3,47.84,519.99,2388.16,8135.29,8.4578,0.03,395,2388,100.0,38.62,23.0971,34
69,329,0.0022,-0.0001,100.0,518.67,643.1,1598.81,1426.96,14.62,21.61,551.79,2388.18,9056.36,1.3,48.04,520.5,2388.2,8135.63,8.5046,0.03,393,2388,100.0,38.53,23.1994,33
69,330,0.001,0.0003,100.0,518.67,643.34,1599.07,1428.11,14.62,21.61,551.86,2388.23,9064.14,1.3,47.81,520.08,2388.24,8137.72,8.5013,0.03,396,2388,100.0,38.52,23.2652,32
69,331,-0.0014,0.0005,100.0,518.67,643.28,1591.95,1431.51,14.62,21.61,552.15,2388.2,9064.84,1.3,47.89,520.63,2388.22,8133.73,8.4914,0.03,393,2388,100.0,38.62,23.128,31
69,332,0.0017,0.0004,100.0,518.67,643.25,1602.31,1425.43,14.62,21.61,551.19,2388.22,9052.3,1.3,47.98,520.17,2388.18,8133.4,8.4862,0.03,395,2388,100.0,38.54,23.0229,30
69,333,0.0029,0.0003,100.0,518.67,642.84,1592.72,1423.86,14.62,21.61,551.7,2388.22,9060.89,1.3,48.06,520.14,2388.21,8136.27,8.4899,0.03,396,2388,100.0,38.56,23.0886,29
69,334,0.0029,0.0002,100.0,518.67,644.16,1602.95,1423.27,14.62,21.61,552.1,2388.2,9045.19,1.3,48.06,519.8,2388.25,8132.1,8.4869,0.03,395,2388,100.0,38.52,23.1171,28
69,335,-0.0,0.0003,100.0,518.67,643.17,1592.32,1421.65,14.62,21.61,551.66,2388.23,9062.78,1.3,47.94,520.47,2388.22,8135.78,8.4707,0.03,396,2388,100.0,38.64,23.2003,27
69,336,0.0013,-0.0003,100.0,518.67,644.19,1604.62,1427.29,14.62,21.61,551.7,2388.26,9051.64,1.3,47.97,520.64,2388.21,8129.35,8.5022,0.03,395,2388,100.0,38.68,23.1434,26
69,337,-0.0054,-0.0004,100.0,518.67,643.85,1597.91,1422.25,14.62,21.61,552.13,2388.27,9058.21,1.3,47.9,520.2,2388.22,8133.44,8.4705,0.03,394,2388,100.0,38.44,23.2252,25
69,338,0.0022,0.0002,100.0,518.67,643.59,1599.31,1423.03,14.62,21.61,552.64,2388.25,9058.88,1.3,48.08,519.55,2388.22,8130.13,8.4991,0.03,395,2388,100.0,38.42,23.0883,24
69,339,-0.0,-0.0004,100.0,518.67,643.77,1589.96,1419.72,14.62,21.61,552.35,2388.27,9052.69,1.3,48.02,520.44,2388.24,8136.71,8.4823,0.03,395,2388,100.0,38.34,23.128,23
69,340,-0.0047,-0.0001,100.0,518.67,643.45,1589.69,1422.42,14.62,21.61,551.01,2388.26,9059.05,1.3,48.16,519.87,2388.33,8128.67,8.4924,0.03,397,2388,100.0,38.49,23.0744,22
69,341,-0.0006,-0.0003,100.0,518.67,643.11,1599.62,1416.4,14.62,21.61,551.9,2388.22,9054.92,1.3,48.27,519.99,2388.27,8135.79,8.5267,0.03,395,2388,100.0,38.47,23.0902,21
69,342,-0.0012,-0.0003,100.0,518.67,642.68,1597.54,1423.81,14.62,21.61,551.05,2388.22,9064.75,1.3,48.23,519.71,2388.22,8130.43,8.5047,0.03,395,2388,100.0,38.46,23.1672,20
69,343,-0.0012,0.0005,100.0,518.67,644.11,1604.22,1424.69,14.62,21.61,551.72,2388.24,9060.21,1.3,47.89,519.92,2388.21,8131.95,8.4996,0.03,396,2388,100.0,38.66,23.0685,19
69,344,-0.0031,0.0003,100.0,518.67,643.52,1596.48,1422.5,14.62,21.61,551.89,2388.2,9051.62,1.3,48.09,520.02,2388.27,8129.23,8.5404,0.03,396,2388,100.0,38.54,23.0243,18
69,345,0.0003,0.0002,100.0,518.67,643.97,1607.97,1426.21,14.62,21.61,551.35,2388.28,9059.46,1.3,48.08,519.47,2388.2,8128.13,8.5109,0.03,397,2388,100.0,38.59,23.1089,17
69,346,0.0022,-0.0,100.0,518.67,643.91,1598.91,1427.02,14.62,21.61,551.71,2388.22,9051.77,1.3,47.91,519.92,2388.22,8130.69,8.5419,0.03,396,2388,100.0,38.43,23.1419,16
69,347,-0.0031,0.0002,100.0,518.67,643.71,1602.48,1431.4,14.62,21.61,551.77,2388.22,9062.12,1.3,48.11,520.15,2388.22,8129.63,8.5209,0.03,394,2388,100.0,38.65,23.0814,15
69,348,0.0006,-0.0003,100.0,518.67,643.45,1599.49,1427.13,14.62,21.61,551.18,2388.29,9045.07,1.3,48.23,520.11,2388.24,8132.81,8.5353,0.03,395,2388,100.0,38.45,23.1088,14
69,349,-0.0001,0.0004,100.0,518.67,643.34,1594.56,1428.26,14.62,21.61,551.64,2388.25,9060.96,1.3,47.95,520.02,2388.23,8132.11,8.5139,0.03,396,2388,100.0,38.43,23.1692,13
69,350,0.0023,0.0005,100.0,518.67,643.64,1601.57,1422.02,14.62,21.61,551.05,2388.27,9055.54,1.3,48.1,519.95,2388.26,8133.12,8.5011,0.03,395,2388,100.0,38.34,23.0312,12
69,351,-0.0013,-0.0,100.0,518.67,643.18,1595.07,1433.34,14.62,21.61,551.12,2388.26,9052.0,1.3,48.25,519.75,2388.26,8134.02,8.5193,0.03,396,2388,100.0,38.42,23.1454,11
69,352,-0.0025,-0.0001,100.0,518.67,643.59,1593.9,1422.75,14.62,21.61,551.98,2388.29,9058.81,1.3,48.04,519.2,2388.26,8125.82,8.5017,0.03,396,2388,100.0,38.6,23.1241,10
69,353,0.0028,-0.0001,100.0,518.67,643.73,1598.88,1425.36,14.62,21.61,551.97,2388.25,9056.35,1.3,47.93,519.74,2388.27,8135.64,8.538,0.03,396,2388,100.0,38.44,23.1361,9
69,354,0.0015,0.0001,100.0,518.67,643.66,1606.28,1430.15,14.62,21.61,550.34,2388.25,9057.35,1.3,48.16,519.84,2388.21,8134.22,8.5193,0.03,394,2388,100.0,38.3,23.0443,8
69,355,0.0011,0.0002,100.0,518.67,643.34,1593.05,1425.27,14.62,21.61,551.62,2388.24,9055.71,1.3,48.24,519.99,2388.25,8132.12,8.5279,0.03,395,2388,100.0,38.5,22.9635,7
69,356,0.0021,-0.0,100.0,518.67,643.19,1605.11,1428.43,14.62,21.61,551.02,2388.25,9056.07,1.3,48.12,519.85,2388.27,8133.55,8.5208,0.03,396,2388,100.0,38.43,23.0768,6
69,357,0.0006,0.0002,100.0,518.67,643.86,1601.8,1428.18,14.62,21.61,550.53,2388.25,9062.01,1.3,48.3,519.58,2388.26,8128.06,8.5572,0.03,396,2388,100.0,38.56,23.1233,5
69,358,0.004,-0.0002,100.0,518.67,643.74,1609.53,1428.26,14.62,21.61,551.6,2388.2,9053.75,1.3,48.28,520.31,2388.26,8129.59,8.546,0.03,397,2388,100.0,38.53,23.0549,4
69,359,0.0013,0.0003,100.0,518.67,643.46,1603.83,1429.82,14.62,21.61,551.62,2388.28,9056.81,1.3,48.13,519.86,2388.27,8131.2,8.5116,0.03,396,2388,100.0,38.28,23.061,3
69,360,0.0004,-0.0001,100.0,518.67,643.97,1597.75,1428.85,14.62,21.61,551.32,2388.31,9058.88,1.3,48.14,518.69,2388.26,8126.63,8.5059,0.03,396,2388,100.0,38.47,23.0422,2
69,361,0.0016,-0.0002,100.0,518.67,643.65,1603.5,1433.95,14.62,21.61,551.13,2388.29,9055.52,1.3,48.09,520.48,2388.32,8132.97,8.527,0.03,396,2388,100.0,38.52,23.1208,1
69,362,0.0007,-0.0,100.0,518.67,643.75,1598.16,1428.28,14.62,21.61,551.55,2388.31,9054.19,1.3,48.02,519.12,2388.33,8124.27,8.5126,0.03,397,2388,100.0,38.42,22.9782,0
70,1,0.0021,0.0001,100.0,518.67,642.26,1588.45,1400.02,14.62,21.61,552.94,2388.09,9065.41,1.3,47.61,521.18,2388.07,8138.06,8.43,0.03,392,2388,100.0,38.81,23.418,136
70,2,-0.0009,0.0004,100.0,518.67,642.59,1590.0,1407.22,14.62,21.61,552.5,2388.11,9059.25,1.3,47.48,522.08,2388.12,8134.76,8.4447,0.03,394,2388,100.0,38.79,23.3135,135
70,3,-0.0008,-0.0,100.0,518.67,642.82,1586.05,1408.64,14.62,21.61,553.75,2388.09,9063.08,1.3,47.45,521.93,2388.03,8140.84,8.4202,0.03,392,2388,100.0,38.87,23.414,134
70,4,0.0005,-0.0005,100.0,518.67,642.24,1591.24,1398.32,14.62,21.61,553.56,2388.09,9057.79,1.3,47.52,521.85,2388.05,8137.74,8.4472,0.03,393,2388,100.0,38.91,23.2512,133
70,5,-0.0005,-0.0004,100.0,518.67,642.32,1580.76,1399.39,14.62,21.61,554.21,2388.04,9059.36,1.3,47.43,521.6,2388.08,8136.12,8.4073,0.03,391,2388,100.0,39.02,23.3361,132
70,6,-0.0042,-0.0002,100.0,518.67,642.43,1582.35,1402.19,14.62,21.61,554.3,2388.07,9052.55,1.3,47.47,521.32,2388.08,8145.12,8.4223,0.03,392,2388,100.0,39.02,23.3396,131
70,7,-0.0003,0.0003,100.0,518.67,642.54,1583.29,1394.98,14.62,21.61,553.55,2388.07,9054.04,1.3,47.44,521.24,2388.12,8136.22,8.3992,0.03,393,2388,100.0,38.75,23.4152,130
70,8,0.0046,-0.0004,100.0,518.67,642.39,1590.11,1400.12,14.62,21.61,553.2,2388.03,9058.59,1.3,47.39,521.89,2388.05,8140.04,8.4073,0.03,392,2388,100.0,38.91,23.2867,129
70,9,0.003,-0.0005,100.0,518.67,642.85,1577.69,1402.84,14.62,21.61,553.31,2388.05,9062.32,1.3,47.26,521.76,2388.08,8140.31,8.4612,0.03,394,2388,100.0,38.9,23.2371,128
70,10,0.0005,-0.0001,100.0,518.67,642.14,1587.3,1402.78,14.62,21.61,553.16,2388.02,9049.3,1.3,47.24,521.34,2388.04,8140.03,8.3876,0.03,392,2388,100.0,39.0,23.3742,127
70,11,-0.0058,-0.0004,100.0,518.67,642.39,1590.12,1403.65,14.62,21.61,554.57,2388.1,9060.6,1.3,47.59,521.6,2388.03,8141.21,8.4491,0.03,391,2388,100.0,38.72,23.3579,126
70,12,0.0022,-0.0005,100.0,518.67,642.6,1591.68,1406.19,14.62,21.61,553.79,2388.12,9056.45,1.3,47.44,521.62,2388.06,8141.34,8.3978,0.03,392,2388,100.0,39.08,23.2246,125
70,13,-0.0014,0.0004,100.0,518.67,642.49,1584.61,1398.07,14.62,21.61,553.15,2388.09,9059.63,1.3,47.32,521.55,2388.09,8140.87,8.4428,0.03,394,2388,100.0,38.76,23.2856,124
70,14,-0.0018,0.0004,100.0,518.67,642.68,1577.93,1406.18,14.62,21.61,553.6,2388.11,9057.35,1.3,47.25,521.89,2388.05,8140.26,8.4416,0.03,392,2388,100.0,38.83,23.3618,123
70,15,0.003,-0.0004,100.0,518.67,642.01,1593.14,1409.02,14.62,21.61,553.97,2388.05,9060.71,1.3,47.54,521.43,2388.04,8142.74,8.4113,0.03,393,2388,100.0,38.73,23.3824,122
70,16,-0.0012,0.0004,100.0,518.67,642.04,1585.98,1410.03,14.62,21.61,553.85,2388.06,9055.5,1.3,47.52,521.55,2388.11,8138.4,8.4516,0.03,393,2388,100.0,38.95,23.4899,121
70,17,-0.0001,0.0002,100.0,518.67,642.74,1593.04,1397.88,14.62,21.61,553.39,2388.1,9062.04,1.3,47.6,521.57,2388.06,8141.62,8.4469,0.03,394,2388,100.0,38.88,23.3134,120
70,18,-0.0002,0.0002,100.0,518.67,642.34,1597.82,1402.1,14.62,21.61,554.66,2388.04,9054.36,1.3,47.41,521.42,2388.07,8137.34,8.4281,0.03,392,2388,100.0,38.73,23.2929,119
70,19,0.0038,0.0001,100.0,518.67,642.44,1588.83,1405.77,14.62,21.61,553.86,2388.1,9061.15,1.3,47.49,521.83,2388.04,8138.63,8.4449,0.03,393,2388,100.0,38.81,23.415,118
70,20,-0.0024,-0.0004,100.0,518.67,642.2,1588.67,1399.98,14.62,21.61,554.39,2388.05,9052.92,1.3,47.31,522.18,2388.07,8140.45,8.4112,0.03,393,2388,100.0,38.87,23.387,117
70,21,-0.0019,-0.0002,100.0,518.67,642.45,1585.11,1399.8,14.62,21.61,553.99,2388.05,9063.67,1.3,47.29,521.93,2388.06,8142.48,8.4413,0.03,392,2388,100.0,38.88,23.3168,116
70,22,0.0033,-0.0002,100.0,518.67,642.95,1591.54,1401.68,14.62,21.61,553.6,2388.08,9058.57,1.3,47.42,522.36,2388.12,8149.32,8.4137,0.03,393,2388,100.0,38.93,23.3991,115
70,23,0.0011,-0.0,100.0,518.67,642.27,1583.38,1402.88,14.62,21.61,552.58,2388.07,9053.73,1.3,47.45,521.88,2388.06,8139.81,8.4397,0.03,396,2388,100.0,38.87,23.3694,114
70,24,-0.001,0.0003,100.0,518.67,642.6,1590.89,1403.75,14.62,21.61,553.74,2388.04,9063.33,1.3,47.34,521.12,2388.02,8137.7,8.4395,0.03,392,2388,100.0,38.99,23.3001,113
70,25,0.0,-0.0001,100.0,518.67,642.88,1585.1,1406.1,14.62,21.61,554.08,2388.05,9065.93,1.3,47.34,521.45,2388.1,8142.9,8.4418,0.03,394,2388,100.0,38.96,23.3368,112
70,26,-0.0034,-0.0005,100.0,518.67,642.01,1584.22,1400.67,14.62,21.61,553.48,2388.06,9057.13,1.3,47.54,522.15,2388.09,8143.46,8.4692,0.03,393,2388,100.0,38.99,23.2544,111
70,27,-0.002,-0.0001,100.0,518.67,642.6,1585.96,1402.31,14.62,21.61,553.96,2388.06,9058.97,1.3,47.39,521.72,2388.04,8142.78,8.4261,0.03,394,2388,100.0,38.88,23.318,110
70,28,-0.0015,-0.0003,100.0,518.67,642.63,1595.78,1414.5,14.62,21.61,554.0,2388.08,9064.32,1.3,47.69,521.57,2388.04,8142.09,8.4058,0.03,393,2388,100.0,38.84,23.233,109
70,29,-0.0002,0.0003,100.0,518.67,642.3,1585.03,1398.05,14.62,21.61,553.75,2388.07,9055.3,1.3,47.31,521.96,2388.08,8136.39,8.426,0.03,393,2388,100.0,38.86,23.2497,108
70,30,0.0035,-0.0005,100.0,518.67,642.24,1587.35,1404.65,14.62,21.61,554.51,2388.06,9055.94,1.3,47.66,521.41,2388.05,8139.25,8.4254,0.03,393,2388,100.0,38.85,23.3391,107
70,31,-0.0013,-0.0001,100.0,518.67,642.09,1588.25,1402.64,14.62,21.61,553.55,2388.09,9058.46,1.3,47.13,521.67,2388.02,8136.94,8.4026,0.03,394,2388,100.0,38.87,23.3706,106
70,32,0.0019,0.0001,100.0,518.67,642.08,1593.15,1407.46,14.62,21.61,554.07,2388.08,9066.8,1.3,47.38,521.97,2388.04,8135.76,8.4255,0.03,393,2388,100.0,38.88,23.2503,105
70,33,0.0038,-0.0004,100.0,518.67,642.72,1593.15,1403.41,14.62,21.61,553.71,2388.02,9060.73,1.3,47.44,520.97,2388.05,8148.16,8.3948,0.03,395,2388,100.0,38.79,23.2978,104
70,34,-0.0013,-0.0005,100.0,518.67,642.33,1588.77,1405.29,14.62,21.61,553.91,2388.09,9055.98,1.3,47.44,521.32,2388.12,8141.99,8.3882,0.03,393,2388,100.0,38.89,23.3954,103
70,35,-0.0056,-0.0003,100.0,518.67,642.18,1593.21,1406.66,14.62,21.61,553.53,2388.06,9068.78,1.3,47.48,521.59,2388.09,8140.61,8.4356,0.03,392,2388,100.0,38.83,23.3955,102
70,36,0.0025,0.0001,100.0,518.67,642.7,1586.56,1401.61,14.62,21.61,554.39,2388.1,9064.54,1.3,47.51,521.5,2388.06,8141.45,8.399,0.03,391,2388,100.0,38.92,23.3391,101
70,37,0.0009,0.0002,100.0,518.67,642.16,1585.26,1402.85,14.62,21.61,552.96,2388.09,9062.16,1.3,47.4,521.25,2388.03,8139.4,8.4246,0.03,392,2388,100.0,38.8,23.328,100
70,38,0.0011,-0.0005,100.0,518.67,643.02,1582.33,1406.5,14.62,21.61,553.49,2388.14,9067.93,1.3,47.48,522.16,2388.06,8141.72,8.419,0.03,393,2388,100.0,38.79,23.3434,99
70,39,-0.0041,0.0003,100.0,518.67,642.17,1592.36,1411.81,14.62,21.61,553.81,2388.06,9070.76,1.3,47.34,521.46,2388.08,8140.38,8.4603,0.03,394,2388,100.0,38.9,23.3002,98
70,40,-0.0019,-0.0002,100.0,518.67,642.44,1585.76,1403.26,14.62,21.61,554.14,2388.11,9054.79,1.3,47.47,521.72,2388.12,8135.73,8.4497,0.03,392,2388,100.0,38.81,23.401,97
70,41,-0.0003,0.0004,100.0,518.67,642.72,1592.16,1403.48,14.62,21.61,553.64,2388.1,9061.48,1.3,47.41,522.39,2388.05,8140.24,8.4312,0.03,393,2388,100.0,38.86,23.2675,96
70,42,0.0016,0.0002,100.0,518.67,642.12,1581.07,1404.24,14.62,21.61,553.64,2388.08,9062.71,1.3,47.37,521.8,2388.08,8141.96,8.4318,0.03,394,2388,100.0,39.04,23.3231,95
70,43,0.0048,-0.0004,100.0,518.67,642.88,1583.12,1400.31,14.62,21.61,553.37,2388.08,9053.02,1.3,47.36,521.47,2388.09,8139.84,8.4191,0.03,393,2388,100.0,39.1,23.3145,94
70,44,-0.0004,0.0004,100.0,518.67,642.49,1587.92,1406.33,14.62,21.61,553.65,2388.07,9060.44,1.3,47.4,521.93,2388.07,8139.94,8.4028,0.03,392,2388,100.0,38.89,23.3264,93
70,45,0.0003,-0.0003,100.0,518.67,642.38,1595.01,1411.33,14.62,21.61,553.26,2388.04,9064.89,1.3,47.44,521.66,2388.04,8136.24,8.4106,0.03,394,2388,100.0,38.81,23.3484,92
70,46,0.0038,-0.0003,100.0,518.67,642.89,1581.0,1399.87,14.62,21.61,553.56,2388.07,9056.85,1.3,47.36,521.54,2388.06,8134.95,8.4595,0.03,393,2388,100.0,38.89,23.3055,91
70,47,-0.0008,-0.0005,100.0,518.67,642.38,1587.43,1409.08,14.62,21.61,553.47,2388.08,9061.73,1.3,47.69,520.95,2388.11,8136.43,8.4365,0.03,393,2388,100.0,38.95,23.2599,90
70,48,-0.0009,-0.0002,100.0,518.67,642.89,1589.04,1405.39,14.62,21.61,553.83,2388.07,9059.79,1.3,47.5,521.42,2388.06,8144.33,8.4039,0.03,393,2388,100.0,38.84,23.3366,89
70,49,-0.0008,0.0,100.0,518.67,642.68,1581.38,1400.93,14.62,21.61,553.51,2388.07,9060.26,1.3,47.43,521.35,2388.09,8131.34,8.4548,0.03,392,2388,100.0,38.84,23.2824,88
70,50,-0.0007,0.0001,100.0,518.67,642.66,1591.05,1399.28,14.62,21.61,553.91,2388.1,9063.27,1.3,47.32,521.97,2388.12,8139.12,8.4348,0.03,393,2388,100.0,38.84,23.2789,87
70,51,0.0014,-0.0003,100.0,518.67,642.95,1593.28,1412.5,14.62,21.61,553.96,2388.09,9055.95,1.3,47.47,521.73,2388.04,8140.98,8.4163,0.03,393,2388,100.0,38.76,23.3515,86
70,52,-0.0021,-0.0005,100.0,518.67,642.73,1588.49,1403.69,14.62,21.61,553.66,2388.14,9063.0,1.3,47.51,521.97,2388.1,8140.64,8.4631,0.03,392,2388,100.0,38.78,23.3635,85
70,53,0.0041,0.0001,100.0,518.67,642.18,1593.61,1399.19,14.62,21.61,554.21,2388.1,9067.26,1.3,47.41,521.19,2388.06,8144.18,8.4103,0.03,391,2388,100.0,38.9,23.2632,84
70,54,0.0008,0.0001,100.0,518.67,642.45,1592.93,1414.05,14.62,21.61,553.45,2388.04,9061.11,1.3,47.45,521.95,2388.08,8142.31,8.4213,0.03,393,2388,100.0,38.82,23.2546,83
70,55,-0.0037,-0.0001,100.0,518.67,642.71,1593.25,1399.43,14.62,21.61,554.61,2388.09,9057.79,1.3,47.57,522.08,2388.11,8138.63,8.4232,0.03,392,2388,100.0,38.87,23.3397,82
70,56,0.0048,-0.0004,100.0,518.67,642.76,1591.8,1404.89,14.62,21.61,552.86,2388.07,9060.01,1.3,47.48,521.56,2388.11,8134.2,8.4333,0.03,393,2388,100.0,38.83,23.305,81
70,57,-0.0003,-0.0004,100.0,518.67,642.66,1593.98,1402.92,14.62,21.61,553.18,2388.12,9062.01,1.3,47.44,521.97,2388.1,8147.12,8.435,0.03,393,2388,100.0,38.89,23.3077,80
70,58,-0.0002,-0.0001,100.0,518.67,642.93,1588.08,1404.67,14.62,21.61,552.83,2388.1,9060.85,1.3,47.67,521.55,2388.15,8142.59,8.4591,0.03,393,2388,100.0,38.81,23.273,79
70,59,0.0005,0.0,100.0,518.67,642.79,1587.81,1402.69,14.62,21.61,553.62,2388.07,9056.6,1.3,47.37,521.54,2388.07,8137.98,8.4316,0.03,392,2388,100.0,39.0,23.3018,78
70,60,0.0038,-0.0003,100.0,518.67,641.99,1588.09,1413.36,14.62,21.61,553.52,2388.06,9061.99,1.3,47.47,520.89,2388.04,8145.78,8.4346,0.03,394,2388,100.0,38.88,23.3497,77
70,61,0.0009,0.0,100.0,518.67,642.67,1591.12,1405.99,14.62,21.61,553.28,2388.05,9064.82,1.3,47.33,521.53,2388.11,8142.02,8.4537,0.03,391,2388,100.0,38.96,23.4643,76
70,62,0.0014,-0.0004,100.0,518.67,642.52,1592.28,1415.45,14.62,21.61,553.4,2388.1,9060.35,1.3,47.47,521.58,2388.08,8141.16,8.4116,0.03,394,2388,100.0,38.94,23.3304,75
70,63,0.0022,0.0,100.0,518.67,642.07,1596.38,1404.79,14.62,21.61,553.54,2388.08,9061.58,1.3,47.64,521.62,2388.08,8137.32,8.4399,0.03,393,2388,100.0,39.12,23.3178,74
70,64,0.0043,-0.0004,100.0,518.67,642.35,1588.1,1414.66,14.62,21.61,552.71,2388.08,9062.98,1.3,47.62,521.29,2388.13,8137.52,8.4412,0.03,393,2388,100.0,38.88,23.3668,73
70,65,0.0043,-0.0004,100.0,518.67,642.31,1581.73,1404.08,14.62,21.61,553.61,2388.06,9062.05,1.3,47.46,521.63,2388.07,8143.4,8.4314,0.03,394,2388,100.0,38.9,23.3583,72
70,66,-0.0013,0.0003,100.0,518.67,642.45,1590.07,1418.84,14.62,21.61,553.44,2388.06,9058.13,1.3,47.58,521.81,2388.1,8145.51,8.4242,0.03,393,2388,100.0,38.87,23.3148,71
70,67,0.0008,0.0001,100.0,518.67,643.05,1589.46,1407.97,14.62,21.61,553.48,2388.06,9065.02,1.3,47.39,521.46,2388.05,8140.76,8.4314,0.03,393,2388,100.0,38.77,23.3704,70
70,68,-0.0011,-0.0005,100.0,518.67,642.51,1589.06,1409.91,14.62,21.61,553.04,2388.07,9064.65,1.3,47.47,521.1,2388.08,8143.0,8.4409,0.03,393,2388,100.0,38.8,23.2743,69
70,69,0.0032,-0.0001,100.0,518.67,642.64,1593.68,1408.24,14.62,21.61,553.55,2388.11,9067.75,1.3,47.27,521.69,2388.06,8143.05,8.417,0.03,394,2388,100.0,38.77,23.3108,68
70,70,0.0014,-0.0,100.0,518.67,642.35,1588.16,1411.22,14.62,21.61,553.15,2388.13,9065.34,1.3,47.58,521.27,2388.09,8152.06,8.4603,0.03,393,2388,100.0,38.82,23.2694,67
70,71,0.0055,0.0001,100.0,518.67,642.4,1586.97,1407.59,14.62,21.61,553.5,2388.07,9060.85,1.3,47.64,521.32,2388.07,8138.64,8.4413,0.03,394,2388,100.0,38.75,23.3585,66
70,72,-0.0023,0.0003,100.0,518.67,642.58,1590.18,1416.18,14.62,21.61,553.04,2388.1,9057.35,1.3,47.65,521.35,2388.07,8144.7,8.4455,0.03,393,2388,100.0,38.87,23.2587,65
70,73,0.0013,-0.0003,100.0,518.67,642.95,1590.0,1406.83,14.62,21.61,553.96,2388.1,9064.18,1.3,47.36,521.05,2388.06,8147.65,8.4773,0.03,394,2388,100.0,38.73,23.2027,64
70,74,0.0004,0.0002,100.0,518.67,642.73,1587.9,1415.3,14.62,21.61,552.76,2388.07,9063.95,1.3,47.53,522.26,2388.12,8143.11,8.4129,0.03,393,2388,100.0,38.73,23.3053,63
70,75,-0.0019,-0.0001,100.0,518.67,642.4,1587.1,1411.15,14.62,21.61,554.14,2388.11,9070.38,1.3,47.5,521.31,2388.12,8140.27,8.4514,0.03,393,2388,100.0,38.87,23.2519,62
70,76,0.0033,0.0002,100.0,518.67,642.72,1588.83,1405.55,14.62,21.61,553.03,2388.05,9064.91,1.3,47.62,521.93,2388.09,8148.52,8.4114,0.03,394,2388,100.0,38.79,23.2899,61
70,77,-0.0017,0.0004,100.0,518.67,642.6,1595.6,1411.58,14.62,21.61,553.56,2388.08,9059.58,1.3,47.5,521.51,2388.07,8143.14,8.4291,0.03,394,2388,100.0,38.73,23.3028,60
70,78,-0.0037,-0.0,100.0,518.67,642.52,1592.75,1411.55,14.62,21.61,553.2,2388.07,9071.16,1.3,47.37,521.86,2388.05,8146.17,8.4225,0.03,394,2388,100.0,38.75,23.246,59
70,79,-0.0007,-0.0004,100.0,518.67,642.64,1592.64,1402.89,14.62,21.61,553.41,2388.06,9071.46,1.3,47.47,521.52,2388.14,8141.85,8.4397,0.03,392,2388,100.0,38.91,23.4019,58
70,80,0.0017,0.0002,100.0,518.67,642.16,1581.81,1407.59,14.62,21.61,553.65,2388.1,9069.13,1.3,47.62,521.08,2388.11,8144.07,8.419,0.03,392,2388,100.0,38.83,23.3113,57
70,81,-0.0011,0.0001,100.0,518.67,642.96,1591.52,1408.4,14.62,21.61,553.22,2388.07,9065.33,1.3,47.52,521.62,2388.15,8144.12,8.4468,0.03,393,2388,100.0,38.87,23.2215,56
70,82,0.0026,-0.0,100.0,518.67,642.62,1593.59,1409.09,14.62,21.61,553.73,2388.08,9068.99,1.3,47.59,521.76,2388.15,8148.07,8.4525,0.03,395,2388,100.0,38.86,23.2195,55
70,83,0.0018,0.0002,100.0,518.67,642.47,1591.42,1404.39,14.62,21.61,553.75,2388.12,9066.64,1.3,47.49,520.93,2388.09,8145.22,8.4526,0.03,392,2388,100.0,38.75,23.3757,54
70,84,0.0019,0.0003,100.0,518.67,642.34,1591.66,1418.72,14.62,21.61,553.73,2388.13,9065.54,1.3,47.58,521.27,2388.09,8142.82,8.447,0.03,394,2388,100.0,38.9,23.2996,53
70,85,-0.0019,-0.0004,100.0,518.67,642.58,1596.02,1409.61,14.62,21.61,553.75,2388.09,9065.44,1.3,47.4,521.36,2388.1,8141.18,8.4337,0.03,393,2388,100.0,38.83,23.1555,52
70,86,0.0036,-0.0005,100.0,518.67,642.9,1591.51,1406.46,14.62,21.61,554.17,2388.1,9067.45,1.3,47.55,522.03,2388.06,8149.94,8.4317,0.03,393,2388,100.0,38.79,23.2292,51
70,87,0.0005,-0.0004,100.0,518.67,643.03,1583.76,1408.78,14.62,21.61,553.51,2388.11,9066.74,1.3,47.72,520.96,2388.09,8147.74,8.4573,0.03,392,2388,100.0,38.81,23.3173,50
70,88,0.0052,-0.0003,100.0,518.67,642.99,1585.57,1408.28,14.62,21.61,552.75,2388.12,9066.85,1.3,47.69,521.45,2388.05,8150.2,8.4267,0.03,394,2388,100.0,38.72,23.2413,49
70,89,0.0008,0.0003,100.0,518.67,643.08,1589.03,1412.42,14.62,21.61,553.55,2388.08,9065.28,1.3,47.59,521.22,2388.08,8146.07,8.422,0.03,393,2388,100.0,38.68,23.385,48
70,90,0.0002,-0.0003,100.0,518.67,643.03,1589.87,1409.68,14.62,21.61,552.39,2388.1,9065.98,1.3,47.5,520.87,2388.12,8142.84,8.4814,0.03,393,2388,100.0,38.75,23.3049,47
70,91,0.0006,0.0002,100.0,518.67,642.69,1594.61,1411.31,14.62,21.61,554.08,2388.09,9062.89,1.3,47.9,521.03,2388.1,8146.24,8.4241,0.03,394,2388,100.0,38.75,23.3338,46
70,92,-0.001,-0.0004,100.0,518.67,643.32,1600.55,1409.96,14.62,21.61,553.36,2388.12,9075.13,1.3,47.57,521.09,2388.14,8143.49,8.4618,0.03,394,2388,100.0,38.91,23.2552,45
70,93,-0.0005,0.0002,100.0,518.67,642.53,1585.37,1410.92,14.62,21.61,552.78,2388.18,9062.99,1.3,47.83,521.48,2388.11,8145.16,8.4651,0.03,395,2388,100.0,38.7,23.2681,44
70,94,-0.0048,-0.0004,100.0,518.67,643.27,1588.34,1419.28,14.62,21.61,552.53,2388.16,9062.17,1.3,47.67,521.38,2388.09,8145.64,8.43,0.03,392,2388,100.0,38.76,23.3231,43
70,95,-0.0005,-0.0003,100.0,518.67,642.81,1598.27,1412.93,14.62,21.61,553.41,2388.08,9070.64,1.3,47.53,521.02,2388.07,8142.34,8.4413,0.03,394,2388,100.0,38.7,23.2145,42
70,96,-0.0044,0.0,100.0,518.67,643.29,1590.12,1409.99,14.62,21.61,552.44,2388.15,9077.15,1.3,47.57,521.21,2388.12,8149.55,8.4523,0.03,394,2388,100.0,38.67,23.2446,41
70,97,0.0011,-0.0003,100.0,518.67,642.77,1594.01,1409.39,14.62,21.61,552.09,2388.1,9068.4,1.3,47.73,520.76,2388.12,8150.83,8.4406,0.03,393,2388,100.0,38.72,23.2769,40
70,98,0.0032,-0.0001,100.0,518.67,643.1,1595.38,1412.86,14.62,21.61,553.36,2388.11,9076.74,1.3,47.84,521.05,2388.11,8148.35,8.4688,0.03,395,2388,100.0,38.82,23.0983,39
70,99,-0.0026,-0.0002,100.0,518.67,643.22,1594.31,1415.98,14.62,21.61,552.77,2388.14,9073.05,1.3,47.64,521.0,2388.12,8146.5,8.4131,0.03,393,2388,100.0,38.69,23.2598,38
70,100,0.0018,-0.0003,100.0,518.67,642.73,1591.19,1412.82,14.62,21.61,552.47,2388.12,9070.9,1.3,47.79,520.16,2388.09,8149.97,8.421,0.03,395,2388,100.0,38.79,23.2617,37
70,101,-0.0013,-0.0004,100.0,518.67,642.8,1592.44,1409.32,14.62,21.61,552.82,2388.13,9072.1,1.3,47.65,520.58,2388.15,8134.01,8.4677,0.03,393,2388,100.0,38.66,23.2031,36
70,102,-0.0009,0.0004,100.0,518.67,642.75,1591.72,1415.13,14.62,21.61,552.82,2388.05,9069.33,1.3,47.67,520.44,2388.11,8145.38,8.436,0.03,395,2388,100.0,38.76,23.1689,35
70,103,0.0042,-0.0001,100.0,518.67,642.99,1593.06,1416.34,14.62,21.61,552.47,2388.16,9068.63,1.3,47.74,520.28,2388.14,8148.55,8.4328,0.03,393,2388,100.0,38.68,23.1815,34
70,104,0.0001,-0.0002,100.0,518.67,643.54,1595.08,1410.32,14.62,21.61,552.69,2388.15,9083.24,1.3,47.52,520.97,2388.11,8151.0,8.5028,0.03,392,2388,100.0,38.66,23.2055,33
70,105,-0.0038,-0.0005,100.0,518.67,643.0,1594.12,1421.66,14.62,21.61,552.13,2388.1,9063.69,1.3,47.75,521.24,2388.06,8149.45,8.4585,0.03,393,2388,100.0,38.82,23.2273,32
70,106,-0.002,0.0003,100.0,518.67,643.26,1597.27,1409.21,14.62,21.61,553.05,2388.14,9067.86,1.3,47.7,520.82,2388.1,8147.01,8.442,0.03,392,2388,100.0,38.63,23.3283,31
70,107,0.0012,-0.0,100.0,518.67,643.36,1593.28,1411.13,14.62,21.61,553.11,2388.1,9067.8,1.3,47.76,520.04,2388.14,8152.75,8.4635,0.03,394,2388,100.0,38.68,23.1798,30
70,108,0.0004,0.0004,100.0,518.67,642.96,1592.76,1407.9,14.62,21.61,552.83,2388.08,9080.68,1.3,47.97,520.66,2388.1,8147.97,8.4696,0.03,394,2388,100.0,38.54,23.13,29
70,109,-0.0007,0.0003,100.0,518.67,642.6,1591.01,1417.75,14.62,21.61,553.24,2388.1,9078.0,1.3,47.92,520.52,2388.15,8150.51,8.4672,0.03,395,2388,100.0,38.66,23.1991,28
70,110,0.0027,0.0003,100.0,518.67,643.17,1592.01,1414.75,14.62,21.61,553.3,2388.15,9077.44,1.3,47.88,520.7,2388.19,8147.22,8.4846,0.03,395,2388,100.0,38.79,23.0781,27
70,111,0.0013,-0.0002,100.0,518.67,642.91,1591.59,1416.65,14.62,21.61,552.76,2388.12,9074.59,1.3,47.67,520.86,2388.16,8154.49,8.4647,0.03,395,2388,100.0,38.83,23.2232,26
70,112,-0.0002,-0.0003,100.0,518.67,643.15,1594.73,1417.91,14.62,21.61,552.08,2388.17,9079.39,1.3,47.89,520.57,2388.18,8151.62,8.4486,0.03,394,2388,100.0,38.68,23.1815,25
70,113,-0.0043,0.0004,100.0,518.67,643.04,1600.74,1415.53,14.62,21.61,551.97,2388.17,9078.31,1.3,47.74,520.89,2388.18,8149.65,8.5051,0.03,396,2388,100.0,38.64,23.2676,24
70,114,0.0001,0.0003,100.0,518.67,643.37,1594.45,1414.01,14.62,21.61,552.39,2388.12,9079.89,1.3,47.99,520.87,2388.15,8154.37,8.48,0.03,395,2388,100.0,38.61,23.2074,23
70,115,-0.0023,0.0003,100.0,518.67,643.37,1595.82,1420.94,14.62,21.61,552.27,2388.18,9085.54,1.3,47.78,520.24,2388.2,8154.98,8.4449,0.03,396,2388,100.0,38.73,23.2096,22
70,116,0.003,-0.0,100.0,518.67,643.31,1592.34,1424.37,14.62,21.61,552.41,2388.11,9085.15,1.3,47.69,520.89,2388.17,8152.65,8.4997,0.03,395,2388,100.0,38.74,23.2842,21
70,117,-0.0018,0.0004,100.0,518.67,643.5,1599.52,1420.24,14.62,21.61,552.31,2388.22,9086.28,1.3,47.88,521.33,2388.15,8151.77,8.4837,0.03,394,2388,100.0,38.74,23.0986,20
70,118,0.0043,0.0004,100.0,518.67,642.95,1594.4,1422.24,14.62,21.61,553.02,2388.18,9081.09,1.3,47.73,520.26,2388.16,8152.83,8.4741,0.03,393,2388,100.0,38.65,23.2814,19
70,119,-0.0048,-0.0005,100.0,518.67,643.23,1604.24,1421.08,14.62,21.61,552.68,2388.17,9075.29,1.3,47.86,521.1,2388.19,8146.88,8.4988,0.03,395,2388,100.0,38.62,23.2337,18
70,120,-0.0009,-0.0002,100.0,518.67,643.44,1599.91,1424.43,14.62,21.61,552.47,2388.13,9088.72,1.3,47.95,520.89,2388.14,8152.81,8.5184,0.03,395,2388,100.0,38.69,23.1808,17
70,121,0.0004,0.0004,100.0,518.67,643.45,1594.56,1424.79,14.62,21.61,552.13,2388.19,9085.49,1.3,47.79,520.23,2388.17,8162.48,8.5111,0.03,396,2388,100.0,38.56,23.0963,16
70,122,-0.0003,0.0001,100.0,518.67,642.9,1599.54,1424.63,14.62,21.61,552.43,2388.16,9083.26,1.3,47.87,520.3,2388.17,8159.6,8.5111,0.03,394,2388,100.0,38.66,23.1136,15
70,123,0.0062,0.0002,100.0,518.67,643.34,1600.71,1415.52,14.62,21.61,552.41,2388.14,9083.9,1.3,47.99,520.79,2388.2,8158.34,8.5128,0.03,394,2388,100.0,38.55,23.0728,14
70,124,0.0012,-0.0,100.0,518.67,643.63,1597.48,1424.03,14.62,21.61,552.17,2388.2,9088.37,1.3,48.09,520.43,2388.23,8158.22,8.4987,0.03,395,2388,100.0,38.61,23.1115,13
70,125,-0.0001,-0.0,100.0,518.67,643.51,1597.66,1426.85,14.62,21.61,552.05,2388.15,9079.61,1.3,48.02,520.18,2388.12,8160.11,8.5542,0.03,395,2388,100.0,38.56,23.1302,12
70,126,0.0049,0.0001,100.0,518.67,643.23,1595.68,1422.67,14.62,21.61,551.92,2388.19,9093.06,1.3,47.96,520.24,2388.19,8155.93,8.5038,0.03,394,2388,100.0,38.68,23.1466,11
70,127,0.003,0.0002,100.0,518.67,643.42,1596.61,1424.21,14.62,21.61,551.51,2388.15,9092.39,1.3,47.99,519.82,2388.12,8164.29,8.5076,0.03,394,2388,100.0,38.55,23.1544,10
70,128,-0.001,0.0001,100.0,518.67,643.76,1593.47,1425.2,14.62,21.61,552.06,2388.19,9096.48,1.3,47.92,520.49,2388.18,8162.88,8.4707,0.03,395,2388,100.0,38.22,23.137,9
70,129,-0.0031,-0.0005,100.0,518.67,643.73,1594.39,1421.83,14.62,21.61,551.88,2388.17,9093.69,1.3,48.12,520.18,2388.2,8161.91,8.4908,0.03,396,2388,100.0,38.57,23.0219,8
70,130,-0.002,0.0003,100.0,518.67,643.98,1599.26,1421.86,14.62,21.61,551.98,2388.22,9092.65,1.3,48.03,519.84,2388.23,8164.48,8.4962,0.03,397,2388,100.0,38.5,23.028,7
70,131,-0.0031,0.0003,100.0,518.67,643.29,1599.67,1424.65,14.62,21.61,552.02,2388.19,9105.43,1.3,48.06,520.81,2388.16,8163.53,8.504,0.03,397,2388,100.0,38.45,23.0682,6
70,132,0.0002,-0.0003,100.0,518.67,643.86,1597.87,1423.33,14.62,21.61,551.63,2388.21,9092.79,1.3,48.11,519.5,2388.16,8166.47,8.5224,0.03,396,2388,100.0,38.45,23.0418,5
70,133,-0.0015,-0.0001,100.0,518.67,644.1,1601.31,1430.27,14.62,21.61,551.49,2388.22,9095.9,1.3,47.99,519.83,2388.23,8167.97,8.4984,0.03,396,2388,100.0,38.41,23.1364,4
70,134,-0.0012,-0.0004,100.0,518.67,644.09,1605.88,1430.21,14.62,21.61,551.7,2388.18,9101.06,1.3,48.07,519.38,2388.18,8172.19,8.5328,0.03,397,2388,100.0,38.28,23.0637,3
70,135,0.0004,0.0003,100.0,518.67,643.55,1596.63,1426.86,14.62,21.61,551.5,2388.18,9096.97,1.3,48.09,519.38,2388.2,8167.46,8.5118,0.03,396,2388,100.0,38.48,23.0993,2
70,136,-0.0044,0.0,100.0,518.67,643.79,1601.3,1427.36,14.62,21.61,551.32,2388.22,9100.74,1.3,48.21,519.77,2388.25,8165.57,8.5529,0.03,398,2388,100.0,38.24,23.0289,1
70,137,0.0014,-0.0,100.0,518.67,643.39,1602.76,1434.81,14.62,21.61,551.64,2388.17,9106.12,1.3,48.16,519.6,2388.25,8173.73,8.5312,0.03,396,2388,100.0,38.49,23.1398,0
71,1,0.0027,-0.0004,100.0,518.67,642.64,1581.95,1407.04,14.62,21.61,553.56,2388.11,9042.7,1.3,47.44,521.9,2388.13,8126.82,8.4372,0.03,391,2388,100.0,38.99,23.2399,207
71,2,0.0029,-0.0003,100.0,518.67,642.82,1593.17,1403.53,14.62,21.61,553.22,2388.11,9040.58,1.3,47.56,521.24,2388.1,8124.84,8.4068,0.03,392,2388,100.0,38.85,23.2887,206
71,3,0.0007,0.0003,100.0,518.67,642.5,1582.94,1402.54,14.62,21.61,553.7,2388.11,9044.49,1.3,47.62,521.85,2388.09,8123.24,8.4233,0.03,394,2388,100.0,38.92,23.3668,205
71,4,-0.0014,0.0003,100.0,518.67,643.04,1584.9,1409.75,14.62,21.61,554.3,2388.14,9042.42,1.3,47.41,521.62,2388.08,8123.7,8.4352,0.03,392,2388,100.0,38.89,23.2722,204
71,5,0.0015,0.0001,100.0,518.67,642.0,1587.63,1400.43,14.62,21.61,553.49,2388.09,9041.72,1.3,47.51,521.5,2388.04,8123.08,8.4395,0.03,393,2388,100.0,39.03,23.2896,203
71,6,-0.0035,0.0002,100.0,518.67,642.57,1583.36,1407.16,14.62,21.61,553.27,2388.14,9043.13,1.3,47.25,521.5,2388.07,8127.31,8.4164,0.03,394,2388,100.0,38.86,23.2845,202
71,7,-0.0025,-0.0003,100.0,518.67,641.74,1592.03,1404.49,14.62,21.61,554.5,2388.17,9044.52,1.3,47.37,521.3,2388.15,8123.34,8.4427,0.03,392,2388,100.0,39.05,23.3778,201
71,8,-0.0013,0.0001,100.0,518.67,642.65,1586.46,1407.86,14.62,21.61,553.66,2388.12,9046.82,1.3,47.53,521.59,2388.06,8127.03,8.4843,0.03,394,2388,100.0,38.97,23.2339,200
71,9,-0.0049,0.0004,100.0,518.67,642.1,1578.86,1402.6,14.62,21.61,553.17,2388.09,9040.99,1.3,47.32,521.92,2388.08,8130.55,8.458,0.03,393,2388,100.0,39.04,23.3987,199
71,10,-0.0003,0.0,100.0,518.67,642.95,1593.6,1405.47,14.62,21.61,553.5,2388.1,9046.86,1.3,47.53,521.19,2388.1,8123.07,8.4249,0.03,392,2388,100.0,38.95,23.3315,198
71,11,0.0008,-0.0002,100.0,518.67,642.71,1591.08,1404.42,14.62,21.61,553.6,2388.09,9042.41,1.3,47.41,521.62,2388.12,8126.62,8.4535,0.03,393,2388,100.0,38.75,23.2923,197
71,12,-0.0014,0.0002,100.0,518.67,642.4,1585.72,1408.04,14.62,21.61,553.42,2388.09,9045.03,1.3,47.77,521.5,2388.12,8130.15,8.394,0.03,394,2388,100.0,38.81,23.3506,196
71,13,-0.003,-0.0003,100.0,518.67,642.48,1595.78,1406.83,14.62,21.61,554.27,2388.06,9046.97,1.3,47.3,521.88,2388.11,8125.51,8.4321,0.03,393,2388,100.0,38.86,23.2711,195
71,14,0.0052,0.0004,100.0,518.67,642.88,1591.51,1407.85,14.62,21.61,554.12,2388.1,9045.79,1.3,47.59,521.53,2388.08,8126.82,8.4061,0.03,394,2388,100.0,38.8,23.3946,194
71,15,0.0029,0.0001,100.0,518.67,642.5,1589.43,1402.1,14.62,21.61,553.57,2388.16,9053.62,1.3,47.41,521.55,2388.08,8124.81,8.4393,0.03,392,2388,100.0,38.91,23.2595,193
71,16,-0.0002,-0.0004,100.0,518.67,642.27,1584.32,1405.75,14.62,21.61,554.6,2388.15,9047.89,1.3,47.36,521.79,2388.11,8133.82,8.4362,0.03,391,2388,100.0,38.95,23.383,192
71,17,-0.0002,0.0001,100.0,518.67,642.26,1583.56,1407.35,14.62,21.61,552.63,2388.11,9042.1,1.3,47.45,521.65,2388.1,8130.92,8.4675,0.03,394,2388,100.0,38.66,23.3009,191
71,18,-0.001,0.0,100.0,518.67,642.49,1589.66,1406.81,14.62,21.61,552.97,2388.1,9042.79,1.3,47.37,521.55,2388.1,8130.06,8.4122,0.03,393,2388,100.0,38.67,23.275,190
71,19,0.0002,0.0002,100.0,518.67,642.18,1585.28,1404.08,14.62,21.61,553.78,2388.11,9045.84,1.3,47.41,521.93,2388.08,8129.04,8.4377,0.03,392,2388,100.0,38.8,23.4691,189
71,20,0.0001,0.0001,100.0,518.67,642.58,1587.06,1407.59,14.62,21.61,553.97,2388.08,9039.68,1.3,47.36,521.21,2388.05,8130.44,8.426,0.03,392,2388,100.0,39.06,23.4121,188
71,21,-0.0032,-0.0,100.0,518.67,642.57,1588.62,1406.38,14.62,21.61,553.43,2388.14,9041.76,1.3,47.51,521.62,2388.04,8121.74,8.4088,0.03,392,2388,100.0,38.86,23.3571,187
71,22,-0.0018,0.0,100.0,518.67,641.77,1591.11,1401.28,14.62,21.61,552.82,2388.08,9044.41,1.3,47.48,521.81,2388.13,8123.43,8.4186,0.03,393,2388,100.0,39.01,23.3477,186
71,23,-0.0008,-0.0002,100.0,518.67,642.57,1591.09,1407.26,14.62,21.61,553.61,2388.11,9041.83,1.3,47.53,521.38,2388.11,8126.9,8.4058,0.03,393,2388,100.0,38.85,23.2845,185
71,24,0.0004,-0.0004,100.0,518.67,642.58,1585.89,1405.28,14.62,21.61,552.67,2388.11,9046.73,1.3,47.53,521.65,2388.15,8126.19,8.3894,0.03,393,2388,100.0,38.74,23.3478,184
71,25,0.0006,-0.0004,100.0,518.67,642.54,1594.72,1403.11,14.62,21.61,553.33,2388.13,9042.61,1.3,47.58,521.37,2388.09,8128.98,8.4402,0.03,394,2388,100.0,38.81,23.3354,183
71,26,-0.0049,-0.0004,100.0,518.67,642.53,1588.38,1403.23,14.62,21.61,553.76,2388.14,9046.36,1.3,47.22,521.51,2388.11,8123.58,8.4541,0.03,394,2388,100.0,38.76,23.3465,182
71,27,0.0015,-0.0002,100.0,518.67,642.88,1594.42,1406.95,14.62,21.61,553.71,2388.06,9048.93,1.3,47.57,521.0,2388.09,8127.53,8.4412,0.03,392,2388,100.0,39.0,23.3321,181
71,28,0.0014,-0.0,100.0,518.67,643.08,1592.86,1412.13,14.62,21.61,553.9,2388.1,9048.17,1.3,47.55,521.7,2388.12,8123.3,8.4401,0.03,395,2388,100.0,38.86,23.2362,180
71,29,-0.0022,-0.0003,100.0,518.67,642.67,1591.28,1396.89,14.62,21.61,553.46,2388.1,9044.72,1.3,47.55,521.7,2388.1,8125.86,8.4693,0.03,393,2388,100.0,38.73,23.265,179
71,30,0.0033,0.0003,100.0,518.67,642.79,1585.03,1404.77,14.62,21.61,553.56,2388.09,9040.9,1.3,47.42,521.61,2388.07,8123.92,8.4492,0.03,391,2388,100.0,38.8,23.3872,178
71,31,-0.0013,0.0002,100.0,518.67,642.24,1585.04,1400.9,14.62,21.61,552.71,2388.14,9042.61,1.3,47.55,520.85,2388.12,8130.8,8.4392,0.03,393,2388,100.0,38.87,23.3666,177
71,32,-0.0036,-0.0002,100.0,518.67,641.9,1595.55,1404.59,14.62,21.61,554.32,2388.12,9043.73,1.3,47.58,521.5,2388.14,8120.29,8.4725,0.03,393,2388,100.0,38.58,23.3132,176
71,33,0.0024,0.0002,100.0,518.67,642.36,1586.39,1408.79,14.62,21.61,553.76,2388.14,9042.0,1.3,47.5,521.88,2388.08,8131.86,8.4183,0.03,393,2388,100.0,38.91,23.2622,175
71,34,0.0006,0.0001,100.0,518.67,642.7,1585.04,1410.58,14.62,21.61,552.91,2388.12,9043.82,1.3,47.33,521.7,2388.09,8121.42,8.4295,0.03,393,2388,100.0,38.93,23.4082,174
71,35,0.0004,0.0002,100.0,518.67,642.9,1591.38,1409.9,14.62,21.61,554.01,2388.1,9039.9,1.3,47.44,521.32,2388.11,8120.92,8.409,0.03,392,2388,100.0,38.93,23.3789,173
71,36,0.0031,0.0002,100.0,518.67,642.42,1589.45,1406.38,14.62,21.61,553.23,2388.11,9050.2,1.3,47.45,521.45,2388.08,8130.55,8.3942,0.03,393,2388,100.0,38.92,23.2084,172
71,37,0.0041,-0.0001,100.0,518.67,642.5,1587.32,1407.48,14.62,21.61,553.49,2388.07,9046.58,1.3,47.51,521.39,2388.07,8122.69,8.4446,0.03,393,2388,100.0,38.76,23.3241,171
71,38,0.001,0.0004,100.0,518.67,642.88,1582.03,1403.44,14.62,21.61,553.16,2388.1,9042.95,1.3,47.46,521.8,2388.07,8125.66,8.4378,0.03,393,2388,100.0,38.82,23.3434,170
71,39,0.0038,0.0002,100.0,518.67,642.75,1588.93,1407.7,14.62,21.61,553.84,2388.05,9053.44,1.3,47.52,521.26,2388.11,8131.34,8.4379,0.03,392,2388,100.0,39.05,23.3024,169
71,40,0.0015,0.0003,100.0,518.67,642.46,1590.25,1414.42,14.62,21.61,553.71,2388.15,9046.35,1.3,47.38,521.6,2388.15,8125.29,8.4088,0.03,393,2388,100.0,38.88,23.3635,168
71,41,-0.0012,-0.0004,100.0,518.67,643.09,1582.02,1409.96,14.62,21.61,553.39,2388.13,9039.42,1.3,47.48,521.22,2388.07,8125.79,8.4373,0.03,393,2388,100.0,38.8,23.331,167
71,42,-0.004,-0.0002,100.0,518.67,642.58,1585.54,1400.4,14.62,21.61,553.25,2388.12,9044.24,1.3,47.44,521.42,2388.16,8124.06,8.428,0.03,393,2388,100.0,38.78,23.3256,166
71,43,0.0016,-0.0004,100.0,518.67,641.93,1591.89,1405.3,14.62,21.61,553.38,2388.12,9042.69,1.3,47.56,520.86,2388.1,8123.95,8.4332,0.03,392,2388,100.0,38.66,23.3316,165
71,44,-0.003,0.0002,100.0,518.67,642.48,1586.16,1402.2,14.62,21.61,553.21,2388.16,9036.6,1.3,47.46,521.97,2388.08,8130.67,8.4096,0.03,392,2388,100.0,38.86,23.3725,164
71,45,-0.004,0.0003,100.0,518.67,642.66,1590.3,1406.75,14.62,21.61,553.45,2388.15,9058.66,1.3,47.46,521.05,2388.08,8129.0,8.4638,0.03,392,2388,100.0,38.78,23.3037,163
71,46,-0.0007,-0.0003,100.0,518.67,642.79,1587.82,1406.88,14.62,21.61,554.13,2388.06,9050.81,1.3,47.47,521.64,2388.1,8125.93,8.3941,0.03,394,2388,100.0,39.0,23.2368,162
71,47,0.0007,0.0004,100.0,518.67,643.19,1588.74,1409.24,14.62,21.61,553.76,2388.11,9043.26,1.3,47.46,521.42,2388.08,8127.46,8.4683,0.03,391,2388,100.0,38.87,23.2403,161
71,48,0.0025,0.0001,100.0,518.67,642.72,1589.79,1406.0,14.62,21.61,553.34,2388.08,9036.99,1.3,47.46,521.58,2388.11,8134.82,8.4379,0.03,393,2388,100.0,38.82,23.391,160
71,49,-0.0016,-0.0001,100.0,518.67,642.52,1589.46,1398.52,14.62,21.61,553.58,2388.08,9047.41,1.3,47.49,521.62,2388.15,8124.52,8.4484,0.03,393,2388,100.0,38.75,23.3431,159
71,50,-0.0011,0.0003,100.0,518.67,642.29,1593.44,1399.15,14.62,21.61,554.48,2388.15,9051.73,1.3,47.71,521.67,2388.09,8130.54,8.4348,0.03,393,2388,100.0,38.95,23.3188,158
71,51,0.0004,-0.0003,100.0,518.67,642.99,1589.49,1408.94,14.62,21.61,553.91,2388.07,9052.9,1.3,47.53,521.69,2388.11,8131.25,8.4445,0.03,392,2388,100.0,38.83,23.2788,157
71,52,-0.0006,-0.0002,100.0,518.67,642.53,1583.93,1412.14,14.62,21.61,553.71,2388.09,9047.25,1.3,47.62,521.18,2388.12,8127.97,8.4397,0.03,394,2388,100.0,38.66,23.2586,156
71,53,0.0005,0.0005,100.0,518.67,642.69,1589.2,1409.38,14.62,21.61,553.18,2388.09,9043.91,1.3,47.45,521.57,2388.13,8123.88,8.4646,0.03,391,2388,100.0,38.97,23.3424,155
71,54,0.0006,-0.0002,100.0,518.67,642.47,1588.39,1399.21,14.62,21.61,553.9,2388.08,9046.13,1.3,47.64,521.24,2388.07,8126.27,8.4307,0.03,393,2388,100.0,38.83,23.3452,154
71,55,0.0005,-0.0,100.0,518.67,642.35,1587.57,1408.25,14.62,21.61,553.0,2388.13,9044.25,1.3,47.5,521.43,2388.12,8126.95,8.446,0.03,392,2388,100.0,38.72,23.3462,153
71,56,-0.0025,0.0001,100.0,518.67,642.65,1589.96,1409.6,14.62,21.61,552.6,2388.09,9041.69,1.3,47.47,521.43,2388.11,8123.17,8.4229,0.03,392,2388,100.0,38.77,23.388,152
71,57,-0.0016,-0.0002,100.0,518.67,641.86,1585.83,1410.61,14.62,21.61,553.57,2388.13,9045.62,1.3,47.47,520.93,2388.09,8126.81,8.4308,0.03,392,2388,100.0,38.78,23.1806,151
71,58,-0.0,-0.0002,100.0,518.67,642.69,1588.9,1408.06,14.62,21.61,553.23,2388.12,9042.5,1.3,47.31,521.45,2388.1,8127.72,8.4242,0.03,393,2388,100.0,39.08,23.4234,150
71,59,0.0011,0.0,100.0,518.67,642.72,1592.42,1408.98,14.62,21.61,553.1,2388.07,9046.41,1.3,47.41,521.27,2388.13,8128.58,8.4088,0.03,393,2388,100.0,38.98,23.336,149
71,60,0.0017,-0.0001,100.0,518.67,642.55,1589.5,1404.05,14.62,21.61,553.31,2388.1,9047.42,1.3,47.47,521.44,2388.13,8125.21,8.4479,0.03,393,2388,100.0,38.84,23.352,148
71,61,-0.001,0.0004,100.0,518.67,642.65,1591.41,1402.94,14.62,21.61,553.71,2388.05,9048.95,1.3,47.44,521.76,2388.12,8127.72,8.4137,0.03,393,2388,100.0,38.83,23.3453,147
71,62,0.0008,-0.0,100.0,518.67,642.48,1593.15,1408.44,14.62,21.61,553.47,2388.09,9049.13,1.3,47.68,521.53,2388.11,8121.17,8.4225,0.03,392,2388,100.0,38.89,23.3199,146
71,63,-0.0024,-0.0002,100.0,518.67,642.25,1585.34,1407.07,14.62,21.61,553.93,2388.13,9051.15,1.3,47.68,521.34,2388.1,8131.08,8.4522,0.03,393,2388,100.0,38.89,23.2812,145
71,64,0.0004,-0.0004,100.0,518.67,642.43,1592.62,1401.17,14.62,21.61,553.17,2388.05,9049.03,1.3,47.36,521.91,2388.01,8131.8,8.4113,0.03,393,2388,100.0,38.57,23.3415,144
71,65,0.0,-0.0003,100.0,518.67,642.57,1584.28,1401.73,14.62,21.61,553.4,2388.13,9050.1,1.3,47.68,521.31,2388.07,8127.87,8.4243,0.03,394,2388,100.0,38.78,23.4079,143
71,66,-0.0022,-0.0001,100.0,518.67,642.68,1588.12,1404.56,14.62,21.61,553.42,2388.12,9053.66,1.3,47.52,521.9,2388.12,8130.46,8.4193,0.03,393,2388,100.0,38.81,23.2994,142
71,67,-0.0021,-0.0003,100.0,518.67,641.89,1589.29,1402.83,14.62,21.61,554.03,2388.08,9052.05,1.3,47.46,521.81,2388.13,8132.53,8.445,0.03,393,2388,100.0,38.82,23.3265,141
71,68,-0.0011,-0.0004,100.0,518.67,642.75,1586.37,1402.09,14.62,21.61,553.7,2388.09,9048.49,1.3,47.39,521.42,2388.04,8129.3,8.4336,0.03,392,2388,100.0,38.76,23.3165,140
71,69,-0.0056,0.0004,100.0,518.67,642.88,1591.54,1404.1,14.62,21.61,553.0,2388.11,9046.83,1.3,47.52,521.4,2388.11,8130.68,8.4339,0.03,393,2388,100.0,38.85,23.3357,139
71,70,-0.0011,0.0005,100.0,518.67,642.53,1580.69,1405.25,14.62,21.61,554.11,2388.07,9045.98,1.3,47.29,521.4,2388.11,8130.79,8.438,0.03,392,2388,100.0,38.83,23.3551,138
71,71,-0.0003,-0.0003,100.0,518.67,642.65,1587.82,1405.61,14.62,21.61,553.72,2388.09,9052.92,1.3,47.57,521.68,2388.09,8134.86,8.4325,0.03,392,2388,100.0,38.74,23.3139,137
71,72,-0.0049,-0.0001,100.0,518.67,642.68,1590.85,1404.46,14.62,21.61,553.6,2388.14,9053.82,1.3,47.57,520.99,2388.08,8132.41,8.4391,0.03,393,2388,100.0,38.64,23.2927,136
71,73,0.005,0.0004,100.0,518.67,643.22,1596.75,1409.51,14.62,21.61,553.91,2388.13,9052.86,1.3,47.52,521.74,2388.07,8126.89,8.4312,0.03,393,2388,100.0,38.93,23.3226,135
71,74,0.0003,-0.0002,100.0,518.67,642.66,1592.56,1412.1,14.62,21.61,553.72,2388.15,9050.53,1.3,47.44,521.44,2388.08,8127.4,8.4517,0.03,393,2388,100.0,38.97,23.2602,134
71,75,0.0005,0.0004,100.0,518.67,642.97,1590.21,1411.82,14.62,21.61,554.07,2388.08,9054.43,1.3,47.72,521.66,2388.09,8133.84,8.4215,0.03,394,2388,100.0,38.85,23.3032,133
71,76,-0.0026,0.0003,100.0,518.67,642.86,1589.24,1415.57,14.62,21.61,553.25,2388.07,9059.08,1.3,47.66,521.67,2388.1,8127.77,8.4454,0.03,393,2388,100.0,38.81,23.3008,132
71,77,-0.0022,-0.0003,100.0,518.67,642.73,1583.58,1404.94,14.62,21.61,553.63,2388.1,9055.65,1.3,47.47,521.39,2388.11,8134.83,8.4118,0.03,394,2388,100.0,39.04,23.3434,131
71,78,-0.0044,0.0,100.0,518.67,642.73,1591.38,1408.76,14.62,21.61,553.58,2388.11,9057.81,1.3,47.6,522.04,2388.09,8125.84,8.4497,0.03,393,2388,100.0,38.85,23.3895,130
71,79,-0.0,-0.0003,100.0,518.67,642.66,1589.88,1401.29,14.62,21.61,553.35,2388.1,9042.94,1.3,47.58,521.82,2388.11,8127.47,8.492,0.03,393,2388,100.0,38.89,23.3964,129
71,80,0.0028,-0.0004,100.0,518.67,642.69,1594.63,1412.42,14.62,21.61,553.78,2388.07,9053.2,1.3,47.47,521.51,2388.16,8132.3,8.4345,0.03,392,2388,100.0,38.83,23.2758,128
71,81,-0.0002,0.0003,100.0,518.67,642.75,1590.19,1414.76,14.62,21.61,552.95,2388.15,9046.42,1.3,47.45,521.25,2388.12,8129.32,8.4222,0.03,393,2388,100.0,38.82,23.2807,127
71,82,0.0021,0.0001,100.0,518.67,642.88,1590.26,1410.18,14.62,21.61,553.92,2388.17,9050.02,1.3,47.54,521.02,2388.11,8133.09,8.4324,0.03,391,2388,100.0,38.86,23.3963,126
71,83,-0.0011,0.0001,100.0,518.67,643.16,1592.31,1415.27,14.62,21.61,553.55,2388.15,9053.54,1.3,47.39,521.35,2388.11,8134.15,8.4222,0.03,393,2388,100.0,38.88,23.2723,125
71,84,0.0007,-0.0,100.0,518.67,642.33,1593.76,1413.99,14.62,21.61,553.31,2388.14,9053.8,1.3,47.29,520.86,2388.1,8132.98,8.4541,0.03,392,2388,100.0,38.74,23.336,124
71,85,-0.0012,-0.0003,100.0,518.67,642.7,1592.07,1407.94,14.62,21.61,553.35,2388.14,9056.33,1.3,47.68,521.38,2388.12,8130.4,8.4555,0.03,392,2388,100.0,38.97,23.2367,123
71,86,-0.0005,0.0001,100.0,518.67,642.83,1590.54,1410.34,14.62,21.61,553.27,2388.15,9055.05,1.3,47.44,521.65,2388.08,8125.53,8.4716,0.03,394,2388,100.0,38.81,23.3999,122
71,87,0.0057,0.0004,100.0,518.67,642.8,1586.81,1411.67,14.62,21.61,553.78,2388.11,9053.47,1.3,47.54,521.53,2388.11,8131.9,8.425,0.03,392,2388,100.0,38.77,23.3605,121
71,88,0.0012,0.0005,100.0,518.67,642.93,1591.65,1405.69,14.62,21.61,553.49,2388.1,9048.64,1.3,47.52,521.85,2388.09,8130.69,8.4405,0.03,393,2388,100.0,38.86,23.2067,120
71,89,0.0036,-0.0004,100.0,518.67,642.32,1594.26,1409.5,14.62,21.61,553.24,2388.08,9049.11,1.3,47.51,521.47,2388.11,8126.65,8.4455,0.03,392,2388,100.0,38.82,23.274,119
71,90,-0.0008,0.0003,100.0,518.67,642.72,1583.81,1408.26,14.62,21.61,553.7,2388.14,9046.47,1.3,47.33,521.4,2388.11,8130.15,8.4106,0.03,394,2388,100.0,38.82,23.3033,118
71,91,-0.0003,0.0004,100.0,518.67,642.44,1589.04,1411.5,14.62,21.61,553.14,2388.14,9057.43,1.3,47.55,521.62,2388.1,8133.12,8.4597,0.03,394,2388,100.0,38.82,23.2533,117
71,92,-0.003,-0.0004,100.0,518.67,642.39,1587.45,1410.54,14.62,21.61,553.93,2388.15,9056.35,1.3,47.62,521.78,2388.12,8132.33,8.4211,0.03,393,2388,100.0,38.7,23.295,116
71,93,-0.0006,0.0,100.0,518.67,642.92,1592.03,1414.51,14.62,21.61,553.27,2388.14,9051.24,1.3,47.66,520.89,2388.13,8133.76,8.445,0.03,391,2388,100.0,38.77,23.2704,115
71,94,0.002,-0.0002,100.0,518.67,642.97,1591.53,1411.32,14.62,21.61,553.57,2388.12,9046.58,1.3,47.43,521.09,2388.08,8133.85,8.4325,0.03,392,2388,100.0,38.72,23.3002,114
71,95,-0.0013,-0.0003,100.0,518.67,642.71,1595.74,1407.02,14.62,21.61,554.35,2388.13,9053.14,1.3,47.48,521.37,2388.11,8134.71,8.4101,0.03,394,2388,100.0,38.93,23.3447,113
71,96,0.0013,-0.0,100.0,518.67,642.91,1581.3,1407.69,14.62,21.61,553.04,2388.14,9061.59,1.3,47.44,520.99,2388.08,8136.9,8.4246,0.03,392,2388,100.0,38.88,23.2852,112
71,97,-0.0001,-0.0003,100.0,518.67,642.37,1590.44,1405.99,14.62,21.61,553.45,2388.07,9048.99,1.3,47.61,521.25,2388.11,8134.22,8.4304,0.03,393,2388,100.0,38.8,23.2577,111
71,98,0.0022,0.0003,100.0,518.67,642.09,1596.55,1402.01,14.62,21.61,553.33,2388.1,9056.53,1.3,47.45,521.74,2388.13,8132.73,8.4744,0.03,393,2388,100.0,38.73,23.3293,110
71,99,0.0018,0.0001,100.0,518.67,642.56,1589.72,1409.18,14.62,21.61,553.95,2388.08,9056.2,1.3,47.41,521.31,2388.11,8132.69,8.4595,0.03,393,2388,100.0,38.83,23.2812,109
71,100,-0.0008,-0.0002,100.0,518.67,642.86,1588.57,1405.57,14.62,21.61,553.52,2388.1,9055.76,1.3,47.34,521.67,2388.06,8125.87,8.4285,0.03,392,2388,100.0,38.81,23.2855,108
71,101,0.0051,0.0002,100.0,518.67,642.52,1588.52,1410.37,14.62,21.61,553.05,2388.08,9054.76,1.3,47.43,521.58,2388.11,8133.81,8.4338,0.03,392,2388,100.0,38.81,23.251,107
71,102,-0.0015,0.0004,100.0,518.67,642.55,1587.79,1403.93,14.62,21.61,553.3,2388.13,9047.5,1.3,47.39,521.94,2388.09,8138.37,8.4331,0.03,394,2388,100.0,38.74,23.2832,106
71,103,-0.0026,0.0004,100.0,518.67,642.52,1591.57,1407.55,14.62,21.61,553.03,2388.1,9059.7,1.3,47.57,521.35,2388.06,8136.71,8.4387,0.03,393,2388,100.0,38.75,23.263,105
71,104,0.0009,0.0005,100.0,518.67,642.94,1587.21,1411.37,14.62,21.61,553.26,2388.11,9056.68,1.3,47.58,521.76,2388.09,8138.65,8.4226,0.03,393,2388,100.0,38.85,23.3277,104
71,105,-0.0014,-0.0004,100.0,518.67,642.71,1588.93,1407.26,14.62,21.61,554.24,2388.08,9056.07,1.3,47.54,521.7,2388.1,8138.32,8.4833,0.03,394,2388,100.0,38.73,23.2157,103
71,106,0.001,-0.0001,100.0,518.67,642.32,1590.9,1406.95,14.62,21.61,553.38,2388.07,9053.88,1.3,47.45,521.25,2388.09,8133.62,8.4061,0.03,393,2388,100.0,38.71,23.1861,102
71,107,0.0006,0.0002,100.0,518.67,642.7,1593.14,1407.27,14.62,21.61,553.27,2388.13,9055.63,1.3,47.57,521.44,2388.16,8141.44,8.4583,0.03,394,2388,100.0,38.92,23.3072,101
71,108,0.0014,0.0,100.0,518.67,642.61,1590.18,1407.28,14.62,21.61,554.05,2388.12,9060.41,1.3,47.53,521.74,2388.09,8130.89,8.4679,0.03,394,2388,100.0,38.88,23.2657,100
71,109,0.0035,0.0003,100.0,518.67,642.87,1593.35,1411.86,14.62,21.61,553.61,2388.07,9049.08,1.3,47.51,521.59,2388.07,8134.95,8.4537,0.03,393,2388,100.0,38.85,23.2369,99
71,110,0.0004,0.0005,100.0,518.67,642.72,1585.79,1405.28,14.62,21.61,553.45,2388.08,9052.57,1.3,47.69,521.28,2388.11,8134.35,8.4397,0.03,394,2388,100.0,38.65,23.3387,98
71,111,-0.001,0.0001,100.0,518.67,642.24,1593.55,1405.16,14.62,21.61,553.43,2388.11,9057.41,1.3,47.57,522.05,2388.13,8141.9,8.4416,0.03,393,2388,100.0,38.84,23.2953,97
71,112,-0.0012,0.0003,100.0,518.67,642.49,1584.01,1412.61,14.62,21.61,553.37,2388.06,9052.22,1.3,47.69,521.22,2388.12,8135.31,8.4141,0.03,393,2388,100.0,38.76,23.3708,96
71,113,-0.0004,0.0005,100.0,518.67,642.77,1588.24,1413.8,14.62,21.61,553.73,2388.12,9057.15,1.3,47.63,521.51,2388.14,8133.77,8.424,0.03,393,2388,100.0,38.8,23.2884,95
71,114,-0.0061,-0.0004,100.0,518.67,642.62,1596.53,1409.03,14.62,21.61,553.33,2388.14,9064.03,1.3,47.43,521.26,2388.09,8133.94,8.4464,0.03,393,2388,100.0,38.86,23.2755,94
71,115,-0.0017,0.0005,100.0,518.67,642.46,1594.8,1407.0,14.62,21.61,553.38,2388.07,9048.57,1.3,47.59,521.36,2388.13,8139.06,8.4417,0.03,395,2388,100.0,38.63,23.2904,93
71,116,-0.0039,0.0005,100.0,518.67,642.72,1587.46,1409.51,14.62,21.61,553.34,2388.11,9056.18,1.3,47.68,521.78,2388.09,8139.01,8.4242,0.03,395,2388,100.0,38.72,23.2465,92
71,117,0.0013,-0.0,100.0,518.67,642.79,1590.4,1408.13,14.62,21.61,553.61,2388.07,9062.42,1.3,47.63,521.6,2388.09,8140.12,8.4529,0.03,393,2388,100.0,38.8,23.271,91
71,118,0.0002,-0.0,100.0,518.67,642.21,1584.79,1411.57,14.62,21.61,553.27,2388.09,9058.73,1.3,47.5,521.35,2388.03,8140.65,8.436,0.03,395,2388,100.0,38.55,23.231,90
71,119,-0.0012,-0.0001,100.0,518.67,642.85,1588.91,1400.22,14.62,21.61,553.74,2388.16,9059.56,1.3,47.53,521.49,2388.14,8138.36,8.4628,0.03,392,2388,100.0,38.77,23.3043,89
71,120,0.0033,0.0005,100.0,518.67,642.81,1590.75,1414.67,14.62,21.61,553.36,2388.1,9054.79,1.3,47.43,521.21,2388.15,8136.91,8.4475,0.03,391,2388,100.0,38.96,23.3841,88
71,121,-0.0014,0.0003,100.0,518.67,643.29,1592.08,1413.15,14.62,21.61,553.09,2388.12,9054.72,1.3,47.52,521.63,2388.14,8141.77,8.4509,0.03,395,2388,100.0,38.87,23.3197,87
71,122,0.0007,0.0003,100.0,518.67,642.9,1583.86,1414.0,14.62,21.61,553.87,2388.11,9060.85,1.3,47.65,521.18,2388.09,8142.38,8.4238,0.03,395,2388,100.0,38.9,23.2903,86
71,123,0.0002,-0.0001,100.0,518.67,642.71,1589.22,1416.62,14.62,21.61,553.01,2388.11,9062.87,1.3,47.58,520.5,2388.13,8142.08,8.4411,0.03,391,2388,100.0,38.73,23.2743,85
71,124,0.0006,-0.0,100.0,518.67,642.79,1594.29,1408.9,14.62,21.61,553.19,2388.13,9062.85,1.3,47.61,521.32,2388.04,8140.86,8.4843,0.03,394,2388,100.0,38.68,23.463,84
71,125,-0.0009,-0.0005,100.0,518.67,643.28,1585.32,1411.66,14.62,21.61,553.24,2388.13,9056.16,1.3,47.52,521.57,2388.13,8136.99,8.4425,0.03,393,2388,100.0,38.64,23.2051,83
71,126,0.0008,-0.0003,100.0,518.67,642.67,1597.88,1413.86,14.62,21.61,553.98,2388.1,9063.94,1.3,47.52,521.53,2388.06,8138.88,8.4541,0.03,394,2388,100.0,38.63,23.1568,82
71,127,-0.0009,0.0003,100.0,518.67,642.81,1594.31,1407.3,14.62,21.61,553.76,2388.12,9068.14,1.3,47.72,521.03,2388.11,8136.07,8.4189,0.03,394,2388,100.0,38.8,23.113,81
71,128,0.0001,-0.0003,100.0,518.67,643.02,1593.3,1410.6,14.62,21.61,553.11,2388.15,9058.5,1.3,47.47,521.57,2388.14,8144.71,8.4406,0.03,395,2388,100.0,38.68,23.1453,80
71,129,-0.0008,-0.0001,100.0,518.67,643.03,1588.49,1410.95,14.62,21.61,554.1,2388.08,9060.62,1.3,47.57,521.3,2388.14,8140.69,8.4749,0.03,393,2388,100.0,38.77,23.3252,79
71,130,-0.0039,-0.0003,100.0,518.67,642.78,1591.01,1408.76,14.62,21.61,553.49,2388.04,9064.27,1.3,47.67,521.3,2388.07,8147.38,8.4305,0.03,394,2388,100.0,38.84,23.3686,78
71,131,0.0046,-0.0004,100.0,518.67,642.27,1594.54,1404.47,14.62,21.61,552.94,2388.06,9059.49,1.3,47.44,521.44,2388.13,8146.39,8.4406,0.03,392,2388,100.0,38.9,23.3063,77
71,132,0.0016,0.0003,100.0,518.67,642.75,1589.44,1410.57,14.62,21.61,552.67,2388.12,9066.25,1.3,47.46,521.06,2388.1,8135.63,8.413,0.03,393,2388,100.0,38.7,23.4292,76
71,133,0.0006,-0.0001,100.0,518.67,642.97,1598.37,1419.33,14.62,21.61,552.46,2388.06,9060.83,1.3,47.61,521.38,2388.11,8143.71,8.4751,0.03,392,2388,100.0,38.62,23.2353,75
71,134,-0.0026,-0.0003,100.0,518.67,642.54,1586.99,1415.12,14.62,21.61,552.61,2388.07,9062.17,1.3,47.37,521.59,2388.17,8140.37,8.4403,0.03,394,2388,100.0,38.9,23.2616,74
71,135,0.0025,0.0005,100.0,518.67,642.96,1594.67,1410.94,14.62,21.61,553.42,2388.12,9065.84,1.3,47.46,521.36,2388.08,8140.97,8.4709,0.03,395,2388,100.0,38.61,23.202,73
71,136,-0.0043,-0.0002,100.0,518.67,642.64,1585.84,1407.29,14.62,21.61,553.56,2388.14,9064.63,1.3,47.56,520.99,2388.13,8140.83,8.4705,0.03,394,2388,100.0,38.72,23.2056,72
71,137,-0.0009,0.0003,100.0,518.67,642.92,1591.06,1416.33,14.62,21.61,553.27,2388.09,9065.52,1.3,47.5,520.87,2388.14,8144.67,8.4579,0.03,394,2388,100.0,38.77,23.2931,71
71,138,0.0038,0.0001,100.0,518.67,642.86,1594.96,1415.09,14.62,21.61,553.1,2388.13,9067.85,1.3,47.8,521.35,2388.11,8141.3,8.4807,0.03,393,2388,100.0,38.73,23.3304,70
71,139,0.0032,-0.0001,100.0,518.67,642.56,1593.15,1414.45,14.62,21.61,553.13,2388.11,9072.38,1.3,47.59,521.35,2388.04,8143.72,8.458,0.03,394,2388,100.0,38.82,23.184,69
71,140,-0.0041,-0.0002,100.0,518.67,642.82,1593.55,1419.33,14.62,21.61,553.39,2388.09,9067.3,1.3,47.41,521.52,2388.06,8141.23,8.4389,0.03,392,2388,100.0,38.72,23.2827,68
71,141,0.0003,-0.0003,100.0,518.67,643.0,1583.94,1412.73,14.62,21.61,552.67,2388.12,9062.92,1.3,47.59,521.55,2388.19,8145.93,8.4551,0.03,393,2388,100.0,38.61,23.3516,67
71,142,0.0017,-0.0004,100.0,518.67,642.13,1583.6,1406.34,14.62,21.61,553.05,2388.09,9067.56,1.3,47.52,521.21,2388.06,8150.45,8.4627,0.03,395,2388,100.0,38.84,23.3417,66
71,143,-0.0019,-0.0001,100.0,518.67,643.04,1596.13,1414.05,14.62,21.61,552.07,2388.11,9066.77,1.3,47.71,520.95,2388.14,8147.67,8.4458,0.03,393,2388,100.0,38.69,23.2854,65
71,144,0.0024,0.0,100.0,518.67,642.46,1587.71,1408.9,14.62,21.61,553.28,2388.08,9069.98,1.3,47.85,521.36,2388.11,8145.25,8.4678,0.03,394,2388,100.0,38.9,23.3478,64
71,145,0.0008,-0.0002,100.0,518.67,642.73,1588.76,1408.05,14.62,21.61,552.85,2388.09,9071.7,1.3,47.66,521.42,2388.07,8142.86,8.4544,0.03,394,2388,100.0,38.79,23.2669,63
71,146,-0.0018,0.0002,100.0,518.67,642.87,1592.91,1415.29,14.62,21.61,553.33,2388.11,9070.87,1.3,47.66,521.34,2388.09,8153.15,8.4309,0.03,395,2388,100.0,38.7,23.2032,62
71,147,-0.0013,-0.0004,100.0,518.67,643.02,1594.03,1414.77,14.62,21.61,552.6,2388.1,9072.23,1.3,47.63,521.46,2388.13,8150.25,8.4922,0.03,394,2388,100.0,38.66,23.2358,61
71,148,-0.0001,0.0003,100.0,518.67,643.23,1582.36,1418.54,14.62,21.61,553.07,2388.08,9072.11,1.3,47.63,521.25,2388.15,8148.03,8.4875,0.03,396,2388,100.0,38.78,23.2227,60
71,149,0.0003,0.0001,100.0,518.67,642.77,1589.41,1411.16,14.62,21.61,552.36,2388.15,9072.69,1.3,47.63,521.69,2388.12,8148.33,8.437,0.03,393,2388,100.0,38.8,23.195,59
71,150,0.0004,-0.0,100.0,518.67,642.86,1592.62,1402.97,14.62,21.61,553.43,2388.11,9076.63,1.3,47.58,521.34,2388.12,8152.68,8.4611,0.03,395,2388,100.0,38.65,23.2549,58
71,151,0.0014,-0.0004,100.0,518.67,642.29,1586.58,1409.82,14.62,21.61,553.45,2388.04,9075.73,1.3,47.52,520.63,2388.12,8152.01,8.4758,0.03,394,2388,100.0,38.6,23.3022,57
71,152,-0.0006,0.0003,100.0,518.67,643.2,1586.01,1418.63,14.62,21.61,552.64,2388.15,9074.91,1.3,47.74,521.28,2388.13,8149.28,8.4307,0.03,393,2388,100.0,38.67,23.1949,56
71,153,-0.0044,-0.0001,100.0,518.67,643.32,1593.78,1414.46,14.62,21.61,552.92,2388.13,9078.88,1.3,47.56,520.84,2388.05,8147.89,8.4878,0.03,392,2388,100.0,38.73,23.3745,55
71,154,-0.0013,0.0003,100.0,518.67,643.02,1597.47,1411.45,14.62,21.61,552.45,2388.12,9076.5,1.3,47.59,521.05,2388.09,8157.69,8.4197,0.03,394,2388,100.0,38.79,23.252,54
71,155,-0.0028,0.0,100.0,518.67,642.69,1598.39,1415.4,14.62,21.61,552.88,2388.09,9086.3,1.3,47.77,521.06,2388.13,8150.9,8.4751,0.03,395,2388,100.0,38.78,23.1747,53
71,156,-0.0016,0.0004,100.0,518.67,643.17,1593.34,1408.07,14.62,21.61,553.47,2388.09,9078.75,1.3,47.68,521.31,2388.12,8151.21,8.476,0.03,394,2388,100.0,38.54,23.36,52
71,157,-0.0042,0.0001,100.0,518.67,642.7,1597.56,1411.08,14.62,21.61,553.18,2388.11,9073.38,1.3,47.72,521.42,2388.06,8148.08,8.4194,0.03,394,2388,100.0,38.71,23.2228,51
71,158,-0.0008,-0.0003,100.0,518.67,643.17,1590.28,1414.23,14.62,21.61,553.02,2388.15,9079.6,1.3,47.74,521.24,2388.08,8155.52,8.4555,0.03,395,2388,100.0,38.63,23.2499,50
71,159,-0.0031,-0.0,100.0,518.67,643.4,1586.52,1416.4,14.62,21.61,552.7,2388.08,9076.4,1.3,47.85,520.93,2388.07,8150.98,8.4635,0.03,393,2388,100.0,38.65,23.2729,49
71,160,0.0012,-0.0004,100.0,518.67,642.98,1592.74,1424.36,14.62,21.61,553.25,2388.18,9083.25,1.3,47.8,521.29,2388.1,8152.84,8.4924,0.03,396,2388,100.0,38.67,23.1788,48
71,161,-0.0016,0.0001,100.0,518.67,642.57,1591.35,1417.93,14.62,21.61,553.25,2388.09,9081.04,1.3,47.72,521.07,2388.14,8157.92,8.478,0.03,394,2388,100.0,38.74,23.1024,47
71,162,0.002,-0.0003,100.0,518.67,642.53,1594.16,1413.89,14.62,21.61,553.31,2388.11,9077.59,1.3,47.7,520.81,2388.13,8158.69,8.4446,0.03,394,2388,100.0,38.74,23.2595,46
71,163,0.0019,0.0001,100.0,518.67,643.29,1593.59,1413.94,14.62,21.61,552.74,2388.19,9082.29,1.3,47.79,520.97,2388.13,8166.44,8.4299,0.03,393,2388,100.0,38.74,23.1941,45
71,164,-0.0008,-0.0001,100.0,518.67,643.19,1593.4,1416.32,14.62,21.61,553.14,2388.11,9081.78,1.3,47.64,521.2,2388.1,8162.69,8.4675,0.03,393,2388,100.0,38.79,23.3792,44
71,165,0.0001,0.0002,100.0,518.67,642.89,1594.16,1415.21,14.62,21.61,553.43,2388.05,9092.08,1.3,47.82,520.55,2388.13,8158.67,8.4715,0.03,395,2388,100.0,38.68,23.2064,43
71,166,0.0012,-0.0,100.0,518.67,643.13,1594.59,1414.65,14.62,21.61,553.32,2388.07,9082.85,1.3,47.84,520.53,2388.1,8157.9,8.4657,0.03,394,2388,100.0,38.6,23.223,42
71,167,-0.003,0.0004,100.0,518.67,642.94,1598.59,1415.99,14.62,21.61,552.55,2388.12,9087.96,1.3,47.56,520.73,2388.1,8166.74,8.4806,0.03,395,2388,100.0,38.69,23.2166,41
71,168,0.0037,-0.0005,100.0,518.67,643.0,1596.79,1412.2,14.62,21.61,552.94,2388.12,9086.86,1.3,47.76,520.88,2388.14,8162.11,8.4754,0.03,395,2388,100.0,38.66,23.2358,40
71,169,-0.0016,-0.0003,100.0,518.67,642.39,1596.3,1408.82,14.62,21.61,552.51,2388.11,9087.02,1.3,47.87,520.7,2388.14,8160.33,8.4244,0.03,393,2388,100.0,38.66,23.2241,39
71,170,0.0011,0.0003,100.0,518.67,642.94,1599.6,1413.04,14.62,21.61,552.22,2388.07,9092.23,1.3,47.63,521.1,2388.15,8163.08,8.4483,0.03,395,2388,100.0,38.74,23.2023,38
71,171,0.0003,0.0004,100.0,518.67,643.36,1601.38,1410.27,14.62,21.61,552.31,2388.1,9092.33,1.3,47.86,520.78,2388.09,8166.44,8.4744,0.03,395,2388,100.0,38.67,23.1018,37
71,172,-0.0016,-0.0003,100.0,518.67,643.01,1586.69,1417.78,14.62,21.61,551.92,2388.08,9091.83,1.3,47.82,520.84,2388.11,8170.24,8.4676,0.03,394,2388,100.0,38.87,23.2224,36
71,173,0.0004,0.0003,100.0,518.67,642.48,1596.61,1414.58,14.62,21.61,552.67,2388.16,9099.74,1.3,47.91,520.64,2388.14,8161.5,8.4957,0.03,396,2388,100.0,38.7,23.1391,35
71,174,-0.0004,-0.0002,100.0,518.67,643.13,1596.37,1410.71,14.62,21.61,552.5,2388.14,9091.09,1.3,47.66,520.75,2388.12,8168.48,8.4912,0.03,394,2388,100.0,38.57,23.2479,34
71,175,-0.0026,0.0003,100.0,518.67,642.88,1599.47,1419.49,14.62,21.61,552.68,2388.14,9094.49,1.3,47.98,520.73,2388.03,8166.9,8.4802,0.03,394,2388,100.0,38.51,23.1409,33
71,176,0.0009,0.0002,100.0,518.67,643.02,1593.29,1420.25,14.62,21.61,552.18,2388.14,9098.15,1.3,47.85,520.98,2388.12,8168.14,8.4567,0.03,394,2388,100.0,38.51,23.2123,32
71,177,-0.0001,-0.0002,100.0,518.67,643.33,1599.11,1418.33,14.62,21.61,552.2,2388.09,9101.12,1.3,47.83,520.49,2388.14,8176.63,8.4478,0.03,394,2388,100.0,38.82,23.2107,31
71,178,0.0012,-0.0,100.0,518.67,642.97,1593.86,1421.25,14.62,21.61,552.14,2388.1,9098.05,1.3,47.96,520.81,2388.14,8168.6,8.4553,0.03,394,2388,100.0,38.55,23.2606,30
71,179,-0.0016,-0.0003,100.0,518.67,642.98,1599.53,1416.48,14.62,21.61,553.13,2388.1,9102.92,1.3,47.87,520.66,2388.08,8175.24,8.4661,0.03,396,2388,100.0,38.47,23.1605,29
71,180,0.0037,-0.0002,100.0,518.67,643.09,1598.48,1420.03,14.62,21.61,553.06,2388.09,9097.27,1.3,48.03,520.44,2388.08,8174.26,8.5302,0.03,397,2388,100.0,38.5,23.1638,28
71,181,0.0002,0.0,100.0,518.67,643.51,1596.63,1413.43,14.62,21.61,552.59,2388.13,9111.63,1.3,47.85,520.43,2388.14,8175.11,8.4447,0.03,394,2388,100.0,38.75,23.1769,27
71,182,-0.0006,0.0003,100.0,518.67,643.14,1602.2,1421.06,14.62,21.61,552.41,2388.13,9100.39,1.3,47.74,520.89,2388.12,8173.66,8.5287,0.03,397,2388,100.0,38.52,23.1691,26
71,183,0.0018,0.0005,100.0,518.67,643.77,1598.38,1425.17,14.62,21.61,552.42,2388.09,9118.28,1.3,47.78,520.51,2388.08,8182.01,8.5004,0.03,394,2388,100.0,38.65,23.111,25
71,184,0.0008,0.0002,100.0,518.67,642.92,1593.23,1418.35,14.62,21.61,553.05,2388.12,9114.9,1.3,47.89,521.11,2388.11,8182.87,8.4523,0.03,395,2388,100.0,38.58,23.1549,24
71,185,-0.0011,0.0002,100.0,518.67,643.16,1596.52,1422.09,14.62,21.61,552.61,2388.11,9114.64,1.3,47.84,520.35,2388.09,8180.59,8.5041,0.03,395,2388,100.0,38.62,23.2062,23
71,186,0.0025,-0.0001,100.0,518.67,643.0,1597.49,1423.97,14.62,21.61,552.65,2388.12,9112.49,1.3,47.83,520.62,2388.16,8177.5,8.4745,0.03,394,2388,100.0,38.79,23.1818,22
71,187,0.0029,-0.0,100.0,518.67,643.23,1593.31,1413.84,14.62,21.61,552.64,2388.14,9112.53,1.3,48.04,520.97,2388.05,8182.27,8.5143,0.03,394,2388,100.0,38.39,23.1748,21
71,188,-0.0021,-0.0003,100.0,518.67,642.99,1591.45,1425.14,14.62,21.61,552.25,2388.13,9117.46,1.3,48.01,520.06,2388.18,8186.67,8.46,0.03,396,2388,100.0,38.78,23.0648,20
71,189,-0.0001,-0.0001,100.0,518.67,643.33,1597.56,1424.51,14.62,21.61,552.36,2388.13,9115.05,1.3,47.79,520.16,2388.11,8183.01,8.4717,0.03,395,2388,100.0,38.63,23.1445,19
71,190,-0.0051,0.0004,100.0,518.67,643.44,1595.76,1415.06,14.62,21.61,552.16,2388.17,9113.22,1.3,47.87,519.93,2388.13,8192.29,8.4946,0.03,394,2388,100.0,38.79,23.2389,18
71,191,0.0018,0.0004,100.0,518.67,643.4,1604.75,1425.08,14.62,21.61,552.46,2388.08,9129.01,1.3,48.1,520.26,2388.17,8192.52,8.4953,0.03,393,2388,100.0,38.53,22.9802,17
71,192,-0.0014,0.0003,100.0,518.67,643.57,1598.71,1422.94,14.62,21.61,552.31,2388.11,9119.14,1.3,47.82,520.75,2388.12,8191.78,8.469,0.03,396,2388,100.0,38.55,23.0794,16
71,193,0.0021,-0.0001,100.0,518.67,643.38,1600.02,1416.96,14.62,21.61,552.37,2388.15,9125.13,1.3,47.82,520.55,2388.12,8190.75,8.4722,0.03,395,2388,100.0,38.72,23.1332,15
71,194,0.0032,0.0004,100.0,518.67,643.43,1596.97,1419.79,14.62,21.61,552.55,2388.17,9126.77,1.3,47.87,520.33,2388.12,8191.96,8.5066,0.03,395,2388,100.0,38.48,23.1465,14
71,195,0.0002,0.0001,100.0,518.67,643.15,1590.26,1419.57,14.62,21.61,552.26,2388.18,9128.33,1.3,48.06,520.99,2388.17,8194.98,8.4756,0.03,396,2388,100.0,38.65,23.0475,13
71,196,0.0031,-0.0001,100.0,518.67,643.13,1602.81,1430.38,14.62,21.61,551.74,2388.16,9131.38,1.3,48.03,520.97,2388.15,8195.6,8.5263,0.03,395,2388,100.0,38.34,23.1632,12
71,197,0.0013,0.0002,100.0,518.67,643.5,1602.85,1417.32,14.62,21.61,551.91,2388.14,9135.93,1.3,47.88,520.87,2388.1,8203.65,8.4752,0.03,396,2388,100.0,38.5,23.0395,11
71,198,0.004,-0.0002,100.0,518.67,643.36,1591.01,1421.66,14.62,21.61,552.12,2388.13,9137.78,1.3,47.86,520.22,2388.11,8203.84,8.4955,0.03,396,2388,100.0,38.47,23.109,10
71,199,0.0017,-0.0003,100.0,518.67,643.98,1600.76,1419.82,14.62,21.61,552.32,2388.18,9129.71,1.3,47.82,519.88,2388.16,8203.71,8.5026,0.03,397,2388,100.0,38.67,23.1232,9
71,200,-0.001,-0.0003,100.0,518.67,643.3,1597.91,1428.16,14.62,21.61,551.26,2388.12,9133.79,1.3,48.02,520.18,2388.12,8205.36,8.4954,0.03,396,2388,100.0,38.5,23.0115,8
71,201,-0.0024,0.0004,100.0,518.67,643.42,1605.53,1432.89,14.62,21.61,551.62,2388.1,9137.97,1.3,47.99,520.27,2388.16,8210.04,8.492,0.03,397,2388,100.0,38.45,23.0096,7
71,202,-0.0009,0.0005,100.0,518.67,643.44,1600.22,1425.72,14.62,21.61,552.05,2388.13,9139.95,1.3,47.86,520.39,2388.15,8207.53,8.5349,0.03,397,2388,100.0,38.38,23.0195,6
71,203,-0.0046,-0.0003,100.0,518.67,643.66,1596.68,1432.54,14.62,21.61,551.64,2388.13,9144.24,1.3,48.14,520.51,2388.14,8212.41,8.5438,0.03,397,2388,100.0,38.63,23.0642,5
71,204,-0.0039,0.0,100.0,518.67,643.24,1603.25,1432.07,14.62,21.61,552.01,2388.16,9151.93,1.3,48.09,520.69,2388.14,8216.3,8.5034,0.03,396,2388,100.0,38.67,23.0836,4
71,205,-0.0005,0.0005,100.0,518.67,644.0,1605.32,1421.45,14.62,21.61,551.55,2388.12,9144.82,1.3,48.1,520.46,2388.17,8214.77,8.5016,0.03,396,2388,100.0,38.51,23.158,3
71,206,-0.0038,0.0003,100.0,518.67,643.5,1602.49,1436.86,14.62,21.61,551.63,2388.15,9155.36,1.3,48.15,520.27,2388.16,8215.87,8.5348,0.03,396,2388,100.0,38.39,23.1234,2
71,207,0.0065,0.0,100.0,518.67,643.4,1597.16,1428.89,14.62,21.61,551.56,2388.14,9160.49,1.3,48.22,520.31,2388.18,8213.44,8.5581,0.03,397,2388,100.0,38.33,23.0916,1
71,208,0.0012,0.0002,100.0,518.67,643.57,1599.94,1437.81,14.62,21.61,551.45,2388.18,9153.73,1.3,48.02,520.04,2388.19,8225.07,8.5197,0.03,397,2388,100.0,38.25,22.9967,0
72,1,-0.0009,0.0004,100.0,518.67,642.76,1581.27,1397.98,14.62,21.61,554.28,2388.09,9051.07,1.3,47.44,522.4,2388.1,8138.35,8.4426,0.03,392,2388,100.0,38.91,23.3684,212
72,2,0.0023,-0.0,100.0,518.67,642.53,1591.31,1405.73,14.62,21.61,553.7,2388.06,9044.57,1.3,47.34,521.82,2388.12,8125.46,8.4252,0.03,393,2388,100.0,39.15,23.4285,211
72,3,0.0,0.0001,100.0,518.67,642.39,1588.19,1402.37,14.62,21.61,553.84,2388.04,9043.02,1.3,47.39,521.66,2388.05,8127.28,8.4303,0.03,393,2388,100.0,38.99,23.3593,210
72,4,-0.0038,-0.0005,100.0,518.67,642.31,1581.9,1394.32,14.62,21.61,554.53,2388.1,9048.48,1.3,47.37,521.9,2388.08,8132.76,8.4618,0.03,392,2388,100.0,38.91,23.3359,209
72,5,0.0006,-0.0004,100.0,518.67,642.87,1583.99,1400.95,14.62,21.61,554.53,2388.06,9046.92,1.3,47.48,522.12,2388.05,8126.61,8.3926,0.03,393,2388,100.0,38.86,23.4376,208
72,6,0.0027,-0.0005,100.0,518.67,642.14,1597.17,1405.86,14.62,21.61,554.15,2388.06,9044.78,1.3,47.35,521.95,2388.09,8127.16,8.3984,0.03,393,2388,100.0,39.01,23.2852,207
72,7,0.0007,0.0001,100.0,518.67,641.95,1584.41,1402.77,14.62,21.61,554.66,2388.08,9050.46,1.3,47.51,521.93,2388.06,8122.99,8.4395,0.03,393,2388,100.0,38.97,23.3341,206
72,8,0.0014,0.0004,100.0,518.67,642.33,1586.74,1407.47,14.62,21.61,553.55,2388.08,9042.84,1.3,47.36,521.95,2388.12,8128.17,8.4101,0.03,391,2388,100.0,38.89,23.199,205
72,9,0.0002,0.0002,100.0,518.67,642.25,1590.21,1394.7,14.62,21.61,553.39,2388.11,9043.22,1.3,47.46,522.02,2388.06,8127.26,8.3678,0.03,394,2388,100.0,39.01,23.5178,204
72,10,-0.0005,-0.0005,100.0,518.67,642.27,1589.65,1398.02,14.62,21.61,553.59,2388.05,9042.12,1.3,47.4,521.61,2388.08,8132.72,8.4002,0.03,391,2388,100.0,39.03,23.2579,203
72,11,-0.0025,0.0002,100.0,518.67,642.41,1586.85,1401.16,14.62,21.6,553.57,2388.09,9048.78,1.3,47.36,521.89,2388.04,8130.97,8.4067,0.03,393,2388,100.0,38.91,23.4331,202
72,12,-0.0033,-0.0001,100.0,518.67,642.54,1588.43,1406.14,14.62,21.61,553.56,2388.09,9036.03,1.3,47.15,521.64,2388.11,8126.57,8.4262,0.03,393,2388,100.0,38.92,23.383,201
72,13,-0.0014,0.0004,100.0,518.67,642.59,1582.37,1406.9,14.62,21.61,554.34,2388.02,9041.84,1.3,47.35,522.25,2388.07,8132.11,8.4279,0.03,394,2388,100.0,38.98,23.3475,200
72,14,0.0024,0.0003,100.0,518.67,642.65,1582.83,1398.62,14.62,21.61,554.17,2388.03,9039.92,1.3,47.27,522.01,2388.1,8124.11,8.4332,0.03,393,2388,100.0,39.14,23.4272,199
72,15,-0.0003,0.0001,100.0,518.67,642.11,1582.02,1406.85,14.62,21.61,553.75,2388.1,9044.48,1.3,47.2,521.85,2388.06,8125.89,8.4046,0.03,393,2388,100.0,38.93,23.4104,198
72,16,-0.001,-0.0004,100.0,518.67,642.44,1584.99,1398.83,14.62,21.61,554.27,2388.12,9048.1,1.3,47.37,522.27,2388.08,8131.76,8.4219,0.03,393,2388,100.0,38.98,23.3591,197
72,17,0.0004,0.0,100.0,518.67,642.36,1589.92,1403.61,14.62,21.61,553.41,2388.07,9051.21,1.3,47.39,522.01,2388.11,8129.09,8.4115,0.03,392,2388,100.0,38.92,23.2839,196
72,18,0.001,0.0003,100.0,518.67,642.33,1589.33,1396.85,14.62,21.61,554.96,2388.07,9038.26,1.3,47.33,521.78,2388.05,8126.71,8.4167,0.03,390,2388,100.0,38.96,23.3844,195
72,19,0.0003,0.0004,100.0,518.67,642.01,1587.78,1406.67,14.62,21.61,553.59,2388.12,9049.94,1.3,47.39,522.17,2388.01,8128.29,8.3752,0.03,393,2388,100.0,39.07,23.3562,194
72,20,0.0014,-0.0004,100.0,518.67,642.5,1584.24,1406.74,14.62,21.61,553.94,2388.11,9039.54,1.3,47.36,521.94,2388.06,8123.21,8.4223,0.03,392,2388,100.0,38.88,23.4481,193
72,21,0.0006,0.0001,100.0,518.67,642.96,1588.49,1404.55,14.62,21.61,553.81,2388.08,9040.26,1.3,47.36,521.95,2388.07,8129.09,8.3464,0.03,392,2388,100.0,38.92,23.355,192
72,22,0.0005,0.0002,100.0,518.67,642.25,1588.6,1400.56,14.62,21.61,554.38,2388.06,9048.04,1.3,47.33,521.86,2388.07,8122.19,8.4283,0.03,393,2388,100.0,39.05,23.3009,191
72,23,0.0018,0.0005,100.0,518.67,641.93,1587.37,1397.45,14.62,21.61,554.29,2388.09,9040.22,1.3,47.31,521.53,2388.07,8123.78,8.4254,0.03,392,2388,100.0,38.88,23.4429,190
72,24,-0.0011,0.0,100.0,518.67,642.43,1586.5,1404.68,14.62,21.61,553.3,2388.05,9034.47,1.3,47.34,521.54,2388.12,8125.96,8.3948,0.03,392,2388,100.0,38.99,23.3997,189
72,25,-0.0011,-0.0001,100.0,518.67,642.42,1590.4,1400.09,14.62,21.61,554.02,2388.05,9046.14,1.3,47.24,522.16,2388.05,8128.16,8.4113,0.03,391,2388,100.0,38.99,23.2881,188
72,26,-0.0025,0.0003,100.0,518.67,642.0,1588.33,1397.69,14.62,21.61,553.72,2388.1,9042.53,1.3,47.36,521.65,2388.09,8129.31,8.4462,0.03,392,2388,100.0,38.9,23.3184,187
72,27,-0.0012,-0.0003,100.0,518.67,642.36,1581.79,1394.42,14.62,21.61,553.32,2388.1,9045.68,1.3,47.14,522.48,2388.07,8132.3,8.4074,0.03,391,2388,100.0,38.95,23.3493,186
72,28,0.0016,0.0001,100.0,518.67,642.53,1584.49,1403.61,14.62,21.61,553.81,2388.0,9042.31,1.3,47.26,521.84,2388.12,8125.23,8.4021,0.03,392,2388,100.0,38.95,23.4271,185
72,29,0.0016,-0.0003,100.0,518.67,642.51,1589.28,1405.87,14.62,21.61,554.03,2388.06,9040.91,1.3,47.57,521.69,2388.1,8122.38,8.4303,0.03,392,2388,100.0,39.05,23.3153,184
72,30,0.0016,-0.0002,100.0,518.67,642.11,1586.93,1402.73,14.62,21.61,553.7,2388.11,9047.02,1.3,47.34,522.75,2388.08,8131.0,8.4429,0.03,393,2388,100.0,38.66,23.4715,183
72,31,-0.0011,0.0002,100.0,518.67,642.3,1587.02,1404.26,14.62,21.61,553.96,2388.07,9044.3,1.3,47.29,521.85,2388.07,8126.27,8.405,0.03,393,2388,100.0,38.89,23.3778,182
72,32,0.0033,0.0003,100.0,518.67,642.19,1587.69,1396.31,14.62,21.61,554.48,2388.04,9051.96,1.3,47.51,522.44,2388.07,8128.89,8.4423,0.03,394,2388,100.0,39.02,23.4478,181
72,33,-0.0009,-0.0003,100.0,518.67,642.39,1585.1,1402.5,14.62,21.61,553.96,2388.08,9053.0,1.3,47.34,522.2,2388.11,8127.01,8.424,0.03,392,2388,100.0,38.87,23.3164,180
72,34,0.0001,-0.0004,100.0,518.67,642.14,1589.84,1399.16,14.62,21.61,553.19,2388.04,9044.22,1.3,47.18,521.83,2388.07,8127.87,8.4196,0.03,392,2388,100.0,38.98,23.3288,179
72,35,-0.003,-0.0,100.0,518.67,642.44,1583.5,1400.21,14.62,21.61,553.45,2388.06,9047.24,1.3,47.34,522.65,2388.06,8128.54,8.4139,0.03,392,2388,100.0,39.06,23.3642,178
72,36,0.0004,0.0002,100.0,518.67,642.63,1589.33,1396.31,14.62,21.61,554.17,2388.12,9039.26,1.3,47.19,522.06,2388.09,8130.58,8.4413,0.03,392,2388,100.0,38.91,23.3404,177
72,37,0.0039,-0.0001,100.0,518.67,642.05,1587.82,1403.74,14.62,21.61,553.58,2388.1,9046.0,1.3,47.48,521.91,2388.13,8129.59,8.4177,0.03,393,2388,100.0,38.93,23.4735,176
72,38,-0.0018,-0.0002,100.0,518.67,642.5,1580.28,1400.0,14.62,21.61,553.94,2388.08,9047.28,1.3,47.24,522.06,2388.05,8128.05,8.4208,0.03,391,2388,100.0,38.84,23.3409,175
72,39,0.0031,-0.0002,100.0,518.67,642.37,1579.68,1404.16,14.62,21.61,553.58,2388.08,9044.56,1.3,47.3,522.25,2388.1,8125.66,8.43,0.03,392,2388,100.0,38.95,23.3556,174
72,40,-0.0023,0.0,100.0,518.67,642.56,1581.44,1401.99,14.62,21.61,554.12,2388.08,9040.77,1.3,47.32,521.79,2388.05,8126.72,8.4294,0.03,391,2388,100.0,38.92,23.3841,173
72,41,-0.0016,0.0001,100.0,518.67,643.12,1579.11,1399.01,14.62,21.61,554.18,2388.08,9047.53,1.3,47.34,521.77,2388.02,8126.76,8.3696,0.03,392,2388,100.0,38.97,23.3317,172
72,42,-0.0008,0.0002,100.0,518.67,642.03,1585.93,1397.02,14.62,21.61,553.96,2388.04,9053.36,1.3,47.45,521.48,2388.04,8132.35,8.4466,0.03,393,2388,100.0,39.07,23.2882,171
72,43,0.0007,-0.0003,100.0,518.67,642.4,1582.59,1404.01,14.62,21.61,553.59,2388.08,9044.36,1.3,47.27,521.74,2388.06,8124.44,8.4017,0.03,391,2388,100.0,38.95,23.3261,170
72,44,0.0015,-0.0001,100.0,518.67,641.88,1589.27,1404.09,14.62,21.61,553.75,2388.11,9046.16,1.3,47.23,521.32,2388.12,8125.38,8.4197,0.03,393,2388,100.0,39.0,23.335,169
72,45,-0.0015,-0.0001,100.0,518.67,642.54,1591.29,1403.36,14.62,21.61,553.76,2388.11,9044.07,1.3,47.45,521.63,2388.1,8125.28,8.4237,0.03,392,2388,100.0,38.96,23.3563,168
72,46,0.0023,-0.0001,100.0,518.67,643.17,1586.89,1404.33,14.62,21.61,554.05,2388.01,9045.6,1.3,47.23,521.88,2388.09,8134.12,8.3975,0.03,392,2388,100.0,38.89,23.3192,167
72,47,-0.0011,-0.0005,100.0,518.67,642.39,1587.82,1402.83,14.62,21.61,553.9,2388.07,9048.02,1.3,47.28,521.67,2388.04,8127.18,8.4199,0.03,389,2388,100.0,39.1,23.3764,166
72,48,0.0001,-0.0004,100.0,518.67,642.57,1595.62,1402.47,14.62,21.61,553.98,2388.04,9053.25,1.3,47.27,522.08,2388.07,8129.58,8.4369,0.03,392,2388,100.0,38.82,23.4053,165
72,49,-0.0023,-0.0004,100.0,518.67,642.5,1589.34,1404.59,14.62,21.61,553.55,2388.08,9042.74,1.3,47.45,521.83,2388.08,8128.88,8.3987,0.03,393,2388,100.0,38.88,23.3656,164
72,50,0.0027,-0.0003,100.0,518.67,642.44,1591.92,1403.72,14.62,21.61,554.1,2388.03,9043.58,1.3,47.39,522.08,2388.07,8126.92,8.4025,0.03,392,2388,100.0,38.97,23.4179,163
72,51,-0.0017,0.0001,100.0,518.67,642.56,1587.66,1401.54,14.62,21.61,553.86,2388.04,9039.06,1.3,47.24,521.58,2388.06,8125.73,8.4052,0.03,392,2388,100.0,39.04,23.461,162
72,52,-0.0024,-0.0003,100.0,518.67,642.67,1577.13,1406.85,14.62,21.61,553.67,2388.08,9042.44,1.3,47.56,521.56,2388.03,8125.75,8.4157,0.03,391,2388,100.0,38.95,23.3853,161
72,53,-0.0049,0.0004,100.0,518.67,642.45,1591.44,1400.64,14.62,21.61,553.57,2388.06,9046.29,1.3,47.13,521.77,2388.07,8130.75,8.4079,0.03,393,2388,100.0,38.88,23.3185,160
72,54,0.002,-0.0004,100.0,518.67,642.69,1583.71,1405.38,14.62,21.61,554.05,2388.07,9045.24,1.3,47.29,521.44,2388.04,8127.54,8.4318,0.03,393,2388,100.0,38.85,23.31,159
72,55,0.0002,0.0002,100.0,518.67,642.48,1587.59,1407.05,14.62,21.61,553.56,2388.09,9054.37,1.3,47.27,521.88,2388.05,8131.82,8.4139,0.03,391,2388,100.0,38.9,23.3438,158
72,56,0.0022,0.0,100.0,518.67,642.25,1587.94,1398.44,14.62,21.61,554.01,2388.06,9044.39,1.3,47.49,521.89,2388.06,8129.64,8.4162,0.03,392,2388,100.0,38.93,23.2541,157
72,57,-0.0004,-0.0004,100.0,518.67,642.44,1585.52,1407.54,14.62,21.61,554.0,2388.13,9041.73,1.3,47.31,521.58,2388.08,8131.04,8.4419,0.03,394,2388,100.0,39.06,23.3182,156
72,58,0.0009,0.0003,100.0,518.67,642.72,1594.45,1391.04,14.62,21.6,553.67,2388.07,9044.92,1.3,47.21,521.7,2388.14,8129.52,8.425,0.03,393,2388,100.0,38.9,23.3245,155
72,59,-0.002,-0.0001,100.0,518.67,643.01,1587.27,1399.99,14.62,21.61,553.94,2388.11,9045.31,1.3,47.37,521.64,2388.09,8131.5,8.3832,0.03,392,2388,100.0,38.92,23.2723,154
72,60,-0.0001,0.0,100.0,518.67,642.63,1586.15,1402.45,14.62,21.61,554.03,2388.07,9049.48,1.3,47.46,521.86,2388.09,8130.3,8.4227,0.03,393,2388,100.0,38.79,23.4057,153
72,61,0.0012,-0.0,100.0,518.67,642.42,1588.6,1396.54,14.62,21.61,553.53,2388.08,9048.82,1.3,47.42,522.15,2388.12,8128.4,8.4084,0.03,393,2388,100.0,38.77,23.3468,152
72,62,0.001,-0.0004,100.0,518.67,642.19,1589.94,1404.71,14.62,21.61,553.71,2388.1,9048.24,1.3,47.42,521.87,2388.06,8126.86,8.4102,0.03,392,2388,100.0,38.93,23.3102,151
72,63,0.0012,0.0004,100.0,518.67,641.98,1581.76,1408.93,14.62,21.61,553.49,2388.1,9044.67,1.3,47.29,522.2,2388.1,8122.04,8.4336,0.03,392,2388,100.0,38.96,23.4096,150
72,64,-0.0009,-0.0001,100.0,518.67,642.19,1591.0,1404.66,14.62,21.61,553.61,2388.09,9048.73,1.3,47.28,522.27,2388.13,8127.73,8.4089,0.03,392,2388,100.0,39.1,23.3865,149
72,65,0.0007,0.0003,100.0,518.67,642.99,1586.97,1402.41,14.62,21.61,553.31,2388.04,9047.22,1.3,47.35,521.69,2388.06,8128.16,8.4165,0.03,391,2388,100.0,38.7,23.344,148
72,66,-0.0027,0.0005,100.0,518.67,642.35,1588.55,1402.59,14.62,21.61,553.66,2388.08,9043.43,1.3,47.34,521.21,2388.07,8129.84,8.4266,0.03,393,2388,100.0,39.01,23.421,147
72,67,0.0008,0.0004,100.0,518.67,641.67,1583.47,1409.16,14.62,21.61,555.19,2388.15,9052.47,1.3,47.33,522.0,2388.1,8126.98,8.4104,0.03,393,2388,100.0,39.05,23.4175,146
72,68,-0.0019,0.0004,100.0,518.67,642.44,1585.83,1403.67,14.62,21.61,554.16,2388.06,9043.7,1.3,47.4,521.74,2388.08,8134.89,8.4537,0.03,392,2388,100.0,38.93,23.3045,145
72,69,-0.0,-0.0,100.0,518.67,643.04,1587.65,1401.78,14.62,21.61,554.59,2388.04,9042.7,1.3,47.32,522.71,2388.06,8125.92,8.4567,0.03,392,2388,100.0,38.88,23.4293,144
72,70,0.0026,0.0002,100.0,518.67,642.53,1584.39,1404.29,14.62,21.61,554.32,2388.05,9048.25,1.3,47.44,522.08,2388.05,8131.73,8.4136,0.03,393,2388,100.0,38.87,23.3183,143
72,71,-0.002,-0.0005,100.0,518.67,642.2,1588.84,1401.17,14.62,21.61,553.91,2388.11,9046.87,1.3,47.39,521.95,2388.09,8128.78,8.4215,0.03,393,2388,100.0,38.85,23.2892,142
72,72,-0.0009,-0.0005,100.0,518.67,642.41,1589.87,1405.0,14.62,21.61,553.93,2388.12,9042.25,1.3,47.15,521.64,2388.11,8126.49,8.384,0.03,392,2388,100.0,38.94,23.3155,141
72,73,-0.0033,0.0003,100.0,518.67,642.41,1588.7,1413.8,14.62,21.61,553.98,2388.05,9044.21,1.3,47.43,521.87,2388.13,8127.47,8.4239,0.03,393,2388,100.0,38.82,23.302,140
72,74,0.0006,0.0005,100.0,518.67,642.73,1588.47,1401.39,14.62,21.61,554.05,2388.07,9035.49,1.3,47.31,522.39,2388.03,8129.23,8.4435,0.03,392,2388,100.0,38.89,23.4178,139
72,75,-0.0042,0.0004,100.0,518.67,642.22,1586.21,1408.2,14.62,21.61,553.58,2388.09,9051.35,1.3,47.41,521.54,2388.04,8125.08,8.4118,0.03,392,2388,100.0,38.95,23.358,138
72,76,-0.0016,0.0003,100.0,518.67,642.26,1581.99,1403.0,14.62,21.61,553.35,2388.1,9043.42,1.3,47.37,521.63,2388.09,8128.33,8.416,0.03,392,2388,100.0,39.0,23.3079,137
72,77,-0.0004,0.0001,100.0,518.67,642.9,1582.87,1400.86,14.62,21.61,553.7,2388.15,9044.28,1.3,47.45,521.67,2388.08,8128.45,8.4101,0.03,391,2388,100.0,38.64,23.3389,136
72,78,-0.0022,-0.0,100.0,518.67,642.29,1585.8,1404.56,14.62,21.61,553.63,2388.08,9044.72,1.3,47.27,521.91,2388.1,8128.02,8.4419,0.03,392,2388,100.0,38.8,23.2692,135
72,79,0.0017,0.0001,100.0,518.67,643.2,1593.82,1392.43,14.62,21.61,553.86,2388.06,9049.39,1.3,47.55,521.58,2388.05,8126.76,8.383,0.03,394,2388,100.0,38.76,23.286,134
72,80,0.0039,-0.0005,100.0,518.67,642.32,1587.4,1403.12,14.62,21.61,553.79,2388.05,9050.96,1.3,47.35,521.88,2388.14,8120.01,8.457,0.03,392,2388,100.0,39.06,23.452,133
72,81,-0.0014,0.0002,100.0,518.67,642.19,1589.87,1400.7,14.62,21.61,554.41,2388.05,9048.41,1.3,47.4,522.1,2388.08,8126.55,8.451,0.03,391,2388,100.0,38.85,23.4537,132
72,82,-0.0025,-0.0003,100.0,518.67,642.36,1585.56,1409.95,14.62,21.61,552.79,2388.09,9045.43,1.3,47.24,521.6,2388.07,8129.12,8.4426,0.03,393,2388,100.0,38.91,23.2472,131
72,83,-0.0019,-0.0004,100.0,518.67,642.1,1576.48,1410.49,14.62,21.61,553.22,2388.12,9048.6,1.3,47.61,522.03,2388.1,8126.34,8.4264,0.03,391,2388,100.0,38.87,23.3447,130
72,84,-0.0005,0.0004,100.0,518.67,642.24,1587.22,1406.73,14.62,21.61,554.31,2388.12,9038.82,1.3,47.32,521.88,2388.14,8125.63,8.3936,0.03,393,2388,100.0,38.97,23.3912,129
72,85,0.001,-0.0001,100.0,518.67,642.45,1577.13,1403.05,14.62,21.61,554.13,2388.12,9037.3,1.3,47.41,522.23,2388.1,8128.21,8.4005,0.03,392,2388,100.0,38.92,23.3455,128
72,86,0.0028,0.0003,100.0,518.67,642.16,1585.97,1408.09,14.62,21.61,554.05,2388.08,9049.32,1.3,47.43,522.0,2388.05,8123.35,8.4445,0.03,393,2388,100.0,38.89,23.44,127
72,87,-0.0027,-0.0003,100.0,518.67,642.24,1592.04,1408.34,14.62,21.61,553.0,2388.09,9044.38,1.3,47.41,521.93,2388.07,8128.28,8.3947,0.03,392,2388,100.0,38.97,23.4377,126
72,88,0.0024,0.0001,100.0,518.67,642.62,1589.67,1407.52,14.62,21.61,553.24,2388.09,9047.27,1.3,47.34,521.53,2388.09,8125.21,8.4303,0.03,395,2388,100.0,38.87,23.3295,125
72,89,-0.0022,0.0001,100.0,518.67,642.32,1590.98,1404.76,14.62,21.61,554.02,2388.05,9049.82,1.3,47.44,521.94,2388.11,8127.49,8.4325,0.03,392,2388,100.0,38.88,23.2434,124
72,90,-0.0002,-0.0004,100.0,518.67,642.11,1585.5,1404.05,14.62,21.61,553.55,2388.08,9040.89,1.3,47.46,521.48,2388.07,8126.21,8.422,0.03,392,2388,100.0,38.89,23.3376,123
72,91,0.0015,0.0,100.0,518.67,642.71,1591.76,1402.54,14.62,21.61,554.26,2388.08,9043.35,1.3,47.4,521.68,2388.08,8123.44,8.4412,0.03,393,2388,100.0,39.05,23.3576,122
72,92,0.0027,-0.0001,100.0,518.67,642.79,1589.79,1403.29,14.62,21.61,554.05,2388.09,9048.78,1.3,47.39,520.95,2388.1,8125.79,8.4462,0.03,393,2388,100.0,38.93,23.3444,121
72,93,-0.0003,0.0002,100.0,518.67,642.74,1590.01,1402.38,14.62,21.61,553.38,2388.11,9044.91,1.3,47.35,521.29,2388.03,8127.51,8.4092,0.03,392,2388,100.0,39.06,23.2881,120
72,94,-0.0022,-0.0003,100.0,518.67,642.59,1580.73,1407.95,14.62,21.61,552.96,2388.08,9045.33,1.3,47.29,521.61,2388.14,8128.73,8.4126,0.03,393,2388,100.0,39.18,23.3019,119
72,95,0.0003,-0.0,100.0,518.67,642.42,1589.44,1405.81,14.62,21.61,554.46,2388.05,9044.01,1.3,47.47,521.11,2388.09,8125.64,8.407,0.03,392,2388,100.0,38.96,23.3623,118
72,96,0.002,-0.0005,100.0,518.67,643.08,1590.3,1407.59,14.62,21.61,552.53,2388.13,9044.94,1.3,47.59,521.7,2388.06,8126.7,8.4143,0.03,392,2388,100.0,38.67,23.217,117
72,97,0.0015,-0.0004,100.0,518.67,642.18,1579.54,1414.09,14.62,21.61,553.28,2388.12,9040.6,1.3,47.56,521.88,2388.05,8131.03,8.4511,0.03,393,2388,100.0,38.98,23.3865,116
72,98,0.0017,0.0003,100.0,518.67,642.67,1584.54,1393.38,14.62,21.6,553.63,2388.09,9038.43,1.3,47.48,521.64,2388.11,8120.72,8.432,0.03,394,2388,100.0,38.96,23.2747,115
72,99,0.0013,0.0004,100.0,518.67,642.43,1587.17,1405.18,14.62,21.61,553.26,2388.14,9048.62,1.3,47.35,521.82,2388.13,8120.9,8.4328,0.03,392,2388,100.0,38.86,23.234,114
72,100,-0.001,0.0001,100.0,518.67,642.72,1586.63,1407.27,14.62,21.61,553.31,2388.1,9048.33,1.3,47.54,522.24,2388.13,8118.82,8.4292,0.03,393,2388,100.0,38.95,23.3139,113
72,101,-0.0003,0.0002,100.0,518.67,642.82,1593.52,1408.41,14.62,21.61,554.14,2388.13,9039.64,1.3,47.43,521.36,2388.12,8123.66,8.4236,0.03,392,2388,100.0,38.91,23.2813,112
72,102,0.0021,-0.0004,100.0,518.67,642.28,1589.07,1412.99,14.62,21.61,553.96,2388.09,9039.51,1.3,47.44,521.3,2388.09,8124.79,8.4021,0.03,393,2388,100.0,38.87,23.2866,111
72,103,-0.003,0.0002,100.0,518.67,642.33,1588.0,1401.93,14.62,21.61,553.68,2388.07,9045.33,1.3,47.41,521.0,2388.12,8132.76,8.4235,0.03,393,2388,100.0,38.86,23.3434,110
72,104,-0.0019,0.0002,100.0,518.67,642.64,1588.09,1414.52,14.62,21.61,553.91,2388.03,9044.17,1.3,47.52,521.4,2388.07,8128.76,8.397,0.03,392,2388,100.0,38.82,23.3269,109
72,105,0.0008,-0.0004,100.0,518.67,643.28,1589.35,1399.41,14.62,21.61,553.2,2388.06,9038.5,1.3,47.5,521.8,2388.12,8130.49,8.4227,0.03,392,2388,100.0,38.8,23.2464,108
72,106,-0.0039,-0.0003,100.0,518.67,642.08,1589.42,1405.01,14.62,21.61,553.26,2388.1,9048.46,1.3,47.47,521.77,2388.07,8125.34,8.4351,0.03,393,2388,100.0,39.02,23.2556,107
72,107,-0.004,-0.0002,100.0,518.67,642.99,1591.48,1407.33,14.62,21.61,554.67,2388.11,9044.54,1.3,47.52,521.86,2388.11,8124.97,8.406,0.03,391,2388,100.0,39.0,23.3288,106
72,108,0.0016,0.0001,100.0,518.67,643.18,1584.5,1405.55,14.62,21.61,553.17,2388.17,9043.29,1.3,47.49,521.71,2388.15,8125.37,8.3998,0.03,391,2388,100.0,38.67,23.3644,105
72,109,0.0044,-0.0004,100.0,518.67,642.39,1585.97,1411.73,14.62,21.61,553.59,2388.06,9039.25,1.3,47.42,521.76,2388.08,8125.82,8.4401,0.03,393,2388,100.0,38.97,23.2636,104
72,110,-0.0032,-0.0001,100.0,518.67,641.96,1588.3,1407.71,14.62,21.61,553.56,2388.12,9042.57,1.3,47.44,521.56,2388.12,8125.53,8.4408,0.03,392,2388,100.0,39.0,23.3186,103
72,111,-0.0012,0.0005,100.0,518.67,642.44,1592.5,1405.5,14.62,21.61,553.86,2388.09,9048.41,1.3,47.46,521.42,2388.12,8124.53,8.4543,0.03,394,2388,100.0,38.85,23.3436,102
72,112,0.0006,0.0,100.0,518.67,642.03,1587.3,1402.02,14.62,21.61,553.17,2388.04,9049.42,1.3,47.48,521.69,2388.11,8120.18,8.4543,0.03,393,2388,100.0,38.84,23.2403,101
72,113,0.0003,0.0004,100.0,518.67,642.34,1589.81,1409.84,14.62,21.61,553.82,2388.04,9046.18,1.3,47.56,521.56,2388.05,8128.18,8.3946,0.03,393,2388,100.0,38.83,23.3812,100
72,114,-0.002,-0.0003,100.0,518.67,642.58,1584.11,1401.97,14.62,21.61,553.24,2388.17,9044.92,1.3,47.53,522.15,2388.19,8128.63,8.4156,0.03,392,2388,100.0,38.62,23.2887,99
72,115,0.0001,-0.0001,100.0,518.67,642.5,1588.33,1408.14,14.62,21.61,553.41,2388.1,9044.26,1.3,47.57,521.99,2388.1,8125.07,8.431,0.03,392,2388,100.0,38.92,23.3188,98
72,116,-0.0003,0.0004,100.0,518.67,642.05,1584.17,1408.17,14.62,21.61,554.06,2388.1,9051.43,1.3,47.54,521.23,2388.05,8127.08,8.4416,0.03,392,2388,100.0,38.95,23.2691,97
72,117,-0.0024,0.0003,100.0,518.67,642.31,1591.68,1411.88,14.62,21.61,553.39,2388.1,9044.18,1.3,47.33,521.71,2388.15,8122.85,8.4333,0.03,393,2388,100.0,38.75,23.3553,96
72,118,-0.0003,0.0005,100.0,518.67,642.79,1587.65,1406.43,14.62,21.61,554.1,2388.09,9043.76,1.3,47.31,521.63,2388.09,8125.18,8.4277,0.03,392,2388,100.0,38.8,23.3109,95
72,119,0.0024,-0.0005,100.0,518.67,642.91,1586.71,1419.67,14.62,21.61,553.01,2388.15,9041.27,1.3,47.57,521.47,2388.06,8128.76,8.3999,0.03,394,2388,100.0,38.97,23.3608,94
72,120,0.0005,-0.0004,100.0,518.67,642.18,1581.1,1412.18,14.62,21.61,554.24,2388.12,9046.29,1.3,47.52,521.76,2388.07,8129.31,8.4329,0.03,393,2388,100.0,38.76,23.3913,93
72,121,0.0022,-0.0003,100.0,518.67,642.35,1585.92,1412.89,14.62,21.61,553.72,2388.1,9041.22,1.3,47.42,521.16,2388.1,8125.46,8.4213,0.03,392,2388,100.0,38.88,23.373,92
72,122,-0.0011,0.0004,100.0,518.67,642.7,1584.04,1409.04,14.62,21.61,552.65,2388.15,9045.59,1.3,47.62,521.29,2388.16,8118.13,8.4174,0.03,392,2388,100.0,38.86,23.2898,91
72,123,-0.0003,0.0003,100.0,518.67,642.86,1596.2,1402.59,14.62,21.61,553.71,2388.11,9047.25,1.3,47.47,521.7,2388.13,8126.12,8.4255,0.03,394,2388,100.0,38.95,23.3206,90
72,124,0.0005,-0.0005,100.0,518.67,642.59,1583.21,1402.83,14.62,21.61,552.9,2388.08,9048.83,1.3,47.52,521.03,2388.14,8128.88,8.4268,0.03,393,2388,100.0,38.95,23.2397,89
72,125,0.0018,-0.0003,100.0,518.67,642.32,1583.2,1402.68,14.62,21.61,553.51,2388.08,9040.22,1.3,47.71,521.64,2388.12,8123.5,8.4404,0.03,392,2388,100.0,38.82,23.3085,88
72,126,0.0005,-0.0001,100.0,518.67,642.43,1590.56,1406.15,14.62,21.61,553.09,2388.1,9034.72,1.3,47.54,521.55,2388.17,8120.38,8.4289,0.03,394,2388,100.0,38.98,23.2709,87
72,127,0.0014,0.0002,100.0,518.67,642.83,1592.53,1405.34,14.62,21.61,553.31,2388.12,9048.18,1.3,47.55,521.37,2388.09,8126.02,8.4134,0.03,395,2388,100.0,38.77,23.3261,86
72,128,0.0018,-0.0004,100.0,518.67,642.44,1587.26,1412.87,14.62,21.61,553.3,2388.18,9045.9,1.3,47.51,521.31,2388.14,8120.48,8.4393,0.03,392,2388,100.0,38.96,23.32,85
72,129,-0.0,-0.0003,100.0,518.67,642.2,1591.85,1405.09,14.62,21.61,553.67,2388.13,9038.41,1.3,47.54,521.44,2388.13,8126.23,8.4082,0.03,393,2388,100.0,38.83,23.2383,84
72,130,0.0009,-0.0002,100.0,518.67,642.89,1595.9,1417.28,14.62,21.61,553.36,2388.14,9044.79,1.3,47.62,521.06,2388.12,8129.1,8.422,0.03,394,2388,100.0,38.89,23.2856,83
72,131,0.0016,0.0,100.0,518.67,642.27,1583.29,1406.35,14.62,21.61,553.53,2388.14,9044.53,1.3,47.52,521.04,2388.08,8127.54,8.4256,0.03,392,2388,100.0,38.9,23.2871,82
72,132,-0.0011,0.0004,100.0,518.67,642.51,1585.93,1410.78,14.62,21.61,553.3,2388.16,9038.23,1.3,47.55,521.47,2388.12,8121.98,8.3928,0.03,394,2388,100.0,38.87,23.2743,81
72,133,-0.0014,0.0003,100.0,518.67,642.77,1584.87,1414.29,14.62,21.61,553.03,2388.14,9035.19,1.3,47.59,520.71,2388.17,8120.87,8.4524,0.03,394,2388,100.0,38.86,23.3481,80
72,134,-0.0012,0.0002,100.0,518.67,642.68,1587.38,1402.77,14.62,21.61,552.94,2388.13,9044.7,1.3,47.48,521.1,2388.14,8127.12,8.4299,0.03,394,2388,100.0,38.79,23.3118,79
72,135,0.002,-0.0003,100.0,518.67,642.62,1593.33,1410.48,14.62,21.61,553.22,2388.15,9037.22,1.3,47.39,521.33,2388.16,8128.33,8.4621,0.03,395,2388,100.0,38.9,23.1745,78
72,136,-0.0026,0.0004,100.0,518.67,642.12,1592.87,1412.73,14.62,21.61,553.75,2388.15,9044.07,1.3,47.5,521.68,2388.12,8128.36,8.436,0.03,394,2388,100.0,38.87,23.2867,77
72,137,0.0005,0.0002,100.0,518.67,642.42,1591.17,1413.19,14.62,21.61,553.43,2388.16,9038.89,1.3,47.22,521.22,2388.13,8124.98,8.4994,0.03,393,2388,100.0,38.81,23.2565,76
72,138,-0.0007,-0.0005,100.0,518.67,642.74,1591.88,1407.31,14.62,21.61,553.26,2388.11,9046.22,1.3,47.43,521.29,2388.15,8129.75,8.4146,0.03,393,2388,100.0,38.59,23.2724,75
72,139,-0.001,0.0004,100.0,518.67,642.59,1593.43,1415.19,14.62,21.61,553.01,2388.1,9042.67,1.3,47.59,521.3,2388.1,8120.28,8.4203,0.03,394,2388,100.0,38.84,23.2388,74
72,140,0.0044,-0.0002,100.0,518.67,642.16,1594.3,1407.19,14.62,21.61,553.46,2388.17,9035.8,1.3,47.68,521.03,2388.21,8127.79,8.4406,0.03,394,2388,100.0,38.77,23.1814,73
72,141,-0.0003,-0.0001,100.0,518.67,642.48,1593.56,1407.46,14.62,21.61,553.74,2388.13,9046.35,1.3,47.61,521.38,2388.18,8120.16,8.4347,0.03,393,2388,100.0,38.84,23.3351,72
72,142,-0.0002,0.0005,100.0,518.67,642.94,1593.16,1411.91,14.62,21.61,553.61,2388.12,9047.86,1.3,47.65,521.36,2388.11,8128.27,8.4229,0.03,393,2388,100.0,38.73,23.2584,71
72,143,-0.001,0.0002,100.0,518.67,643.1,1591.17,1409.48,14.62,21.61,553.23,2388.17,9042.55,1.3,47.66,520.97,2388.13,8124.4,8.4384,0.03,394,2388,100.0,38.76,23.2942,70
72,144,0.0032,-0.0002,100.0,518.67,642.79,1588.02,1417.97,14.62,21.61,552.94,2388.16,9046.55,1.3,47.49,520.98,2388.1,8126.04,8.42,0.03,393,2388,100.0,38.84,23.294,69
72,145,-0.0022,0.0002,100.0,518.67,642.35,1590.63,1407.37,14.62,21.61,553.95,2388.12,9030.91,1.3,47.58,521.04,2388.13,8119.3,8.4435,0.03,393,2388,100.0,38.62,23.2534,68
72,146,-0.0006,-0.0,100.0,518.67,642.52,1586.52,1409.07,14.62,21.61,552.55,2388.14,9044.99,1.3,47.37,520.81,2388.13,8125.74,8.4355,0.03,394,2388,100.0,38.72,23.2334,67
72,147,0.0022,0.0004,100.0,518.67,642.42,1593.02,1411.88,14.62,21.61,552.74,2388.17,9034.68,1.3,47.53,521.13,2388.15,8122.73,8.4515,0.03,391,2388,100.0,38.77,23.4248,66
72,148,-0.0003,0.0,100.0,518.67,642.66,1590.75,1415.82,14.62,21.61,553.65,2388.11,9044.88,1.3,47.36,521.46,2388.15,8122.83,8.468,0.03,393,2388,100.0,38.89,23.3415,65
72,149,-0.0051,0.0002,100.0,518.67,642.51,1591.65,1404.71,14.62,21.61,552.93,2388.13,9048.57,1.3,47.6,521.25,2388.14,8115.64,8.4521,0.03,396,2388,100.0,38.82,23.3,64
72,150,0.0023,0.0001,100.0,518.67,642.44,1593.6,1404.11,14.62,21.61,553.42,2388.15,9046.6,1.3,47.47,521.54,2388.16,8118.87,8.4032,0.03,394,2388,100.0,38.97,23.3032,63
72,151,-0.0031,0.0,100.0,518.67,642.65,1593.66,1406.28,14.62,21.61,552.4,2388.12,9039.55,1.3,47.65,521.26,2388.1,8123.17,8.4634,0.03,394,2388,100.0,38.66,23.2498,62
72,152,0.0018,-0.0002,100.0,518.67,642.95,1592.23,1412.44,14.62,21.61,552.26,2388.16,9046.63,1.3,47.49,521.32,2388.16,8124.05,8.4555,0.03,393,2388,100.0,38.76,23.3037,61
72,153,-0.0004,0.0004,100.0,518.67,642.6,1589.29,1412.51,14.62,21.61,552.64,2388.17,9046.1,1.3,47.58,520.99,2388.13,8126.2,8.431,0.03,394,2388,100.0,38.63,23.2881,60
72,154,-0.0007,-0.0001,100.0,518.67,642.76,1585.89,1409.93,14.62,21.61,552.74,2388.18,9036.69,1.3,47.71,521.25,2388.19,8120.12,8.4389,0.03,392,2388,100.0,38.65,23.2662,59
72,155,0.0025,0.0,100.0,518.67,643.02,1589.53,1407.74,14.62,21.61,552.96,2388.16,9043.44,1.3,47.6,521.09,2388.2,8118.86,8.4104,0.03,394,2388,100.0,38.69,23.312,58
72,156,0.0002,0.0002,100.0,518.67,642.83,1588.22,1415.27,14.62,21.61,553.12,2388.14,9036.08,1.3,47.49,520.85,2388.2,8120.19,8.4302,0.03,393,2388,100.0,38.57,23.2223,57
72,157,0.0025,0.0,100.0,518.67,642.73,1588.79,1402.24,14.62,21.61,552.81,2388.18,9042.94,1.3,47.83,520.92,2388.18,8121.28,8.44,0.03,394,2388,100.0,38.66,23.2466,56
72,158,0.0033,0.0003,100.0,518.67,642.85,1595.82,1406.14,14.62,21.61,553.11,2388.18,9040.01,1.3,47.77,520.95,2388.19,8120.85,8.4658,0.03,393,2388,100.0,39.0,23.2714,55
72,159,-0.0013,-0.0004,100.0,518.67,643.26,1596.98,1416.13,14.62,21.61,552.62,2388.14,9041.76,1.3,47.8,520.88,2388.17,8125.45,8.461,0.03,394,2388,100.0,38.82,23.2748,54
72,160,0.0007,0.0004,100.0,518.67,643.04,1599.27,1412.75,14.62,21.61,553.24,2388.16,9038.94,1.3,47.56,520.77,2388.18,8120.11,8.443,0.03,394,2388,100.0,38.86,23.2349,53
72,161,-0.0017,-0.0004,100.0,518.67,642.98,1592.37,1418.24,14.62,21.61,553.43,2388.21,9041.99,1.3,47.69,520.8,2388.15,8125.12,8.4792,0.03,395,2388,100.0,38.64,23.308,52
72,162,0.0015,-0.0003,100.0,518.67,643.16,1594.16,1408.01,14.62,21.61,552.75,2388.14,9044.17,1.3,47.68,520.69,2388.18,8123.48,8.4698,0.03,394,2388,100.0,38.69,23.2613,51
72,163,-0.0016,0.0002,100.0,518.67,642.95,1590.62,1419.3,14.62,21.61,552.89,2388.15,9044.16,1.3,47.56,520.84,2388.12,8124.12,8.4382,0.03,393,2388,100.0,38.83,23.2288,50
72,164,0.0004,-0.0002,100.0,518.67,643.48,1591.17,1413.76,14.62,21.61,552.22,2388.11,9043.4,1.3,47.81,520.39,2388.16,8121.27,8.4412,0.03,395,2388,100.0,38.74,23.2951,49
72,165,0.0008,0.0002,100.0,518.67,643.02,1598.06,1418.62,14.62,21.61,553.77,2388.17,9035.85,1.3,47.61,520.49,2388.22,8112.35,8.4569,0.03,393,2388,100.0,38.71,23.2389,48
72,166,-0.0049,-0.0004,100.0,518.67,643.1,1597.46,1412.6,14.62,21.61,552.91,2388.13,9043.29,1.3,47.58,521.11,2388.17,8117.75,8.4448,0.03,393,2388,100.0,38.67,23.1301,47
72,167,-0.0014,-0.0001,100.0,518.67,643.76,1588.1,1411.58,14.62,21.61,552.58,2388.17,9045.39,1.3,47.81,520.47,2388.18,8120.58,8.4568,0.03,393,2388,100.0,38.71,23.2907,46
72,168,0.0007,-0.0004,100.0,518.67,643.27,1590.65,1413.36,14.62,21.61,552.5,2388.23,9034.19,1.3,47.84,520.38,2388.2,8118.19,8.463,0.03,395,2388,100.0,38.71,23.159,45
72,169,0.0007,0.0001,100.0,518.67,643.04,1590.72,1419.56,14.62,21.61,552.63,2388.2,9036.53,1.3,47.89,521.26,2388.22,8115.89,8.4586,0.03,393,2388,100.0,38.65,23.2519,44
72,170,-0.0015,-0.0004,100.0,518.67,642.67,1590.08,1420.24,14.62,21.61,552.61,2388.18,9033.59,1.3,47.81,520.27,2388.16,8113.49,8.4597,0.03,394,2388,100.0,38.72,23.296,43
72,171,0.0043,0.0005,100.0,518.67,642.45,1589.49,1406.46,14.62,21.61,552.98,2388.19,9042.45,1.3,47.9,521.22,2388.19,8113.61,8.4434,0.03,393,2388,100.0,38.86,23.2047,42
72,172,0.003,-0.0001,100.0,518.67,642.34,1596.86,1413.26,14.62,21.61,552.98,2388.2,9042.16,1.3,47.79,520.55,2388.21,8119.34,8.4592,0.03,393,2388,100.0,38.8,23.2441,41
72,173,0.0011,0.0003,100.0,518.67,643.5,1594.29,1422.07,14.62,21.61,553.19,2388.18,9035.26,1.3,47.66,520.18,2388.11,8118.11,8.4593,0.03,395,2388,100.0,38.64,23.2048,40
72,174,-0.0008,0.0001,100.0,518.67,642.58,1588.37,1424.51,14.62,21.61,552.69,2388.23,9037.07,1.3,47.76,520.78,2388.19,8113.66,8.495,0.03,394,2388,100.0,38.9,23.2908,39
72,175,-0.0006,-0.0001,100.0,518.67,643.33,1593.65,1412.19,14.62,21.61,552.22,2388.24,9030.85,1.3,47.89,520.38,2388.21,8112.69,8.4746,0.03,394,2388,100.0,38.72,23.1389,38
72,176,-0.0006,0.0002,100.0,518.67,643.12,1596.98,1415.07,14.62,21.61,552.45,2388.22,9037.95,1.3,47.87,521.02,2388.18,8120.41,8.4612,0.03,394,2388,100.0,38.75,23.2615,37
72,177,-0.0026,-0.0002,100.0,518.67,643.28,1595.03,1423.98,14.62,21.61,552.19,2388.23,9039.96,1.3,47.92,520.5,2388.24,8119.04,8.4877,0.03,392,2388,100.0,38.62,23.0412,36
72,178,0.0001,0.0003,100.0,518.67,643.36,1594.84,1421.1,14.62,21.61,551.87,2388.26,9039.02,1.3,47.74,521.32,2388.19,8117.19,8.5403,0.03,394,2388,100.0,38.72,23.2104,35
72,179,0.0003,-0.0002,100.0,518.67,643.07,1585.8,1412.32,14.62,21.61,552.12,2388.18,9035.7,1.3,47.98,520.07,2388.2,8114.48,8.4588,0.03,396,2388,100.0,38.69,23.1966,34
72,180,-0.0022,0.0002,100.0,518.67,643.63,1592.67,1419.5,14.62,21.61,552.71,2388.2,9028.39,1.3,47.84,520.78,2388.2,8115.45,8.4716,0.03,396,2388,100.0,38.52,23.2751,33
72,181,0.0006,-0.0003,100.0,518.67,643.36,1598.76,1412.75,14.62,21.61,552.07,2388.24,9037.8,1.3,47.89,520.61,2388.25,8119.77,8.4769,0.03,393,2388,100.0,38.77,23.2382,32
72,182,0.0051,0.0002,100.0,518.67,643.12,1597.98,1415.85,14.62,21.61,552.39,2388.15,9034.86,1.3,47.61,520.91,2388.29,8112.65,8.465,0.03,394,2388,100.0,38.7,23.2426,31
72,183,-0.0014,-0.0,100.0,518.67,643.12,1600.23,1417.63,14.62,21.61,552.44,2388.22,9038.87,1.3,48.04,520.82,2388.21,8119.56,8.4205,0.03,395,2388,100.0,38.65,23.1824,30
72,184,-0.0022,-0.0004,100.0,518.67,642.85,1591.85,1424.38,14.62,21.61,552.42,2388.21,9034.08,1.3,47.79,521.03,2388.23,8118.4,8.4974,0.03,395,2388,100.0,38.61,23.1739,29
72,185,0.0019,0.0004,100.0,518.67,642.96,1597.53,1425.17,14.62,21.61,552.77,2388.2,9034.85,1.3,47.99,520.6,2388.2,8113.03,8.4384,0.03,393,2388,100.0,38.67,23.1838,28
72,186,-0.0019,0.0,100.0,518.67,642.79,1591.54,1416.52,14.62,21.61,552.53,2388.26,9039.93,1.3,47.82,520.37,2388.21,8115.64,8.4784,0.03,394,2388,100.0,38.79,23.2751,27
72,187,-0.001,-0.0002,100.0,518.67,643.0,1595.57,1423.63,14.62,21.61,552.31,2388.2,9030.77,1.3,47.83,520.85,2388.27,8115.65,8.4892,0.03,395,2388,100.0,38.46,23.1483,26
72,188,0.0011,-0.0002,100.0,518.67,643.24,1601.17,1414.33,14.62,21.61,552.04,2388.28,9035.27,1.3,47.85,520.2,2388.23,8112.78,8.4784,0.03,396,2388,100.0,38.73,23.1722,25
72,189,0.0017,0.0002,100.0,518.67,643.52,1597.95,1423.87,14.62,21.61,552.22,2388.21,9031.18,1.3,47.94,520.08,2388.16,8109.8,8.493,0.03,394,2388,100.0,38.54,23.1882,24
72,190,0.001,-0.0004,100.0,518.67,642.89,1589.19,1418.5,14.62,21.61,552.43,2388.2,9032.96,1.3,47.9,520.17,2388.29,8107.62,8.486,0.03,394,2388,100.0,38.82,23.3064,23
72,191,-0.0013,0.0,100.0,518.67,643.69,1598.54,1426.87,14.62,21.61,552.57,2388.25,9039.95,1.3,47.9,519.83,2388.18,8111.86,8.4985,0.03,396,2388,100.0,38.69,23.1994,22
72,192,-0.0017,0.0005,100.0,518.67,642.97,1588.67,1421.85,14.62,21.61,552.53,2388.26,9036.81,1.3,47.83,520.66,2388.23,8106.56,8.481,0.03,396,2388,100.0,38.65,23.1499,21
72,193,0.0054,0.0003,100.0,518.67,642.9,1588.52,1418.0,14.62,21.61,552.03,2388.25,9028.21,1.3,47.97,520.3,2388.26,8112.38,8.4852,0.03,394,2388,100.0,38.62,23.1101,20
72,194,-0.0005,-0.0002,100.0,518.67,643.51,1599.91,1417.67,14.62,21.61,552.42,2388.23,9031.19,1.3,48.03,520.11,2388.24,8113.49,8.4897,0.03,395,2388,100.0,38.58,23.1617,19
72,195,0.003,0.0004,100.0,518.67,643.6,1597.35,1421.79,14.62,21.61,551.62,2388.22,9026.19,1.3,47.85,519.95,2388.29,8113.86,8.507,0.03,394,2388,100.0,38.54,23.1961,18
72,196,0.0016,0.0002,100.0,518.67,643.47,1600.41,1431.82,14.62,21.61,551.87,2388.24,9039.99,1.3,48.13,519.86,2388.26,8111.06,8.5309,0.03,394,2388,100.0,38.56,23.1307,17
72,197,0.0011,0.0003,100.0,518.67,643.41,1598.87,1419.88,14.62,21.61,551.29,2388.24,9039.91,1.3,48.0,520.29,2388.29,8106.14,8.4702,0.03,394,2388,100.0,38.54,23.1234,16
72,198,0.0033,0.0001,100.0,518.67,643.14,1592.26,1425.92,14.62,21.61,552.13,2388.28,9036.48,1.3,47.87,520.47,2388.28,8108.09,8.5234,0.03,396,2388,100.0,38.65,23.1465,15
72,199,-0.0004,-0.0,100.0,518.67,643.76,1597.4,1428.75,14.62,21.61,551.86,2388.33,9029.54,1.3,48.03,520.08,2388.26,8110.4,8.497,0.03,395,2388,100.0,38.49,23.1716,14
72,200,-0.0007,0.0001,100.0,518.67,643.4,1598.37,1425.56,14.62,21.61,551.97,2388.28,9037.16,1.3,48.11,519.54,2388.3,8113.17,8.4741,0.03,395,2388,100.0,38.54,23.0704,13
72,201,0.0002,0.0004,100.0,518.67,643.09,1591.36,1422.0,14.62,21.61,551.31,2388.31,9032.61,1.3,48.01,519.69,2388.23,8111.01,8.513,0.03,395,2388,100.0,38.46,23.1764,12
72,202,0.001,-0.0004,100.0,518.67,642.93,1601.62,1423.93,14.62,21.61,551.44,2388.25,9026.66,1.3,48.06,519.85,2388.25,8112.98,8.4835,0.03,396,2388,100.0,38.57,23.0016,11
72,203,0.0032,0.0005,100.0,518.67,643.5,1597.42,1430.48,14.62,21.61,551.85,2388.24,9030.09,1.3,48.08,519.75,2388.23,8108.0,8.5218,0.03,397,2388,100.0,38.4,23.1053,10
72,204,0.0012,0.0005,100.0,518.67,643.33,1598.5,1430.08,14.62,21.61,551.13,2388.29,9028.64,1.3,47.92,519.32,2388.26,8108.91,8.5212,0.03,395,2388,100.0,38.48,23.0454,9
72,205,0.0004,0.0004,100.0,518.67,643.08,1601.74,1423.58,14.62,21.61,551.87,2388.31,9026.75,1.3,47.98,519.63,2388.27,8112.66,8.4834,0.03,396,2388,100.0,38.52,23.1502,8
72,206,0.0004,-0.0001,100.0,518.67,642.99,1601.84,1427.06,14.62,21.61,551.13,2388.29,9031.29,1.3,47.98,520.06,2388.28,8105.22,8.5162,0.03,397,2388,100.0,38.41,23.0915,7
72,207,0.002,-0.0001,100.0,518.67,643.66,1606.65,1433.07,14.62,21.61,550.78,2388.34,9024.27,1.3,48.26,519.44,2388.32,8099.94,8.5239,0.03,397,2388,100.0,38.46,22.9674,6
72,208,-0.0048,-0.0002,100.0,518.67,642.96,1600.45,1424.75,14.62,21.61,552.18,2388.3,9030.67,1.3,48.14,520.18,2388.29,8105.32,8.5017,0.03,395,2388,100.0,38.44,23.1472,5
72,209,-0.0002,-0.0003,100.0,518.67,644.31,1598.38,1430.17,14.62,21.61,551.68,2388.34,9026.17,1.3,48.23,519.86,2388.26,8104.82,8.5523,0.03,397,2388,100.0,38.44,23.0791,4
72,210,-0.0,-0.0002,100.0,518.67,643.3,1605.5,1428.53,14.62,21.61,551.91,2388.29,9029.88,1.3,48.23,519.45,2388.3,8103.77,8.5114,0.03,396,2388,100.0,38.39,23.0848,3
72,211,0.0011,0.0002,100.0,518.67,643.72,1600.33,1429.09,14.62,21.61,550.63,2388.34,9034.75,1.3,48.15,519.62,2388.33,8103.98,8.5147,0.03,394,2388,100.0,38.51,23.0211,2
72,212,0.0,0.0001,100.0,518.67,643.9,1598.73,1436.24,14.62,21.61,550.68,2388.3,9028.24,1.3,48.1,520.18,2388.3,8101.49,8.5229,0.03,395,2388,100.0,38.45,23.0712,1
72,213,0.0007,-0.0003,100.0,518.67,643.91,1597.72,1427.84,14.62,21.61,550.89,2388.32,9033.07,1.3,48.17,519.48,2388.36,8103.27,8.5519,0.03,395,2388,100.0,38.46,23.1649,0
73,1,0.0032,0.0005,100.0,518.67,642.84,1591.37,1408.94,14.62,21.61,553.29,2388.15,9042.35,1.3,47.46,521.26,2388.11,8122.12,8.4092,0.03,394,2388,100.0,38.72,23.2402,212
73,2,-0.0055,-0.0003,100.0,518.67,642.46,1594.55,1415.22,14.62,21.61,553.17,2388.15,9043.79,1.3,47.57,521.06,2388.14,8120.45,8.4365,0.03,393,2388,100.0,38.85,23.2368,211
73,3,-0.0004,0.0003,100.0,518.67,642.78,1593.6,1411.45,14.62,21.61,553.06,2388.14,9039.49,1.3,47.48,521.34,2388.1,8124.08,8.4456,0.03,392,2388,100.0,38.86,23.3427,210
73,4,-0.0022,0.0003,100.0,518.67,643.02,1596.5,1403.71,14.62,21.61,552.7,2388.16,9041.15,1.3,47.47,521.37,2388.13,8119.63,8.4621,0.03,392,2388,100.0,38.86,23.2171,209
73,5,0.0024,-0.0004,100.0,518.67,643.26,1586.44,1410.37,14.62,21.61,553.29,2388.1,9042.72,1.3,47.7,520.99,2388.1,8121.89,8.4456,0.03,392,2388,100.0,38.77,23.2411,208
73,6,-0.0005,0.0004,100.0,518.67,642.57,1596.68,1414.12,14.62,21.61,553.15,2388.16,9038.84,1.3,47.48,521.04,2388.17,8117.73,8.4794,0.03,393,2388,100.0,38.84,23.3956,207
73,7,-0.0025,0.0005,100.0,518.67,642.47,1593.01,1409.35,14.62,21.61,553.1,2388.13,9037.0,1.3,47.61,521.21,2388.11,8122.62,8.4211,0.03,394,2388,100.0,38.66,23.3231,206
73,8,0.004,-0.0,100.0,518.67,642.54,1586.11,1402.54,14.62,21.61,553.86,2388.14,9035.87,1.3,47.69,520.85,2388.1,8122.84,8.4295,0.03,393,2388,100.0,38.94,23.1835,205
73,9,0.0007,-0.0,100.0,518.67,642.89,1587.95,1413.17,14.62,21.61,553.22,2388.12,9037.08,1.3,47.53,521.38,2388.09,8121.09,8.4535,0.03,392,2388,100.0,38.94,23.3646,204
73,10,0.0007,0.0003,100.0,518.67,643.07,1586.84,1415.07,14.62,21.61,553.0,2388.19,9040.87,1.3,47.44,521.0,2388.1,8122.34,8.4523,0.03,392,2388,100.0,38.92,23.3222,203
73,11,0.0002,-0.0002,100.0,518.67,641.94,1594.56,1407.69,14.62,21.61,552.68,2388.19,9042.28,1.3,47.56,521.14,2388.11,8118.56,8.4535,0.03,394,2388,100.0,38.74,23.3484,202
73,12,0.0041,0.0002,100.0,518.67,642.55,1586.23,1402.49,14.62,21.61,553.5,2388.13,9045.61,1.3,47.67,521.16,2388.17,8123.72,8.4598,0.03,393,2388,100.0,38.87,23.2067,201
73,13,0.0012,-0.0,100.0,518.67,642.84,1592.06,1411.63,14.62,21.61,552.72,2388.12,9041.59,1.3,47.56,521.05,2388.15,8121.57,8.4603,0.03,393,2388,100.0,38.77,23.2815,200
73,14,-0.0006,0.0002,100.0,518.67,642.39,1587.75,1413.79,14.62,21.61,553.21,2388.15,9046.06,1.3,47.53,521.09,2388.13,8115.13,8.4211,0.03,391,2388,100.0,38.71,23.2478,199
73,15,0.0018,-0.0002,100.0,518.67,642.47,1589.55,1407.19,14.62,21.61,553.65,2388.15,9046.94,1.3,47.58,521.06,2388.13,8122.33,8.4465,0.03,393,2388,100.0,38.67,23.2624,198
73,16,0.0016,-0.0002,100.0,518.67,642.42,1592.53,1409.25,14.62,21.61,552.41,2388.15,9045.1,1.3,47.57,521.06,2388.13,8125.62,8.4386,0.03,392,2388,100.0,38.9,23.2383,197
73,17,0.0002,-0.0002,100.0,518.67,642.82,1593.18,1404.47,14.62,21.61,552.9,2388.1,9040.44,1.3,47.49,521.73,2388.16,8125.12,8.4128,0.03,392,2388,100.0,38.75,23.3393,196
73,18,-0.0025,0.0002,100.0,518.67,642.65,1599.46,1413.79,14.62,21.61,553.46,2388.11,9040.59,1.3,47.63,520.85,2388.18,8124.0,8.4642,0.03,393,2388,100.0,38.78,23.3479,195
73,19,0.0006,-0.0002,100.0,518.67,642.64,1598.26,1409.78,14.62,21.61,553.41,2388.22,9043.35,1.3,47.53,520.68,2388.1,8120.0,8.4464,0.03,393,2388,100.0,38.67,23.216,194
73,20,0.0022,-0.0002,100.0,518.67,642.59,1589.01,1406.02,14.62,21.61,553.29,2388.2,9044.56,1.3,47.63,521.4,2388.19,8123.19,8.4223,0.03,393,2388,100.0,39.07,23.3653,193
73,21,0.0001,-0.0002,100.0,518.67,642.45,1591.56,1404.15,14.62,21.61,553.36,2388.08,9044.77,1.3,47.48,521.11,2388.13,8123.38,8.4234,0.03,394,2388,100.0,38.75,23.2525,192
73,22,0.0006,-0.0002,100.0,518.67,642.52,1586.43,1414.03,14.62,21.61,553.42,2388.09,9039.8,1.3,47.44,521.66,2388.13,8128.66,8.4472,0.03,393,2388,100.0,38.86,23.2328,191
73,23,0.002,-0.0001,100.0,518.67,642.83,1592.5,1405.53,14.62,21.61,553.58,2388.11,9037.24,1.3,47.45,521.2,2388.18,8117.7,8.449,0.03,393,2388,100.0,38.96,23.3368,190
73,24,0.0003,-0.0004,100.0,518.67,642.84,1585.04,1411.79,14.62,21.61,552.36,2388.2,9038.38,1.3,47.45,521.83,2388.15,8118.39,8.4488,0.03,394,2388,100.0,38.87,23.3439,189
73,25,-0.0024,-0.0,100.0,518.67,642.58,1592.64,1403.69,14.62,21.61,553.48,2388.19,9039.91,1.3,47.5,521.77,2388.14,8126.42,8.4562,0.03,394,2388,100.0,38.74,23.4097,188
73,26,0.0004,-0.0005,100.0,518.67,642.24,1589.12,1412.92,14.62,21.61,553.06,2388.08,9042.75,1.3,47.39,521.46,2388.13,8125.87,8.4508,0.03,393,2388,100.0,38.78,23.3176,187
73,27,0.0027,0.0,100.0,518.67,642.65,1586.44,1412.94,14.62,21.61,552.82,2388.12,9040.4,1.3,47.5,521.43,2388.17,8127.22,8.4313,0.03,393,2388,100.0,38.84,23.2456,186
73,28,-0.0023,-0.0001,100.0,518.67,642.78,1585.79,1409.27,14.62,21.61,553.75,2388.19,9042.83,1.3,47.61,521.21,2388.13,8125.33,8.4441,0.03,393,2388,100.0,38.91,23.1593,185
73,29,-0.001,-0.0003,100.0,518.67,642.73,1591.95,1410.52,14.62,21.61,553.18,2388.15,9039.79,1.3,47.6,520.65,2388.13,8126.51,8.4318,0.03,393,2388,100.0,38.96,23.2469,184
73,30,0.0031,0.0001,100.0,518.67,642.65,1584.84,1408.8,14.62,21.61,552.56,2388.16,9041.55,1.3,47.6,520.83,2388.14,8120.81,8.4135,0.03,393,2388,100.0,38.78,23.3942,183
73,31,-0.0029,-0.0003,100.0,518.67,642.87,1588.28,1406.67,14.62,21.61,553.08,2388.19,9043.48,1.3,47.8,521.63,2388.14,8124.02,8.4248,0.03,392,2388,100.0,38.89,23.3662,182
73,32,-0.0016,0.0002,100.0,518.67,643.1,1589.41,1404.87,14.62,21.61,553.18,2388.12,9043.1,1.3,47.54,521.52,2388.13,8123.34,8.4438,0.03,392,2388,100.0,38.81,23.3359,181
73,33,0.0021,-0.0002,100.0,518.67,642.55,1587.23,1412.66,14.62,21.61,553.64,2388.14,9043.12,1.3,47.56,520.96,2388.15,8132.11,8.4309,0.03,391,2388,100.0,38.86,23.2887,180
73,34,-0.0018,-0.0002,100.0,518.67,642.36,1593.64,1411.79,14.62,21.61,553.93,2388.07,9046.43,1.3,47.55,521.74,2388.13,8125.27,8.437,0.03,395,2388,100.0,38.85,23.2974,179
73,35,-0.0,-0.0003,100.0,518.67,642.47,1587.35,1406.13,14.62,21.61,553.62,2388.09,9041.47,1.3,47.6,521.24,2388.14,8119.64,8.4741,0.03,394,2388,100.0,38.77,23.3597,178
73,36,0.0001,-0.0003,100.0,518.67,643.13,1584.84,1397.25,14.62,21.61,553.31,2388.12,9039.88,1.3,47.59,521.33,2388.15,8116.17,8.4505,0.03,394,2388,100.0,38.9,23.1933,177
73,37,0.0006,-0.0002,100.0,518.67,642.83,1587.91,1414.6,14.62,21.61,553.35,2388.2,9041.17,1.3,47.51,521.4,2388.15,8124.5,8.45,0.03,393,2388,100.0,38.64,23.3026,176
73,38,-0.0036,0.0,100.0,518.67,642.58,1598.22,1413.7,14.62,21.61,552.57,2388.16,9042.23,1.3,47.4,521.07,2388.14,8120.11,8.4316,0.03,393,2388,100.0,38.73,23.2314,175
73,39,0.0011,-0.0001,100.0,518.67,642.74,1586.76,1412.99,14.62,21.61,553.65,2388.16,9038.31,1.3,47.69,520.27,2388.11,8119.99,8.4554,0.03,392,2388,100.0,39.02,23.3392,174
73,40,-0.001,-0.0002,100.0,518.67,642.6,1590.17,1410.02,14.62,21.61,553.01,2388.13,9043.54,1.3,47.55,522.01,2388.16,8119.83,8.4762,0.03,393,2388,100.0,38.83,23.3191,173
73,41,-0.0035,0.0004,100.0,518.67,642.76,1588.2,1412.26,14.62,21.61,553.35,2388.11,9039.83,1.3,47.6,521.15,2388.16,8118.07,8.4326,0.03,394,2388,100.0,38.75,23.3459,172
73,42,-0.0019,-0.0003,100.0,518.67,642.83,1587.98,1409.48,14.62,21.61,553.2,2388.18,9032.56,1.3,47.58,521.17,2388.08,8114.5,8.4846,0.03,393,2388,100.0,38.87,23.3298,171
73,43,-0.0005,-0.0002,100.0,518.67,642.8,1585.52,1410.93,14.62,21.61,552.99,2388.15,9034.24,1.3,47.71,521.49,2388.12,8123.58,8.4483,0.03,392,2388,100.0,38.83,23.3065,170
73,44,-0.0024,-0.0002,100.0,518.67,642.47,1592.69,1403.67,14.62,21.61,553.35,2388.16,9047.36,1.3,47.6,521.22,2388.18,8119.02,8.446,0.03,393,2388,100.0,38.75,23.2675,169
73,45,0.0001,0.0004,100.0,518.67,642.71,1592.13,1408.74,14.62,21.61,553.11,2388.11,9040.78,1.3,47.78,521.33,2388.12,8125.44,8.4545,0.03,393,2388,100.0,38.89,23.1831,168
73,46,0.0012,0.0004,100.0,518.67,642.4,1593.68,1408.65,14.62,21.61,553.46,2388.16,9039.16,1.3,47.55,521.35,2388.15,8122.66,8.4596,0.03,393,2388,100.0,38.83,23.3397,167
73,47,-0.0012,-0.0001,100.0,518.67,642.52,1596.73,1409.98,14.62,21.61,553.49,2388.15,9040.61,1.3,47.61,521.16,2388.14,8122.14,8.4817,0.03,393,2388,100.0,38.9,23.272,166
73,48,-0.0026,0.0003,100.0,518.67,642.86,1596.82,1415.77,14.62,21.61,552.71,2388.11,9043.34,1.3,47.42,521.83,2388.16,8122.59,8.4433,0.03,395,2388,100.0,38.86,23.2784,165
73,49,0.0036,-0.0002,100.0,518.67,642.45,1594.91,1408.38,14.62,21.61,553.25,2388.13,9040.01,1.3,47.58,521.43,2388.15,8121.95,8.3994,0.03,391,2388,100.0,38.87,23.2672,164
73,50,-0.003,0.0003,100.0,518.67,642.94,1588.79,1417.73,14.62,21.61,554.16,2388.12,9038.92,1.3,47.5,521.87,2388.16,8115.9,8.4589,0.03,392,2388,100.0,38.86,23.2131,163
73,51,0.0001,0.0004,100.0,518.67,642.78,1588.4,1412.4,14.62,21.61,553.62,2388.13,9050.13,1.3,47.59,521.01,2388.12,8122.42,8.4567,0.03,393,2388,100.0,38.75,23.3623,162
73,52,-0.0026,0.0003,100.0,518.67,642.23,1593.77,1406.91,14.62,21.61,553.15,2388.17,9042.61,1.3,47.52,521.73,2388.1,8125.65,8.4623,0.03,395,2388,100.0,38.85,23.3469,161
73,53,-0.0006,-0.0004,100.0,518.67,643.8,1592.28,1404.63,14.62,21.61,552.86,2388.14,9042.69,1.3,47.81,521.28,2388.14,8124.07,8.4437,0.03,394,2388,100.0,38.74,23.3021,160
73,54,-0.0028,0.0002,100.0,518.67,643.28,1593.18,1410.35,14.62,21.61,553.04,2388.14,9040.21,1.3,47.57,520.79,2388.13,8124.87,8.4158,0.03,395,2388,100.0,38.79,23.2668,159
73,55,-0.0003,-0.0003,100.0,518.67,642.9,1595.96,1407.36,14.62,21.61,553.22,2388.18,9045.75,1.3,47.49,521.32,2388.14,8126.01,8.4306,0.03,395,2388,100.0,38.62,23.2848,158
73,56,0.0002,0.0005,100.0,518.67,642.68,1589.58,1414.79,14.62,21.61,552.67,2388.12,9044.03,1.3,47.64,520.95,2388.19,8124.27,8.4592,0.03,392,2388,100.0,38.72,23.3053,157
73,57,0.0003,0.0,100.0,518.67,643.03,1600.53,1419.22,14.62,21.61,552.63,2388.12,9046.86,1.3,47.72,521.14,2388.14,8119.63,8.4535,0.03,393,2388,100.0,38.93,23.2258,156
73,58,0.0013,-0.0004,100.0,518.67,642.88,1587.98,1408.7,14.62,21.61,553.39,2388.12,9046.44,1.3,47.67,520.6,2388.11,8119.13,8.4806,0.03,392,2388,100.0,38.88,23.3076,155
73,59,-0.0004,-0.0004,100.0,518.67,642.76,1596.73,1411.27,14.62,21.61,553.16,2388.11,9046.26,1.3,47.59,521.05,2388.15,8122.87,8.4623,0.03,393,2388,100.0,38.86,23.2647,154
73,60,0.0017,0.0001,100.0,518.67,643.16,1591.75,1410.59,14.62,21.61,553.13,2388.18,9033.06,1.3,47.54,521.11,2388.19,8118.41,8.478,0.03,393,2388,100.0,38.83,23.3096,153
73,61,-0.0011,-0.0004,100.0,518.67,642.74,1594.95,1407.41,14.62,21.61,552.93,2388.21,9040.98,1.3,47.53,521.41,2388.12,8123.7,8.4218,0.03,393,2388,100.0,38.87,23.3032,152
73,62,-0.0038,0.0002,100.0,518.67,642.72,1597.17,1416.65,14.62,21.61,552.51,2388.17,9043.31,1.3,47.7,521.4,2388.14,8128.44,8.441,0.03,394,2388,100.0,38.95,23.1323,151
73,63,0.0009,0.0002,100.0,518.67,642.79,1586.47,1413.81,14.62,21.61,553.66,2388.12,9036.79,1.3,47.56,521.2,2388.13,8126.13,8.4503,0.03,393,2388,100.0,38.73,23.2284,150
73,64,-0.0001,-0.0004,100.0,518.67,642.66,1591.25,1405.84,14.62,21.61,553.0,2388.13,9044.09,1.3,47.65,521.37,2388.14,8116.96,8.4645,0.03,394,2388,100.0,38.81,23.1885,149
73,65,-0.0039,-0.0003,100.0,518.67,642.92,1598.4,1411.59,14.62,21.61,552.65,2388.17,9047.71,1.3,47.64,520.89,2388.15,8118.85,8.4773,0.03,394,2388,100.0,38.74,23.3093,148
73,66,-0.0025,0.0001,100.0,518.67,642.64,1589.92,1412.68,14.62,21.61,552.83,2388.11,9037.43,1.3,47.85,521.1,2388.17,8121.22,8.4234,0.03,393,2388,100.0,38.76,23.2882,147
73,67,-0.0026,-0.0004,100.0,518.67,642.73,1591.02,1404.93,14.62,21.61,553.13,2388.15,9041.95,1.3,47.74,520.95,2388.13,8125.24,8.4054,0.03,393,2388,100.0,38.78,23.2522,146
73,68,0.0003,-0.0,100.0,518.67,642.38,1593.98,1414.39,14.62,21.61,552.93,2388.17,9039.97,1.3,47.52,521.42,2388.12,8115.35,8.4201,0.03,394,2388,100.0,38.6,23.36,145
73,69,-0.0013,0.0001,100.0,518.67,642.0,1595.2,1408.61,14.62,21.61,553.41,2388.11,9044.61,1.3,47.6,521.73,2388.13,8124.54,8.4373,0.03,394,2388,100.0,38.98,23.2872,144
73,70,-0.0,0.0005,100.0,518.67,642.15,1590.67,1410.03,14.62,21.61,552.93,2388.18,9035.98,1.3,47.39,521.13,2388.17,8121.49,8.4159,0.03,393,2388,100.0,38.76,23.2359,143
73,71,0.0032,-0.0003,100.0,518.67,642.73,1585.29,1411.99,14.62,21.61,552.99,2388.17,9042.71,1.3,47.66,521.21,2388.12,8126.11,8.4314,0.03,393,2388,100.0,38.92,23.2102,142
73,72,0.0002,0.0002,100.0,518.67,642.52,1588.18,1407.65,14.62,21.61,553.45,2388.16,9038.03,1.3,47.46,521.06,2388.12,8120.75,8.4586,0.03,392,2388,100.0,38.67,23.2747,141
73,73,-0.0021,-0.0004,100.0,518.67,642.36,1591.77,1408.79,14.62,21.61,552.47,2388.15,9045.1,1.3,47.64,520.8,2388.19,8120.91,8.4877,0.03,393,2388,100.0,38.85,23.3407,140
73,74,0.0011,0.0002,100.0,518.67,642.68,1595.53,1419.89,14.62,21.61,553.43,2388.21,9044.12,1.3,47.62,520.96,2388.16,8118.52,8.4517,0.03,394,2388,100.0,38.68,23.323,139
73,75,-0.0013,0.0004,100.0,518.67,642.78,1586.61,1419.3,14.62,21.61,552.95,2388.13,9036.21,1.3,47.52,521.4,2388.19,8124.56,8.4581,0.03,393,2388,100.0,38.72,23.2593,138
73,76,-0.0016,-0.0003,100.0,518.67,642.97,1589.96,1405.75,14.62,21.61,552.65,2388.18,9042.25,1.3,47.74,521.36,2388.12,8119.39,8.435,0.03,395,2388,100.0,38.72,23.2266,137
73,77,-0.0022,-0.0001,100.0,518.67,643.09,1584.59,1409.57,14.62,21.61,552.85,2388.17,9041.34,1.3,47.63,520.93,2388.15,8117.68,8.4423,0.03,395,2388,100.0,38.61,23.2463,136
73,78,0.0025,0.0002,100.0,518.67,642.75,1590.89,1415.45,14.62,21.61,553.21,2388.14,9042.57,1.3,47.82,521.44,2388.13,8123.3,8.4498,0.03,394,2388,100.0,38.83,23.3036,135
73,79,-0.003,0.0,100.0,518.67,642.53,1593.64,1406.81,14.62,21.61,552.76,2388.14,9036.34,1.3,47.54,521.62,2388.12,8120.49,8.4605,0.03,394,2388,100.0,38.79,23.1894,134
73,80,-0.0031,0.0003,100.0,518.67,642.39,1588.48,1414.24,14.62,21.61,553.31,2388.13,9040.67,1.3,47.56,520.79,2388.13,8121.63,8.4248,0.03,392,2388,100.0,38.82,23.3137,133
73,81,0.0047,0.0004,100.0,518.67,642.91,1592.86,1414.23,14.62,21.61,553.4,2388.13,9039.37,1.3,47.66,521.19,2388.13,8132.12,8.4181,0.03,395,2388,100.0,38.88,23.3319,132
73,82,-0.0014,0.0004,100.0,518.67,642.91,1582.29,1414.53,14.62,21.61,552.9,2388.15,9040.12,1.3,47.58,521.77,2388.14,8124.91,8.475,0.03,395,2388,100.0,38.79,23.2823,131
73,83,0.0003,-0.0,100.0,518.67,642.87,1597.14,1410.77,14.62,21.61,553.17,2388.15,9040.3,1.3,47.59,520.9,2388.15,8122.99,8.4488,0.03,392,2388,100.0,38.81,23.237,130
73,84,0.0002,0.0002,100.0,518.67,642.68,1592.18,1412.62,14.62,21.61,553.04,2388.13,9037.99,1.3,47.75,521.5,2388.11,8125.63,8.461,0.03,393,2388,100.0,38.86,23.2164,129
73,85,-0.0,-0.0001,100.0,518.67,642.95,1595.72,1419.36,14.62,21.61,552.92,2388.16,9041.62,1.3,47.66,520.54,2388.14,8122.57,8.4515,0.03,393,2388,100.0,38.91,23.343,128
73,86,0.0007,-0.0002,100.0,518.67,642.39,1595.28,1410.25,14.62,21.61,553.55,2388.15,9046.82,1.3,47.53,521.25,2388.14,8122.13,8.4249,0.03,393,2388,100.0,38.93,23.227,127
73,87,-0.0026,-0.0001,100.0,518.67,642.54,1597.98,1410.25,14.62,21.61,553.53,2388.17,9044.73,1.3,47.62,520.53,2388.17,8121.25,8.4512,0.03,392,2388,100.0,38.6,23.2801,126
73,88,0.0003,0.0004,100.0,518.67,642.96,1589.71,1418.73,14.62,21.61,553.38,2388.12,9043.97,1.3,47.62,520.64,2388.18,8125.53,8.4402,0.03,394,2388,100.0,38.89,23.3021,125
73,89,0.0013,0.0002,100.0,518.67,642.61,1594.17,1415.75,14.62,21.61,553.45,2388.17,9046.29,1.3,47.65,520.49,2388.16,8116.97,8.4388,0.03,394,2388,100.0,38.78,23.3299,124
73,90,0.002,-0.0001,100.0,518.67,643.13,1596.9,1407.02,14.62,21.61,553.18,2388.14,9043.09,1.3,47.64,521.12,2388.1,8123.89,8.4704,0.03,393,2388,100.0,38.72,23.2122,123
73,91,-0.0007,0.0003,100.0,518.67,642.87,1595.7,1408.79,14.62,21.61,553.15,2388.11,9045.76,1.3,47.67,520.46,2388.11,8129.62,8.4525,0.03,393,2388,100.0,38.92,23.1875,122
73,92,0.0015,0.0002,100.0,518.67,643.11,1590.77,1413.66,14.62,21.61,552.51,2388.14,9044.4,1.3,47.54,521.42,2388.16,8122.25,8.4996,0.03,394,2388,100.0,38.77,23.2799,121
73,93,0.0009,-0.0004,100.0,518.67,642.34,1585.32,1415.61,14.62,21.61,553.45,2388.13,9037.65,1.3,47.52,520.94,2388.17,8125.76,8.4581,0.03,394,2388,100.0,38.8,23.1766,120
73,94,-0.0023,0.0002,100.0,518.67,642.98,1595.09,1410.65,14.62,21.61,552.42,2388.15,9043.87,1.3,47.65,520.84,2388.23,8126.17,8.4574,0.03,394,2388,100.0,38.84,23.2116,119
73,95,-0.0009,0.0005,100.0,518.67,642.8,1585.73,1405.63,14.62,21.61,553.33,2388.14,9041.66,1.3,47.69,520.93,2388.13,8120.03,8.4708,0.03,392,2388,100.0,38.88,23.2621,118
73,96,0.002,-0.0001,100.0,518.67,642.4,1587.93,1416.02,14.62,21.61,553.1,2388.18,9038.98,1.3,47.7,521.35,2388.15,8117.16,8.4703,0.03,395,2388,100.0,38.77,23.2397,117
73,97,-0.0015,-0.0004,100.0,518.67,642.42,1591.54,1412.69,14.62,21.61,552.91,2388.17,9046.03,1.3,47.68,521.75,2388.2,8120.13,8.4583,0.03,393,2388,100.0,38.86,23.2182,116
73,98,-0.0006,-0.0005,100.0,518.67,643.04,1584.4,1407.46,14.62,21.61,553.96,2388.16,9044.54,1.3,47.73,521.14,2388.17,8118.88,8.4551,0.03,394,2388,100.0,38.79,23.1731,115
73,99,0.004,0.0003,100.0,518.67,642.69,1588.64,1409.55,14.62,21.61,552.65,2388.18,9041.43,1.3,47.63,520.74,2388.11,8124.68,8.4782,0.03,392,2388,100.0,38.84,23.1483,114
73,100,0.0005,-0.0003,100.0,518.67,642.6,1593.15,1416.94,14.62,21.61,553.0,2388.12,9037.97,1.3,47.86,520.47,2388.15,8121.05,8.4379,0.03,395,2388,100.0,38.65,23.2834,113
73,101,0.0,-0.0003,100.0,518.67,643.18,1592.06,1417.12,14.62,21.61,552.7,2388.14,9040.69,1.3,47.55,520.69,2388.16,8122.6,8.4982,0.03,394,2388,100.0,38.91,23.2018,112
73,102,0.0016,-0.0003,100.0,518.67,642.52,1589.08,1410.26,14.62,21.61,552.9,2388.2,9038.47,1.3,47.55,520.91,2388.18,8122.15,8.4281,0.03,391,2388,100.0,38.71,23.3144,111
73,103,0.0024,0.0002,100.0,518.67,642.98,1592.05,1416.4,14.62,21.61,553.39,2388.15,9045.58,1.3,47.71,520.84,2388.15,8126.91,8.4743,0.03,394,2388,100.0,38.85,23.2295,110
73,104,0.0031,-0.0002,100.0,518.67,642.7,1593.28,1410.42,14.62,21.61,553.22,2388.16,9038.59,1.3,47.5,520.89,2388.15,8120.56,8.4482,0.03,393,2388,100.0,38.57,23.2197,109
73,105,-0.0024,0.0001,100.0,518.67,642.8,1593.44,1417.15,14.62,21.61,553.08,2388.15,9039.67,1.3,47.57,521.15,2388.19,8126.44,8.4692,0.03,394,2388,100.0,38.72,23.1672,108
73,106,-0.001,-0.0005,100.0,518.67,643.43,1592.11,1411.53,14.62,21.61,552.81,2388.16,9044.87,1.3,47.74,521.17,2388.16,8120.35,8.4736,0.03,394,2388,100.0,38.79,23.2797,107
73,107,0.0021,-0.0004,100.0,518.67,642.91,1591.98,1414.95,14.62,21.61,552.83,2388.18,9046.53,1.3,47.66,521.27,2388.13,8125.74,8.4417,0.03,393,2388,100.0,38.96,23.2353,106
73,108,0.0003,-0.0001,100.0,518.67,643.18,1587.43,1406.13,14.62,21.61,553.16,2388.21,9044.22,1.3,47.64,521.15,2388.14,8124.88,8.442,0.03,393,2388,100.0,39.0,23.1896,105
73,109,-0.002,-0.0004,100.0,518.67,643.1,1596.91,1409.55,14.62,21.61,552.87,2388.19,9039.87,1.3,47.59,521.36,2388.12,8117.54,8.4605,0.03,394,2388,100.0,38.98,23.1981,104
73,110,0.0006,-0.0004,100.0,518.67,642.82,1589.74,1417.98,14.62,21.61,553.09,2388.11,9043.84,1.3,47.76,521.0,2388.13,8117.77,8.4788,0.03,394,2388,100.0,38.68,23.2622,103
73,111,-0.0002,0.0004,100.0,518.67,642.5,1595.33,1414.26,14.62,21.61,553.35,2388.15,9044.75,1.3,47.66,520.7,2388.12,8125.94,8.4577,0.03,394,2388,100.0,38.68,23.2261,102
73,112,-0.0023,-0.0001,100.0,518.67,642.7,1589.0,1410.73,14.62,21.61,552.7,2388.14,9044.67,1.3,47.68,521.21,2388.15,8122.73,8.4386,0.03,393,2388,100.0,38.66,23.2766,101
73,113,-0.004,0.0004,100.0,518.67,642.74,1598.92,1407.34,14.62,21.61,553.25,2388.1,9036.95,1.3,47.57,520.76,2388.2,8111.29,8.4604,0.03,394,2388,100.0,38.49,23.2763,100
73,114,0.0003,0.0004,100.0,518.67,642.61,1602.26,1413.44,14.62,21.61,552.61,2388.2,9046.17,1.3,47.73,521.02,2388.16,8116.31,8.4671,0.03,394,2388,100.0,38.87,23.2563,99
73,115,-0.0025,0.0005,100.0,518.67,642.93,1588.06,1416.35,14.62,21.61,552.44,2388.22,9044.55,1.3,47.62,521.01,2388.18,8121.01,8.4679,0.03,393,2388,100.0,38.7,23.3029,98
73,116,-0.0002,0.0001,100.0,518.67,643.22,1591.41,1411.22,14.62,21.61,552.71,2388.21,9050.86,1.3,47.57,521.42,2388.13,8119.51,8.4576,0.03,394,2388,100.0,38.79,23.2016,97
73,117,-0.0007,0.0002,100.0,518.67,642.57,1588.76,1408.82,14.62,21.61,552.55,2388.2,9049.92,1.3,47.86,520.9,2388.2,8115.21,8.4469,0.03,393,2388,100.0,38.54,23.2127,96
73,118,-0.0,0.0,100.0,518.67,642.85,1585.02,1410.61,14.62,21.61,552.76,2388.15,9048.39,1.3,47.69,520.63,2388.19,8118.08,8.451,0.03,392,2388,100.0,38.83,23.3029,95
73,119,0.0026,-0.0001,100.0,518.67,642.9,1593.55,1413.96,14.62,21.61,552.76,2388.12,9040.49,1.3,47.79,520.69,2388.23,8117.47,8.4762,0.03,393,2388,100.0,38.57,23.282,94
73,120,-0.0008,0.0004,100.0,518.67,642.74,1588.91,1414.69,14.62,21.61,552.68,2388.17,9038.78,1.3,47.89,520.78,2388.18,8126.44,8.4966,0.03,395,2388,100.0,38.83,23.2151,93
73,121,0.0012,0.0004,100.0,518.67,642.77,1593.2,1413.96,14.62,21.61,552.32,2388.16,9038.64,1.3,47.71,521.22,2388.16,8120.31,8.4833,0.03,394,2388,100.0,38.61,23.3283,92
73,122,0.002,-0.0003,100.0,518.67,642.82,1592.53,1407.56,14.62,21.61,552.42,2388.18,9039.12,1.3,47.68,520.18,2388.13,8121.72,8.4749,0.03,395,2388,100.0,38.94,23.3425,91
73,123,0.004,0.0003,100.0,518.67,642.43,1594.55,1415.01,14.62,21.61,552.5,2388.2,9037.96,1.3,47.86,520.64,2388.21,8124.76,8.4231,0.03,395,2388,100.0,38.85,23.2557,90
73,124,0.0017,0.0005,100.0,518.67,643.09,1588.65,1416.84,14.62,21.61,552.65,2388.17,9036.02,1.3,47.69,521.23,2388.12,8122.55,8.4531,0.03,392,2388,100.0,38.67,23.3273,89
73,125,0.0008,0.0002,100.0,518.67,642.75,1593.33,1405.12,14.62,21.61,553.09,2388.19,9042.73,1.3,47.71,520.48,2388.17,8118.88,8.454,0.03,395,2388,100.0,38.97,23.1707,88
73,126,-0.0009,-0.0004,100.0,518.67,642.11,1591.12,1417.02,14.62,21.61,553.05,2388.2,9033.99,1.3,47.79,521.11,2388.18,8121.58,8.4395,0.03,393,2388,100.0,38.63,23.2148,87
73,127,-0.0017,0.0001,100.0,518.67,643.23,1590.17,1417.42,14.62,21.61,553.45,2388.15,9043.41,1.3,47.79,520.63,2388.15,8119.54,8.47,0.03,394,2388,100.0,38.58,23.2371,86
73,128,-0.0032,0.0002,100.0,518.67,642.25,1592.24,1413.28,14.62,21.61,552.69,2388.23,9045.87,1.3,47.78,520.98,2388.15,8119.82,8.4494,0.03,393,2388,100.0,38.69,23.2167,85
73,129,-0.0011,0.0,100.0,518.67,642.96,1592.71,1419.95,14.62,21.61,552.12,2388.22,9040.91,1.3,47.71,521.05,2388.17,8119.09,8.4737,0.03,395,2388,100.0,38.78,23.2072,84
73,130,-0.0008,0.0004,100.0,518.67,642.65,1592.92,1415.93,14.62,21.61,553.02,2388.16,9043.77,1.3,47.59,520.92,2388.18,8120.56,8.4595,0.03,393,2388,100.0,38.62,23.2804,83
73,131,-0.0008,-0.0001,100.0,518.67,642.34,1591.47,1419.91,14.62,21.61,552.31,2388.2,9044.81,1.3,47.7,521.06,2388.21,8125.03,8.4631,0.03,393,2388,100.0,38.67,23.2041,82
73,132,-0.0023,-0.0001,100.0,518.67,643.74,1600.66,1409.79,14.62,21.61,553.35,2388.2,9037.84,1.3,47.65,520.26,2388.2,8119.0,8.4878,0.03,395,2388,100.0,38.68,23.2779,81
73,133,-0.0016,-0.0002,100.0,518.67,643.35,1593.74,1411.83,14.62,21.61,552.81,2388.17,9041.91,1.3,47.74,520.57,2388.18,8119.52,8.4631,0.03,396,2388,100.0,38.68,23.2144,80
73,134,-0.0004,-0.0002,100.0,518.67,643.12,1593.18,1410.94,14.62,21.61,553.16,2388.16,9046.04,1.3,47.53,520.88,2388.18,8116.16,8.4666,0.03,395,2388,100.0,38.69,23.1478,79
73,135,0.0008,0.0001,100.0,518.67,643.15,1588.12,1411.93,14.62,21.61,553.1,2388.21,9045.63,1.3,47.72,520.33,2388.16,8123.13,8.451,0.03,395,2388,100.0,38.76,23.189,78
73,136,0.0046,-0.0002,100.0,518.67,642.59,1596.44,1412.3,14.62,21.61,552.18,2388.15,9043.72,1.3,47.82,520.84,2388.15,8118.26,8.4622,0.03,393,2388,100.0,38.75,23.1394,77
73,137,0.001,-0.0004,100.0,518.67,642.98,1595.51,1409.53,14.62,21.61,552.28,2388.16,9044.91,1.3,47.71,520.78,2388.2,8120.85,8.5041,0.03,394,2388,100.0,38.52,23.1236,76
73,138,0.0035,-0.0004,100.0,518.67,642.57,1596.05,1407.98,14.62,21.61,552.99,2388.17,9044.01,1.3,47.72,520.85,2388.18,8122.38,8.4586,0.03,393,2388,100.0,38.64,23.3219,75
73,139,-0.001,0.0,100.0,518.67,642.85,1595.28,1414.18,14.62,21.61,553.81,2388.19,9051.25,1.3,47.85,520.57,2388.18,8124.72,8.4704,0.03,393,2388,100.0,38.79,23.2042,74
73,140,0.0039,0.0003,100.0,518.67,643.52,1598.76,1414.51,14.62,21.61,551.98,2388.19,9036.33,1.3,47.71,520.37,2388.17,8119.53,8.4384,0.03,394,2388,100.0,38.66,23.1758,73
73,141,-0.0002,-0.0004,100.0,518.67,642.33,1597.69,1412.01,14.62,21.61,553.02,2388.18,9048.01,1.3,47.66,520.33,2388.13,8118.53,8.4427,0.03,394,2388,100.0,38.65,23.237,72
73,142,0.0,0.0004,100.0,518.67,642.77,1602.05,1420.47,14.62,21.61,552.99,2388.2,9046.61,1.3,47.67,520.63,2388.19,8125.37,8.5014,0.03,394,2388,100.0,38.65,23.1028,71
73,143,-0.0028,-0.0001,100.0,518.67,643.03,1594.99,1411.24,14.62,21.61,552.49,2388.15,9041.72,1.3,47.76,520.99,2388.19,8124.2,8.4591,0.03,395,2388,100.0,38.7,23.2292,70
73,144,0.0004,0.0003,100.0,518.67,643.16,1594.72,1415.77,14.62,21.61,552.66,2388.15,9036.39,1.3,47.96,521.09,2388.26,8124.97,8.4619,0.03,393,2388,100.0,38.64,23.1958,69
73,145,0.0005,0.0004,100.0,518.67,643.41,1595.09,1418.66,14.62,21.61,552.97,2388.2,9030.6,1.3,47.87,520.44,2388.12,8118.59,8.4522,0.03,394,2388,100.0,38.86,23.1755,68
73,146,0.0016,0.0003,100.0,518.67,642.85,1597.87,1410.05,14.62,21.61,552.84,2388.21,9038.27,1.3,47.9,520.78,2388.19,8119.29,8.4132,0.03,395,2388,100.0,38.7,23.2102,67
73,147,0.0001,0.0001,100.0,518.67,642.66,1590.98,1422.89,14.62,21.61,553.06,2388.18,9040.55,1.3,47.76,520.72,2388.21,8122.96,8.4787,0.03,393,2388,100.0,38.69,23.2188,66
73,148,0.0044,0.0002,100.0,518.67,643.12,1598.12,1422.58,14.62,21.61,553.18,2388.18,9037.65,1.3,47.65,520.93,2388.19,8121.56,8.4801,0.03,393,2388,100.0,38.82,23.1505,65
73,149,0.0005,-0.0004,100.0,518.67,642.98,1592.36,1410.1,14.62,21.61,552.72,2388.23,9041.71,1.3,47.73,520.55,2388.2,8125.47,8.4672,0.03,394,2388,100.0,38.82,23.1535,64
73,150,0.0007,0.0001,100.0,518.67,643.17,1597.11,1411.49,14.62,21.61,552.95,2388.17,9039.42,1.3,47.62,520.57,2388.26,8120.28,8.4818,0.03,393,2388,100.0,38.79,23.2836,63
73,151,0.0003,0.0001,100.0,518.67,643.25,1600.8,1420.53,14.62,21.61,552.89,2388.14,9041.54,1.3,47.71,520.91,2388.2,8116.92,8.4776,0.03,395,2388,100.0,38.77,23.2065,62
73,152,-0.0009,-0.0004,100.0,518.67,642.88,1591.25,1413.92,14.62,21.61,553.48,2388.23,9045.21,1.3,47.91,520.22,2388.21,8122.47,8.4657,0.03,393,2388,100.0,38.76,23.2783,61
73,153,0.0033,-0.0002,100.0,518.67,643.19,1593.86,1422.71,14.62,21.61,553.0,2388.23,9047.85,1.3,47.91,520.76,2388.25,8118.88,8.4893,0.03,395,2388,100.0,38.74,23.2197,60
73,154,0.0001,0.0,100.0,518.67,643.29,1586.19,1412.11,14.62,21.61,552.28,2388.2,9040.75,1.3,47.8,520.96,2388.22,8118.21,8.4752,0.03,394,2388,100.0,38.6,23.1894,59
73,155,0.003,0.0004,100.0,518.67,642.35,1597.84,1417.0,14.62,21.61,552.45,2388.19,9043.65,1.3,47.86,520.7,2388.24,8117.16,8.4953,0.03,395,2388,100.0,38.75,23.1465,58
73,156,-0.0013,0.0,100.0,518.67,642.96,1593.46,1413.42,14.62,21.61,552.12,2388.2,9041.43,1.3,47.93,520.14,2388.2,8117.21,8.4662,0.03,395,2388,100.0,38.52,23.2208,57
73,157,0.0001,-0.0001,100.0,518.67,643.0,1598.72,1422.72,14.62,21.61,552.14,2388.18,9038.56,1.3,47.7,520.69,2388.19,8120.07,8.5008,0.03,393,2388,100.0,38.45,23.2712,56
73,158,-0.0005,0.0004,100.0,518.67,642.89,1600.97,1418.75,14.62,21.61,552.35,2388.21,9044.2,1.3,47.65,520.66,2388.17,8119.23,8.5096,0.03,395,2388,100.0,38.71,23.2537,55
73,159,-0.0015,-0.0004,100.0,518.67,643.26,1594.71,1415.64,14.62,21.61,552.4,2388.21,9039.74,1.3,47.78,520.69,2388.21,8117.96,8.4869,0.03,392,2388,100.0,38.68,23.1723,54
73,160,0.0021,-0.0,100.0,518.67,642.92,1587.93,1411.88,14.62,21.61,552.35,2388.18,9036.48,1.3,47.9,520.23,2388.22,8117.24,8.4974,0.03,394,2388,100.0,38.72,23.1987,53
73,161,-0.0017,0.0005,100.0,518.67,643.22,1591.04,1421.48,14.62,21.61,552.6,2388.2,9036.35,1.3,47.9,520.22,2388.21,8113.53,8.4769,0.03,395,2388,100.0,38.5,23.1507,52
73,162,0.0034,-0.0004,100.0,518.67,643.13,1584.75,1416.57,14.62,21.61,552.29,2388.23,9038.33,1.3,47.8,520.2,2388.21,8121.14,8.4889,0.03,395,2388,100.0,38.61,23.2891,51
73,163,0.0003,-0.0002,100.0,518.67,642.99,1597.12,1417.03,14.62,21.61,552.25,2388.19,9047.07,1.3,47.83,520.89,2388.24,8114.88,8.4577,0.03,395,2388,100.0,38.41,23.0721,50
73,164,-0.0005,0.0002,100.0,518.67,642.93,1593.49,1414.29,14.62,21.61,552.53,2388.22,9042.31,1.3,47.81,520.39,2388.24,8119.09,8.5091,0.03,394,2388,100.0,38.58,23.249,49
73,165,0.0012,0.0002,100.0,518.67,643.43,1592.84,1412.79,14.62,21.61,552.5,2388.17,9045.09,1.3,47.89,520.91,2388.23,8120.92,8.4656,0.03,392,2388,100.0,38.56,23.2545,48
73,166,0.0005,0.0003,100.0,518.67,642.86,1601.77,1419.18,14.62,21.61,551.99,2388.18,9052.65,1.3,47.71,520.75,2388.22,8119.16,8.515,0.03,395,2388,100.0,38.85,23.1931,47
73,167,-0.0022,0.0,100.0,518.67,643.22,1593.12,1422.14,14.62,21.61,552.35,2388.25,9051.18,1.3,47.74,520.12,2388.21,8118.48,8.5001,0.03,394,2388,100.0,38.68,23.2919,46
73,168,-0.0032,0.0005,100.0,518.67,643.48,1597.45,1420.03,14.62,21.61,552.69,2388.24,9043.06,1.3,47.93,520.3,2388.16,8121.05,8.4785,0.03,395,2388,100.0,38.75,23.1913,45
73,169,0.0012,-0.0,100.0,518.67,643.01,1603.56,1417.6,14.62,21.61,552.24,2388.24,9030.73,1.3,48.04,520.65,2388.24,8119.41,8.4541,0.03,396,2388,100.0,38.42,23.0518,44
73,170,0.0008,-0.0003,100.0,518.67,642.92,1600.25,1420.09,14.62,21.61,551.51,2388.21,9042.82,1.3,47.79,520.11,2388.25,8116.17,8.4701,0.03,395,2388,100.0,38.62,23.1322,43
73,171,0.0024,0.0001,100.0,518.67,643.67,1594.65,1414.4,14.62,21.61,552.14,2388.24,9038.74,1.3,47.88,520.33,2388.31,8121.01,8.4675,0.03,395,2388,100.0,38.51,23.2073,42
73,172,0.0005,-0.0002,100.0,518.67,643.41,1594.61,1426.06,14.62,21.61,552.14,2388.3,9042.55,1.3,47.97,520.74,2388.25,8119.34,8.5144,0.03,395,2388,100.0,38.68,23.0157,41
73,173,-0.0003,-0.0002,100.0,518.67,642.5,1594.41,1415.17,14.62,21.61,552.64,2388.18,9042.56,1.3,47.81,520.21,2388.24,8121.49,8.493,0.03,395,2388,100.0,38.6,23.2476,40
73,174,0.0001,-0.0002,100.0,518.67,643.18,1599.3,1425.39,14.62,21.61,551.34,2388.24,9041.89,1.3,47.91,520.5,2388.28,8110.45,8.4736,0.03,395,2388,100.0,38.61,23.1194,39
73,175,0.0001,-0.0001,100.0,518.67,643.25,1591.7,1423.68,14.62,21.61,551.38,2388.22,9040.6,1.3,47.96,519.73,2388.23,8116.74,8.4684,0.03,396,2388,100.0,38.68,23.1712,38
73,176,0.0043,0.0002,100.0,518.67,643.52,1601.43,1422.53,14.62,21.61,551.9,2388.26,9042.92,1.3,47.67,520.81,2388.22,8120.67,8.5098,0.03,394,2388,100.0,38.63,23.1645,37
73,177,-0.0017,-0.0004,100.0,518.67,643.31,1596.5,1427.06,14.62,21.61,551.9,2388.23,9042.02,1.3,47.86,520.82,2388.29,8121.11,8.4669,0.03,395,2388,100.0,38.66,23.1596,36
73,178,0.0018,-0.0002,100.0,518.67,643.4,1587.43,1420.77,14.62,21.61,551.93,2388.25,9041.0,1.3,48.12,520.65,2388.2,8121.82,8.4919,0.03,395,2388,100.0,38.44,23.0604,35
73,179,0.001,0.0003,100.0,518.67,643.77,1599.29,1422.74,14.62,21.61,552.4,2388.27,9045.04,1.3,47.99,520.18,2388.24,8122.28,8.5087,0.03,394,2388,100.0,38.63,23.1753,34
73,180,0.003,0.0003,100.0,518.67,643.15,1595.8,1421.84,14.62,21.61,551.71,2388.24,9044.53,1.3,47.94,520.11,2388.2,8121.8,8.5149,0.03,395,2388,100.0,38.53,23.2189,33
73,181,-0.0017,0.0004,100.0,518.67,643.17,1597.77,1420.72,14.62,21.61,551.95,2388.27,9041.32,1.3,47.8,520.3,2388.21,8116.91,8.5112,0.03,396,2388,100.0,38.55,23.1077,32
73,182,0.001,0.0002,100.0,518.67,643.48,1596.09,1417.8,14.62,21.61,551.84,2388.26,9044.42,1.3,47.75,520.68,2388.22,8116.04,8.4931,0.03,393,2388,100.0,38.47,23.0841,31
73,183,-0.0005,-0.0001,100.0,518.67,643.27,1600.09,1418.75,14.62,21.61,552.09,2388.25,9048.8,1.3,47.86,520.03,2388.28,8118.22,8.4843,0.03,396,2388,100.0,38.65,23.0675,30
73,184,0.0002,-0.0005,100.0,518.67,643.89,1591.89,1419.44,14.62,21.61,551.66,2388.28,9052.21,1.3,48.01,520.58,2388.25,8118.36,8.5035,0.03,394,2388,100.0,38.56,23.0274,29
73,185,-0.0016,-0.0004,100.0,518.67,643.43,1597.14,1423.04,14.62,21.61,552.51,2388.25,9044.68,1.3,47.94,520.19,2388.25,8118.46,8.4894,0.03,393,2388,100.0,38.55,23.1003,28
73,186,-0.0009,-0.0004,100.0,518.67,644.13,1592.23,1428.19,14.62,21.61,552.58,2388.21,9044.46,1.3,47.9,519.98,2388.24,8117.02,8.4512,0.03,395,2388,100.0,38.72,23.1457,27
73,187,0.001,-0.0003,100.0,518.67,642.89,1598.46,1420.94,14.62,21.61,551.43,2388.24,9044.8,1.3,48.07,519.95,2388.24,8113.62,8.5234,0.03,394,2388,100.0,38.43,23.251,26
73,188,-0.0036,0.0002,100.0,518.67,643.25,1599.09,1417.3,14.62,21.61,552.4,2388.26,9038.57,1.3,47.92,519.79,2388.24,8116.13,8.4851,0.03,396,2388,100.0,38.56,23.1388,25
73,189,0.0008,-0.0002,100.0,518.67,643.22,1600.03,1420.94,14.62,21.61,551.6,2388.23,9044.33,1.3,48.01,520.22,2388.23,8119.97,8.5173,0.03,393,2388,100.0,38.68,23.1008,24
73,190,-0.0028,-0.0002,100.0,518.67,643.91,1602.23,1419.2,14.62,21.61,551.71,2388.28,9044.62,1.3,47.93,520.07,2388.29,8122.26,8.4507,0.03,394,2388,100.0,38.55,23.131,23
73,191,0.0002,-0.0001,100.0,518.67,643.04,1597.68,1423.84,14.62,21.61,551.59,2388.29,9036.83,1.3,47.97,519.58,2388.22,8115.6,8.4687,0.03,396,2388,100.0,38.71,23.0652,22
73,192,-0.0007,-0.0002,100.0,518.67,643.7,1600.62,1415.27,14.62,21.61,551.75,2388.29,9046.39,1.3,47.94,520.23,2388.19,8116.3,8.4991,0.03,394,2388,100.0,38.44,23.1513,21
73,193,0.0048,-0.0001,100.0,518.67,642.93,1601.41,1429.78,14.62,21.61,552.08,2388.27,9042.72,1.3,48.14,519.84,2388.32,8115.7,8.5212,0.03,396,2388,100.0,38.55,23.1427,20
73,194,-0.0006,0.0001,100.0,518.67,643.74,1597.59,1427.73,14.62,21.61,551.36,2388.25,9039.43,1.3,48.01,519.54,2388.22,8118.55,8.4948,0.03,395,2388,100.0,38.52,23.1363,19
73,195,-0.0021,-0.0002,100.0,518.67,642.98,1594.79,1419.89,14.62,21.61,551.97,2388.29,9047.06,1.3,48.09,520.08,2388.3,8117.24,8.527,0.03,394,2388,100.0,38.46,23.1492,18
73,196,0.0013,-0.0003,100.0,518.67,643.37,1599.96,1430.81,14.62,21.61,551.87,2388.26,9044.17,1.3,48.16,519.8,2388.29,8118.9,8.5534,0.03,394,2388,100.0,38.62,23.2337,17
73,197,0.0023,0.0003,100.0,518.67,643.29,1598.42,1424.58,14.62,21.61,550.84,2388.28,9040.19,1.3,48.12,519.69,2388.23,8111.04,8.4858,0.03,395,2388,100.0,38.65,23.0888,16
73,198,-0.0001,-0.0004,100.0,518.67,643.26,1600.43,1426.94,14.62,21.61,551.98,2388.24,9048.69,1.3,48.13,520.47,2388.28,8114.5,8.5002,0.03,395,2388,100.0,38.2,23.1465,15
73,199,0.0024,0.0005,100.0,518.67,643.45,1593.08,1429.96,14.62,21.61,551.86,2388.23,9038.73,1.3,47.95,519.96,2388.34,8116.01,8.5102,0.03,397,2388,100.0,38.64,23.0564,14
73,200,0.003,-0.0,100.0,518.67,643.88,1601.86,1429.43,14.62,21.61,551.74,2388.31,9048.55,1.3,48.06,520.24,2388.25,8116.79,8.536,0.03,396,2388,100.0,38.34,23.0801,13
73,201,-0.0009,0.0002,100.0,518.67,643.25,1599.83,1421.53,14.62,21.61,551.81,2388.28,9043.27,1.3,48.02,519.57,2388.25,8120.05,8.5122,0.03,396,2388,100.0,38.59,23.0646,12
73,202,0.0039,0.0002,100.0,518.67,643.92,1592.35,1418.38,14.62,21.61,551.15,2388.29,9043.6,1.3,48.12,519.43,2388.34,8114.84,8.5258,0.03,396,2388,100.0,38.29,23.1049,11
73,203,-0.0012,0.0003,100.0,518.67,643.38,1597.7,1422.68,14.62,21.61,551.33,2388.27,9038.43,1.3,48.14,520.14,2388.3,8114.27,8.5222,0.03,395,2388,100.0,38.46,23.0541,10
73,204,-0.0001,0.0005,100.0,518.67,643.2,1601.49,1435.89,14.62,21.61,552.34,2388.27,9041.54,1.3,48.13,519.4,2388.3,8109.41,8.5328,0.03,394,2388,100.0,38.48,23.0252,9
73,205,0.0029,0.0005,100.0,518.67,643.75,1601.68,1427.87,14.62,21.61,551.6,2388.32,9038.8,1.3,48.13,520.21,2388.25,8113.28,8.5174,0.03,395,2388,100.0,38.57,23.0505,8
73,206,0.0008,0.0003,100.0,518.67,643.38,1602.32,1427.63,14.62,21.61,551.2,2388.3,9038.97,1.3,47.98,520.06,2388.32,8113.42,8.5299,0.03,395,2388,100.0,38.45,22.9684,7
73,207,0.0011,-0.0,100.0,518.67,644.03,1606.83,1425.22,14.62,21.61,551.39,2388.34,9039.55,1.3,48.18,520.02,2388.31,8115.78,8.5236,0.03,395,2388,100.0,38.52,23.1363,6
73,208,0.0001,-0.0002,100.0,518.67,643.78,1599.53,1438.16,14.62,21.61,551.03,2388.26,9041.5,1.3,48.33,519.78,2388.27,8113.46,8.5484,0.03,396,2388,100.0,38.4,23.0764,5
73,209,-0.0014,-0.0,100.0,518.67,643.17,1597.94,1430.59,14.62,21.61,551.39,2388.29,9046.31,1.3,48.09,519.6,2388.33,8110.51,8.536,0.03,395,2388,100.0,38.41,23.0578,4
73,210,0.0021,-0.0002,100.0,518.67,643.1,1601.3,1429.77,14.62,21.61,551.93,2388.35,9048.38,1.3,48.02,519.53,2388.36,8122.87,8.4972,0.03,396,2388,100.0,38.5,23.0189,3
73,211,-0.0027,0.0001,100.0,518.67,644.3,1601.47,1430.45,14.62,21.61,550.93,2388.31,9046.45,1.3,48.15,519.43,2388.33,8112.61,8.5185,0.03,396,2388,100.0,38.34,23.0511,2
73,212,-0.0014,-0.0004,100.0,518.67,643.48,1597.82,1430.64,14.62,21.61,550.88,2388.3,9041.38,1.3,48.27,520.17,2388.32,8115.46,8.5205,0.03,396,2388,100.0,38.61,23.0123,1
73,213,-0.0014,0.0002,100.0,518.67,643.54,1599.16,1428.84,14.62,21.61,551.62,2388.28,9041.6,1.3,48.12,519.7,2388.35,8114.48,8.5434,0.03,396,2388,100.0,38.54,23.0257,0
74,1,0.0001,-0.0003,100.0,518.67,642.31,1580.43,1400.18,14.62,21.61,554.02,2388.0,9067.46,1.3,47.21,522.55,2388.0,8148.06,8.379,0.03,391,2388,100.0,39.11,23.405,165
74,2,-0.0026,-0.0003,100.0,518.67,642.26,1593.03,1398.78,14.62,21.61,554.23,2388.01,9068.21,1.3,47.39,521.58,2388.01,8149.56,8.4144,0.03,392,2388,100.0,38.93,23.3752,164
74,3,-0.0007,-0.0001,100.0,518.67,642.61,1579.86,1399.5,14.62,21.61,554.45,2388.05,9066.32,1.3,47.2,522.07,2388.01,8144.95,8.3793,0.03,392,2388,100.0,38.8,23.4071,163
74,4,0.0034,-0.0001,100.0,518.67,642.07,1589.82,1395.3,14.62,21.61,554.09,2387.99,9069.71,1.3,47.31,521.77,2388.03,8148.12,8.3876,0.03,392,2388,100.0,39.0,23.4091,162
74,5,0.0019,-0.0004,100.0,518.67,642.55,1587.88,1395.03,14.62,21.61,553.44,2387.99,9059.65,1.3,47.47,522.36,2388.02,8142.83,8.398,0.03,393,2388,100.0,39.06,23.4454,161
74,6,0.0001,-0.0005,100.0,518.67,642.11,1590.19,1401.07,14.62,21.61,554.26,2388.05,9074.52,1.3,47.21,521.99,2387.99,8151.45,8.3862,0.03,393,2388,100.0,39.04,23.3673,160
74,7,0.0008,-0.0005,100.0,518.67,642.21,1596.43,1398.69,14.62,21.61,554.57,2388.01,9074.0,1.3,47.29,522.6,2388.04,8149.58,8.4398,0.03,392,2388,100.0,38.84,23.434,159
74,8,0.0037,0.0002,100.0,518.67,642.26,1583.32,1397.7,14.62,21.61,553.6,2388.09,9065.24,1.3,47.35,522.58,2388.07,8147.74,8.4369,0.03,392,2388,100.0,39.08,23.3323,158
74,9,0.0002,-0.0002,100.0,518.67,642.18,1583.82,1404.52,14.62,21.61,553.27,2388.01,9077.9,1.3,47.37,521.94,2387.98,8142.31,8.4468,0.03,391,2388,100.0,38.81,23.3415,157
74,10,0.0015,-0.0002,100.0,518.67,642.23,1587.34,1399.13,14.62,21.61,554.35,2388.01,9062.41,1.3,47.39,521.91,2388.02,8141.42,8.4437,0.03,392,2388,100.0,39.1,23.4662,156
74,11,0.0,-0.0002,100.0,518.67,642.4,1592.61,1400.94,14.62,21.61,554.17,2388.02,9064.84,1.3,47.25,522.05,2388.05,8145.21,8.4108,0.03,393,2388,100.0,38.94,23.3792,155
74,12,-0.0001,-0.0004,100.0,518.67,642.78,1587.92,1399.83,14.62,21.61,554.76,2387.97,9063.85,1.3,47.34,522.03,2388.04,8149.69,8.389,0.03,391,2388,100.0,38.85,23.3983,154
74,13,-0.0016,-0.0,100.0,518.67,642.31,1587.15,1409.13,14.62,21.61,554.71,2388.02,9069.98,1.3,47.37,521.98,2387.98,8147.74,8.4122,0.03,393,2388,100.0,38.83,23.3864,153
74,14,0.0012,-0.0003,100.0,518.67,642.24,1588.65,1398.17,14.62,21.61,553.93,2387.96,9074.08,1.3,47.44,522.36,2388.09,8148.44,8.4135,0.03,393,2388,100.0,38.98,23.3187,152
74,15,0.0007,0.0003,100.0,518.67,641.79,1588.95,1405.96,14.62,21.61,554.19,2388.02,9060.94,1.3,47.26,521.94,2387.98,8147.68,8.4642,0.03,393,2388,100.0,38.94,23.4213,151
74,16,-0.0008,0.0003,100.0,518.67,642.3,1591.42,1404.19,14.62,21.61,554.1,2388.05,9067.33,1.3,47.22,521.81,2387.97,8151.04,8.4004,0.03,393,2388,100.0,39.09,23.5525,150
74,17,-0.0011,-0.0005,100.0,518.67,641.9,1587.62,1399.42,14.62,21.61,554.58,2388.07,9068.21,1.3,47.34,521.92,2388.01,8145.82,8.4142,0.03,394,2388,100.0,38.84,23.3135,149
74,18,-0.001,-0.0001,100.0,518.67,642.04,1584.45,1400.28,14.62,21.6,554.23,2388.03,9065.4,1.3,47.37,522.18,2388.02,8144.17,8.404,0.03,392,2388,100.0,39.16,23.3719,148
74,19,0.0001,-0.0,100.0,518.67,642.0,1588.3,1403.17,14.62,21.6,554.77,2388.0,9070.61,1.3,47.3,522.15,2388.03,8150.04,8.3891,0.03,391,2388,100.0,38.97,23.4704,147
74,20,-0.0013,-0.0005,100.0,518.67,642.4,1577.44,1406.25,14.62,21.61,554.39,2388.03,9065.01,1.3,47.28,522.32,2388.02,8148.2,8.4065,0.03,393,2388,100.0,38.87,23.3186,146
74,21,0.0033,0.0002,100.0,518.67,642.0,1587.03,1404.32,14.62,21.61,553.92,2388.04,9066.9,1.3,47.37,521.96,2388.04,8152.04,8.4272,0.03,392,2388,100.0,38.96,23.3468,145
74,22,-0.003,-0.0004,100.0,518.67,641.97,1589.06,1400.03,14.62,21.61,553.93,2388.07,9059.51,1.3,47.28,521.96,2388.03,8149.83,8.4144,0.03,392,2388,100.0,38.8,23.4153,144
74,23,-0.0017,-0.0001,100.0,518.67,642.44,1582.47,1403.22,14.62,21.61,553.92,2388.01,9060.05,1.3,47.36,522.43,2388.06,8140.39,8.403,0.03,393,2388,100.0,39.03,23.4854,143
74,24,-0.0005,-0.0003,100.0,518.67,642.48,1584.24,1398.14,14.62,21.61,554.19,2388.02,9071.34,1.3,47.13,522.51,2388.07,8149.0,8.3969,0.03,390,2388,100.0,38.94,23.4012,142
74,25,-0.0001,-0.0003,100.0,518.67,642.03,1586.06,1398.98,14.62,21.61,554.16,2387.99,9062.79,1.3,47.38,522.18,2387.98,8147.17,8.3802,0.03,393,2388,100.0,39.1,23.3906,141
74,26,-0.0035,-0.0002,100.0,518.67,642.49,1594.69,1407.46,14.62,21.6,553.85,2388.06,9064.45,1.3,47.32,521.76,2387.98,8144.55,8.4454,0.03,391,2388,100.0,38.74,23.3713,140
74,27,-0.0016,-0.0004,100.0,518.67,641.79,1587.34,1398.74,14.62,21.61,554.64,2388.0,9058.08,1.3,47.21,521.72,2388.01,8145.3,8.4213,0.03,391,2388,100.0,38.96,23.4215,139
74,28,-0.0018,-0.0,100.0,518.67,641.84,1584.15,1396.64,14.62,21.61,554.19,2387.99,9061.94,1.3,47.31,522.22,2388.01,8149.77,8.3955,0.03,392,2388,100.0,38.9,23.3685,138
74,29,-0.0002,0.0001,100.0,518.67,642.45,1582.81,1397.92,14.62,21.61,553.66,2387.99,9073.17,1.3,47.24,522.06,2387.98,8150.71,8.4341,0.03,392,2388,100.0,38.96,23.4575,137
74,30,-0.0002,-0.0002,100.0,518.67,642.03,1589.83,1404.47,14.62,21.61,554.8,2388.01,9061.41,1.3,47.18,521.33,2388.0,8146.16,8.4025,0.03,393,2388,100.0,39.08,23.4487,136
74,31,0.0002,0.0003,100.0,518.67,642.1,1593.19,1397.85,14.62,21.61,554.43,2388.02,9077.08,1.3,47.27,522.31,2388.04,8146.04,8.3929,0.03,392,2388,100.0,38.97,23.4466,135
74,32,0.0005,0.0004,100.0,518.67,642.25,1593.45,1399.46,14.62,21.61,554.21,2388.04,9064.62,1.3,47.39,521.63,2388.03,8153.34,8.4244,0.03,393,2388,100.0,38.91,23.425,134
74,33,0.0022,0.0,100.0,518.67,642.55,1586.85,1404.05,14.62,21.61,553.97,2388.01,9069.87,1.3,47.35,522.51,2388.0,8146.65,8.3573,0.03,392,2388,100.0,38.85,23.3048,133
74,34,-0.0025,0.0004,100.0,518.67,642.4,1582.43,1407.9,14.62,21.61,554.15,2388.02,9070.36,1.3,47.52,521.78,2388.02,8143.31,8.4108,0.03,392,2388,100.0,39.08,23.3761,132
74,35,-0.0017,0.0001,100.0,518.67,642.59,1585.86,1400.38,14.62,21.61,553.75,2388.02,9066.42,1.3,47.32,522.05,2387.97,8147.01,8.4345,0.03,393,2388,100.0,38.88,23.4471,131
74,36,0.0007,-0.0004,100.0,518.67,642.07,1595.45,1401.54,14.62,21.61,553.94,2388.04,9065.98,1.3,47.18,522.28,2387.96,8144.64,8.4215,0.03,393,2388,100.0,39.1,23.3164,130
74,37,0.0021,0.0003,100.0,518.67,642.13,1590.41,1412.38,14.62,21.61,554.15,2388.02,9062.55,1.3,47.35,522.32,2388.01,8150.65,8.4012,0.03,392,2388,100.0,38.9,23.4258,129
74,38,0.0045,0.0001,100.0,518.67,642.1,1586.81,1401.33,14.62,21.61,554.52,2388.05,9068.78,1.3,47.27,522.44,2388.04,8150.87,8.4263,0.03,393,2388,100.0,39.04,23.3353,128
74,39,0.0007,0.0002,100.0,518.67,642.32,1592.66,1400.67,14.62,21.61,554.35,2388.02,9065.83,1.3,47.36,522.05,2388.02,8144.72,8.418,0.03,393,2388,100.0,39.17,23.3277,127
74,40,-0.002,0.0002,100.0,518.67,642.24,1582.36,1401.32,14.62,21.61,554.39,2388.03,9069.4,1.3,47.33,521.88,2388.07,8148.28,8.4226,0.03,392,2388,100.0,38.9,23.2851,126
74,41,0.0029,-0.0004,100.0,518.67,642.47,1593.25,1398.79,14.62,21.61,554.03,2387.99,9064.7,1.3,47.25,521.8,2388.02,8150.15,8.397,0.03,393,2388,100.0,39.01,23.38,125
74,42,-0.0047,-0.0002,100.0,518.67,642.14,1582.57,1404.37,14.62,21.61,554.28,2388.03,9062.15,1.3,47.42,522.52,2388.02,8152.67,8.4,0.03,390,2388,100.0,38.9,23.4479,124
74,43,-0.0014,0.0003,100.0,518.67,642.12,1580.45,1404.81,14.62,21.61,553.37,2388.04,9065.58,1.3,47.16,522.19,2388.02,8148.29,8.4216,0.03,393,2388,100.0,38.92,23.3628,123
74,44,-0.0027,0.0002,100.0,518.67,642.16,1591.77,1401.86,14.62,21.61,553.71,2388.02,9072.55,1.3,47.27,522.01,2388.01,8153.64,8.4334,0.03,392,2388,100.0,38.95,23.3778,122
74,45,0.0026,-0.0003,100.0,518.67,642.6,1582.73,1402.96,14.62,21.61,554.53,2388.04,9063.28,1.3,47.36,522.0,2388.03,8144.94,8.3879,0.03,393,2388,100.0,39.15,23.3733,121
74,46,-0.0001,-0.0005,100.0,518.67,642.33,1588.18,1403.24,14.62,21.61,554.43,2387.99,9060.06,1.3,47.18,522.14,2387.96,8145.73,8.4132,0.03,392,2388,100.0,39.0,23.4556,120
74,47,0.0018,0.0001,100.0,518.67,642.51,1587.06,1405.12,14.62,21.61,554.03,2388.03,9061.67,1.3,47.3,521.72,2388.03,8146.31,8.4015,0.03,394,2388,100.0,39.18,23.3342,119
74,48,0.0018,-0.0001,100.0,518.67,642.29,1588.74,1397.89,14.62,21.61,553.78,2388.09,9070.99,1.3,47.25,521.91,2388.03,8144.96,8.4132,0.03,391,2388,100.0,39.08,23.2579,118
74,49,0.0019,-0.0003,100.0,518.67,642.68,1583.52,1403.69,14.62,21.61,554.0,2388.04,9061.26,1.3,47.29,522.44,2388.05,8146.17,8.3917,0.03,392,2388,100.0,38.78,23.3541,117
74,50,-0.0005,-0.0003,100.0,518.67,642.27,1590.88,1399.49,14.62,21.61,554.57,2387.99,9059.12,1.3,47.26,521.78,2388.06,8154.01,8.4272,0.03,391,2388,100.0,38.89,23.3717,116
74,51,0.0002,-0.0003,100.0,518.67,642.45,1591.7,1401.28,14.62,21.61,553.61,2388.04,9069.62,1.3,47.23,522.62,2388.02,8147.66,8.4689,0.03,395,2388,100.0,39.06,23.3901,115
74,52,0.0005,0.0001,100.0,518.67,642.35,1582.25,1400.56,14.62,21.61,553.5,2388.02,9066.12,1.3,47.36,522.0,2388.01,8141.53,8.3979,0.03,393,2388,100.0,38.98,23.3178,114
74,53,0.0004,-0.0001,100.0,518.67,642.51,1588.08,1403.07,14.62,21.61,553.94,2388.05,9068.91,1.3,47.45,521.95,2388.06,8147.44,8.4362,0.03,394,2388,100.0,39.08,23.3982,113
74,54,0.0006,-0.0006,100.0,518.67,642.37,1573.01,1400.24,14.62,21.61,554.34,2388.07,9069.41,1.3,47.39,521.89,2388.04,8143.92,8.4193,0.03,393,2388,100.0,39.04,23.3612,112
74,55,0.0018,-0.0004,100.0,518.67,642.34,1590.42,1400.88,14.62,21.61,553.78,2388.02,9060.23,1.3,47.28,522.21,2388.06,8144.61,8.3745,0.03,391,2388,100.0,38.9,23.3949,111
74,56,0.001,-0.0006,100.0,518.67,642.19,1581.96,1403.64,14.62,21.61,554.76,2388.08,9066.15,1.3,47.4,521.59,2387.99,8155.63,8.3836,0.03,392,2388,100.0,38.95,23.4561,110
74,57,-0.0014,0.0002,100.0,518.67,641.98,1597.42,1405.75,14.62,21.61,554.23,2387.97,9066.29,1.3,47.48,521.31,2388.01,8146.61,8.4207,0.03,393,2388,100.0,38.82,23.4704,109
74,58,-0.0019,0.0002,100.0,518.67,642.29,1587.76,1405.97,14.62,21.61,554.11,2388.08,9065.24,1.3,47.41,522.13,2388.09,8146.76,8.4035,0.03,391,2388,100.0,38.92,23.3888,108
74,59,0.002,0.0001,100.0,518.67,642.18,1586.34,1399.3,14.62,21.61,554.65,2388.04,9062.72,1.3,47.39,522.29,2388.04,8150.52,8.3861,0.03,392,2388,100.0,38.92,23.3494,107
74,60,0.0021,0.0002,100.0,518.67,642.4,1587.13,1400.11,14.62,21.61,554.97,2388.03,9060.99,1.3,47.26,522.06,2388.02,8150.3,8.431,0.03,393,2388,100.0,38.78,23.4386,106
74,61,-0.0009,-0.0003,100.0,518.67,642.65,1587.91,1398.0,14.62,21.61,553.9,2388.06,9074.19,1.3,47.25,521.74,2388.07,8142.62,8.3862,0.03,392,2388,100.0,39.05,23.4014,105
74,62,-0.0012,0.0001,100.0,518.67,642.25,1587.57,1404.32,14.62,21.61,554.16,2388.06,9061.51,1.3,47.3,521.75,2388.04,8145.58,8.3949,0.03,392,2388,100.0,38.89,23.3447,104
74,63,-0.0017,-0.0004,100.0,518.67,642.33,1580.61,1405.28,14.62,21.61,554.54,2388.01,9072.95,1.3,47.37,521.64,2388.02,8148.56,8.4165,0.03,392,2388,100.0,39.04,23.2911,103
74,64,-0.0008,0.0001,100.0,518.67,642.7,1585.63,1403.1,14.62,21.61,553.88,2388.04,9071.16,1.3,47.4,522.19,2388.09,8148.15,8.3929,0.03,392,2388,100.0,38.93,23.3505,102
74,65,-0.0004,0.0001,100.0,518.67,642.22,1588.08,1403.58,14.62,21.61,553.82,2388.02,9067.66,1.3,47.46,522.21,2388.02,8152.42,8.4329,0.03,392,2388,100.0,38.89,23.4342,101
74,66,-0.0018,-0.0005,100.0,518.67,641.88,1582.4,1394.64,14.62,21.61,554.84,2388.01,9075.5,1.3,47.39,522.22,2388.04,8147.42,8.4392,0.03,393,2388,100.0,38.73,23.433,100
74,67,-0.0011,0.0001,100.0,518.67,642.09,1593.55,1407.41,14.62,21.61,553.95,2388.1,9069.89,1.3,47.23,521.64,2388.06,8142.57,8.4062,0.03,392,2388,100.0,38.78,23.1994,99
74,68,-0.0009,0.0003,100.0,518.67,642.52,1584.61,1399.61,14.62,21.61,553.83,2388.05,9064.96,1.3,47.49,521.92,2388.09,8146.84,8.4167,0.03,394,2388,100.0,39.03,23.3388,98
74,69,0.0033,-0.0004,100.0,518.67,642.25,1580.45,1406.34,14.62,21.61,554.06,2388.02,9064.29,1.3,47.61,521.71,2388.03,8141.71,8.411,0.03,393,2388,100.0,39.07,23.3652,97
74,70,0.0054,-0.0,100.0,518.67,642.08,1584.02,1401.03,14.62,21.61,553.46,2388.1,9061.73,1.3,47.35,521.89,2388.03,8143.12,8.4493,0.03,392,2388,100.0,38.93,23.3024,96
74,71,0.0007,0.0002,100.0,518.67,642.49,1592.4,1398.43,14.62,21.61,553.33,2388.06,9063.94,1.3,47.26,522.57,2388.01,8143.54,8.4127,0.03,392,2388,100.0,38.89,23.4211,95
74,72,-0.0016,0.0002,100.0,518.67,642.48,1588.87,1401.0,14.62,21.61,553.75,2388.02,9066.62,1.3,47.28,521.82,2388.01,8145.12,8.4331,0.03,393,2388,100.0,38.8,23.4176,94
74,73,0.0005,-0.0003,100.0,518.67,642.67,1592.31,1402.23,14.62,21.61,553.28,2388.11,9058.98,1.3,47.37,521.75,2388.07,8143.6,8.4307,0.03,390,2388,100.0,39.0,23.3203,93
74,74,-0.0003,0.0003,100.0,518.67,642.32,1586.8,1405.09,14.62,21.61,554.42,2388.07,9067.24,1.3,47.18,522.08,2388.03,8150.7,8.4144,0.03,392,2388,100.0,39.05,23.3081,92
74,75,-0.0016,0.0002,100.0,518.67,642.16,1582.53,1400.94,14.62,21.61,553.96,2387.98,9066.56,1.3,47.31,522.18,2388.09,8148.3,8.4143,0.03,392,2388,100.0,38.94,23.308,91
74,76,-0.0012,-0.0003,100.0,518.67,642.84,1588.98,1393.28,14.62,21.61,553.6,2388.02,9066.62,1.3,47.36,521.77,2388.03,8152.32,8.4212,0.03,391,2388,100.0,39.02,23.4951,90
74,77,-0.0029,-0.0003,100.0,518.67,641.8,1588.56,1406.27,14.62,21.61,553.91,2388.05,9065.04,1.3,47.4,522.17,2388.06,8144.99,8.4162,0.03,392,2388,100.0,38.89,23.3964,89
74,78,0.0031,0.0004,100.0,518.67,642.35,1590.28,1406.97,14.62,21.61,553.14,2388.03,9065.35,1.3,47.64,521.97,2388.03,8142.11,8.4081,0.03,391,2388,100.0,38.8,23.2835,88
74,79,0.0004,-0.0003,100.0,518.67,642.49,1582.66,1408.73,14.62,21.61,554.13,2388.05,9064.58,1.3,47.41,521.53,2388.04,8150.05,8.4458,0.03,391,2388,100.0,38.96,23.376,87
74,80,-0.003,-0.0002,100.0,518.67,642.61,1589.09,1398.8,14.62,21.61,554.96,2388.05,9061.06,1.3,47.39,521.15,2388.05,8147.57,8.4044,0.03,393,2388,100.0,38.97,23.367,86
74,81,-0.0005,-0.0004,100.0,518.67,642.89,1584.46,1407.7,14.62,21.61,554.15,2388.09,9071.58,1.3,47.46,521.37,2388.05,8147.83,8.4094,0.03,393,2388,100.0,38.88,23.3511,85
74,82,-0.0033,-0.0003,100.0,518.67,642.14,1590.43,1415.12,14.62,21.61,554.11,2388.01,9067.74,1.3,47.44,521.62,2388.05,8154.28,8.4315,0.03,392,2388,100.0,38.77,23.3388,84
74,83,-0.0017,0.0001,100.0,518.67,642.26,1583.83,1402.6,14.62,21.61,553.96,2388.02,9071.12,1.3,47.3,522.12,2388.06,8148.92,8.4278,0.03,393,2388,100.0,39.06,23.1741,83
74,84,0.0003,0.0004,100.0,518.67,642.73,1580.82,1404.87,14.62,21.61,554.08,2388.1,9062.7,1.3,47.26,521.7,2388.09,8144.43,8.4103,0.03,390,2388,100.0,39.1,23.294,82
74,85,0.0015,-0.0002,100.0,518.67,642.97,1582.96,1408.07,14.62,21.61,554.19,2388.05,9071.24,1.3,47.55,522.03,2388.03,8149.72,8.4271,0.03,393,2388,100.0,38.79,23.2962,81
74,86,0.0018,-0.0002,100.0,518.67,642.34,1585.96,1401.84,14.62,21.61,554.33,2388.04,9072.73,1.3,47.1,521.44,2388.1,8149.45,8.4245,0.03,393,2388,100.0,38.88,23.3631,80
74,87,0.0009,0.0004,100.0,518.67,642.27,1592.24,1410.28,14.62,21.61,553.21,2387.99,9070.24,1.3,47.51,521.54,2388.11,8146.31,8.3997,0.03,393,2388,100.0,38.79,23.3492,79
74,88,-0.0026,0.0002,100.0,518.67,641.86,1589.76,1405.83,14.62,21.61,553.91,2388.01,9064.17,1.3,47.33,521.74,2388.09,8142.06,8.4338,0.03,392,2388,100.0,38.91,23.3874,78
74,89,-0.0014,0.0004,100.0,518.67,642.07,1594.9,1402.96,14.62,21.61,553.06,2388.02,9064.97,1.3,47.47,521.57,2388.09,8146.44,8.3859,0.03,392,2388,100.0,38.92,23.3188,77
74,90,0.004,0.0002,100.0,518.67,643.21,1591.59,1405.0,14.62,21.61,554.33,2388.08,9067.03,1.3,47.35,521.57,2388.04,8143.29,8.4335,0.03,393,2388,100.0,38.89,23.2834,76
74,91,-0.0,-0.0005,100.0,518.67,642.5,1584.01,1404.6,14.62,21.61,553.23,2388.01,9062.48,1.3,47.42,521.81,2388.11,8144.21,8.4514,0.03,392,2388,100.0,39.02,23.3845,75
74,92,0.0005,0.0,100.0,518.67,642.0,1580.91,1401.69,14.62,21.61,553.65,2388.05,9059.57,1.3,47.32,521.77,2388.05,8141.35,8.4433,0.03,391,2388,100.0,38.92,23.332,74
74,93,-0.0019,0.0003,100.0,518.67,642.13,1586.29,1407.97,14.62,21.61,554.29,2388.04,9069.62,1.3,47.4,521.71,2388.09,8145.73,8.4325,0.03,393,2388,100.0,38.71,23.3135,73
74,94,-0.0057,0.0001,100.0,518.67,642.36,1582.25,1410.45,14.62,21.61,553.67,2388.04,9061.54,1.3,47.42,521.88,2388.04,8145.97,8.4406,0.03,393,2388,100.0,38.99,23.2051,72
74,95,-0.0026,0.0003,100.0,518.67,642.56,1592.88,1400.65,14.62,21.61,554.17,2388.04,9072.37,1.3,47.49,521.28,2388.1,8142.17,8.4297,0.03,393,2388,100.0,38.93,23.3032,71
74,96,-0.0014,-0.0001,100.0,518.67,642.55,1594.8,1406.94,14.62,21.61,553.84,2388.03,9062.54,1.3,47.49,521.72,2388.03,8144.2,8.4341,0.03,392,2388,100.0,38.87,23.2356,70
74,97,0.0019,0.0003,100.0,518.67,643.37,1584.2,1401.36,14.62,21.61,553.85,2388.06,9062.64,1.3,47.57,521.53,2388.04,8143.05,8.4513,0.03,392,2388,100.0,38.72,23.3476,69
74,98,-0.0002,0.0001,100.0,518.67,643.23,1591.38,1413.04,14.62,21.61,553.53,2388.08,9057.96,1.3,47.35,521.83,2388.03,8146.71,8.4381,0.03,392,2388,100.0,38.79,23.3799,68
74,99,0.0002,-0.0001,100.0,518.67,642.63,1598.24,1406.4,14.62,21.61,553.53,2388.08,9070.1,1.3,47.57,521.49,2388.09,8141.35,8.4058,0.03,393,2388,100.0,38.93,23.2388,67
74,100,-0.0019,0.0002,100.0,518.67,642.81,1591.05,1401.16,14.62,21.61,553.65,2388.04,9063.7,1.3,47.42,521.92,2388.12,8138.11,8.4455,0.03,392,2388,100.0,38.88,23.3013,66
74,101,-0.0016,-0.0004,100.0,518.67,642.26,1586.88,1404.66,14.62,21.61,552.68,2388.11,9062.51,1.3,47.38,521.63,2388.07,8142.7,8.4264,0.03,393,2388,100.0,39.02,23.4033,65
74,102,-0.0023,0.0004,100.0,518.67,642.37,1589.5,1403.75,14.62,21.61,553.24,2388.1,9059.55,1.3,47.54,521.56,2388.11,8144.42,8.4358,0.03,393,2388,100.0,38.8,23.3539,64
74,103,0.002,-0.0003,100.0,518.67,641.98,1589.18,1405.94,14.62,21.61,554.0,2388.07,9065.23,1.3,47.55,521.66,2388.06,8139.25,8.462,0.03,393,2388,100.0,38.87,23.3441,63
74,104,0.0003,-0.0004,100.0,518.67,642.46,1587.45,1403.47,14.62,21.61,554.3,2388.07,9062.93,1.3,47.42,521.6,2388.07,8142.72,8.4333,0.03,393,2388,100.0,38.94,23.3022,62
74,105,-0.0031,0.0002,100.0,518.67,642.59,1588.29,1395.87,14.62,21.61,553.67,2388.07,9063.33,1.3,47.5,521.35,2388.06,8143.23,8.4324,0.03,393,2388,100.0,38.9,23.2421,61
74,106,0.0016,-0.0,100.0,518.67,642.18,1583.73,1395.86,14.62,21.61,553.48,2388.1,9063.57,1.3,47.35,521.96,2388.11,8152.16,8.451,0.03,392,2388,100.0,38.76,23.3248,60
74,107,-0.002,-0.0004,100.0,518.67,642.72,1585.41,1405.97,14.62,21.61,553.36,2388.04,9062.23,1.3,47.47,521.41,2388.13,8142.34,8.4422,0.03,393,2388,100.0,38.81,23.2887,59
74,108,0.0031,-0.0001,100.0,518.67,642.53,1596.06,1401.95,14.62,21.61,553.94,2388.1,9057.76,1.3,47.32,521.6,2388.04,8144.56,8.4335,0.03,392,2388,100.0,38.92,23.2729,58
74,109,0.0029,0.0001,100.0,518.67,642.67,1589.44,1408.36,14.62,21.61,553.63,2388.07,9072.53,1.3,47.44,521.54,2388.12,8149.43,8.4397,0.03,394,2388,100.0,38.77,23.3458,57
74,110,-0.0034,0.0003,100.0,518.67,642.64,1591.73,1410.15,14.62,21.61,553.1,2388.06,9062.58,1.3,47.6,521.35,2388.12,8140.46,8.4632,0.03,393,2388,100.0,39.07,23.2665,56
74,111,-0.0007,-0.0002,100.0,518.67,642.68,1595.06,1413.43,14.62,21.61,554.09,2388.12,9065.8,1.3,47.6,520.99,2388.14,8140.28,8.4492,0.03,393,2388,100.0,38.63,23.3011,55
74,112,0.0024,-0.0002,100.0,518.67,642.75,1585.25,1411.42,14.62,21.61,553.51,2388.12,9064.63,1.3,47.37,521.5,2388.06,8142.47,8.4485,0.03,392,2388,100.0,38.96,23.2548,54
74,113,-0.0039,0.0002,100.0,518.67,642.83,1596.96,1403.74,14.62,21.61,552.95,2388.12,9061.24,1.3,47.47,521.69,2388.14,8139.55,8.44,0.03,393,2388,100.0,38.79,23.238,53
74,114,0.0022,0.0004,100.0,518.67,642.39,1591.45,1414.89,14.62,21.61,553.24,2388.08,9062.68,1.3,47.51,522.06,2388.12,8136.92,8.4423,0.03,394,2388,100.0,38.92,23.3154,52
74,115,-0.003,-0.0002,100.0,518.67,642.43,1591.88,1410.36,14.62,21.61,552.91,2388.09,9069.5,1.3,47.65,521.33,2388.05,8143.27,8.4018,0.03,394,2388,100.0,38.79,23.2514,51
74,116,0.003,-0.0002,100.0,518.67,642.35,1589.06,1406.84,14.62,21.61,552.69,2388.08,9057.11,1.3,47.68,521.69,2388.04,8138.45,8.4309,0.03,393,2388,100.0,38.75,23.2317,50
74,117,-0.0012,0.0004,100.0,518.67,642.53,1584.49,1409.75,14.62,21.61,553.24,2388.12,9068.55,1.3,47.53,521.03,2388.13,8145.27,8.4948,0.03,393,2388,100.0,38.87,23.1815,49
74,118,-0.002,-0.0003,100.0,518.67,643.16,1591.62,1405.71,14.62,21.61,553.64,2388.1,9064.33,1.3,47.54,521.19,2388.05,8139.87,8.4314,0.03,394,2388,100.0,38.84,23.271,48
74,119,-0.0004,0.0001,100.0,518.67,642.7,1593.63,1409.85,14.62,21.61,553.81,2388.11,9070.5,1.3,47.51,521.13,2388.12,8137.6,8.4466,0.03,393,2388,100.0,38.55,23.2363,47
74,120,0.001,-0.0,100.0,518.67,642.27,1589.65,1407.1,14.62,21.61,553.01,2388.09,9065.29,1.3,47.7,521.35,2388.07,8138.79,8.4432,0.03,393,2388,100.0,38.74,23.357,46
74,121,0.0034,-0.0003,100.0,518.67,642.53,1588.85,1405.77,14.62,21.61,552.88,2388.1,9069.85,1.3,47.66,520.97,2388.09,8140.86,8.4394,0.03,394,2388,100.0,38.89,23.2854,45
74,122,0.0009,0.0004,100.0,518.67,642.24,1597.21,1405.94,14.62,21.61,552.57,2388.11,9061.94,1.3,47.61,521.17,2388.14,8139.78,8.445,0.03,392,2388,100.0,38.89,23.3036,44
74,123,-0.0011,0.0002,100.0,518.67,642.77,1589.39,1405.57,14.62,21.61,552.73,2388.14,9065.63,1.3,47.66,521.61,2388.1,8140.74,8.4433,0.03,394,2388,100.0,38.73,23.2637,43
74,124,0.0029,-0.0004,100.0,518.67,642.51,1587.31,1421.53,14.62,21.61,553.86,2388.11,9068.51,1.3,47.6,521.31,2388.06,8143.05,8.4444,0.03,393,2388,100.0,38.93,23.251,42
74,125,-0.0016,-0.0004,100.0,518.67,642.72,1587.27,1412.02,14.62,21.61,552.84,2388.1,9068.28,1.3,47.53,520.52,2388.1,8146.99,8.4478,0.03,392,2388,100.0,38.85,23.3422,41
74,126,0.0019,0.0002,100.0,518.67,642.48,1592.15,1411.39,14.62,21.61,553.73,2388.09,9058.68,1.3,47.46,521.08,2388.15,8138.49,8.4534,0.03,393,2388,100.0,38.66,23.2693,40
74,127,-0.002,0.0002,100.0,518.67,642.79,1593.71,1410.18,14.62,21.61,552.62,2388.12,9056.14,1.3,47.54,520.88,2388.11,8135.6,8.4365,0.03,392,2388,100.0,38.77,23.4133,39
74,128,0.0008,-0.0001,100.0,518.67,642.46,1596.34,1409.77,14.62,21.61,553.44,2388.08,9054.21,1.3,47.79,520.4,2388.1,8136.74,8.4762,0.03,395,2388,100.0,38.53,23.1698,38
74,129,0.0005,-0.0004,100.0,518.67,642.39,1592.04,1407.31,14.62,21.61,553.26,2388.13,9063.25,1.3,47.66,521.5,2388.07,8137.64,8.4602,0.03,394,2388,100.0,38.68,23.1738,37
74,130,-0.0007,-0.0001,100.0,518.67,642.89,1589.55,1417.52,14.62,21.61,552.98,2388.14,9065.33,1.3,47.68,521.66,2388.17,8141.5,8.4936,0.03,394,2388,100.0,38.78,23.3694,36
74,131,0.0003,-0.0004,100.0,518.67,643.23,1600.18,1409.96,14.62,21.61,552.93,2388.07,9060.72,1.3,47.76,520.63,2388.07,8139.42,8.4409,0.03,393,2388,100.0,38.99,23.2692,35
74,132,-0.0034,0.0002,100.0,518.67,642.6,1588.11,1418.97,14.62,21.61,552.82,2388.12,9067.35,1.3,47.78,520.89,2388.14,8139.3,8.4977,0.03,393,2388,100.0,38.77,23.3244,34
74,133,-0.0033,-0.0004,100.0,518.67,642.9,1599.4,1417.31,14.62,21.61,553.51,2388.13,9064.1,1.3,47.68,520.84,2388.12,8139.53,8.4448,0.03,393,2388,100.0,38.78,23.2027,33
74,134,-0.0001,-0.0005,100.0,518.67,643.36,1591.59,1416.62,14.62,21.61,553.0,2388.17,9054.09,1.3,47.79,521.46,2388.13,8135.06,8.4355,0.03,395,2388,100.0,38.71,23.157,32
74,135,0.0025,-0.0002,100.0,518.67,642.83,1596.42,1412.3,14.62,21.61,552.9,2388.13,9055.15,1.3,47.75,520.87,2388.16,8136.54,8.4491,0.03,394,2388,100.0,38.82,23.2522,31
74,136,-0.0006,0.0001,100.0,518.67,642.91,1601.05,1416.91,14.62,21.61,553.17,2388.14,9059.99,1.3,47.6,520.64,2388.19,8136.4,8.4132,0.03,395,2388,100.0,38.7,23.2211,30
74,137,0.0043,-0.0004,100.0,518.67,642.66,1590.3,1413.32,14.62,21.61,552.71,2388.18,9071.75,1.3,47.56,521.11,2388.2,8139.28,8.4626,0.03,393,2388,100.0,38.75,23.2099,29
74,138,0.0012,-0.0,100.0,518.67,642.88,1590.98,1418.69,14.62,21.61,552.89,2388.16,9063.1,1.3,47.79,521.35,2388.12,8137.16,8.451,0.03,396,2388,100.0,38.7,23.2749,28
74,139,-0.0003,-0.0003,100.0,518.67,642.99,1590.43,1417.17,14.62,21.61,552.45,2388.18,9063.32,1.3,47.74,521.47,2388.11,8136.23,8.489,0.03,394,2388,100.0,38.7,23.2205,27
74,140,0.0003,-0.0001,100.0,518.67,643.01,1593.96,1416.74,14.62,21.61,552.68,2388.17,9068.06,1.3,47.69,520.76,2388.14,8133.36,8.457,0.03,394,2388,100.0,38.54,23.1209,26
74,141,0.0009,-0.0005,100.0,518.67,643.3,1601.19,1422.88,14.62,21.61,552.66,2388.19,9059.35,1.3,47.92,521.0,2388.22,8135.03,8.4642,0.03,393,2388,100.0,38.63,23.0726,25
74,142,0.0005,0.0003,100.0,518.67,643.28,1594.44,1419.58,14.62,21.61,552.52,2388.13,9056.9,1.3,47.81,521.04,2388.19,8138.04,8.4443,0.03,395,2388,100.0,38.65,23.2112,24
74,143,-0.0005,-0.0005,100.0,518.67,642.95,1589.67,1420.47,14.62,21.61,552.43,2388.2,9058.79,1.3,47.7,520.06,2388.23,8139.1,8.4755,0.03,395,2388,100.0,38.65,23.2623,23
74,144,-0.0023,0.0003,100.0,518.67,643.37,1591.53,1416.33,14.62,21.61,552.66,2388.12,9052.91,1.3,47.72,520.86,2388.19,8132.71,8.4673,0.03,394,2388,100.0,38.67,23.2596,22
74,145,-0.0006,-0.0002,100.0,518.67,642.33,1598.46,1418.11,14.62,21.61,552.11,2388.16,9061.02,1.3,47.68,520.25,2388.16,8136.57,8.4626,0.03,393,2388,100.0,38.73,23.2571,21
74,146,0.0018,0.0002,100.0,518.67,643.39,1592.18,1419.52,14.62,21.61,551.95,2388.2,9056.09,1.3,47.77,520.19,2388.17,8133.17,8.4815,0.03,395,2388,100.0,38.71,23.0928,20
74,147,0.0002,0.0002,100.0,518.67,643.16,1597.28,1421.0,14.62,21.61,552.54,2388.17,9060.55,1.3,47.8,520.92,2388.14,8126.3,8.474,0.03,394,2388,100.0,38.57,23.0972,19
74,148,0.0005,-0.0,100.0,518.67,643.33,1597.24,1415.9,14.62,21.61,552.45,2388.14,9065.2,1.3,47.96,520.54,2388.17,8136.69,8.4605,0.03,394,2388,100.0,38.89,23.0668,18
74,149,0.0,-0.0003,100.0,518.67,643.15,1595.7,1412.37,14.62,21.61,551.53,2388.18,9066.89,1.3,47.75,520.22,2388.16,8132.62,8.5138,0.03,394,2388,100.0,38.77,23.0306,17
74,150,0.0002,0.0002,100.0,518.67,643.47,1603.26,1420.21,14.62,21.61,551.73,2388.2,9051.15,1.3,47.97,520.57,2388.25,8135.17,8.5296,0.03,396,2388,100.0,38.61,23.2245,16
74,151,-0.0009,0.0004,100.0,518.67,643.03,1599.69,1419.6,14.62,21.61,552.15,2388.15,9059.48,1.3,47.92,520.33,2388.24,8136.45,8.4756,0.03,395,2388,100.0,38.49,23.1584,15
74,152,-0.001,-0.0004,100.0,518.67,643.25,1594.29,1420.12,14.62,21.61,552.2,2388.2,9057.29,1.3,47.81,520.11,2388.21,8129.54,8.5061,0.03,395,2388,100.0,38.67,23.2017,14
74,153,0.0008,-0.0003,100.0,518.67,643.29,1601.55,1422.36,14.62,21.61,551.82,2388.21,9054.75,1.3,47.84,519.87,2388.26,8130.64,8.5108,0.03,394,2388,100.0,38.64,23.1301,13
74,154,0.0005,-0.0005,100.0,518.67,643.55,1592.46,1418.04,14.62,21.61,551.78,2388.2,9058.12,1.3,47.94,520.45,2388.17,8129.16,8.481,0.03,395,2388,100.0,38.54,23.021,12
74,155,-0.0013,0.0002,100.0,518.67,643.83,1598.91,1417.41,14.62,21.61,552.93,2388.27,9054.68,1.3,47.99,519.84,2388.28,8130.83,8.4984,0.03,395,2388,100.0,38.71,23.1676,11
74,156,-0.0008,0.0002,100.0,518.67,643.42,1599.03,1421.75,14.62,21.61,552.19,2388.25,9055.16,1.3,48.11,519.91,2388.23,8133.19,8.5248,0.03,397,2388,100.0,38.51,23.1377,10
74,157,0.0028,0.0004,100.0,518.67,643.27,1592.25,1418.78,14.62,21.61,552.1,2388.24,9057.81,1.3,48.0,519.78,2388.25,8130.23,8.5289,0.03,395,2388,100.0,38.48,23.0369,9
74,158,0.0037,-0.0005,100.0,518.67,643.88,1597.92,1424.76,14.62,21.61,551.07,2388.24,9059.94,1.3,48.07,520.3,2388.19,8130.42,8.5274,0.03,394,2388,100.0,38.6,23.1293,8
74,159,-0.0026,0.0004,100.0,518.67,643.62,1597.26,1430.31,14.62,21.61,551.67,2388.24,9050.31,1.3,48.01,520.13,2388.19,8133.82,8.4614,0.03,395,2388,100.0,38.47,23.1524,7
74,160,-0.0015,-0.0003,100.0,518.67,643.47,1599.38,1431.59,14.62,21.61,551.32,2388.24,9054.92,1.3,48.04,519.6,2388.23,8127.51,8.4995,0.03,395,2388,100.0,38.51,23.1293,6
74,161,0.0026,0.0003,100.0,518.67,643.96,1601.06,1429.6,14.62,21.61,551.7,2388.28,9059.07,1.3,48.05,519.68,2388.26,8126.49,8.5092,0.03,395,2388,100.0,38.4,23.0624,5
74,162,-0.0014,-0.0002,100.0,518.67,643.7,1604.64,1430.56,14.62,21.61,552.33,2388.28,9057.02,1.3,48.03,519.8,2388.28,8127.72,8.5218,0.03,395,2388,100.0,38.5,23.073,4
74,163,0.0004,-0.0002,100.0,518.67,644.16,1607.16,1426.01,14.62,21.61,551.86,2388.28,9057.1,1.3,48.17,519.79,2388.29,8123.78,8.508,0.03,397,2388,100.0,38.48,23.0785,3
74,164,-0.0022,-0.0001,100.0,518.67,643.64,1600.62,1423.05,14.62,21.61,550.61,2388.3,9049.12,1.3,48.22,519.23,2388.29,8125.96,8.525,0.03,396,2388,100.0,38.45,23.0552,2
74,165,-0.0017,0.0002,100.0,518.67,643.96,1599.81,1423.1,14.62,21.61,551.65,2388.24,9050.27,1.3,48.02,519.61,2388.3,8129.77,8.5342,0.03,394,2388,100.0,38.42,23.0288,1
74,166,0.0011,0.0003,100.0,518.67,643.29,1604.39,1431.14,14.62,21.61,550.35,2388.3,9056.35,1.3,48.07,519.52,2388.25,8123.87,8.5309,0.03,398,2388,100.0,38.36,22.9906,0
75,1,-0.0002,0.0004,100.0,518.67,642.1,1590.06,1404.45,14.62,21.61,553.69,2388.1,9045.13,1.3,47.64,521.34,2388.06,8122.59,8.4538,0.03,392,2388,100.0,38.98,23.2272,228
75,2,0.0012,-0.0003,100.0,518.67,642.5,1591.85,1401.76,14.62,21.61,553.59,2388.13,9039.86,1.3,47.45,521.96,2388.07,8122.2,8.4161,0.03,391,2388,100.0,38.89,23.195,227
75,3,0.0008,-0.0002,100.0,518.67,642.62,1591.86,1404.45,14.62,21.61,553.74,2388.03,9042.85,1.3,47.6,521.15,2388.08,8123.89,8.4266,0.03,391,2388,100.0,38.89,23.2593,226
75,4,0.0016,-0.0005,100.0,518.67,642.49,1593.67,1402.91,14.62,21.61,553.05,2388.15,9049.66,1.3,47.58,521.27,2388.18,8127.27,8.4439,0.03,393,2388,100.0,38.87,23.3074,225
75,5,0.0019,0.0003,100.0,518.67,642.69,1584.46,1408.21,14.62,21.61,553.73,2388.16,9041.92,1.3,47.32,521.95,2388.1,8124.15,8.4267,0.03,393,2388,100.0,38.67,23.3825,224
75,6,-0.0003,-0.0,100.0,518.67,642.56,1588.83,1408.18,14.62,21.61,553.39,2388.09,9038.09,1.3,47.44,521.59,2388.09,8127.11,8.4402,0.03,394,2388,100.0,38.82,23.234,223
75,7,0.0019,-0.0002,100.0,518.67,641.88,1588.81,1403.19,14.62,21.61,553.56,2388.14,9048.09,1.3,47.52,521.49,2388.15,8128.81,8.4461,0.03,394,2388,100.0,38.93,23.2628,222
75,8,0.0,0.0004,100.0,518.67,642.16,1583.86,1405.41,14.62,21.61,553.58,2388.1,9040.83,1.3,47.45,521.48,2388.09,8122.06,8.4447,0.03,392,2388,100.0,38.91,23.2433,221
75,9,-0.0001,0.0,100.0,518.67,642.39,1583.05,1406.26,14.62,21.61,553.65,2388.09,9049.04,1.3,47.37,521.22,2388.08,8125.4,8.388,0.03,394,2388,100.0,38.65,23.3791,220
75,10,-0.002,0.0003,100.0,518.67,642.86,1585.13,1401.19,14.62,21.61,553.48,2388.1,9038.96,1.3,47.54,521.63,2388.13,8125.81,8.4439,0.03,394,2388,100.0,38.91,23.3318,219
75,11,-0.0003,-0.0005,100.0,518.67,642.92,1588.65,1404.13,14.62,21.61,553.44,2388.08,9049.76,1.3,47.43,521.68,2388.11,8123.39,8.4186,0.03,394,2388,100.0,38.98,23.3514,218
75,12,-0.0001,-0.0001,100.0,518.67,642.52,1585.93,1397.69,14.62,21.61,553.24,2388.09,9042.41,1.3,47.28,521.51,2388.16,8127.79,8.4332,0.03,395,2388,100.0,38.99,23.1449,217
75,13,-0.0042,-0.0,100.0,518.67,642.2,1589.69,1400.05,14.62,21.61,553.19,2388.2,9045.45,1.3,47.46,521.46,2388.08,8120.9,8.4665,0.03,394,2388,100.0,38.93,23.2982,216
75,14,0.0031,0.0001,100.0,518.67,642.59,1587.24,1401.28,14.62,21.61,553.55,2388.09,9049.32,1.3,47.5,521.54,2388.14,8124.62,8.4456,0.03,394,2388,100.0,38.64,23.4128,215
75,15,-0.0006,0.0003,100.0,518.67,642.68,1590.54,1408.6,14.62,21.61,553.92,2388.08,9043.54,1.3,47.61,521.52,2388.12,8123.34,8.4266,0.03,392,2388,100.0,38.95,23.2796,214
75,16,-0.0023,-0.0002,100.0,518.67,642.47,1590.97,1401.91,14.62,21.61,553.03,2388.1,9053.64,1.3,47.25,521.81,2388.08,8131.44,8.4216,0.03,393,2388,100.0,38.77,23.2824,213
75,17,0.0015,-0.0001,100.0,518.67,642.54,1589.68,1408.52,14.62,21.61,553.91,2388.05,9046.74,1.3,47.56,521.52,2388.04,8122.27,8.4391,0.03,392,2388,100.0,38.74,23.3395,212
75,18,-0.0039,0.0001,100.0,518.67,642.56,1588.87,1405.9,14.62,21.61,553.62,2388.13,9042.06,1.3,47.43,521.39,2388.12,8127.06,8.4368,0.03,393,2388,100.0,38.78,23.2307,211
75,19,-0.0005,-0.0005,100.0,518.67,642.69,1597.83,1406.85,14.62,21.61,553.57,2388.07,9041.53,1.3,47.51,521.48,2388.03,8125.8,8.4872,0.03,392,2388,100.0,38.82,23.1703,210
75,20,-0.0046,0.0002,100.0,518.67,642.51,1594.99,1408.83,14.62,21.61,554.35,2388.1,9039.13,1.3,47.4,521.04,2388.14,8127.74,8.4508,0.03,394,2388,100.0,38.78,23.2674,209
75,21,-0.0024,-0.0004,100.0,518.67,642.44,1592.53,1420.87,14.62,21.61,553.31,2388.14,9040.22,1.3,47.6,521.56,2388.11,8119.92,8.426,0.03,392,2388,100.0,38.95,23.3144,208
75,22,0.0013,0.0003,100.0,518.67,642.39,1587.18,1402.52,14.62,21.61,553.48,2388.09,9037.04,1.3,47.34,521.51,2388.14,8126.56,8.4603,0.03,393,2388,100.0,38.87,23.3685,207
75,23,-0.0002,0.0004,100.0,518.67,642.64,1587.76,1404.36,14.62,21.61,553.81,2388.13,9038.1,1.3,47.52,521.67,2388.07,8126.24,8.4201,0.03,393,2388,100.0,38.69,23.3583,206
75,24,0.0026,-0.0002,100.0,518.67,642.53,1590.9,1402.35,14.62,21.61,553.59,2388.15,9043.63,1.3,47.49,521.57,2388.12,8128.88,8.4353,0.03,393,2388,100.0,38.86,23.2487,205
75,25,0.0025,0.0003,100.0,518.67,642.47,1582.39,1400.39,14.62,21.61,553.32,2388.06,9044.92,1.3,47.43,521.73,2388.16,8129.76,8.4098,0.03,393,2388,100.0,38.9,23.2733,204
75,26,0.0015,0.0001,100.0,518.67,642.68,1591.18,1404.03,14.62,21.61,553.56,2388.13,9046.48,1.3,47.5,521.21,2388.1,8120.71,8.429,0.03,392,2388,100.0,38.68,23.3265,203
75,27,0.0014,-0.0003,100.0,518.67,642.17,1594.22,1409.44,14.62,21.61,553.32,2388.09,9042.68,1.3,47.37,521.25,2388.09,8123.0,8.451,0.03,393,2388,100.0,38.79,23.2463,202
75,28,0.002,-0.0002,100.0,518.67,642.23,1585.87,1408.75,14.62,21.61,553.5,2388.1,9049.27,1.3,47.37,521.75,2388.12,8121.42,8.4199,0.03,393,2388,100.0,38.85,23.3315,201
75,29,0.0034,-0.0001,100.0,518.67,642.64,1586.82,1405.48,14.62,21.61,554.08,2388.08,9046.15,1.3,47.47,521.71,2388.1,8121.83,8.4446,0.03,394,2388,100.0,38.81,23.3549,200
75,30,-0.0012,-0.0004,100.0,518.67,642.46,1581.54,1412.48,14.62,21.61,553.39,2388.11,9038.73,1.3,47.47,521.24,2388.13,8120.22,8.4698,0.03,392,2388,100.0,38.89,23.251,199
75,31,-0.0029,-0.0004,100.0,518.67,642.37,1585.53,1413.3,14.62,21.61,553.24,2388.15,9049.49,1.3,47.57,521.37,2388.1,8118.49,8.3968,0.03,392,2388,100.0,38.73,23.3385,198
75,32,0.0039,0.0003,100.0,518.67,642.4,1590.5,1405.33,14.62,21.61,553.78,2388.12,9036.2,1.3,47.64,522.02,2388.17,8118.9,8.4126,0.03,394,2388,100.0,38.77,23.2555,197
75,33,-0.0035,-0.0003,100.0,518.67,642.03,1587.15,1413.84,14.62,21.61,552.84,2388.12,9047.04,1.3,47.41,521.09,2388.1,8124.79,8.4357,0.03,393,2388,100.0,38.71,23.3136,196
75,34,-0.0009,-0.0004,100.0,518.67,642.45,1580.71,1405.26,14.62,21.61,553.65,2388.14,9046.13,1.3,47.6,521.24,2388.1,8123.45,8.4409,0.03,394,2388,100.0,38.81,23.3381,195
75,35,-0.0018,-0.0002,100.0,518.67,642.47,1592.67,1413.98,14.62,21.61,553.65,2388.16,9045.61,1.3,47.51,521.48,2388.15,8126.37,8.4634,0.03,392,2388,100.0,38.75,23.1933,194
75,36,0.0009,0.0003,100.0,518.67,642.83,1597.59,1406.13,14.62,21.61,553.58,2388.12,9044.81,1.3,47.56,521.73,2388.07,8127.3,8.4106,0.03,394,2388,100.0,38.85,23.4196,193
75,37,-0.0044,0.0005,100.0,518.67,642.72,1590.03,1401.26,14.62,21.61,553.65,2388.09,9046.82,1.3,47.54,521.67,2388.1,8122.57,8.4594,0.03,391,2388,100.0,38.8,23.3121,192
75,38,0.0004,-0.0002,100.0,518.67,642.75,1586.28,1408.76,14.62,21.61,553.24,2388.12,9045.86,1.3,47.42,521.32,2388.15,8120.88,8.4215,0.03,393,2388,100.0,38.84,23.213,191
75,39,0.0021,-0.0002,100.0,518.67,642.3,1587.0,1403.45,14.62,21.61,554.1,2388.14,9042.47,1.3,47.46,521.48,2388.09,8128.51,8.3925,0.03,392,2388,100.0,38.8,23.2519,190
75,40,0.0029,0.0002,100.0,518.67,642.38,1589.64,1408.81,14.62,21.61,553.72,2388.19,9044.28,1.3,47.59,521.61,2388.1,8126.88,8.4216,0.03,393,2388,100.0,38.89,23.3169,189
75,41,-0.0016,0.0002,100.0,518.67,642.24,1588.94,1403.8,14.62,21.61,553.98,2388.09,9035.25,1.3,47.47,521.55,2388.08,8126.19,8.4336,0.03,392,2388,100.0,38.62,23.3154,188
75,42,0.0042,-0.0004,100.0,518.67,642.42,1587.56,1410.79,14.62,21.61,553.27,2388.08,9045.68,1.3,47.57,521.49,2388.12,8123.19,8.4377,0.03,393,2388,100.0,38.77,23.4222,187
75,43,0.0034,-0.0003,100.0,518.67,643.09,1585.47,1407.01,14.62,21.61,553.42,2388.14,9040.33,1.3,47.54,521.54,2388.1,8120.5,8.3988,0.03,395,2388,100.0,39.0,23.3374,186
75,44,-0.0016,0.0003,100.0,518.67,642.5,1590.63,1407.94,14.62,21.61,553.49,2388.12,9042.85,1.3,47.49,521.18,2388.13,8123.1,8.4742,0.03,393,2388,100.0,38.93,23.3429,185
75,45,0.0019,-0.0004,100.0,518.67,643.01,1588.06,1411.18,14.62,21.61,553.0,2388.17,9047.97,1.3,47.56,520.69,2388.13,8123.43,8.4097,0.03,393,2388,100.0,38.81,23.2695,184
75,46,-0.0026,-0.0004,100.0,518.67,642.47,1593.21,1409.76,14.62,21.61,552.57,2388.16,9038.45,1.3,47.46,521.25,2388.13,8123.25,8.4229,0.03,392,2388,100.0,38.72,23.3038,183
75,47,0.0015,-0.0004,100.0,518.67,641.97,1589.95,1404.21,14.62,21.61,552.88,2388.15,9034.95,1.3,47.46,521.71,2388.12,8125.11,8.4222,0.03,394,2388,100.0,38.97,23.264,182
75,48,-0.0,0.0001,100.0,518.67,642.22,1589.96,1403.56,14.62,21.61,553.07,2388.14,9041.64,1.3,47.69,521.71,2388.16,8120.38,8.4329,0.03,393,2388,100.0,38.97,23.361,181
75,49,-0.0016,-0.0001,100.0,518.67,642.23,1584.88,1410.52,14.62,21.61,553.37,2388.13,9038.45,1.3,47.53,521.28,2388.11,8121.02,8.4285,0.03,395,2388,100.0,38.88,23.34,180
75,50,-0.0027,-0.0003,100.0,518.67,642.81,1596.21,1404.58,14.62,21.61,553.19,2388.12,9042.97,1.3,47.6,521.17,2388.14,8127.32,8.4117,0.03,393,2388,100.0,38.76,23.3472,179
75,51,-0.0002,0.0005,100.0,518.67,642.44,1592.46,1407.2,14.62,21.61,553.41,2388.13,9045.1,1.3,47.57,521.57,2388.09,8126.67,8.4693,0.03,392,2388,100.0,38.73,23.2797,178
75,52,0.002,0.0002,100.0,518.67,642.45,1589.51,1410.95,14.62,21.61,554.41,2388.13,9048.1,1.3,47.48,521.54,2388.18,8130.14,8.4366,0.03,393,2388,100.0,38.77,23.3394,177
75,53,0.0023,-0.0005,100.0,518.67,642.91,1588.96,1406.56,14.62,21.61,554.07,2388.13,9037.92,1.3,47.49,521.42,2388.11,8119.75,8.4235,0.03,393,2388,100.0,39.0,23.3193,176
75,54,-0.0016,0.0004,100.0,518.67,642.35,1582.68,1412.05,14.62,21.61,553.8,2388.11,9046.21,1.3,47.7,521.69,2388.14,8126.47,8.4249,0.03,393,2388,100.0,38.91,23.2647,175
75,55,0.0017,-0.0001,100.0,518.67,642.47,1586.26,1409.22,14.62,21.61,553.36,2388.09,9044.15,1.3,47.62,521.42,2388.13,8125.13,8.4517,0.03,392,2388,100.0,38.77,23.4278,174
75,56,-0.0,0.0001,100.0,518.67,643.07,1584.65,1404.88,14.62,21.61,553.73,2388.1,9046.14,1.3,47.54,521.78,2388.18,8121.34,8.4442,0.03,394,2388,100.0,38.91,23.2717,173
75,57,0.0008,-0.0004,100.0,518.67,643.13,1592.51,1402.31,14.62,21.61,553.35,2388.06,9043.13,1.3,47.48,521.5,2388.16,8120.58,8.4633,0.03,393,2388,100.0,39.04,23.3897,172
75,58,0.0027,0.0002,100.0,518.67,642.73,1589.93,1410.69,14.62,21.61,553.62,2388.1,9035.59,1.3,47.5,521.28,2388.2,8118.62,8.4314,0.03,392,2388,100.0,38.68,23.2983,171
75,59,0.0,0.0001,100.0,518.67,642.17,1593.36,1405.79,14.62,21.61,553.96,2388.16,9045.27,1.3,47.4,521.15,2388.13,8123.16,8.4287,0.03,392,2388,100.0,38.84,23.3721,170
75,60,-0.0005,0.0001,100.0,518.67,642.38,1587.19,1407.16,14.62,21.61,552.83,2388.13,9040.69,1.3,47.41,521.49,2388.09,8120.62,8.4347,0.03,394,2388,100.0,38.91,23.2298,169
75,61,0.0003,0.0001,100.0,518.67,642.46,1598.89,1406.58,14.62,21.61,553.85,2388.06,9046.39,1.3,47.58,521.38,2388.13,8126.97,8.4622,0.03,392,2388,100.0,38.86,23.2379,168
75,62,0.0035,-0.0004,100.0,518.67,642.19,1584.42,1411.25,14.62,21.61,554.01,2388.13,9045.79,1.3,47.37,521.3,2388.16,8125.55,8.4419,0.03,393,2388,100.0,38.72,23.2351,167
75,63,0.0006,-0.0003,100.0,518.67,642.95,1582.39,1406.52,14.62,21.61,553.35,2388.15,9040.85,1.3,47.76,521.35,2388.07,8119.88,8.4583,0.03,393,2388,100.0,39.02,23.3573,166
75,64,0.0001,0.0004,100.0,518.67,642.53,1590.31,1404.22,14.62,21.61,553.66,2388.11,9046.88,1.3,47.62,521.46,2388.17,8126.12,8.4442,0.03,393,2388,100.0,38.74,23.2201,165
75,65,-0.0018,0.0001,100.0,518.67,642.56,1586.48,1413.01,14.62,21.61,553.91,2388.13,9041.69,1.3,47.46,522.07,2388.04,8120.37,8.4096,0.03,393,2388,100.0,38.88,23.3891,164
75,66,0.0042,0.0002,100.0,518.67,642.58,1585.71,1403.16,14.62,21.61,553.63,2388.12,9044.27,1.3,47.57,521.69,2388.14,8119.0,8.4487,0.03,394,2388,100.0,39.03,23.3713,163
75,67,-0.001,0.0001,100.0,518.67,642.85,1586.13,1410.75,14.62,21.61,553.76,2388.16,9048.0,1.3,47.32,521.94,2388.12,8126.45,8.4341,0.03,393,2388,100.0,38.88,23.3569,162
75,68,-0.0006,-0.0005,100.0,518.67,642.92,1592.34,1414.84,14.62,21.61,553.87,2388.1,9049.35,1.3,47.62,521.26,2388.11,8117.81,8.4591,0.03,392,2388,100.0,38.91,23.356,161
75,69,-0.0018,0.0003,100.0,518.67,642.53,1589.59,1404.32,14.62,21.61,552.77,2388.11,9039.16,1.3,47.62,521.44,2388.13,8123.5,8.4434,0.03,392,2388,100.0,38.74,23.3309,160
75,70,-0.0022,-0.0001,100.0,518.67,642.64,1594.83,1408.52,14.62,21.61,554.14,2388.12,9044.02,1.3,47.6,521.66,2388.11,8131.18,8.4346,0.03,393,2388,100.0,38.75,23.2718,159
75,71,-0.0007,0.0003,100.0,518.67,642.29,1593.64,1405.12,14.62,21.61,552.81,2388.09,9047.16,1.3,47.61,521.58,2388.13,8126.62,8.4584,0.03,394,2388,100.0,38.96,23.3008,158
75,72,0.0032,-0.0004,100.0,518.67,642.39,1589.8,1408.87,14.62,21.61,553.37,2388.14,9042.75,1.3,47.48,521.6,2388.11,8128.12,8.4127,0.03,393,2388,100.0,38.85,23.2634,157
75,73,-0.0024,0.0001,100.0,518.67,642.84,1595.12,1411.97,14.62,21.61,553.55,2388.1,9040.62,1.3,47.44,521.1,2388.1,8120.54,8.4772,0.03,394,2388,100.0,38.75,23.2638,156
75,74,-0.0001,-0.0003,100.0,518.67,642.4,1586.66,1405.04,14.62,21.61,553.76,2388.1,9034.04,1.3,47.48,520.84,2388.12,8120.09,8.4348,0.03,391,2388,100.0,38.79,23.2009,155
75,75,-0.0013,0.0001,100.0,518.67,642.26,1594.3,1403.98,14.62,21.61,553.35,2388.13,9037.84,1.3,47.7,521.71,2388.11,8125.82,8.4434,0.03,394,2388,100.0,38.81,23.3079,154
75,76,-0.0036,0.0002,100.0,518.67,642.65,1590.89,1409.85,14.62,21.61,553.61,2388.16,9043.84,1.3,47.56,521.17,2388.17,8125.09,8.4433,0.03,393,2388,100.0,38.99,23.4086,153
75,77,-0.0019,-0.0003,100.0,518.67,642.51,1594.05,1410.93,14.62,21.61,553.51,2388.18,9040.34,1.3,47.79,521.39,2388.12,8119.54,8.3986,0.03,395,2388,100.0,38.86,23.3321,152
75,78,-0.0012,0.0002,100.0,518.67,642.65,1597.2,1405.47,14.62,21.61,553.8,2388.18,9037.7,1.3,47.48,521.3,2388.16,8120.5,8.4626,0.03,394,2388,100.0,38.9,23.3868,151
75,79,0.0033,0.0001,100.0,518.67,642.49,1592.1,1408.22,14.62,21.61,552.33,2388.12,9048.25,1.3,47.48,521.7,2388.11,8120.04,8.4521,0.03,394,2388,100.0,38.73,23.2556,150
75,80,0.0014,-0.0002,100.0,518.67,643.03,1595.21,1408.91,14.62,21.61,553.14,2388.11,9036.4,1.3,47.47,521.66,2388.13,8125.03,8.3924,0.03,394,2388,100.0,38.88,23.3604,149
75,81,-0.0022,0.0004,100.0,518.67,642.7,1591.64,1410.58,14.62,21.61,553.19,2388.1,9041.16,1.3,47.65,520.73,2388.11,8123.75,8.449,0.03,393,2388,100.0,38.64,23.2651,148
75,82,0.0023,-0.0005,100.0,518.67,642.86,1592.99,1413.86,14.62,21.61,553.73,2388.2,9045.9,1.3,47.51,521.31,2388.2,8125.35,8.4613,0.03,393,2388,100.0,38.8,23.3353,147
75,83,0.0014,-0.0002,100.0,518.67,642.88,1592.98,1414.39,14.62,21.61,552.67,2388.15,9041.98,1.3,47.43,521.42,2388.14,8121.62,8.4366,0.03,392,2388,100.0,38.76,23.271,146
75,84,0.0009,0.0004,100.0,518.67,642.78,1595.76,1406.17,14.62,21.61,553.87,2388.11,9036.02,1.3,47.51,521.91,2388.14,8125.51,8.4289,0.03,393,2388,100.0,38.74,23.2731,145
75,85,0.0029,-0.0002,100.0,518.67,642.83,1585.48,1412.8,14.62,21.61,553.04,2388.08,9038.51,1.3,47.46,521.61,2388.15,8124.1,8.4312,0.03,392,2388,100.0,38.95,23.3029,144
75,86,0.0006,0.0001,100.0,518.67,642.86,1578.91,1406.92,14.62,21.61,553.32,2388.1,9042.33,1.3,47.65,521.22,2388.13,8121.98,8.4634,0.03,394,2388,100.0,38.85,23.3135,143
75,87,-0.0002,-0.0004,100.0,518.67,642.65,1592.61,1407.44,14.62,21.61,553.5,2388.14,9035.75,1.3,47.52,521.5,2388.1,8122.18,8.4675,0.03,393,2388,100.0,38.63,23.4095,142
75,88,0.0025,-0.0001,100.0,518.67,642.53,1588.28,1407.71,14.62,21.61,552.83,2388.09,9050.19,1.3,47.49,521.5,2388.08,8120.0,8.4313,0.03,394,2388,100.0,38.78,23.3678,141
75,89,-0.0004,0.0001,100.0,518.67,642.66,1586.92,1416.08,14.62,21.61,553.4,2388.15,9044.31,1.3,47.56,521.16,2388.16,8125.29,8.4226,0.03,394,2388,100.0,38.89,23.322,140
75,90,0.0004,-0.0001,100.0,518.67,642.66,1583.44,1417.08,14.62,21.61,553.39,2388.14,9041.54,1.3,47.44,521.87,2388.14,8120.97,8.4283,0.03,393,2388,100.0,38.89,23.2849,139
75,91,-0.0027,0.0003,100.0,518.67,642.39,1586.94,1409.76,14.62,21.61,553.21,2388.13,9035.39,1.3,47.56,521.45,2388.16,8119.37,8.434,0.03,395,2388,100.0,38.75,23.2536,138
75,92,0.0009,0.0001,100.0,518.67,642.58,1592.09,1415.66,14.62,21.61,553.57,2388.14,9044.78,1.3,47.59,521.28,2388.09,8127.96,8.4342,0.03,395,2388,100.0,38.81,23.3212,137
75,93,0.0006,-0.0002,100.0,518.67,642.82,1588.72,1411.37,14.62,21.61,553.12,2388.13,9043.68,1.3,47.48,521.73,2388.11,8122.78,8.4705,0.03,392,2388,100.0,38.89,23.2251,136
75,94,-0.0007,-0.0,100.0,518.67,642.77,1588.74,1408.76,14.62,21.61,553.15,2388.17,9047.78,1.3,47.51,521.61,2388.1,8126.2,8.4622,0.03,394,2388,100.0,38.85,23.1845,135
75,95,-0.0004,0.0004,100.0,518.67,642.52,1581.54,1412.35,14.62,21.61,553.3,2388.19,9043.95,1.3,47.67,521.02,2388.15,8116.73,8.4662,0.03,395,2388,100.0,38.98,23.3584,134
75,96,-0.0011,-0.0001,100.0,518.67,642.54,1587.07,1404.55,14.62,21.61,553.94,2388.14,9037.76,1.3,47.52,521.18,2388.18,8131.23,8.4481,0.03,392,2388,100.0,38.7,23.355,133
75,97,0.0009,0.0002,100.0,518.67,642.84,1592.52,1406.73,14.62,21.61,553.66,2388.15,9045.91,1.3,47.56,521.19,2388.13,8123.19,8.4144,0.03,392,2388,100.0,38.79,23.41,132
75,98,-0.0015,0.0004,100.0,518.67,642.78,1593.34,1407.16,14.62,21.61,553.15,2388.11,9041.99,1.3,47.64,521.22,2388.11,8124.32,8.4334,0.03,392,2388,100.0,38.6,23.4189,131
75,99,-0.0031,0.0004,100.0,518.67,642.96,1586.07,1410.67,14.62,21.61,552.61,2388.1,9035.79,1.3,47.3,521.67,2388.09,8127.08,8.4341,0.03,393,2388,100.0,38.86,23.2544,130
75,100,-0.0011,-0.0002,100.0,518.67,642.9,1584.68,1405.65,14.62,21.61,553.47,2388.14,9037.64,1.3,47.58,521.43,2388.08,8127.68,8.4586,0.03,394,2388,100.0,38.95,23.1837,129
75,101,-0.0003,0.0,100.0,518.67,642.74,1592.48,1409.7,14.62,21.61,553.72,2388.17,9036.58,1.3,47.41,521.19,2388.17,8125.29,8.4336,0.03,392,2388,100.0,38.86,23.4707,128
75,102,0.0008,0.0002,100.0,518.67,643.01,1586.68,1408.29,14.62,21.61,553.93,2388.12,9039.56,1.3,47.73,521.75,2388.19,8121.5,8.4318,0.03,394,2388,100.0,38.83,23.3103,127
75,103,-0.0043,-0.0003,100.0,518.67,642.91,1599.13,1410.29,14.62,21.61,553.3,2388.09,9042.37,1.3,47.58,521.43,2388.12,8121.94,8.401,0.03,393,2388,100.0,38.87,23.3257,126
75,104,0.0041,-0.0004,100.0,518.67,642.59,1579.79,1414.04,14.62,21.61,552.8,2388.15,9052.67,1.3,47.55,521.13,2388.1,8122.97,8.4532,0.03,392,2388,100.0,38.86,23.2572,125
75,105,-0.0024,0.0001,100.0,518.67,642.64,1591.96,1412.82,14.62,21.61,553.64,2388.16,9043.75,1.3,47.71,521.38,2388.18,8125.39,8.4813,0.03,392,2388,100.0,38.81,23.2443,124
75,106,-0.0008,0.0004,100.0,518.67,642.65,1585.18,1408.59,14.62,21.61,553.04,2388.12,9042.95,1.3,47.46,521.36,2388.18,8118.79,8.4346,0.03,393,2388,100.0,38.65,23.3009,123
75,107,0.0018,0.0002,100.0,518.67,642.85,1594.64,1413.67,14.62,21.61,552.92,2388.13,9044.83,1.3,47.31,520.83,2388.12,8126.22,8.443,0.03,392,2388,100.0,38.81,23.3651,122
75,108,0.0001,-0.0002,100.0,518.67,642.75,1593.82,1410.94,14.62,21.61,553.6,2388.14,9044.2,1.3,47.57,520.91,2388.13,8118.7,8.4235,0.03,392,2388,100.0,38.89,23.2634,121
75,109,0.0003,0.0,100.0,518.67,642.6,1594.14,1408.99,14.62,21.61,553.35,2388.15,9046.85,1.3,47.47,521.09,2388.15,8123.76,8.4117,0.03,394,2388,100.0,38.74,23.3068,120
75,110,0.0009,0.0003,100.0,518.67,642.21,1589.32,1416.92,14.62,21.61,552.6,2388.13,9036.21,1.3,47.63,521.18,2388.08,8115.31,8.4143,0.03,395,2388,100.0,38.67,23.172,119
75,111,-0.0003,-0.0004,100.0,518.67,642.14,1588.76,1406.15,14.62,21.61,552.8,2388.12,9040.79,1.3,47.67,520.97,2388.17,8118.47,8.4766,0.03,394,2388,100.0,38.82,23.4102,118
75,112,-0.0002,-0.0003,100.0,518.67,642.4,1587.53,1409.57,14.62,21.61,553.15,2388.19,9045.31,1.3,47.63,521.23,2388.13,8129.82,8.4313,0.03,393,2388,100.0,38.84,23.1418,117
75,113,-0.001,-0.0002,100.0,518.67,642.74,1586.68,1412.68,14.62,21.61,552.77,2388.19,9036.54,1.3,47.57,521.52,2388.17,8121.03,8.4327,0.03,393,2388,100.0,38.66,23.379,116
75,114,0.002,0.0003,100.0,518.67,642.98,1590.2,1423.02,14.62,21.61,553.2,2388.15,9040.29,1.3,47.49,521.46,2388.14,8126.21,8.4677,0.03,393,2388,100.0,38.8,23.2364,115
75,115,-0.0033,-0.0004,100.0,518.67,642.74,1595.32,1415.52,14.62,21.61,552.79,2388.19,9040.33,1.3,47.71,521.33,2388.15,8121.47,8.4234,0.03,391,2388,100.0,38.83,23.3571,114
75,116,-0.0016,0.0,100.0,518.67,643.35,1580.43,1414.79,14.62,21.61,553.51,2388.11,9043.91,1.3,47.46,520.76,2388.18,8115.1,8.4308,0.03,393,2388,100.0,38.78,23.2583,113
75,117,0.0002,-0.0001,100.0,518.67,643.33,1588.5,1407.41,14.62,21.61,553.25,2388.15,9044.29,1.3,47.61,521.44,2388.19,8122.6,8.4479,0.03,394,2388,100.0,38.62,23.2458,112
75,118,-0.0004,-0.0001,100.0,518.67,642.63,1594.01,1412.72,14.62,21.61,553.52,2388.16,9041.68,1.3,47.43,521.46,2388.15,8116.97,8.4405,0.03,395,2388,100.0,38.85,23.3376,111
75,119,-0.0015,-0.0002,100.0,518.67,642.98,1590.29,1409.77,14.62,21.61,553.14,2388.13,9039.09,1.3,47.64,521.32,2388.11,8124.88,8.4467,0.03,393,2388,100.0,38.8,23.2048,110
75,120,0.0039,-0.0002,100.0,518.67,642.65,1593.23,1407.32,14.62,21.61,553.09,2388.15,9038.5,1.3,47.46,521.14,2388.14,8122.16,8.4722,0.03,394,2388,100.0,38.97,23.2277,109
75,121,-0.0025,0.0004,100.0,518.67,642.76,1590.7,1407.75,14.62,21.61,552.91,2388.13,9042.55,1.3,47.59,521.41,2388.14,8129.51,8.4365,0.03,393,2388,100.0,38.59,23.1774,108
75,122,-0.0029,0.0004,100.0,518.67,642.62,1591.98,1416.17,14.62,21.61,552.69,2388.1,9037.86,1.3,47.64,520.8,2388.14,8123.13,8.4223,0.03,393,2388,100.0,38.87,23.217,107
75,123,-0.0003,0.0004,100.0,518.67,642.84,1595.79,1410.97,14.62,21.61,552.75,2388.16,9039.05,1.3,47.8,521.34,2388.17,8120.97,8.4148,0.03,394,2388,100.0,39.03,23.2345,106
75,124,0.0036,0.0001,100.0,518.67,643.13,1595.5,1403.72,14.62,21.61,553.38,2388.16,9043.27,1.3,47.55,520.8,2388.13,8124.41,8.4603,0.03,393,2388,100.0,38.87,23.3049,105
75,125,-0.0032,-0.0001,100.0,518.67,642.63,1597.65,1414.48,14.62,21.61,553.27,2388.16,9036.55,1.3,47.6,520.8,2388.1,8128.07,8.4165,0.03,394,2388,100.0,38.83,23.2563,104
75,126,0.0001,0.0004,100.0,518.67,643.29,1595.36,1405.91,14.62,21.61,553.14,2388.1,9041.63,1.3,47.54,521.47,2388.14,8118.34,8.4402,0.03,393,2388,100.0,38.88,23.344,103
75,127,-0.0008,0.0002,100.0,518.67,642.61,1587.04,1411.51,14.62,21.61,553.08,2388.2,9043.48,1.3,47.73,521.13,2388.14,8126.03,8.4726,0.03,393,2388,100.0,38.84,23.3082,102
75,128,0.0014,0.0005,100.0,518.67,642.87,1591.05,1411.87,14.62,21.61,552.99,2388.12,9036.32,1.3,47.72,521.01,2388.16,8123.41,8.4675,0.03,394,2388,100.0,38.69,23.2386,101
75,129,-0.0012,-0.0002,100.0,518.67,642.22,1585.6,1413.68,14.62,21.61,553.26,2388.18,9043.35,1.3,47.65,521.04,2388.15,8126.83,8.4482,0.03,392,2388,100.0,38.67,23.2438,100
75,130,0.0019,-0.0004,100.0,518.67,642.6,1598.63,1414.38,14.62,21.61,552.66,2388.2,9033.68,1.3,47.72,521.25,2388.19,8120.92,8.4864,0.03,395,2388,100.0,38.8,23.3025,99
75,131,-0.002,0.0003,100.0,518.67,642.89,1588.55,1403.7,14.62,21.61,552.54,2388.17,9040.38,1.3,47.7,520.65,2388.14,8120.06,8.4425,0.03,393,2388,100.0,38.85,23.2916,98
75,132,-0.0005,0.0002,100.0,518.67,643.14,1590.41,1413.02,14.62,21.61,553.03,2388.16,9043.63,1.3,47.6,521.66,2388.16,8119.89,8.4438,0.03,393,2388,100.0,38.88,23.1907,97
75,133,0.0016,0.0005,100.0,518.67,642.82,1583.5,1406.51,14.62,21.61,553.61,2388.16,9036.28,1.3,47.68,521.02,2388.22,8125.55,8.4148,0.03,393,2388,100.0,38.93,23.1583,96
75,134,0.0011,-0.0004,100.0,518.67,642.72,1590.8,1411.5,14.62,21.61,553.69,2388.13,9042.59,1.3,47.59,520.37,2388.21,8121.66,8.4822,0.03,393,2388,100.0,38.72,23.2788,95
75,135,-0.0043,0.0001,100.0,518.67,642.57,1594.49,1413.86,14.62,21.61,553.02,2388.11,9038.89,1.3,47.73,521.19,2388.19,8122.35,8.4507,0.03,394,2388,100.0,38.69,23.3099,94
75,136,0.0012,-0.0001,100.0,518.67,642.45,1591.55,1407.95,14.62,21.61,553.19,2388.13,9038.98,1.3,47.75,521.05,2388.19,8121.69,8.4802,0.03,393,2388,100.0,38.75,23.2413,93
75,137,0.0005,-0.0001,100.0,518.67,643.7,1592.24,1413.75,14.62,21.61,553.05,2388.21,9041.11,1.3,47.78,520.94,2388.15,8117.24,8.4241,0.03,393,2388,100.0,38.72,23.357,92
75,138,0.0016,0.0004,100.0,518.67,642.95,1587.68,1417.96,14.62,21.61,552.68,2388.18,9039.54,1.3,47.87,521.06,2388.11,8120.97,8.4634,0.03,393,2388,100.0,38.64,23.2815,91
75,139,-0.0022,-0.0001,100.0,518.67,642.64,1590.89,1407.71,14.62,21.61,552.73,2388.19,9040.27,1.3,47.82,520.44,2388.18,8121.29,8.4753,0.03,393,2388,100.0,38.7,23.3358,90
75,140,-0.0038,0.0004,100.0,518.67,642.94,1591.7,1411.1,14.62,21.61,553.39,2388.16,9032.68,1.3,47.68,520.48,2388.16,8124.27,8.4806,0.03,393,2388,100.0,38.7,23.3186,89
75,141,-0.0012,-0.0001,100.0,518.67,643.54,1595.67,1412.7,14.62,21.61,552.51,2388.21,9040.49,1.3,47.72,521.09,2388.16,8119.47,8.4606,0.03,394,2388,100.0,38.83,23.2144,88
75,142,0.0009,-0.0,100.0,518.67,643.4,1596.1,1403.93,14.62,21.61,552.55,2388.16,9042.76,1.3,47.68,521.18,2388.17,8115.52,8.4382,0.03,393,2388,100.0,38.79,23.2243,87
75,143,0.0018,-0.0002,100.0,518.67,642.83,1593.63,1408.34,14.62,21.61,552.97,2388.19,9045.25,1.3,47.62,521.07,2388.18,8120.66,8.4598,0.03,394,2388,100.0,38.77,23.2463,86
75,144,0.0026,-0.0005,100.0,518.67,642.41,1590.98,1408.72,14.62,21.61,552.05,2388.17,9043.12,1.3,47.64,521.07,2388.17,8125.19,8.4525,0.03,393,2388,100.0,38.83,23.283,85
75,145,0.0004,0.0003,100.0,518.67,642.42,1586.4,1419.17,14.62,21.61,552.98,2388.19,9049.45,1.3,47.75,520.84,2388.11,8123.38,8.4527,0.03,395,2388,100.0,38.78,23.309,84
75,146,0.0017,-0.0001,100.0,518.67,642.78,1599.82,1409.41,14.62,21.61,552.87,2388.18,9038.52,1.3,47.66,521.05,2388.17,8126.17,8.4412,0.03,393,2388,100.0,38.79,23.1684,83
75,147,0.0003,-0.0004,100.0,518.67,643.44,1584.06,1415.64,14.62,21.61,553.1,2388.11,9035.79,1.3,47.46,520.92,2388.22,8119.5,8.5047,0.03,393,2388,100.0,38.65,23.213,82
75,148,-0.0015,-0.0001,100.0,518.67,643.13,1591.1,1410.53,14.62,21.61,553.61,2388.11,9046.61,1.3,47.59,520.88,2388.2,8126.82,8.4198,0.03,393,2388,100.0,38.87,23.3083,81
75,149,0.0005,-0.0001,100.0,518.67,642.92,1591.53,1418.03,14.62,21.61,552.54,2388.12,9040.11,1.3,47.91,520.94,2388.21,8117.78,8.4655,0.03,393,2388,100.0,38.71,23.3017,80
75,150,0.0,0.0004,100.0,518.67,642.73,1600.64,1417.08,14.62,21.61,553.05,2388.18,9045.25,1.3,47.68,521.32,2388.21,8126.17,8.4452,0.03,395,2388,100.0,38.61,23.325,79
75,151,0.0009,-0.0,100.0,518.67,643.32,1589.99,1412.2,14.62,21.61,552.52,2388.2,9035.15,1.3,47.61,521.6,2388.12,8116.98,8.4253,0.03,393,2388,100.0,38.74,23.2227,78
75,152,-0.0011,0.0003,100.0,518.67,643.13,1587.65,1414.76,14.62,21.61,553.16,2388.2,9043.83,1.3,47.7,521.42,2388.18,8123.91,8.468,0.03,394,2388,100.0,38.85,23.3352,77
75,153,0.003,-0.0003,100.0,518.67,642.79,1583.99,1412.49,14.62,21.61,552.61,2388.23,9046.34,1.3,47.54,521.33,2388.21,8116.31,8.4515,0.03,394,2388,100.0,38.77,23.2036,76
75,154,0.0032,-0.0005,100.0,518.67,642.73,1592.58,1413.46,14.62,21.61,553.04,2388.16,9048.62,1.3,47.73,521.14,2388.13,8118.96,8.4733,0.03,393,2388,100.0,38.73,23.2822,75
75,155,0.0002,-0.0004,100.0,518.67,642.88,1584.8,1414.22,14.62,21.61,552.14,2388.17,9042.18,1.3,47.67,520.56,2388.22,8120.62,8.4698,0.03,392,2388,100.0,38.88,23.2864,74
75,156,0.0007,-0.0001,100.0,518.67,643.17,1592.71,1416.71,14.62,21.61,553.17,2388.1,9034.41,1.3,47.55,521.01,2388.21,8113.13,8.4663,0.03,392,2388,100.0,38.82,23.1942,73
75,157,0.0032,0.0001,100.0,518.67,642.68,1593.73,1415.27,14.62,21.61,553.1,2388.16,9045.26,1.3,47.75,520.49,2388.18,8119.6,8.4468,0.03,391,2388,100.0,38.8,23.2172,72
75,158,-0.0017,-0.0004,100.0,518.67,643.01,1588.66,1412.1,14.62,21.61,552.84,2388.18,9039.58,1.3,47.57,520.96,2388.2,8113.02,8.4456,0.03,392,2388,100.0,38.71,23.23,71
75,159,-0.002,0.0004,100.0,518.67,642.98,1589.09,1415.11,14.62,21.61,552.83,2388.1,9046.36,1.3,47.63,521.12,2388.13,8124.0,8.4595,0.03,394,2388,100.0,38.57,23.2432,70
75,160,-0.0011,-0.0002,100.0,518.67,643.09,1593.9,1418.71,14.62,21.61,553.17,2388.19,9038.76,1.3,47.71,521.03,2388.18,8120.59,8.4713,0.03,395,2388,100.0,38.77,23.421,69
75,161,-0.0033,-0.0005,100.0,518.67,642.72,1594.05,1415.06,14.62,21.61,552.31,2388.17,9041.5,1.3,47.59,521.06,2388.19,8113.84,8.4656,0.03,394,2388,100.0,38.7,23.2723,68
75,162,0.0009,-0.0005,100.0,518.67,642.54,1587.69,1410.32,14.62,21.61,552.3,2388.2,9040.57,1.3,47.91,520.98,2388.17,8121.18,8.461,0.03,394,2388,100.0,38.71,23.316,67
75,163,-0.0039,-0.0005,100.0,518.67,643.31,1592.04,1422.15,14.62,21.61,552.32,2388.12,9043.76,1.3,47.76,521.09,2388.21,8116.44,8.4603,0.03,393,2388,100.0,38.92,23.3747,66
75,164,-0.0,-0.0001,100.0,518.67,643.18,1592.8,1426.87,14.62,21.61,552.03,2388.16,9036.9,1.3,47.75,520.31,2388.21,8121.07,8.4727,0.03,394,2388,100.0,38.56,23.3398,65
75,165,0.0017,0.0001,100.0,518.67,643.39,1592.41,1416.22,14.62,21.61,552.67,2388.21,9043.3,1.3,47.74,521.08,2388.16,8118.34,8.4415,0.03,395,2388,100.0,38.77,23.2238,64
75,166,-0.0021,-0.0004,100.0,518.67,642.84,1587.73,1408.89,14.62,21.61,552.5,2388.25,9047.19,1.3,47.73,521.0,2388.17,8122.17,8.4353,0.03,394,2388,100.0,38.84,23.2349,63
75,167,0.002,-0.0002,100.0,518.67,643.03,1592.91,1417.83,14.62,21.61,552.8,2388.18,9043.91,1.3,47.8,520.77,2388.23,8118.59,8.4813,0.03,393,2388,100.0,38.64,23.2612,62
75,168,0.0014,0.0004,100.0,518.67,643.16,1589.45,1420.61,14.62,21.61,552.12,2388.2,9038.62,1.3,47.74,520.51,2388.2,8118.46,8.4817,0.03,393,2388,100.0,38.85,23.2189,61
75,169,0.0022,0.0,100.0,518.67,643.1,1595.43,1415.69,14.62,21.61,553.25,2388.16,9029.07,1.3,47.79,521.33,2388.25,8118.36,8.4625,0.03,392,2388,100.0,38.62,23.242,60
75,170,-0.0005,-0.0004,100.0,518.67,643.15,1592.35,1414.46,14.62,21.61,552.57,2388.19,9042.07,1.3,47.56,521.28,2388.24,8118.47,8.4747,0.03,394,2388,100.0,38.67,23.2704,59
75,171,-0.0003,-0.0,100.0,518.67,642.89,1589.06,1421.1,14.62,21.61,552.86,2388.22,9041.04,1.3,47.93,520.54,2388.18,8123.12,8.481,0.03,395,2388,100.0,38.48,23.2491,58
75,172,0.0008,-0.0005,100.0,518.67,642.9,1592.32,1417.92,14.62,21.61,552.25,2388.14,9037.22,1.3,47.91,520.61,2388.21,8111.67,8.4368,0.03,396,2388,100.0,38.56,23.1613,57
75,173,-0.0002,0.0004,100.0,518.67,643.45,1594.97,1414.64,14.62,21.61,552.47,2388.16,9041.99,1.3,47.77,520.75,2388.17,8124.22,8.4654,0.03,394,2388,100.0,38.47,23.3322,56
75,174,0.001,0.0004,100.0,518.67,642.81,1591.42,1411.71,14.62,21.61,552.34,2388.18,9039.12,1.3,47.76,521.2,2388.17,8120.29,8.4931,0.03,394,2388,100.0,38.55,23.24,55
75,175,-0.0023,-0.0002,100.0,518.67,643.74,1592.11,1420.25,14.62,21.61,552.99,2388.24,9040.47,1.3,47.83,520.64,2388.23,8116.08,8.4554,0.03,395,2388,100.0,38.58,23.3063,54
75,176,0.0002,0.0005,100.0,518.67,642.8,1593.3,1415.56,14.62,21.61,552.14,2388.21,9033.1,1.3,47.77,520.61,2388.22,8117.57,8.4697,0.03,394,2388,100.0,38.75,23.1901,53
75,177,-0.0005,0.0002,100.0,518.67,642.98,1597.43,1414.24,14.62,21.61,551.96,2388.16,9048.83,1.3,47.81,520.2,2388.24,8116.99,8.4666,0.03,394,2388,100.0,38.52,23.3035,52
75,178,0.0031,0.0,100.0,518.67,642.57,1598.31,1417.41,14.62,21.61,551.53,2388.18,9038.09,1.3,47.89,520.84,2388.21,8112.82,8.4517,0.03,393,2388,100.0,38.72,23.2433,51
75,179,0.0016,0.0,100.0,518.67,642.92,1589.18,1415.33,14.62,21.61,552.7,2388.23,9027.72,1.3,47.78,520.43,2388.24,8119.76,8.4688,0.03,395,2388,100.0,38.72,23.213,50
75,180,0.0018,-0.0003,100.0,518.67,643.02,1592.36,1422.54,14.62,21.61,552.59,2388.17,9035.28,1.3,47.99,520.29,2388.15,8110.72,8.4905,0.03,394,2388,100.0,38.77,23.1624,49
75,181,-0.0009,-0.0005,100.0,518.67,642.97,1598.01,1419.42,14.62,21.61,552.39,2388.2,9038.56,1.3,47.72,519.97,2388.2,8115.41,8.4615,0.03,393,2388,100.0,38.81,23.107,48
75,182,-0.0016,0.0002,100.0,518.67,643.04,1596.44,1427.8,14.62,21.61,552.45,2388.18,9041.65,1.3,47.86,519.96,2388.21,8119.35,8.5263,0.03,395,2388,100.0,38.52,23.181,47
75,183,-0.0023,-0.0001,100.0,518.67,643.08,1592.79,1420.41,14.62,21.61,552.11,2388.2,9040.43,1.3,47.97,520.85,2388.18,8114.94,8.4471,0.03,395,2388,100.0,38.48,23.1118,46
75,184,-0.0037,0.0001,100.0,518.67,643.54,1594.84,1414.23,14.62,21.61,552.57,2388.2,9025.22,1.3,47.87,520.77,2388.24,8111.89,8.4632,0.03,396,2388,100.0,38.73,23.1799,45
75,185,-0.0005,0.0002,100.0,518.67,643.55,1603.15,1415.6,14.62,21.61,552.28,2388.25,9041.05,1.3,47.75,520.47,2388.25,8118.74,8.4761,0.03,396,2388,100.0,38.61,23.1402,44
75,186,-0.0,-0.0001,100.0,518.67,642.47,1594.11,1412.71,14.62,21.61,551.77,2388.25,9045.21,1.3,47.71,520.61,2388.23,8112.98,8.5335,0.03,394,2388,100.0,38.63,23.2189,43
75,187,0.0013,-0.0003,100.0,518.67,643.2,1593.02,1421.63,14.62,21.61,552.28,2388.23,9036.18,1.3,47.73,520.84,2388.24,8120.01,8.4817,0.03,394,2388,100.0,38.51,23.0487,42
75,188,0.0,0.0004,100.0,518.67,642.8,1594.94,1419.67,14.62,21.61,552.17,2388.26,9039.84,1.3,47.86,520.4,2388.25,8118.31,8.4495,0.03,395,2388,100.0,38.54,23.2814,41
75,189,-0.0007,-0.0005,100.0,518.67,643.12,1587.54,1421.9,14.62,21.61,552.32,2388.3,9042.92,1.3,47.94,520.6,2388.2,8113.77,8.5052,0.03,395,2388,100.0,38.62,23.2234,40
75,190,-0.0036,-0.0001,100.0,518.67,643.5,1599.07,1417.74,14.62,21.61,552.48,2388.18,9039.18,1.3,47.95,520.41,2388.23,8116.91,8.47,0.03,394,2388,100.0,38.6,23.2514,39
75,191,0.0004,-0.0003,100.0,518.67,643.19,1598.88,1414.65,14.62,21.61,552.39,2388.25,9037.04,1.3,47.97,520.31,2388.24,8114.26,8.4477,0.03,395,2388,100.0,38.62,23.0844,38
75,192,0.0011,0.0002,100.0,518.67,642.53,1601.87,1429.08,14.62,21.61,552.28,2388.23,9041.7,1.3,47.81,520.48,2388.25,8116.61,8.4949,0.03,396,2388,100.0,38.69,23.1947,37
75,193,-0.0011,-0.0002,100.0,518.67,643.69,1597.99,1420.7,14.62,21.61,552.16,2388.21,9044.06,1.3,47.83,520.57,2388.31,8117.07,8.4749,0.03,396,2388,100.0,38.5,23.0929,36
75,194,0.0027,-0.0003,100.0,518.67,643.04,1593.99,1416.44,14.62,21.61,552.27,2388.24,9046.31,1.3,47.93,520.56,2388.27,8117.43,8.4254,0.03,396,2388,100.0,38.77,23.1885,35
75,195,-0.0019,-0.0003,100.0,518.67,643.76,1592.44,1416.76,14.62,21.61,552.23,2388.22,9034.63,1.3,47.94,520.39,2388.19,8110.12,8.4725,0.03,395,2388,100.0,38.62,23.1601,34
75,196,0.0011,-0.0005,100.0,518.67,643.13,1604.22,1421.77,14.62,21.61,552.46,2388.28,9036.38,1.3,47.84,520.68,2388.23,8117.88,8.5183,0.03,396,2388,100.0,38.56,23.1879,33
75,197,-0.0003,0.0001,100.0,518.67,643.48,1605.88,1418.96,14.62,21.61,552.02,2388.22,9036.94,1.3,47.93,519.98,2388.22,8111.41,8.4579,0.03,395,2388,100.0,38.48,23.1612,32
75,198,-0.0003,0.0002,100.0,518.67,643.37,1602.25,1421.32,14.62,21.61,552.03,2388.25,9036.95,1.3,48.0,520.54,2388.25,8109.82,8.4568,0.03,396,2388,100.0,38.68,23.2021,31
75,199,-0.0003,0.0002,100.0,518.67,642.91,1600.45,1419.43,14.62,21.61,552.14,2388.27,9043.98,1.3,47.83,520.32,2388.24,8116.71,8.4633,0.03,393,2388,100.0,38.42,23.0859,30
75,200,0.0011,0.0004,100.0,518.67,643.85,1604.02,1423.04,14.62,21.61,551.8,2388.22,9045.64,1.3,47.95,520.31,2388.19,8113.72,8.4714,0.03,395,2388,100.0,38.71,23.2285,29
75,201,-0.0003,-0.0005,100.0,518.67,643.62,1594.8,1424.92,14.62,21.61,551.74,2388.22,9037.15,1.3,47.98,520.45,2388.23,8108.45,8.4727,0.03,396,2388,100.0,38.68,23.0928,28
75,202,-0.0019,0.0003,100.0,518.67,643.45,1595.81,1420.5,14.62,21.61,552.0,2388.27,9036.65,1.3,47.92,520.27,2388.27,8111.93,8.5054,0.03,395,2388,100.0,38.57,23.144,27
75,203,-0.0012,-0.0005,100.0,518.67,643.23,1600.32,1419.41,14.62,21.61,552.28,2388.27,9029.81,1.3,48.05,520.32,2388.25,8111.06,8.4989,0.03,397,2388,100.0,38.51,23.1062,26
75,204,0.001,-0.0,100.0,518.67,643.58,1595.64,1427.97,14.62,21.61,551.73,2388.24,9034.63,1.3,48.08,520.14,2388.25,8113.17,8.4977,0.03,395,2388,100.0,38.41,23.0632,25
75,205,0.0018,0.0002,100.0,518.67,643.68,1604.14,1422.42,14.62,21.61,552.21,2388.31,9037.35,1.3,48.04,520.52,2388.21,8111.45,8.5177,0.03,396,2388,100.0,38.35,23.1404,24
75,206,0.0006,0.0001,100.0,518.67,642.96,1593.0,1426.96,14.62,21.61,552.83,2388.29,9037.47,1.3,47.92,519.99,2388.28,8115.79,8.5388,0.03,394,2388,100.0,38.42,23.1302,23
75,207,0.0022,-0.0001,100.0,518.67,643.51,1596.41,1424.5,14.62,21.61,552.29,2388.25,9033.9,1.3,48.02,520.19,2388.28,8107.63,8.4619,0.03,396,2388,100.0,38.43,23.1438,22
75,208,0.0016,0.0004,100.0,518.67,643.68,1599.12,1421.41,14.62,21.61,551.41,2388.3,9033.82,1.3,47.97,519.97,2388.29,8114.12,8.4878,0.03,397,2388,100.0,38.39,23.0905,21
75,209,0.0003,0.0004,100.0,518.67,643.37,1600.45,1427.14,14.62,21.61,552.04,2388.29,9039.25,1.3,48.04,519.81,2388.28,8114.19,8.5039,0.03,395,2388,100.0,38.44,23.0935,20
75,210,0.0015,-0.0003,100.0,518.67,643.33,1597.06,1421.11,14.62,21.61,551.58,2388.28,9023.85,1.3,48.0,519.78,2388.25,8113.05,8.4916,0.03,396,2388,100.0,38.53,23.1442,19
75,211,0.0003,0.0003,100.0,518.67,643.09,1596.78,1429.36,14.62,21.61,551.31,2388.3,9041.95,1.3,48.1,519.78,2388.26,8108.93,8.5308,0.03,395,2388,100.0,38.48,23.1597,18
75,212,-0.0005,-0.0002,100.0,518.67,643.36,1593.54,1421.55,14.62,21.61,551.59,2388.22,9036.66,1.3,47.99,519.72,2388.31,8110.75,8.5259,0.03,396,2388,100.0,38.64,23.1695,17
75,213,0.0027,-0.0003,100.0,518.67,642.91,1595.59,1422.28,14.62,21.61,551.81,2388.27,9034.85,1.3,47.91,520.08,2388.27,8110.53,8.527,0.03,397,2388,100.0,38.5,23.0658,16
75,214,-0.0014,0.0003,100.0,518.67,643.73,1597.8,1429.92,14.62,21.61,551.48,2388.25,9039.02,1.3,48.0,519.17,2388.25,8113.77,8.4956,0.03,395,2388,100.0,38.52,23.0597,15
75,215,0.0006,-0.0,100.0,518.67,643.31,1590.79,1430.12,14.62,21.61,551.15,2388.24,9028.31,1.3,48.22,519.78,2388.25,8105.81,8.4974,0.03,394,2388,100.0,38.62,23.0685,14
75,216,0.0001,0.0003,100.0,518.67,643.04,1593.37,1426.54,14.62,21.61,551.46,2388.28,9030.09,1.3,47.96,519.87,2388.35,8110.9,8.4698,0.03,396,2388,100.0,38.41,23.1539,13
75,217,-0.0018,-0.0002,100.0,518.67,643.6,1596.2,1430.28,14.62,21.61,551.43,2388.27,9027.88,1.3,47.79,520.18,2388.28,8105.24,8.5033,0.03,397,2388,100.0,38.7,23.0906,12
75,218,0.0014,-0.0,100.0,518.67,643.18,1601.18,1425.31,14.62,21.61,551.92,2388.3,9034.96,1.3,47.86,519.37,2388.29,8110.18,8.4929,0.03,396,2388,100.0,38.57,23.1274,11
75,219,-0.0006,0.0001,100.0,518.67,643.47,1593.08,1423.98,14.62,21.61,551.26,2388.32,9025.29,1.3,48.23,519.85,2388.27,8112.2,8.4941,0.03,395,2388,100.0,38.48,23.0289,10
75,220,-0.0032,0.0004,100.0,518.67,643.83,1600.76,1431.75,14.62,21.61,551.4,2388.31,9037.06,1.3,48.11,519.88,2388.32,8112.19,8.496,0.03,396,2388,100.0,38.51,23.0755,9
75,221,0.0018,0.0001,100.0,518.67,643.48,1599.18,1424.78,14.62,21.61,550.92,2388.25,9031.31,1.3,48.16,519.78,2388.28,8108.82,8.5074,0.03,397,2388,100.0,38.51,23.0398,8
75,222,0.002,0.0003,100.0,518.67,644.3,1599.91,1429.07,14.62,21.61,551.58,2388.3,9038.87,1.3,48.18,520.17,2388.27,8110.74,8.531,0.03,396,2388,100.0,38.56,23.2221,7
75,223,0.0011,0.0,100.0,518.67,643.6,1600.67,1430.09,14.62,21.61,551.4,2388.33,9027.1,1.3,48.21,519.49,2388.32,8110.53,8.4993,0.03,395,2388,100.0,38.52,23.1294,6
75,224,-0.0018,0.0001,100.0,518.67,643.67,1601.78,1419.34,14.62,21.61,551.28,2388.25,9028.94,1.3,48.32,519.56,2388.31,8116.15,8.5208,0.03,396,2388,100.0,38.32,23.0523,5
75,225,0.0041,0.0,100.0,518.67,643.53,1608.32,1429.83,14.62,21.61,551.68,2388.31,9030.3,1.3,48.08,519.61,2388.32,8107.23,8.5226,0.03,396,2388,100.0,38.52,23.0416,4
75,226,0.0034,-0.0004,100.0,518.67,643.64,1598.52,1435.58,14.62,21.61,550.48,2388.33,9027.5,1.3,48.18,519.55,2388.3,8114.4,8.4952,0.03,396,2388,100.0,38.57,23.1892,3
75,227,0.0002,-0.0002,100.0,518.67,643.84,1601.44,1426.63,14.62,21.61,551.22,2388.32,9024.42,1.3,48.09,519.19,2388.24,8106.69,8.5127,0.03,397,2388,100.0,38.4,23.1277,2
75,228,-0.0016,-0.0001,100.0,518.67,644.23,1595.88,1430.03,14.62,21.61,551.06,2388.33,9031.15,1.3,48.08,519.24,2388.32,8108.51,8.5158,0.03,398,2388,100.0,38.48,23.0978,1
75,229,0.0003,0.0001,100.0,518.67,643.7,1600.8,1433.1,14.62,21.61,552.04,2388.31,9026.08,1.3,48.22,519.51,2388.3,8104.78,8.5097,0.03,395,2388,100.0,38.57,23.0341,0
76,1,0.0005,0.0,100.0,518.67,642.66,1585.01,1411.33,14.62,21.61,554.11,2388.12,9054.53,1.3,47.5,521.51,2388.1,8128.52,8.4346,0.03,393,2388,100.0,38.75,23.3154,209
76,2,0.0034,-0.0002,100.0,518.67,642.24,1589.03,1411.7,14.62,21.61,553.24,2388.13,9056.49,1.3,47.71,521.38,2388.11,8129.09,8.4192,0.03,394,2388,100.0,38.79,23.3319,208
76,3,-0.0014,-0.0004,100.0,518.67,642.92,1597.35,1404.75,14.62,21.61,553.55,2388.06,9059.17,1.3,47.44,521.89,2388.08,8137.35,8.473,0.03,393,2388,100.0,38.88,23.2503,207
76,4,-0.0042,0.0001,100.0,518.67,642.92,1598.29,1407.19,14.62,21.61,553.94,2388.01,9061.95,1.3,47.36,521.86,2388.1,8134.24,8.4419,0.03,393,2388,100.0,38.77,23.3645,206
76,5,-0.0001,0.0004,100.0,518.67,642.42,1590.91,1408.04,14.62,21.61,553.17,2388.15,9050.41,1.3,47.34,521.83,2388.12,8134.47,8.4566,0.03,394,2388,100.0,38.73,23.3993,205
76,6,0.0006,0.0001,100.0,518.67,642.6,1590.97,1404.87,14.62,21.61,553.27,2388.08,9054.86,1.3,47.32,520.76,2388.09,8135.55,8.4539,0.03,393,2388,100.0,38.79,23.279,204
76,7,-0.0023,-0.0004,100.0,518.67,642.27,1595.97,1409.9,14.62,21.61,553.24,2388.1,9057.46,1.3,47.39,521.15,2388.09,8128.33,8.4195,0.03,392,2388,100.0,38.8,23.3957,203
76,8,0.0002,-0.0003,100.0,518.67,642.73,1593.1,1409.33,14.62,21.61,553.91,2388.13,9056.95,1.3,47.62,521.7,2388.07,8131.54,8.4268,0.03,393,2388,100.0,38.7,23.4049,202
76,9,-0.0008,-0.0003,100.0,518.67,642.93,1594.11,1407.76,14.62,21.61,553.28,2388.13,9057.0,1.3,47.4,521.39,2388.11,8134.52,8.4215,0.03,394,2388,100.0,38.83,23.303,201
76,10,-0.003,0.0004,100.0,518.67,642.66,1586.93,1410.44,14.62,21.61,553.06,2388.13,9053.21,1.3,47.36,521.38,2388.08,8133.26,8.5026,0.03,394,2388,100.0,38.96,23.3141,200
76,11,0.0007,0.0003,100.0,518.67,642.87,1583.32,1404.44,14.62,21.61,553.7,2388.08,9059.04,1.3,47.53,521.43,2388.13,8128.92,8.4178,0.03,391,2388,100.0,38.96,23.3043,199
76,12,0.0003,-0.0001,100.0,518.67,642.96,1590.68,1406.24,14.62,21.61,553.98,2388.1,9052.12,1.3,47.44,521.53,2388.14,8129.72,8.4189,0.03,394,2388,100.0,38.75,23.3658,198
76,13,-0.0007,-0.0001,100.0,518.67,642.74,1587.61,1404.4,14.62,21.61,553.15,2388.12,9052.98,1.3,47.53,521.5,2388.07,8133.89,8.4424,0.03,393,2388,100.0,38.71,23.418,197
76,14,-0.0055,0.0001,100.0,518.67,642.63,1581.53,1409.47,14.62,21.61,553.16,2388.1,9050.7,1.3,47.64,521.43,2388.14,8131.74,8.4431,0.03,393,2388,100.0,38.66,23.3179,196
76,15,0.0027,-0.0001,100.0,518.67,642.55,1596.42,1411.75,14.62,21.61,552.98,2388.1,9049.21,1.3,47.38,521.67,2388.1,8129.45,8.4212,0.03,392,2388,100.0,38.83,23.2887,195
76,16,0.0008,0.0005,100.0,518.67,642.84,1588.74,1412.99,14.62,21.61,553.04,2388.05,9049.55,1.3,47.57,521.96,2388.14,8135.66,8.4322,0.03,393,2388,100.0,38.77,23.3078,194
76,17,-0.0007,0.0001,100.0,518.67,642.92,1585.8,1412.45,14.62,21.61,553.25,2388.15,9055.05,1.3,47.42,521.47,2388.07,8130.44,8.437,0.03,394,2388,100.0,38.81,23.2183,193
76,18,-0.0007,0.0002,100.0,518.67,642.72,1590.76,1408.55,14.62,21.61,553.02,2388.1,9056.81,1.3,47.57,521.62,2388.1,8129.78,8.4581,0.03,393,2388,100.0,38.77,23.3008,192
76,19,0.0013,0.0005,100.0,518.67,642.42,1597.76,1413.46,14.62,21.61,553.1,2388.11,9041.42,1.3,47.5,521.43,2388.08,8126.68,8.4156,0.03,392,2388,100.0,38.85,23.3492,191
76,20,0.0029,-0.0004,100.0,518.67,643.13,1594.17,1412.77,14.62,21.61,553.27,2388.1,9042.24,1.3,47.35,521.31,2388.12,8137.36,8.4145,0.03,394,2388,100.0,39.06,23.1958,190
76,21,-0.0001,-0.0003,100.0,518.67,642.52,1599.13,1409.64,14.62,21.61,553.15,2388.11,9051.67,1.3,47.46,521.48,2388.09,8130.88,8.4379,0.03,392,2388,100.0,38.62,23.3327,189
76,22,-0.0043,0.0001,100.0,518.67,642.44,1594.32,1408.64,14.62,21.61,553.57,2388.12,9056.58,1.3,47.65,521.27,2388.13,8126.53,8.4504,0.03,394,2388,100.0,38.96,23.2354,188
76,23,-0.0027,0.0003,100.0,518.67,642.97,1585.85,1410.55,14.62,21.61,553.63,2388.1,9048.04,1.3,47.61,521.26,2388.18,8133.11,8.4696,0.03,394,2388,100.0,38.74,23.4387,187
76,24,-0.0,-0.0002,100.0,518.67,642.54,1586.57,1410.16,14.62,21.61,552.92,2388.14,9050.75,1.3,47.61,521.06,2388.12,8130.84,8.4809,0.03,393,2388,100.0,38.78,23.3079,186
76,25,0.0019,0.0003,100.0,518.67,642.56,1595.93,1415.39,14.62,21.61,553.56,2388.1,9053.24,1.3,47.68,521.39,2388.12,8133.69,8.4362,0.03,393,2388,100.0,38.81,23.2934,185
76,26,0.0026,-0.0002,100.0,518.67,642.99,1585.34,1404.41,14.62,21.61,553.01,2388.13,9047.89,1.3,47.69,521.75,2388.14,8129.43,8.4612,0.03,394,2388,100.0,38.88,23.371,184
76,27,0.0006,0.0001,100.0,518.67,642.99,1593.2,1408.09,14.62,21.61,553.69,2388.13,9056.06,1.3,47.4,521.05,2388.11,8131.09,8.4698,0.03,394,2388,100.0,38.8,23.2755,183
76,28,0.0047,0.0005,100.0,518.67,642.65,1592.03,1404.77,14.62,21.61,552.35,2388.12,9050.53,1.3,47.6,521.03,2388.11,8127.1,8.4234,0.03,394,2388,100.0,38.72,23.2718,182
76,29,-0.0008,-0.0003,100.0,518.67,642.84,1592.65,1404.43,14.62,21.61,554.01,2388.07,9056.25,1.3,47.47,521.48,2388.12,8134.66,8.4613,0.03,394,2388,100.0,38.89,23.3389,181
76,30,0.0004,-0.0001,100.0,518.67,642.52,1588.03,1412.88,14.62,21.61,553.67,2388.09,9048.38,1.3,47.4,521.54,2388.09,8133.67,8.4777,0.03,392,2388,100.0,38.88,23.2997,180
76,31,0.0036,-0.0003,100.0,518.67,643.1,1595.99,1403.25,14.62,21.61,553.55,2388.11,9051.59,1.3,47.55,521.39,2388.11,8134.13,8.4742,0.03,392,2388,100.0,38.74,23.2797,179
76,32,-0.0008,-0.0004,100.0,518.67,642.13,1587.33,1407.38,14.62,21.61,553.73,2388.15,9052.85,1.3,47.34,521.87,2388.09,8132.37,8.4468,0.03,391,2388,100.0,38.77,23.2616,178
76,33,-0.0007,0.0002,100.0,518.67,642.9,1592.25,1408.43,14.62,21.61,552.6,2388.07,9054.88,1.3,47.49,521.57,2388.15,8133.21,8.4216,0.03,393,2388,100.0,38.84,23.3688,177
76,34,0.0027,0.0001,100.0,518.67,642.82,1593.27,1404.06,14.62,21.61,553.35,2388.1,9054.0,1.3,47.49,521.26,2388.1,8133.88,8.4595,0.03,391,2388,100.0,38.95,23.3993,176
76,35,-0.0018,0.0001,100.0,518.67,643.48,1594.35,1405.63,14.62,21.61,553.67,2388.11,9038.25,1.3,47.62,521.4,2388.12,8128.35,8.4319,0.03,393,2388,100.0,38.83,23.228,175
76,36,-0.0031,-0.0,100.0,518.67,642.27,1596.96,1412.44,14.62,21.61,553.26,2388.12,9053.66,1.3,47.46,521.32,2388.11,8137.08,8.4542,0.03,393,2388,100.0,38.86,23.296,174
76,37,-0.0033,0.0002,100.0,518.67,642.37,1594.92,1405.4,14.62,21.61,553.35,2388.12,9048.37,1.3,47.41,521.45,2388.17,8130.44,8.4547,0.03,392,2388,100.0,38.81,23.2922,173
76,38,-0.001,0.0003,100.0,518.67,642.57,1587.17,1407.76,14.62,21.61,553.26,2388.12,9047.43,1.3,47.53,521.63,2388.08,8133.43,8.4569,0.03,392,2388,100.0,38.9,23.323,172
76,39,0.0003,0.0002,100.0,518.67,642.57,1586.89,1410.08,14.62,21.61,553.29,2388.13,9049.99,1.3,47.33,520.9,2388.1,8134.57,8.4329,0.03,393,2388,100.0,38.79,23.3617,171
76,40,-0.0039,0.0003,100.0,518.67,642.37,1585.96,1405.02,14.62,21.61,554.15,2388.06,9054.8,1.3,47.49,521.72,2388.11,8131.7,8.3906,0.03,393,2388,100.0,38.84,23.3559,170
76,41,-0.0049,0.0001,100.0,518.67,642.98,1588.15,1409.31,14.62,21.61,553.54,2388.14,9051.79,1.3,47.54,521.61,2388.13,8129.57,8.4366,0.03,393,2388,100.0,38.88,23.3428,169
76,42,-0.0004,0.0004,100.0,518.67,643.0,1585.76,1405.81,14.62,21.61,553.07,2388.1,9049.33,1.3,47.69,521.52,2388.13,8130.75,8.4412,0.03,394,2388,100.0,38.74,23.3329,168
76,43,-0.0006,-0.0003,100.0,518.67,642.59,1592.42,1415.56,14.62,21.61,553.35,2388.12,9057.42,1.3,47.56,521.22,2388.14,8133.02,8.4454,0.03,393,2388,100.0,38.85,23.2917,167
76,44,0.0006,0.0004,100.0,518.67,642.71,1594.12,1400.38,14.62,21.61,553.49,2388.1,9046.24,1.3,47.57,521.22,2388.1,8127.61,8.43,0.03,393,2388,100.0,38.82,23.3395,166
76,45,0.0008,-0.0003,100.0,518.67,642.01,1586.67,1408.74,14.62,21.61,553.07,2388.1,9048.21,1.3,47.38,521.29,2388.07,8134.74,8.4361,0.03,394,2388,100.0,38.83,23.2113,165
76,46,-0.0023,0.0003,100.0,518.67,642.26,1592.61,1410.41,14.62,21.61,553.34,2388.12,9042.96,1.3,47.5,521.81,2388.12,8127.57,8.4718,0.03,394,2388,100.0,38.91,23.1718,164
76,47,-0.0012,-0.0003,100.0,518.67,641.92,1594.19,1404.22,14.62,21.61,552.58,2388.1,9053.22,1.3,47.46,521.26,2388.1,8136.01,8.4553,0.03,394,2388,100.0,38.67,23.3395,163
76,48,-0.0031,0.0004,100.0,518.67,643.0,1595.6,1405.91,14.62,21.61,553.09,2388.11,9054.31,1.3,47.43,521.49,2388.14,8133.6,8.4684,0.03,393,2388,100.0,38.99,23.3191,162
76,49,0.0006,-0.0002,100.0,518.67,642.31,1586.18,1412.48,14.62,21.61,552.89,2388.13,9045.15,1.3,47.68,522.08,2388.1,8132.71,8.4241,0.03,393,2388,100.0,38.78,23.2968,161
76,50,0.0006,0.0005,100.0,518.67,642.57,1588.53,1410.53,14.62,21.61,552.95,2388.14,9053.61,1.3,47.64,520.9,2388.14,8126.49,8.4563,0.03,394,2388,100.0,38.87,23.2504,160
76,51,0.0012,-0.0001,100.0,518.67,642.41,1591.03,1400.94,14.62,21.61,553.44,2388.1,9056.84,1.3,47.64,520.91,2388.13,8132.19,8.4468,0.03,393,2388,100.0,39.02,23.326,159
76,52,-0.0008,-0.0001,100.0,518.67,642.37,1594.0,1409.15,14.62,21.61,553.81,2388.11,9047.66,1.3,47.49,520.89,2388.2,8135.83,8.4269,0.03,393,2388,100.0,38.73,23.2435,158
76,53,-0.0007,-0.0003,100.0,518.67,642.79,1591.52,1412.96,14.62,21.61,553.29,2388.13,9050.53,1.3,47.48,521.05,2388.1,8123.43,8.4413,0.03,393,2388,100.0,38.8,23.2195,157
76,54,0.0044,-0.0003,100.0,518.67,642.94,1590.52,1404.03,14.62,21.61,553.46,2388.11,9057.11,1.3,47.41,521.37,2388.09,8138.2,8.4749,0.03,395,2388,100.0,38.92,23.2926,156
76,55,-0.0033,-0.0003,100.0,518.67,642.36,1595.88,1415.52,14.62,21.61,553.72,2388.1,9054.08,1.3,47.6,521.4,2388.09,8138.88,8.4418,0.03,393,2388,100.0,39.11,23.2651,155
76,56,-0.0006,-0.0004,100.0,518.67,642.25,1589.25,1412.42,14.62,21.61,553.88,2388.15,9043.21,1.3,47.45,521.88,2388.18,8131.61,8.4807,0.03,392,2388,100.0,38.6,23.2946,154
76,57,-0.0018,0.0005,100.0,518.67,642.92,1596.27,1412.96,14.62,21.61,553.16,2388.16,9052.47,1.3,47.52,521.53,2388.13,8132.44,8.4055,0.03,393,2388,100.0,38.82,23.1924,153
76,58,0.0022,-0.0002,100.0,518.67,642.69,1587.2,1407.79,14.62,21.61,553.67,2388.15,9056.9,1.3,47.63,521.33,2388.12,8127.69,8.4679,0.03,393,2388,100.0,38.58,23.2039,152
76,59,-0.0028,0.0005,100.0,518.67,642.24,1583.07,1411.29,14.62,21.61,553.19,2388.18,9050.13,1.3,47.75,521.67,2388.1,8131.95,8.5063,0.03,394,2388,100.0,38.76,23.3354,151
76,60,0.0003,-0.0002,100.0,518.67,642.25,1596.54,1409.59,14.62,21.61,553.63,2388.12,9050.72,1.3,47.55,521.69,2388.11,8136.19,8.4352,0.03,392,2388,100.0,38.91,23.3398,150
76,61,-0.0016,-0.0003,100.0,518.67,642.83,1591.85,1417.72,14.62,21.61,553.94,2388.15,9052.27,1.3,47.56,521.7,2388.1,8129.53,8.4457,0.03,391,2388,100.0,38.91,23.433,149
76,62,-0.0,0.0,100.0,518.67,642.5,1593.24,1408.79,14.62,21.61,553.16,2388.11,9052.37,1.3,47.48,521.01,2388.14,8129.31,8.4584,0.03,393,2388,100.0,38.88,23.2914,148
76,63,0.0013,-0.0,100.0,518.67,642.75,1594.93,1408.51,14.62,21.61,553.51,2388.11,9055.2,1.3,47.52,521.58,2388.2,8127.21,8.4532,0.03,393,2388,100.0,38.78,23.1078,147
76,64,0.0011,-0.0002,100.0,518.67,642.98,1591.32,1402.14,14.62,21.61,553.54,2388.16,9051.94,1.3,47.63,521.04,2388.16,8134.06,8.4247,0.03,394,2388,100.0,39.03,23.2873,146
76,65,-0.0004,0.0003,100.0,518.67,642.3,1591.88,1399.65,14.62,21.61,554.41,2388.11,9054.34,1.3,47.42,521.48,2388.04,8139.87,8.4286,0.03,391,2388,100.0,38.66,23.1976,145
76,66,0.0016,0.0002,100.0,518.67,642.52,1590.53,1411.91,14.62,21.61,553.04,2388.1,9062.81,1.3,47.77,521.26,2388.09,8129.2,8.4151,0.03,392,2388,100.0,38.8,23.2512,144
76,67,0.0045,0.0004,100.0,518.67,643.14,1593.91,1407.38,14.62,21.61,553.82,2388.15,9055.31,1.3,47.6,520.91,2388.16,8128.78,8.4577,0.03,395,2388,100.0,38.71,23.2325,143
76,68,0.0043,0.0001,100.0,518.67,642.65,1579.04,1406.14,14.62,21.61,553.21,2388.16,9043.91,1.3,47.56,520.81,2388.16,8130.2,8.465,0.03,393,2388,100.0,38.91,23.3583,142
76,69,0.0012,0.0,100.0,518.67,642.44,1589.48,1412.9,14.62,21.61,553.84,2388.14,9058.06,1.3,47.69,521.46,2388.06,8135.09,8.3935,0.03,392,2388,100.0,38.75,23.3611,141
76,70,0.0003,-0.0002,100.0,518.67,642.64,1592.01,1405.8,14.62,21.61,553.39,2388.12,9052.95,1.3,47.6,521.31,2388.1,8135.18,8.4309,0.03,393,2388,100.0,38.89,23.3464,140
76,71,-0.0005,-0.0003,100.0,518.67,642.71,1595.72,1405.8,14.62,21.61,552.55,2388.15,9052.65,1.3,47.7,521.31,2388.12,8137.7,8.4213,0.03,394,2388,100.0,38.77,23.2961,139
76,72,-0.0005,-0.0002,100.0,518.67,643.28,1588.28,1408.26,14.62,21.61,552.84,2388.14,9050.53,1.3,47.76,521.63,2388.12,8132.43,8.4663,0.03,393,2388,100.0,38.91,23.2862,138
76,73,0.0003,0.0004,100.0,518.67,642.49,1594.55,1407.24,14.62,21.61,553.21,2388.14,9052.55,1.3,47.72,520.74,2388.11,8133.55,8.4536,0.03,394,2388,100.0,38.81,23.3352,137
76,74,-0.0011,-0.0002,100.0,518.67,642.58,1586.85,1415.08,14.62,21.61,552.95,2388.08,9055.03,1.3,47.72,521.23,2388.13,8134.38,8.456,0.03,393,2388,100.0,38.64,23.2748,136
76,75,0.0022,-0.0004,100.0,518.67,643.02,1591.5,1409.7,14.62,21.61,553.2,2388.09,9053.73,1.3,47.57,521.15,2388.08,8133.23,8.4653,0.03,394,2388,100.0,38.86,23.3982,135
76,76,0.0007,-0.0002,100.0,518.67,643.16,1597.66,1410.62,14.62,21.61,553.81,2388.12,9051.66,1.3,47.43,521.57,2388.1,8131.48,8.4344,0.03,392,2388,100.0,38.94,23.3026,134
76,77,-0.0,0.0005,100.0,518.67,642.71,1592.49,1407.34,14.62,21.61,553.45,2388.12,9054.01,1.3,47.47,521.7,2388.08,8134.83,8.4545,0.03,394,2388,100.0,38.94,23.37,133
76,78,-0.0043,-0.0004,100.0,518.67,642.67,1590.02,1418.2,14.62,21.61,552.73,2388.11,9049.45,1.3,47.5,521.18,2388.06,8130.81,8.447,0.03,395,2388,100.0,38.77,23.3318,132
76,79,-0.003,0.0001,100.0,518.67,642.59,1594.75,1416.18,14.62,21.61,552.16,2388.14,9063.12,1.3,47.65,521.54,2388.11,8132.08,8.4303,0.03,394,2388,100.0,38.78,23.3279,131
76,80,0.0019,-0.0,100.0,518.67,642.06,1590.42,1412.23,14.62,21.61,553.16,2388.16,9055.12,1.3,47.63,521.5,2388.11,8132.4,8.4116,0.03,395,2388,100.0,38.8,23.272,130
76,81,0.0039,0.0004,100.0,518.67,643.21,1591.66,1409.26,14.62,21.61,553.59,2388.09,9053.31,1.3,47.68,521.46,2388.09,8135.35,8.4456,0.03,395,2388,100.0,38.68,23.3865,129
76,82,0.0005,0.0002,100.0,518.67,642.56,1587.65,1407.49,14.62,21.61,553.51,2388.13,9053.44,1.3,47.34,521.12,2388.1,8135.61,8.4474,0.03,392,2388,100.0,38.95,23.3009,128
76,83,0.0038,0.0002,100.0,518.67,642.31,1588.36,1410.64,14.62,21.61,553.55,2388.1,9057.98,1.3,47.47,521.54,2388.14,8132.03,8.4371,0.03,394,2388,100.0,38.89,23.1608,127
76,84,0.0007,-0.0002,100.0,518.67,642.86,1581.31,1407.42,14.62,21.61,553.7,2388.08,9047.55,1.3,47.59,521.16,2388.12,8128.22,8.448,0.03,392,2388,100.0,38.73,23.3365,126
76,85,-0.0031,-0.0001,100.0,518.67,642.6,1587.36,1418.11,14.62,21.61,553.59,2388.12,9051.09,1.3,47.88,521.15,2388.11,8133.28,8.4395,0.03,393,2388,100.0,38.77,23.2519,125
76,86,-0.0004,-0.0003,100.0,518.67,642.81,1590.36,1410.71,14.62,21.61,553.07,2388.14,9051.95,1.3,47.69,521.2,2388.12,8130.26,8.4384,0.03,393,2388,100.0,38.76,23.2774,124
76,87,-0.0014,-0.0003,100.0,518.67,642.38,1587.63,1408.85,14.62,21.61,553.37,2388.12,9054.63,1.3,47.45,521.24,2388.1,8127.08,8.4443,0.03,393,2388,100.0,38.93,23.2359,123
76,88,0.0,0.0003,100.0,518.67,643.54,1582.14,1407.79,14.62,21.61,553.33,2388.12,9052.04,1.3,47.56,521.29,2388.14,8134.28,8.4349,0.03,394,2388,100.0,38.83,23.3718,122
76,89,-0.0009,0.0001,100.0,518.67,642.77,1597.12,1407.87,14.62,21.61,552.53,2388.12,9051.38,1.3,47.47,521.21,2388.11,8133.86,8.4556,0.03,394,2388,100.0,38.55,23.3751,121
76,90,0.0001,-0.0003,100.0,518.67,642.59,1589.06,1398.85,14.62,21.61,553.09,2388.12,9050.61,1.3,47.69,520.44,2388.15,8126.81,8.4204,0.03,393,2388,100.0,38.75,23.2093,120
76,91,0.004,-0.0001,100.0,518.67,643.12,1593.62,1413.26,14.62,21.61,553.0,2388.17,9052.53,1.3,47.6,520.8,2388.17,8127.59,8.4238,0.03,392,2388,100.0,38.65,23.203,119
76,92,0.0014,-0.0,100.0,518.67,643.25,1593.4,1416.45,14.62,21.61,553.41,2388.15,9048.71,1.3,47.57,521.31,2388.12,8131.24,8.4445,0.03,393,2388,100.0,38.89,23.3191,118
76,93,0.001,-0.0003,100.0,518.67,642.67,1592.08,1407.74,14.62,21.61,552.76,2388.14,9057.48,1.3,47.7,521.36,2388.16,8130.7,8.4549,0.03,392,2388,100.0,38.61,23.2614,117
76,94,-0.0001,0.0005,100.0,518.67,642.81,1592.55,1408.59,14.62,21.61,553.76,2388.15,9055.95,1.3,47.57,521.33,2388.1,8131.8,8.4577,0.03,393,2388,100.0,38.76,23.2419,116
76,95,0.0001,-0.0,100.0,518.67,642.48,1592.86,1412.31,14.62,21.61,553.05,2388.15,9053.43,1.3,47.64,521.2,2388.1,8128.08,8.4868,0.03,393,2388,100.0,38.7,23.3668,115
76,96,-0.0021,-0.0002,100.0,518.67,642.72,1592.69,1413.44,14.62,21.61,552.91,2388.12,9049.6,1.3,47.53,520.94,2388.17,8137.11,8.4517,0.03,393,2388,100.0,38.83,23.2039,114
76,97,0.0048,-0.0002,100.0,518.67,642.78,1590.59,1405.01,14.62,21.61,553.35,2388.06,9053.31,1.3,47.66,520.77,2388.15,8128.83,8.4473,0.03,394,2388,100.0,38.8,23.332,113
76,98,0.0032,-0.0002,100.0,518.67,642.95,1586.11,1409.39,14.62,21.61,553.36,2388.15,9051.41,1.3,47.91,521.02,2388.13,8135.33,8.4335,0.03,395,2388,100.0,38.86,23.346,112
76,99,-0.0018,0.0,100.0,518.67,642.57,1596.96,1415.76,14.62,21.61,553.65,2388.12,9045.47,1.3,47.56,520.85,2388.14,8133.48,8.4158,0.03,394,2388,100.0,38.72,23.3114,111
76,100,0.002,-0.0004,100.0,518.67,642.31,1593.01,1412.16,14.62,21.61,552.8,2388.11,9053.5,1.3,47.74,520.6,2388.17,8132.24,8.4655,0.03,393,2388,100.0,38.96,23.1812,110
76,101,0.0009,0.0002,100.0,518.67,642.8,1591.09,1413.31,14.62,21.61,553.05,2388.18,9053.77,1.3,47.89,521.5,2388.13,8132.84,8.4483,0.03,393,2388,100.0,38.88,23.2478,109
76,102,-0.0019,0.0003,100.0,518.67,643.3,1591.86,1410.6,14.62,21.61,552.84,2388.16,9051.61,1.3,47.32,521.23,2388.1,8135.5,8.4668,0.03,393,2388,100.0,38.9,23.2498,108
76,103,0.0037,-0.0002,100.0,518.67,642.87,1590.79,1407.79,14.62,21.61,553.04,2388.15,9053.15,1.3,47.53,521.27,2388.11,8135.23,8.4504,0.03,393,2388,100.0,38.76,23.2178,107
76,104,-0.0009,-0.0003,100.0,518.67,642.7,1591.14,1410.51,14.62,21.61,553.26,2388.14,9056.53,1.3,47.52,520.84,2388.13,8131.89,8.4786,0.03,394,2388,100.0,38.98,23.1878,106
76,105,-0.0011,0.0004,100.0,518.67,643.38,1595.96,1415.93,14.62,21.61,552.83,2388.09,9054.58,1.3,47.51,520.98,2388.15,8131.3,8.4467,0.03,393,2388,100.0,38.78,23.2631,105
76,106,0.002,-0.0002,100.0,518.67,641.8,1589.79,1411.88,14.62,21.61,553.64,2388.14,9057.41,1.3,47.57,521.65,2388.14,8134.81,8.4555,0.03,392,2388,100.0,38.76,23.1816,104
76,107,-0.0054,0.0003,100.0,518.67,641.83,1596.35,1414.59,14.62,21.61,552.64,2388.12,9053.56,1.3,47.56,520.63,2388.13,8133.5,8.459,0.03,394,2388,100.0,38.86,23.2324,103
76,108,-0.0037,0.0,100.0,518.67,643.38,1586.86,1406.66,14.62,21.61,553.73,2388.14,9053.9,1.3,47.6,521.17,2388.15,8136.35,8.4384,0.03,393,2388,100.0,38.84,23.2493,102
76,109,0.0024,0.0001,100.0,518.67,642.61,1588.91,1409.06,14.62,21.61,552.75,2388.1,9049.06,1.3,47.47,521.06,2388.14,8130.2,8.4455,0.03,394,2388,100.0,38.75,23.2443,101
76,110,-0.0015,-0.0,100.0,518.67,642.89,1586.45,1413.74,14.62,21.61,552.89,2388.17,9053.17,1.3,47.66,521.3,2388.13,8133.94,8.4534,0.03,393,2388,100.0,38.68,23.2586,100
76,111,-0.0011,0.0004,100.0,518.67,643.23,1593.21,1409.76,14.62,21.61,552.0,2388.18,9052.94,1.3,47.68,521.36,2388.14,8125.19,8.4363,0.03,393,2388,100.0,38.76,23.3244,99
76,112,-0.002,0.0003,100.0,518.67,642.79,1589.74,1401.48,14.62,21.61,553.05,2388.15,9051.89,1.3,47.71,521.1,2388.14,8129.89,8.4461,0.03,394,2388,100.0,38.8,23.1334,98
76,113,0.0013,-0.0002,100.0,518.67,642.36,1592.78,1412.07,14.62,21.61,552.88,2388.12,9056.57,1.3,47.71,521.5,2388.15,8135.32,8.4508,0.03,394,2388,100.0,38.64,23.2386,97
76,114,-0.0015,-0.0,100.0,518.67,643.15,1591.32,1417.0,14.62,21.61,552.97,2388.15,9056.75,1.3,47.65,520.76,2388.14,8129.33,8.4543,0.03,393,2388,100.0,38.73,23.2524,96
76,115,-0.0016,-0.0002,100.0,518.67,642.85,1585.78,1407.9,14.62,21.61,553.44,2388.08,9054.09,1.3,47.83,520.88,2388.11,8135.14,8.4655,0.03,393,2388,100.0,38.73,23.2693,95
76,116,-0.0019,0.0004,100.0,518.67,642.64,1599.91,1417.13,14.62,21.61,552.98,2388.14,9053.55,1.3,47.66,521.07,2388.14,8130.66,8.4542,0.03,394,2388,100.0,38.73,23.3121,94
76,117,-0.0035,0.0004,100.0,518.67,643.08,1593.6,1410.02,14.62,21.61,553.06,2388.16,9053.7,1.3,47.87,520.79,2388.18,8130.51,8.4398,0.03,394,2388,100.0,38.76,23.3358,93
76,118,0.0007,0.0002,100.0,518.67,642.88,1594.06,1410.93,14.62,21.61,553.06,2388.09,9053.63,1.3,47.63,520.68,2388.13,8129.36,8.4522,0.03,394,2388,100.0,38.67,23.2947,92
76,119,0.0008,-0.0004,100.0,518.67,642.47,1595.02,1417.37,14.62,21.61,552.61,2388.19,9054.98,1.3,47.71,521.17,2388.15,8127.67,8.4655,0.03,393,2388,100.0,38.88,23.2062,91
76,120,-0.0027,-0.0003,100.0,518.67,643.23,1590.11,1412.59,14.62,21.61,553.54,2388.08,9053.1,1.3,47.78,520.95,2388.11,8132.56,8.472,0.03,393,2388,100.0,38.63,23.3322,90
76,121,-0.0004,0.0002,100.0,518.67,642.67,1595.6,1406.64,14.62,21.61,553.37,2388.09,9058.82,1.3,47.72,520.99,2388.15,8135.71,8.4439,0.03,394,2388,100.0,38.79,23.1428,89
76,122,0.0008,-0.0001,100.0,518.67,642.92,1590.01,1419.4,14.62,21.61,553.33,2388.16,9055.58,1.3,47.66,520.93,2388.15,8134.7,8.4438,0.03,392,2388,100.0,38.79,23.2056,88
76,123,0.0004,0.0002,100.0,518.67,642.39,1600.49,1411.59,14.62,21.61,553.17,2388.17,9055.24,1.3,47.63,521.43,2388.18,8129.3,8.4395,0.03,393,2388,100.0,38.77,23.2957,87
76,124,0.0001,-0.0001,100.0,518.67,643.18,1588.77,1415.77,14.62,21.61,552.78,2388.13,9053.81,1.3,47.76,521.05,2388.21,8128.12,8.4565,0.03,393,2388,100.0,38.78,23.229,86
76,125,-0.0002,-0.0003,100.0,518.67,643.4,1594.35,1412.86,14.62,21.61,552.83,2388.17,9054.26,1.3,47.67,521.31,2388.22,8134.81,8.4618,0.03,393,2388,100.0,38.79,23.2217,85
76,126,0.0005,-0.0003,100.0,518.67,642.57,1595.55,1404.5,14.62,21.61,553.38,2388.17,9058.71,1.3,47.64,520.63,2388.16,8134.5,8.448,0.03,392,2388,100.0,38.66,23.3534,84
76,127,-0.0005,-0.0002,100.0,518.67,642.93,1587.23,1409.22,14.62,21.61,553.31,2388.14,9049.68,1.3,47.63,521.03,2388.17,8130.77,8.462,0.03,392,2388,100.0,38.75,23.1908,83
76,128,-0.0016,-0.0003,100.0,518.67,642.83,1591.49,1410.86,14.62,21.61,553.49,2388.06,9054.46,1.3,47.6,521.18,2388.22,8129.66,8.479,0.03,393,2388,100.0,38.56,23.3528,82
76,129,-0.0049,-0.0002,100.0,518.67,642.54,1590.63,1414.98,14.62,21.61,553.05,2388.14,9047.63,1.3,47.7,520.89,2388.22,8134.38,8.4424,0.03,392,2388,100.0,38.79,23.2753,81
76,130,-0.0025,0.0002,100.0,518.67,643.09,1597.94,1412.81,14.62,21.61,553.5,2388.16,9050.97,1.3,47.61,520.61,2388.15,8131.2,8.4686,0.03,393,2388,100.0,38.77,23.32,80
76,131,-0.0003,0.0005,100.0,518.67,642.98,1587.01,1414.17,14.62,21.61,552.92,2388.16,9056.28,1.3,47.73,520.41,2388.13,8133.41,8.4555,0.03,396,2388,100.0,38.67,23.2392,79
76,132,0.0002,-0.0,100.0,518.67,643.05,1585.52,1418.37,14.62,21.61,552.65,2388.2,9054.21,1.3,47.74,521.07,2388.17,8131.85,8.4791,0.03,394,2388,100.0,38.62,23.1721,78
76,133,0.0005,0.0,100.0,518.67,643.44,1593.34,1417.59,14.62,21.61,552.62,2388.2,9049.01,1.3,47.69,520.83,2388.17,8132.84,8.4721,0.03,395,2388,100.0,38.58,23.1817,77
76,134,0.0012,-0.0002,100.0,518.67,642.92,1589.07,1406.79,14.62,21.61,552.67,2388.12,9056.12,1.3,47.7,521.31,2388.19,8127.36,8.4648,0.03,393,2388,100.0,38.67,23.1807,76
76,135,-0.0027,-0.0001,100.0,518.67,643.12,1595.07,1404.9,14.62,21.61,553.3,2388.13,9058.29,1.3,47.67,520.75,2388.13,8130.33,8.4346,0.03,395,2388,100.0,38.8,23.1851,75
76,136,-0.0038,0.0004,100.0,518.67,643.03,1591.58,1414.83,14.62,21.61,552.86,2388.16,9060.84,1.3,47.74,520.95,2388.11,8135.97,8.467,0.03,393,2388,100.0,38.84,23.2181,74
76,137,0.0018,-0.0001,100.0,518.67,643.08,1585.51,1422.7,14.62,21.61,552.63,2388.15,9049.74,1.3,47.87,520.9,2388.09,8135.29,8.4617,0.03,394,2388,100.0,38.63,23.1657,73
76,138,0.0048,-0.0001,100.0,518.67,642.96,1589.14,1410.09,14.62,21.61,552.9,2388.21,9056.46,1.3,47.73,520.61,2388.12,8132.35,8.4992,0.03,395,2388,100.0,38.69,23.254,72
76,139,0.0014,0.0002,100.0,518.67,643.14,1597.68,1420.06,14.62,21.61,552.27,2388.23,9057.91,1.3,47.85,520.54,2388.17,8126.77,8.4498,0.03,395,2388,100.0,38.85,23.2628,71
76,140,0.0009,0.0002,100.0,518.67,643.04,1597.59,1409.48,14.62,21.61,552.14,2388.14,9050.52,1.3,47.6,521.31,2388.08,8137.63,8.4624,0.03,396,2388,100.0,38.67,23.2327,70
76,141,0.0012,-0.0002,100.0,518.67,642.47,1594.46,1414.03,14.62,21.61,552.96,2388.16,9053.47,1.3,47.73,521.23,2388.15,8133.44,8.4483,0.03,395,2388,100.0,38.58,23.2474,69
76,142,0.0026,-0.0004,100.0,518.67,642.86,1594.47,1414.87,14.62,21.61,552.26,2388.23,9051.47,1.3,47.75,520.9,2388.19,8131.91,8.4631,0.03,395,2388,100.0,38.59,23.1432,68
76,143,0.0029,-0.0003,100.0,518.67,642.61,1591.33,1409.84,14.62,21.61,552.92,2388.16,9050.03,1.3,47.82,521.01,2388.12,8132.12,8.4651,0.03,394,2388,100.0,38.64,23.1782,67
76,144,0.0047,0.0001,100.0,518.67,643.05,1595.93,1414.19,14.62,21.61,552.39,2388.22,9055.16,1.3,47.64,520.63,2388.16,8135.28,8.4754,0.03,395,2388,100.0,38.65,23.2123,66
76,145,0.0011,0.0003,100.0,518.67,643.1,1600.23,1413.91,14.62,21.61,553.06,2388.14,9060.68,1.3,47.75,521.34,2388.17,8131.37,8.4498,0.03,394,2388,100.0,38.81,23.2351,65
76,146,0.0012,0.0,100.0,518.67,642.81,1585.03,1412.32,14.62,21.61,553.39,2388.21,9056.05,1.3,47.76,520.76,2388.14,8134.74,8.4567,0.03,395,2388,100.0,38.66,23.2175,64
76,147,-0.0011,0.0003,100.0,518.67,643.14,1591.83,1427.18,14.62,21.61,552.97,2388.13,9054.31,1.3,47.75,521.05,2388.1,8129.44,8.5261,0.03,394,2388,100.0,38.84,23.1752,63
76,148,-0.0032,-0.0004,100.0,518.67,643.21,1592.54,1409.79,14.62,21.61,553.03,2388.16,9052.29,1.3,47.8,520.52,2388.16,8132.37,8.4875,0.03,393,2388,100.0,38.71,23.1783,62
76,149,0.0003,-0.0001,100.0,518.67,642.65,1594.84,1416.43,14.62,21.61,552.65,2388.15,9058.93,1.3,47.73,520.6,2388.15,8126.81,8.465,0.03,394,2388,100.0,38.79,23.2704,61
76,150,0.002,0.0004,100.0,518.67,643.17,1592.61,1413.11,14.62,21.61,551.96,2388.14,9058.35,1.3,47.76,520.35,2388.21,8130.88,8.4794,0.03,394,2388,100.0,38.78,23.3216,60
76,151,0.0014,-0.0001,100.0,518.67,642.83,1587.82,1418.34,14.62,21.61,552.64,2388.16,9045.17,1.3,47.83,521.0,2388.23,8130.68,8.4283,0.03,394,2388,100.0,38.82,23.2632,59
76,152,-0.001,-0.0001,100.0,518.67,642.98,1601.75,1407.12,14.62,21.61,552.35,2388.21,9058.21,1.3,47.63,520.31,2388.16,8128.98,8.4895,0.03,392,2388,100.0,38.82,23.1542,58
76,153,-0.0013,0.0003,100.0,518.67,642.67,1594.61,1419.68,14.62,21.61,553.04,2388.18,9053.4,1.3,47.74,520.59,2388.19,8127.18,8.494,0.03,396,2388,100.0,38.83,23.2066,57
76,154,0.0012,0.0005,100.0,518.67,643.25,1598.99,1417.56,14.62,21.61,551.64,2388.17,9048.87,1.3,47.7,520.1,2388.19,8130.64,8.4809,0.03,395,2388,100.0,38.56,23.172,56
76,155,-0.0013,0.0005,100.0,518.67,643.05,1588.4,1418.81,14.62,21.61,552.39,2388.16,9046.81,1.3,47.61,520.61,2388.2,8130.89,8.4631,0.03,394,2388,100.0,38.74,23.1329,55
76,156,-0.0005,-0.0,100.0,518.67,643.21,1594.88,1414.96,14.62,21.61,552.73,2388.19,9055.22,1.3,47.8,520.45,2388.17,8125.7,8.4621,0.03,394,2388,100.0,38.54,23.2717,54
76,157,0.0008,-0.0001,100.0,518.67,643.13,1596.61,1421.11,14.62,21.61,552.63,2388.2,9052.12,1.3,47.8,521.01,2388.22,8134.65,8.4859,0.03,393,2388,100.0,38.66,23.2268,53
76,158,0.0005,-0.0001,100.0,518.67,643.02,1588.92,1417.37,14.62,21.61,552.96,2388.19,9052.47,1.3,47.58,520.5,2388.18,8130.22,8.5018,0.03,394,2388,100.0,38.48,23.1817,52
76,159,0.0039,-0.0004,100.0,518.67,642.98,1591.58,1414.0,14.62,21.61,552.42,2388.15,9052.34,1.3,48.02,520.43,2388.21,8126.42,8.4528,0.03,396,2388,100.0,38.54,23.2539,51
76,160,0.0008,0.0001,100.0,518.67,643.16,1596.66,1423.69,14.62,21.61,552.36,2388.17,9061.04,1.3,47.73,520.66,2388.21,8133.9,8.5102,0.03,395,2388,100.0,38.68,23.2148,50
76,161,-0.0008,0.0003,100.0,518.67,642.9,1598.75,1412.0,14.62,21.61,552.83,2388.14,9053.48,1.3,47.63,520.9,2388.16,8135.43,8.488,0.03,394,2388,100.0,38.7,23.255,49
76,162,0.0016,0.0001,100.0,518.67,643.12,1599.19,1420.94,14.62,21.61,552.48,2388.22,9057.48,1.3,47.83,520.94,2388.21,8129.7,8.5103,0.03,393,2388,100.0,38.63,23.2353,48
76,163,-0.0003,-0.0001,100.0,518.67,643.29,1594.52,1410.46,14.62,21.61,552.29,2388.16,9059.82,1.3,47.83,520.64,2388.18,8131.29,8.5052,0.03,396,2388,100.0,38.72,23.2382,47
76,164,-0.0031,-0.0004,100.0,518.67,643.39,1602.06,1417.9,14.62,21.61,552.77,2388.19,9061.85,1.3,47.85,520.77,2388.18,8134.04,8.4696,0.03,395,2388,100.0,38.66,23.2266,46
76,165,-0.0026,0.0002,100.0,518.67,643.04,1592.53,1421.2,14.62,21.61,552.51,2388.2,9052.16,1.3,47.97,520.65,2388.16,8133.65,8.4411,0.03,393,2388,100.0,38.61,23.1047,45
76,166,0.0041,0.0001,100.0,518.67,642.81,1597.35,1421.77,14.62,21.61,551.89,2388.19,9053.65,1.3,47.96,521.21,2388.22,8135.79,8.5035,0.03,394,2388,100.0,38.53,23.1895,44
76,167,0.0001,-0.0003,100.0,518.67,642.99,1594.19,1420.25,14.62,21.61,553.2,2388.22,9051.24,1.3,48.02,520.61,2388.2,8132.19,8.5003,0.03,396,2388,100.0,38.59,23.2048,43
76,168,0.0033,-0.0003,100.0,518.67,643.42,1601.18,1425.95,14.62,21.61,552.56,2388.17,9053.48,1.3,47.69,520.22,2388.13,8127.39,8.4799,0.03,395,2388,100.0,38.46,23.1264,42
76,169,0.0012,-0.0004,100.0,518.67,643.11,1591.17,1423.65,14.62,21.61,551.68,2388.15,9051.27,1.3,47.69,520.19,2388.19,8129.23,8.4699,0.03,394,2388,100.0,38.73,23.1842,41
76,170,0.0005,-0.0004,100.0,518.67,643.21,1599.05,1417.72,14.62,21.61,552.12,2388.2,9053.99,1.3,47.79,521.27,2388.17,8131.63,8.4952,0.03,395,2388,100.0,38.76,23.1824,40
76,171,-0.0034,0.0003,100.0,518.67,643.16,1591.5,1413.65,14.62,21.61,552.41,2388.13,9049.38,1.3,47.98,520.58,2388.19,8133.96,8.4681,0.03,394,2388,100.0,38.58,23.1242,39
76,172,0.0018,0.0004,100.0,518.67,643.12,1595.0,1419.89,14.62,21.61,552.34,2388.23,9056.21,1.3,47.56,520.35,2388.18,8133.37,8.507,0.03,397,2388,100.0,38.6,23.1497,38
76,173,0.0005,0.0002,100.0,518.67,643.46,1594.78,1414.88,14.62,21.61,552.17,2388.2,9056.38,1.3,47.87,519.78,2388.22,8134.55,8.4619,0.03,393,2388,100.0,38.71,23.0934,37
76,174,0.0023,0.0003,100.0,518.67,643.11,1595.92,1417.62,14.62,21.61,552.72,2388.18,9057.85,1.3,47.94,520.01,2388.17,8133.97,8.4948,0.03,395,2388,100.0,38.62,23.1347,36
76,175,-0.0014,0.0,100.0,518.67,643.51,1591.72,1420.21,14.62,21.61,552.36,2388.23,9052.36,1.3,47.88,520.52,2388.19,8133.71,8.4951,0.03,394,2388,100.0,38.49,23.1965,35
76,176,0.0021,0.0,100.0,518.67,643.14,1602.66,1423.9,14.62,21.61,552.22,2388.23,9058.36,1.3,47.85,521.11,2388.22,8136.21,8.4986,0.03,395,2388,100.0,38.51,23.1241,34
76,177,-0.0021,0.0003,100.0,518.67,643.63,1599.51,1426.06,14.62,21.61,552.39,2388.22,9052.94,1.3,48.01,520.7,2388.16,8130.73,8.4958,0.03,394,2388,100.0,38.51,23.1952,33
76,178,0.0001,-0.0004,100.0,518.67,642.83,1599.41,1416.3,14.62,21.61,552.62,2388.23,9052.25,1.3,47.89,520.19,2388.21,8130.09,8.4653,0.03,397,2388,100.0,38.67,23.096,32
76,179,-0.0047,0.0005,100.0,518.67,643.43,1594.65,1408.28,14.62,21.61,552.31,2388.25,9059.81,1.3,47.95,520.61,2388.21,8126.51,8.4859,0.03,395,2388,100.0,38.47,23.1614,31
76,180,0.0001,0.0001,100.0,518.67,642.9,1596.91,1425.27,14.62,21.61,552.06,2388.18,9066.32,1.3,47.71,520.89,2388.21,8137.75,8.5213,0.03,394,2388,100.0,38.59,23.1665,30
76,181,-0.0026,-0.0001,100.0,518.67,643.27,1590.19,1424.68,14.62,21.61,551.65,2388.21,9062.12,1.3,47.96,519.85,2388.18,8129.47,8.4634,0.03,395,2388,100.0,38.5,23.1048,29
76,182,-0.0021,-0.0001,100.0,518.67,643.71,1599.19,1425.89,14.62,21.61,552.18,2388.26,9055.89,1.3,47.98,519.98,2388.24,8128.32,8.5182,0.03,395,2388,100.0,38.61,23.1289,28
76,183,-0.0016,-0.0004,100.0,518.67,643.4,1595.59,1415.11,14.62,21.61,552.34,2388.26,9055.0,1.3,47.94,520.47,2388.15,8138.08,8.476,0.03,394,2388,100.0,38.49,23.1653,27
76,184,-0.0013,0.0001,100.0,518.67,643.57,1595.96,1425.54,14.62,21.61,552.41,2388.2,9053.59,1.3,47.92,520.02,2388.18,8133.0,8.5046,0.03,395,2388,100.0,38.66,23.1147,26
76,185,-0.0008,-0.0003,100.0,518.67,643.37,1599.18,1420.64,14.62,21.61,551.99,2388.24,9053.31,1.3,48.04,520.47,2388.21,8131.6,8.5151,0.03,394,2388,100.0,38.49,23.1081,25
76,186,0.0003,0.0001,100.0,518.67,643.64,1597.71,1419.68,14.62,21.61,551.71,2388.18,9054.03,1.3,47.9,519.94,2388.24,8129.92,8.4706,0.03,394,2388,100.0,38.44,23.0489,24
76,187,-0.0022,0.0001,100.0,518.67,643.04,1600.11,1424.33,14.62,21.61,552.65,2388.25,9054.83,1.3,48.07,519.63,2388.21,8129.39,8.5259,0.03,396,2388,100.0,38.7,23.0705,23
76,188,-0.0018,-0.0004,100.0,518.67,643.14,1604.62,1423.94,14.62,21.61,551.37,2388.24,9055.82,1.3,47.86,520.08,2388.2,8130.53,8.512,0.03,396,2388,100.0,38.37,23.0974,22
76,189,0.0006,-0.0002,100.0,518.67,643.24,1600.68,1421.56,14.62,21.61,551.73,2388.24,9047.93,1.3,48.14,519.66,2388.28,8128.6,8.5073,0.03,396,2388,100.0,38.61,23.1232,21
76,190,0.0018,0.0001,100.0,518.67,643.81,1597.63,1416.46,14.62,21.61,552.48,2388.24,9064.21,1.3,47.88,520.03,2388.22,8133.59,8.4858,0.03,395,2388,100.0,38.49,23.0805,20
76,191,0.0064,0.0005,100.0,518.67,642.86,1593.94,1420.41,14.62,21.61,551.57,2388.22,9044.09,1.3,48.08,520.22,2388.24,8127.37,8.5021,0.03,396,2388,100.0,38.55,23.1136,19
76,192,0.0021,0.0,100.0,518.67,643.66,1595.93,1430.34,14.62,21.61,551.3,2388.25,9053.14,1.3,47.95,519.86,2388.29,8129.09,8.4932,0.03,395,2388,100.0,38.56,23.2554,18
76,193,-0.0046,0.0004,100.0,518.67,643.3,1595.24,1421.35,14.62,21.61,552.59,2388.28,9060.73,1.3,48.01,520.15,2388.22,8129.62,8.5062,0.03,395,2388,100.0,38.57,23.1319,17
76,194,-0.0022,0.0005,100.0,518.67,643.7,1599.47,1423.71,14.62,21.61,551.54,2388.24,9055.77,1.3,47.94,520.05,2388.24,8128.47,8.4769,0.03,395,2388,100.0,38.55,23.1784,16
76,195,0.0016,0.0004,100.0,518.67,643.72,1602.47,1421.4,14.62,21.61,551.68,2388.22,9058.07,1.3,48.13,520.08,2388.25,8134.54,8.5198,0.03,397,2388,100.0,38.51,23.0643,15
76,196,0.0011,0.0001,100.0,518.67,643.98,1596.85,1420.14,14.62,21.61,552.03,2388.23,9052.37,1.3,47.93,520.1,2388.26,8132.3,8.5175,0.03,393,2388,100.0,38.47,23.126,14
76,197,-0.0002,-0.0004,100.0,518.67,643.51,1601.93,1420.9,14.62,21.61,551.26,2388.27,9056.07,1.3,48.06,520.43,2388.3,8132.63,8.4916,0.03,395,2388,100.0,38.39,23.0897,13
76,198,0.0011,0.0004,100.0,518.67,643.48,1599.38,1422.14,14.62,21.61,551.43,2388.26,9050.88,1.3,48.21,520.15,2388.26,8128.1,8.5011,0.03,398,2388,100.0,38.59,23.0831,12
76,199,-0.0003,0.0004,100.0,518.67,643.42,1601.28,1429.56,14.62,21.61,550.81,2388.23,9049.71,1.3,48.04,520.04,2388.28,8124.53,8.535,0.03,397,2388,100.0,38.55,23.0614,11
76,200,0.0028,0.0005,100.0,518.67,643.93,1601.24,1424.86,14.62,21.61,551.74,2388.29,9058.18,1.3,48.09,520.0,2388.21,8128.02,8.465,0.03,395,2388,100.0,38.55,23.1532,10
76,201,0.0005,-0.0001,100.0,518.67,643.42,1597.56,1428.07,14.62,21.61,551.9,2388.26,9056.61,1.3,48.21,519.6,2388.25,8132.33,8.5041,0.03,395,2388,100.0,38.56,23.105,9
76,202,-0.0016,-0.0001,100.0,518.67,643.58,1603.94,1427.6,14.62,21.61,551.9,2388.24,9051.01,1.3,48.21,519.99,2388.26,8126.6,8.512,0.03,397,2388,100.0,38.3,23.0205,8
76,203,-0.0012,0.0004,100.0,518.67,643.92,1603.83,1428.37,14.62,21.61,551.83,2388.3,9055.48,1.3,48.02,519.95,2388.21,8132.57,8.4963,0.03,396,2388,100.0,38.56,23.0698,7
76,204,-0.0031,-0.0003,100.0,518.67,643.86,1599.62,1430.9,14.62,21.61,551.24,2388.23,9054.04,1.3,48.33,519.82,2388.23,8129.66,8.5066,0.03,397,2388,100.0,38.39,23.1399,6
76,205,-0.0018,0.0003,100.0,518.67,643.52,1605.57,1422.82,14.62,21.61,551.26,2388.29,9059.11,1.3,48.12,520.01,2388.32,8131.22,8.4898,0.03,395,2388,100.0,38.37,23.1358,5
76,206,-0.0013,0.0005,100.0,518.67,643.98,1600.8,1429.55,14.62,21.61,551.36,2388.28,9053.1,1.3,48.2,519.38,2388.27,8128.17,8.5321,0.03,396,2388,100.0,38.53,23.0828,4
76,207,0.0003,0.0,100.0,518.67,643.26,1599.16,1424.96,14.62,21.61,550.83,2388.25,9056.03,1.3,48.1,519.99,2388.29,8132.37,8.5279,0.03,397,2388,100.0,38.29,23.1123,3
76,208,-0.0011,0.0002,100.0,518.67,643.64,1606.72,1432.06,14.62,21.61,550.9,2388.28,9058.91,1.3,48.07,519.44,2388.24,8134.88,8.5155,0.03,396,2388,100.0,38.52,23.1379,2
76,209,-0.0005,-0.0001,100.0,518.67,643.73,1603.22,1431.35,14.62,21.61,551.47,2388.23,9055.35,1.3,48.19,520.08,2388.27,8123.59,8.5202,0.03,395,2388,100.0,38.53,23.0349,1
76,210,-0.003,0.0003,100.0,518.67,643.67,1598.61,1432.07,14.62,21.61,550.94,2388.27,9056.85,1.3,48.24,519.41,2388.28,8131.33,8.5253,0.03,396,2388,100.0,38.5,23.0671,0
77,1,-0.0014,0.0004,100.0,518.67,642.62,1591.75,1411.32,14.62,21.61,553.71,2388.07,9052.57,1.3,47.55,521.45,2388.1,8126.56,8.4655,0.03,392,2388,100.0,38.92,23.2762,153
77,2,-0.0004,0.0004,100.0,518.67,642.46,1591.88,1406.97,14.62,21.61,553.44,2388.13,9043.86,1.3,47.3,521.67,2388.1,8127.46,8.4789,0.03,392,2388,100.0,38.88,23.2764,152
77,3,0.0042,0.0,100.0,518.67,641.78,1585.31,1400.54,14.62,21.61,553.67,2388.12,9051.11,1.3,47.39,521.46,2388.09,8125.17,8.435,0.03,394,2388,100.0,38.82,23.2387,151
77,4,0.0027,-0.0003,100.0,518.67,642.71,1592.71,1410.04,14.62,21.61,553.22,2388.13,9050.29,1.3,47.38,521.28,2388.14,8131.03,8.4365,0.03,393,2388,100.0,38.79,23.4034,150
77,5,-0.0001,0.0004,100.0,518.67,642.09,1587.59,1405.8,14.62,21.61,553.73,2388.1,9048.07,1.3,47.56,521.67,2388.11,8130.0,8.4685,0.03,391,2388,100.0,38.8,23.3085,149
77,6,0.0037,0.0001,100.0,518.67,642.85,1586.86,1405.66,14.62,21.61,553.39,2388.11,9051.76,1.3,47.5,521.45,2388.12,8127.13,8.4695,0.03,392,2388,100.0,38.83,23.2958,148
77,7,-0.0003,-0.0001,100.0,518.67,642.26,1583.78,1417.79,14.62,21.61,553.33,2388.06,9047.15,1.3,47.54,522.18,2388.11,8129.73,8.4786,0.03,393,2388,100.0,38.85,23.3976,147
77,8,0.0001,-0.0,100.0,518.67,642.4,1587.29,1405.13,14.62,21.61,553.6,2388.11,9045.31,1.3,47.56,522.0,2388.1,8131.74,8.4239,0.03,393,2388,100.0,38.93,23.3802,146
77,9,0.0044,0.0001,100.0,518.67,642.72,1589.08,1407.47,14.62,21.61,554.43,2388.07,9051.04,1.3,47.53,521.41,2388.1,8128.44,8.4484,0.03,392,2388,100.0,39.04,23.3733,145
77,10,0.002,-0.0004,100.0,518.67,642.83,1584.97,1407.97,14.62,21.61,553.87,2388.06,9044.83,1.3,47.32,520.77,2388.1,8125.32,8.4271,0.03,392,2388,100.0,38.77,23.355,144
77,11,0.0017,0.0004,100.0,518.67,643.13,1582.29,1407.13,14.62,21.61,553.11,2388.07,9040.34,1.3,47.36,521.24,2388.05,8129.87,8.4378,0.03,392,2388,100.0,38.77,23.2824,143
77,12,0.0027,0.0,100.0,518.67,642.3,1591.82,1406.0,14.62,21.61,553.9,2388.09,9049.8,1.3,47.34,522.05,2388.09,8127.33,8.429,0.03,391,2388,100.0,38.89,23.1751,142
77,13,0.0002,0.0004,100.0,518.67,642.12,1588.45,1402.71,14.62,21.61,554.04,2388.13,9044.83,1.3,47.48,521.35,2388.12,8126.64,8.4269,0.03,393,2388,100.0,38.93,23.1822,141
77,14,-0.0027,-0.0003,100.0,518.67,642.69,1590.52,1406.71,14.62,21.61,553.95,2388.17,9047.87,1.3,47.58,521.86,2388.1,8129.32,8.4128,0.03,391,2388,100.0,38.96,23.3022,140
77,15,-0.002,-0.0001,100.0,518.67,642.65,1587.02,1404.48,14.62,21.61,553.34,2388.09,9048.41,1.3,47.54,521.54,2388.1,8129.26,8.4149,0.03,392,2388,100.0,38.66,23.4028,139
77,16,0.0039,-0.0002,100.0,518.67,642.6,1583.71,1400.29,14.62,21.61,553.12,2388.14,9042.89,1.3,47.5,522.24,2388.07,8124.24,8.413,0.03,394,2388,100.0,38.98,23.4181,138
77,17,-0.0028,0.0003,100.0,518.67,642.83,1586.01,1406.36,14.62,21.61,553.7,2388.1,9049.88,1.3,47.46,521.05,2388.11,8129.36,8.4723,0.03,391,2388,100.0,38.78,23.3913,137
77,18,0.0027,-0.0003,100.0,518.67,642.29,1585.14,1402.4,14.62,21.61,553.36,2388.13,9055.48,1.3,47.65,521.34,2388.13,8132.27,8.4454,0.03,392,2388,100.0,39.08,23.3572,136
77,19,0.0021,-0.0,100.0,518.67,642.3,1583.71,1404.29,14.62,21.61,553.73,2388.05,9049.56,1.3,47.6,522.04,2388.08,8126.84,8.4475,0.03,392,2388,100.0,38.75,23.2646,135
77,20,0.0018,-0.0003,100.0,518.67,642.78,1586.51,1406.3,14.62,21.61,553.37,2388.15,9038.78,1.3,47.48,521.77,2388.09,8123.73,8.4324,0.03,393,2388,100.0,38.81,23.3789,134
77,21,-0.0016,0.0004,100.0,518.67,642.48,1586.09,1409.51,14.62,21.61,553.29,2388.07,9038.91,1.3,47.44,522.01,2388.07,8129.25,8.441,0.03,392,2388,100.0,38.88,23.3958,133
77,22,0.0004,0.0004,100.0,518.67,642.65,1589.23,1401.52,14.62,21.61,553.65,2388.07,9053.88,1.3,47.53,521.79,2388.05,8128.52,8.4108,0.03,393,2388,100.0,38.74,23.2414,132
77,23,-0.0003,0.0003,100.0,518.67,642.91,1594.68,1405.51,14.62,21.6,553.13,2388.11,9046.99,1.3,47.66,521.29,2388.1,8125.18,8.4833,0.03,394,2388,100.0,38.73,23.3472,131
77,24,-0.0002,0.0001,100.0,518.67,642.78,1589.04,1401.67,14.62,21.61,553.64,2388.14,9043.07,1.3,47.48,521.92,2388.13,8131.86,8.423,0.03,394,2388,100.0,38.89,23.2798,130
77,25,-0.0036,0.0001,100.0,518.67,642.53,1588.28,1409.97,14.62,21.61,553.94,2388.1,9046.35,1.3,47.46,521.83,2388.16,8127.14,8.4108,0.03,393,2388,100.0,38.81,23.309,129
77,26,-0.0041,0.0002,100.0,518.67,642.75,1590.76,1408.38,14.62,21.61,553.24,2388.09,9045.25,1.3,47.25,521.39,2388.13,8126.68,8.4172,0.03,392,2388,100.0,38.62,23.2673,128
77,27,0.0024,0.0001,100.0,518.67,642.43,1581.6,1403.69,14.62,21.61,553.03,2388.09,9051.98,1.3,47.58,521.32,2388.11,8125.36,8.4347,0.03,393,2388,100.0,38.93,23.3573,127
77,28,-0.0002,-0.0002,100.0,518.67,642.81,1591.61,1411.83,14.62,21.61,553.3,2388.08,9048.07,1.3,47.58,521.14,2388.12,8125.18,8.4303,0.03,393,2388,100.0,38.73,23.3459,126
77,29,-0.0031,0.0003,100.0,518.67,642.53,1591.34,1406.42,14.62,21.61,553.21,2388.13,9046.96,1.3,47.84,521.6,2388.11,8132.19,8.4392,0.03,393,2388,100.0,38.84,23.3505,125
77,30,0.0045,0.0003,100.0,518.67,642.64,1590.8,1408.42,14.62,21.61,553.13,2388.11,9041.08,1.3,47.47,521.88,2388.14,8129.32,8.4126,0.03,393,2388,100.0,38.83,23.329,124
77,31,0.0022,-0.0,100.0,518.67,642.86,1584.4,1410.95,14.62,21.61,554.48,2388.13,9048.44,1.3,47.48,521.42,2388.12,8125.14,8.4283,0.03,392,2388,100.0,38.8,23.3948,123
77,32,0.0002,-0.0004,100.0,518.67,642.58,1590.54,1409.97,14.62,21.61,553.79,2388.12,9047.25,1.3,47.47,521.48,2388.07,8127.97,8.4217,0.03,393,2388,100.0,38.82,23.3847,122
77,33,-0.0035,-0.0001,100.0,518.67,643.09,1592.54,1413.26,14.62,21.61,553.28,2388.1,9053.43,1.3,47.48,521.15,2388.15,8125.16,8.441,0.03,393,2388,100.0,38.51,23.2458,121
77,34,0.0011,0.0002,100.0,518.67,642.57,1586.78,1412.17,14.62,21.61,553.07,2388.11,9049.14,1.3,47.57,522.17,2388.11,8127.88,8.4323,0.03,393,2388,100.0,38.62,23.2752,120
77,35,0.0002,-0.0002,100.0,518.67,643.15,1583.88,1411.6,14.62,21.61,553.37,2388.1,9045.88,1.3,47.45,521.05,2388.16,8128.89,8.3685,0.03,395,2388,100.0,39.04,23.1706,119
77,36,-0.0035,-0.0001,100.0,518.67,642.86,1594.03,1407.96,14.62,21.61,553.37,2388.11,9053.23,1.3,47.52,521.73,2388.16,8129.77,8.4388,0.03,393,2388,100.0,38.79,23.3143,118
77,37,0.0008,-0.0004,100.0,518.67,642.86,1587.77,1407.27,14.62,21.61,553.79,2388.1,9051.84,1.3,47.39,521.22,2388.09,8128.76,8.4148,0.03,393,2388,100.0,38.83,23.3281,117
77,38,0.0008,0.0003,100.0,518.67,642.72,1597.55,1405.38,14.62,21.61,553.7,2388.17,9048.64,1.3,47.51,521.46,2388.08,8130.26,8.4451,0.03,394,2388,100.0,38.79,23.295,116
77,39,-0.0007,0.0004,100.0,518.67,642.61,1593.84,1404.44,14.62,21.61,553.46,2388.16,9043.12,1.3,47.61,520.93,2388.14,8127.77,8.435,0.03,392,2388,100.0,38.96,23.3754,115
77,40,-0.0027,-0.0001,100.0,518.67,642.44,1591.76,1414.29,14.62,21.61,554.06,2388.13,9048.97,1.3,47.3,521.17,2388.11,8129.89,8.4554,0.03,393,2388,100.0,38.79,23.3284,114
77,41,-0.0018,0.0003,100.0,518.67,642.88,1587.79,1411.2,14.62,21.61,553.64,2388.12,9042.76,1.3,47.61,521.45,2388.12,8128.33,8.4518,0.03,392,2388,100.0,38.79,23.2787,113
77,42,0.002,0.0002,100.0,518.67,642.37,1591.22,1413.4,14.62,21.61,553.38,2388.1,9046.55,1.3,47.3,521.49,2388.09,8129.82,8.4026,0.03,393,2388,100.0,38.85,23.3589,112
77,43,-0.0019,-0.0002,100.0,518.67,642.08,1589.69,1407.35,14.62,21.61,553.46,2388.1,9051.92,1.3,47.4,521.4,2388.09,8131.22,8.424,0.03,393,2388,100.0,38.95,23.2972,111
77,44,-0.0031,-0.0003,100.0,518.67,642.44,1587.27,1410.17,14.62,21.61,553.34,2388.1,9047.4,1.3,47.49,521.79,2388.13,8128.11,8.4046,0.03,393,2388,100.0,38.91,23.2408,110
77,45,-0.0033,0.0004,100.0,518.67,642.74,1587.64,1402.95,14.62,21.61,553.49,2388.11,9044.43,1.3,47.66,521.0,2388.1,8132.36,8.4377,0.03,393,2388,100.0,38.84,23.261,109
77,46,-0.0012,-0.0005,100.0,518.67,642.68,1582.92,1409.79,14.62,21.61,553.86,2388.12,9052.99,1.3,47.49,521.38,2388.1,8130.63,8.4281,0.03,392,2388,100.0,38.7,23.3302,108
77,47,-0.0024,0.0003,100.0,518.67,642.47,1583.7,1409.03,14.62,21.61,553.14,2388.12,9038.29,1.3,47.47,521.17,2388.13,8132.26,8.4475,0.03,392,2388,100.0,38.86,23.3859,107
77,48,0.0022,-0.0005,100.0,518.67,642.42,1597.41,1410.16,14.62,21.61,553.18,2388.06,9054.29,1.3,47.57,521.4,2388.1,8122.84,8.43,0.03,394,2388,100.0,38.84,23.1625,106
77,49,-0.0036,-0.0002,100.0,518.67,642.48,1580.52,1403.2,14.62,21.61,553.46,2388.1,9056.41,1.3,47.49,521.0,2388.06,8133.78,8.4468,0.03,393,2388,100.0,38.76,23.2819,105
77,50,0.0027,-0.0001,100.0,518.67,642.82,1589.72,1409.9,14.62,21.61,553.86,2388.13,9045.49,1.3,47.47,521.17,2388.1,8130.52,8.471,0.03,391,2388,100.0,39.05,23.4174,104
77,51,-0.0018,-0.0003,100.0,518.67,642.27,1588.62,1409.17,14.62,21.61,553.42,2388.16,9046.56,1.3,47.67,521.7,2388.08,8124.53,8.4048,0.03,391,2388,100.0,38.87,23.3369,103
77,52,-0.0007,0.0,100.0,518.67,642.49,1582.17,1408.6,14.62,21.61,552.97,2388.16,9048.86,1.3,47.46,521.63,2388.15,8127.07,8.4623,0.03,394,2388,100.0,38.81,23.3384,102
77,53,0.0026,0.0003,100.0,518.67,642.44,1596.23,1400.69,14.62,21.61,553.8,2388.15,9052.42,1.3,47.61,521.75,2388.15,8129.98,8.4371,0.03,394,2388,100.0,38.93,23.2566,101
77,54,-0.0024,-0.0005,100.0,518.67,642.93,1591.77,1415.77,14.62,21.61,552.87,2388.1,9047.56,1.3,47.29,521.22,2388.11,8130.84,8.4356,0.03,392,2388,100.0,39.0,23.3543,100
77,55,0.0015,0.0003,100.0,518.67,642.2,1594.71,1405.16,14.62,21.61,553.43,2388.11,9043.52,1.3,47.68,521.55,2388.14,8122.49,8.475,0.03,392,2388,100.0,38.92,23.2863,99
77,56,-0.0009,0.0001,100.0,518.67,642.37,1588.1,1405.53,14.62,21.61,553.31,2388.09,9038.23,1.3,47.47,521.71,2388.11,8130.7,8.4175,0.03,393,2388,100.0,38.94,23.2648,98
77,57,-0.0013,-0.0001,100.0,518.67,642.13,1583.93,1408.03,14.62,21.61,553.4,2388.1,9053.14,1.3,47.5,521.83,2388.11,8126.8,8.4475,0.03,392,2388,100.0,38.95,23.3684,97
77,58,-0.0003,0.0002,100.0,518.67,642.84,1598.44,1410.33,14.62,21.61,553.64,2388.13,9043.84,1.3,47.53,521.34,2388.15,8130.45,8.3891,0.03,394,2388,100.0,38.9,23.2831,96
77,59,0.0,0.0001,100.0,518.67,642.95,1590.79,1414.84,14.62,21.61,553.34,2388.11,9048.92,1.3,47.55,521.14,2388.11,8133.0,8.4291,0.03,392,2388,100.0,38.83,23.4754,95
77,60,-0.0012,0.0003,100.0,518.67,642.97,1589.3,1411.12,14.62,21.61,553.26,2388.12,9051.33,1.3,47.57,522.08,2388.11,8126.5,8.4331,0.03,395,2388,100.0,38.8,23.1977,94
77,61,-0.002,0.0,100.0,518.67,642.75,1585.58,1407.62,14.62,21.61,554.26,2388.15,9059.93,1.3,47.58,521.56,2388.11,8126.26,8.4144,0.03,394,2388,100.0,38.61,23.0833,93
77,62,-0.0027,-0.0004,100.0,518.67,642.47,1588.19,1404.54,14.62,21.61,553.36,2388.05,9046.8,1.3,47.41,521.53,2388.08,8134.25,8.4303,0.03,394,2388,100.0,38.71,23.2392,92
77,63,-0.005,-0.0005,100.0,518.67,642.97,1585.94,1411.6,14.62,21.61,552.87,2388.09,9047.21,1.3,47.45,521.11,2388.1,8128.25,8.4202,0.03,393,2388,100.0,38.98,23.268,91
77,64,0.0005,-0.0005,100.0,518.67,642.98,1586.2,1408.5,14.62,21.61,553.36,2388.13,9048.87,1.3,47.59,521.48,2388.14,8124.09,8.4573,0.03,392,2388,100.0,38.62,23.2905,90
77,65,0.0015,0.0005,100.0,518.67,642.57,1588.21,1407.15,14.62,21.61,553.51,2388.08,9050.16,1.3,47.42,521.53,2388.18,8127.03,8.4491,0.03,393,2388,100.0,38.94,23.3022,89
77,66,-0.0019,-0.0003,100.0,518.67,642.62,1587.43,1403.97,14.62,21.61,552.97,2388.14,9047.37,1.3,47.4,521.79,2388.14,8126.05,8.4276,0.03,393,2388,100.0,38.74,23.2277,88
77,67,0.0004,0.0001,100.0,518.67,642.73,1583.73,1400.57,14.62,21.61,552.59,2388.13,9048.95,1.3,47.48,521.25,2388.14,8127.39,8.4337,0.03,394,2388,100.0,38.71,23.2643,87
77,68,-0.0049,0.0002,100.0,518.67,643.13,1592.02,1409.43,14.62,21.61,553.16,2388.12,9049.47,1.3,47.54,520.89,2388.18,8125.26,8.4225,0.03,394,2388,100.0,38.86,23.3131,86
77,69,-0.0017,-0.0005,100.0,518.67,642.85,1592.74,1415.08,14.62,21.61,553.67,2388.12,9059.37,1.3,47.66,520.94,2388.15,8128.6,8.4488,0.03,393,2388,100.0,38.71,23.3626,85
77,70,-0.0001,0.0001,100.0,518.67,642.72,1589.98,1404.1,14.62,21.61,552.87,2388.13,9043.37,1.3,47.51,520.97,2388.09,8126.36,8.4139,0.03,393,2388,100.0,38.61,23.3068,84
77,71,-0.0021,-0.0005,100.0,518.67,642.39,1587.44,1410.37,14.62,21.61,553.86,2388.13,9037.91,1.3,47.47,521.82,2388.1,8133.61,8.4402,0.03,394,2388,100.0,38.88,23.3426,83
77,72,0.001,0.0004,100.0,518.67,642.67,1593.31,1407.45,14.62,21.61,553.73,2388.13,9057.47,1.3,47.51,520.63,2388.14,8135.84,8.4475,0.03,395,2388,100.0,38.85,23.1779,82
77,73,-0.0019,0.0001,100.0,518.67,642.68,1591.07,1406.97,14.62,21.61,553.35,2388.07,9050.25,1.3,47.39,522.19,2388.11,8128.17,8.4263,0.03,393,2388,100.0,38.59,23.2978,81
77,74,0.0023,-0.0005,100.0,518.67,642.39,1588.72,1406.81,14.62,21.61,552.85,2388.15,9047.66,1.3,47.56,521.19,2388.11,8127.61,8.4572,0.03,391,2388,100.0,38.66,23.3184,80
77,75,0.0026,-0.0005,100.0,518.67,642.6,1585.52,1408.78,14.62,21.61,552.81,2388.16,9049.9,1.3,47.66,521.09,2388.12,8129.8,8.4308,0.03,394,2388,100.0,38.88,23.2415,79
77,76,-0.0009,-0.0003,100.0,518.67,642.63,1590.84,1408.48,14.62,21.61,553.0,2388.12,9043.37,1.3,47.56,521.92,2388.12,8125.5,8.4614,0.03,394,2388,100.0,38.64,23.2522,78
77,77,-0.0018,0.0003,100.0,518.67,642.29,1595.03,1410.47,14.62,21.61,553.14,2388.14,9054.59,1.3,47.5,521.4,2388.14,8134.47,8.4462,0.03,394,2388,100.0,39.01,23.2614,77
77,78,0.0008,0.0003,100.0,518.67,643.19,1597.73,1410.18,14.62,21.61,553.35,2388.1,9051.39,1.3,47.62,521.33,2388.12,8131.49,8.4136,0.03,395,2388,100.0,38.82,23.2295,76
77,79,0.0061,0.0002,100.0,518.67,642.43,1594.06,1413.98,14.62,21.61,553.05,2388.15,9050.49,1.3,47.57,521.16,2388.15,8134.9,8.4623,0.03,394,2388,100.0,38.8,23.33,75
77,80,-0.0003,0.0003,100.0,518.67,643.81,1583.38,1408.73,14.62,21.61,552.61,2388.14,9048.86,1.3,47.66,521.35,2388.17,8128.71,8.4462,0.03,392,2388,100.0,38.91,23.1968,74
77,81,0.0015,-0.0004,100.0,518.67,642.81,1585.68,1410.62,14.62,21.61,553.67,2388.08,9052.18,1.3,47.6,521.36,2388.18,8131.46,8.4422,0.03,392,2388,100.0,38.91,23.2506,73
77,82,0.0001,0.0,100.0,518.67,642.3,1590.81,1408.56,14.62,21.61,552.84,2388.15,9047.23,1.3,47.55,521.53,2388.14,8133.45,8.4049,0.03,392,2388,100.0,38.72,23.2538,72
77,83,-0.0013,-0.0003,100.0,518.67,643.13,1577.92,1413.41,14.62,21.61,553.68,2388.14,9046.2,1.3,47.55,521.64,2388.14,8130.09,8.451,0.03,393,2388,100.0,38.92,23.2085,71
77,84,-0.0035,0.0003,100.0,518.67,642.88,1589.73,1411.57,14.62,21.61,552.82,2388.17,9049.31,1.3,47.42,521.48,2388.11,8136.19,8.4467,0.03,393,2388,100.0,38.71,23.2559,70
77,85,-0.0003,0.0004,100.0,518.67,642.85,1582.0,1414.03,14.62,21.61,552.85,2388.13,9052.55,1.3,47.48,521.3,2388.09,8134.64,8.434,0.03,393,2388,100.0,38.83,23.3199,69
77,86,-0.0026,0.0002,100.0,518.67,643.33,1592.79,1414.83,14.62,21.61,552.99,2388.15,9048.4,1.3,47.26,521.28,2388.16,8126.46,8.4295,0.03,394,2388,100.0,38.89,23.2344,68
77,87,-0.0039,-0.0005,100.0,518.67,642.52,1591.29,1410.93,14.62,21.61,553.65,2388.16,9050.5,1.3,47.49,521.34,2388.13,8127.18,8.4526,0.03,395,2388,100.0,38.82,23.2805,67
77,88,0.0019,-0.0004,100.0,518.67,643.05,1586.76,1411.6,14.62,21.61,552.88,2388.14,9044.05,1.3,47.56,521.89,2388.15,8128.51,8.455,0.03,393,2388,100.0,38.87,23.1114,66
77,89,-0.0054,0.0003,100.0,518.67,642.23,1595.81,1416.13,14.62,21.61,553.01,2388.17,9050.62,1.3,47.55,521.37,2388.11,8126.2,8.4701,0.03,395,2388,100.0,38.72,23.2725,65
77,90,0.0023,0.0001,100.0,518.67,642.68,1596.51,1411.4,14.62,21.61,553.13,2388.11,9058.56,1.3,47.52,521.87,2388.06,8135.04,8.4489,0.03,393,2388,100.0,38.85,23.2674,64
77,91,-0.0037,-0.0001,100.0,518.67,642.79,1591.8,1410.94,14.62,21.61,552.69,2388.19,9059.03,1.3,47.43,521.39,2388.19,8133.14,8.4421,0.03,393,2388,100.0,38.69,23.2535,63
77,92,0.0022,0.0004,100.0,518.67,642.93,1590.2,1410.71,14.62,21.61,553.31,2388.15,9046.56,1.3,47.59,521.24,2388.17,8133.08,8.4194,0.03,392,2388,100.0,38.78,23.3732,62
77,93,0.0014,0.0003,100.0,518.67,642.94,1591.57,1416.97,14.62,21.61,552.65,2388.13,9052.23,1.3,47.66,521.84,2388.11,8132.58,8.4608,0.03,394,2388,100.0,38.64,23.2091,61
77,94,0.0021,-0.0001,100.0,518.67,642.91,1596.19,1412.86,14.62,21.61,553.63,2388.16,9052.06,1.3,47.7,520.57,2388.15,8132.66,8.466,0.03,395,2388,100.0,38.87,23.2291,60
77,95,-0.0023,0.0001,100.0,518.67,643.66,1596.08,1413.47,14.62,21.61,553.26,2388.1,9061.09,1.3,47.76,520.88,2388.17,8135.11,8.4564,0.03,394,2388,100.0,38.63,23.2428,59
77,96,0.0011,0.0001,100.0,518.67,642.85,1588.31,1410.49,14.62,21.61,553.14,2388.14,9054.12,1.3,47.64,521.43,2388.13,8129.89,8.4781,0.03,395,2388,100.0,38.46,23.3453,58
77,97,0.0015,-0.0004,100.0,518.67,643.2,1591.43,1415.41,14.62,21.61,553.11,2388.16,9055.91,1.3,47.65,520.78,2388.12,8134.69,8.4438,0.03,393,2388,100.0,38.86,23.3717,57
77,98,-0.0005,0.0,100.0,518.67,643.21,1591.89,1410.02,14.62,21.61,552.55,2388.12,9054.4,1.3,47.86,520.78,2388.13,8133.82,8.4574,0.03,394,2388,100.0,38.74,23.3392,56
77,99,-0.0037,-0.0003,100.0,518.67,642.69,1593.86,1419.78,14.62,21.61,552.27,2388.1,9049.52,1.3,47.92,521.42,2388.16,8127.02,8.4468,0.03,392,2388,100.0,38.75,23.1453,55
77,100,-0.0028,0.0001,100.0,518.67,642.58,1591.63,1408.58,14.62,21.61,553.27,2388.15,9059.1,1.3,48.0,521.16,2388.15,8135.8,8.4518,0.03,392,2388,100.0,38.59,23.2791,54
77,101,-0.0003,0.0,100.0,518.67,643.13,1588.67,1418.41,14.62,21.61,553.54,2388.14,9051.04,1.3,47.55,520.99,2388.13,8129.94,8.4546,0.03,394,2388,100.0,38.67,23.1787,53
77,102,-0.0002,0.0,100.0,518.67,642.87,1589.1,1407.1,14.62,21.61,552.9,2388.13,9058.88,1.3,47.56,520.89,2388.12,8133.96,8.4667,0.03,394,2388,100.0,38.81,23.3418,52
77,103,-0.0,-0.0003,100.0,518.67,642.8,1593.24,1418.63,14.62,21.61,552.53,2388.16,9058.55,1.3,47.63,521.58,2388.13,8131.86,8.4544,0.03,393,2388,100.0,38.75,23.3725,51
77,104,-0.0018,-0.0003,100.0,518.67,642.61,1593.13,1412.38,14.62,21.61,553.06,2388.18,9060.97,1.3,47.43,521.38,2388.12,8127.62,8.4264,0.03,392,2388,100.0,38.59,23.2386,50
77,105,-0.0012,0.0003,100.0,518.67,642.89,1598.96,1410.11,14.62,21.61,552.9,2388.15,9062.35,1.3,47.57,520.79,2388.15,8135.49,8.4865,0.03,394,2388,100.0,38.48,23.2111,49
77,106,0.0009,-0.0004,100.0,518.67,642.87,1594.48,1413.62,14.62,21.61,552.58,2388.16,9054.53,1.3,47.52,520.94,2388.14,8137.62,8.4716,0.03,393,2388,100.0,38.67,23.3073,48
77,107,0.0043,0.0002,100.0,518.67,642.78,1596.86,1416.49,14.62,21.61,552.73,2388.13,9051.31,1.3,47.65,521.74,2388.14,8129.71,8.4984,0.03,395,2388,100.0,38.69,23.2329,47
77,108,0.0021,0.0001,100.0,518.67,642.97,1584.63,1413.1,14.62,21.61,553.14,2388.15,9051.31,1.3,47.72,521.09,2388.1,8130.85,8.4792,0.03,392,2388,100.0,38.78,23.2998,46
77,109,0.0016,0.0002,100.0,518.67,642.78,1590.58,1414.81,14.62,21.61,551.93,2388.21,9054.3,1.3,47.68,521.34,2388.14,8129.73,8.4544,0.03,394,2388,100.0,38.61,23.1994,45
77,110,0.0034,-0.0004,100.0,518.67,643.02,1592.21,1410.16,14.62,21.61,552.59,2388.16,9053.16,1.3,47.58,520.94,2388.08,8135.14,8.4558,0.03,394,2388,100.0,38.76,23.2266,44
77,111,0.002,-0.0001,100.0,518.67,642.9,1598.66,1413.97,14.62,21.61,552.21,2388.14,9057.46,1.3,47.63,520.96,2388.15,8129.16,8.4689,0.03,395,2388,100.0,38.72,23.2498,43
77,112,-0.0025,0.0003,100.0,518.67,643.05,1592.8,1409.7,14.62,21.61,552.73,2388.18,9053.4,1.3,47.69,521.27,2388.1,8133.61,8.4473,0.03,394,2388,100.0,38.92,23.2031,42
77,113,-0.0026,-0.0003,100.0,518.67,643.13,1595.98,1420.67,14.62,21.61,552.87,2388.24,9057.16,1.3,47.93,520.65,2388.19,8137.01,8.4711,0.03,395,2388,100.0,38.74,23.2162,41
77,114,-0.0015,-0.0001,100.0,518.67,643.29,1587.44,1411.73,14.62,21.61,553.81,2388.15,9056.06,1.3,47.73,520.74,2388.13,8134.99,8.4742,0.03,393,2388,100.0,38.55,23.3422,40
77,115,0.0059,0.0004,100.0,518.67,642.53,1593.62,1418.29,14.62,21.61,553.38,2388.12,9060.76,1.3,47.64,520.43,2388.14,8140.01,8.4364,0.03,394,2388,100.0,38.64,23.2204,39
77,116,0.0022,-0.0002,100.0,518.67,642.97,1587.52,1411.88,14.62,21.61,552.13,2388.19,9060.42,1.3,47.67,521.05,2388.15,8133.11,8.487,0.03,394,2388,100.0,38.54,23.2477,38
77,117,-0.0004,-0.0004,100.0,518.67,643.32,1590.98,1420.44,14.62,21.61,553.16,2388.18,9060.3,1.3,47.64,519.82,2388.17,8134.6,8.4641,0.03,393,2388,100.0,38.59,23.1911,37
77,118,-0.0027,0.0004,100.0,518.67,643.37,1601.89,1410.66,14.62,21.61,552.01,2388.15,9059.95,1.3,47.88,520.94,2388.12,8134.64,8.4651,0.03,395,2388,100.0,38.82,23.1519,36
77,119,0.0014,0.0003,100.0,518.67,643.05,1592.65,1420.46,14.62,21.61,553.13,2388.14,9061.23,1.3,47.71,521.21,2388.16,8132.12,8.4747,0.03,394,2388,100.0,38.81,23.2016,35
77,120,0.0015,0.0004,100.0,518.67,643.01,1595.5,1409.15,14.62,21.61,552.21,2388.22,9052.98,1.3,47.75,521.34,2388.13,8131.6,8.4541,0.03,394,2388,100.0,38.66,23.1672,34
77,121,0.0013,0.0002,100.0,518.67,643.01,1588.1,1419.72,14.62,21.61,552.49,2388.17,9057.49,1.3,47.93,520.6,2388.13,8137.39,8.4468,0.03,393,2388,100.0,38.73,23.1984,33
77,122,-0.0038,-0.0003,100.0,518.67,642.9,1594.92,1412.66,14.62,21.61,552.75,2388.19,9062.93,1.3,47.67,520.28,2388.21,8135.36,8.4789,0.03,393,2388,100.0,38.7,23.172,32
77,123,-0.0003,-0.0,100.0,518.67,643.04,1589.03,1416.1,14.62,21.61,553.6,2388.18,9063.49,1.3,47.74,520.75,2388.16,8140.02,8.4533,0.03,393,2388,100.0,38.56,23.2158,31
77,124,0.0024,-0.0003,100.0,518.67,643.03,1590.52,1416.74,14.62,21.61,552.41,2388.19,9059.84,1.3,47.89,520.69,2388.19,8135.14,8.4787,0.03,393,2388,100.0,38.77,23.1952,30
77,125,0.0008,0.0,100.0,518.67,643.06,1599.57,1418.51,14.62,21.61,552.11,2388.23,9061.21,1.3,47.81,520.37,2388.2,8139.7,8.4794,0.03,393,2388,100.0,38.54,23.2455,29
77,126,-0.0021,-0.0003,100.0,518.67,642.93,1593.37,1417.47,14.62,21.61,552.5,2388.18,9059.33,1.3,47.87,520.86,2388.18,8140.62,8.4454,0.03,394,2388,100.0,38.8,23.166,28
77,127,-0.0034,-0.0003,100.0,518.67,643.48,1592.36,1424.27,14.62,21.61,552.78,2388.18,9052.08,1.3,47.79,520.35,2388.22,8135.83,8.4995,0.03,395,2388,100.0,38.9,23.2057,27
77,128,-0.0045,-0.0002,100.0,518.67,643.2,1599.17,1421.89,14.62,21.61,552.47,2388.14,9063.91,1.3,47.77,520.38,2388.19,8135.47,8.4873,0.03,394,2388,100.0,38.53,23.1953,26
77,129,-0.0021,0.0001,100.0,518.67,643.55,1590.15,1417.15,14.62,21.61,552.49,2388.16,9063.9,1.3,47.87,520.03,2388.16,8142.11,8.5181,0.03,396,2388,100.0,38.85,23.1989,25
77,130,-0.0023,0.0001,100.0,518.67,643.02,1595.82,1422.54,14.62,21.61,552.46,2388.18,9068.36,1.3,47.84,520.43,2388.13,8141.41,8.4626,0.03,396,2388,100.0,38.83,23.1767,24
77,131,-0.0,0.0001,100.0,518.67,643.06,1596.61,1412.71,14.62,21.61,552.04,2388.16,9061.24,1.3,47.86,520.99,2388.2,8140.25,8.4882,0.03,395,2388,100.0,38.74,23.3388,23
77,132,0.0012,-0.0004,100.0,518.67,643.38,1602.24,1420.27,14.62,21.61,552.66,2388.19,9062.0,1.3,48.0,520.19,2388.22,8142.13,8.487,0.03,395,2388,100.0,38.52,23.1739,22
77,133,0.0032,-0.0005,100.0,518.67,643.06,1590.19,1418.03,14.62,21.61,551.9,2388.17,9062.99,1.3,47.65,520.73,2388.14,8134.1,8.5025,0.03,396,2388,100.0,38.42,23.147,21
77,134,0.0006,0.0002,100.0,518.67,643.66,1595.34,1417.9,14.62,21.61,552.93,2388.19,9067.22,1.3,47.92,520.61,2388.14,8138.58,8.4781,0.03,394,2388,100.0,38.77,23.1558,20
77,135,0.0007,0.0004,100.0,518.67,643.37,1592.53,1419.16,14.62,21.61,552.18,2388.18,9055.96,1.3,47.93,520.48,2388.21,8134.54,8.5044,0.03,396,2388,100.0,38.64,23.1469,19
77,136,-0.0018,0.0002,100.0,518.67,643.98,1591.07,1409.57,14.62,21.61,552.29,2388.21,9064.23,1.3,48.0,520.1,2388.23,8136.58,8.4964,0.03,396,2388,100.0,38.7,23.1985,18
77,137,-0.005,-0.0004,100.0,518.67,642.93,1606.2,1417.29,14.62,21.61,551.79,2388.21,9061.16,1.3,47.97,520.51,2388.24,8136.32,8.4975,0.03,395,2388,100.0,38.56,23.1274,17
77,138,0.0025,0.0004,100.0,518.67,643.14,1608.28,1419.0,14.62,21.61,552.45,2388.17,9071.95,1.3,47.83,520.49,2388.2,8140.63,8.5129,0.03,396,2388,100.0,38.52,23.1556,16
77,139,-0.0047,-0.0005,100.0,518.67,643.41,1601.91,1419.03,14.62,21.61,551.99,2388.21,9065.21,1.3,47.95,520.67,2388.19,8139.01,8.4958,0.03,394,2388,100.0,38.5,23.0929,15
77,140,0.0024,-0.0002,100.0,518.67,643.24,1596.97,1423.24,14.62,21.61,551.9,2388.22,9074.99,1.3,47.97,520.29,2388.18,8143.94,8.5246,0.03,395,2388,100.0,38.54,23.0823,14
77,141,0.0007,-0.0004,100.0,518.67,643.09,1602.25,1416.6,14.62,21.61,551.73,2388.21,9062.39,1.3,47.86,520.26,2388.17,8145.57,8.4908,0.03,396,2388,100.0,38.66,23.0397,13
77,142,0.0013,0.0001,100.0,518.67,643.02,1593.8,1426.77,14.62,21.61,551.85,2388.22,9074.13,1.3,47.91,520.27,2388.21,8144.85,8.4793,0.03,395,2388,100.0,38.64,23.1973,12
77,143,0.0017,0.0,100.0,518.67,643.27,1606.55,1421.85,14.62,21.61,552.02,2388.21,9064.42,1.3,47.91,520.08,2388.21,8143.23,8.4697,0.03,394,2388,100.0,38.61,23.099,11
77,144,-0.0018,0.0002,100.0,518.67,643.87,1599.52,1423.96,14.62,21.61,551.49,2388.23,9071.32,1.3,47.97,519.93,2388.26,8146.54,8.465,0.03,396,2388,100.0,38.71,23.0314,10
77,145,-0.0035,-0.0002,100.0,518.67,643.03,1599.24,1426.0,14.62,21.61,551.31,2388.22,9070.29,1.3,48.07,520.21,2388.25,8145.02,8.5291,0.03,395,2388,100.0,38.66,23.0945,9
77,146,0.0002,0.0004,100.0,518.67,643.12,1606.96,1423.84,14.62,21.61,552.0,2388.2,9067.18,1.3,48.02,519.85,2388.23,8144.68,8.5117,0.03,396,2388,100.0,38.5,23.1474,8
77,147,0.0018,0.0004,100.0,518.67,642.92,1598.62,1419.2,14.62,21.61,551.88,2388.19,9072.67,1.3,48.17,519.76,2388.11,8136.32,8.527,0.03,396,2388,100.0,38.41,23.1524,7
77,148,-0.0002,-0.0003,100.0,518.67,643.52,1590.78,1426.85,14.62,21.61,552.29,2388.14,9074.69,1.3,48.1,519.73,2388.24,8151.88,8.5134,0.03,395,2388,100.0,38.4,23.0164,6
77,149,-0.0025,0.0004,100.0,518.67,643.52,1602.14,1428.06,14.62,21.61,551.19,2388.21,9074.56,1.3,48.03,519.29,2388.2,8143.76,8.5141,0.03,396,2388,100.0,38.26,22.9364,5
77,150,0.001,-0.0002,100.0,518.67,643.87,1599.88,1430.02,14.62,21.61,551.01,2388.24,9078.59,1.3,48.29,519.64,2388.25,8141.64,8.5131,0.03,397,2388,100.0,38.45,23.0717,4
77,151,-0.0003,-0.0005,100.0,518.67,643.35,1603.88,1425.5,14.62,21.61,552.22,2388.24,9072.62,1.3,48.12,520.54,2388.28,8146.6,8.517,0.03,395,2388,100.0,38.44,23.0762,3
77,152,-0.0002,0.0003,100.0,518.67,643.79,1606.27,1427.02,14.62,21.61,552.07,2388.21,9073.81,1.3,48.14,519.71,2388.27,8145.5,8.5169,0.03,395,2388,100.0,38.64,23.107,2
77,153,-0.0012,0.0002,100.0,518.67,643.81,1607.37,1426.15,14.62,21.61,550.82,2388.3,9080.28,1.3,48.26,519.19,2388.2,8151.17,8.53,0.03,395,2388,100.0,38.46,23.1067,1
77,154,0.0009,-0.0004,100.0,518.67,643.49,1601.95,1423.58,14.62,21.61,551.86,2388.27,9074.92,1.3,48.08,519.38,2388.24,8148.51,8.5105,0.03,399,2388,100.0,38.29,23.0154,0
78,1,0.0016,-0.0004,100.0,518.67,642.0,1587.5,1395.1,14.62,21.61,554.76,2388.02,9055.79,1.3,47.0,522.48,2387.96,8139.23,8.3303,0.03,392,2388,100.0,39.26,23.4923,230
78,2,0.0002,-0.0005,100.0,518.67,641.45,1586.11,1394.24,14.62,21.6,555.1,2387.98,9053.91,1.3,47.23,522.87,2387.99,8144.53,8.406,0.03,391,2388,100.0,39.21,23.3712,229
78,3,-0.0002,-0.0004,100.0,518.67,641.96,1586.33,1396.56,14.62,21.6,555.45,2387.98,9048.37,1.3,47.12,522.93,2388.07,8138.47,8.3995,0.03,390,2388,100.0,39.09,23.4523,228
78,4,0.0037,-0.0002,100.0,518.67,642.14,1591.12,1396.67,14.62,21.6,555.58,2387.98,9060.95,1.3,47.04,522.1,2388.01,8140.27,8.3548,0.03,390,2388,100.0,39.16,23.4028,227
78,5,0.004,-0.0005,100.0,518.67,642.0,1578.97,1399.11,14.62,21.61,554.98,2388.02,9061.21,1.3,46.9,521.95,2387.99,8140.12,8.4112,0.03,391,2388,100.0,39.17,23.5384,226
78,6,-0.0006,0.0004,100.0,518.67,641.69,1579.1,1401.36,14.62,21.61,554.75,2388.02,9051.03,1.3,47.24,522.89,2388.03,8139.28,8.3971,0.03,390,2388,100.0,39.0,23.405,225
78,7,0.0001,0.0001,100.0,518.67,641.56,1584.97,1401.27,14.62,21.61,554.58,2388.01,9049.62,1.3,47.04,522.05,2388.01,8139.96,8.3939,0.03,392,2388,100.0,38.96,23.3515,224
78,8,-0.0009,-0.0004,100.0,518.67,642.05,1583.58,1391.06,14.62,21.61,555.12,2387.93,9054.72,1.3,47.01,522.92,2388.02,8140.22,8.3638,0.03,391,2388,100.0,39.14,23.3932,223
78,9,0.0,0.0002,100.0,518.67,642.18,1589.59,1392.94,14.62,21.61,554.97,2388.03,9053.67,1.3,47.2,522.69,2388.0,8140.4,8.3387,0.03,390,2388,100.0,39.08,23.406,222
78,10,0.0008,-0.0004,100.0,518.67,641.91,1584.85,1398.76,14.62,21.61,554.45,2388.01,9054.04,1.3,47.17,522.45,2388.02,8136.69,8.3976,0.03,392,2388,100.0,39.08,23.4687,221
78,11,0.0009,-0.0002,100.0,518.67,642.15,1580.93,1402.4,14.62,21.6,554.88,2387.98,9059.04,1.3,46.99,523.04,2388.03,8136.86,8.3544,0.03,392,2388,100.0,38.9,23.4828,220
78,12,0.0027,-0.0003,100.0,518.67,641.5,1576.39,1393.63,14.62,21.61,554.96,2387.97,9052.1,1.3,47.22,522.19,2388.0,8141.2,8.3806,0.03,392,2388,100.0,39.16,23.4755,219
78,13,-0.0004,-0.0001,100.0,518.67,642.06,1587.39,1402.26,14.62,21.61,554.37,2387.97,9057.07,1.3,47.14,522.18,2387.97,8142.15,8.3878,0.03,391,2388,100.0,39.02,23.4886,218
78,14,0.001,-0.0003,100.0,518.67,642.42,1581.03,1396.1,14.62,21.61,555.19,2387.92,9059.01,1.3,47.03,522.41,2388.0,8141.96,8.404,0.03,391,2388,100.0,39.14,23.42,217
78,15,0.0058,0.0003,100.0,518.67,641.91,1580.52,1402.63,14.62,21.61,553.72,2387.98,9065.77,1.3,47.2,522.26,2388.01,8140.95,8.4012,0.03,392,2388,100.0,39.03,23.3573,216
78,16,0.0058,-0.0001,100.0,518.67,641.58,1585.95,1394.54,14.62,21.61,554.53,2387.99,9057.26,1.3,47.07,522.36,2388.02,8139.08,8.4278,0.03,391,2388,100.0,39.13,23.4326,215
78,17,-0.0001,0.0002,100.0,518.67,641.97,1585.03,1395.12,14.62,21.61,554.71,2388.0,9056.98,1.3,47.02,522.62,2387.98,8147.2,8.4089,0.03,391,2388,100.0,39.26,23.4052,214
78,18,0.0033,0.0001,100.0,518.67,642.19,1582.07,1396.83,14.62,21.61,554.29,2387.99,9064.13,1.3,47.06,523.01,2388.01,8146.36,8.3249,0.03,391,2388,100.0,38.95,23.4043,213
78,19,-0.0028,-0.0,100.0,518.67,642.18,1590.55,1398.36,14.62,21.61,554.52,2388.09,9049.69,1.3,47.25,522.54,2387.97,8136.8,8.3837,0.03,391,2388,100.0,39.05,23.4471,212
78,20,0.0002,0.0003,100.0,518.67,642.29,1572.67,1394.47,14.62,21.6,554.41,2388.0,9058.46,1.3,47.09,522.09,2388.01,8138.34,8.3674,0.03,392,2388,100.0,39.24,23.4428,211
78,21,-0.0009,0.0001,100.0,518.67,642.0,1589.19,1393.77,14.62,21.6,554.58,2388.02,9054.31,1.3,47.15,522.12,2388.04,8136.81,8.3887,0.03,392,2388,100.0,39.23,23.4249,210
78,22,0.0021,0.0004,100.0,518.67,642.15,1581.67,1394.89,14.62,21.61,554.58,2387.98,9059.25,1.3,47.27,522.68,2388.01,8141.71,8.4123,0.03,391,2388,100.0,39.12,23.4315,209
78,23,-0.0012,-0.0002,100.0,518.67,641.47,1590.37,1394.03,14.62,21.61,554.06,2388.01,9061.44,1.3,47.06,522.71,2388.02,8136.33,8.409,0.03,392,2388,100.0,39.13,23.5275,208
78,24,0.0014,-0.0,100.0,518.67,641.77,1584.09,1393.2,14.62,21.61,555.03,2388.01,9059.99,1.3,47.18,521.92,2388.0,8141.69,8.4058,0.03,390,2388,100.0,39.05,23.381,207
78,25,-0.0013,-0.0005,100.0,518.67,642.11,1582.28,1397.0,14.62,21.61,554.28,2387.98,9053.83,1.3,47.2,522.58,2387.94,8143.7,8.3709,0.03,391,2388,100.0,39.07,23.4604,206
78,26,0.0012,0.0001,100.0,518.67,642.14,1583.98,1395.33,14.62,21.6,554.88,2387.98,9054.83,1.3,47.19,522.2,2387.96,8135.31,8.3759,0.03,392,2388,100.0,39.09,23.3506,205
78,27,-0.0,0.0001,100.0,518.67,641.79,1580.41,1391.44,14.62,21.61,554.53,2387.95,9058.55,1.3,47.15,522.39,2388.03,8137.04,8.3847,0.03,392,2388,100.0,39.03,23.4377,204
78,28,0.0038,0.0004,100.0,518.67,642.0,1583.3,1396.32,14.62,21.61,554.31,2387.98,9059.58,1.3,47.03,522.64,2387.98,8145.88,8.4081,0.03,391,2388,100.0,38.99,23.4235,203
78,29,0.0006,-0.0005,100.0,518.67,641.76,1587.66,1393.15,14.62,21.61,554.55,2388.02,9049.25,1.3,47.1,522.6,2387.97,8141.89,8.3835,0.03,391,2388,100.0,38.98,23.6064,202
78,30,-0.0008,-0.0002,100.0,518.67,642.45,1590.95,1391.41,14.62,21.61,554.52,2388.04,9057.78,1.3,47.18,522.46,2387.98,8139.5,8.3799,0.03,390,2388,100.0,39.25,23.4607,201
78,31,0.0003,-0.0004,100.0,518.67,642.18,1589.18,1388.26,14.62,21.61,554.64,2387.97,9054.44,1.3,47.25,522.35,2387.99,8139.42,8.4077,0.03,392,2388,100.0,39.18,23.4287,200
78,32,-0.0011,0.0001,100.0,518.67,642.22,1580.42,1382.25,14.62,21.61,554.68,2387.94,9056.73,1.3,47.06,522.27,2387.96,8140.75,8.3978,0.03,390,2388,100.0,39.05,23.4894,199
78,33,0.0012,0.0002,100.0,518.67,642.02,1578.83,1397.92,14.62,21.61,554.92,2388.04,9051.73,1.3,47.08,522.38,2387.99,8133.89,8.3921,0.03,393,2388,100.0,39.11,23.4207,198
78,34,-0.0024,-0.0004,100.0,518.67,641.9,1582.77,1395.04,14.62,21.61,554.51,2388.02,9058.02,1.3,46.96,522.38,2387.97,8138.45,8.406,0.03,391,2388,100.0,39.0,23.462,197
78,35,0.0069,0.0005,100.0,518.67,641.66,1581.09,1399.52,14.62,21.6,554.02,2388.02,9055.97,1.3,47.1,522.56,2388.04,8138.31,8.3917,0.03,392,2388,100.0,38.99,23.3923,196
78,36,-0.0027,0.0001,100.0,518.67,642.0,1582.28,1402.15,14.62,21.6,554.35,2387.99,9052.84,1.3,47.08,521.99,2388.04,8143.55,8.3358,0.03,392,2388,100.0,39.1,23.4342,195
78,37,0.0008,-0.0004,100.0,518.67,642.69,1583.05,1400.5,14.62,21.61,555.29,2388.01,9066.6,1.3,47.04,522.69,2388.03,8142.29,8.4319,0.03,393,2388,100.0,39.31,23.4179,194
78,38,0.0026,-0.0003,100.0,518.67,641.69,1590.53,1397.51,14.62,21.61,555.52,2388.03,9062.74,1.3,47.21,522.61,2388.05,8141.81,8.3712,0.03,389,2388,100.0,39.11,23.379,193
78,39,0.0023,-0.0001,100.0,518.67,642.21,1586.08,1392.81,14.62,21.61,554.99,2388.01,9057.71,1.3,47.1,522.36,2387.98,8146.05,8.3929,0.03,392,2388,100.0,39.13,23.3995,192
78,40,-0.003,0.0003,100.0,518.67,641.73,1577.8,1392.93,14.62,21.61,554.95,2387.95,9057.42,1.3,47.22,522.31,2387.97,8140.83,8.4287,0.03,391,2388,100.0,39.05,23.4753,191
78,41,-0.0025,-0.0,100.0,518.67,642.02,1589.95,1404.02,14.62,21.61,554.21,2387.97,9054.05,1.3,47.29,522.49,2387.97,8139.87,8.3956,0.03,392,2388,100.0,39.18,23.4586,190
78,42,-0.0013,0.0001,100.0,518.67,642.31,1586.48,1396.27,14.62,21.61,554.53,2388.05,9056.73,1.3,47.28,522.24,2388.07,8137.4,8.3791,0.03,391,2388,100.0,38.98,23.4806,189
78,43,0.0018,0.0005,100.0,518.67,642.65,1579.28,1397.63,14.62,21.61,555.38,2388.04,9061.62,1.3,47.16,522.77,2388.04,8141.06,8.3999,0.03,392,2388,100.0,39.19,23.4343,188
78,44,0.0035,0.0003,100.0,518.67,642.09,1588.84,1394.42,14.62,21.61,554.62,2388.01,9060.76,1.3,47.29,522.83,2387.99,8141.66,8.3855,0.03,392,2388,100.0,39.07,23.5825,187
78,45,-0.0017,0.0004,100.0,518.67,642.51,1584.36,1399.3,14.62,21.6,553.83,2388.01,9053.69,1.3,47.15,522.77,2387.9,8138.25,8.462,0.03,391,2388,100.0,38.91,23.449,186
78,46,0.0033,0.0003,100.0,518.67,642.35,1581.22,1396.86,14.62,21.61,554.75,2388.03,9058.3,1.3,47.28,523.03,2388.01,8138.94,8.4012,0.03,393,2388,100.0,39.0,23.4537,185
78,47,-0.0005,-0.0004,100.0,518.67,641.82,1583.15,1391.02,14.62,21.61,554.05,2388.0,9059.65,1.3,47.03,522.47,2387.98,8139.23,8.3928,0.03,391,2388,100.0,39.1,23.3871,184
78,48,-0.0012,-0.0001,100.0,518.67,641.9,1584.07,1395.83,14.62,21.61,553.37,2387.94,9054.83,1.3,47.27,522.46,2387.97,8139.24,8.4064,0.03,391,2388,100.0,38.95,23.486,183
78,49,0.0031,-0.0003,100.0,518.67,642.2,1579.41,1393.43,14.62,21.61,554.86,2388.0,9062.79,1.3,47.13,521.8,2388.03,8143.36,8.4061,0.03,391,2388,100.0,38.85,23.3193,182
78,50,-0.0006,-0.0001,100.0,518.67,641.64,1584.88,1392.53,14.62,21.61,554.35,2387.99,9060.42,1.3,46.99,522.29,2388.03,8141.27,8.3843,0.03,392,2388,100.0,39.0,23.4077,181
78,51,-0.0033,0.0003,100.0,518.67,642.39,1585.03,1401.62,14.62,21.61,554.24,2388.08,9059.89,1.3,47.33,522.98,2388.04,8145.05,8.4074,0.03,391,2388,100.0,39.14,23.3952,180
78,52,0.0015,-0.0002,100.0,518.67,642.29,1579.12,1390.91,14.62,21.6,554.77,2388.06,9058.35,1.3,47.24,522.57,2387.99,8145.98,8.4289,0.03,391,2388,100.0,39.14,23.433,179
78,53,-0.002,-0.0001,100.0,518.67,641.97,1572.46,1396.16,14.62,21.6,554.45,2388.05,9050.93,1.3,47.16,522.44,2387.97,8143.38,8.3773,0.03,392,2388,100.0,39.07,23.4288,178
78,54,-0.0009,0.0004,100.0,518.67,641.85,1579.43,1394.73,14.62,21.61,554.87,2387.98,9059.13,1.3,47.22,521.95,2388.0,8135.54,8.3894,0.03,391,2388,100.0,39.03,23.4616,177
78,55,0.001,-0.0002,100.0,518.67,641.55,1587.66,1388.25,14.62,21.61,554.56,2387.98,9052.63,1.3,47.26,522.31,2387.96,8143.57,8.3776,0.03,391,2388,100.0,38.93,23.4318,176
78,56,0.0028,-0.0002,100.0,518.67,641.97,1587.21,1397.7,14.62,21.6,554.68,2388.0,9057.06,1.3,47.09,522.47,2387.97,8142.05,8.4031,0.03,391,2388,100.0,38.84,23.4089,175
78,57,-0.0008,0.0002,100.0,518.67,642.3,1582.75,1393.11,14.62,21.61,554.17,2387.96,9053.35,1.3,47.06,522.54,2387.98,8143.12,8.3668,0.03,393,2388,100.0,39.1,23.3244,174
78,58,-0.0015,0.0,100.0,518.67,641.86,1586.23,1409.24,14.62,21.61,553.98,2388.0,9056.8,1.3,47.19,522.11,2388.04,8147.44,8.3525,0.03,392,2388,100.0,39.2,23.5083,173
78,59,-0.002,0.0001,100.0,518.67,642.34,1591.43,1394.46,14.62,21.61,554.64,2388.01,9054.02,1.3,47.15,522.41,2388.01,8145.64,8.4152,0.03,393,2388,100.0,39.18,23.421,172
78,60,-0.0016,-0.0001,100.0,518.67,642.27,1580.72,1394.66,14.62,21.61,554.13,2387.95,9054.99,1.3,47.19,522.51,2387.98,8139.3,8.3781,0.03,392,2388,100.0,39.0,23.489,171
78,61,0.0022,-0.0004,100.0,518.67,641.79,1588.09,1396.71,14.62,21.61,554.69,2387.98,9066.71,1.3,47.23,522.43,2388.01,8143.45,8.4101,0.03,391,2388,100.0,39.06,23.4251,170
78,62,0.0019,-0.0005,100.0,518.67,642.01,1579.61,1403.44,14.62,21.61,554.06,2388.0,9060.08,1.3,47.09,522.69,2387.97,8130.33,8.3981,0.03,390,2388,100.0,39.01,23.2963,169
78,63,-0.0012,-0.0005,100.0,518.67,641.76,1591.07,1399.13,14.62,21.61,554.65,2387.99,9052.95,1.3,47.16,521.85,2388.01,8137.87,8.3804,0.03,391,2388,100.0,39.0,23.476,168
78,64,-0.0009,-0.0001,100.0,518.67,642.09,1579.69,1397.25,14.62,21.61,555.01,2387.99,9065.4,1.3,47.16,522.53,2388.02,8143.26,8.3824,0.03,391,2388,100.0,39.02,23.5269,167
78,65,0.0007,0.0004,100.0,518.67,642.49,1581.95,1394.86,14.62,21.61,554.71,2388.03,9057.72,1.3,47.09,522.36,2387.98,8138.39,8.3967,0.03,392,2388,100.0,39.18,23.3452,166
78,66,-0.0048,0.0001,100.0,518.67,641.69,1586.59,1399.64,14.62,21.61,554.08,2387.99,9057.62,1.3,47.39,522.5,2388.01,8139.06,8.4035,0.03,391,2388,100.0,39.02,23.4911,165
78,67,0.0039,-0.0005,100.0,518.67,642.1,1583.62,1393.91,14.62,21.61,554.74,2387.98,9058.16,1.3,47.32,522.05,2387.96,8141.37,8.3868,0.03,391,2388,100.0,39.0,23.5012,164
78,68,0.0021,-0.0,100.0,518.67,642.18,1586.33,1399.83,14.62,21.61,554.25,2388.01,9054.23,1.3,47.14,521.93,2388.02,8139.98,8.3729,0.03,390,2388,100.0,39.16,23.3275,163
78,69,0.0021,-0.0002,100.0,518.67,641.81,1586.41,1389.95,14.62,21.61,554.23,2387.98,9051.31,1.3,47.24,522.32,2388.03,8140.6,8.3898,0.03,392,2388,100.0,39.19,23.4704,162
78,70,0.0005,0.0001,100.0,518.67,642.05,1585.08,1391.43,14.62,21.61,555.06,2387.98,9059.12,1.3,46.91,522.57,2388.0,8141.42,8.4081,0.03,391,2388,100.0,38.93,23.4912,161
78,71,-0.0021,-0.0,100.0,518.67,642.1,1583.49,1397.47,14.62,21.61,554.73,2387.99,9060.24,1.3,47.2,522.17,2387.99,8145.6,8.4295,0.03,391,2388,100.0,38.92,23.4197,160
78,72,-0.0003,-0.0002,100.0,518.67,642.22,1575.4,1400.88,14.62,21.6,554.83,2388.01,9049.34,1.3,47.11,522.15,2387.97,8140.96,8.4149,0.03,392,2388,100.0,39.08,23.4371,159
78,73,0.0033,-0.0005,100.0,518.67,642.41,1588.83,1392.86,14.62,21.61,554.4,2387.96,9065.29,1.3,47.15,522.41,2388.07,8141.27,8.3879,0.03,390,2388,100.0,39.05,23.4719,158
78,74,-0.0001,0.0003,100.0,518.67,642.8,1585.88,1400.4,14.62,21.61,554.68,2388.01,9058.9,1.3,47.17,522.09,2388.02,8143.21,8.4133,0.03,393,2388,100.0,39.16,23.4287,157
78,75,0.0035,0.0004,100.0,518.67,642.06,1583.69,1399.97,14.62,21.61,554.16,2388.02,9058.56,1.3,47.05,522.18,2387.98,8140.46,8.3839,0.03,389,2388,100.0,39.07,23.4044,156
78,76,0.0004,0.0002,100.0,518.67,641.94,1585.62,1395.47,14.62,21.61,553.89,2388.02,9053.15,1.3,47.05,522.54,2387.99,8140.23,8.3942,0.03,390,2388,100.0,39.27,23.3769,155
78,77,-0.0014,0.0004,100.0,518.67,642.16,1583.03,1397.49,14.62,21.61,554.58,2388.02,9048.55,1.3,47.1,521.97,2388.04,8143.58,8.3865,0.03,392,2388,100.0,38.92,23.3148,154
78,78,0.0004,0.0003,100.0,518.67,642.81,1580.73,1400.32,14.62,21.6,554.48,2388.01,9063.79,1.3,47.28,522.26,2388.02,8142.55,8.3838,0.03,391,2388,100.0,39.0,23.4649,153
78,79,0.002,0.0003,100.0,518.67,642.43,1591.9,1397.93,14.62,21.61,554.91,2387.99,9056.98,1.3,47.0,522.55,2388.01,8139.63,8.4298,0.03,391,2388,100.0,39.18,23.2759,152
78,80,-0.006,0.0003,100.0,518.67,641.86,1587.43,1396.77,14.62,21.61,554.66,2387.98,9055.94,1.3,47.5,521.68,2387.94,8143.45,8.4018,0.03,391,2388,100.0,39.03,23.3328,151
78,81,-0.0021,-0.0004,100.0,518.67,641.52,1581.96,1405.43,14.62,21.61,554.32,2388.04,9053.82,1.3,47.14,523.04,2388.03,8136.96,8.406,0.03,392,2388,100.0,38.84,23.3852,150
78,82,0.0018,0.0001,100.0,518.67,642.23,1580.34,1392.83,14.62,21.61,554.45,2388.03,9055.41,1.3,47.04,522.45,2388.02,8150.14,8.4199,0.03,392,2388,100.0,38.92,23.4962,149
78,83,-0.0005,-0.0005,100.0,518.67,642.12,1590.83,1391.58,14.62,21.61,554.0,2388.03,9058.02,1.3,47.23,522.2,2388.02,8138.88,8.425,0.03,391,2388,100.0,38.95,23.4818,148
78,84,0.0001,0.0002,100.0,518.67,642.09,1581.32,1402.33,14.62,21.61,554.33,2388.0,9057.02,1.3,47.15,522.59,2388.05,8138.53,8.4209,0.03,391,2388,100.0,38.95,23.3136,147
78,85,0.0014,0.0,100.0,518.67,641.98,1585.81,1399.85,14.62,21.61,554.4,2388.02,9063.35,1.3,47.41,522.28,2387.99,8140.51,8.408,0.03,391,2388,100.0,39.15,23.4231,146
78,86,0.0002,-0.0002,100.0,518.67,642.72,1585.99,1402.95,14.62,21.61,554.4,2387.95,9055.32,1.3,47.13,522.75,2388.04,8138.85,8.3908,0.03,391,2388,100.0,39.23,23.4651,145
78,87,-0.0038,0.0002,100.0,518.67,642.37,1584.91,1398.11,14.62,21.61,554.41,2388.02,9058.8,1.3,47.3,521.95,2387.99,8141.08,8.4093,0.03,392,2388,100.0,39.0,23.46,144
78,88,0.0022,0.0,100.0,518.67,642.6,1589.02,1395.69,14.62,21.61,554.6,2387.99,9062.64,1.3,47.12,522.05,2388.02,8142.14,8.4175,0.03,391,2388,100.0,38.98,23.3106,143
78,89,0.0014,0.0004,100.0,518.67,641.93,1588.07,1401.71,14.62,21.61,554.19,2388.0,9059.09,1.3,47.3,522.58,2388.05,8142.19,8.3578,0.03,392,2388,100.0,39.09,23.3096,142
78,90,-0.0021,0.0003,100.0,518.67,642.49,1586.05,1407.61,14.62,21.61,554.87,2388.03,9053.01,1.3,47.43,521.62,2387.97,8132.16,8.4242,0.03,392,2388,100.0,39.08,23.427,141
78,91,0.0006,0.0001,100.0,518.67,641.76,1587.4,1396.73,14.62,21.61,553.81,2388.08,9054.85,1.3,47.38,522.45,2387.97,8140.26,8.3434,0.03,393,2388,100.0,39.08,23.4101,140
78,92,0.0005,0.0004,100.0,518.67,642.37,1585.87,1399.05,14.62,21.6,554.18,2388.07,9058.28,1.3,47.14,522.58,2388.01,8144.78,8.4164,0.03,392,2388,100.0,38.91,23.4303,139
78,93,-0.0016,0.0001,100.0,518.67,641.81,1575.74,1400.36,14.62,21.6,553.62,2388.04,9060.9,1.3,47.21,522.02,2388.02,8137.23,8.4083,0.03,393,2388,100.0,38.96,23.3643,138
78,94,0.0016,-0.0002,100.0,518.67,642.29,1586.88,1399.23,14.62,21.61,554.24,2387.98,9057.75,1.3,47.27,522.35,2387.96,8135.45,8.4748,0.03,392,2388,100.0,39.11,23.5011,137
78,95,0.0026,0.0004,100.0,518.67,642.09,1580.71,1395.9,14.62,21.61,554.62,2387.98,9061.69,1.3,47.2,522.26,2388.02,8138.09,8.4218,0.03,392,2388,100.0,39.05,23.4219,136
78,96,0.0003,0.0001,100.0,518.67,641.95,1585.83,1404.09,14.62,21.61,554.31,2388.02,9060.03,1.3,47.4,522.11,2388.05,8144.4,8.4199,0.03,394,2388,100.0,38.98,23.4942,135
78,97,0.0018,-0.0003,100.0,518.67,642.5,1581.51,1398.16,14.62,21.61,554.1,2388.04,9060.38,1.3,47.3,522.15,2388.03,8143.48,8.4174,0.03,391,2388,100.0,38.94,23.4009,134
78,98,-0.0027,0.0001,100.0,518.67,642.19,1576.65,1399.66,14.62,21.61,553.95,2388.01,9061.95,1.3,47.23,522.25,2388.0,8145.45,8.421,0.03,393,2388,100.0,38.84,23.4116,133
78,99,0.0004,-0.0001,100.0,518.67,641.79,1583.97,1399.98,14.62,21.61,555.34,2388.02,9063.92,1.3,47.11,522.05,2388.02,8142.63,8.4057,0.03,392,2388,100.0,38.94,23.4756,132
78,100,0.0023,-0.0002,100.0,518.67,641.5,1586.11,1401.7,14.62,21.61,554.16,2388.03,9057.73,1.3,47.19,522.13,2388.02,8148.96,8.4152,0.03,393,2388,100.0,38.83,23.3757,131
78,101,0.0027,-0.0,100.0,518.67,642.69,1583.12,1397.89,14.62,21.61,554.27,2387.97,9050.9,1.3,47.2,522.16,2388.02,8141.68,8.4184,0.03,391,2388,100.0,38.93,23.4458,130
78,102,0.0002,0.0002,100.0,518.67,642.34,1585.71,1396.87,14.62,21.61,554.26,2388.04,9060.89,1.3,47.28,522.22,2388.01,8139.21,8.4188,0.03,392,2388,100.0,38.94,23.5048,129
78,103,0.0006,-0.0005,100.0,518.67,642.7,1583.29,1401.61,14.62,21.61,554.22,2388.06,9059.4,1.3,47.29,521.74,2388.04,8141.12,8.399,0.03,393,2388,100.0,39.0,23.3975,128
78,104,-0.0011,0.0004,100.0,518.67,641.72,1586.81,1396.57,14.62,21.61,554.26,2388.03,9058.83,1.3,47.4,522.91,2388.01,8140.9,8.3999,0.03,392,2388,100.0,38.98,23.3231,127
78,105,0.0008,0.0002,100.0,518.67,642.66,1584.55,1400.37,14.62,21.61,554.01,2387.98,9056.1,1.3,47.44,522.56,2388.05,8146.23,8.3838,0.03,391,2388,100.0,38.88,23.3435,126
78,106,-0.0042,0.0002,100.0,518.67,642.4,1587.69,1398.42,14.62,21.61,554.41,2388.01,9065.0,1.3,47.35,521.93,2387.97,8136.86,8.4113,0.03,391,2388,100.0,38.84,23.3195,125
78,107,-0.0019,-0.0004,100.0,518.67,641.7,1579.04,1397.81,14.62,21.6,553.94,2388.06,9058.84,1.3,47.29,522.07,2388.01,8143.55,8.3939,0.03,392,2388,100.0,39.01,23.4393,124
78,108,0.0007,0.0002,100.0,518.67,641.9,1581.3,1396.87,14.62,21.61,554.22,2388.06,9057.67,1.3,47.1,522.02,2388.05,8141.06,8.3718,0.03,392,2388,100.0,38.93,23.4695,123
78,109,-0.006,-0.0,100.0,518.67,641.91,1580.32,1403.96,14.62,21.61,554.67,2388.01,9058.8,1.3,47.42,522.51,2388.03,8144.8,8.4023,0.03,393,2388,100.0,39.01,23.3656,122
78,110,-0.0021,-0.0002,100.0,518.67,642.41,1586.47,1400.21,14.62,21.61,554.24,2388.05,9056.02,1.3,47.35,522.29,2388.03,8143.21,8.4048,0.03,392,2388,100.0,39.0,23.4413,121
78,111,-0.0031,-0.0004,100.0,518.67,642.04,1587.48,1407.24,14.62,21.61,554.5,2388.01,9058.64,1.3,47.29,521.77,2387.98,8145.83,8.4077,0.03,391,2388,100.0,39.12,23.3469,120
78,112,-0.0014,0.0003,100.0,518.67,642.58,1589.46,1408.6,14.62,21.61,554.16,2388.06,9064.01,1.3,47.27,522.66,2388.0,8142.61,8.4317,0.03,393,2388,100.0,39.01,23.4149,119
78,113,-0.0015,0.0004,100.0,518.67,642.87,1586.97,1397.83,14.62,21.61,553.92,2387.98,9059.16,1.3,47.04,522.81,2388.04,8146.17,8.3933,0.03,391,2388,100.0,38.85,23.4771,118
78,114,-0.0006,-0.0002,100.0,518.67,642.58,1582.74,1401.24,14.62,21.61,554.36,2388.09,9053.66,1.3,47.1,521.71,2388.1,8140.49,8.4343,0.03,391,2388,100.0,38.87,23.3592,117
78,115,-0.0012,-0.0002,100.0,518.67,642.43,1590.86,1392.88,14.62,21.61,553.69,2388.05,9059.74,1.3,47.37,522.45,2388.02,8144.98,8.4079,0.03,392,2388,100.0,39.13,23.3299,116
78,116,0.0003,0.0004,100.0,518.67,642.06,1588.22,1400.17,14.62,21.61,553.42,2388.01,9063.36,1.3,47.2,522.05,2388.01,8136.42,8.383,0.03,392,2388,100.0,38.88,23.3085,115
78,117,0.001,0.0004,100.0,518.67,641.81,1585.26,1396.06,14.62,21.61,554.94,2388.05,9059.54,1.3,47.38,521.83,2388.01,8140.81,8.3748,0.03,389,2388,100.0,39.12,23.3804,114
78,118,-0.0032,0.0003,100.0,518.67,642.28,1581.92,1397.99,14.62,21.61,553.27,2388.1,9054.81,1.3,47.52,522.1,2388.0,8137.79,8.4341,0.03,393,2388,100.0,38.97,23.392,113
78,119,-0.0026,-0.0004,100.0,518.67,642.58,1579.99,1394.26,14.62,21.61,553.56,2388.04,9068.86,1.3,47.15,521.95,2387.99,8141.09,8.4218,0.03,392,2388,100.0,38.97,23.3879,112
78,120,-0.0011,-0.0004,100.0,518.67,642.17,1584.44,1391.51,14.62,21.61,554.37,2388.03,9062.63,1.3,47.18,521.75,2388.08,8146.98,8.4048,0.03,393,2388,100.0,39.06,23.361,111
78,121,-0.0008,-0.0004,100.0,518.67,642.35,1581.19,1400.04,14.62,21.61,554.37,2388.04,9062.73,1.3,47.19,521.29,2388.02,8145.1,8.4363,0.03,391,2388,100.0,38.99,23.2944,110
78,122,0.0012,-0.0001,100.0,518.67,642.31,1584.89,1398.27,14.62,21.61,554.64,2388.04,9065.39,1.3,47.29,522.49,2388.04,8146.45,8.4211,0.03,392,2388,100.0,38.88,23.244,109
78,123,0.0002,0.0002,100.0,518.67,642.09,1577.55,1405.09,14.62,21.61,554.04,2387.99,9057.52,1.3,47.38,521.99,2388.02,8145.58,8.4231,0.03,393,2388,100.0,38.95,23.33,108
78,124,0.0009,0.0,100.0,518.67,642.23,1587.56,1398.14,14.62,21.61,553.97,2388.0,9065.61,1.3,47.24,522.33,2388.05,8151.05,8.401,0.03,392,2388,100.0,38.96,23.3707,107
78,125,0.0026,-0.0001,100.0,518.67,642.45,1588.88,1401.99,14.62,21.61,554.18,2387.97,9066.82,1.3,47.35,522.17,2388.0,8147.41,8.4329,0.03,393,2388,100.0,38.97,23.3019,106
78,126,-0.0016,-0.0002,100.0,518.67,642.51,1582.6,1404.81,14.62,21.61,553.94,2388.06,9058.88,1.3,47.43,522.26,2387.99,8139.84,8.3846,0.03,394,2388,100.0,38.88,23.2584,105
78,127,0.0034,0.0003,100.0,518.67,642.74,1578.88,1397.96,14.62,21.61,553.73,2388.04,9061.63,1.3,47.33,522.37,2388.0,8139.58,8.4133,0.03,392,2388,100.0,39.15,23.3916,104
78,128,0.0005,0.0003,100.0,518.67,642.07,1589.93,1400.63,14.62,21.61,553.46,2388.07,9063.34,1.3,47.35,522.09,2388.05,8144.76,8.4113,0.03,392,2388,100.0,38.88,23.4197,103
78,129,-0.0026,-0.0001,100.0,518.67,641.98,1587.68,1398.81,14.62,21.6,553.88,2388.08,9064.47,1.3,47.08,522.08,2388.03,8138.7,8.3897,0.03,392,2388,100.0,38.82,23.4386,102
78,130,0.0032,0.0002,100.0,518.67,642.43,1586.05,1401.55,14.62,21.61,553.73,2388.04,9059.03,1.3,47.39,521.92,2388.02,8140.34,8.4271,0.03,392,2388,100.0,38.9,23.3201,101
78,131,-0.0008,-0.0003,100.0,518.67,642.14,1579.85,1398.44,14.62,21.61,555.19,2388.08,9055.64,1.3,47.44,522.16,2388.0,8140.34,8.4304,0.03,391,2388,100.0,38.81,23.4323,100
78,132,-0.0015,-0.0004,100.0,518.67,642.5,1587.02,1402.59,14.62,21.61,554.22,2388.01,9063.4,1.3,47.28,522.42,2388.0,8144.79,8.4427,0.03,392,2388,100.0,38.9,23.304,99
78,133,-0.0005,0.0003,100.0,518.67,642.15,1584.59,1400.57,14.62,21.61,554.36,2388.01,9056.56,1.3,47.4,522.18,2388.01,8139.14,8.4393,0.03,393,2388,100.0,39.04,23.3803,98
78,134,-0.0037,-0.0005,100.0,518.67,642.41,1595.16,1396.56,14.62,21.61,554.01,2388.02,9062.43,1.3,47.39,522.01,2388.03,8142.39,8.4452,0.03,390,2388,100.0,39.16,23.2828,97
78,135,0.0007,0.0005,100.0,518.67,642.29,1579.77,1395.0,14.62,21.61,554.22,2388.02,9056.23,1.3,47.27,522.37,2388.07,8147.77,8.4307,0.03,392,2388,100.0,39.06,23.3536,96
78,136,-0.0004,-0.0005,100.0,518.67,642.68,1593.67,1402.16,14.62,21.61,554.41,2388.07,9066.59,1.3,47.17,522.02,2388.0,8142.64,8.4315,0.03,392,2388,100.0,38.93,23.3242,95
78,137,-0.0031,-0.0004,100.0,518.67,642.2,1588.61,1409.95,14.62,21.61,553.8,2388.06,9064.99,1.3,47.35,522.18,2388.0,8146.47,8.3643,0.03,393,2388,100.0,38.92,23.3101,94
78,138,0.002,-0.0004,100.0,518.67,642.34,1584.42,1402.32,14.62,21.6,554.21,2388.08,9059.58,1.3,47.34,521.8,2388.02,8150.7,8.4149,0.03,393,2388,100.0,39.02,23.3667,93
78,139,0.0019,-0.0004,100.0,518.67,642.45,1583.62,1404.32,14.62,21.61,554.29,2388.05,9062.6,1.3,47.27,521.58,2388.04,8143.14,8.4278,0.03,392,2388,100.0,38.94,23.3516,92
78,140,0.0022,0.0004,100.0,518.67,642.39,1585.01,1407.66,14.62,21.61,553.56,2388.08,9059.24,1.3,47.37,521.97,2388.13,8149.17,8.423,0.03,391,2388,100.0,38.77,23.3209,91
78,141,0.0001,0.0003,100.0,518.67,642.26,1592.69,1400.58,14.62,21.61,554.59,2388.02,9066.69,1.3,47.36,522.37,2388.02,8142.65,8.4092,0.03,393,2388,100.0,38.95,23.2781,90
78,142,0.0032,-0.0002,100.0,518.67,642.48,1579.28,1402.28,14.62,21.61,553.94,2388.04,9061.85,1.3,47.25,521.85,2388.07,8145.3,8.4222,0.03,392,2388,100.0,38.98,23.3751,89
78,143,0.0049,-0.0002,100.0,518.67,642.29,1588.2,1401.61,14.62,21.61,553.92,2387.97,9063.91,1.3,47.32,521.69,2388.07,8148.9,8.4329,0.03,392,2388,100.0,38.97,23.2771,88
78,144,-0.0014,-0.0,100.0,518.67,642.9,1589.73,1408.29,14.62,21.61,553.55,2387.99,9062.49,1.3,47.37,521.97,2388.05,8144.7,8.3975,0.03,392,2388,100.0,38.98,23.3085,87
78,145,0.0007,0.0004,100.0,518.67,642.3,1591.72,1401.5,14.62,21.61,553.82,2388.09,9062.07,1.3,47.42,521.81,2388.06,8143.63,8.4059,0.03,393,2388,100.0,38.78,23.3076,86
78,146,-0.0003,-0.0,100.0,518.67,642.29,1591.29,1398.76,14.62,21.61,554.19,2388.03,9071.9,1.3,47.35,522.22,2388.01,8144.24,8.4153,0.03,392,2388,100.0,39.07,23.3835,85
78,147,0.0006,0.0004,100.0,518.67,642.16,1584.68,1404.29,14.62,21.61,554.4,2388.06,9068.02,1.3,47.27,521.56,2388.01,8148.22,8.427,0.03,392,2388,100.0,38.86,23.4267,84
78,148,0.0015,0.0002,100.0,518.67,642.6,1582.93,1403.41,14.62,21.6,554.0,2388.02,9064.72,1.3,47.48,522.13,2388.06,8145.3,8.3919,0.03,391,2388,100.0,39.01,23.2918,83
78,149,0.002,0.0,100.0,518.67,642.82,1583.95,1403.59,14.62,21.61,554.73,2388.05,9060.68,1.3,47.45,521.64,2388.05,8141.17,8.4381,0.03,391,2388,100.0,38.86,23.3496,82
78,150,0.0007,-0.0,100.0,518.67,642.2,1594.49,1401.2,14.62,21.61,553.76,2388.05,9070.1,1.3,47.12,521.36,2388.03,8140.75,8.4218,0.03,392,2388,100.0,38.83,23.3322,81
78,151,0.0027,-0.0004,100.0,518.67,642.32,1580.65,1411.26,14.62,21.61,554.63,2388.03,9065.64,1.3,47.4,521.55,2388.08,8141.77,8.4406,0.03,392,2388,100.0,38.89,23.3462,80
78,152,-0.0016,0.0,100.0,518.67,642.04,1591.17,1398.44,14.62,21.61,553.92,2388.06,9060.86,1.3,47.37,521.88,2388.04,8146.03,8.4322,0.03,392,2388,100.0,39.06,23.4255,79
78,153,-0.0008,-0.0,100.0,518.67,642.41,1585.18,1404.44,14.62,21.61,553.48,2388.03,9060.87,1.3,47.45,521.53,2388.08,8145.46,8.4368,0.03,393,2388,100.0,38.65,23.3161,78
78,154,0.0011,0.0,100.0,518.67,642.47,1585.71,1404.26,14.62,21.61,553.83,2388.04,9059.31,1.3,47.37,522.16,2388.05,8142.94,8.3947,0.03,391,2388,100.0,38.87,23.3013,77
78,155,0.0029,-0.0002,100.0,518.67,642.53,1588.23,1404.33,14.62,21.61,553.84,2388.12,9072.93,1.3,47.57,521.77,2388.1,8140.86,8.4562,0.03,392,2388,100.0,38.86,23.4205,76
78,156,0.0043,-0.0003,100.0,518.67,642.54,1578.55,1401.77,14.62,21.61,553.53,2388.06,9066.52,1.3,47.42,521.98,2388.1,8141.02,8.408,0.03,391,2388,100.0,38.93,23.3107,75
78,157,-0.0015,-0.0003,100.0,518.67,642.64,1589.6,1406.25,14.62,21.61,554.2,2388.06,9066.88,1.3,47.31,521.9,2388.08,8143.45,8.3962,0.03,393,2388,100.0,38.91,23.317,74
78,158,0.0,0.0004,100.0,518.67,642.33,1584.5,1408.57,14.62,21.61,553.78,2388.04,9062.65,1.3,47.23,522.27,2388.08,8143.86,8.4206,0.03,392,2388,100.0,38.92,23.3977,73
78,159,0.0031,0.0001,100.0,518.67,642.81,1593.32,1409.57,14.62,21.61,554.07,2388.06,9071.72,1.3,47.39,521.38,2388.05,8146.48,8.4199,0.03,394,2388,100.0,38.76,23.3147,72
78,160,-0.0024,0.0004,100.0,518.67,642.86,1591.46,1399.41,14.62,21.61,553.62,2388.05,9068.58,1.3,47.56,521.49,2388.11,8142.62,8.4567,0.03,393,2388,100.0,38.89,23.2585,71
78,161,-0.004,-0.0002,100.0,518.67,642.27,1589.57,1407.09,14.62,21.61,553.56,2388.03,9072.0,1.3,47.46,522.16,2388.04,8142.97,8.4043,0.03,393,2388,100.0,38.85,23.2474,70
78,162,0.0029,0.0,100.0,518.67,641.87,1587.83,1401.03,14.62,21.61,553.8,2388.03,9065.36,1.3,47.44,521.71,2388.07,8145.88,8.4071,0.03,394,2388,100.0,38.95,23.2743,69
78,163,0.0038,-0.0003,100.0,518.67,642.6,1589.06,1408.58,14.62,21.61,553.37,2388.05,9064.6,1.3,47.62,521.32,2388.05,8148.49,8.4208,0.03,393,2388,100.0,38.76,23.3474,68
78,164,-0.0029,0.0,100.0,518.67,642.28,1590.37,1411.14,14.62,21.61,553.68,2388.04,9071.03,1.3,47.37,521.62,2388.04,8145.77,8.4341,0.03,393,2388,100.0,39.0,23.2838,67
78,165,0.0034,-0.0003,100.0,518.67,642.77,1591.73,1410.16,14.62,21.61,554.59,2388.06,9067.73,1.3,47.51,522.03,2388.09,8145.44,8.439,0.03,393,2388,100.0,38.78,23.3039,66
78,166,-0.0044,0.0002,100.0,518.67,642.89,1593.78,1397.17,14.62,21.61,553.53,2388.07,9072.35,1.3,47.49,521.61,2388.12,8143.95,8.4398,0.03,392,2388,100.0,38.87,23.1959,65
78,167,-0.0034,-0.0005,100.0,518.67,642.73,1586.11,1407.23,14.62,21.61,552.51,2388.05,9079.35,1.3,47.38,521.92,2388.09,8147.15,8.4243,0.03,391,2388,100.0,38.97,23.3456,64
78,168,-0.0002,0.0002,100.0,518.67,642.17,1583.08,1410.55,14.62,21.61,553.74,2388.05,9066.69,1.3,47.57,521.52,2388.1,8140.85,8.4674,0.03,393,2388,100.0,38.73,23.3096,63
78,169,0.0033,0.0,100.0,518.67,642.39,1592.26,1415.63,14.62,21.61,554.0,2388.06,9067.83,1.3,47.45,521.46,2388.08,8147.45,8.4284,0.03,393,2388,100.0,38.84,23.3192,62
78,170,-0.0012,-0.0,100.0,518.67,642.5,1596.75,1405.41,14.62,21.61,552.86,2388.08,9073.1,1.3,47.48,521.37,2388.08,8145.98,8.4114,0.03,394,2388,100.0,38.77,23.2121,61
78,171,-0.0023,-0.0004,100.0,518.67,642.76,1588.0,1404.6,14.62,21.61,553.41,2388.08,9069.83,1.3,47.3,521.49,2388.11,8145.63,8.4298,0.03,393,2388,100.0,38.71,23.3778,60
78,172,-0.0006,0.0004,100.0,518.67,642.53,1585.42,1401.5,14.62,21.61,553.47,2388.07,9069.26,1.3,47.47,521.34,2388.06,8155.46,8.4856,0.03,393,2388,100.0,38.92,23.2554,59
78,173,-0.0036,-0.0002,100.0,518.67,642.11,1587.56,1417.13,14.62,21.61,553.98,2388.07,9076.12,1.3,47.65,521.68,2388.04,8148.52,8.4457,0.03,394,2388,100.0,38.74,23.2929,58
78,174,0.0017,0.0,100.0,518.67,642.74,1587.1,1404.92,14.62,21.61,553.22,2388.09,9068.64,1.3,47.35,521.79,2388.01,8144.91,8.4573,0.03,394,2388,100.0,38.83,23.2199,57
78,175,0.0038,0.0002,100.0,518.67,642.96,1593.69,1408.0,14.62,21.61,553.01,2388.11,9070.34,1.3,47.5,521.71,2388.08,8147.77,8.45,0.03,393,2388,100.0,38.82,23.1976,56
78,176,0.003,0.0004,100.0,518.67,642.44,1594.83,1409.28,14.62,21.61,553.0,2388.12,9070.54,1.3,47.35,521.69,2388.09,8151.97,8.4546,0.03,392,2388,100.0,38.98,23.4169,55
78,177,0.0019,0.0003,100.0,518.67,642.52,1591.31,1409.43,14.62,21.61,553.48,2388.13,9064.8,1.3,47.53,521.21,2388.05,8147.73,8.4238,0.03,394,2388,100.0,38.74,23.363,54
78,178,0.0034,-0.0001,100.0,518.67,642.7,1594.99,1403.64,14.62,21.61,553.22,2388.05,9069.74,1.3,47.43,521.17,2388.09,8146.13,8.4404,0.03,394,2388,100.0,38.95,23.3839,53
78,179,-0.0005,0.0004,100.0,518.67,643.22,1584.8,1418.53,14.62,21.61,553.68,2388.07,9064.2,1.3,47.49,521.3,2388.11,8142.42,8.435,0.03,393,2388,100.0,38.71,23.2651,52
78,180,0.0009,-0.0,100.0,518.67,642.75,1593.12,1411.99,14.62,21.61,551.6,2388.11,9070.98,1.3,47.69,521.22,2388.1,8150.88,8.46,0.03,393,2388,100.0,38.81,23.2279,51
78,181,0.0025,-0.0002,100.0,518.67,642.8,1595.24,1409.75,14.62,21.61,553.05,2388.11,9073.96,1.3,47.63,521.43,2388.08,8147.1,8.4505,0.03,392,2388,100.0,38.56,23.1259,50
78,182,-0.0013,-0.0005,100.0,518.67,643.13,1591.25,1410.41,14.62,21.61,553.66,2388.11,9073.03,1.3,47.66,521.01,2388.1,8144.48,8.4566,0.03,394,2388,100.0,38.77,23.2804,49
78,183,-0.0041,0.0003,100.0,518.67,642.96,1596.74,1408.73,14.62,21.61,553.57,2388.12,9066.46,1.3,47.55,520.89,2388.12,8145.61,8.4753,0.03,394,2388,100.0,38.73,23.354,48
78,184,0.0015,0.0003,100.0,518.67,642.82,1591.95,1412.38,14.62,21.61,553.15,2388.1,9075.62,1.3,47.77,521.69,2388.1,8147.71,8.444,0.03,394,2388,100.0,38.57,23.2056,47
78,185,-0.0047,-0.0002,100.0,518.67,642.61,1592.09,1411.93,14.62,21.61,553.01,2388.09,9076.09,1.3,47.56,521.16,2388.1,8146.44,8.4186,0.03,392,2388,100.0,38.91,23.4132,46
78,186,-0.0,0.0004,100.0,518.67,642.83,1590.4,1413.42,14.62,21.61,552.48,2388.13,9067.98,1.3,47.64,521.19,2388.11,8145.28,8.4719,0.03,395,2388,100.0,38.77,23.207,45
78,187,0.0007,0.0001,100.0,518.67,642.5,1591.34,1419.49,14.62,21.61,552.98,2388.13,9076.54,1.3,47.77,521.79,2388.07,8147.46,8.4833,0.03,393,2388,100.0,38.68,23.2154,44
78,188,-0.0033,0.0001,100.0,518.67,642.76,1592.48,1419.84,14.62,21.61,553.74,2388.12,9066.01,1.3,47.64,520.72,2388.13,8152.41,8.4562,0.03,395,2388,100.0,38.81,23.193,43
78,189,-0.0024,-0.0003,100.0,518.67,642.62,1588.96,1412.0,14.62,21.61,553.57,2388.1,9072.91,1.3,47.53,520.95,2388.09,8146.81,8.4912,0.03,394,2388,100.0,38.77,23.2575,42
78,190,-0.0025,0.0003,100.0,518.67,642.96,1591.33,1403.35,14.62,21.61,553.1,2388.08,9073.56,1.3,47.59,521.15,2388.07,8150.15,8.4673,0.03,394,2388,100.0,38.88,23.1134,41
78,191,0.0019,-0.0001,100.0,518.67,642.89,1585.86,1412.22,14.62,21.61,552.2,2388.14,9075.96,1.3,47.68,521.03,2388.06,8150.85,8.4731,0.03,392,2388,100.0,38.56,23.229,40
78,192,-0.002,0.0001,100.0,518.67,643.15,1590.94,1411.91,14.62,21.61,553.13,2388.13,9070.7,1.3,47.56,521.24,2388.07,8150.2,8.4628,0.03,394,2388,100.0,38.76,23.2231,39
78,193,0.005,0.0001,100.0,518.67,642.77,1587.35,1415.67,14.62,21.61,552.71,2388.11,9068.06,1.3,47.69,520.76,2388.07,8150.55,8.4421,0.03,394,2388,100.0,38.69,23.242,38
78,194,-0.0002,0.0001,100.0,518.67,642.97,1590.03,1415.34,14.62,21.61,552.78,2388.07,9074.1,1.3,47.72,521.43,2388.13,8148.92,8.4526,0.03,394,2388,100.0,38.63,23.2399,37
78,195,-0.0028,-0.0002,100.0,518.67,642.79,1589.34,1416.93,14.62,21.61,553.48,2388.14,9070.71,1.3,47.75,521.11,2388.06,8152.88,8.484,0.03,394,2388,100.0,38.6,23.2512,36
78,196,0.0014,-0.0005,100.0,518.67,642.83,1592.59,1410.65,14.62,21.61,553.18,2388.14,9069.4,1.3,47.63,521.13,2388.14,8156.07,8.4628,0.03,393,2388,100.0,38.69,23.1322,35
78,197,0.0019,0.0,100.0,518.67,643.01,1592.51,1419.44,14.62,21.61,552.78,2388.13,9076.73,1.3,47.8,520.91,2388.17,8152.72,8.4705,0.03,394,2388,100.0,39.05,23.2571,34
78,198,0.0004,0.0,100.0,518.67,643.38,1594.96,1413.52,14.62,21.61,552.64,2388.14,9078.81,1.3,47.82,520.46,2388.09,8150.5,8.4617,0.03,393,2388,100.0,38.82,23.278,33
78,199,0.0007,0.0,100.0,518.67,642.94,1598.32,1409.31,14.62,21.61,552.87,2388.09,9077.56,1.3,47.8,520.62,2388.14,8155.12,8.4637,0.03,394,2388,100.0,38.63,23.1854,32
78,200,0.0003,0.0,100.0,518.67,643.1,1592.34,1422.66,14.62,21.61,552.83,2388.16,9076.86,1.3,47.62,520.53,2388.09,8157.49,8.4554,0.03,395,2388,100.0,38.77,23.3176,31
78,201,0.0038,0.0002,100.0,518.67,642.49,1597.12,1415.29,14.62,21.61,552.1,2388.14,9080.22,1.3,47.72,520.88,2388.11,8149.24,8.4567,0.03,394,2388,100.0,38.59,23.2468,30
78,202,0.0009,-0.0005,100.0,518.67,642.41,1593.07,1419.26,14.62,21.61,553.24,2388.16,9077.6,1.3,47.59,521.25,2388.15,8151.78,8.4808,0.03,394,2388,100.0,38.63,23.2194,29
78,203,0.0012,-0.0001,100.0,518.67,643.26,1584.91,1421.67,14.62,21.61,552.04,2388.14,9079.97,1.3,47.58,520.73,2388.11,8153.34,8.5048,0.03,393,2388,100.0,38.65,23.2952,28
78,204,0.0029,0.0001,100.0,518.67,643.02,1593.48,1416.94,14.62,21.61,552.48,2388.1,9082.84,1.3,47.74,520.57,2388.16,8158.58,8.4754,0.03,395,2388,100.0,38.68,23.1253,27
78,205,-0.0014,-0.0004,100.0,518.67,642.94,1591.58,1407.02,14.62,21.61,553.15,2388.15,9083.26,1.3,47.99,520.09,2388.14,8151.11,8.4774,0.03,396,2388,100.0,38.72,23.2192,26
78,206,-0.0016,0.0002,100.0,518.67,643.36,1596.39,1414.57,14.62,21.61,552.65,2388.11,9067.71,1.3,47.89,520.77,2388.1,8155.46,8.4799,0.03,394,2388,100.0,38.56,23.2333,25
78,207,0.0001,-0.0004,100.0,518.67,643.58,1589.89,1420.06,14.62,21.61,552.74,2388.17,9079.27,1.3,47.75,520.17,2388.16,8155.7,8.4786,0.03,395,2388,100.0,38.62,23.1958,24
78,208,-0.0003,0.0004,100.0,518.67,642.87,1600.56,1416.01,14.62,21.61,552.09,2388.12,9079.63,1.3,47.95,520.47,2388.12,8153.14,8.4907,0.03,395,2388,100.0,38.75,23.1746,23
78,209,-0.0019,-0.0002,100.0,518.67,643.86,1594.65,1414.74,14.62,21.61,552.81,2388.19,9077.47,1.3,47.89,520.45,2388.15,8156.37,8.4921,0.03,395,2388,100.0,38.72,23.2527,22
78,210,0.0013,0.0004,100.0,518.67,643.15,1599.74,1422.91,14.62,21.61,551.93,2388.18,9080.53,1.3,48.04,520.95,2388.07,8155.62,8.4341,0.03,394,2388,100.0,38.48,23.1272,21
78,211,-0.0019,0.0004,100.0,518.67,642.98,1598.78,1422.0,14.62,21.61,551.88,2388.15,9084.86,1.3,47.86,519.96,2388.17,8153.83,8.5037,0.03,395,2388,100.0,38.59,23.1907,20
78,212,-0.0014,-0.0005,100.0,518.67,643.65,1594.42,1418.48,14.62,21.61,553.05,2388.14,9084.4,1.3,47.91,520.74,2388.17,8153.45,8.5,0.03,396,2388,100.0,38.62,23.1894,19
78,213,-0.0008,0.0002,100.0,518.67,642.75,1601.66,1418.35,14.62,21.61,552.6,2388.26,9085.17,1.3,47.96,520.73,2388.17,8156.85,8.5081,0.03,395,2388,100.0,38.64,23.2173,18
78,214,-0.001,-0.0001,100.0,518.67,643.13,1597.39,1410.89,14.62,21.61,552.62,2388.19,9079.13,1.3,47.95,520.2,2388.15,8153.03,8.4998,0.03,395,2388,100.0,38.49,23.178,17
78,215,-0.0018,0.0001,100.0,518.67,643.21,1599.05,1427.22,14.62,21.61,552.03,2388.15,9092.27,1.3,48.13,520.87,2388.17,8152.64,8.4732,0.03,394,2388,100.0,38.71,23.145,16
78,216,-0.0023,-0.0003,100.0,518.67,643.03,1605.16,1422.28,14.62,21.61,552.03,2388.14,9082.27,1.3,47.97,520.68,2388.16,8157.59,8.5196,0.03,394,2388,100.0,38.67,23.0871,15
78,217,0.0,0.0002,100.0,518.67,643.51,1593.85,1426.78,14.62,21.61,552.84,2388.21,9082.17,1.3,47.82,520.23,2388.19,8154.78,8.5171,0.03,396,2388,100.0,38.49,23.0549,14
78,218,0.0054,-0.0,100.0,518.67,643.45,1603.88,1423.47,14.62,21.61,551.14,2388.19,9075.91,1.3,47.97,520.22,2388.21,8159.82,8.5031,0.03,396,2388,100.0,38.43,23.1405,13
78,219,0.0001,-0.0001,100.0,518.67,643.68,1605.06,1420.58,14.62,21.61,552.51,2388.19,9080.95,1.3,47.98,519.95,2388.28,8161.45,8.5145,0.03,396,2388,100.0,38.65,23.2159,12
78,220,-0.0036,-0.0005,100.0,518.67,643.39,1594.57,1422.61,14.62,21.61,552.31,2388.16,9084.74,1.3,47.88,520.51,2388.17,8161.68,8.4793,0.03,395,2388,100.0,38.52,23.0641,11
78,221,0.0004,0.0003,100.0,518.67,643.57,1602.14,1420.09,14.62,21.61,552.0,2388.19,9081.09,1.3,48.07,520.27,2388.17,8157.49,8.523,0.03,396,2388,100.0,38.55,23.1437,10
78,222,0.0025,-0.0,100.0,518.67,643.64,1603.29,1422.12,14.62,21.61,551.72,2388.22,9089.64,1.3,47.97,520.3,2388.17,8162.66,8.476,0.03,394,2388,100.0,38.6,22.9122,9
78,223,-0.0027,0.0003,100.0,518.67,643.3,1597.67,1416.23,14.62,21.61,551.81,2388.18,9098.65,1.3,48.15,520.49,2388.19,8165.19,8.5678,0.03,395,2388,100.0,38.37,23.1569,8
78,224,-0.0002,0.0002,100.0,518.67,643.92,1600.49,1416.47,14.62,21.61,551.35,2388.24,9086.38,1.3,47.99,520.14,2388.18,8165.31,8.4868,0.03,395,2388,100.0,38.53,23.134,7
78,225,-0.0017,-0.0002,100.0,518.67,643.99,1605.76,1427.31,14.62,21.61,551.18,2388.22,9086.64,1.3,48.09,519.69,2388.15,8162.89,8.4918,0.03,397,2388,100.0,38.55,23.0347,6
78,226,0.0015,0.0003,100.0,518.67,643.61,1601.54,1431.88,14.62,21.61,551.09,2388.19,9089.32,1.3,48.1,520.23,2388.19,8163.37,8.5277,0.03,396,2388,100.0,38.77,23.1203,5
78,227,-0.0011,-0.0002,100.0,518.67,643.81,1604.31,1427.2,14.62,21.61,552.12,2388.18,9096.36,1.3,48.08,519.75,2388.21,8161.72,8.527,0.03,397,2388,100.0,38.27,23.0785,4
78,228,0.0009,0.0002,100.0,518.67,643.87,1603.2,1421.88,14.62,21.61,551.74,2388.17,9099.18,1.3,48.03,520.08,2388.2,8160.91,8.5209,0.03,395,2388,100.0,38.46,23.0434,3
78,229,0.0029,0.0001,100.0,518.67,643.45,1596.39,1428.77,14.62,21.61,551.29,2388.21,9095.38,1.3,48.13,519.85,2388.23,8159.95,8.5123,0.03,396,2388,100.0,38.48,23.1599,2
78,230,0.0006,-0.0001,100.0,518.67,643.2,1603.23,1432.4,14.62,21.61,551.71,2388.15,9091.72,1.3,48.33,519.87,2388.23,8161.68,8.5381,0.03,396,2388,100.0,38.3,23.0374,1
78,231,-0.001,0.0001,100.0,518.67,643.23,1596.6,1428.33,14.62,21.61,551.6,2388.24,9090.13,1.3,48.22,519.11,2388.21,8160.8,8.5254,0.03,396,2388,100.0,38.25,23.126,0
79,1,-0.0048,-0.0005,100.0,518.67,642.22,1581.77,1392.78,14.62,21.61,554.44,2387.95,9055.37,1.3,47.1,522.54,2388.05,8139.5,8.3795,0.03,391,2388,100.0,39.02,23.526,198
79,2,0.0019,0.0001,100.0,518.67,641.97,1582.13,1399.23,14.62,21.61,554.88,2387.96,9052.66,1.3,47.15,522.39,2388.0,8136.53,8.3828,0.03,391,2388,100.0,39.06,23.3483,197
79,3,0.0003,-0.0005,100.0,518.67,642.15,1584.59,1398.1,14.62,21.6,555.06,2387.99,9057.79,1.3,47.37,522.14,2387.99,8136.7,8.4288,0.03,392,2388,100.0,38.95,23.3914,196
79,4,-0.0009,-0.0002,100.0,518.67,641.71,1584.17,1396.11,14.62,21.61,554.3,2387.99,9059.52,1.3,47.09,522.35,2388.0,8142.45,8.3943,0.03,392,2388,100.0,39.09,23.4778,195
79,5,0.0023,0.0002,100.0,518.67,642.15,1582.11,1397.45,14.62,21.61,554.53,2388.04,9058.93,1.3,47.11,522.59,2388.06,8137.43,8.403,0.03,392,2388,100.0,39.11,23.3996,194
79,6,0.002,-0.0,100.0,518.67,642.6,1582.13,1396.57,14.62,21.61,554.45,2388.01,9053.58,1.3,47.08,522.54,2388.0,8140.85,8.4164,0.03,391,2388,100.0,39.02,23.467,193
79,7,0.0022,-0.0005,100.0,518.67,642.03,1584.75,1406.71,14.62,21.61,554.38,2388.04,9052.04,1.3,47.09,522.62,2388.03,8142.9,8.3667,0.03,391,2388,100.0,39.12,23.4984,192
79,8,-0.0032,0.0,100.0,518.67,642.73,1583.71,1395.5,14.62,21.61,553.96,2388.08,9056.28,1.3,47.14,522.55,2387.99,8139.88,8.4049,0.03,392,2388,100.0,39.11,23.4549,191
79,9,-0.0038,-0.0005,100.0,518.67,642.52,1585.8,1396.6,14.62,21.61,555.37,2388.02,9052.21,1.3,47.13,523.03,2387.95,8137.62,8.3737,0.03,391,2388,100.0,39.2,23.4008,190
79,10,0.0022,-0.0003,100.0,518.67,642.29,1588.6,1396.27,14.62,21.61,554.02,2387.98,9057.69,1.3,47.08,522.69,2388.04,8141.34,8.3827,0.03,392,2388,100.0,38.95,23.4418,189
79,11,-0.0007,-0.0005,100.0,518.67,642.27,1576.89,1397.42,14.62,21.61,554.66,2387.99,9057.29,1.3,47.14,522.56,2387.99,8137.58,8.3975,0.03,391,2388,100.0,39.03,23.3031,188
79,12,0.0002,0.0002,100.0,518.67,641.97,1592.16,1403.56,14.62,21.6,554.74,2388.02,9058.57,1.3,47.34,522.42,2388.02,8142.88,8.388,0.03,392,2388,100.0,39.04,23.513,187
79,13,-0.0015,0.0003,100.0,518.67,641.94,1580.59,1402.22,14.62,21.61,554.89,2388.06,9061.11,1.3,47.13,522.39,2387.99,8141.51,8.3997,0.03,392,2388,100.0,38.94,23.392,186
79,14,-0.0039,0.0004,100.0,518.67,642.01,1584.95,1404.11,14.62,21.61,554.61,2388.04,9054.74,1.3,47.33,522.47,2387.98,8140.87,8.38,0.03,390,2388,100.0,38.91,23.4688,185
79,15,-0.0008,-0.0004,100.0,518.67,642.01,1589.19,1400.17,14.62,21.6,554.25,2388.07,9061.96,1.3,47.23,522.28,2388.02,8138.37,8.4185,0.03,392,2388,100.0,38.91,23.4041,184
79,16,-0.002,0.0002,100.0,518.67,642.53,1577.53,1397.89,14.62,21.61,554.98,2388.0,9058.71,1.3,46.92,522.32,2387.94,8143.47,8.4187,0.03,391,2388,100.0,39.07,23.428,183
79,17,0.0057,-0.0003,100.0,518.67,642.2,1580.36,1388.86,14.62,21.61,554.84,2387.99,9053.93,1.3,47.17,522.16,2388.02,8136.28,8.4134,0.03,392,2388,100.0,39.06,23.4588,182
79,18,-0.0001,-0.0001,100.0,518.67,641.98,1585.41,1395.44,14.62,21.61,554.66,2388.03,9053.24,1.3,46.93,522.63,2388.01,8138.78,8.3766,0.03,391,2388,100.0,39.2,23.5008,181
79,19,-0.0027,0.0002,100.0,518.67,642.53,1588.12,1399.96,14.62,21.61,553.93,2388.0,9060.4,1.3,47.08,522.28,2387.98,8138.82,8.3817,0.03,391,2388,100.0,39.13,23.345,180
79,20,-0.0008,-0.0005,100.0,518.67,642.74,1576.83,1401.72,14.62,21.61,555.1,2387.98,9059.09,1.3,47.11,522.2,2387.96,8140.85,8.3805,0.03,391,2388,100.0,39.05,23.4509,179
79,21,-0.0013,0.0001,100.0,518.67,641.9,1580.28,1400.49,14.62,21.61,554.12,2388.01,9059.69,1.3,47.22,522.73,2388.05,8138.83,8.4199,0.03,392,2388,100.0,39.23,23.4448,178
79,22,-0.0039,-0.0001,100.0,518.67,642.15,1581.45,1396.46,14.62,21.61,554.53,2387.97,9051.83,1.3,47.05,522.56,2388.02,8136.83,8.4154,0.03,392,2388,100.0,39.04,23.5301,177
79,23,0.0004,-0.0004,100.0,518.67,642.35,1582.6,1389.47,14.62,21.61,554.15,2388.04,9053.6,1.3,47.09,522.3,2388.01,8136.13,8.4232,0.03,391,2388,100.0,39.07,23.3894,176
79,24,0.0017,-0.0003,100.0,518.67,642.26,1582.97,1395.4,14.62,21.61,553.9,2387.96,9053.8,1.3,47.2,522.07,2387.98,8138.44,8.3602,0.03,392,2388,100.0,39.15,23.4369,175
79,25,0.0024,-0.0002,100.0,518.67,641.3,1576.55,1394.52,14.62,21.61,554.75,2388.02,9059.94,1.3,47.14,522.9,2387.96,8139.81,8.4175,0.03,392,2388,100.0,38.97,23.492,174
79,26,-0.0008,-0.0004,100.0,518.67,642.25,1588.8,1403.72,14.62,21.61,554.41,2387.97,9055.37,1.3,47.08,522.27,2387.95,8141.22,8.4055,0.03,392,2388,100.0,39.2,23.4944,173
79,27,-0.0017,0.0002,100.0,518.67,642.1,1587.27,1395.64,14.62,21.61,554.99,2388.01,9050.54,1.3,47.19,522.72,2387.98,8144.93,8.4106,0.03,392,2388,100.0,39.04,23.3714,172
79,28,-0.0006,-0.0005,100.0,518.67,642.88,1588.64,1400.84,14.62,21.61,554.41,2387.99,9060.63,1.3,47.1,522.95,2387.96,8140.75,8.4386,0.03,390,2388,100.0,38.96,23.4116,171
79,29,-0.0011,-0.0004,100.0,518.67,641.95,1587.44,1396.78,14.62,21.61,554.37,2387.97,9054.8,1.3,47.24,522.42,2387.99,8140.01,8.3733,0.03,391,2388,100.0,39.03,23.4864,170
79,30,0.0037,0.0004,100.0,518.67,642.06,1582.3,1407.03,14.62,21.61,554.6,2388.02,9060.66,1.3,47.12,522.81,2387.96,8141.37,8.3787,0.03,391,2388,100.0,39.1,23.5049,169
79,31,-0.0008,-0.0001,100.0,518.67,642.18,1581.59,1408.4,14.62,21.61,555.7,2388.03,9058.35,1.3,47.25,522.29,2388.03,8141.99,8.4091,0.03,390,2388,100.0,38.91,23.5292,168
79,32,0.0014,0.0004,100.0,518.67,641.83,1586.54,1406.35,14.62,21.61,555.15,2388.03,9061.72,1.3,47.53,522.37,2388.04,8139.33,8.4201,0.03,392,2388,100.0,38.92,23.4126,167
79,33,-0.0022,0.0004,100.0,518.67,641.5,1584.15,1388.79,14.62,21.61,554.42,2388.0,9061.4,1.3,47.24,522.21,2388.0,8143.66,8.3574,0.03,392,2388,100.0,39.07,23.5076,166
79,34,0.0003,0.0004,100.0,518.67,642.53,1577.16,1400.16,14.62,21.61,554.32,2388.01,9053.96,1.3,47.31,522.43,2388.0,8140.53,8.3964,0.03,391,2388,100.0,39.16,23.511,165
79,35,0.0026,0.0001,100.0,518.67,642.59,1583.42,1392.52,14.62,21.6,554.53,2388.02,9055.53,1.3,47.23,522.73,2387.98,8142.83,8.3914,0.03,391,2388,100.0,39.01,23.4144,164
79,36,-0.0023,0.0003,100.0,518.67,642.62,1580.53,1401.54,14.62,21.61,554.79,2388.04,9065.42,1.3,47.28,522.13,2388.01,8139.01,8.4134,0.03,391,2388,100.0,38.96,23.456,163
79,37,0.0007,0.0003,100.0,518.67,642.13,1582.42,1397.4,14.62,21.61,554.3,2388.01,9044.98,1.3,47.13,522.52,2388.0,8141.97,8.3846,0.03,391,2388,100.0,39.18,23.4191,162
79,38,0.0007,0.0,100.0,518.67,642.1,1577.93,1396.45,14.62,21.61,554.3,2387.99,9048.4,1.3,47.18,522.65,2387.99,8135.23,8.3953,0.03,392,2388,100.0,38.96,23.409,161
79,39,-0.0031,0.0004,100.0,518.67,641.46,1584.44,1395.43,14.62,21.61,554.85,2388.04,9062.34,1.3,47.09,522.29,2388.02,8138.67,8.3837,0.03,392,2388,100.0,39.25,23.4117,160
79,40,0.001,-0.0003,100.0,518.67,642.4,1588.45,1392.94,14.62,21.61,555.21,2388.03,9058.37,1.3,47.17,522.26,2388.06,8143.4,8.3881,0.03,391,2388,100.0,39.03,23.3655,159
79,41,-0.0014,-0.0003,100.0,518.67,642.06,1585.17,1401.86,14.62,21.61,554.71,2388.01,9057.78,1.3,47.12,522.3,2388.0,8142.72,8.4028,0.03,392,2388,100.0,38.97,23.4911,158
79,42,-0.0008,0.0002,100.0,518.67,642.17,1590.6,1401.35,14.62,21.61,554.01,2388.02,9055.63,1.3,47.12,521.91,2387.96,8139.49,8.3522,0.03,391,2388,100.0,39.16,23.4062,157
79,43,-0.0006,0.0,100.0,518.67,642.13,1585.89,1398.86,14.62,21.61,554.15,2387.99,9052.58,1.3,47.24,522.58,2388.03,8140.15,8.4293,0.03,392,2388,100.0,39.01,23.4829,156
79,44,0.0044,0.0003,100.0,518.67,642.15,1581.65,1396.25,14.62,21.61,553.97,2387.97,9059.18,1.3,47.2,522.43,2387.98,8141.44,8.3778,0.03,392,2388,100.0,39.21,23.5022,155
79,45,-0.0003,0.0003,100.0,518.67,642.53,1581.2,1400.72,14.62,21.61,554.74,2388.0,9059.33,1.3,47.12,521.86,2388.02,8144.23,8.4186,0.03,392,2388,100.0,38.97,23.3733,154
79,46,-0.0048,-0.0005,100.0,518.67,641.97,1584.78,1403.02,14.62,21.61,553.91,2388.04,9059.07,1.3,47.17,522.34,2387.96,8139.87,8.4241,0.03,391,2388,100.0,38.87,23.4554,153
79,47,0.001,-0.0004,100.0,518.67,642.57,1583.98,1399.93,14.62,21.61,554.44,2388.05,9056.19,1.3,47.11,521.95,2388.01,8136.46,8.3744,0.03,391,2388,100.0,39.05,23.3578,152
79,48,0.0009,-0.0002,100.0,518.67,641.9,1582.76,1399.48,14.62,21.61,554.64,2388.0,9048.31,1.3,47.08,522.49,2387.99,8135.22,8.3963,0.03,390,2388,100.0,38.99,23.3759,151
79,49,-0.0014,0.0002,100.0,518.67,642.59,1582.36,1398.67,14.62,21.61,555.02,2387.98,9066.37,1.3,47.16,522.5,2388.03,8138.52,8.3743,0.03,391,2388,100.0,39.23,23.3531,150
79,50,0.0023,-0.0005,100.0,518.67,641.99,1586.44,1397.8,14.62,21.61,554.53,2388.01,9052.76,1.3,47.27,522.74,2388.03,8140.2,8.3896,0.03,392,2388,100.0,38.97,23.5219,149
79,51,0.0,0.0002,100.0,518.67,641.61,1580.53,1407.42,14.62,21.61,554.69,2388.0,9062.18,1.3,47.23,522.62,2388.03,8138.93,8.3935,0.03,390,2388,100.0,38.72,23.3339,148
79,52,-0.0018,-0.0004,100.0,518.67,642.03,1579.55,1396.54,14.62,21.61,554.62,2388.01,9058.57,1.3,47.28,522.21,2388.04,8141.59,8.3954,0.03,394,2388,100.0,39.09,23.5033,147
79,53,0.0026,-0.0001,100.0,518.67,642.25,1583.89,1396.89,14.62,21.61,554.39,2387.98,9061.94,1.3,47.29,522.21,2388.0,8139.63,8.3725,0.03,390,2388,100.0,38.97,23.4618,146
79,54,-0.0002,0.0004,100.0,518.67,642.36,1579.7,1391.96,14.62,21.61,553.96,2388.01,9058.54,1.3,47.29,522.59,2388.06,8135.23,8.398,0.03,391,2388,100.0,39.11,23.401,145
79,55,-0.0001,-0.0006,100.0,518.67,642.62,1576.89,1398.21,14.62,21.61,553.88,2388.01,9053.11,1.3,47.08,522.37,2388.01,8139.75,8.3878,0.03,391,2388,100.0,39.07,23.268,144
79,56,0.0051,-0.0,100.0,518.67,641.98,1576.72,1393.54,14.62,21.61,554.35,2388.04,9061.54,1.3,47.09,522.58,2387.96,8139.69,8.3655,0.03,392,2388,100.0,39.06,23.395,143
79,57,0.0018,0.0004,100.0,518.67,641.99,1582.94,1397.54,14.62,21.61,554.48,2387.99,9055.4,1.3,47.09,522.19,2387.99,8142.37,8.416,0.03,393,2388,100.0,39.0,23.4097,142
79,58,0.0021,-0.0005,100.0,518.67,642.46,1589.58,1398.07,14.62,21.61,554.53,2388.02,9056.26,1.3,47.19,522.52,2388.03,8142.82,8.4198,0.03,393,2388,100.0,38.93,23.3336,141
79,59,-0.0018,-0.0002,100.0,518.67,642.0,1576.18,1396.2,14.62,21.61,554.19,2388.04,9063.04,1.3,47.14,521.48,2388.0,8143.5,8.3924,0.03,391,2388,100.0,39.16,23.4153,140
79,60,0.0001,-0.0001,100.0,518.67,642.59,1586.38,1399.59,14.62,21.61,554.32,2388.03,9054.0,1.3,47.18,521.95,2388.01,8136.66,8.3775,0.03,392,2388,100.0,39.08,23.3853,139
79,61,0.0015,0.0004,100.0,518.67,641.54,1586.96,1399.19,14.62,21.61,554.41,2388.03,9063.77,1.3,47.18,522.39,2388.03,8140.3,8.4304,0.03,392,2388,100.0,39.1,23.3949,138
79,62,0.0012,-0.0001,100.0,518.67,641.98,1585.77,1405.61,14.62,21.61,554.37,2388.03,9055.22,1.3,46.96,522.83,2388.02,8141.72,8.3767,0.03,393,2388,100.0,39.07,23.4735,137
79,63,-0.0011,0.0004,100.0,518.67,642.94,1582.5,1392.37,14.62,21.6,553.87,2388.01,9055.65,1.3,47.22,522.24,2388.01,8139.01,8.3818,0.03,392,2388,100.0,39.02,23.4342,136
79,64,0.001,-0.0003,100.0,518.67,641.92,1583.98,1394.11,14.62,21.61,554.42,2388.02,9058.76,1.3,47.3,522.3,2388.03,8145.73,8.3961,0.03,391,2388,100.0,39.13,23.3766,135
79,65,0.003,0.0001,100.0,518.67,641.96,1584.58,1403.53,14.62,21.61,555.24,2388.02,9059.87,1.3,47.1,522.13,2388.04,8140.67,8.383,0.03,391,2388,100.0,38.96,23.4168,134
79,66,0.0016,0.0004,100.0,518.67,642.22,1577.15,1396.63,14.62,21.61,553.73,2388.06,9054.16,1.3,47.09,522.62,2388.0,8141.0,8.4107,0.03,392,2388,100.0,38.92,23.3757,133
79,67,-0.0019,0.0002,100.0,518.67,641.92,1589.63,1397.55,14.62,21.61,554.44,2388.06,9058.72,1.3,47.24,522.26,2387.99,8145.95,8.4321,0.03,391,2388,100.0,38.95,23.4288,132
79,68,0.0006,-0.0004,100.0,518.67,642.36,1582.22,1402.36,14.62,21.61,554.21,2388.0,9058.55,1.3,47.22,522.2,2388.01,8138.6,8.4075,0.03,393,2388,100.0,39.17,23.4617,131
79,69,0.0004,-0.0006,100.0,518.67,642.48,1589.64,1401.78,14.62,21.61,554.78,2388.06,9069.62,1.3,46.97,522.47,2388.03,8140.16,8.4256,0.03,392,2388,100.0,39.1,23.4078,130
79,70,-0.0005,-0.0001,100.0,518.67,642.62,1581.51,1402.99,14.62,21.61,554.3,2387.99,9056.86,1.3,47.34,522.43,2388.04,8140.75,8.3879,0.03,392,2388,100.0,39.06,23.319,129
79,71,-0.0054,-0.0001,100.0,518.67,641.86,1581.77,1391.91,14.62,21.61,554.41,2388.07,9059.5,1.3,47.17,522.53,2388.04,8142.02,8.4227,0.03,392,2388,100.0,38.91,23.5515,128
79,72,-0.0019,-0.0002,100.0,518.67,642.77,1582.62,1404.95,14.62,21.61,554.29,2388.03,9057.49,1.3,47.33,522.2,2388.0,8143.82,8.4213,0.03,392,2388,100.0,38.92,23.4385,127
79,73,-0.0027,0.0,100.0,518.67,641.81,1589.23,1401.56,14.62,21.61,554.98,2388.0,9056.93,1.3,47.26,522.59,2388.05,8139.82,8.3749,0.03,392,2388,100.0,38.95,23.4929,126
79,74,-0.0009,-0.0001,100.0,518.67,642.22,1587.3,1392.32,14.62,21.61,554.16,2387.99,9057.22,1.3,47.34,522.42,2387.99,8138.01,8.4101,0.03,392,2388,100.0,39.08,23.4309,125
79,75,-0.0011,0.0002,100.0,518.67,642.16,1588.78,1400.66,14.62,21.61,553.94,2388.05,9060.8,1.3,47.26,522.27,2387.98,8137.36,8.4062,0.03,392,2388,100.0,38.98,23.5021,124
79,76,0.002,0.0001,100.0,518.67,641.32,1581.1,1403.52,14.62,21.61,554.3,2388.03,9055.3,1.3,47.25,522.47,2388.0,8141.51,8.4055,0.03,393,2388,100.0,39.24,23.4396,123
79,77,-0.0003,-0.0005,100.0,518.67,642.25,1586.14,1397.73,14.62,21.61,553.74,2387.98,9049.46,1.3,47.4,522.21,2388.0,8144.29,8.4252,0.03,390,2388,100.0,38.86,23.3497,122
79,78,-0.0018,-0.0002,100.0,518.67,641.68,1586.43,1403.1,14.62,21.61,554.54,2388.02,9060.75,1.3,47.1,522.4,2388.04,8142.04,8.3907,0.03,393,2388,100.0,39.08,23.5053,121
79,79,-0.0024,-0.0001,100.0,518.67,642.8,1582.95,1398.51,14.62,21.61,554.8,2387.98,9053.5,1.3,47.34,521.94,2388.0,8142.2,8.3978,0.03,391,2388,100.0,38.97,23.4201,120
79,80,0.0013,-0.0,100.0,518.67,642.32,1589.41,1402.16,14.62,21.6,554.22,2388.02,9064.13,1.3,47.33,522.5,2388.02,8142.53,8.3909,0.03,391,2388,100.0,39.11,23.3657,119
79,81,-0.0011,-0.0001,100.0,518.67,641.27,1581.91,1402.01,14.62,21.61,553.95,2388.02,9061.89,1.3,47.14,522.1,2387.94,8142.26,8.3746,0.03,391,2388,100.0,39.1,23.4034,118
79,82,-0.0,-0.0001,100.0,518.67,641.72,1585.22,1394.09,14.62,21.6,554.37,2388.03,9059.96,1.3,47.09,522.58,2388.03,8141.97,8.4503,0.03,392,2388,100.0,38.8,23.358,117
79,83,-0.0033,0.0003,100.0,518.67,642.03,1581.53,1395.38,14.62,21.61,555.19,2388.04,9057.12,1.3,47.28,522.34,2387.98,8144.27,8.4081,0.03,391,2388,100.0,39.07,23.3026,116
79,84,-0.0024,0.0,100.0,518.67,642.16,1588.24,1398.9,14.62,21.61,554.17,2388.03,9061.76,1.3,47.22,522.16,2388.06,8144.91,8.4083,0.03,392,2388,100.0,38.83,23.2628,115
79,85,0.001,0.0,100.0,518.67,641.99,1592.25,1404.92,14.62,21.61,554.52,2388.01,9063.63,1.3,47.18,522.13,2387.97,8142.53,8.4293,0.03,393,2388,100.0,39.08,23.5075,114
79,86,0.0007,-0.0004,100.0,518.67,642.81,1580.2,1399.52,14.62,21.6,554.91,2388.04,9051.45,1.3,47.37,522.51,2388.02,8145.11,8.3799,0.03,392,2388,100.0,38.91,23.3793,113
79,87,0.0036,-0.0005,100.0,518.67,642.07,1577.99,1403.08,14.62,21.61,554.54,2388.01,9054.4,1.3,47.41,522.28,2388.03,8138.45,8.3954,0.03,393,2388,100.0,38.77,23.4293,112
79,88,0.0029,0.0002,100.0,518.67,641.91,1590.86,1399.39,14.62,21.61,554.32,2387.96,9051.71,1.3,47.25,522.51,2388.05,8142.72,8.3867,0.03,391,2388,100.0,38.85,23.3674,111
79,89,0.001,0.0001,100.0,518.67,642.3,1596.27,1402.34,14.62,21.61,554.22,2388.0,9066.46,1.3,47.29,522.52,2388.04,8141.44,8.4531,0.03,391,2388,100.0,39.02,23.2524,110
79,90,-0.0035,-0.0001,100.0,518.67,642.39,1587.3,1403.67,14.62,21.61,554.52,2388.02,9060.78,1.3,47.39,521.87,2388.04,8140.32,8.3813,0.03,392,2388,100.0,38.78,23.3883,109
79,91,0.0001,0.0004,100.0,518.67,642.52,1585.19,1401.77,14.62,21.61,553.89,2388.03,9062.76,1.3,47.04,522.89,2388.05,8142.47,8.3477,0.03,391,2388,100.0,38.96,23.4902,108
79,92,0.0026,0.0004,100.0,518.67,642.46,1586.99,1402.59,14.62,21.61,553.94,2387.99,9057.39,1.3,47.35,522.37,2388.06,8145.17,8.4035,0.03,392,2388,100.0,38.92,23.3492,107
79,93,-0.0032,-0.0004,100.0,518.67,642.33,1591.24,1403.85,14.62,21.61,554.16,2388.03,9061.8,1.3,47.43,522.1,2388.01,8138.09,8.4346,0.03,391,2388,100.0,38.92,23.4048,106
79,94,0.0005,-0.0003,100.0,518.67,642.35,1586.82,1397.32,14.62,21.61,554.66,2388.02,9054.82,1.3,47.29,521.84,2388.08,8137.66,8.4226,0.03,393,2388,100.0,38.95,23.4222,105
79,95,-0.0024,0.0003,100.0,518.67,642.2,1593.69,1401.3,14.62,21.61,553.85,2388.05,9057.24,1.3,47.11,522.73,2388.05,8139.39,8.3831,0.03,392,2388,100.0,38.85,23.3315,104
79,96,0.0003,-0.0005,100.0,518.67,642.53,1583.77,1387.56,14.62,21.61,554.51,2388.03,9059.17,1.3,47.23,521.74,2388.01,8147.62,8.4187,0.03,393,2388,100.0,38.86,23.5432,103
79,97,0.0019,-0.0001,100.0,518.67,642.22,1588.49,1400.54,14.62,21.61,554.55,2388.07,9057.64,1.3,47.35,521.73,2387.99,8142.2,8.4029,0.03,391,2388,100.0,38.94,23.383,102
79,98,0.0005,-0.0,100.0,518.67,641.58,1591.53,1391.78,14.62,21.61,553.68,2388.02,9058.0,1.3,47.34,522.64,2388.06,8139.75,8.3897,0.03,393,2388,100.0,38.82,23.4856,101
79,99,0.0007,0.0003,100.0,518.67,642.31,1584.4,1402.92,14.62,21.61,554.2,2388.08,9063.28,1.3,47.26,521.52,2387.97,8133.22,8.4001,0.03,392,2388,100.0,38.98,23.3386,100
79,100,-0.0005,-0.0001,100.0,518.67,642.42,1579.58,1400.83,14.62,21.61,554.09,2388.04,9058.48,1.3,47.24,522.5,2388.09,8141.53,8.3919,0.03,393,2388,100.0,38.94,23.4347,99
79,101,-0.0002,-0.0004,100.0,518.67,642.56,1590.38,1404.47,14.62,21.61,553.97,2388.06,9066.36,1.3,47.32,521.88,2388.08,8146.09,8.4312,0.03,393,2388,100.0,39.0,23.4097,98
79,102,0.0011,0.0001,100.0,518.67,642.02,1582.58,1397.16,14.62,21.61,553.74,2388.02,9057.49,1.3,47.3,521.7,2388.04,8141.16,8.3877,0.03,391,2388,100.0,38.98,23.2612,97
79,103,-0.0016,-0.0003,100.0,518.67,642.55,1588.47,1401.67,14.62,21.61,553.76,2388.02,9062.64,1.3,47.44,521.95,2388.01,8141.71,8.3932,0.03,392,2388,100.0,38.87,23.3556,96
79,104,0.0025,0.0001,100.0,518.67,642.67,1579.46,1398.54,14.62,21.61,553.22,2388.09,9062.07,1.3,47.41,521.99,2388.01,8140.15,8.3857,0.03,391,2388,100.0,38.92,23.4013,95
79,105,0.0014,-0.0004,100.0,518.67,642.52,1588.05,1401.47,14.62,21.61,554.13,2388.01,9062.38,1.3,47.37,522.1,2388.07,8144.19,8.3795,0.03,391,2388,100.0,38.86,23.3388,94
79,106,-0.0006,0.0003,100.0,518.67,642.15,1589.71,1400.31,14.62,21.61,554.55,2388.05,9060.12,1.3,47.11,521.89,2387.97,8141.34,8.4019,0.03,393,2388,100.0,39.0,23.4263,93
79,107,0.0009,-0.0005,100.0,518.67,642.81,1579.71,1399.01,14.62,21.61,554.43,2388.09,9068.41,1.3,47.46,521.44,2388.09,8141.0,8.409,0.03,393,2388,100.0,38.89,23.2638,92
79,108,-0.0022,-0.0004,100.0,518.67,642.21,1587.36,1405.78,14.62,21.61,553.52,2387.98,9062.18,1.3,47.39,522.19,2388.04,8140.66,8.4255,0.03,390,2388,100.0,38.86,23.2909,91
79,109,-0.002,-0.0002,100.0,518.67,642.39,1586.98,1402.45,14.62,21.61,554.12,2388.06,9070.56,1.3,47.21,521.58,2388.06,8141.51,8.4252,0.03,393,2388,100.0,38.96,23.3879,90
79,110,-0.0017,0.0002,100.0,518.67,642.65,1591.2,1398.8,14.62,21.6,553.84,2388.03,9060.04,1.3,47.3,522.48,2387.98,8144.59,8.4253,0.03,391,2388,100.0,38.87,23.4322,89
79,111,0.0005,-0.0001,100.0,518.67,642.33,1585.7,1399.99,14.62,21.61,554.02,2388.03,9050.8,1.3,47.38,521.98,2388.07,8142.02,8.4338,0.03,392,2388,100.0,39.14,23.2488,88
79,112,0.0015,-0.0003,100.0,518.67,642.41,1586.33,1403.27,14.62,21.61,553.74,2388.05,9059.17,1.3,47.16,521.95,2388.01,8141.8,8.3913,0.03,393,2388,100.0,38.93,23.3294,87
79,113,-0.0017,-0.0003,100.0,518.67,642.58,1595.96,1402.37,14.62,21.61,553.88,2387.98,9064.41,1.3,47.33,521.83,2388.09,8139.68,8.4267,0.03,393,2388,100.0,38.95,23.2544,86
79,114,0.0016,-0.0004,100.0,518.67,642.23,1594.48,1407.51,14.62,21.61,554.83,2388.02,9064.14,1.3,47.33,522.06,2388.04,8143.18,8.4301,0.03,392,2388,100.0,38.9,23.3365,85
79,115,0.0001,0.0001,100.0,518.67,642.4,1590.68,1401.9,14.62,21.6,555.49,2388.04,9057.05,1.3,47.38,521.68,2388.03,8144.91,8.3889,0.03,393,2388,100.0,38.93,23.3223,84
79,116,0.0021,-0.0002,100.0,518.67,642.36,1587.95,1408.75,14.62,21.61,554.32,2388.04,9068.47,1.3,47.48,522.19,2388.08,8140.91,8.3948,0.03,392,2388,100.0,38.98,23.4094,83
79,117,-0.0019,0.0003,100.0,518.67,642.28,1586.4,1398.82,14.62,21.61,554.04,2388.08,9061.81,1.3,47.36,521.72,2388.03,8142.65,8.385,0.03,393,2388,100.0,39.13,23.3659,82
79,118,0.0015,0.0003,100.0,518.67,642.53,1588.76,1404.94,14.62,21.61,553.65,2388.02,9060.37,1.3,47.27,522.08,2388.05,8147.35,8.4404,0.03,394,2388,100.0,38.95,23.3098,81
79,119,0.0003,-0.0005,100.0,518.67,642.53,1585.0,1405.75,14.62,21.61,553.47,2388.05,9063.6,1.3,47.41,521.81,2388.02,8147.96,8.4402,0.03,391,2388,100.0,38.75,23.3996,80
79,120,0.0033,0.0002,100.0,518.67,642.1,1595.73,1399.13,14.62,21.61,553.06,2388.06,9060.64,1.3,47.39,522.04,2388.08,8145.29,8.4609,0.03,391,2388,100.0,38.98,23.3049,79
79,121,0.0009,0.0002,100.0,518.67,642.0,1592.53,1408.12,14.62,21.61,554.27,2388.07,9069.79,1.3,47.27,521.92,2388.04,8140.32,8.3997,0.03,393,2388,100.0,38.81,23.276,78
79,122,0.0001,0.0004,100.0,518.67,642.23,1587.52,1413.11,14.62,21.61,553.84,2388.06,9058.51,1.3,47.32,522.59,2388.07,8145.04,8.4394,0.03,392,2388,100.0,38.85,23.4134,77
79,123,0.001,-0.0004,100.0,518.67,642.54,1584.87,1403.23,14.62,21.61,553.78,2388.04,9061.09,1.3,47.44,521.77,2388.09,8144.55,8.4114,0.03,391,2388,100.0,38.88,23.4029,76
79,124,0.0004,-0.0004,100.0,518.67,642.5,1584.6,1406.9,14.62,21.61,553.72,2388.03,9063.76,1.3,47.4,521.93,2388.02,8141.41,8.4374,0.03,393,2388,100.0,38.95,23.2993,75
79,125,0.0016,-0.0005,100.0,518.67,642.46,1585.75,1406.32,14.62,21.61,553.78,2388.05,9063.83,1.3,47.47,522.43,2388.03,8151.05,8.4283,0.03,392,2388,100.0,38.82,23.3751,74
79,126,-0.0009,-0.0005,100.0,518.67,641.97,1579.81,1407.64,14.62,21.61,554.43,2388.03,9060.69,1.3,47.49,521.55,2388.01,8144.83,8.4189,0.03,394,2388,100.0,39.03,23.472,73
79,127,-0.0005,0.0001,100.0,518.67,642.11,1591.89,1400.55,14.62,21.61,553.56,2388.03,9066.26,1.3,47.37,521.82,2388.03,8145.94,8.4292,0.03,393,2388,100.0,38.96,23.321,72
79,128,0.0015,0.0004,100.0,518.67,642.73,1589.36,1403.55,14.62,21.61,554.14,2388.09,9064.35,1.3,47.34,522.24,2388.07,8147.63,8.4226,0.03,393,2388,100.0,39.0,23.3125,71
79,129,0.0005,-0.0001,100.0,518.67,642.37,1585.87,1403.0,14.62,21.61,553.87,2388.0,9063.58,1.3,47.35,522.14,2388.07,8148.22,8.3991,0.03,393,2388,100.0,38.86,23.2966,70
79,130,0.0028,-0.0001,100.0,518.67,642.51,1582.33,1410.22,14.62,21.61,554.11,2388.14,9063.23,1.3,47.39,521.93,2388.03,8147.28,8.443,0.03,392,2388,100.0,38.9,23.3328,69
79,131,0.0029,0.0001,100.0,518.67,642.0,1588.48,1405.16,14.62,21.61,553.02,2388.07,9068.11,1.3,47.39,522.33,2388.05,8145.06,8.4254,0.03,391,2388,100.0,38.68,23.3508,68
79,132,-0.0017,0.0003,100.0,518.67,642.49,1591.23,1404.85,14.62,21.61,553.58,2388.05,9069.94,1.3,47.43,521.48,2388.07,8141.38,8.4092,0.03,392,2388,100.0,38.7,23.3103,67
79,133,0.0013,-0.0001,100.0,518.67,642.46,1591.96,1409.27,14.62,21.61,552.79,2388.05,9068.99,1.3,47.42,520.95,2388.04,8150.07,8.4006,0.03,393,2388,100.0,38.73,23.2766,66
79,134,-0.0022,0.0,100.0,518.67,642.6,1590.03,1400.78,14.62,21.61,554.35,2388.11,9067.85,1.3,47.42,521.85,2388.02,8140.66,8.4035,0.03,395,2388,100.0,38.83,23.311,65
79,135,-0.0011,0.0004,100.0,518.67,642.4,1586.23,1406.88,14.62,21.61,553.7,2388.08,9063.64,1.3,47.59,521.17,2388.05,8147.33,8.434,0.03,392,2388,100.0,39.0,23.3914,64
79,136,-0.0007,-0.0001,100.0,518.67,641.96,1593.44,1411.99,14.62,21.61,553.61,2388.05,9074.17,1.3,47.46,521.9,2388.05,8146.82,8.4437,0.03,393,2388,100.0,38.84,23.2707,63
79,137,0.0009,0.0001,100.0,518.67,642.53,1600.35,1406.64,14.62,21.6,553.55,2388.05,9070.77,1.3,47.46,520.94,2388.11,8146.74,8.4547,0.03,392,2388,100.0,38.98,23.3359,62
79,138,-0.003,0.0004,100.0,518.67,642.54,1590.44,1404.33,14.62,21.61,554.09,2388.03,9064.48,1.3,47.36,521.12,2388.11,8148.33,8.4436,0.03,393,2388,100.0,38.95,23.2907,61
79,139,-0.003,-0.0005,100.0,518.67,642.74,1592.47,1405.56,14.62,21.61,553.2,2388.05,9070.27,1.3,47.42,521.55,2388.07,8144.1,8.46,0.03,393,2388,100.0,38.85,23.319,60
79,140,-0.0053,0.0004,100.0,518.67,642.38,1592.36,1405.95,14.62,21.61,553.4,2388.1,9067.82,1.3,47.53,521.28,2388.06,8149.61,8.4219,0.03,393,2388,100.0,38.63,23.4167,59
79,141,0.0035,0.0002,100.0,518.67,642.27,1586.0,1415.1,14.62,21.61,553.24,2388.04,9066.99,1.3,47.6,521.43,2388.05,8150.93,8.4561,0.03,393,2388,100.0,38.76,23.2832,58
79,142,-0.0,0.0004,100.0,518.67,642.69,1582.84,1408.67,14.62,21.61,552.75,2388.07,9071.34,1.3,47.4,521.04,2388.06,8152.96,8.4364,0.03,392,2388,100.0,38.81,23.3612,57
79,143,0.0001,-0.0004,100.0,518.67,642.31,1587.76,1407.43,14.62,21.61,552.69,2388.04,9068.73,1.3,47.46,521.65,2388.06,8150.24,8.4169,0.03,393,2388,100.0,38.9,23.27,56
79,144,-0.0016,-0.0003,100.0,518.67,642.69,1591.61,1402.33,14.62,21.61,554.43,2388.04,9068.72,1.3,47.32,521.46,2387.99,8148.73,8.4279,0.03,392,2388,100.0,38.89,23.4637,55
79,145,-0.0023,-0.0004,100.0,518.67,642.85,1595.85,1415.89,14.62,21.61,553.61,2388.13,9070.55,1.3,47.44,521.75,2388.08,8145.79,8.4434,0.03,394,2388,100.0,38.76,23.2791,54
79,146,-0.0018,-0.0002,100.0,518.67,641.9,1584.69,1404.22,14.62,21.61,553.85,2388.08,9071.34,1.3,47.54,522.01,2388.05,8151.44,8.4362,0.03,393,2388,100.0,38.88,23.2805,53
79,147,-0.0002,-0.0005,100.0,518.67,642.47,1589.64,1405.92,14.62,21.61,553.03,2388.12,9070.51,1.3,47.54,521.54,2388.09,8148.0,8.4447,0.03,392,2388,100.0,38.82,23.3535,52
79,148,-0.0029,-0.0003,100.0,518.67,642.99,1590.75,1406.01,14.62,21.61,554.13,2388.1,9064.48,1.3,47.69,521.06,2388.05,8149.38,8.4455,0.03,394,2388,100.0,38.72,23.2033,51
79,149,0.0014,0.0,100.0,518.67,643.15,1586.4,1412.43,14.62,21.61,552.84,2388.06,9065.87,1.3,47.5,521.74,2388.08,8146.63,8.4397,0.03,392,2388,100.0,38.95,23.3553,50
79,150,-0.0025,0.0003,100.0,518.67,642.02,1590.91,1412.21,14.62,21.61,553.5,2388.11,9068.27,1.3,47.6,521.63,2388.05,8148.11,8.3987,0.03,393,2388,100.0,38.67,23.2193,49
79,151,0.0014,0.0002,100.0,518.67,643.4,1584.04,1408.25,14.62,21.61,553.1,2388.07,9066.78,1.3,47.34,521.67,2388.06,8146.25,8.4462,0.03,394,2388,100.0,38.76,23.3235,48
79,152,0.0007,0.0001,100.0,518.67,642.95,1593.53,1412.73,14.62,21.61,553.02,2388.1,9072.27,1.3,47.55,521.25,2388.08,8148.92,8.4509,0.03,392,2388,100.0,38.75,23.223,47
79,153,-0.0009,-0.0001,100.0,518.67,642.8,1584.81,1410.75,14.62,21.61,552.84,2388.1,9072.5,1.3,47.43,521.08,2388.11,8147.54,8.4144,0.03,392,2388,100.0,38.92,23.2789,46
79,154,0.0012,-0.0002,100.0,518.67,642.59,1595.6,1400.4,14.62,21.61,553.58,2388.13,9070.89,1.3,47.5,521.61,2388.08,8147.54,8.4653,0.03,393,2388,100.0,38.89,23.2583,45
79,155,0.0017,-0.0003,100.0,518.67,642.79,1586.28,1407.43,14.62,21.61,553.51,2388.08,9069.94,1.3,47.63,521.35,2388.04,8151.21,8.4521,0.03,392,2388,100.0,38.64,23.2601,44
79,156,0.0017,0.0004,100.0,518.67,642.9,1586.72,1405.27,14.62,21.61,553.29,2388.12,9072.49,1.3,47.72,521.3,2388.1,8146.55,8.4412,0.03,394,2388,100.0,38.71,23.2991,43
79,157,-0.001,0.0002,100.0,518.67,643.18,1598.58,1406.43,14.62,21.61,553.46,2388.09,9075.81,1.3,47.67,521.34,2388.1,8151.83,8.4669,0.03,394,2388,100.0,38.83,23.0886,42
79,158,0.0029,0.0003,100.0,518.67,642.63,1591.16,1403.7,14.62,21.61,553.04,2388.13,9069.72,1.3,47.66,521.37,2388.04,8148.66,8.4363,0.03,394,2388,100.0,38.8,23.2676,41
79,159,-0.0005,-0.0005,100.0,518.67,642.76,1589.61,1413.13,14.62,21.61,553.31,2388.12,9067.37,1.3,47.59,521.66,2388.1,8152.7,8.4482,0.03,394,2388,100.0,38.91,23.3153,40
79,160,0.0,-0.0005,100.0,518.67,642.12,1592.33,1412.32,14.62,21.61,552.98,2388.15,9073.7,1.3,47.7,521.27,2388.12,8156.3,8.4636,0.03,394,2388,100.0,38.81,23.3456,39
79,161,-0.0016,0.0003,100.0,518.67,642.73,1592.2,1412.49,14.62,21.61,554.03,2388.05,9074.47,1.3,47.64,521.05,2388.09,8153.14,8.465,0.03,394,2388,100.0,38.57,23.0965,38
79,162,-0.0005,0.0004,100.0,518.67,642.92,1597.34,1409.63,14.62,21.61,552.79,2388.09,9066.09,1.3,47.69,521.36,2388.14,8152.79,8.446,0.03,393,2388,100.0,38.66,23.238,37
79,163,-0.001,0.0001,100.0,518.67,643.01,1587.46,1411.94,14.62,21.61,553.41,2388.17,9080.52,1.3,47.71,521.39,2388.12,8152.92,8.4654,0.03,394,2388,100.0,38.68,23.3275,36
79,164,0.0043,-0.0003,100.0,518.67,642.99,1593.49,1420.25,14.62,21.61,552.5,2388.07,9073.58,1.3,47.8,521.52,2388.11,8153.73,8.4474,0.03,393,2388,100.0,38.78,23.2125,35
79,165,-0.0012,-0.0004,100.0,518.67,642.96,1593.1,1408.09,14.62,21.61,552.55,2388.09,9085.53,1.3,47.68,521.91,2388.2,8146.41,8.4479,0.03,393,2388,100.0,38.69,23.2733,34
79,166,-0.0045,-0.0001,100.0,518.67,642.78,1596.73,1413.47,14.62,21.61,552.8,2388.07,9077.03,1.3,47.82,521.54,2388.17,8157.48,8.4777,0.03,394,2388,100.0,38.69,23.2607,33
79,167,-0.0017,-0.0003,100.0,518.67,642.97,1593.17,1412.78,14.62,21.61,553.06,2388.19,9072.17,1.3,47.76,520.81,2388.16,8149.95,8.4568,0.03,393,2388,100.0,38.84,23.289,32
79,168,-0.0055,-0.0003,100.0,518.67,643.02,1591.19,1419.5,14.62,21.61,552.97,2388.06,9076.83,1.3,47.66,520.74,2388.12,8153.75,8.4652,0.03,393,2388,100.0,38.86,23.1058,31
79,169,0.0016,0.0003,100.0,518.67,642.19,1594.26,1409.62,14.62,21.61,552.74,2388.08,9084.87,1.3,47.56,520.67,2388.1,8157.78,8.4304,0.03,393,2388,100.0,38.74,23.1841,30
79,170,0.0003,0.0,100.0,518.67,643.15,1590.61,1410.52,14.62,21.61,552.82,2388.09,9070.52,1.3,47.77,520.84,2388.18,8149.97,8.49,0.03,394,2388,100.0,38.86,23.1917,29
79,171,-0.0016,-0.0001,100.0,518.67,642.75,1597.24,1417.47,14.62,21.61,552.96,2388.1,9077.47,1.3,47.78,521.26,2388.12,8154.88,8.4429,0.03,396,2388,100.0,38.59,23.2026,28
79,172,-0.0005,0.0004,100.0,518.67,642.32,1590.48,1413.72,14.62,21.61,552.2,2388.11,9077.91,1.3,47.79,520.56,2388.13,8154.22,8.4595,0.03,394,2388,100.0,38.79,23.1857,27
79,173,-0.0043,-0.0003,100.0,518.67,642.72,1604.92,1415.91,14.62,21.61,551.7,2388.11,9086.1,1.3,47.63,520.71,2388.13,8151.11,8.4543,0.03,394,2388,100.0,38.61,23.2056,26
79,174,0.0004,0.0002,100.0,518.67,643.29,1595.9,1412.85,14.62,21.61,552.9,2388.11,9076.0,1.3,47.85,520.64,2388.17,8154.13,8.4762,0.03,396,2388,100.0,38.56,23.2308,25
79,175,-0.0016,-0.0003,100.0,518.67,642.94,1590.51,1420.88,14.62,21.61,552.89,2388.14,9081.75,1.3,47.89,521.23,2388.13,8154.84,8.4645,0.03,396,2388,100.0,38.69,23.208,24
79,176,0.0006,0.0002,100.0,518.67,642.78,1593.24,1418.08,14.62,21.61,552.75,2388.06,9086.47,1.3,47.76,520.85,2388.16,8155.94,8.4634,0.03,395,2388,100.0,38.6,23.2738,23
79,177,-0.0009,0.0001,100.0,518.67,643.15,1598.9,1414.12,14.62,21.61,552.43,2388.14,9078.34,1.3,47.77,521.26,2388.14,8152.68,8.5006,0.03,395,2388,100.0,38.62,23.1078,22
79,178,0.0011,-0.0003,100.0,518.67,643.31,1595.94,1421.72,14.62,21.61,552.46,2388.16,9090.79,1.3,47.68,520.36,2388.11,8158.11,8.4617,0.03,394,2388,100.0,38.62,23.1246,21
79,179,0.0027,0.0002,100.0,518.67,642.88,1596.35,1414.17,14.62,21.61,552.35,2388.12,9084.54,1.3,47.79,520.68,2388.14,8159.62,8.4724,0.03,396,2388,100.0,38.67,23.1666,20
79,180,0.0007,0.0001,100.0,518.67,643.61,1598.56,1422.26,14.62,21.61,552.55,2388.14,9091.11,1.3,47.88,520.33,2388.16,8159.63,8.4926,0.03,395,2388,100.0,38.65,23.2897,19
79,181,-0.0003,-0.0003,100.0,518.67,643.03,1601.1,1418.04,14.62,21.61,552.25,2388.16,9081.76,1.3,47.98,520.8,2388.2,8157.04,8.504,0.03,395,2388,100.0,38.9,23.3533,18
79,182,0.0025,-0.0003,100.0,518.67,643.1,1593.39,1418.08,14.62,21.61,551.96,2388.13,9081.79,1.3,47.88,520.49,2388.16,8162.82,8.5117,0.03,395,2388,100.0,38.62,23.0477,17
79,183,-0.0015,-0.0005,100.0,518.67,643.33,1598.94,1411.4,14.62,21.61,551.73,2388.17,9089.03,1.3,48.01,519.67,2388.19,8157.22,8.493,0.03,396,2388,100.0,38.8,23.0854,16
79,184,-0.0024,-0.0002,100.0,518.67,643.22,1595.07,1420.6,14.62,21.61,551.89,2388.17,9090.09,1.3,47.95,520.5,2388.14,8161.47,8.4948,0.03,397,2388,100.0,38.7,23.1814,15
79,185,0.0001,0.0002,100.0,518.67,643.34,1603.8,1423.72,14.62,21.61,551.86,2388.16,9092.91,1.3,47.92,519.99,2388.16,8162.72,8.511,0.03,396,2388,100.0,38.45,23.1421,14
79,186,-0.0014,-0.0,100.0,518.67,643.22,1601.55,1421.79,14.62,21.61,552.12,2388.17,9086.56,1.3,48.01,520.84,2388.16,8165.66,8.5127,0.03,396,2388,100.0,38.54,23.0323,13
79,187,0.0054,-0.0004,100.0,518.67,643.7,1600.66,1424.25,14.62,21.61,551.78,2388.19,9087.58,1.3,48.01,520.44,2388.17,8158.45,8.4888,0.03,396,2388,100.0,38.59,23.1239,12
79,188,0.002,-0.0,100.0,518.67,643.17,1605.33,1428.14,14.62,21.61,552.23,2388.15,9095.5,1.3,47.97,520.64,2388.16,8166.65,8.477,0.03,394,2388,100.0,38.63,23.2292,11
79,189,-0.0012,0.0,100.0,518.67,642.99,1603.0,1424.73,14.62,21.61,551.58,2388.11,9098.74,1.3,47.95,520.74,2388.18,8161.31,8.4963,0.03,396,2388,100.0,38.51,23.1421,10
79,190,-0.0001,0.0,100.0,518.67,642.99,1604.81,1427.9,14.62,21.61,551.72,2388.17,9087.47,1.3,47.94,520.02,2388.15,8163.79,8.5022,0.03,394,2388,100.0,38.58,23.0818,9
79,191,-0.005,0.0,100.0,518.67,643.15,1603.83,1429.15,14.62,21.61,552.81,2388.12,9082.85,1.3,48.01,519.89,2388.16,8156.67,8.5239,0.03,395,2388,100.0,38.36,23.186,8
79,192,0.0026,-0.0003,100.0,518.67,643.25,1598.31,1417.45,14.62,21.61,551.4,2388.17,9101.64,1.3,47.97,520.18,2388.18,8170.75,8.5196,0.03,396,2388,100.0,38.47,23.163,7
79,193,-0.001,-0.0004,100.0,518.67,643.55,1605.53,1423.36,14.62,21.61,551.92,2388.19,9095.68,1.3,48.18,519.92,2388.19,8166.72,8.4926,0.03,395,2388,100.0,38.53,23.1081,6
79,194,-0.0034,0.0001,100.0,518.67,643.32,1599.8,1428.89,14.62,21.61,551.59,2388.2,9094.7,1.3,48.15,519.78,2388.22,8167.24,8.4756,0.03,396,2388,100.0,38.47,23.0308,5
79,195,-0.001,-0.0004,100.0,518.67,643.84,1601.67,1429.44,14.62,21.61,551.55,2388.16,9097.21,1.3,48.12,520.3,2388.17,8162.39,8.5201,0.03,395,2388,100.0,38.54,23.0818,4
79,196,-0.0019,0.0001,100.0,518.67,644.23,1597.47,1431.96,14.62,21.61,551.34,2388.18,9094.5,1.3,48.05,519.83,2388.21,8165.34,8.5115,0.03,397,2388,100.0,38.31,23.1359,3
79,197,0.0005,0.0004,100.0,518.67,643.82,1603.82,1422.69,14.62,21.61,552.09,2388.18,9103.96,1.3,48.12,520.35,2388.22,8169.21,8.5147,0.03,397,2388,100.0,38.5,23.0924,2
79,198,-0.0037,-0.0005,100.0,518.67,643.91,1606.34,1431.45,14.62,21.61,551.54,2388.23,9106.82,1.3,48.2,519.91,2388.18,8164.59,8.5117,0.03,396,2388,100.0,38.35,23.0653,1
79,199,-0.0023,-0.0004,100.0,518.67,643.57,1598.35,1436.93,14.62,21.61,551.0,2388.26,9095.97,1.3,48.2,519.62,2388.21,8165.3,8.5273,0.03,397,2388,100.0,38.4,23.1076,0
80,1,-0.0037,0.0002,100.0,518.67,642.66,1588.3,1392.25,14.62,21.61,553.3,2388.17,9052.54,1.3,47.44,521.76,2388.13,8130.23,8.4377,0.03,393,2388,100.0,38.66,23.2146,184
80,2,0.0008,-0.0001,100.0,518.67,642.55,1590.37,1413.83,14.62,21.61,554.33,2388.08,9047.61,1.3,47.62,521.62,2388.12,8136.26,8.4602,0.03,393,2388,100.0,38.83,23.3626,183
80,3,0.0004,-0.0005,100.0,518.67,643.62,1586.74,1408.62,14.62,21.61,553.94,2388.12,9055.27,1.3,47.46,521.51,2388.1,8131.42,8.399,0.03,393,2388,100.0,38.78,23.2833,182
80,4,0.0007,-0.0003,100.0,518.67,643.04,1589.6,1412.19,14.62,21.61,553.18,2388.13,9047.89,1.3,47.51,520.98,2388.09,8133.99,8.4308,0.03,395,2388,100.0,39.01,23.3077,181
80,5,-0.0032,-0.0001,100.0,518.67,642.1,1587.23,1408.13,14.62,21.61,552.94,2388.13,9057.0,1.3,47.59,521.22,2388.09,8127.56,8.4253,0.03,393,2388,100.0,38.92,23.1403,180
80,6,0.0011,0.0003,100.0,518.67,642.17,1592.74,1410.83,14.62,21.61,553.13,2388.09,9051.94,1.3,47.51,521.66,2388.07,8133.47,8.467,0.03,395,2388,100.0,38.8,23.387,179
80,7,0.0028,0.0005,100.0,518.67,642.44,1590.79,1409.0,14.62,21.61,552.91,2388.11,9051.56,1.3,47.41,521.28,2388.1,8133.93,8.4333,0.03,394,2388,100.0,38.9,23.2716,178
80,8,-0.0022,-0.0004,100.0,518.67,642.24,1580.72,1408.6,14.62,21.61,553.27,2388.13,9053.9,1.3,47.48,521.96,2388.07,8129.63,8.4129,0.03,393,2388,100.0,38.83,23.2389,177
80,9,0.0023,-0.0003,100.0,518.67,642.27,1580.36,1414.7,14.62,21.61,553.21,2388.13,9049.19,1.3,47.75,521.39,2388.13,8130.14,8.4519,0.03,393,2388,100.0,38.76,23.3685,176
80,10,0.0015,-0.0004,100.0,518.67,643.42,1587.59,1416.48,14.62,21.61,553.88,2388.09,9056.24,1.3,47.52,521.85,2388.13,8134.07,8.4274,0.03,393,2388,100.0,38.68,23.2907,175
80,11,-0.0028,0.0001,100.0,518.67,642.99,1593.0,1409.51,14.62,21.61,553.91,2388.11,9052.87,1.3,47.58,521.33,2388.1,8134.17,8.4555,0.03,394,2388,100.0,38.78,23.2839,174
80,12,-0.003,-0.0003,100.0,518.67,643.02,1601.02,1412.01,14.62,21.61,553.02,2388.12,9058.32,1.3,47.59,520.71,2388.1,8135.77,8.4655,0.03,394,2388,100.0,38.65,23.2453,173
80,13,-0.0002,0.0003,100.0,518.67,642.91,1586.05,1408.53,14.62,21.61,552.13,2388.13,9058.03,1.3,47.68,521.6,2388.06,8131.88,8.4259,0.03,392,2388,100.0,38.85,23.3184,172
80,14,-0.0006,0.0001,100.0,518.67,642.58,1588.22,1416.61,14.62,21.61,553.06,2388.12,9060.04,1.3,47.53,522.05,2388.13,8131.76,8.409,0.03,392,2388,100.0,38.8,23.3618,171
80,15,0.0023,0.0002,100.0,518.67,642.93,1595.52,1405.62,14.62,21.61,553.59,2388.1,9050.54,1.3,47.6,521.51,2388.1,8136.69,8.4467,0.03,392,2388,100.0,38.98,23.2601,170
80,16,-0.0,0.0003,100.0,518.67,641.93,1590.07,1411.21,14.62,21.61,553.45,2388.12,9056.97,1.3,47.52,521.12,2388.14,8139.51,8.441,0.03,394,2388,100.0,38.8,23.2677,169
80,17,-0.0003,0.0001,100.0,518.67,642.38,1588.24,1403.27,14.62,21.61,553.65,2388.07,9051.17,1.3,47.58,521.9,2388.08,8137.7,8.4585,0.03,393,2388,100.0,38.79,23.2894,168
80,18,0.0025,-0.0002,100.0,518.67,642.37,1584.99,1410.61,14.62,21.61,553.29,2388.18,9056.27,1.3,47.72,520.82,2388.08,8133.8,8.4245,0.03,394,2388,100.0,38.84,23.3161,167
80,19,0.0,0.0003,100.0,518.67,642.65,1588.34,1406.36,14.62,21.61,553.56,2388.09,9053.0,1.3,47.71,521.49,2388.08,8133.71,8.4314,0.03,391,2388,100.0,39.01,23.2337,166
80,20,-0.002,-0.0001,100.0,518.67,642.58,1588.29,1404.34,14.62,21.61,553.69,2388.14,9053.59,1.3,47.5,521.15,2388.08,8133.8,8.4597,0.03,393,2388,100.0,38.75,23.2536,165
80,21,0.0008,-0.0003,100.0,518.67,642.81,1592.16,1416.05,14.62,21.61,553.74,2388.21,9056.19,1.3,47.43,520.79,2388.07,8138.11,8.4216,0.03,394,2388,100.0,38.76,23.3359,164
80,22,-0.0007,0.0001,100.0,518.67,642.98,1595.58,1411.86,14.62,21.61,553.16,2388.09,9039.34,1.3,47.63,522.13,2388.12,8132.01,8.4601,0.03,393,2388,100.0,39.05,23.2644,163
80,23,0.0006,0.0002,100.0,518.67,642.71,1579.8,1410.17,14.62,21.61,553.28,2388.1,9051.12,1.3,47.6,521.16,2388.11,8132.89,8.4144,0.03,394,2388,100.0,38.93,23.2766,162
80,24,0.0016,0.0002,100.0,518.67,642.96,1593.27,1409.32,14.62,21.61,553.07,2388.11,9054.02,1.3,47.68,521.12,2388.08,8132.99,8.4307,0.03,394,2388,100.0,38.94,23.3565,161
80,25,-0.0021,0.0001,100.0,518.67,643.14,1597.04,1408.55,14.62,21.61,553.63,2388.1,9052.77,1.3,47.5,521.76,2388.12,8131.35,8.4601,0.03,393,2388,100.0,38.85,23.3419,160
80,26,-0.0003,-0.0005,100.0,518.67,642.93,1593.45,1407.11,14.62,21.61,553.45,2388.1,9052.54,1.3,47.47,521.48,2388.17,8136.2,8.4572,0.03,394,2388,100.0,38.82,23.2487,159
80,27,0.0047,-0.0005,100.0,518.67,642.81,1593.3,1401.96,14.62,21.61,553.28,2388.11,9046.96,1.3,47.68,521.28,2388.07,8132.35,8.4631,0.03,395,2388,100.0,38.81,23.2838,158
80,28,-0.0002,-0.0001,100.0,518.67,642.6,1584.15,1407.58,14.62,21.61,553.64,2388.08,9054.48,1.3,47.53,521.37,2388.08,8133.1,8.3979,0.03,394,2388,100.0,38.79,23.2776,157
80,29,0.0018,-0.0003,100.0,518.67,642.96,1584.54,1416.0,14.62,21.61,552.87,2388.08,9051.65,1.3,47.35,521.55,2388.14,8133.77,8.4288,0.03,392,2388,100.0,38.98,23.2935,156
80,30,-0.005,0.0003,100.0,518.67,642.82,1592.69,1408.16,14.62,21.61,553.57,2388.11,9056.92,1.3,47.71,521.36,2388.11,8132.56,8.4217,0.03,392,2388,100.0,38.69,23.394,155
80,31,-0.002,0.0003,100.0,518.67,643.11,1592.38,1403.18,14.62,21.61,553.17,2388.11,9050.94,1.3,47.56,522.1,2388.15,8133.71,8.4462,0.03,393,2388,100.0,38.85,23.321,154
80,32,0.0006,0.0,100.0,518.67,642.66,1589.59,1405.0,14.62,21.61,553.82,2388.08,9055.39,1.3,47.3,521.91,2388.14,8134.13,8.4081,0.03,392,2388,100.0,38.76,23.2931,153
80,33,0.0016,-0.0003,100.0,518.67,642.72,1591.63,1412.88,14.62,21.61,554.13,2388.1,9055.75,1.3,47.62,521.62,2388.09,8137.43,8.4606,0.03,392,2388,100.0,38.62,23.1953,152
80,34,-0.0004,0.0001,100.0,518.67,642.76,1593.83,1414.18,14.62,21.61,553.41,2388.1,9060.29,1.3,47.62,521.49,2388.05,8134.68,8.4514,0.03,393,2388,100.0,38.92,23.3678,151
80,35,0.0012,0.0001,100.0,518.67,642.56,1588.19,1415.91,14.62,21.61,553.06,2388.14,9051.46,1.3,47.63,520.97,2388.06,8134.78,8.4187,0.03,394,2388,100.0,38.84,23.191,150
80,36,0.0025,-0.0001,100.0,518.67,642.8,1587.58,1412.64,14.62,21.61,553.23,2388.15,9053.12,1.3,47.66,521.45,2388.12,8139.26,8.4518,0.03,392,2388,100.0,38.91,23.2912,149
80,37,-0.0055,-0.0003,100.0,518.67,642.85,1585.26,1415.51,14.62,21.61,553.17,2388.1,9053.21,1.3,47.6,521.34,2388.13,8137.38,8.4229,0.03,392,2388,100.0,38.73,23.2421,148
80,38,-0.0011,0.0003,100.0,518.67,642.46,1583.13,1406.84,14.62,21.61,553.45,2388.13,9047.88,1.3,47.51,521.81,2388.02,8133.52,8.4504,0.03,393,2388,100.0,38.88,23.319,147
80,39,-0.002,-0.0001,100.0,518.67,642.79,1581.22,1406.37,14.62,21.61,554.09,2388.09,9056.5,1.3,47.52,521.43,2388.08,8131.77,8.4465,0.03,393,2388,100.0,38.82,23.3046,146
80,40,0.0002,-0.0005,100.0,518.67,642.06,1583.56,1409.31,14.62,21.61,553.61,2388.09,9055.66,1.3,47.48,521.55,2388.1,8130.92,8.4333,0.03,395,2388,100.0,38.7,23.1905,145
80,41,0.0049,0.0003,100.0,518.67,642.43,1592.54,1401.49,14.62,21.61,554.12,2388.12,9048.25,1.3,47.64,521.11,2388.1,8136.41,8.4701,0.03,393,2388,100.0,38.85,23.2436,144
80,42,0.0029,-0.0001,100.0,518.67,643.44,1587.71,1408.84,14.62,21.61,553.18,2388.1,9047.75,1.3,47.59,521.61,2388.11,8132.3,8.4211,0.03,393,2388,100.0,38.84,23.2439,143
80,43,-0.004,-0.0005,100.0,518.67,642.46,1582.82,1413.67,14.62,21.61,552.94,2388.12,9049.83,1.3,47.73,521.46,2388.04,8137.5,8.4385,0.03,393,2388,100.0,38.88,23.298,142
80,44,-0.0016,-0.0001,100.0,518.67,642.95,1587.97,1408.29,14.62,21.61,553.37,2388.09,9053.2,1.3,47.47,521.73,2388.16,8127.81,8.425,0.03,395,2388,100.0,38.62,23.2653,141
80,45,0.0029,-0.0005,100.0,518.67,642.68,1591.31,1411.79,14.62,21.61,552.86,2388.08,9047.17,1.3,47.37,521.34,2388.07,8131.3,8.4331,0.03,394,2388,100.0,38.7,23.2211,140
80,46,0.003,0.0003,100.0,518.67,642.87,1590.05,1408.45,14.62,21.61,553.39,2388.09,9058.81,1.3,47.59,521.39,2388.1,8136.89,8.4216,0.03,393,2388,100.0,38.63,23.3665,139
80,47,-0.0004,0.0,100.0,518.67,642.53,1586.42,1408.0,14.62,21.61,554.29,2388.14,9050.7,1.3,47.49,521.72,2388.18,8123.64,8.4219,0.03,393,2388,100.0,38.82,23.3231,138
80,48,-0.0031,-0.0002,100.0,518.67,642.71,1583.68,1406.56,14.62,21.61,553.9,2388.13,9064.8,1.3,47.52,521.39,2388.12,8131.74,8.4648,0.03,392,2388,100.0,38.88,23.2074,137
80,49,0.0001,0.0003,100.0,518.67,643.36,1588.18,1412.39,14.62,21.61,553.37,2388.06,9042.68,1.3,47.34,521.58,2388.12,8141.18,8.4587,0.03,392,2388,100.0,38.64,23.2376,136
80,50,-0.0038,-0.0002,100.0,518.67,642.58,1593.51,1406.64,14.62,21.61,553.47,2388.09,9053.68,1.3,47.5,521.37,2388.11,8133.14,8.456,0.03,395,2388,100.0,38.89,23.3301,135
80,51,0.0022,0.0002,100.0,518.67,643.43,1593.97,1403.61,14.62,21.61,553.24,2388.12,9060.41,1.3,47.51,521.72,2388.13,8137.34,8.4217,0.03,394,2388,100.0,38.86,23.336,134
80,52,-0.0023,0.0,100.0,518.67,642.39,1589.67,1406.97,14.62,21.61,553.2,2388.15,9057.12,1.3,47.76,521.48,2388.11,8134.08,8.444,0.03,395,2388,100.0,38.78,23.2335,133
80,53,0.0,-0.0002,100.0,518.67,642.54,1589.1,1407.65,14.62,21.61,552.67,2388.16,9061.32,1.3,47.62,521.37,2388.11,8136.25,8.4387,0.03,393,2388,100.0,38.73,23.3949,132
80,54,0.0035,0.0003,100.0,518.67,643.21,1595.43,1413.28,14.62,21.61,552.93,2388.1,9055.28,1.3,47.39,521.57,2388.06,8132.08,8.4364,0.03,393,2388,100.0,38.81,23.3826,131
80,55,-0.0005,0.0005,100.0,518.67,642.19,1590.14,1408.26,14.62,21.61,553.58,2388.1,9048.49,1.3,47.44,521.35,2388.08,8128.04,8.4788,0.03,394,2388,100.0,38.76,23.3977,130
80,56,-0.0022,0.0,100.0,518.67,642.8,1588.49,1411.06,14.62,21.61,553.29,2388.08,9058.53,1.3,47.59,521.25,2388.14,8128.06,8.4451,0.03,394,2388,100.0,38.87,23.3121,129
80,57,-0.001,-0.0001,100.0,518.67,642.67,1589.66,1410.16,14.62,21.61,553.67,2388.08,9059.56,1.3,47.65,521.43,2388.14,8132.59,8.4396,0.03,393,2388,100.0,38.85,23.3452,128
80,58,-0.0015,-0.0,100.0,518.67,642.66,1593.6,1410.83,14.62,21.61,553.2,2388.16,9061.82,1.3,47.72,521.11,2388.1,8137.02,8.4211,0.03,392,2388,100.0,38.86,23.3301,127
80,59,-0.0009,0.0003,100.0,518.67,642.18,1590.13,1406.32,14.62,21.61,553.33,2388.06,9055.54,1.3,47.41,521.28,2388.14,8137.56,8.4571,0.03,393,2388,100.0,38.86,23.2861,126
80,60,-0.0008,0.0003,100.0,518.67,642.44,1579.75,1411.16,14.62,21.61,553.68,2388.12,9058.13,1.3,47.49,521.8,2388.14,8139.57,8.4532,0.03,394,2388,100.0,38.89,23.237,125
80,61,-0.0022,-0.0004,100.0,518.67,642.58,1589.27,1411.92,14.62,21.61,553.85,2388.14,9055.21,1.3,47.58,521.0,2388.12,8129.83,8.4531,0.03,393,2388,100.0,38.69,23.288,124
80,62,-0.0064,0.0001,100.0,518.67,642.82,1587.98,1413.99,14.62,21.61,553.2,2388.16,9053.77,1.3,47.61,521.85,2388.08,8134.98,8.4692,0.03,393,2388,100.0,38.77,23.2208,123
80,63,0.0005,-0.0003,100.0,518.67,642.55,1589.93,1400.48,14.62,21.61,553.27,2388.1,9063.05,1.3,47.61,520.92,2388.1,8140.91,8.436,0.03,394,2388,100.0,38.88,23.4023,122
80,64,0.0014,-0.0,100.0,518.67,642.59,1593.67,1414.14,14.62,21.61,553.62,2388.17,9058.61,1.3,47.4,521.37,2388.15,8138.48,8.4602,0.03,392,2388,100.0,38.85,23.2629,121
80,65,0.0029,0.0,100.0,518.67,643.03,1587.75,1411.0,14.62,21.61,553.54,2388.09,9052.62,1.3,47.56,521.69,2388.13,8136.31,8.4243,0.03,392,2388,100.0,38.62,23.3769,120
80,66,-0.0007,0.0001,100.0,518.67,642.85,1594.71,1404.12,14.62,21.61,553.77,2388.1,9063.22,1.3,47.5,521.2,2388.04,8139.13,8.4944,0.03,391,2388,100.0,38.81,23.3268,119
80,67,-0.0002,0.0003,100.0,518.67,642.84,1594.05,1407.89,14.62,21.61,553.75,2388.13,9058.81,1.3,47.5,521.14,2388.09,8136.21,8.4648,0.03,393,2388,100.0,38.77,23.2953,118
80,68,0.0027,0.0004,100.0,518.67,642.83,1588.48,1415.33,14.62,21.61,553.41,2388.09,9059.7,1.3,47.63,521.01,2388.04,8138.85,8.4509,0.03,393,2388,100.0,38.75,23.2943,117
80,69,0.0016,-0.0002,100.0,518.67,642.36,1591.77,1411.79,14.62,21.61,552.92,2388.07,9056.95,1.3,47.72,520.91,2388.13,8132.5,8.4338,0.03,394,2388,100.0,38.85,23.3112,116
80,70,0.0023,0.0005,100.0,518.67,642.45,1594.06,1410.72,14.62,21.61,553.05,2388.09,9061.66,1.3,47.56,521.46,2388.09,8138.11,8.4743,0.03,394,2388,100.0,38.95,23.2617,115
80,71,-0.0004,0.0003,100.0,518.67,642.32,1593.2,1406.88,14.62,21.61,553.29,2388.15,9050.43,1.3,47.55,521.87,2388.15,8139.98,8.4209,0.03,393,2388,100.0,38.9,23.2054,114
80,72,0.0012,0.0001,100.0,518.67,642.57,1593.52,1407.98,14.62,21.61,553.87,2388.13,9062.05,1.3,47.53,520.54,2388.11,8133.75,8.4147,0.03,395,2388,100.0,38.93,23.2035,113
80,73,-0.0012,-0.0003,100.0,518.67,642.86,1590.87,1415.69,14.62,21.61,553.1,2388.06,9056.77,1.3,47.53,521.59,2388.13,8134.35,8.4553,0.03,394,2388,100.0,38.94,23.3709,112
80,74,0.0013,-0.0004,100.0,518.67,643.48,1601.68,1406.05,14.62,21.61,553.41,2388.15,9061.21,1.3,47.63,521.31,2388.17,8135.98,8.48,0.03,393,2388,100.0,38.86,23.3327,111
80,75,0.0055,-0.0004,100.0,518.67,643.6,1589.46,1408.42,14.62,21.61,553.21,2388.07,9050.65,1.3,47.7,521.24,2388.11,8138.69,8.4374,0.03,393,2388,100.0,38.74,23.3284,110
80,76,-0.0022,-0.0003,100.0,518.67,642.85,1592.64,1409.51,14.62,21.61,552.92,2388.12,9058.74,1.3,47.42,521.28,2388.19,8141.14,8.4292,0.03,393,2388,100.0,38.66,23.2669,109
80,77,-0.0006,-0.0003,100.0,518.67,642.87,1592.87,1410.28,14.62,21.61,553.68,2388.14,9056.53,1.3,47.61,522.0,2388.11,8141.17,8.4445,0.03,393,2388,100.0,38.88,23.2837,108
80,78,-0.004,-0.0001,100.0,518.67,642.76,1591.6,1401.32,14.62,21.61,553.71,2388.11,9062.25,1.3,47.56,521.62,2388.14,8138.45,8.4567,0.03,393,2388,100.0,38.91,23.2845,107
80,79,-0.0015,-0.0003,100.0,518.67,642.63,1585.78,1404.45,14.62,21.61,553.57,2388.09,9064.85,1.3,47.49,521.16,2388.08,8138.74,8.4193,0.03,392,2388,100.0,38.68,23.3059,106
80,80,0.001,-0.0,100.0,518.67,642.96,1586.68,1410.15,14.62,21.61,553.31,2388.19,9061.89,1.3,47.76,521.28,2388.13,8139.44,8.4344,0.03,392,2388,100.0,38.61,23.2109,105
80,81,0.0025,-0.0002,100.0,518.67,642.55,1588.12,1405.85,14.62,21.61,553.8,2388.11,9051.52,1.3,47.54,521.04,2388.08,8136.99,8.4551,0.03,394,2388,100.0,38.73,23.2479,104
80,82,0.002,0.0005,100.0,518.67,642.86,1596.78,1409.48,14.62,21.61,552.91,2388.09,9060.49,1.3,47.62,521.42,2388.15,8141.24,8.4387,0.03,395,2388,100.0,38.67,23.1955,103
80,83,0.0024,-0.0004,100.0,518.67,642.96,1592.99,1411.21,14.62,21.61,553.66,2388.1,9057.14,1.3,47.51,521.02,2388.1,8136.05,8.4323,0.03,395,2388,100.0,38.86,23.2805,102
80,84,0.0005,-0.0,100.0,518.67,642.92,1590.97,1415.45,14.62,21.61,553.79,2388.08,9063.72,1.3,47.56,521.56,2388.12,8137.1,8.4401,0.03,393,2388,100.0,38.66,23.2036,101
80,85,0.0007,-0.0,100.0,518.67,642.33,1585.72,1410.25,14.62,21.61,553.0,2388.14,9056.17,1.3,47.52,521.26,2388.15,8140.41,8.4518,0.03,393,2388,100.0,38.92,23.26,100
80,86,0.0014,-0.0003,100.0,518.67,642.95,1590.41,1411.49,14.62,21.61,552.93,2388.12,9063.71,1.3,47.57,521.51,2388.08,8138.47,8.4126,0.03,393,2388,100.0,38.82,23.3938,99
80,87,-0.0019,-0.0003,100.0,518.67,642.64,1586.41,1409.7,14.62,21.61,553.01,2388.07,9065.05,1.3,47.64,521.33,2388.12,8137.46,8.4648,0.03,395,2388,100.0,38.75,23.2764,98
80,88,-0.0038,-0.0001,100.0,518.67,642.76,1590.81,1405.7,14.62,21.61,553.14,2388.06,9063.43,1.3,47.57,521.67,2388.12,8136.04,8.4105,0.03,393,2388,100.0,38.92,23.2483,97
80,89,0.0008,0.0003,100.0,518.67,642.79,1583.87,1405.43,14.62,21.61,553.59,2388.13,9062.05,1.3,47.51,521.62,2388.12,8139.05,8.4359,0.03,392,2388,100.0,38.79,23.3032,96
80,90,0.0016,0.0002,100.0,518.67,642.8,1588.53,1411.48,14.62,21.61,553.03,2388.15,9061.33,1.3,47.6,521.36,2388.17,8144.21,8.4692,0.03,392,2388,100.0,38.85,23.3283,95
80,91,-0.0034,-0.0004,100.0,518.67,642.78,1592.97,1411.32,14.62,21.61,553.26,2388.11,9055.87,1.3,47.58,521.31,2388.09,8140.47,8.4818,0.03,392,2388,100.0,38.86,23.3404,94
80,92,0.0026,0.0004,100.0,518.67,643.17,1590.56,1417.39,14.62,21.61,553.57,2388.11,9063.49,1.3,47.59,521.04,2388.08,8146.38,8.4031,0.03,394,2388,100.0,38.72,23.253,93
80,93,0.0015,0.0002,100.0,518.67,642.9,1593.57,1414.06,14.62,21.61,553.25,2388.11,9064.04,1.3,47.36,521.08,2388.11,8137.71,8.4574,0.03,394,2388,100.0,38.85,23.2456,92
80,94,-0.0023,-0.0005,100.0,518.67,642.54,1589.39,1409.8,14.62,21.61,553.79,2388.14,9062.26,1.3,47.72,521.77,2388.13,8140.83,8.4487,0.03,392,2388,100.0,39.0,23.3886,91
80,95,0.0005,-0.0003,100.0,518.67,642.9,1590.33,1400.61,14.62,21.61,553.09,2388.13,9060.24,1.3,47.42,521.15,2388.09,8148.43,8.4951,0.03,393,2388,100.0,38.73,23.2996,90
80,96,0.0006,0.0004,100.0,518.67,642.63,1593.16,1413.39,14.62,21.61,554.08,2388.08,9064.16,1.3,47.46,521.88,2388.08,8138.23,8.4816,0.03,393,2388,100.0,38.86,23.2899,89
80,97,-0.0016,-0.0005,100.0,518.67,642.71,1586.68,1407.59,14.62,21.61,553.77,2388.13,9067.37,1.3,47.47,521.49,2388.1,8139.02,8.4498,0.03,393,2388,100.0,38.81,23.1854,88
80,98,-0.0026,-0.0001,100.0,518.67,642.53,1590.54,1413.09,14.62,21.61,553.34,2388.14,9066.85,1.3,47.55,521.33,2388.13,8139.36,8.461,0.03,392,2388,100.0,38.53,23.3426,87
80,99,-0.0004,0.0003,100.0,518.67,642.72,1590.11,1417.06,14.62,21.61,553.15,2388.05,9063.69,1.3,47.39,521.65,2388.09,8145.79,8.4711,0.03,394,2388,100.0,38.68,23.1814,86
80,100,0.0013,0.0001,100.0,518.67,642.69,1589.76,1407.02,14.62,21.61,552.67,2388.08,9066.39,1.3,47.65,521.57,2388.09,8137.66,8.4481,0.03,394,2388,100.0,38.74,23.3055,85
80,101,-0.0034,0.0,100.0,518.67,642.65,1594.22,1410.08,14.62,21.61,553.9,2388.14,9060.07,1.3,47.65,521.19,2388.08,8137.97,8.4395,0.03,393,2388,100.0,38.72,23.2238,84
80,102,-0.0002,-0.0003,100.0,518.67,643.44,1600.94,1409.67,14.62,21.61,553.32,2388.09,9066.33,1.3,47.65,521.23,2388.1,8146.62,8.4344,0.03,393,2388,100.0,38.8,23.368,83
80,103,0.0,0.0003,100.0,518.67,642.6,1592.07,1419.17,14.62,21.61,553.15,2388.12,9063.95,1.3,47.64,521.4,2388.14,8142.95,8.4509,0.03,393,2388,100.0,38.75,23.3338,82
80,104,0.0018,0.0001,100.0,518.67,642.97,1590.89,1412.85,14.62,21.61,553.21,2388.05,9064.48,1.3,47.68,520.8,2388.1,8147.11,8.4652,0.03,395,2388,100.0,38.87,23.268,81
80,105,0.0038,0.0003,100.0,518.67,642.99,1591.94,1410.47,14.62,21.61,553.26,2388.1,9064.69,1.3,47.61,522.18,2388.03,8139.11,8.4038,0.03,395,2388,100.0,38.98,23.282,80
80,106,0.0025,0.0005,100.0,518.67,642.36,1590.1,1411.56,14.62,21.61,553.1,2388.1,9064.15,1.3,47.53,521.04,2388.09,8143.13,8.4934,0.03,395,2388,100.0,38.7,23.2932,79
80,107,0.004,0.0002,100.0,518.67,643.09,1589.69,1411.25,14.62,21.61,553.11,2388.05,9068.55,1.3,47.65,521.52,2388.05,8147.79,8.431,0.03,393,2388,100.0,38.63,23.1859,78
80,108,-0.0014,0.0002,100.0,518.67,643.01,1595.06,1406.09,14.62,21.61,553.81,2388.07,9069.25,1.3,47.46,521.55,2388.1,8145.94,8.4918,0.03,392,2388,100.0,38.67,23.2709,77
80,109,0.0015,-0.0002,100.0,518.67,642.59,1589.24,1411.04,14.62,21.61,553.77,2388.14,9062.48,1.3,47.46,521.19,2388.07,8147.26,8.4476,0.03,394,2388,100.0,38.61,23.167,76
80,110,-0.0026,-0.0002,100.0,518.67,642.95,1597.32,1410.61,14.62,21.61,552.93,2388.09,9066.8,1.3,47.59,521.58,2388.1,8139.28,8.4692,0.03,393,2388,100.0,38.93,23.2461,75
80,111,-0.0034,0.0002,100.0,518.67,642.76,1596.63,1411.8,14.62,21.61,553.43,2388.13,9066.29,1.3,47.62,521.11,2388.12,8148.05,8.4684,0.03,394,2388,100.0,38.73,23.329,74
80,112,0.0,-0.0003,100.0,518.67,642.99,1595.11,1410.59,14.62,21.61,552.35,2388.13,9067.72,1.3,47.55,521.49,2388.11,8148.1,8.4741,0.03,394,2388,100.0,38.91,23.2714,73
80,113,0.0026,-0.0003,100.0,518.67,642.57,1596.07,1401.67,14.62,21.61,553.14,2388.14,9062.73,1.3,47.58,521.13,2388.13,8147.95,8.4508,0.03,393,2388,100.0,38.99,23.3367,72
80,114,0.0026,-0.0002,100.0,518.67,642.61,1589.67,1414.33,14.62,21.61,553.44,2388.13,9067.35,1.3,47.75,521.62,2388.09,8148.32,8.4351,0.03,395,2388,100.0,38.77,23.3102,71
80,115,-0.0008,0.0003,100.0,518.67,642.86,1586.42,1412.16,14.62,21.61,552.07,2388.12,9070.76,1.3,47.7,521.14,2388.06,8143.23,8.4365,0.03,394,2388,100.0,38.75,23.258,70
80,116,0.0009,0.0001,100.0,518.67,642.91,1594.63,1408.26,14.62,21.61,552.96,2388.07,9063.54,1.3,47.61,520.89,2388.11,8149.71,8.4306,0.03,393,2388,100.0,38.58,23.2276,69
80,117,-0.0013,-0.0001,100.0,518.67,642.79,1586.89,1418.74,14.62,21.61,553.2,2388.11,9072.23,1.3,47.66,520.99,2388.12,8154.08,8.4591,0.03,395,2388,100.0,38.58,23.292,68
80,118,0.0001,0.0004,100.0,518.67,642.77,1595.99,1409.54,14.62,21.61,553.44,2388.11,9069.89,1.3,47.58,521.06,2388.07,8147.21,8.4613,0.03,393,2388,100.0,38.64,23.1857,67
80,119,-0.0015,0.0002,100.0,518.67,643.09,1591.25,1418.67,14.62,21.61,553.08,2388.13,9073.85,1.3,47.69,521.03,2388.14,8149.86,8.4649,0.03,394,2388,100.0,38.73,23.1646,66
80,120,-0.0017,0.0003,100.0,518.67,643.04,1591.85,1409.51,14.62,21.61,553.0,2388.12,9076.34,1.3,47.48,521.24,2388.12,8149.43,8.4291,0.03,393,2388,100.0,38.99,23.2238,65
80,121,-0.0005,-0.0002,100.0,518.67,642.81,1588.5,1422.45,14.62,21.61,552.92,2388.13,9071.14,1.3,47.68,521.18,2388.13,8146.29,8.4361,0.03,394,2388,100.0,38.68,23.1697,64
80,122,-0.0004,-0.0003,100.0,518.67,643.3,1591.84,1412.1,14.62,21.61,553.05,2388.12,9076.2,1.3,47.7,521.32,2388.09,8153.7,8.4469,0.03,392,2388,100.0,38.64,23.217,63
80,123,0.0029,0.0003,100.0,518.67,642.71,1589.12,1405.59,14.62,21.61,552.85,2388.15,9073.29,1.3,47.84,521.44,2388.03,8149.73,8.4926,0.03,395,2388,100.0,38.61,23.3117,62
80,124,0.0018,0.0004,100.0,518.67,642.47,1597.49,1408.74,14.62,21.61,551.7,2388.08,9068.42,1.3,47.87,521.56,2388.12,8150.91,8.4581,0.03,394,2388,100.0,38.69,23.2919,61
80,125,-0.0006,-0.0004,100.0,518.67,642.73,1596.1,1410.6,14.62,21.61,552.74,2388.14,9071.29,1.3,47.65,521.06,2388.1,8147.34,8.4828,0.03,393,2388,100.0,38.74,23.2948,60
80,126,-0.005,-0.0001,100.0,518.67,643.23,1592.89,1409.73,14.62,21.61,552.37,2388.11,9076.71,1.3,47.67,520.85,2388.08,8153.08,8.445,0.03,395,2388,100.0,38.77,23.3328,59
80,127,0.0029,-0.0003,100.0,518.67,643.01,1592.83,1412.58,14.62,21.61,552.97,2388.11,9077.12,1.3,47.75,521.5,2388.13,8155.49,8.4196,0.03,394,2388,100.0,38.82,23.2364,58
80,128,-0.001,0.0005,100.0,518.67,642.98,1587.53,1412.15,14.62,21.61,553.71,2388.14,9076.9,1.3,47.81,520.85,2388.1,8148.65,8.4142,0.03,393,2388,100.0,38.61,23.2404,57
80,129,-0.0008,0.0002,100.0,518.67,642.77,1586.54,1415.09,14.62,21.61,552.79,2388.1,9085.66,1.3,47.73,521.08,2388.15,8154.64,8.4434,0.03,394,2388,100.0,38.9,23.2315,56
80,130,0.0007,-0.0002,100.0,518.67,642.69,1591.97,1419.78,14.62,21.61,553.01,2388.14,9072.27,1.3,47.7,521.47,2388.1,8152.99,8.4415,0.03,393,2388,100.0,38.85,23.3024,55
80,131,0.0006,-0.0001,100.0,518.67,642.74,1590.15,1411.07,14.62,21.61,553.95,2388.13,9074.25,1.3,47.43,521.25,2388.16,8154.28,8.4799,0.03,393,2388,100.0,38.71,23.1398,54
80,132,-0.0,-0.0001,100.0,518.67,642.67,1591.88,1420.67,14.62,21.61,552.88,2388.16,9079.68,1.3,47.72,521.15,2388.16,8154.86,8.4676,0.03,394,2388,100.0,38.77,23.2358,53
80,133,0.0015,-0.0001,100.0,518.67,642.45,1598.79,1416.33,14.62,21.61,552.84,2388.14,9084.06,1.3,47.73,521.21,2388.17,8154.59,8.4636,0.03,394,2388,100.0,38.82,23.175,52
80,134,0.0009,0.0003,100.0,518.67,642.96,1589.73,1412.17,14.62,21.61,553.16,2388.17,9076.3,1.3,47.74,520.79,2388.13,8156.27,8.4694,0.03,394,2388,100.0,38.73,23.2709,51
80,135,-0.0025,-0.0002,100.0,518.67,643.28,1595.76,1412.55,14.62,21.61,552.43,2388.12,9075.95,1.3,47.84,521.41,2388.07,8155.13,8.4566,0.03,394,2388,100.0,38.68,23.2151,50
80,136,0.0016,0.0002,100.0,518.67,643.58,1599.97,1415.55,14.62,21.61,553.37,2388.09,9090.81,1.3,47.68,520.64,2388.12,8154.86,8.4787,0.03,395,2388,100.0,38.76,23.2007,49
80,137,-0.0037,0.0002,100.0,518.67,642.9,1587.82,1416.03,14.62,21.61,552.82,2388.13,9079.55,1.3,47.42,520.96,2388.1,8153.18,8.4247,0.03,393,2388,100.0,38.89,23.1343,48
80,138,-0.0029,0.0002,100.0,518.67,642.85,1581.19,1413.65,14.62,21.61,552.87,2388.13,9085.95,1.3,47.68,521.07,2388.1,8157.71,8.4517,0.03,393,2388,100.0,38.68,23.3092,47
80,139,0.0022,0.0003,100.0,518.67,643.45,1594.07,1420.06,14.62,21.61,552.93,2388.12,9086.96,1.3,47.58,520.44,2388.08,8159.43,8.446,0.03,394,2388,100.0,38.65,23.1667,46
80,140,-0.0047,-0.0005,100.0,518.67,642.55,1595.82,1410.34,14.62,21.61,552.84,2388.13,9084.18,1.3,47.69,521.28,2388.12,8158.14,8.4954,0.03,393,2388,100.0,38.65,23.2204,45
80,141,-0.0044,0.0001,100.0,518.67,643.05,1590.28,1418.85,14.62,21.61,552.64,2388.1,9088.42,1.3,47.7,520.9,2388.14,8162.06,8.4727,0.03,395,2388,100.0,38.69,23.2805,44
80,142,0.0022,-0.0,100.0,518.67,642.68,1591.87,1414.75,14.62,21.61,553.29,2388.09,9093.08,1.3,47.58,521.27,2388.09,8165.19,8.4473,0.03,394,2388,100.0,38.6,23.1564,43
80,143,-0.0005,-0.0005,100.0,518.67,643.22,1597.64,1416.13,14.62,21.61,553.01,2388.13,9085.43,1.3,47.7,521.45,2388.11,8167.32,8.4611,0.03,395,2388,100.0,38.74,23.1203,42
80,144,-0.0028,0.0004,100.0,518.67,642.82,1596.02,1415.58,14.62,21.61,553.12,2388.13,9099.24,1.3,47.76,521.05,2388.11,8165.05,8.4839,0.03,395,2388,100.0,38.89,23.2016,41
80,145,0.0004,-0.0002,100.0,518.67,643.34,1596.58,1420.56,14.62,21.61,553.26,2388.09,9087.56,1.3,47.67,520.93,2388.05,8162.2,8.4675,0.03,394,2388,100.0,38.55,23.1126,40
80,146,-0.0004,-0.0001,100.0,518.67,642.92,1595.09,1423.38,14.62,21.61,552.33,2388.14,9093.03,1.3,47.9,520.55,2388.13,8168.47,8.4484,0.03,392,2388,100.0,38.52,23.2738,39
80,147,-0.0005,-0.0001,100.0,518.67,642.5,1596.01,1413.98,14.62,21.61,553.18,2388.11,9089.73,1.3,47.71,520.64,2388.19,8169.58,8.4693,0.03,394,2388,100.0,38.69,23.1364,38
80,148,0.0003,-0.0002,100.0,518.67,643.1,1595.0,1415.34,14.62,21.61,552.87,2388.08,9098.15,1.3,47.72,520.87,2388.11,8164.15,8.4795,0.03,394,2388,100.0,38.58,23.3456,37
80,149,0.0029,-0.0004,100.0,518.67,643.43,1598.68,1410.34,14.62,21.61,552.08,2388.09,9093.74,1.3,47.78,520.73,2388.16,8166.38,8.4685,0.03,396,2388,100.0,38.63,23.155,36
80,150,0.0021,0.0004,100.0,518.67,642.76,1597.23,1413.96,14.62,21.61,552.9,2388.15,9100.84,1.3,47.86,520.87,2388.14,8171.84,8.452,0.03,394,2388,100.0,38.65,23.1862,35
80,151,0.0014,0.0003,100.0,518.67,643.22,1599.9,1412.92,14.62,21.61,552.37,2388.11,9095.58,1.3,47.8,520.99,2388.13,8173.18,8.4547,0.03,395,2388,100.0,38.75,23.3488,34
80,152,0.0015,-0.0004,100.0,518.67,642.67,1598.65,1416.95,14.62,21.61,552.0,2388.13,9096.29,1.3,47.95,520.76,2388.11,8169.0,8.4751,0.03,395,2388,100.0,38.72,23.2295,33
80,153,-0.0022,-0.0001,100.0,518.67,642.68,1595.62,1415.44,14.62,21.61,552.58,2388.1,9104.78,1.3,47.71,520.53,2388.16,8174.12,8.4727,0.03,395,2388,100.0,38.52,23.1728,32
80,154,-0.0008,-0.0005,100.0,518.67,643.14,1605.31,1414.48,14.62,21.61,551.99,2388.14,9104.79,1.3,47.69,520.43,2388.13,8173.83,8.486,0.03,396,2388,100.0,38.71,23.1632,31
80,155,0.0006,-0.0002,100.0,518.67,643.1,1600.93,1413.85,14.62,21.61,553.03,2388.14,9098.21,1.3,47.93,520.79,2388.13,8179.78,8.4565,0.03,394,2388,100.0,38.63,23.2292,30
80,156,0.0034,-0.0,100.0,518.67,643.14,1590.76,1415.45,14.62,21.61,552.42,2388.1,9106.56,1.3,47.91,520.49,2388.1,8174.72,8.4867,0.03,396,2388,100.0,38.71,23.1706,29
80,157,0.0063,-0.0004,100.0,518.67,643.47,1597.34,1417.93,14.62,21.61,552.32,2388.13,9099.01,1.3,47.8,521.41,2388.17,8173.89,8.5008,0.03,396,2388,100.0,38.63,23.1173,28
80,158,-0.001,0.0004,100.0,518.67,643.47,1595.66,1415.79,14.62,21.61,552.51,2388.14,9104.81,1.3,47.97,520.39,2388.12,8181.93,8.4755,0.03,395,2388,100.0,38.68,23.2602,27
80,159,-0.0005,-0.0001,100.0,518.67,643.17,1596.14,1416.95,14.62,21.61,552.76,2388.12,9118.8,1.3,47.82,520.82,2388.15,8180.63,8.4913,0.03,394,2388,100.0,38.67,23.1529,26
80,160,-0.0001,-0.0002,100.0,518.67,643.39,1595.93,1408.05,14.62,21.61,552.78,2388.1,9112.44,1.3,47.69,521.25,2388.07,8174.92,8.4699,0.03,396,2388,100.0,38.5,23.0672,25
80,161,0.0003,-0.0004,100.0,518.67,643.77,1598.97,1426.33,14.62,21.61,552.32,2388.13,9108.71,1.3,47.52,520.56,2388.08,8182.0,8.4872,0.03,396,2388,100.0,38.68,23.0331,24
80,162,0.003,0.0002,100.0,518.67,643.4,1592.82,1414.62,14.62,21.61,552.63,2388.11,9114.56,1.3,47.76,520.81,2388.1,8188.58,8.4331,0.03,393,2388,100.0,38.46,23.1272,23
80,163,-0.0004,-0.0,100.0,518.67,643.26,1597.37,1420.3,14.62,21.61,552.93,2388.14,9115.47,1.3,47.8,520.86,2388.13,8185.85,8.4734,0.03,395,2388,100.0,38.62,23.1684,22
80,164,-0.003,0.0004,100.0,518.67,643.25,1605.13,1416.79,14.62,21.61,552.59,2388.13,9119.15,1.3,47.71,520.73,2388.12,8185.19,8.4794,0.03,395,2388,100.0,38.59,23.2999,21
80,165,-0.0059,0.0002,100.0,518.67,643.65,1602.53,1420.04,14.62,21.61,552.42,2388.1,9113.6,1.3,47.85,520.48,2388.15,8188.14,8.4805,0.03,396,2388,100.0,38.56,23.2028,20
80,166,0.0023,0.0,100.0,518.67,643.4,1596.57,1420.43,14.62,21.61,551.67,2388.09,9125.22,1.3,47.85,520.88,2388.14,8193.0,8.5215,0.03,397,2388,100.0,38.64,23.1729,19
80,167,-0.0038,0.0005,100.0,518.67,643.69,1601.2,1413.04,14.62,21.61,552.09,2388.13,9127.52,1.3,47.96,520.5,2388.04,8195.46,8.4855,0.03,396,2388,100.0,38.63,23.1171,18
80,168,-0.0011,0.0001,100.0,518.67,643.11,1595.81,1420.2,14.62,21.61,552.66,2388.11,9126.66,1.3,47.96,520.54,2388.05,8192.39,8.4716,0.03,394,2388,100.0,38.63,23.2132,17
80,169,0.0007,0.0003,100.0,518.67,643.29,1595.56,1421.62,14.62,21.61,552.8,2388.15,9126.88,1.3,47.94,520.52,2388.09,8192.9,8.4824,0.03,397,2388,100.0,38.52,23.2061,16
80,170,-0.0016,-0.0004,100.0,518.67,643.76,1600.43,1422.02,14.62,21.61,552.59,2388.18,9122.8,1.3,47.8,520.84,2388.16,8195.69,8.5363,0.03,398,2388,100.0,38.58,23.096,15
80,171,-0.0016,-0.0002,100.0,518.67,642.97,1600.49,1416.53,14.62,21.61,552.51,2388.19,9123.26,1.3,48.01,520.11,2388.13,8194.21,8.5305,0.03,395,2388,100.0,38.39,23.2056,14
80,172,0.0009,0.0003,100.0,518.67,643.06,1597.59,1426.41,14.62,21.61,552.73,2388.08,9124.7,1.3,48.0,520.37,2388.15,8195.05,8.5057,0.03,395,2388,100.0,38.59,23.0518,13
80,173,-0.0018,-0.0001,100.0,518.67,643.37,1605.22,1427.59,14.62,21.61,552.92,2388.14,9126.35,1.3,48.01,520.51,2388.13,8204.65,8.4791,0.03,395,2388,100.0,38.41,23.111,12
80,174,-0.0024,-0.0004,100.0,518.67,643.2,1601.97,1423.08,14.62,21.61,552.4,2388.13,9138.51,1.3,47.88,520.52,2388.2,8198.3,8.5296,0.03,395,2388,100.0,38.58,23.1156,11
80,175,0.0041,0.0004,100.0,518.67,643.0,1600.09,1429.4,14.62,21.61,552.74,2388.11,9140.77,1.3,48.25,520.86,2388.13,8200.62,8.5063,0.03,397,2388,100.0,38.51,23.0929,10
80,176,0.0014,0.0001,100.0,518.67,643.66,1600.14,1428.42,14.62,21.61,552.11,2388.12,9139.28,1.3,47.92,521.08,2388.2,8204.48,8.5111,0.03,395,2388,100.0,38.59,23.172,9
80,177,-0.0004,0.0004,100.0,518.67,643.3,1603.93,1423.61,14.62,21.61,551.94,2388.17,9143.78,1.3,48.07,520.15,2388.11,8206.52,8.4967,0.03,397,2388,100.0,38.44,23.0713,8
80,178,0.0,0.0,100.0,518.67,643.43,1603.07,1420.15,14.62,21.61,551.81,2388.09,9149.03,1.3,48.12,520.8,2388.18,8216.3,8.5173,0.03,395,2388,100.0,38.62,23.1038,7
80,179,-0.0006,-0.0003,100.0,518.67,643.61,1613.29,1432.42,14.62,21.61,551.59,2388.15,9144.0,1.3,48.06,520.5,2388.1,8211.19,8.486,0.03,395,2388,100.0,38.42,23.1907,6
80,180,0.0005,-0.0002,100.0,518.67,643.9,1602.87,1422.7,14.62,21.61,551.54,2388.17,9155.94,1.3,48.03,520.01,2388.12,8215.84,8.5194,0.03,395,2388,100.0,38.5,23.0692,5
80,181,0.0042,0.0002,100.0,518.67,644.0,1604.26,1428.92,14.62,21.61,552.24,2388.2,9145.62,1.3,48.17,520.44,2388.17,8218.63,8.5194,0.03,397,2388,100.0,38.39,23.1678,4
80,182,-0.0014,0.0004,100.0,518.67,643.81,1598.32,1426.31,14.62,21.61,551.6,2388.16,9160.23,1.3,48.41,520.06,2388.12,8221.91,8.5493,0.03,396,2388,100.0,38.34,23.0142,3
80,183,0.0018,-0.0,100.0,518.67,643.49,1603.37,1434.3,14.62,21.61,551.78,2388.12,9152.84,1.3,48.04,519.67,2388.21,8217.46,8.5106,0.03,397,2388,100.0,38.34,22.9337,2
80,184,-0.0024,0.0002,100.0,518.67,643.83,1603.01,1430.23,14.62,21.61,551.78,2388.17,9164.1,1.3,48.04,519.72,2388.2,8228.65,8.4983,0.03,397,2388,100.0,38.53,22.9971,1
80,185,0.0015,-0.0,100.0,518.67,643.88,1606.38,1421.41,14.62,21.61,551.55,2388.22,9170.57,1.3,48.05,520.0,2388.18,8229.73,8.525,0.03,397,2388,100.0,38.35,23.0323,0
81,1,-0.005,0.0003,100.0,518.67,642.04,1589.91,1406.63,14.62,21.61,553.78,2388.1,9060.49,1.3,47.53,522.09,2388.04,8134.78,8.4455,0.03,391,2388,100.0,38.87,23.3365,239
81,2,0.0023,0.0002,100.0,518.67,642.65,1586.25,1407.88,14.62,21.61,553.7,2388.09,9064.32,1.3,47.39,522.07,2388.07,8140.37,8.4573,0.03,392,2388,100.0,38.91,23.3452,238
81,3,-0.0005,0.0005,100.0,518.67,642.55,1586.42,1396.4,14.62,21.61,553.28,2388.11,9058.66,1.3,47.39,521.07,2388.06,8139.75,8.4522,0.03,394,2388,100.0,39.04,23.361,237
81,4,-0.0001,-0.0,100.0,518.67,642.41,1594.89,1404.86,14.62,21.61,554.25,2388.04,9056.54,1.3,47.59,521.68,2388.04,8144.12,8.4403,0.03,392,2388,100.0,38.77,23.4206,236
81,5,0.0024,0.0002,100.0,518.67,643.41,1590.49,1409.58,14.62,21.61,553.5,2388.04,9058.47,1.3,47.24,521.47,2388.12,8139.21,8.3971,0.03,392,2388,100.0,39.04,23.3311,235
81,6,0.0005,-0.0002,100.0,518.67,642.75,1589.51,1414.62,14.62,21.61,553.59,2388.05,9055.33,1.3,47.37,521.38,2388.04,8142.92,8.4121,0.03,391,2388,100.0,38.93,23.4274,234
81,7,0.0013,-0.0003,100.0,518.67,642.5,1587.88,1402.18,14.62,21.61,554.22,2388.0,9057.29,1.3,47.72,521.64,2388.05,8135.4,8.4458,0.03,391,2388,100.0,38.89,23.3179,233
81,8,0.0012,-0.0002,100.0,518.67,642.34,1592.6,1402.26,14.62,21.61,554.0,2388.07,9057.96,1.3,47.13,522.2,2388.07,8141.11,8.3977,0.03,392,2388,100.0,38.85,23.407,232
81,9,0.0041,-0.0001,100.0,518.67,642.76,1582.13,1391.57,14.62,21.61,554.0,2388.03,9058.47,1.3,47.42,521.43,2388.07,8146.68,8.4121,0.03,391,2388,100.0,39.09,23.3476,231
81,10,-0.0006,0.0003,100.0,518.67,641.98,1593.4,1408.72,14.62,21.61,553.78,2388.11,9054.31,1.3,47.45,521.83,2388.04,8138.66,8.4532,0.03,394,2388,100.0,38.82,23.3865,230
81,11,-0.0003,-0.0004,100.0,518.67,642.51,1584.68,1393.79,14.62,21.61,554.1,2388.03,9057.06,1.3,47.53,521.88,2388.07,8139.3,8.4358,0.03,391,2388,100.0,38.77,23.3335,229
81,12,-0.0009,0.0004,100.0,518.67,642.85,1587.31,1407.41,14.62,21.61,553.25,2388.1,9059.26,1.3,47.48,522.0,2388.07,8133.49,8.4221,0.03,393,2388,100.0,39.05,23.3104,228
81,13,0.0024,0.0002,100.0,518.67,642.53,1584.34,1402.22,14.62,21.61,554.34,2388.08,9060.25,1.3,47.4,522.19,2388.09,8142.63,8.409,0.03,393,2388,100.0,38.92,23.2522,227
81,14,0.0047,0.0001,100.0,518.67,641.7,1586.25,1400.29,14.62,21.61,553.66,2388.07,9059.35,1.3,47.5,521.86,2388.07,8138.7,8.4354,0.03,392,2388,100.0,38.96,23.3628,226
81,15,-0.0024,0.0004,100.0,518.67,642.6,1585.05,1399.43,14.62,21.61,554.3,2388.09,9062.54,1.3,47.5,521.82,2388.04,8143.7,8.3921,0.03,393,2388,100.0,38.8,23.4396,225
81,16,0.0015,-0.0001,100.0,518.67,642.65,1586.89,1407.62,14.62,21.61,553.43,2388.02,9060.57,1.3,47.29,521.6,2388.08,8141.15,8.4132,0.03,392,2388,100.0,39.03,23.3926,224
81,17,0.0022,-0.0003,100.0,518.67,642.42,1588.44,1404.33,14.62,21.61,553.53,2388.1,9063.99,1.3,47.39,521.35,2388.06,8140.72,8.4988,0.03,392,2388,100.0,38.96,23.3602,223
81,18,0.0015,0.0002,100.0,518.67,642.92,1585.91,1402.04,14.62,21.61,553.51,2388.08,9056.16,1.3,47.4,521.8,2388.1,8136.02,8.4253,0.03,392,2388,100.0,38.82,23.3846,222
81,19,-0.0015,0.0004,100.0,518.67,642.28,1586.1,1406.05,14.62,21.61,553.97,2388.1,9052.28,1.3,47.46,521.92,2388.08,8142.03,8.4189,0.03,393,2388,100.0,38.97,23.2634,221
81,20,-0.0001,-0.0,100.0,518.67,642.61,1589.05,1398.34,14.62,21.61,553.34,2388.02,9059.36,1.3,47.47,522.07,2388.1,8138.99,8.4218,0.03,393,2388,100.0,38.82,23.3809,220
81,21,0.001,-0.0003,100.0,518.67,642.77,1589.51,1409.38,14.62,21.61,554.03,2388.08,9066.93,1.3,47.45,521.91,2388.04,8141.85,8.4205,0.03,392,2388,100.0,38.89,23.4212,219
81,22,0.0004,0.0,100.0,518.67,642.39,1584.29,1406.28,14.62,21.61,554.45,2388.07,9066.82,1.3,47.61,521.78,2388.06,8140.02,8.4076,0.03,393,2388,100.0,39.02,23.2729,218
81,23,0.0027,0.0004,100.0,518.67,642.99,1582.68,1402.37,14.62,21.61,554.55,2388.09,9061.19,1.3,47.38,522.2,2388.06,8141.0,8.422,0.03,394,2388,100.0,38.92,23.3634,217
81,24,-0.0028,-0.0002,100.0,518.67,642.07,1591.26,1401.57,14.62,21.61,554.17,2388.04,9064.46,1.3,47.44,521.74,2388.1,8135.76,8.4501,0.03,392,2388,100.0,38.91,23.4123,216
81,25,0.0038,0.0003,100.0,518.67,642.61,1593.16,1404.99,14.62,21.61,553.27,2388.11,9053.71,1.3,47.36,521.9,2388.04,8139.7,8.4123,0.03,393,2388,100.0,38.85,23.2724,215
81,26,-0.0004,0.0005,100.0,518.67,642.16,1590.84,1405.96,14.62,21.61,554.26,2388.0,9055.5,1.3,47.47,521.8,2388.07,8138.27,8.3907,0.03,392,2388,100.0,38.76,23.2123,214
81,27,0.002,-0.0004,100.0,518.67,642.5,1578.34,1408.77,14.62,21.61,553.67,2388.05,9058.29,1.3,47.35,521.99,2388.01,8138.22,8.4337,0.03,392,2388,100.0,38.82,23.3601,213
81,28,-0.0016,0.0004,100.0,518.67,642.53,1583.87,1406.71,14.62,21.61,553.95,2388.09,9060.72,1.3,47.41,521.77,2388.04,8144.12,8.4335,0.03,394,2388,100.0,38.9,23.267,212
81,29,0.0024,0.0001,100.0,518.67,642.41,1594.42,1407.73,14.62,21.61,553.51,2388.07,9062.64,1.3,47.46,521.72,2388.1,8139.63,8.3885,0.03,394,2388,100.0,38.81,23.3384,211
81,30,-0.0009,0.0004,100.0,518.67,642.74,1585.0,1410.4,14.62,21.61,553.6,2388.0,9054.67,1.3,47.5,521.43,2388.06,8144.03,8.4125,0.03,391,2388,100.0,39.0,23.3942,210
81,31,0.001,-0.0001,100.0,518.67,642.51,1585.28,1401.84,14.62,21.61,553.11,2388.08,9063.56,1.3,47.37,522.03,2388.1,8139.91,8.3758,0.03,393,2388,100.0,38.84,23.2756,209
81,32,-0.0005,0.0003,100.0,518.67,642.73,1584.27,1403.55,14.62,21.61,553.38,2388.07,9056.62,1.3,47.35,521.59,2388.07,8143.52,8.4378,0.03,393,2388,100.0,38.82,23.264,208
81,33,-0.0009,-0.0001,100.0,518.67,642.42,1588.36,1401.28,14.62,21.61,554.01,2388.08,9061.89,1.3,47.51,522.1,2388.1,8140.6,8.4665,0.03,393,2388,100.0,39.02,23.2309,207
81,34,-0.0019,0.0001,100.0,518.67,642.51,1597.07,1408.95,14.62,21.61,553.54,2388.11,9057.94,1.3,47.35,522.16,2388.05,8141.97,8.4108,0.03,392,2388,100.0,38.76,23.3034,206
81,35,-0.0032,0.0002,100.0,518.67,643.02,1588.06,1407.91,14.62,21.61,553.24,2388.1,9067.78,1.3,47.18,522.11,2388.07,8138.21,8.4271,0.03,392,2388,100.0,39.03,23.4179,205
81,36,-0.0019,-0.0001,100.0,518.67,642.21,1584.92,1397.61,14.62,21.61,553.39,2388.04,9055.85,1.3,47.45,521.28,2388.08,8140.79,8.4149,0.03,393,2388,100.0,38.82,23.3288,204
81,37,0.0012,0.0005,100.0,518.67,642.26,1582.85,1403.25,14.62,21.61,553.82,2388.09,9056.71,1.3,47.39,521.44,2388.09,8139.11,8.4304,0.03,392,2388,100.0,38.89,23.4186,203
81,38,-0.001,0.0002,100.0,518.67,642.2,1588.38,1408.43,14.62,21.61,554.02,2388.03,9062.48,1.3,47.46,521.77,2388.08,8147.21,8.387,0.03,391,2388,100.0,38.77,23.2774,202
81,39,0.0,-0.0004,100.0,518.67,642.73,1593.42,1405.7,14.62,21.61,553.65,2388.07,9054.04,1.3,47.45,521.86,2388.08,8139.46,8.4145,0.03,390,2388,100.0,38.87,23.2507,201
81,40,-0.0015,-0.0,100.0,518.67,642.12,1587.75,1407.5,14.62,21.61,554.25,2388.09,9061.02,1.3,47.41,521.98,2388.06,8144.17,8.4251,0.03,393,2388,100.0,38.89,23.4337,200
81,41,-0.0016,0.0005,100.0,518.67,642.73,1577.3,1401.96,14.62,21.61,553.5,2388.07,9065.77,1.3,47.32,522.36,2388.08,8144.56,8.4485,0.03,395,2388,100.0,38.9,23.3789,199
81,42,0.0017,-0.0002,100.0,518.67,642.78,1584.88,1405.84,14.62,21.61,553.66,2388.01,9051.69,1.3,47.45,521.34,2388.04,8142.48,8.4382,0.03,393,2388,100.0,39.07,23.3364,198
81,43,0.0033,0.0005,100.0,518.67,642.43,1592.31,1406.97,14.62,21.61,554.19,2388.02,9059.47,1.3,47.42,522.06,2388.05,8138.8,8.4336,0.03,394,2388,100.0,38.76,23.3002,197
81,44,0.0012,-0.0004,100.0,518.67,642.61,1590.24,1410.33,14.62,21.61,553.53,2388.07,9059.49,1.3,47.55,521.54,2388.08,8134.82,8.4293,0.03,393,2388,100.0,38.92,23.298,196
81,45,-0.0034,-0.0004,100.0,518.67,643.1,1579.46,1399.31,14.62,21.61,554.3,2388.06,9054.87,1.3,47.47,521.66,2388.08,8140.54,8.4351,0.03,393,2388,100.0,38.94,23.2756,195
81,46,0.0028,0.0005,100.0,518.67,642.6,1590.02,1402.95,14.62,21.61,553.33,2388.02,9060.75,1.3,47.28,521.91,2388.12,8141.52,8.4093,0.03,394,2388,100.0,38.91,23.2944,194
81,47,0.0006,-0.0003,100.0,518.67,642.4,1592.83,1403.22,14.62,21.61,554.12,2388.04,9053.84,1.3,47.49,521.25,2388.15,8141.81,8.4501,0.03,392,2388,100.0,38.84,23.3751,193
81,48,0.0006,-0.0004,100.0,518.67,642.31,1590.33,1401.8,14.62,21.61,553.64,2388.02,9059.1,1.3,47.4,522.13,2388.06,8139.31,8.4113,0.03,393,2388,100.0,38.84,23.2872,192
81,49,-0.0017,0.0005,100.0,518.67,642.28,1589.87,1404.49,14.62,21.61,554.24,2388.09,9064.21,1.3,47.47,521.45,2388.07,8140.28,8.4538,0.03,393,2388,100.0,38.97,23.4366,191
81,50,0.0009,0.0005,100.0,518.67,641.79,1592.12,1403.02,14.62,21.61,553.69,2388.1,9061.41,1.3,47.31,521.9,2388.04,8145.05,8.3741,0.03,392,2388,100.0,39.04,23.3538,190
81,51,-0.0012,0.0004,100.0,518.67,642.27,1583.78,1406.21,14.62,21.61,553.16,2388.07,9059.73,1.3,47.31,521.98,2388.01,8134.99,8.4371,0.03,392,2388,100.0,38.89,23.4298,189
81,52,-0.0024,0.0001,100.0,518.67,642.0,1585.92,1402.32,14.62,21.61,554.22,2388.01,9056.55,1.3,47.45,521.86,2388.08,8136.59,8.4378,0.03,393,2388,100.0,38.85,23.1695,188
81,53,-0.0011,0.0006,100.0,518.67,642.5,1589.31,1411.83,14.62,21.61,553.9,2388.07,9063.84,1.3,47.49,521.44,2388.09,8138.53,8.4052,0.03,393,2388,100.0,38.82,23.3519,187
81,54,0.0019,0.0005,100.0,518.67,641.9,1588.73,1402.11,14.62,21.61,554.27,2388.01,9059.64,1.3,47.57,521.43,2388.05,8140.74,8.4125,0.03,392,2388,100.0,39.03,23.4315,186
81,55,0.0027,-0.0002,100.0,518.67,642.89,1585.97,1412.3,14.62,21.61,553.31,2388.04,9060.43,1.3,47.4,521.47,2388.08,8140.4,8.4225,0.03,392,2388,100.0,38.96,23.2801,185
81,56,0.0028,0.0003,100.0,518.67,642.93,1595.61,1399.05,14.62,21.61,552.53,2388.08,9053.34,1.3,47.36,521.25,2388.09,8141.43,8.4082,0.03,393,2388,100.0,38.65,23.3409,184
81,57,0.003,0.0001,100.0,518.67,642.25,1586.86,1396.66,14.62,21.61,553.3,2388.06,9062.8,1.3,47.38,521.85,2388.1,8144.85,8.4653,0.03,392,2388,100.0,38.93,23.3626,183
81,58,0.0005,0.0002,100.0,518.67,642.4,1589.1,1406.39,14.62,21.61,554.02,2388.07,9059.1,1.3,47.27,521.37,2388.07,8145.99,8.4485,0.03,393,2388,100.0,39.02,23.4113,182
81,59,-0.003,0.0001,100.0,518.67,642.69,1584.89,1401.43,14.62,21.61,554.02,2388.07,9059.96,1.3,47.33,521.13,2388.05,8131.11,8.4209,0.03,393,2388,100.0,38.86,23.3005,181
81,60,0.0017,-0.0004,100.0,518.67,642.78,1588.14,1403.98,14.62,21.61,553.7,2388.06,9056.34,1.3,47.54,522.09,2388.06,8140.1,8.4403,0.03,393,2388,100.0,38.93,23.2333,180
81,61,0.0034,-0.0001,100.0,518.67,642.64,1587.0,1396.17,14.62,21.61,553.64,2388.06,9058.86,1.3,47.38,522.0,2388.06,8141.98,8.4328,0.03,390,2388,100.0,39.02,23.2672,179
81,62,0.0026,-0.0003,100.0,518.67,642.35,1592.62,1408.23,14.62,21.61,553.72,2388.15,9063.45,1.3,47.44,521.65,2388.05,8139.67,8.4437,0.03,393,2388,100.0,38.69,23.2802,178
81,63,0.0013,0.0001,100.0,518.67,642.86,1594.11,1406.45,14.62,21.61,553.93,2388.05,9059.46,1.3,47.56,521.85,2388.05,8140.51,8.4002,0.03,393,2388,100.0,38.83,23.2422,177
81,64,0.0018,0.0002,100.0,518.67,642.78,1590.52,1406.75,14.62,21.61,553.77,2388.08,9064.18,1.3,47.49,521.86,2388.07,8136.28,8.4441,0.03,394,2388,100.0,38.97,23.2478,176
81,65,0.0008,-0.0002,100.0,518.67,641.98,1588.67,1406.71,14.62,21.61,554.06,2388.05,9057.65,1.3,47.53,521.79,2388.09,8137.68,8.4254,0.03,393,2388,100.0,38.84,23.3127,175
81,66,0.0003,0.0004,100.0,518.67,642.47,1589.46,1406.96,14.62,21.61,553.69,2388.04,9057.46,1.3,47.41,522.26,2388.13,8134.57,8.4377,0.03,391,2388,100.0,38.88,23.4544,174
81,67,0.0024,0.0004,100.0,518.67,642.81,1590.55,1405.88,14.62,21.61,553.86,2388.08,9063.55,1.3,47.4,521.32,2388.05,8142.73,8.4245,0.03,393,2388,100.0,38.76,23.2646,173
81,68,-0.0012,0.0004,100.0,518.67,642.35,1585.32,1400.55,14.62,21.61,553.47,2388.06,9058.12,1.3,47.58,521.75,2388.09,8142.15,8.4444,0.03,391,2388,100.0,38.79,23.3034,172
81,69,-0.0015,-0.0004,100.0,518.67,642.84,1585.23,1400.86,14.62,21.61,553.55,2388.1,9055.09,1.3,47.36,521.41,2388.06,8137.3,8.4358,0.03,391,2388,100.0,38.89,23.2724,171
81,70,0.0018,0.0004,100.0,518.67,642.4,1589.0,1404.02,14.62,21.61,553.12,2388.1,9058.11,1.3,47.24,521.69,2388.06,8136.7,8.425,0.03,393,2388,100.0,39.07,23.2517,170
81,71,0.0008,-0.0001,100.0,518.67,642.32,1591.47,1400.98,14.62,21.61,553.74,2388.03,9066.2,1.3,47.5,522.09,2388.1,8135.8,8.3864,0.03,393,2388,100.0,38.84,23.3497,169
81,72,-0.0032,0.0003,100.0,518.67,642.98,1592.16,1402.62,14.62,21.61,552.72,2388.13,9059.4,1.3,47.52,521.62,2388.09,8141.62,8.3956,0.03,392,2388,100.0,38.81,23.3342,168
81,73,-0.0018,-0.0002,100.0,518.67,642.45,1589.14,1401.31,14.62,21.61,553.42,2388.12,9059.39,1.3,47.56,521.56,2388.12,8139.12,8.4293,0.03,393,2388,100.0,38.83,23.3494,167
81,74,0.0014,-0.0004,100.0,518.67,642.28,1589.21,1401.74,14.62,21.61,553.6,2388.06,9061.84,1.3,47.5,521.88,2388.07,8141.83,8.4364,0.03,392,2388,100.0,38.91,23.3684,166
81,75,0.0038,0.0001,100.0,518.67,642.17,1582.52,1409.92,14.62,21.61,553.48,2388.08,9060.84,1.3,47.3,521.68,2388.03,8139.09,8.4068,0.03,392,2388,100.0,38.83,23.3948,165
81,76,-0.0024,0.0003,100.0,518.67,642.43,1589.66,1414.22,14.62,21.61,553.74,2388.12,9052.84,1.3,47.49,521.97,2388.07,8136.73,8.4594,0.03,394,2388,100.0,38.94,23.3194,164
81,77,0.0035,-0.0001,100.0,518.67,642.8,1584.26,1404.89,14.62,21.61,553.85,2388.06,9053.29,1.3,47.39,521.53,2388.13,8139.15,8.4262,0.03,393,2388,100.0,38.84,23.3357,163
81,78,0.001,0.0005,100.0,518.67,642.66,1589.98,1405.99,14.62,21.61,553.94,2388.16,9054.68,1.3,47.58,521.79,2388.07,8136.12,8.4407,0.03,393,2388,100.0,38.96,23.1309,162
81,79,-0.0,-0.0003,100.0,518.67,642.62,1586.82,1411.63,14.62,21.61,553.22,2388.08,9060.38,1.3,47.5,521.83,2388.03,8141.68,8.3967,0.03,394,2388,100.0,38.87,23.3216,161
81,80,-0.0008,0.0004,100.0,518.67,642.69,1584.9,1416.14,14.62,21.61,552.96,2388.06,9065.43,1.3,47.39,521.61,2388.06,8137.65,8.4295,0.03,391,2388,100.0,38.88,23.2741,160
81,81,0.0022,0.0001,100.0,518.67,642.57,1592.55,1404.1,14.62,21.61,553.9,2388.09,9062.88,1.3,47.46,522.14,2388.05,8145.48,8.4095,0.03,394,2388,100.0,38.87,23.2831,159
81,82,0.003,0.0003,100.0,518.67,642.98,1588.48,1401.65,14.62,21.61,553.83,2388.11,9058.09,1.3,47.45,522.05,2388.11,8141.28,8.4395,0.03,393,2388,100.0,38.84,23.3954,158
81,83,-0.002,0.0001,100.0,518.67,642.28,1583.99,1406.28,14.62,21.61,553.27,2388.03,9063.01,1.3,47.31,521.22,2388.06,8139.37,8.4114,0.03,392,2388,100.0,39.04,23.0737,157
81,84,0.0014,-0.0004,100.0,518.67,643.02,1592.82,1408.71,14.62,21.6,553.75,2388.06,9061.3,1.3,47.54,521.9,2388.12,8136.67,8.4304,0.03,393,2388,100.0,39.03,23.3246,156
81,85,0.0012,0.0002,100.0,518.67,642.5,1592.76,1406.07,14.62,21.61,553.1,2388.08,9059.14,1.3,47.49,522.56,2388.09,8142.32,8.4232,0.03,391,2388,100.0,38.8,23.3588,155
81,86,0.0031,0.0001,100.0,518.67,642.66,1600.61,1402.94,14.62,21.61,553.96,2388.07,9066.91,1.3,47.48,522.08,2388.05,8143.88,8.4307,0.03,393,2388,100.0,39.06,23.3176,154
81,87,-0.0,0.0003,100.0,518.67,642.56,1584.82,1411.75,14.62,21.61,553.61,2388.09,9056.21,1.3,47.52,522.11,2388.05,8136.65,8.4454,0.03,395,2388,100.0,38.93,23.2763,153
81,88,-0.0017,0.0003,100.0,518.67,642.63,1592.28,1406.52,14.62,21.61,552.71,2388.1,9063.28,1.3,47.31,521.56,2388.09,8131.94,8.421,0.03,393,2388,100.0,38.72,23.3293,152
81,89,0.0044,-0.0004,100.0,518.67,643.08,1584.29,1411.93,14.62,21.61,553.32,2388.02,9064.4,1.3,47.51,521.68,2388.09,8140.8,8.4681,0.03,392,2388,100.0,38.95,23.2886,151
81,90,0.0031,-0.0004,100.0,518.67,642.88,1587.82,1405.54,14.62,21.61,553.73,2388.07,9058.37,1.3,47.4,521.79,2388.12,8136.97,8.4062,0.03,394,2388,100.0,38.78,23.3855,150
81,91,0.0044,-0.0,100.0,518.67,642.66,1589.43,1397.28,14.62,21.61,553.26,2388.11,9049.26,1.3,47.37,521.54,2388.1,8137.97,8.4194,0.03,392,2388,100.0,38.66,23.2094,149
81,92,-0.0008,-0.0002,100.0,518.67,642.6,1590.1,1405.39,14.62,21.61,553.29,2388.06,9062.03,1.3,47.38,521.72,2388.09,8136.75,8.4455,0.03,393,2388,100.0,38.96,23.3754,148
81,93,0.0005,0.0003,100.0,518.67,642.65,1588.92,1406.4,14.62,21.61,553.89,2388.06,9054.35,1.3,47.45,522.16,2388.09,8140.15,8.4686,0.03,393,2388,100.0,38.71,23.2708,147
81,94,0.0022,-0.0003,100.0,518.67,641.94,1583.23,1401.29,14.62,21.61,553.51,2388.03,9054.17,1.3,47.33,521.75,2388.13,8140.66,8.4204,0.03,392,2388,100.0,38.83,23.4356,146
81,95,-0.0033,0.0003,100.0,518.67,642.73,1584.78,1413.55,14.62,21.61,553.3,2388.09,9057.95,1.3,47.38,521.9,2388.08,8139.34,8.4272,0.03,394,2388,100.0,39.03,23.3539,145
81,96,-0.0001,0.0002,100.0,518.67,643.38,1588.8,1410.71,14.62,21.61,553.93,2388.07,9070.51,1.3,47.42,521.72,2388.08,8142.93,8.4459,0.03,393,2388,100.0,38.99,23.3445,144
81,97,0.0005,0.0001,100.0,518.67,642.94,1585.75,1410.18,14.62,21.61,553.74,2388.11,9057.13,1.3,47.36,521.13,2388.08,8146.62,8.4347,0.03,392,2388,100.0,39.02,23.3679,143
81,98,-0.0038,-0.0002,100.0,518.67,642.93,1587.59,1414.7,14.62,21.61,553.12,2388.13,9059.63,1.3,47.53,521.86,2388.12,8141.28,8.4582,0.03,392,2388,100.0,38.72,23.3774,142
81,99,0.0001,0.0004,100.0,518.67,642.11,1590.13,1410.65,14.62,21.61,553.83,2388.11,9058.12,1.3,47.7,521.31,2388.09,8140.9,8.4442,0.03,392,2388,100.0,38.85,23.2702,141
81,100,-0.0049,-0.0004,100.0,518.67,642.61,1588.16,1404.23,14.62,21.61,553.76,2388.11,9068.76,1.3,47.42,521.69,2388.04,8143.31,8.4496,0.03,393,2388,100.0,38.97,23.3659,140
81,101,-0.0006,0.0006,100.0,518.67,642.82,1592.24,1403.73,14.62,21.61,553.32,2388.08,9061.94,1.3,47.35,521.91,2388.1,8141.92,8.4482,0.03,393,2388,100.0,38.78,23.384,139
81,102,0.0008,0.0004,100.0,518.67,642.53,1581.3,1404.73,14.62,21.61,554.19,2388.04,9057.46,1.3,47.45,521.19,2388.06,8142.12,8.3984,0.03,393,2388,100.0,38.83,23.228,138
81,103,0.0018,-0.0001,100.0,518.67,642.21,1590.6,1411.17,14.62,21.61,553.47,2388.11,9051.49,1.3,47.5,521.02,2388.09,8131.6,8.4277,0.03,393,2388,100.0,38.83,23.2863,137
81,104,-0.0024,0.0005,100.0,518.67,642.63,1595.96,1402.54,14.62,21.61,552.91,2388.16,9059.62,1.3,47.46,521.46,2388.13,8136.94,8.4491,0.03,393,2388,100.0,38.86,23.317,136
81,105,-0.0008,0.0004,100.0,518.67,642.07,1589.51,1409.91,14.62,21.61,553.77,2388.04,9057.98,1.3,47.43,521.88,2388.1,8139.66,8.3989,0.03,392,2388,100.0,38.94,23.3321,135
81,106,-0.001,0.0005,100.0,518.67,642.65,1581.19,1407.07,14.62,21.61,553.33,2388.08,9052.17,1.3,47.54,521.47,2388.14,8136.0,8.4151,0.03,392,2388,100.0,38.76,23.1893,134
81,107,-0.0026,0.0005,100.0,518.67,642.52,1593.95,1410.48,14.62,21.61,553.8,2388.1,9062.97,1.3,47.51,521.96,2388.08,8138.79,8.4927,0.03,392,2388,100.0,38.8,23.2383,133
81,108,-0.0007,-0.0001,100.0,518.67,642.52,1582.36,1407.68,14.62,21.61,553.15,2388.08,9061.37,1.3,47.6,521.48,2388.09,8138.05,8.4079,0.03,393,2388,100.0,38.85,23.2926,132
81,109,0.0015,0.0005,100.0,518.67,641.88,1590.35,1413.17,14.62,21.61,552.89,2388.12,9055.56,1.3,47.51,521.62,2388.09,8143.84,8.3939,0.03,394,2388,100.0,38.89,23.2822,131
81,110,-0.0005,0.0004,100.0,518.67,642.59,1595.21,1409.69,14.62,21.61,553.73,2388.13,9066.29,1.3,47.43,521.86,2388.06,8141.05,8.4275,0.03,393,2388,100.0,38.93,23.2474,130
81,111,0.0003,0.0003,100.0,518.67,642.6,1590.83,1409.41,14.62,21.61,553.78,2388.12,9063.66,1.3,47.51,521.5,2388.06,8137.07,8.4787,0.03,391,2388,100.0,38.88,23.2615,129
81,112,0.0031,0.0005,100.0,518.67,642.65,1584.56,1412.65,14.62,21.61,553.94,2388.09,9062.94,1.3,47.52,522.17,2388.18,8144.35,8.4489,0.03,392,2388,100.0,38.85,23.332,128
81,113,0.0002,-0.0003,100.0,518.67,642.63,1591.24,1408.77,14.62,21.61,553.7,2388.04,9052.23,1.3,47.43,521.77,2388.06,8139.36,8.4274,0.03,395,2388,100.0,38.93,23.2825,127
81,114,0.0044,0.0,100.0,518.67,642.5,1595.9,1408.5,14.62,21.61,553.46,2388.11,9060.36,1.3,47.66,521.34,2388.16,8141.23,8.4498,0.03,393,2388,100.0,38.84,23.2956,126
81,115,0.0031,0.0003,100.0,518.67,643.37,1594.71,1411.91,14.62,21.61,553.48,2388.12,9058.07,1.3,47.52,520.87,2388.08,8142.15,8.4405,0.03,393,2388,100.0,38.76,23.3299,125
81,116,0.0036,0.0004,100.0,518.67,641.62,1592.13,1409.83,14.62,21.61,553.9,2388.11,9065.92,1.3,47.34,521.1,2388.05,8138.77,8.4315,0.03,393,2388,100.0,38.82,23.321,124
81,117,0.0047,-0.0001,100.0,518.67,642.85,1596.16,1401.88,14.62,21.61,553.07,2388.08,9055.65,1.3,47.6,521.46,2388.11,8143.02,8.4145,0.03,393,2388,100.0,38.83,23.2673,123
81,118,0.0035,0.0002,100.0,518.67,642.17,1594.05,1404.28,14.62,21.61,553.45,2388.07,9060.47,1.3,47.45,521.62,2388.11,8147.53,8.4803,0.03,393,2388,100.0,38.92,23.1655,122
81,119,-0.0053,0.0002,100.0,518.67,642.27,1596.6,1412.89,14.62,21.61,552.64,2388.09,9065.57,1.3,47.6,521.46,2388.12,8142.34,8.4402,0.03,394,2388,100.0,38.67,23.3425,121
81,120,-0.0041,0.0001,100.0,518.67,643.18,1595.74,1415.59,14.62,21.61,554.52,2388.07,9063.72,1.3,47.36,521.33,2388.1,8142.59,8.4571,0.03,394,2388,100.0,38.94,23.3448,120
81,121,-0.0028,0.0005,100.0,518.67,642.64,1578.65,1398.64,14.62,21.61,553.31,2388.13,9062.59,1.3,47.69,521.87,2388.11,8139.28,8.4375,0.03,393,2388,100.0,38.67,23.2359,119
81,122,0.0012,-0.0003,100.0,518.67,642.79,1585.53,1402.73,14.62,21.61,553.55,2388.1,9069.68,1.3,47.59,521.51,2388.13,8142.28,8.4785,0.03,393,2388,100.0,38.87,23.172,118
81,123,-0.0044,0.0005,100.0,518.67,642.32,1593.73,1408.52,14.62,21.61,553.35,2388.07,9062.16,1.3,47.49,521.58,2388.05,8141.05,8.4535,0.03,392,2388,100.0,38.75,23.397,117
81,124,0.0001,-0.0003,100.0,518.67,642.62,1587.96,1408.64,14.62,21.61,553.85,2388.11,9061.0,1.3,47.47,520.61,2388.05,8136.39,8.4432,0.03,394,2388,100.0,38.74,23.1707,116
81,125,0.0004,-0.0004,100.0,518.67,643.15,1594.27,1405.51,14.62,21.61,553.24,2388.14,9057.27,1.3,47.49,521.78,2388.09,8135.97,8.4254,0.03,392,2388,100.0,38.81,23.295,115
81,126,-0.0007,-0.0001,100.0,518.67,642.4,1589.6,1403.58,14.62,21.61,553.48,2388.09,9067.94,1.3,47.5,521.17,2388.12,8143.65,8.4229,0.03,392,2388,100.0,38.61,23.238,114
81,127,0.0009,-0.0001,100.0,518.67,642.78,1588.85,1409.73,14.62,21.61,553.15,2388.08,9059.76,1.3,47.55,521.52,2388.1,8136.96,8.4585,0.03,393,2388,100.0,38.63,23.2052,113
81,128,-0.0007,0.0004,100.0,518.67,642.46,1592.57,1412.02,14.62,21.61,553.62,2388.11,9060.94,1.3,47.52,521.83,2388.08,8143.76,8.4688,0.03,394,2388,100.0,38.87,23.1731,112
81,129,-0.0016,0.0003,100.0,518.67,642.56,1595.65,1412.69,14.62,21.61,553.83,2388.1,9066.41,1.3,47.54,521.36,2388.18,8139.19,8.4271,0.03,394,2388,100.0,38.77,23.266,111
81,130,-0.0006,-0.0003,100.0,518.67,642.07,1592.87,1409.75,14.62,21.61,552.57,2388.08,9061.42,1.3,47.56,521.78,2388.12,8141.75,8.463,0.03,392,2388,100.0,38.7,23.1516,110
81,131,0.0017,0.0002,100.0,518.67,642.74,1591.07,1415.71,14.62,21.61,552.32,2388.12,9063.16,1.3,47.6,521.41,2388.03,8141.15,8.437,0.03,393,2388,100.0,38.77,23.2814,109
81,132,0.0018,0.0002,100.0,518.67,642.54,1595.33,1413.15,14.62,21.61,553.05,2388.1,9064.26,1.3,47.38,521.97,2388.08,8134.94,8.4563,0.03,393,2388,100.0,38.82,23.2471,108
81,133,0.0024,0.0005,100.0,518.67,642.55,1592.2,1406.65,14.62,21.61,553.57,2388.09,9063.74,1.3,47.67,521.31,2388.11,8141.11,8.4342,0.03,393,2388,100.0,38.89,23.3028,107
81,134,0.0008,-0.0004,100.0,518.67,642.62,1589.66,1405.98,14.62,21.61,554.0,2388.13,9062.91,1.3,47.37,521.34,2388.11,8145.66,8.4454,0.03,395,2388,100.0,39.03,23.2205,106
81,135,0.0009,0.0002,100.0,518.67,642.6,1590.3,1407.55,14.62,21.61,553.53,2388.07,9054.6,1.3,47.51,521.09,2388.07,8146.31,8.4165,0.03,394,2388,100.0,38.92,23.3995,105
81,136,0.0018,-0.0001,100.0,518.67,642.73,1589.5,1415.36,14.62,21.61,552.87,2388.1,9057.76,1.3,47.49,521.85,2388.12,8135.57,8.4417,0.03,395,2388,100.0,38.74,23.2573,104
81,137,0.0025,-0.0,100.0,518.67,643.24,1579.45,1405.78,14.62,21.61,552.57,2388.13,9057.34,1.3,47.56,521.56,2388.13,8141.88,8.4589,0.03,395,2388,100.0,38.69,23.3229,103
81,138,0.0004,0.0004,100.0,518.67,642.48,1587.57,1409.59,14.62,21.61,553.76,2388.03,9058.55,1.3,47.55,521.6,2388.08,8138.41,8.4441,0.03,392,2388,100.0,38.89,23.3827,102
81,139,0.0007,-0.0003,100.0,518.67,642.37,1596.08,1406.09,14.62,21.61,553.22,2388.1,9058.56,1.3,47.62,520.94,2388.12,8145.42,8.4477,0.03,393,2388,100.0,38.74,23.2892,101
81,140,0.0011,-0.0001,100.0,518.67,642.7,1595.19,1403.6,14.62,21.61,552.35,2388.11,9066.41,1.3,47.59,521.19,2388.14,8138.67,8.4411,0.03,393,2388,100.0,38.82,23.2691,100
81,141,-0.0023,-0.0,100.0,518.67,642.55,1585.53,1416.15,14.62,21.61,552.9,2388.14,9062.86,1.3,47.47,521.7,2388.08,8136.63,8.437,0.03,393,2388,100.0,38.69,23.2489,99
81,142,-0.0028,-0.0001,100.0,518.67,643.32,1593.23,1410.11,14.62,21.61,552.8,2388.12,9058.09,1.3,47.65,520.85,2388.11,8140.51,8.4563,0.03,392,2388,100.0,38.66,23.2357,98
81,143,0.0015,0.0001,100.0,518.67,642.83,1593.73,1420.61,14.62,21.61,552.25,2388.09,9064.14,1.3,47.44,521.47,2388.1,8141.73,8.4526,0.03,391,2388,100.0,38.82,23.2364,97
81,144,-0.0039,-0.0002,100.0,518.67,642.96,1583.83,1414.45,14.62,21.61,552.62,2388.11,9058.77,1.3,47.7,521.43,2388.08,8144.41,8.464,0.03,393,2388,100.0,39.02,23.285,96
81,145,-0.0009,0.0001,100.0,518.67,643.15,1593.07,1408.17,14.62,21.61,553.04,2388.1,9062.59,1.3,47.5,521.24,2388.15,8145.18,8.4381,0.03,393,2388,100.0,38.59,23.3877,95
81,146,0.001,0.0002,100.0,518.67,642.89,1589.49,1408.06,14.62,21.61,552.84,2388.13,9064.71,1.3,47.46,520.91,2388.16,8137.61,8.4275,0.03,391,2388,100.0,38.7,23.2363,94
81,147,-0.001,-0.0001,100.0,518.67,642.88,1593.22,1402.87,14.62,21.61,553.31,2388.11,9058.24,1.3,47.57,521.58,2388.12,8138.41,8.3992,0.03,393,2388,100.0,38.91,23.2852,93
81,148,0.0017,-0.0002,100.0,518.67,642.82,1596.78,1410.67,14.62,21.61,553.91,2388.12,9063.44,1.3,47.56,521.12,2388.08,8138.72,8.469,0.03,393,2388,100.0,38.82,23.2242,92
81,149,0.0014,-0.0003,100.0,518.67,642.77,1592.86,1414.08,14.62,21.61,553.27,2388.12,9055.89,1.3,47.88,521.0,2388.16,8136.34,8.4579,0.03,394,2388,100.0,38.83,23.2901,91
81,150,0.0003,0.0005,100.0,518.67,642.79,1588.82,1412.23,14.62,21.61,553.2,2388.15,9061.46,1.3,47.56,521.04,2388.17,8135.79,8.4815,0.03,395,2388,100.0,38.78,23.2054,90
81,151,0.0016,0.0,100.0,518.67,642.96,1585.94,1413.53,14.62,21.61,552.87,2388.1,9057.27,1.3,47.57,521.35,2388.09,8136.78,8.4672,0.03,395,2388,100.0,38.81,23.2591,89
81,152,-0.0008,-0.0002,100.0,518.67,642.24,1592.33,1404.41,14.62,21.61,552.31,2388.15,9062.89,1.3,47.54,520.7,2388.12,8137.23,8.4555,0.03,393,2388,100.0,38.7,23.3097,88
81,153,0.0005,0.0004,100.0,518.67,642.75,1588.68,1408.92,14.62,21.61,553.52,2388.11,9055.44,1.3,47.58,522.06,2388.09,8137.51,8.4545,0.03,395,2388,100.0,38.85,23.2798,87
81,154,0.003,0.0005,100.0,518.67,642.97,1585.35,1412.15,14.62,21.61,552.95,2388.15,9069.03,1.3,47.43,520.9,2388.13,8137.11,8.4341,0.03,394,2388,100.0,38.71,23.3725,86
81,155,-0.0041,0.0003,100.0,518.67,642.65,1586.92,1414.37,14.62,21.61,553.38,2388.08,9057.08,1.3,47.82,521.44,2388.19,8139.83,8.4303,0.03,393,2388,100.0,38.83,23.2224,85
81,156,-0.0001,0.0003,100.0,518.67,642.08,1584.8,1409.92,14.62,21.61,554.27,2388.13,9066.62,1.3,47.5,521.05,2388.12,8140.49,8.4679,0.03,393,2388,100.0,38.75,23.2996,84
81,157,-0.0024,-0.0003,100.0,518.67,643.02,1594.52,1415.38,14.62,21.61,554.01,2388.12,9062.41,1.3,47.85,520.71,2388.08,8140.79,8.4763,0.03,392,2388,100.0,38.81,23.3251,83
81,158,0.0024,-0.0004,100.0,518.67,642.96,1595.29,1407.75,14.62,21.61,552.44,2388.08,9059.36,1.3,47.69,521.1,2388.11,8144.36,8.4475,0.03,393,2388,100.0,38.77,23.2025,82
81,159,-0.0002,0.0002,100.0,518.67,642.94,1589.69,1415.38,14.62,21.61,553.37,2388.13,9065.51,1.3,47.7,521.2,2388.14,8138.34,8.4561,0.03,392,2388,100.0,38.81,23.3461,81
81,160,-0.0026,-0.0003,100.0,518.67,642.6,1591.92,1411.21,14.62,21.61,553.17,2388.17,9064.2,1.3,47.64,521.33,2388.12,8142.73,8.4461,0.03,395,2388,100.0,38.82,23.3095,80
81,161,-0.0014,-0.0002,100.0,518.67,642.88,1591.8,1412.73,14.62,21.61,552.95,2388.17,9064.7,1.3,47.54,521.13,2388.13,8138.66,8.4499,0.03,394,2388,100.0,38.81,23.166,79
81,162,0.0033,-0.0003,100.0,518.67,642.72,1596.51,1410.04,14.62,21.61,553.19,2388.12,9056.03,1.3,47.8,521.38,2388.14,8134.82,8.4514,0.03,393,2388,100.0,38.7,23.3063,78
81,163,-0.0008,0.0003,100.0,518.67,643.04,1588.63,1413.74,14.62,21.61,553.72,2388.11,9056.48,1.3,47.73,521.41,2388.16,8138.41,8.4444,0.03,394,2388,100.0,38.65,23.1557,77
81,164,-0.0005,-0.0004,100.0,518.67,642.67,1589.75,1414.71,14.62,21.61,552.58,2388.05,9070.76,1.3,47.83,521.37,2388.13,8138.68,8.453,0.03,393,2388,100.0,38.67,23.1906,76
81,165,0.0009,0.0006,100.0,518.67,643.39,1591.5,1411.35,14.62,21.61,552.61,2388.12,9059.7,1.3,47.63,520.88,2388.09,8141.41,8.4289,0.03,393,2388,100.0,38.82,23.2179,75
81,166,0.0014,0.0001,100.0,518.67,642.93,1588.97,1407.46,14.62,21.61,553.23,2388.12,9062.7,1.3,47.64,521.4,2388.13,8135.63,8.4536,0.03,393,2388,100.0,38.85,23.2371,74
81,167,-0.0007,-0.0004,100.0,518.67,642.86,1597.14,1415.53,14.62,21.61,552.44,2388.11,9061.17,1.3,47.61,521.1,2388.14,8138.13,8.4676,0.03,393,2388,100.0,38.75,23.2472,73
81,168,0.0005,-0.0002,100.0,518.67,643.38,1585.84,1414.4,14.62,21.61,552.22,2388.12,9059.7,1.3,47.69,520.69,2388.15,8137.98,8.4455,0.03,395,2388,100.0,38.81,23.2007,72
81,169,0.0047,0.0006,100.0,518.67,643.1,1596.51,1408.06,14.62,21.61,553.02,2388.14,9060.26,1.3,47.62,520.72,2388.12,8139.64,8.4901,0.03,394,2388,100.0,38.79,23.2603,71
81,170,0.0004,0.0,100.0,518.67,642.77,1600.06,1410.0,14.62,21.61,552.54,2388.13,9061.36,1.3,47.5,521.16,2388.16,8141.44,8.4801,0.03,394,2388,100.0,38.65,23.26,70
81,171,0.0008,-0.0004,100.0,518.67,643.21,1593.08,1415.74,14.62,21.61,553.05,2388.17,9058.03,1.3,47.56,520.83,2388.07,8139.94,8.4202,0.03,392,2388,100.0,38.81,23.2195,69
81,172,-0.0013,-0.0003,100.0,518.67,643.05,1590.78,1415.61,14.62,21.61,552.49,2388.13,9051.0,1.3,47.76,520.73,2388.16,8135.26,8.4623,0.03,394,2388,100.0,38.87,23.2414,68
81,173,-0.0024,0.0002,100.0,518.67,642.96,1595.29,1409.34,14.62,21.61,552.88,2388.1,9061.74,1.3,47.87,521.42,2388.14,8142.98,8.4712,0.03,392,2388,100.0,38.74,23.3185,67
81,174,0.0021,0.0005,100.0,518.67,643.13,1597.11,1411.31,14.62,21.61,553.08,2388.11,9063.54,1.3,47.6,521.27,2388.12,8138.17,8.4348,0.03,394,2388,100.0,38.72,23.2391,66
81,175,-0.0006,-0.0002,100.0,518.67,642.93,1590.31,1417.57,14.62,21.61,552.79,2388.1,9056.95,1.3,47.71,520.97,2388.13,8133.68,8.5085,0.03,394,2388,100.0,38.73,23.098,65
81,176,-0.0003,0.0005,100.0,518.67,643.09,1603.18,1408.59,14.62,21.61,553.19,2388.13,9061.67,1.3,47.75,521.31,2388.16,8144.43,8.4581,0.03,395,2388,100.0,38.84,23.1101,64
81,177,-0.0006,-0.0001,100.0,518.67,643.2,1590.27,1411.71,14.62,21.61,552.69,2388.15,9057.27,1.3,47.79,521.17,2388.15,8138.92,8.4951,0.03,394,2388,100.0,38.54,23.2311,63
81,178,0.0033,-0.0001,100.0,518.67,642.71,1592.84,1418.57,14.62,21.61,553.24,2388.16,9058.92,1.3,47.9,521.15,2388.09,8140.11,8.4207,0.03,394,2388,100.0,38.63,23.1819,62
81,179,0.0024,0.0006,100.0,518.67,642.78,1595.78,1416.61,14.62,21.61,553.91,2388.16,9057.04,1.3,48.02,520.98,2388.1,8138.57,8.4595,0.03,395,2388,100.0,38.76,23.2439,61
81,180,-0.0021,-0.0002,100.0,518.67,643.24,1593.24,1410.77,14.62,21.61,552.87,2388.15,9061.1,1.3,47.69,520.77,2388.1,8140.15,8.4508,0.03,395,2388,100.0,38.63,23.2446,60
81,181,-0.0008,-0.0004,100.0,518.67,643.12,1596.17,1411.43,14.62,21.61,552.76,2388.13,9055.55,1.3,47.64,520.08,2388.19,8136.21,8.4312,0.03,395,2388,100.0,38.65,23.237,59
81,182,0.0004,-0.0001,100.0,518.67,643.1,1596.43,1421.36,14.62,21.61,552.68,2388.14,9057.6,1.3,47.77,520.85,2388.12,8139.26,8.4947,0.03,395,2388,100.0,38.69,23.2961,58
81,183,-0.0011,0.0004,100.0,518.67,642.8,1595.95,1415.42,14.62,21.61,552.7,2388.18,9058.96,1.3,47.59,521.45,2388.17,8133.16,8.4638,0.03,394,2388,100.0,38.63,23.2847,57
81,184,-0.001,0.0004,100.0,518.67,643.2,1591.81,1412.8,14.62,21.61,552.77,2388.16,9063.51,1.3,47.83,520.99,2388.18,8138.37,8.4903,0.03,395,2388,100.0,38.8,23.2694,56
81,185,-0.0016,0.0002,100.0,518.67,643.61,1591.13,1407.22,14.62,21.61,552.65,2388.23,9061.14,1.3,47.71,520.65,2388.14,8137.82,8.4559,0.03,396,2388,100.0,38.64,23.1169,55
81,186,-0.0034,-0.0003,100.0,518.67,642.93,1601.24,1417.38,14.62,21.61,552.6,2388.13,9057.34,1.3,47.67,521.26,2388.11,8141.25,8.477,0.03,395,2388,100.0,38.72,23.2038,54
81,187,-0.0002,0.0006,100.0,518.67,643.27,1591.74,1414.74,14.62,21.61,552.43,2388.15,9058.31,1.3,47.68,520.8,2388.19,8137.94,8.4731,0.03,395,2388,100.0,38.8,23.213,53
81,188,-0.0001,0.0004,100.0,518.67,642.91,1594.31,1413.18,14.62,21.61,552.48,2388.15,9054.06,1.3,47.95,521.09,2388.16,8137.98,8.4527,0.03,394,2388,100.0,38.73,23.2177,52
81,189,-0.0002,0.0004,100.0,518.67,643.12,1591.22,1417.01,14.62,21.61,551.91,2388.17,9058.92,1.3,47.85,521.0,2388.11,8136.91,8.4874,0.03,393,2388,100.0,38.64,23.2388,51
81,190,0.0025,0.0001,100.0,518.67,643.18,1589.91,1421.7,14.62,21.61,553.02,2388.15,9064.61,1.3,47.82,520.77,2388.19,8134.45,8.4596,0.03,393,2388,100.0,38.74,23.2114,50
81,191,0.0002,0.0004,100.0,518.67,643.27,1592.62,1417.35,14.62,21.61,552.92,2388.11,9068.29,1.3,47.93,520.76,2388.17,8138.06,8.5086,0.03,395,2388,100.0,38.88,23.2118,49
81,192,-0.003,0.0002,100.0,518.67,642.85,1591.05,1418.64,14.62,21.61,551.75,2388.13,9048.84,1.3,47.75,520.87,2388.14,8130.65,8.4833,0.03,396,2388,100.0,38.67,23.1617,48
81,193,0.0026,-0.0003,100.0,518.67,642.75,1591.16,1421.43,14.62,21.61,552.49,2388.08,9062.75,1.3,47.6,520.58,2388.18,8139.7,8.4712,0.03,394,2388,100.0,38.68,23.1199,47
81,194,0.0005,0.0001,100.0,518.67,643.23,1597.26,1415.88,14.62,21.61,551.88,2388.14,9057.95,1.3,47.68,520.59,2388.14,8138.77,8.4351,0.03,394,2388,100.0,38.51,23.0601,46
81,195,0.001,-0.0001,100.0,518.67,643.17,1599.1,1416.77,14.62,21.61,552.39,2388.16,9054.04,1.3,47.75,520.49,2388.26,8140.57,8.458,0.03,394,2388,100.0,38.47,23.2023,45
81,196,0.0001,0.0004,100.0,518.67,643.21,1592.15,1416.31,14.62,21.61,552.47,2388.23,9059.11,1.3,47.77,520.57,2388.12,8138.36,8.4679,0.03,395,2388,100.0,38.76,23.196,44
81,197,0.0,0.0001,100.0,518.67,643.6,1592.42,1423.17,14.62,21.61,552.13,2388.18,9064.31,1.3,47.92,520.84,2388.17,8137.42,8.4724,0.03,395,2388,100.0,38.71,23.0906,43
81,198,0.0032,0.0005,100.0,518.67,643.36,1599.02,1416.32,14.62,21.61,553.24,2388.18,9066.69,1.3,47.82,520.65,2388.2,8131.76,8.478,0.03,394,2388,100.0,38.49,23.1827,42
81,199,-0.0008,0.0005,100.0,518.67,643.01,1599.91,1425.08,14.62,21.61,552.11,2388.14,9062.65,1.3,47.78,520.54,2388.13,8140.7,8.4716,0.03,395,2388,100.0,38.51,23.1637,41
81,200,0.0023,-0.0004,100.0,518.67,642.97,1598.76,1419.03,14.62,21.61,552.84,2388.19,9066.95,1.3,47.59,520.54,2388.18,8133.52,8.4814,0.03,394,2388,100.0,38.55,23.2286,40
81,201,0.0017,0.0003,100.0,518.67,643.22,1596.8,1419.4,14.62,21.61,552.97,2388.15,9064.38,1.3,48.02,520.45,2388.18,8139.87,8.4587,0.03,393,2388,100.0,38.56,23.2079,39
81,202,-0.002,-0.0001,100.0,518.67,643.07,1595.81,1417.69,14.62,21.61,552.6,2388.17,9052.64,1.3,47.71,520.54,2388.16,8137.62,8.4544,0.03,394,2388,100.0,38.63,23.1522,38
81,203,0.0013,0.0005,100.0,518.67,643.66,1600.0,1414.28,14.62,21.61,551.57,2388.2,9055.47,1.3,47.76,520.4,2388.2,8142.67,8.497,0.03,396,2388,100.0,38.72,23.134,37
81,204,-0.0,0.0003,100.0,518.67,642.97,1601.76,1425.73,14.62,21.61,552.42,2388.16,9059.8,1.3,47.76,520.82,2388.27,8133.14,8.4853,0.03,395,2388,100.0,38.56,23.2298,36
81,205,0.0038,0.0006,100.0,518.67,643.02,1591.53,1417.58,14.62,21.61,552.35,2388.11,9057.3,1.3,47.91,520.59,2388.19,8133.19,8.4953,0.03,395,2388,100.0,38.77,23.1862,35
81,206,0.002,-0.0002,100.0,518.67,643.41,1596.17,1421.04,14.62,21.61,551.95,2388.25,9061.55,1.3,47.78,520.67,2388.17,8135.94,8.4642,0.03,393,2388,100.0,38.68,23.1132,34
81,207,-0.0046,0.0005,100.0,518.67,643.58,1602.79,1418.65,14.62,21.61,552.53,2388.22,9058.19,1.3,48.04,519.85,2388.2,8135.95,8.4983,0.03,395,2388,100.0,38.67,23.1698,33
81,208,-0.0051,0.0004,100.0,518.67,642.99,1588.33,1415.26,14.62,21.61,552.24,2388.16,9059.83,1.3,47.79,520.45,2388.17,8137.55,8.487,0.03,396,2388,100.0,38.52,23.1557,32
81,209,0.0001,0.0004,100.0,518.67,643.67,1601.06,1411.82,14.62,21.61,551.98,2388.19,9059.33,1.3,48.06,520.42,2388.21,8140.55,8.4659,0.03,396,2388,100.0,38.58,23.1506,31
81,210,0.0019,0.0,100.0,518.67,642.61,1601.72,1417.33,14.62,21.61,552.22,2388.23,9060.6,1.3,47.91,520.48,2388.2,8140.41,8.5227,0.03,393,2388,100.0,38.52,23.1811,30
81,211,-0.0012,-0.0,100.0,518.67,644.01,1596.42,1419.54,14.62,21.61,552.05,2388.22,9058.96,1.3,47.83,520.42,2388.17,8133.3,8.5006,0.03,397,2388,100.0,38.57,23.1864,29
81,212,0.0001,0.0004,100.0,518.67,643.29,1598.8,1420.23,14.62,21.61,552.13,2388.22,9060.21,1.3,47.9,520.1,2388.13,8137.02,8.477,0.03,394,2388,100.0,38.68,23.2111,28
81,213,0.0004,0.0003,100.0,518.67,643.41,1599.61,1429.36,14.62,21.61,552.03,2388.19,9065.03,1.3,48.01,520.77,2388.24,8137.94,8.4957,0.03,395,2388,100.0,38.62,23.1601,27
81,214,0.0006,-0.0003,100.0,518.67,643.27,1589.75,1419.74,14.62,21.61,551.78,2388.18,9056.22,1.3,48.02,519.81,2388.22,8134.29,8.5477,0.03,396,2388,100.0,38.71,23.1279,26
81,215,0.0011,-0.0001,100.0,518.67,643.54,1598.75,1428.35,14.62,21.61,551.92,2388.26,9060.24,1.3,47.85,520.25,2388.26,8135.72,8.5108,0.03,394,2388,100.0,38.74,23.1159,25
81,216,-0.0007,0.0002,100.0,518.67,643.46,1602.5,1431.13,14.62,21.61,551.78,2388.23,9059.36,1.3,48.0,520.33,2388.25,8130.65,8.494,0.03,394,2388,100.0,38.54,23.0676,24
81,217,-0.0019,-0.0003,100.0,518.67,643.2,1601.54,1425.23,14.62,21.61,552.25,2388.16,9060.7,1.3,48.17,519.86,2388.24,8133.9,8.5343,0.03,395,2388,100.0,38.63,23.1645,23
81,218,0.0007,-0.0003,100.0,518.67,643.55,1599.82,1424.68,14.62,21.61,552.03,2388.2,9051.53,1.3,47.85,519.68,2388.21,8134.72,8.4871,0.03,396,2388,100.0,38.74,23.1227,22
81,219,0.0048,-0.0003,100.0,518.67,643.84,1594.08,1421.7,14.62,21.61,552.36,2388.21,9058.36,1.3,48.01,520.28,2388.23,8136.72,8.5343,0.03,392,2388,100.0,38.49,23.1607,21
81,220,0.0007,-0.0002,100.0,518.67,642.95,1595.53,1419.81,14.62,21.61,552.31,2388.22,9063.35,1.3,47.84,520.19,2388.21,8134.14,8.4536,0.03,397,2388,100.0,38.77,23.1548,20
81,221,-0.0029,0.0005,100.0,518.67,643.6,1599.86,1419.89,14.62,21.61,551.68,2388.21,9054.64,1.3,48.03,519.98,2388.24,8138.17,8.4727,0.03,394,2388,100.0,38.59,23.1223,19
81,222,0.0001,0.0002,100.0,518.67,643.53,1595.77,1422.42,14.62,21.61,551.64,2388.22,9065.05,1.3,47.97,520.35,2388.17,8138.01,8.4638,0.03,395,2388,100.0,38.81,23.089,18
81,223,-0.0013,-0.0003,100.0,518.67,643.06,1598.2,1430.6,14.62,21.61,551.16,2388.28,9059.48,1.3,48.03,520.36,2388.25,8136.6,8.5017,0.03,397,2388,100.0,38.67,23.0181,17
81,224,0.0029,0.0001,100.0,518.67,643.74,1597.08,1422.35,14.62,21.61,551.64,2388.27,9054.05,1.3,47.85,520.37,2388.23,8136.31,8.5224,0.03,396,2388,100.0,38.49,23.065,16
81,225,0.0034,0.0002,100.0,518.67,643.43,1595.87,1424.07,14.62,21.61,551.54,2388.26,9055.03,1.3,48.01,520.09,2388.23,8130.87,8.4875,0.03,395,2388,100.0,38.62,23.1047,15
81,226,-0.0067,-0.0003,100.0,518.67,643.25,1598.29,1419.61,14.62,21.61,552.08,2388.26,9054.6,1.3,48.1,520.05,2388.24,8127.99,8.5346,0.03,395,2388,100.0,38.49,23.1502,14
81,227,0.0048,0.0002,100.0,518.67,643.53,1595.27,1435.9,14.62,21.61,551.73,2388.16,9056.9,1.3,47.88,520.05,2388.23,8127.82,8.5257,0.03,396,2388,100.0,38.57,23.1584,13
81,228,0.0042,0.0005,100.0,518.67,643.51,1595.73,1429.46,14.62,21.61,551.58,2388.22,9062.39,1.3,48.0,519.61,2388.23,8130.9,8.4974,0.03,396,2388,100.0,38.65,23.0714,12
81,229,0.005,-0.0004,100.0,518.67,643.64,1601.55,1424.33,14.62,21.61,551.74,2388.3,9052.33,1.3,47.84,519.88,2388.23,8129.19,8.521,0.03,396,2388,100.0,38.6,23.1146,11
81,230,-0.0017,-0.0003,100.0,518.67,643.51,1595.34,1414.68,14.62,21.61,551.4,2388.18,9055.41,1.3,48.05,519.97,2388.21,8132.31,8.5269,0.03,396,2388,100.0,38.58,23.1377,10
81,231,-0.0021,0.0005,100.0,518.67,643.13,1599.45,1427.73,14.62,21.61,551.84,2388.27,9046.41,1.3,48.06,519.88,2388.28,8128.72,8.5199,0.03,394,2388,100.0,38.43,23.0834,9
81,232,0.0051,-0.0001,100.0,518.67,643.38,1606.06,1427.02,14.62,21.61,551.12,2388.26,9055.44,1.3,47.87,519.64,2388.28,8134.27,8.5265,0.03,395,2388,100.0,38.52,23.2141,8
81,233,0.0015,0.0004,100.0,518.67,643.56,1601.27,1427.91,14.62,21.61,551.6,2388.29,9055.79,1.3,48.1,519.84,2388.24,8134.41,8.4978,0.03,397,2388,100.0,38.55,23.0823,7
81,234,0.0028,0.0003,100.0,518.67,642.93,1588.56,1418.51,14.62,21.61,551.78,2388.28,9060.92,1.3,48.09,520.18,2388.22,8138.68,8.5318,0.03,397,2388,100.0,38.36,23.0794,6
81,235,0.0017,0.0003,100.0,518.67,644.05,1596.94,1430.19,14.62,21.61,551.22,2388.23,9068.38,1.3,48.06,519.98,2388.27,8133.13,8.5177,0.03,397,2388,100.0,38.46,23.017,5
81,236,-0.0017,0.0002,100.0,518.67,643.19,1604.98,1433.39,14.62,21.61,551.46,2388.25,9059.03,1.3,48.25,519.56,2388.27,8134.79,8.502,0.03,396,2388,100.0,38.68,23.1285,4
81,237,-0.0004,-0.0,100.0,518.67,643.94,1608.12,1432.04,14.62,21.61,551.11,2388.3,9059.52,1.3,48.16,519.2,2388.27,8130.88,8.5197,0.03,396,2388,100.0,38.48,23.0948,3
81,238,0.0011,-0.0004,100.0,518.67,643.54,1598.68,1428.15,14.62,21.61,551.54,2388.33,9055.6,1.3,48.11,519.35,2388.23,8135.48,8.4911,0.03,395,2388,100.0,38.48,23.0828,2
81,239,0.0068,0.0005,100.0,518.67,643.84,1602.45,1429.38,14.62,21.61,550.82,2388.22,9053.05,1.3,48.43,519.09,2388.27,8127.27,8.5395,0.03,398,2388,100.0,38.3,23.0611,1
81,240,-0.0026,-0.0003,100.0,518.67,644.01,1601.01,1423.61,14.62,21.61,550.75,2388.28,9061.24,1.3,48.12,519.48,2388.22,8129.61,8.4922,0.03,397,2388,100.0,38.37,23.0289,0
82,1,0.0,-0.0002,100.0,518.67,641.73,1582.64,1401.58,14.62,21.61,555.37,2387.98,9064.54,1.3,47.09,522.39,2387.99,8148.75,8.383,0.03,391,2388,100.0,38.84,23.4584,213
82,2,-0.0025,0.0001,100.0,518.67,642.07,1585.1,1395.89,14.62,21.61,554.94,2387.99,9060.04,1.3,47.32,522.48,2387.98,8145.71,8.4002,0.03,392,2388,100.0,39.1,23.5238,212
82,3,-0.0038,0.0003,100.0,518.67,641.86,1588.69,1394.02,14.62,21.61,554.86,2388.0,9057.61,1.3,47.23,522.57,2387.98,8143.7,8.3877,0.03,391,2388,100.0,39.0,23.478,211
82,4,0.0023,-0.0,100.0,518.67,641.99,1584.03,1400.45,14.62,21.61,554.45,2388.01,9068.18,1.3,47.27,522.3,2388.06,8142.17,8.379,0.03,392,2388,100.0,38.79,23.4673,210
82,5,0.0047,0.0004,100.0,518.67,642.32,1579.79,1399.32,14.62,21.61,554.39,2387.99,9062.71,1.3,47.16,522.72,2388.01,8145.3,8.3988,0.03,390,2388,100.0,38.94,23.3646,209
82,6,-0.0005,-0.0002,100.0,518.67,642.26,1578.0,1398.33,14.62,21.61,554.55,2387.96,9056.97,1.3,47.17,522.64,2388.03,8140.26,8.3997,0.03,392,2388,100.0,38.91,23.2786,208
82,7,0.0016,-0.0001,100.0,518.67,641.85,1582.53,1398.36,14.62,21.61,555.13,2388.0,9061.69,1.3,47.04,522.16,2388.01,8135.09,8.3652,0.03,392,2388,100.0,38.94,23.4544,207
82,8,-0.0045,0.0004,100.0,518.67,642.17,1575.42,1397.17,14.62,21.61,554.52,2388.04,9062.38,1.3,47.0,522.05,2388.0,8139.57,8.403,0.03,391,2388,100.0,39.1,23.2782,206
82,9,-0.0026,0.0002,100.0,518.67,642.02,1585.46,1396.68,14.62,21.61,554.13,2388.02,9066.0,1.3,47.23,522.41,2388.0,8141.06,8.3675,0.03,391,2388,100.0,38.91,23.3556,205
82,10,0.0002,-0.0005,100.0,518.67,641.57,1580.98,1395.96,14.62,21.6,554.8,2388.0,9057.55,1.3,47.1,522.84,2387.94,8146.73,8.4018,0.03,391,2388,100.0,39.05,23.6184,204
82,11,-0.0031,-0.0005,100.0,518.67,641.96,1585.18,1397.2,14.62,21.61,554.36,2388.0,9057.97,1.3,47.31,521.94,2387.95,8143.87,8.3901,0.03,391,2388,100.0,39.03,23.3743,203
82,12,-0.0037,-0.0005,100.0,518.67,642.48,1590.69,1401.2,14.62,21.61,554.19,2388.02,9063.7,1.3,47.19,522.25,2387.96,8141.06,8.3848,0.03,390,2388,100.0,39.11,23.465,202
82,13,-0.0013,0.0004,100.0,518.67,641.91,1587.03,1395.05,14.62,21.61,554.84,2388.01,9069.0,1.3,47.08,522.48,2387.97,8144.88,8.4022,0.03,392,2388,100.0,39.13,23.4688,201
82,14,-0.0016,-0.0001,100.0,518.67,641.88,1586.63,1392.92,14.62,21.61,554.91,2388.05,9063.69,1.3,47.28,522.74,2387.91,8145.15,8.4291,0.03,391,2388,100.0,38.95,23.4104,200
82,15,0.0,-0.0003,100.0,518.67,641.95,1592.11,1397.32,14.62,21.61,554.35,2388.01,9057.31,1.3,47.1,522.36,2388.02,8143.4,8.4285,0.03,391,2388,100.0,39.18,23.4827,199
82,16,0.0022,-0.0004,100.0,518.67,642.63,1582.57,1392.57,14.62,21.61,554.8,2388.0,9061.83,1.3,47.05,521.74,2388.03,8145.17,8.3906,0.03,393,2388,100.0,38.96,23.4677,198
82,17,0.002,-0.0003,100.0,518.67,641.77,1571.06,1397.03,14.62,21.61,554.75,2387.92,9053.68,1.3,47.21,522.73,2387.98,8144.86,8.3977,0.03,390,2388,100.0,38.98,23.4522,197
82,18,-0.0017,-0.0001,100.0,518.67,642.22,1583.64,1392.33,14.62,21.61,554.66,2388.0,9064.23,1.3,47.05,522.89,2387.99,8148.94,8.4178,0.03,391,2388,100.0,38.95,23.3059,196
82,19,-0.0011,-0.0002,100.0,518.67,641.87,1587.92,1394.24,14.62,21.6,554.38,2388.03,9064.01,1.3,47.17,522.5,2388.04,8141.87,8.3713,0.03,390,2388,100.0,39.0,23.3893,195
82,20,0.0016,-0.0005,100.0,518.67,641.97,1587.51,1403.92,14.62,21.61,554.47,2388.02,9064.24,1.3,47.02,522.35,2387.98,8138.39,8.3547,0.03,392,2388,100.0,39.12,23.3263,194
82,21,-0.0005,0.0004,100.0,518.67,642.17,1579.35,1396.69,14.62,21.61,554.89,2388.05,9056.46,1.3,47.08,522.29,2388.01,8149.35,8.3839,0.03,391,2388,100.0,38.96,23.4393,193
82,22,-0.0009,-0.0002,100.0,518.67,642.14,1583.34,1409.18,14.62,21.61,555.43,2387.99,9061.35,1.3,47.24,522.65,2388.01,8147.63,8.3894,0.03,391,2388,100.0,39.02,23.3779,192
82,23,0.0013,0.0004,100.0,518.67,642.48,1586.52,1396.22,14.62,21.61,553.94,2388.07,9053.32,1.3,47.24,522.38,2388.02,8141.54,8.3883,0.03,392,2388,100.0,39.09,23.387,191
82,24,-0.0016,0.0004,100.0,518.67,642.16,1585.12,1388.77,14.62,21.61,554.81,2388.01,9058.33,1.3,47.09,522.96,2387.97,8147.67,8.3778,0.03,393,2388,100.0,38.93,23.4291,190
82,25,-0.0016,0.0003,100.0,518.67,642.48,1583.22,1392.81,14.62,21.61,554.59,2388.05,9062.85,1.3,47.19,522.25,2387.96,8142.57,8.3922,0.03,393,2388,100.0,39.06,23.3843,189
82,26,0.0007,0.0002,100.0,518.67,642.17,1589.67,1398.34,14.62,21.61,554.37,2387.98,9059.52,1.3,47.06,523.24,2388.02,8142.81,8.4059,0.03,390,2388,100.0,39.21,23.5001,188
82,27,-0.0026,0.0001,100.0,518.67,642.15,1582.41,1397.58,14.62,21.61,554.6,2388.02,9067.98,1.3,47.19,522.7,2387.98,8145.04,8.4044,0.03,390,2388,100.0,39.0,23.3612,187
82,28,-0.0007,0.0002,100.0,518.67,642.17,1579.05,1395.33,14.62,21.61,554.5,2388.01,9059.04,1.3,47.2,522.77,2387.96,8143.16,8.377,0.03,392,2388,100.0,39.03,23.4513,186
82,29,0.0004,-0.0,100.0,518.67,641.73,1579.71,1398.81,14.62,21.61,555.52,2387.99,9063.28,1.3,47.28,522.16,2388.0,8147.25,8.3936,0.03,390,2388,100.0,39.11,23.3655,185
82,30,-0.0006,-0.0005,100.0,518.67,642.51,1587.88,1398.81,14.62,21.61,554.41,2387.97,9056.53,1.3,47.34,522.37,2387.98,8144.33,8.3788,0.03,393,2388,100.0,38.99,23.4129,184
82,31,0.0005,0.0003,100.0,518.67,641.7,1576.42,1388.63,14.62,21.61,553.78,2387.99,9064.33,1.3,47.26,522.45,2387.96,8144.92,8.385,0.03,391,2388,100.0,39.04,23.393,183
82,32,-0.0036,-0.0005,100.0,518.67,642.21,1587.83,1393.2,14.62,21.61,555.09,2388.07,9064.33,1.3,47.01,522.51,2387.99,8147.31,8.3882,0.03,391,2388,100.0,38.96,23.454,182
82,33,0.0005,0.0003,100.0,518.67,642.31,1584.74,1394.85,14.62,21.6,555.06,2388.0,9069.51,1.3,47.34,522.4,2388.01,8142.4,8.3721,0.03,391,2388,100.0,39.0,23.279,181
82,34,-0.0016,0.0004,100.0,518.67,642.31,1591.06,1393.82,14.62,21.61,554.35,2388.01,9064.27,1.3,47.14,522.35,2387.98,8144.74,8.3862,0.03,391,2388,100.0,39.09,23.4441,180
82,35,-0.0006,-0.0002,100.0,518.67,642.34,1584.24,1391.89,14.62,21.61,554.65,2387.96,9065.11,1.3,47.33,522.51,2388.03,8143.67,8.4042,0.03,391,2388,100.0,39.13,23.3572,179
82,36,0.0004,-0.0001,100.0,518.67,642.06,1577.45,1391.48,14.62,21.61,554.17,2388.0,9056.72,1.3,47.26,522.47,2387.98,8145.11,8.3953,0.03,391,2388,100.0,39.02,23.4259,178
82,37,-0.0041,0.0002,100.0,518.67,641.53,1584.31,1392.26,14.62,21.61,554.7,2388.05,9058.67,1.3,47.19,522.27,2387.94,8145.16,8.3984,0.03,391,2388,100.0,38.92,23.4581,177
82,38,0.0005,-0.0003,100.0,518.67,642.4,1584.39,1391.37,14.62,21.61,554.05,2388.0,9067.81,1.3,47.01,522.93,2388.0,8149.35,8.3723,0.03,391,2388,100.0,39.01,23.3497,176
82,39,0.0031,-0.0001,100.0,518.67,642.02,1580.74,1399.68,14.62,21.6,554.84,2387.99,9065.8,1.3,47.17,521.97,2388.01,8143.73,8.3979,0.03,391,2388,100.0,39.15,23.458,175
82,40,0.0006,0.0002,100.0,518.67,642.21,1580.83,1401.8,14.62,21.61,554.97,2387.91,9070.2,1.3,47.21,521.88,2387.98,8147.8,8.4043,0.03,392,2388,100.0,39.13,23.4203,174
82,41,0.0037,-0.0003,100.0,518.67,641.27,1582.03,1392.21,14.62,21.61,554.46,2388.02,9060.47,1.3,47.28,522.18,2388.03,8145.62,8.402,0.03,392,2388,100.0,39.14,23.4237,173
82,42,0.0002,0.0004,100.0,518.67,642.03,1586.52,1392.09,14.62,21.61,554.86,2388.01,9062.5,1.3,47.21,522.26,2388.04,8140.27,8.4193,0.03,390,2388,100.0,39.01,23.3928,172
82,43,-0.0011,0.0001,100.0,518.67,641.87,1588.81,1396.54,14.62,21.61,554.46,2388.0,9067.25,1.3,47.24,522.28,2387.95,8150.56,8.3919,0.03,391,2388,100.0,39.08,23.4025,171
82,44,0.0013,0.0004,100.0,518.67,641.36,1584.8,1396.66,14.62,21.6,555.39,2388.06,9061.84,1.3,47.08,522.52,2388.02,8150.68,8.382,0.03,392,2388,100.0,39.08,23.4129,170
82,45,0.0044,0.0003,100.0,518.67,642.73,1580.37,1400.08,14.62,21.61,554.93,2388.02,9063.28,1.3,47.18,522.58,2387.97,8149.74,8.4284,0.03,391,2388,100.0,39.11,23.4595,169
82,46,-0.0018,0.0,100.0,518.67,642.24,1580.51,1398.2,14.62,21.61,555.34,2387.99,9062.83,1.3,46.97,522.08,2388.01,8149.38,8.3971,0.03,393,2388,100.0,39.0,23.3165,168
82,47,-0.0005,0.0003,100.0,518.67,641.92,1585.18,1400.11,14.62,21.61,554.71,2387.94,9070.1,1.3,47.26,522.33,2387.98,8144.83,8.392,0.03,391,2388,100.0,39.03,23.339,167
82,48,0.0002,-0.0002,100.0,518.67,642.4,1590.8,1392.28,14.62,21.61,554.74,2387.96,9074.92,1.3,47.09,521.87,2387.97,8146.48,8.4185,0.03,393,2388,100.0,38.96,23.436,166
82,49,0.0024,0.0003,100.0,518.67,642.27,1579.21,1396.93,14.62,21.61,555.13,2387.97,9058.21,1.3,47.04,522.49,2387.96,8148.33,8.4088,0.03,391,2388,100.0,38.95,23.3496,165
82,50,0.0011,-0.0004,100.0,518.67,642.11,1586.56,1402.89,14.62,21.61,554.5,2387.99,9062.6,1.3,47.32,522.24,2388.0,8146.11,8.4038,0.03,390,2388,100.0,39.05,23.4369,164
82,51,0.0023,-0.0001,100.0,518.67,642.25,1585.36,1398.14,14.62,21.61,554.71,2387.95,9059.44,1.3,47.18,522.4,2388.04,8143.86,8.4189,0.03,392,2388,100.0,38.97,23.4323,163
82,52,0.0032,0.0004,100.0,518.67,642.83,1584.34,1400.28,14.62,21.61,554.9,2388.01,9067.52,1.3,47.3,522.47,2388.01,8145.39,8.4069,0.03,392,2388,100.0,39.16,23.3501,162
82,53,-0.0014,-0.0,100.0,518.67,641.84,1586.78,1391.44,14.62,21.61,553.79,2388.01,9067.43,1.3,47.17,522.71,2387.99,8146.55,8.4039,0.03,392,2388,100.0,38.99,23.4908,161
82,54,-0.0015,-0.0001,100.0,518.67,641.54,1590.45,1392.04,14.62,21.61,554.5,2388.04,9066.32,1.3,47.02,522.21,2388.05,8143.51,8.3917,0.03,391,2388,100.0,38.97,23.511,160
82,55,-0.0003,0.0002,100.0,518.67,641.97,1587.51,1391.42,14.62,21.61,555.05,2387.99,9064.96,1.3,47.15,523.38,2388.05,8145.8,8.4092,0.03,391,2388,100.0,39.08,23.4211,159
82,56,-0.0016,-0.0002,100.0,518.67,642.03,1582.61,1398.62,14.62,21.61,554.89,2387.95,9067.32,1.3,47.28,522.48,2388.01,8146.73,8.4074,0.03,391,2388,100.0,39.05,23.3588,158
82,57,0.0024,0.0001,100.0,518.67,642.16,1586.27,1399.24,14.62,21.61,554.66,2387.99,9060.59,1.3,47.26,522.35,2388.07,8145.74,8.3866,0.03,392,2388,100.0,38.99,23.4192,157
82,58,-0.0,0.0003,100.0,518.67,642.34,1579.35,1401.99,14.62,21.61,555.29,2388.05,9065.37,1.3,47.17,522.43,2388.0,8146.51,8.384,0.03,390,2388,100.0,38.87,23.3645,156
82,59,-0.0008,0.0002,100.0,518.67,642.32,1585.97,1395.84,14.62,21.61,554.36,2388.02,9064.82,1.3,47.19,522.73,2388.0,8149.49,8.3953,0.03,392,2388,100.0,39.25,23.4827,155
82,60,0.001,-0.0003,100.0,518.67,642.87,1587.16,1398.83,14.62,21.61,554.47,2387.98,9060.76,1.3,47.27,522.29,2387.97,8148.44,8.3664,0.03,391,2388,100.0,38.87,23.5228,154
82,61,-0.0,0.0004,100.0,518.67,641.94,1593.0,1391.47,14.62,21.61,554.48,2387.99,9060.37,1.3,47.16,522.19,2388.05,8147.83,8.3842,0.03,392,2388,100.0,39.01,23.3841,153
82,62,-0.001,-0.0005,100.0,518.67,641.8,1589.37,1391.88,14.62,21.61,554.78,2388.01,9060.57,1.3,47.07,522.56,2388.04,8144.43,8.4295,0.03,392,2388,100.0,39.01,23.443,152
82,63,-0.0021,-0.0001,100.0,518.67,642.18,1587.71,1401.85,14.62,21.61,553.87,2387.96,9068.2,1.3,47.32,521.69,2388.01,8148.48,8.4029,0.03,392,2388,100.0,39.12,23.4119,151
82,64,-0.0016,-0.0004,100.0,518.67,641.99,1580.08,1395.54,14.62,21.61,554.39,2387.95,9057.84,1.3,47.08,522.63,2387.94,8145.53,8.397,0.03,392,2388,100.0,39.01,23.4466,150
82,65,0.0038,-0.0002,100.0,518.67,641.96,1583.25,1393.99,14.62,21.61,554.82,2387.99,9055.69,1.3,47.18,522.16,2388.02,8139.39,8.3861,0.03,392,2388,100.0,38.99,23.3627,149
82,66,0.0011,-0.0002,100.0,518.67,642.52,1580.1,1398.14,14.62,21.61,554.3,2388.03,9062.74,1.3,47.21,522.19,2388.0,8150.74,8.4153,0.03,392,2388,100.0,38.89,23.452,148
82,67,-0.0025,0.0004,100.0,518.67,642.05,1589.69,1404.68,14.62,21.61,554.36,2388.01,9069.14,1.3,47.32,522.25,2387.96,8146.94,8.3854,0.03,391,2388,100.0,39.1,23.3498,147
82,68,-0.0037,-0.0004,100.0,518.67,642.18,1579.32,1400.58,14.62,21.61,553.75,2388.04,9061.62,1.3,47.13,522.72,2388.02,8147.5,8.4425,0.03,392,2388,100.0,38.98,23.4423,146
82,69,0.0014,0.0003,100.0,518.67,642.83,1580.83,1400.87,14.62,21.61,555.05,2387.99,9070.61,1.3,47.28,521.82,2388.02,8145.92,8.3974,0.03,392,2388,100.0,38.95,23.2937,145
82,70,-0.002,-0.0001,100.0,518.67,641.97,1575.8,1404.09,14.62,21.61,554.07,2387.98,9068.85,1.3,47.02,522.36,2387.99,8145.97,8.3829,0.03,393,2388,100.0,39.04,23.4799,144
82,71,-0.0014,0.0002,100.0,518.67,642.27,1581.7,1397.05,14.62,21.61,554.31,2387.97,9056.43,1.3,47.34,522.34,2387.96,8148.54,8.4029,0.03,392,2388,100.0,38.93,23.5102,143
82,72,-0.0046,-0.0003,100.0,518.67,642.21,1590.88,1393.9,14.62,21.61,554.75,2388.01,9066.91,1.3,47.35,522.48,2388.04,8145.54,8.3838,0.03,393,2388,100.0,39.1,23.4313,142
82,73,0.0018,-0.0002,100.0,518.67,641.69,1589.07,1399.88,14.62,21.61,555.31,2388.0,9061.29,1.3,47.2,522.58,2388.03,8145.64,8.3863,0.03,390,2388,100.0,38.84,23.4118,141
82,74,-0.0038,-0.0,100.0,518.67,642.19,1578.58,1400.45,14.62,21.61,554.42,2387.98,9059.2,1.3,47.24,522.33,2388.07,8148.53,8.3729,0.03,391,2388,100.0,38.96,23.4314,140
82,75,0.0026,0.0003,100.0,518.67,642.03,1580.04,1397.66,14.62,21.61,553.93,2387.98,9067.72,1.3,47.27,522.07,2388.01,8148.23,8.4238,0.03,394,2388,100.0,39.02,23.4079,139
82,76,0.0006,-0.0002,100.0,518.67,641.94,1584.72,1393.12,14.62,21.61,554.64,2388.07,9063.27,1.3,47.21,522.05,2387.99,8148.73,8.3667,0.03,390,2388,100.0,38.93,23.35,138
82,77,0.0014,-0.0001,100.0,518.67,642.79,1593.64,1394.11,14.62,21.61,554.91,2388.03,9067.92,1.3,47.28,522.14,2388.05,8147.43,8.3984,0.03,392,2388,100.0,39.02,23.4076,137
82,78,0.0002,-0.0003,100.0,518.67,641.9,1587.15,1393.47,14.62,21.61,554.3,2387.97,9067.07,1.3,47.13,521.94,2388.0,8154.25,8.3963,0.03,391,2388,100.0,39.04,23.3879,136
82,79,-0.0002,0.0004,100.0,518.67,642.42,1580.51,1399.41,14.62,21.61,554.22,2387.96,9068.43,1.3,47.05,522.64,2388.03,8148.88,8.3825,0.03,391,2388,100.0,39.01,23.3761,135
82,80,0.0022,-0.0,100.0,518.67,642.15,1588.3,1400.52,14.62,21.61,554.17,2388.06,9060.14,1.3,47.32,522.71,2388.01,8149.5,8.3899,0.03,391,2388,100.0,39.18,23.3306,134
82,81,-0.0005,-0.0002,100.0,518.67,642.04,1580.53,1395.32,14.62,21.61,554.87,2387.95,9058.03,1.3,47.11,522.44,2388.0,8150.62,8.4267,0.03,393,2388,100.0,38.93,23.3714,133
82,82,-0.002,0.0,100.0,518.67,642.18,1588.84,1389.85,14.62,21.61,554.4,2388.0,9068.36,1.3,47.25,522.7,2387.99,8146.65,8.4043,0.03,391,2388,100.0,39.11,23.5069,132
82,83,0.0018,-0.0003,100.0,518.67,642.15,1587.68,1396.25,14.62,21.6,554.2,2388.01,9070.2,1.3,47.38,522.11,2388.01,8154.38,8.3832,0.03,391,2388,100.0,38.94,23.3782,131
82,84,-0.0,0.0001,100.0,518.67,642.12,1582.55,1399.1,14.62,21.61,554.41,2387.97,9064.88,1.3,47.16,522.24,2388.0,8152.05,8.417,0.03,393,2388,100.0,38.96,23.4961,130
82,85,-0.0037,0.0,100.0,518.67,642.66,1587.9,1407.23,14.62,21.61,554.8,2388.02,9062.11,1.3,47.17,522.39,2387.98,8145.07,8.4068,0.03,393,2388,100.0,38.91,23.4636,129
82,86,0.0006,0.0004,100.0,518.67,642.39,1587.53,1400.7,14.62,21.61,554.87,2388.02,9074.45,1.3,47.24,522.42,2388.06,8150.31,8.4499,0.03,392,2388,100.0,39.01,23.4559,128
82,87,-0.0015,0.0001,100.0,518.67,642.02,1580.54,1398.09,14.62,21.61,553.96,2388.05,9070.51,1.3,47.19,522.01,2388.01,8145.62,8.3783,0.03,392,2388,100.0,38.97,23.3978,127
82,88,0.0035,-0.0002,100.0,518.67,642.51,1582.25,1396.12,14.62,21.6,554.3,2388.02,9069.69,1.3,47.4,522.65,2387.99,8146.75,8.3745,0.03,393,2388,100.0,39.0,23.3663,126
82,89,-0.0007,-0.0003,100.0,518.67,642.09,1584.93,1393.61,14.62,21.61,554.28,2388.04,9062.05,1.3,47.11,523.06,2387.98,8143.86,8.3881,0.03,391,2388,100.0,39.07,23.4389,125
82,90,0.0017,-0.0004,100.0,518.67,641.94,1584.69,1393.4,14.62,21.61,554.4,2387.99,9070.76,1.3,47.14,522.35,2388.02,8152.82,8.3881,0.03,393,2388,100.0,39.03,23.3473,124
82,91,0.0006,0.0003,100.0,518.67,642.06,1587.44,1401.07,14.62,21.61,554.22,2388.0,9073.63,1.3,47.29,521.93,2388.05,8155.41,8.3978,0.03,392,2388,100.0,38.97,23.4186,123
82,92,-0.0021,-0.0004,100.0,518.67,642.59,1589.87,1394.25,14.62,21.61,554.89,2388.01,9064.36,1.3,47.13,522.29,2387.99,8147.74,8.3993,0.03,393,2388,100.0,39.06,23.3258,122
82,93,0.0005,-0.0003,100.0,518.67,641.99,1594.55,1397.75,14.62,21.61,554.31,2387.98,9070.59,1.3,47.16,522.98,2388.04,8152.3,8.3766,0.03,392,2388,100.0,38.93,23.4293,121
82,94,0.0023,0.0001,100.0,518.67,642.3,1581.25,1397.05,14.62,21.61,554.17,2388.04,9069.86,1.3,47.16,522.69,2387.96,8152.28,8.4122,0.03,393,2388,100.0,38.98,23.4563,120
82,95,-0.0035,-0.0003,100.0,518.67,641.37,1585.19,1398.01,14.62,21.61,554.63,2388.0,9066.61,1.3,47.07,522.55,2387.92,8150.0,8.3932,0.03,392,2388,100.0,38.92,23.4094,119
82,96,0.0033,0.0004,100.0,518.67,641.79,1583.22,1395.78,14.62,21.61,553.84,2388.06,9070.59,1.3,47.21,522.06,2387.99,8139.51,8.4241,0.03,391,2388,100.0,38.92,23.4426,118
82,97,0.0001,-0.0001,100.0,518.67,642.92,1583.57,1401.1,14.62,21.61,553.49,2388.07,9070.92,1.3,47.29,522.67,2387.94,8147.88,8.3686,0.03,392,2388,100.0,39.27,23.4193,117
82,98,0.0038,-0.0002,100.0,518.67,642.61,1587.49,1394.63,14.62,21.61,554.39,2387.95,9070.63,1.3,47.33,522.22,2388.06,8145.74,8.4094,0.03,393,2388,100.0,38.96,23.439,116
82,99,0.0046,-0.0001,100.0,518.67,642.36,1586.44,1400.16,14.62,21.61,554.29,2387.98,9064.33,1.3,47.25,522.47,2388.01,8150.36,8.4079,0.03,391,2388,100.0,39.0,23.4074,115
82,100,-0.002,-0.0003,100.0,518.67,641.95,1583.97,1399.4,14.62,21.61,554.24,2388.04,9075.93,1.3,47.31,522.25,2388.0,8148.85,8.3703,0.03,392,2388,100.0,39.02,23.4166,114
82,101,0.002,0.0,100.0,518.67,642.09,1585.74,1394.57,14.62,21.61,554.32,2388.0,9069.63,1.3,47.4,522.24,2388.01,8145.21,8.4036,0.03,394,2388,100.0,39.03,23.513,113
82,102,0.0038,-0.0006,100.0,518.67,642.18,1583.91,1399.12,14.62,21.61,554.87,2388.02,9073.69,1.3,47.37,522.07,2387.97,8147.53,8.4228,0.03,391,2388,100.0,38.92,23.4565,112
82,103,-0.0043,0.0001,100.0,518.67,642.57,1581.34,1391.14,14.62,21.61,553.88,2388.0,9071.25,1.3,47.3,522.24,2387.99,8154.91,8.3906,0.03,391,2388,100.0,39.0,23.4544,111
82,104,0.0004,0.0001,100.0,518.67,641.69,1585.5,1403.44,14.62,21.61,554.03,2388.0,9064.04,1.3,47.23,522.25,2388.03,8151.44,8.4298,0.03,391,2388,100.0,38.89,23.4647,110
82,105,-0.0024,-0.0004,100.0,518.67,642.14,1585.77,1398.55,14.62,21.61,554.22,2388.0,9070.67,1.3,47.22,522.06,2387.97,8153.42,8.3849,0.03,392,2388,100.0,39.1,23.3815,109
82,106,-0.0017,0.0,100.0,518.67,642.32,1585.19,1398.56,14.62,21.61,553.95,2388.01,9067.27,1.3,47.05,522.5,2388.04,8149.85,8.417,0.03,393,2388,100.0,38.89,23.3749,108
82,107,-0.0014,0.0001,100.0,518.67,642.19,1582.74,1398.29,14.62,21.61,555.01,2388.04,9059.05,1.3,47.36,522.39,2388.0,8154.08,8.4011,0.03,393,2388,100.0,39.08,23.333,107
82,108,0.0032,-0.0004,100.0,518.67,641.96,1591.71,1391.45,14.62,21.61,554.19,2388.02,9074.21,1.3,47.31,522.16,2388.02,8141.25,8.4206,0.03,393,2388,100.0,38.86,23.4308,106
82,109,-0.0002,-0.0,100.0,518.67,642.26,1586.89,1402.79,14.62,21.6,554.87,2388.04,9068.99,1.3,47.31,522.47,2387.98,8148.44,8.3981,0.03,391,2388,100.0,38.97,23.3634,105
82,110,0.0005,0.0003,100.0,518.67,642.0,1587.31,1398.09,14.62,21.61,553.43,2388.03,9073.16,1.3,47.4,521.56,2388.01,8149.89,8.3897,0.03,392,2388,100.0,39.11,23.3678,104
82,111,0.0004,0.0001,100.0,518.67,642.41,1586.12,1397.15,14.62,21.61,553.67,2387.98,9070.13,1.3,47.29,522.12,2388.01,8157.06,8.398,0.03,392,2388,100.0,39.14,23.4699,103
82,112,0.001,-0.0005,100.0,518.67,641.63,1586.99,1402.58,14.62,21.61,553.88,2388.0,9076.72,1.3,47.35,521.97,2387.96,8153.67,8.3852,0.03,391,2388,100.0,39.11,23.4294,102
82,113,0.0015,0.0001,100.0,518.67,642.22,1584.18,1404.66,14.62,21.61,554.56,2388.07,9073.42,1.3,47.37,522.43,2387.97,8152.62,8.4139,0.03,393,2388,100.0,38.98,23.4146,101
82,114,-0.0015,-0.0,100.0,518.67,642.25,1589.46,1392.57,14.62,21.61,553.9,2387.99,9079.53,1.3,47.24,522.26,2388.06,8152.16,8.4309,0.03,392,2388,100.0,39.03,23.3536,100
82,115,0.0008,-0.0002,100.0,518.67,642.22,1582.73,1395.23,14.62,21.61,554.02,2387.98,9078.63,1.3,47.11,522.56,2387.99,8153.14,8.4035,0.03,393,2388,100.0,39.03,23.3115,99
82,116,0.001,-0.0004,100.0,518.67,642.65,1575.87,1400.03,14.62,21.61,554.73,2388.04,9074.77,1.3,47.16,522.11,2388.01,8156.75,8.4178,0.03,393,2388,100.0,38.86,23.4082,98
82,117,-0.002,0.0004,100.0,518.67,642.69,1588.93,1395.53,14.62,21.61,554.29,2388.06,9080.86,1.3,47.25,522.13,2388.05,8150.38,8.3878,0.03,394,2388,100.0,38.86,23.4224,97
82,118,0.0008,0.0002,100.0,518.67,642.39,1585.84,1404.56,14.62,21.61,554.08,2388.05,9079.24,1.3,47.29,522.43,2388.04,8157.69,8.4055,0.03,393,2388,100.0,39.01,23.5257,96
82,119,0.0023,-0.0001,100.0,518.67,642.75,1589.01,1401.0,14.62,21.61,554.01,2388.01,9077.16,1.3,47.33,522.15,2387.98,8151.52,8.4311,0.03,392,2388,100.0,38.96,23.3131,95
82,120,0.0033,-0.0004,100.0,518.67,642.31,1590.84,1407.96,14.62,21.61,554.48,2387.99,9075.64,1.3,47.34,521.86,2387.98,8155.84,8.4219,0.03,394,2388,100.0,38.96,23.4033,94
82,121,0.0001,-0.0001,100.0,518.67,642.17,1587.92,1407.28,14.62,21.61,554.1,2387.96,9080.79,1.3,47.24,521.93,2388.0,8152.78,8.4061,0.03,391,2388,100.0,39.04,23.4437,93
82,122,-0.0001,0.0002,100.0,518.67,642.36,1585.89,1403.37,14.62,21.61,554.17,2388.03,9072.93,1.3,47.48,521.37,2388.05,8163.51,8.4098,0.03,392,2388,100.0,38.88,23.3777,92
82,123,0.0016,0.0002,100.0,518.67,642.64,1582.04,1399.08,14.62,21.6,554.79,2388.0,9079.68,1.3,47.15,522.09,2388.05,8153.63,8.3746,0.03,392,2388,100.0,38.89,23.3542,91
82,124,0.0006,-0.0005,100.0,518.67,642.21,1586.98,1404.83,14.62,21.61,554.11,2388.08,9073.04,1.3,47.48,522.52,2388.0,8162.75,8.414,0.03,391,2388,100.0,38.9,23.3692,90
82,125,0.0001,-0.0002,100.0,518.67,641.9,1594.28,1398.69,14.62,21.6,555.12,2388.0,9070.48,1.3,47.12,522.38,2388.0,8150.24,8.4058,0.03,391,2388,100.0,38.99,23.4025,89
82,126,0.0033,-0.0001,100.0,518.67,642.26,1581.22,1400.15,14.62,21.6,554.32,2388.04,9075.91,1.3,47.29,521.82,2388.07,8152.98,8.4527,0.03,394,2388,100.0,39.04,23.33,88
82,127,-0.0014,-0.0003,100.0,518.67,642.57,1578.58,1399.93,14.62,21.61,553.51,2387.99,9084.37,1.3,47.28,521.83,2388.04,8158.04,8.4314,0.03,393,2388,100.0,39.07,23.28,87
82,128,-0.0003,0.0003,100.0,518.67,641.76,1589.84,1399.23,14.62,21.61,554.2,2388.04,9074.11,1.3,47.35,521.84,2388.02,8154.69,8.3897,0.03,391,2388,100.0,38.8,23.3672,86
82,129,-0.002,0.0,100.0,518.67,642.22,1585.7,1397.14,14.62,21.61,553.58,2388.02,9082.74,1.3,47.2,522.02,2388.01,8152.23,8.4298,0.03,392,2388,100.0,38.87,23.3531,85
82,130,0.0056,-0.0002,100.0,518.67,642.46,1587.12,1401.02,14.62,21.61,554.57,2388.0,9080.0,1.3,47.4,521.67,2388.0,8158.26,8.4078,0.03,391,2388,100.0,39.02,23.2821,84
82,131,-0.0011,0.0003,100.0,518.67,642.52,1578.64,1402.33,14.62,21.61,554.75,2387.98,9077.82,1.3,47.31,521.8,2388.01,8154.09,8.449,0.03,391,2388,100.0,38.89,23.2888,83
82,132,0.0032,-0.0002,100.0,518.67,642.89,1588.92,1399.35,14.62,21.61,553.37,2388.02,9081.36,1.3,47.41,521.91,2388.02,8153.26,8.4108,0.03,393,2388,100.0,38.94,23.405,82
82,133,0.0,-0.0,100.0,518.67,642.04,1593.09,1403.33,14.62,21.61,554.15,2388.01,9079.11,1.3,47.36,522.18,2388.05,8161.32,8.4324,0.03,394,2388,100.0,38.95,23.4238,81
82,134,0.0023,0.0004,100.0,518.67,643.29,1591.32,1399.0,14.62,21.61,554.0,2388.01,9080.67,1.3,47.41,521.71,2388.02,8161.38,8.402,0.03,394,2388,100.0,38.86,23.3006,80
82,135,-0.002,-0.0005,100.0,518.67,642.35,1593.21,1399.55,14.62,21.61,554.21,2388.0,9078.07,1.3,47.19,522.25,2388.0,8156.19,8.4312,0.03,392,2388,100.0,38.91,23.3816,79
82,136,-0.001,-0.0002,100.0,518.67,642.65,1591.18,1400.18,14.62,21.61,554.27,2388.0,9077.38,1.3,47.24,521.85,2388.0,8156.28,8.483,0.03,394,2388,100.0,39.0,23.3306,78
82,137,-0.0012,0.0001,100.0,518.67,642.62,1592.53,1402.84,14.62,21.61,554.44,2388.04,9088.92,1.3,47.47,521.49,2388.06,8165.8,8.3968,0.03,393,2388,100.0,39.12,23.3798,77
82,138,-0.0042,0.0003,100.0,518.67,642.28,1595.28,1407.96,14.62,21.61,553.85,2388.01,9080.28,1.3,47.41,522.07,2387.98,8159.05,8.3968,0.03,392,2388,100.0,39.07,23.372,76
82,139,-0.0028,0.0002,100.0,518.67,642.43,1581.07,1403.39,14.62,21.61,554.33,2388.04,9082.09,1.3,47.25,522.1,2388.07,8154.44,8.4095,0.03,393,2388,100.0,38.8,23.3743,75
82,140,-0.0012,-0.0003,100.0,518.67,642.63,1589.51,1416.47,14.62,21.61,554.08,2387.95,9085.52,1.3,47.33,521.83,2388.03,8160.81,8.4187,0.03,393,2388,100.0,38.99,23.4302,74
82,141,0.0004,-0.0004,100.0,518.67,642.39,1592.28,1402.14,14.62,21.61,554.17,2388.06,9084.02,1.3,47.33,521.54,2388.03,8164.15,8.3952,0.03,394,2388,100.0,38.9,23.2709,73
82,142,0.0018,0.0003,100.0,518.67,642.45,1581.23,1399.59,14.62,21.61,553.69,2387.98,9083.66,1.3,47.2,521.4,2388.05,8159.89,8.4189,0.03,392,2388,100.0,38.75,23.3331,72
82,143,0.0072,-0.0004,100.0,518.67,642.42,1585.36,1406.59,14.62,21.61,554.18,2387.98,9078.92,1.3,47.31,521.76,2387.98,8165.53,8.4277,0.03,393,2388,100.0,38.98,23.3523,71
82,144,-0.0014,-0.0003,100.0,518.67,642.76,1584.02,1404.16,14.62,21.61,553.91,2388.01,9082.93,1.3,47.31,521.89,2387.97,8167.05,8.4071,0.03,393,2388,100.0,38.98,23.2815,70
82,145,-0.0016,0.0003,100.0,518.67,642.42,1593.65,1398.69,14.62,21.61,553.6,2388.04,9086.13,1.3,47.33,521.76,2388.03,8163.9,8.4321,0.03,394,2388,100.0,38.89,23.4849,69
82,146,0.0048,0.0001,100.0,518.67,642.37,1575.95,1404.42,14.62,21.61,554.34,2388.02,9088.3,1.3,47.48,522.4,2388.05,8163.55,8.4248,0.03,393,2388,100.0,38.95,23.313,68
82,147,-0.0002,0.0002,100.0,518.67,642.99,1585.51,1405.08,14.62,21.61,554.27,2387.99,9085.55,1.3,47.23,521.59,2388.04,8160.96,8.423,0.03,393,2388,100.0,39.07,23.4418,67
82,148,-0.0009,-0.0003,100.0,518.67,642.66,1584.44,1409.35,14.62,21.61,553.2,2388.03,9086.45,1.3,47.34,522.37,2388.07,8163.64,8.4191,0.03,392,2388,100.0,38.97,23.4428,66
82,149,0.0007,0.0002,100.0,518.67,642.86,1587.56,1405.24,14.62,21.61,553.78,2388.03,9084.09,1.3,47.28,521.66,2388.02,8164.33,8.4636,0.03,392,2388,100.0,39.05,23.3233,65
82,150,-0.0003,-0.0002,100.0,518.67,642.49,1587.17,1406.17,14.62,21.61,553.12,2388.01,9083.98,1.3,47.52,521.43,2388.05,8170.37,8.4014,0.03,392,2388,100.0,38.82,23.4176,64
82,151,0.0002,-0.0,100.0,518.67,642.08,1585.16,1409.3,14.62,21.61,553.97,2388.05,9089.52,1.3,47.35,521.98,2388.01,8168.53,8.411,0.03,391,2388,100.0,38.94,23.4587,63
82,152,0.0004,0.0003,100.0,518.67,642.5,1589.35,1401.06,14.62,21.61,553.56,2387.98,9086.56,1.3,47.26,521.97,2388.0,8167.86,8.418,0.03,393,2388,100.0,39.04,23.4108,62
82,153,-0.0046,-0.0,100.0,518.67,642.68,1592.85,1404.96,14.62,21.61,553.17,2388.05,9084.13,1.3,47.16,522.24,2388.07,8168.34,8.4462,0.03,394,2388,100.0,38.92,23.3621,61
82,154,-0.0003,-0.0,100.0,518.67,642.45,1585.34,1409.34,14.62,21.61,554.09,2388.01,9095.61,1.3,47.58,521.94,2388.01,8168.07,8.4095,0.03,391,2388,100.0,38.94,23.3949,60
82,155,-0.0044,-0.0002,100.0,518.67,642.68,1592.47,1400.53,14.62,21.61,553.14,2388.04,9089.56,1.3,47.56,521.34,2388.03,8167.74,8.4191,0.03,393,2388,100.0,38.89,23.2989,59
82,156,-0.0018,0.0001,100.0,518.67,642.32,1593.92,1408.5,14.62,21.61,553.54,2388.04,9094.46,1.3,47.66,521.9,2388.04,8172.37,8.4501,0.03,394,2388,100.0,38.83,23.3885,58
82,157,-0.0026,-0.0,100.0,518.67,642.91,1589.26,1408.95,14.62,21.61,553.62,2388.03,9096.54,1.3,47.62,521.92,2387.99,8166.97,8.4786,0.03,394,2388,100.0,38.84,23.3049,57
82,158,-0.0007,0.0002,100.0,518.67,642.03,1591.37,1406.81,14.62,21.61,553.69,2388.04,9092.98,1.3,47.48,522.17,2388.03,8173.34,8.4485,0.03,393,2388,100.0,38.85,23.3004,56
82,159,-0.002,0.0001,100.0,518.67,642.52,1587.28,1399.82,14.62,21.61,553.39,2388.04,9091.33,1.3,47.44,521.62,2388.03,8173.69,8.4002,0.03,393,2388,100.0,38.8,23.3837,55
82,160,0.0018,0.0003,100.0,518.67,642.46,1589.84,1409.99,14.62,21.61,553.75,2388.05,9094.97,1.3,47.52,522.06,2388.05,8170.11,8.4536,0.03,393,2388,100.0,38.89,23.3509,54
82,161,-0.0006,0.0002,100.0,518.67,642.68,1584.55,1406.73,14.62,21.61,553.7,2387.99,9097.78,1.3,47.45,521.51,2388.04,8167.16,8.4205,0.03,394,2388,100.0,38.92,23.3002,53
82,162,0.0005,-0.0005,100.0,518.67,642.74,1590.54,1403.76,14.62,21.61,554.45,2388.09,9092.99,1.3,47.42,522.15,2388.01,8178.5,8.4336,0.03,395,2388,100.0,38.9,23.2789,52
82,163,0.0025,-0.0002,100.0,518.67,642.44,1588.17,1396.25,14.62,21.61,554.06,2388.05,9095.39,1.3,47.66,521.53,2388.03,8173.61,8.4381,0.03,394,2388,100.0,38.89,23.4518,51
82,164,-0.0003,-0.0001,100.0,518.67,641.75,1592.56,1398.84,14.62,21.61,553.36,2388.01,9101.97,1.3,47.44,521.65,2388.06,8179.16,8.4567,0.03,393,2388,100.0,39.06,23.2508,50
82,165,-0.0008,0.0004,100.0,518.67,642.93,1589.76,1407.48,14.62,21.61,553.83,2388.08,9099.85,1.3,47.46,521.56,2388.02,8174.3,8.4342,0.03,394,2388,100.0,38.85,23.2648,49
82,166,0.0029,-0.0002,100.0,518.67,642.32,1597.86,1407.14,14.62,21.61,553.88,2388.0,9103.18,1.3,47.48,521.47,2387.99,8176.7,8.4579,0.03,394,2388,100.0,38.76,23.3425,48
82,167,-0.004,-0.0005,100.0,518.67,642.82,1579.3,1415.57,14.62,21.61,553.64,2388.01,9106.23,1.3,47.46,521.53,2388.03,8178.21,8.4547,0.03,394,2388,100.0,38.96,23.1606,47
82,168,0.0005,0.0001,100.0,518.67,642.46,1588.51,1404.86,14.62,21.61,553.33,2388.03,9104.63,1.3,47.45,521.58,2388.05,8178.43,8.4626,0.03,393,2388,100.0,38.71,23.2917,46
82,169,0.0011,0.0,100.0,518.67,641.96,1596.72,1403.51,14.62,21.61,553.57,2388.07,9106.43,1.3,47.61,521.52,2388.05,8176.5,8.4905,0.03,392,2388,100.0,39.01,23.2769,45
82,170,-0.0013,0.0,100.0,518.67,642.96,1601.29,1405.87,14.62,21.61,553.66,2388.02,9103.06,1.3,47.47,521.08,2388.0,8184.0,8.4372,0.03,394,2388,100.0,38.85,23.2722,44
82,171,-0.0011,-0.0004,100.0,518.67,643.16,1593.89,1403.24,14.62,21.61,553.06,2388.07,9109.78,1.3,47.51,521.37,2388.08,8179.52,8.4666,0.03,393,2388,100.0,38.84,23.3597,43
82,172,-0.0026,-0.0004,100.0,518.67,642.21,1589.58,1407.52,14.62,21.61,553.58,2388.01,9107.7,1.3,47.41,522.05,2388.06,8182.78,8.4403,0.03,395,2388,100.0,38.77,23.2359,42
82,173,-0.0011,-0.0002,100.0,518.67,642.71,1593.21,1406.15,14.62,21.61,554.28,2388.05,9107.04,1.3,47.55,521.31,2388.0,8183.83,8.4203,0.03,394,2388,100.0,38.74,23.2732,41
82,174,0.0015,-0.0004,100.0,518.67,643.56,1595.78,1407.61,14.62,21.61,553.92,2388.05,9115.93,1.3,47.6,521.18,2388.03,8188.23,8.4469,0.03,394,2388,100.0,39.03,23.2962,40
82,175,0.0015,0.0,100.0,518.67,642.33,1598.41,1409.12,14.62,21.61,552.91,2388.05,9114.58,1.3,47.47,521.61,2388.03,8180.99,8.4387,0.03,395,2388,100.0,38.64,23.2877,39
82,176,-0.002,-0.0005,100.0,518.67,642.83,1586.89,1414.64,14.62,21.61,553.34,2387.99,9117.72,1.3,47.66,521.67,2388.04,8183.97,8.4495,0.03,394,2388,100.0,38.67,23.3769,38
82,177,-0.0017,0.0001,100.0,518.67,643.12,1591.34,1410.71,14.62,21.61,552.86,2388.03,9117.46,1.3,47.64,521.68,2388.05,8190.41,8.4233,0.03,393,2388,100.0,38.89,23.1283,37
82,178,0.0014,-0.0003,100.0,518.67,642.31,1594.91,1408.81,14.62,21.61,554.33,2388.06,9111.76,1.3,47.6,521.63,2388.01,8187.24,8.4776,0.03,393,2388,100.0,38.86,23.2156,36
82,179,0.0,-0.0004,100.0,518.67,642.52,1591.79,1418.17,14.62,21.61,553.21,2388.05,9121.62,1.3,47.76,521.31,2388.04,8191.27,8.4526,0.03,393,2388,100.0,38.89,23.2202,35
82,180,0.0011,0.0003,100.0,518.67,642.77,1588.85,1409.98,14.62,21.61,552.94,2388.06,9113.29,1.3,47.56,521.3,2388.03,8191.05,8.4415,0.03,393,2388,100.0,38.75,23.357,34
82,181,0.0016,0.0004,100.0,518.67,642.96,1589.58,1415.05,14.62,21.61,552.97,2388.04,9120.25,1.3,47.74,521.9,2388.04,8196.4,8.4675,0.03,394,2388,100.0,38.64,23.2335,33
82,182,-0.0043,-0.0004,100.0,518.67,643.31,1597.04,1409.69,14.62,21.61,553.48,2388.0,9117.34,1.3,47.73,521.96,2388.02,8194.56,8.4508,0.03,394,2388,100.0,38.97,23.1857,32
82,183,-0.0004,0.0002,100.0,518.67,643.08,1597.09,1410.26,14.62,21.61,553.08,2388.05,9121.68,1.3,47.51,521.8,2388.08,8195.04,8.4578,0.03,394,2388,100.0,38.69,23.3193,31
82,184,0.0034,-0.0005,100.0,518.67,642.83,1592.11,1417.63,14.62,21.61,553.45,2388.04,9130.13,1.3,47.7,521.1,2388.01,8197.25,8.446,0.03,393,2388,100.0,38.81,23.2667,30
82,185,0.0032,-0.0004,100.0,518.67,642.93,1598.06,1400.51,14.62,21.61,552.85,2388.1,9121.4,1.3,47.66,521.77,2388.02,8197.65,8.4286,0.03,392,2388,100.0,38.64,23.3238,29
82,186,-0.0027,0.0002,100.0,518.67,642.78,1595.94,1409.73,14.62,21.61,552.87,2388.03,9126.85,1.3,47.77,521.21,2388.07,8199.15,8.4838,0.03,395,2388,100.0,38.8,23.2288,28
82,187,-0.0007,0.0003,100.0,518.67,642.34,1597.02,1411.39,14.62,21.61,553.12,2388.12,9133.34,1.3,47.85,521.9,2388.07,8205.06,8.4553,0.03,394,2388,100.0,38.66,23.2073,27
82,188,0.002,-0.0,100.0,518.67,643.03,1595.78,1415.91,14.62,21.61,553.18,2388.1,9137.66,1.3,47.57,521.32,2388.1,8205.82,8.4388,0.03,395,2388,100.0,38.63,23.1911,26
82,189,-0.0001,0.0,100.0,518.67,642.7,1591.53,1409.21,14.62,21.61,553.29,2388.13,9132.81,1.3,47.54,521.34,2388.12,8202.95,8.4708,0.03,394,2388,100.0,38.74,23.2806,25
82,190,0.0009,-0.0002,100.0,518.67,642.92,1599.34,1415.84,14.62,21.61,552.82,2388.07,9138.13,1.3,47.81,521.07,2388.1,8209.2,8.4581,0.03,393,2388,100.0,38.88,23.258,24
82,191,0.0013,-0.0002,100.0,518.67,643.26,1593.75,1409.07,14.62,21.61,552.89,2388.08,9131.12,1.3,47.74,521.5,2388.09,8204.71,8.4655,0.03,395,2388,100.0,38.75,23.1495,23
82,192,-0.0004,0.0004,100.0,518.67,643.07,1602.68,1410.5,14.62,21.61,553.0,2388.08,9146.54,1.3,47.59,521.5,2388.05,8217.06,8.4807,0.03,395,2388,100.0,38.49,23.2327,22
82,193,0.0028,0.0004,100.0,518.67,642.51,1594.43,1418.36,14.62,21.61,552.54,2388.03,9133.11,1.3,47.8,521.04,2388.07,8206.82,8.4896,0.03,393,2388,100.0,38.65,23.2054,21
82,194,-0.0027,0.0003,100.0,518.67,643.23,1599.69,1414.71,14.62,21.61,553.03,2388.06,9147.11,1.3,47.74,520.81,2388.13,8208.87,8.5072,0.03,396,2388,100.0,38.6,23.096,20
82,195,0.0016,-0.0003,100.0,518.67,643.11,1603.6,1422.45,14.62,21.61,552.26,2388.08,9149.61,1.3,47.76,520.66,2388.08,8218.51,8.4968,0.03,395,2388,100.0,38.52,23.152,19
82,196,0.0043,0.0001,100.0,518.67,643.39,1592.95,1419.44,14.62,21.61,552.38,2388.11,9153.31,1.3,47.73,520.91,2388.1,8216.76,8.4954,0.03,396,2388,100.0,38.63,23.1945,18
82,197,0.0031,0.0004,100.0,518.67,643.22,1601.42,1416.52,14.62,21.61,552.4,2388.16,9153.75,1.3,47.83,520.88,2388.11,8217.85,8.456,0.03,393,2388,100.0,38.51,23.1537,17
82,198,0.0005,-0.0002,100.0,518.67,643.59,1602.87,1422.64,14.62,21.61,553.12,2388.07,9149.6,1.3,47.69,520.89,2388.05,8220.49,8.499,0.03,395,2388,100.0,38.42,23.1438,16
82,199,-0.0024,0.0004,100.0,518.67,643.24,1598.93,1424.94,14.62,21.61,552.56,2388.16,9159.03,1.3,47.69,520.79,2388.1,8224.85,8.4997,0.03,396,2388,100.0,38.81,23.0799,15
82,200,0.0007,-0.0004,100.0,518.67,643.47,1602.4,1425.75,14.62,21.61,552.38,2388.09,9163.03,1.3,47.69,520.92,2388.12,8230.84,8.493,0.03,395,2388,100.0,38.71,23.1791,14
82,201,-0.0032,-0.0002,100.0,518.67,643.19,1599.54,1427.61,14.62,21.61,551.93,2388.18,9172.44,1.3,47.97,520.97,2388.09,8226.85,8.494,0.03,395,2388,100.0,38.66,23.1539,13
82,202,0.0003,0.0002,100.0,518.67,642.76,1591.99,1427.79,14.62,21.61,552.71,2388.1,9168.79,1.3,47.97,520.51,2388.13,8231.67,8.4862,0.03,398,2388,100.0,38.53,23.1049,12
82,203,-0.0002,0.0001,100.0,518.67,643.59,1596.45,1420.6,14.62,21.61,552.5,2388.15,9175.36,1.3,47.9,520.56,2388.09,8231.75,8.4952,0.03,394,2388,100.0,38.8,23.0097,11
82,204,0.0004,-0.0004,100.0,518.67,643.18,1593.87,1420.64,14.62,21.61,552.43,2388.15,9169.22,1.3,47.88,520.84,2388.1,8230.69,8.5178,0.03,396,2388,100.0,38.7,23.1532,10
82,205,-0.0006,-0.0003,100.0,518.67,643.64,1596.75,1428.16,14.62,21.61,551.91,2388.12,9177.7,1.3,47.88,520.63,2388.14,8239.17,8.4865,0.03,396,2388,100.0,38.46,23.1719,9
82,206,0.0012,-0.0002,100.0,518.67,643.4,1602.48,1426.24,14.62,21.61,552.48,2388.12,9183.06,1.3,47.92,520.03,2388.12,8236.0,8.4865,0.03,396,2388,100.0,38.74,23.1024,8
82,207,0.0022,0.0,100.0,518.67,643.59,1607.09,1416.6,14.62,21.61,552.48,2388.13,9185.97,1.3,47.94,520.83,2388.08,8247.28,8.5087,0.03,396,2388,100.0,38.36,23.1516,7
82,208,-0.0021,0.0,100.0,518.67,644.08,1607.74,1426.26,14.62,21.61,552.35,2388.12,9182.21,1.3,48.08,520.81,2388.13,8246.23,8.534,0.03,398,2388,100.0,38.44,23.1126,6
82,209,0.0006,0.0002,100.0,518.67,643.61,1604.53,1426.18,14.62,21.61,551.9,2388.19,9184.89,1.3,48.17,521.06,2388.13,8246.71,8.5333,0.03,397,2388,100.0,38.44,23.0434,5
82,210,0.0002,-0.0005,100.0,518.67,643.11,1608.87,1434.28,14.62,21.61,551.51,2388.13,9192.8,1.3,48.17,520.66,2388.13,8246.16,8.5255,0.03,396,2388,100.0,38.46,23.0639,4
82,211,-0.0004,-0.0004,100.0,518.67,643.61,1605.0,1426.94,14.62,21.61,552.46,2388.16,9192.88,1.3,48.04,520.73,2388.12,8258.32,8.523,0.03,396,2388,100.0,38.35,23.0294,3
82,212,0.0004,0.0004,100.0,518.67,643.66,1601.47,1426.74,14.62,21.61,551.85,2388.13,9199.74,1.3,48.22,520.16,2388.19,8255.68,8.5338,0.03,396,2388,100.0,38.5,23.2379,2
82,213,-0.0036,0.0001,100.0,518.67,643.48,1596.98,1425.66,14.62,21.61,552.05,2388.12,9200.05,1.3,48.18,520.43,2388.11,8262.35,8.5441,0.03,398,2388,100.0,38.49,23.0412,1
82,214,-0.0013,0.0003,100.0,518.67,643.73,1601.66,1427.73,14.62,21.61,551.57,2388.16,9215.59,1.3,48.3,520.01,2388.16,8267.9,8.5222,0.03,399,2388,100.0,38.56,23.0292,0
83,1,-0.0051,-0.0,100.0,518.67,642.14,1581.34,1392.65,14.62,21.61,554.79,2388.06,9057.43,1.3,47.14,522.26,2388.03,8148.42,8.3915,0.03,391,2388,100.0,39.13,23.3768,292
83,2,-0.0015,-0.0001,100.0,518.67,641.75,1575.29,1393.01,14.62,21.61,555.09,2388.02,9060.87,1.3,47.07,522.67,2387.98,8142.31,8.3902,0.03,392,2388,100.0,39.19,23.3193,291
83,3,0.002,-0.0005,100.0,518.67,641.9,1588.37,1391.04,14.62,21.61,554.56,2387.98,9058.42,1.3,47.19,522.54,2388.0,8139.69,8.4149,0.03,392,2388,100.0,39.01,23.4293,290
83,4,-0.0027,-0.0004,100.0,518.67,642.1,1585.82,1402.48,14.62,21.61,554.83,2387.94,9060.87,1.3,47.13,522.05,2387.98,8136.5,8.417,0.03,390,2388,100.0,39.07,23.5193,289
83,5,0.0037,-0.0,100.0,518.67,642.17,1581.64,1398.62,14.62,21.61,554.11,2388.01,9059.64,1.3,47.27,523.26,2388.03,8138.35,8.3773,0.03,391,2388,100.0,39.01,23.4225,288
83,6,0.0004,0.0003,100.0,518.67,641.74,1582.15,1394.59,14.62,21.61,554.83,2387.98,9052.49,1.3,47.2,522.1,2387.96,8141.27,8.3935,0.03,392,2388,100.0,38.96,23.4529,287
83,7,-0.0005,0.0002,100.0,518.67,641.61,1583.91,1396.79,14.62,21.61,554.36,2387.96,9058.53,1.3,47.16,522.99,2388.0,8138.93,8.3746,0.03,391,2388,100.0,39.14,23.5112,286
83,8,0.0002,-0.0001,100.0,518.67,641.92,1587.53,1394.05,14.62,21.61,554.41,2388.01,9060.14,1.3,47.05,522.27,2388.04,8140.46,8.3976,0.03,392,2388,100.0,38.97,23.3613,285
83,9,0.0006,0.0002,100.0,518.67,641.84,1586.99,1394.23,14.62,21.6,554.33,2388.03,9049.92,1.3,47.14,523.13,2388.04,8142.5,8.3922,0.03,391,2388,100.0,38.89,23.4499,284
83,10,0.0007,-0.0001,100.0,518.67,641.9,1583.41,1400.16,14.62,21.61,554.89,2387.97,9056.86,1.3,47.26,522.64,2388.01,8141.67,8.415,0.03,389,2388,100.0,39.06,23.457,283
83,11,-0.0021,-0.0004,100.0,518.67,642.06,1577.5,1390.48,14.62,21.61,554.9,2388.03,9057.84,1.3,47.21,522.97,2387.95,8141.79,8.4285,0.03,389,2388,100.0,39.0,23.3848,282
83,12,0.0016,-0.0002,100.0,518.67,641.44,1586.47,1402.08,14.62,21.6,555.43,2388.0,9059.03,1.3,47.23,522.71,2388.0,8136.47,8.3646,0.03,391,2388,100.0,38.91,23.4495,281
83,13,-0.0001,0.0003,100.0,518.67,641.59,1585.37,1400.84,14.62,21.61,554.47,2387.97,9062.9,1.3,47.16,522.5,2387.98,8141.69,8.3705,0.03,390,2388,100.0,39.19,23.4149,280
83,14,0.0019,-0.0003,100.0,518.67,641.48,1579.72,1399.07,14.62,21.6,554.98,2388.02,9052.32,1.3,47.35,522.51,2388.01,8146.92,8.3918,0.03,392,2388,100.0,39.07,23.4627,279
83,15,0.002,0.0001,100.0,518.67,642.28,1579.22,1394.18,14.62,21.6,554.8,2387.97,9054.15,1.3,47.15,522.2,2387.96,8140.48,8.3812,0.03,392,2388,100.0,39.18,23.4554,278
83,16,-0.0022,-0.0001,100.0,518.67,642.15,1586.81,1396.95,14.62,21.6,554.0,2388.0,9052.07,1.3,47.14,522.28,2387.96,8135.33,8.3677,0.03,391,2388,100.0,39.06,23.3728,277
83,17,-0.0001,0.0001,100.0,518.67,641.68,1586.2,1402.79,14.62,21.61,554.54,2388.03,9056.2,1.3,47.2,522.77,2388.0,8141.61,8.3667,0.03,392,2388,100.0,39.06,23.38,276
83,18,-0.0016,-0.0005,100.0,518.67,641.71,1579.52,1392.34,14.62,21.61,554.82,2387.99,9055.04,1.3,47.04,522.14,2388.02,8143.73,8.3917,0.03,392,2388,100.0,39.22,23.3965,275
83,19,0.0001,-0.0002,100.0,518.67,641.95,1587.74,1394.18,14.62,21.61,554.36,2388.02,9057.11,1.3,47.27,521.96,2387.96,8142.36,8.4354,0.03,390,2388,100.0,38.87,23.4891,274
83,20,-0.0022,-0.0004,100.0,518.67,641.4,1576.76,1393.19,14.62,21.61,554.74,2387.99,9051.66,1.3,47.06,522.4,2387.98,8139.69,8.3693,0.03,391,2388,100.0,39.05,23.3995,273
83,21,-0.0,-0.0003,100.0,518.67,642.02,1581.28,1402.91,14.62,21.61,554.24,2387.98,9051.41,1.3,47.17,522.51,2387.96,8144.29,8.3994,0.03,391,2388,100.0,39.25,23.4367,272
83,22,0.0017,0.0001,100.0,518.67,642.23,1574.41,1393.37,14.62,21.61,555.14,2388.02,9050.46,1.3,47.14,522.48,2387.97,8142.05,8.4349,0.03,391,2388,100.0,39.05,23.3847,271
83,23,0.0005,0.0002,100.0,518.67,642.51,1574.29,1393.39,14.62,21.61,554.37,2388.02,9054.8,1.3,47.12,521.89,2387.98,8139.48,8.3942,0.03,392,2388,100.0,39.05,23.4757,270
83,24,-0.0013,0.0,100.0,518.67,642.0,1574.48,1396.04,14.62,21.61,554.45,2388.06,9052.53,1.3,47.21,521.98,2388.01,8142.6,8.3923,0.03,392,2388,100.0,39.14,23.3609,269
83,25,-0.002,0.0001,100.0,518.67,641.67,1582.77,1395.44,14.62,21.61,554.86,2388.05,9057.96,1.3,47.19,522.75,2387.93,8146.07,8.4012,0.03,390,2388,100.0,38.98,23.4034,268
83,26,-0.0021,-0.0001,100.0,518.67,642.4,1588.21,1396.89,14.62,21.61,555.04,2387.96,9055.87,1.3,46.96,522.71,2388.0,8143.49,8.3905,0.03,392,2388,100.0,38.89,23.4299,267
83,27,-0.0004,0.0001,100.0,518.67,642.42,1585.72,1394.2,14.62,21.61,554.73,2387.96,9056.31,1.3,47.22,522.37,2387.98,8142.22,8.3826,0.03,392,2388,100.0,39.06,23.4823,266
83,28,-0.0011,0.0004,100.0,518.67,641.89,1579.42,1390.05,14.62,21.61,554.89,2387.95,9052.98,1.3,47.3,522.22,2387.97,8140.14,8.3948,0.03,391,2388,100.0,38.99,23.3742,265
83,29,-0.0049,-0.0005,100.0,518.67,641.44,1583.51,1391.57,14.62,21.61,554.38,2388.02,9054.88,1.3,47.23,522.19,2388.0,8144.59,8.3759,0.03,392,2388,100.0,38.95,23.4044,264
83,30,0.0022,0.0003,100.0,518.67,642.66,1581.19,1396.1,14.62,21.61,554.3,2388.01,9057.6,1.3,47.19,522.66,2387.97,8132.9,8.3877,0.03,391,2388,100.0,39.08,23.4738,263
83,31,0.0004,-0.0,100.0,518.67,642.08,1588.61,1404.23,14.62,21.61,555.42,2388.02,9061.33,1.3,47.15,522.03,2388.02,8141.55,8.3838,0.03,392,2388,100.0,39.02,23.4852,262
83,32,0.0022,-0.0001,100.0,518.67,641.85,1581.98,1395.81,14.62,21.61,554.53,2387.97,9060.29,1.3,47.17,522.63,2388.0,8138.65,8.3695,0.03,393,2388,100.0,38.96,23.3222,261
83,33,0.0012,-0.0001,100.0,518.67,642.09,1588.28,1394.41,14.62,21.61,554.19,2388.04,9055.49,1.3,47.0,522.3,2388.04,8137.79,8.409,0.03,391,2388,100.0,38.98,23.5983,260
83,34,-0.0007,-0.0,100.0,518.67,642.34,1582.52,1395.08,14.62,21.61,555.06,2387.98,9061.08,1.3,47.18,522.36,2388.02,8135.78,8.4052,0.03,391,2388,100.0,39.2,23.3595,259
83,35,-0.0038,0.0001,100.0,518.67,641.85,1579.33,1403.7,14.62,21.61,554.68,2388.0,9050.57,1.3,47.19,522.24,2388.03,8137.74,8.3686,0.03,392,2388,100.0,39.0,23.589,258
83,36,0.0039,-0.0004,100.0,518.67,642.08,1585.29,1404.18,14.62,21.61,554.8,2388.01,9056.88,1.3,47.03,522.06,2388.03,8137.92,8.3871,0.03,394,2388,100.0,39.09,23.4358,257
83,37,-0.0021,-0.0001,100.0,518.67,642.07,1586.19,1387.57,14.62,21.6,554.73,2388.02,9056.23,1.3,47.19,522.51,2387.98,8142.17,8.4121,0.03,392,2388,100.0,39.08,23.4848,256
83,38,0.0014,-0.0005,100.0,518.67,641.96,1580.04,1398.55,14.62,21.61,554.29,2387.98,9064.48,1.3,47.2,522.57,2388.03,8144.67,8.3755,0.03,391,2388,100.0,38.84,23.4304,255
83,39,-0.0013,-0.0001,100.0,518.67,642.37,1582.58,1392.91,14.62,21.61,555.03,2388.0,9061.78,1.3,47.08,522.6,2387.98,8138.96,8.4115,0.03,393,2388,100.0,38.98,23.3607,254
83,40,-0.0054,-0.0002,100.0,518.67,642.49,1586.32,1399.36,14.62,21.61,554.43,2387.97,9056.4,1.3,47.17,522.22,2388.01,8136.25,8.365,0.03,391,2388,100.0,39.24,23.5138,253
83,41,-0.0026,-0.0002,100.0,518.67,641.99,1583.08,1399.77,14.62,21.61,554.77,2388.01,9052.81,1.3,47.22,522.19,2388.02,8141.87,8.3764,0.03,393,2388,100.0,39.11,23.3739,252
83,42,0.0001,-0.0002,100.0,518.67,641.93,1583.14,1389.57,14.62,21.61,554.67,2387.97,9057.99,1.3,47.22,522.29,2387.98,8138.53,8.3904,0.03,390,2388,100.0,39.08,23.3547,251
83,43,-0.0007,0.0,100.0,518.67,641.53,1579.94,1401.71,14.62,21.61,554.6,2387.96,9053.36,1.3,46.94,522.14,2388.01,8141.79,8.3782,0.03,392,2388,100.0,39.16,23.4345,250
83,44,0.0009,-0.0002,100.0,518.67,641.67,1577.62,1398.59,14.62,21.61,555.28,2387.98,9061.9,1.3,47.14,522.79,2387.96,8143.68,8.3839,0.03,391,2388,100.0,38.93,23.4667,249
83,45,0.0009,-0.0002,100.0,518.67,642.5,1587.19,1395.09,14.62,21.61,554.34,2387.95,9056.12,1.3,47.3,522.44,2388.01,8140.67,8.377,0.03,393,2388,100.0,39.07,23.4351,248
83,46,-0.0036,-0.0002,100.0,518.67,641.93,1582.5,1395.53,14.62,21.61,554.79,2387.97,9059.73,1.3,47.24,522.78,2387.97,8140.61,8.3772,0.03,392,2388,100.0,38.97,23.3752,247
83,47,-0.0034,-0.0003,100.0,518.67,642.18,1584.91,1398.54,14.62,21.61,554.36,2388.01,9058.53,1.3,47.21,522.5,2387.98,8135.87,8.4357,0.03,392,2388,100.0,39.04,23.3992,246
83,48,-0.001,0.0004,100.0,518.67,642.25,1585.17,1397.54,14.62,21.61,554.74,2388.02,9054.83,1.3,47.22,521.97,2387.96,8142.91,8.3992,0.03,391,2388,100.0,38.92,23.4389,245
83,49,-0.0012,0.0002,100.0,518.67,642.19,1582.04,1391.8,14.62,21.61,554.22,2387.99,9059.91,1.3,47.16,522.35,2387.97,8143.45,8.3358,0.03,393,2388,100.0,39.06,23.5087,244
83,50,-0.0042,-0.0004,100.0,518.67,641.72,1574.96,1385.75,14.62,21.61,555.05,2387.99,9055.7,1.3,47.16,522.59,2387.98,8141.17,8.3635,0.03,392,2388,100.0,39.25,23.5316,243
83,51,-0.0026,0.0001,100.0,518.67,641.7,1594.67,1404.76,14.62,21.6,554.24,2387.99,9065.89,1.3,47.42,522.22,2388.0,8138.58,8.3682,0.03,392,2388,100.0,39.15,23.4456,242
83,52,0.0016,-0.0005,100.0,518.67,641.94,1580.01,1392.51,14.62,21.61,554.95,2387.94,9058.29,1.3,47.04,522.34,2388.01,8135.22,8.395,0.03,391,2388,100.0,39.1,23.4812,241
83,53,-0.0007,-0.0001,100.0,518.67,641.58,1583.06,1398.35,14.62,21.61,553.93,2388.0,9061.29,1.3,47.24,522.59,2387.93,8138.0,8.4019,0.03,391,2388,100.0,39.27,23.568,240
83,54,0.0003,0.0002,100.0,518.67,641.78,1585.71,1401.01,14.62,21.61,555.61,2388.01,9058.28,1.3,47.04,522.14,2388.01,8138.11,8.3638,0.03,392,2388,100.0,39.16,23.3596,239
83,55,0.0013,0.0002,100.0,518.67,642.04,1586.25,1403.62,14.62,21.61,555.16,2388.03,9046.49,1.3,47.23,522.2,2388.0,8142.09,8.3972,0.03,391,2388,100.0,38.86,23.4464,238
83,56,-0.0041,-0.0002,100.0,518.67,642.11,1589.2,1392.13,14.62,21.61,554.53,2388.0,9053.15,1.3,47.05,521.9,2388.0,8140.87,8.3725,0.03,392,2388,100.0,39.14,23.3578,237
83,57,0.0021,-0.0002,100.0,518.67,642.27,1578.93,1397.44,14.62,21.61,554.08,2388.0,9051.83,1.3,47.33,522.64,2388.02,8136.81,8.3954,0.03,391,2388,100.0,39.15,23.3916,236
83,58,-0.0009,-0.0,100.0,518.67,642.88,1583.75,1401.54,14.62,21.61,554.8,2388.0,9053.97,1.3,47.02,523.1,2387.99,8135.57,8.383,0.03,392,2388,100.0,39.06,23.373,235
83,59,-0.0045,-0.0003,100.0,518.67,642.9,1588.17,1401.25,14.62,21.61,554.63,2388.06,9055.86,1.3,47.16,522.54,2388.03,8137.3,8.3967,0.03,390,2388,100.0,39.14,23.57,234
83,60,-0.0018,0.0001,100.0,518.67,642.12,1583.78,1391.6,14.62,21.61,553.69,2387.97,9058.75,1.3,46.99,522.5,2388.0,8141.46,8.404,0.03,392,2388,100.0,39.13,23.343,233
83,61,-0.0002,-0.0001,100.0,518.67,642.0,1584.32,1398.63,14.62,21.61,554.7,2388.0,9053.82,1.3,47.33,522.16,2387.97,8139.06,8.3777,0.03,391,2388,100.0,39.01,23.3902,232
83,62,-0.0001,0.0005,100.0,518.67,642.4,1579.6,1399.79,14.62,21.61,554.61,2387.99,9056.63,1.3,47.28,522.36,2387.99,8143.63,8.419,0.03,390,2388,100.0,39.02,23.4534,231
83,63,-0.0,0.0001,100.0,518.67,642.05,1580.13,1398.63,14.62,21.61,554.9,2388.02,9049.92,1.3,47.13,522.79,2388.04,8142.59,8.4112,0.03,391,2388,100.0,39.07,23.2978,230
83,64,0.0006,-0.0,100.0,518.67,642.17,1585.25,1400.82,14.62,21.61,554.36,2387.99,9052.07,1.3,47.06,522.44,2388.02,8138.03,8.4182,0.03,390,2388,100.0,39.0,23.4278,229
83,65,0.0002,-0.0005,100.0,518.67,642.17,1589.25,1403.86,14.62,21.61,554.26,2387.99,9057.82,1.3,46.98,522.26,2387.98,8144.51,8.3678,0.03,392,2388,100.0,38.97,23.509,228
83,66,0.0034,-0.0,100.0,518.67,642.04,1585.17,1400.96,14.62,21.61,554.76,2388.04,9057.74,1.3,47.01,522.71,2387.93,8144.42,8.3699,0.03,391,2388,100.0,39.04,23.5411,227
83,67,0.0032,0.0001,100.0,518.67,642.34,1586.44,1391.0,14.62,21.61,554.21,2387.99,9059.87,1.3,47.12,522.37,2388.01,8143.53,8.4272,0.03,392,2388,100.0,38.88,23.5438,226
83,68,-0.0002,0.0004,100.0,518.67,642.21,1585.09,1406.37,14.62,21.6,554.73,2388.06,9058.64,1.3,47.14,522.6,2387.99,8135.54,8.3898,0.03,392,2388,100.0,38.95,23.4516,225
83,69,-0.0016,-0.0001,100.0,518.67,641.7,1588.53,1399.53,14.62,21.61,554.48,2387.98,9054.29,1.3,47.15,522.46,2388.01,8136.8,8.4053,0.03,393,2388,100.0,39.09,23.4635,224
83,70,0.0014,-0.0002,100.0,518.67,641.79,1580.23,1401.46,14.62,21.61,554.09,2388.02,9057.11,1.3,47.24,522.3,2388.02,8137.4,8.3963,0.03,391,2388,100.0,39.08,23.3959,223
83,71,0.0006,0.0003,100.0,518.67,642.33,1581.85,1396.95,14.62,21.61,554.82,2388.02,9053.58,1.3,47.13,522.33,2388.0,8139.77,8.4167,0.03,390,2388,100.0,39.02,23.3773,222
83,72,-0.0017,0.0001,100.0,518.67,641.86,1589.41,1399.05,14.62,21.61,554.46,2388.01,9048.72,1.3,47.23,522.36,2387.98,8139.07,8.3793,0.03,392,2388,100.0,38.88,23.3688,221
83,73,0.0019,-0.0002,100.0,518.67,642.32,1573.82,1396.44,14.62,21.61,554.18,2388.0,9062.38,1.3,47.14,522.55,2388.05,8136.05,8.3865,0.03,392,2388,100.0,39.04,23.4521,220
83,74,-0.0008,0.0001,100.0,518.67,642.29,1581.43,1394.97,14.62,21.61,554.28,2388.02,9055.04,1.3,47.13,522.49,2388.0,8139.99,8.3915,0.03,392,2388,100.0,39.15,23.3728,219
83,75,0.0012,0.0001,100.0,518.67,641.97,1580.89,1405.61,14.62,21.61,554.39,2388.01,9065.72,1.3,47.25,522.64,2388.07,8140.01,8.4434,0.03,393,2388,100.0,38.93,23.4276,218
83,76,-0.0001,0.0002,100.0,518.67,641.82,1579.26,1405.68,14.62,21.61,554.82,2388.04,9055.91,1.3,47.19,522.2,2388.0,8142.69,8.412,0.03,391,2388,100.0,38.86,23.4263,217
83,77,-0.0019,0.0002,100.0,518.67,641.83,1583.73,1401.13,14.62,21.61,554.81,2388.01,9053.4,1.3,47.09,522.24,2388.06,8143.09,8.3813,0.03,391,2388,100.0,39.12,23.3556,216
83,78,-0.0012,0.0004,100.0,518.67,641.99,1581.62,1398.8,14.62,21.61,554.72,2387.98,9050.51,1.3,47.21,522.4,2388.01,8137.39,8.3901,0.03,391,2388,100.0,38.98,23.4213,215
83,79,0.0017,-0.0,100.0,518.67,642.23,1583.46,1398.63,14.62,21.61,554.85,2388.01,9056.29,1.3,47.02,523.35,2388.03,8137.22,8.4212,0.03,392,2388,100.0,39.0,23.4195,214
83,80,-0.0005,0.0004,100.0,518.67,642.2,1586.95,1399.96,14.62,21.61,554.64,2387.96,9048.07,1.3,47.18,522.68,2388.03,8142.33,8.4271,0.03,392,2388,100.0,39.11,23.4543,213
83,81,0.0002,-0.0,100.0,518.67,642.45,1580.7,1394.18,14.62,21.61,554.24,2387.99,9049.22,1.3,47.23,522.44,2387.98,8146.72,8.3979,0.03,392,2388,100.0,39.05,23.5169,212
83,82,0.0017,0.0003,100.0,518.67,642.2,1583.65,1397.34,14.62,21.61,555.22,2388.03,9060.7,1.3,47.19,522.22,2388.02,8134.2,8.4391,0.03,392,2388,100.0,39.19,23.3999,211
83,83,0.0021,0.0003,100.0,518.67,641.8,1580.98,1403.28,14.62,21.61,554.66,2388.07,9058.58,1.3,47.22,522.55,2388.05,8137.83,8.4029,0.03,391,2388,100.0,39.01,23.4903,210
83,84,-0.0052,-0.0004,100.0,518.67,642.63,1580.92,1398.66,14.62,21.61,553.91,2387.95,9059.87,1.3,47.07,522.42,2388.03,8140.42,8.4331,0.03,390,2388,100.0,38.84,23.3871,209
83,85,-0.005,-0.0002,100.0,518.67,642.21,1580.18,1393.68,14.62,21.61,554.94,2388.02,9060.01,1.3,47.23,523.14,2388.04,8143.72,8.4168,0.03,392,2388,100.0,38.92,23.404,208
83,86,-0.0087,-0.0001,100.0,518.67,642.5,1581.47,1398.62,14.62,21.61,553.98,2388.08,9058.43,1.3,47.29,522.58,2388.04,8141.51,8.4162,0.03,391,2388,100.0,39.13,23.4474,207
83,87,0.0023,0.0004,100.0,518.67,642.24,1584.41,1395.95,14.62,21.61,555.2,2388.03,9058.8,1.3,47.08,522.48,2388.05,8145.74,8.4106,0.03,393,2388,100.0,39.0,23.4547,206
83,88,-0.0011,-0.0001,100.0,518.67,641.48,1589.91,1397.3,14.62,21.61,554.94,2387.98,9058.09,1.3,47.17,522.45,2387.99,8142.06,8.4053,0.03,393,2388,100.0,39.2,23.3896,205
83,89,0.0026,0.0,100.0,518.67,642.4,1584.59,1391.17,14.62,21.61,554.65,2388.02,9059.4,1.3,46.99,522.5,2387.95,8142.46,8.4247,0.03,391,2388,100.0,38.96,23.3683,204
83,90,-0.0001,-0.0002,100.0,518.67,641.81,1587.4,1389.61,14.62,21.6,554.02,2388.02,9061.59,1.3,47.17,521.98,2388.04,8142.3,8.4267,0.03,391,2388,100.0,39.04,23.404,203
83,91,-0.0013,0.0002,100.0,518.67,641.96,1576.72,1402.93,14.62,21.6,553.73,2388.04,9058.51,1.3,47.1,522.24,2388.0,8139.8,8.4156,0.03,392,2388,100.0,39.11,23.4551,202
83,92,-0.0019,0.0003,100.0,518.67,642.1,1588.12,1404.8,14.62,21.61,554.39,2388.0,9055.51,1.3,47.14,522.14,2388.07,8138.23,8.3919,0.03,391,2388,100.0,38.95,23.4562,201
83,93,-0.0055,0.0003,100.0,518.67,642.19,1581.37,1396.29,14.62,21.61,554.49,2387.99,9052.16,1.3,47.05,522.58,2388.04,8141.13,8.4094,0.03,390,2388,100.0,38.95,23.3471,200
83,94,-0.0031,-0.0001,100.0,518.67,642.23,1588.32,1393.16,14.62,21.6,554.22,2388.04,9048.25,1.3,47.29,522.19,2388.03,8145.06,8.4011,0.03,392,2388,100.0,38.96,23.4008,199
83,95,0.0049,0.0004,100.0,518.67,642.66,1582.4,1395.74,14.62,21.61,554.64,2387.99,9055.51,1.3,47.18,521.97,2388.05,8140.98,8.3707,0.03,390,2388,100.0,39.03,23.3353,198
83,96,-0.0026,-0.0003,100.0,518.67,642.09,1580.45,1394.44,14.62,21.61,554.26,2387.97,9061.83,1.3,47.24,522.14,2387.96,8142.41,8.3875,0.03,393,2388,100.0,38.98,23.4204,197
83,97,-0.0009,0.0003,100.0,518.67,642.55,1584.9,1393.5,14.62,21.6,554.5,2388.03,9058.39,1.3,47.17,522.43,2388.01,8136.57,8.4124,0.03,393,2388,100.0,38.82,23.4637,196
83,98,0.0006,-0.0004,100.0,518.67,642.38,1587.34,1396.74,14.62,21.61,554.19,2387.97,9050.81,1.3,47.27,522.42,2388.01,8138.53,8.3954,0.03,391,2388,100.0,38.92,23.4531,195
83,99,0.0011,-0.0002,100.0,518.67,641.89,1579.71,1390.67,14.62,21.61,554.24,2387.99,9058.4,1.3,47.21,523.25,2387.99,8145.53,8.4141,0.03,391,2388,100.0,39.01,23.4622,194
83,100,-0.0013,-0.0004,100.0,518.67,641.71,1587.59,1397.27,14.62,21.61,555.47,2387.99,9059.12,1.3,47.16,522.23,2387.98,8142.66,8.3892,0.03,391,2388,100.0,38.83,23.4803,193
83,101,-0.0007,-0.0001,100.0,518.67,642.17,1576.74,1396.61,14.62,21.61,554.53,2388.02,9058.74,1.3,47.13,522.34,2387.98,8147.0,8.3603,0.03,390,2388,100.0,38.95,23.3287,192
83,102,-0.0002,0.0004,100.0,518.67,642.27,1578.39,1402.63,14.62,21.61,553.86,2388.02,9063.44,1.3,47.33,522.36,2388.03,8138.3,8.4233,0.03,393,2388,100.0,38.97,23.5096,191
83,103,-0.0001,0.0003,100.0,518.67,642.09,1588.43,1399.05,14.62,21.61,554.0,2388.01,9048.16,1.3,47.23,522.26,2387.99,8137.33,8.4641,0.03,392,2388,100.0,39.01,23.4173,190
83,104,0.0027,-0.0003,100.0,518.67,641.69,1582.17,1396.24,14.62,21.61,554.05,2388.01,9048.77,1.3,47.27,522.01,2388.02,8137.93,8.4052,0.03,391,2388,100.0,39.14,23.4204,189
83,105,0.0008,0.0004,100.0,518.67,641.71,1586.15,1396.08,14.62,21.61,554.65,2388.04,9058.9,1.3,47.24,522.24,2388.04,8140.41,8.3937,0.03,393,2388,100.0,38.87,23.5206,188
83,106,-0.0015,-0.0003,100.0,518.67,642.21,1580.32,1399.22,14.62,21.61,555.27,2388.03,9055.07,1.3,47.21,522.62,2388.02,8137.88,8.3904,0.03,391,2388,100.0,39.04,23.5429,187
83,107,-0.0012,-0.0004,100.0,518.67,642.23,1584.57,1397.36,14.62,21.61,554.64,2387.99,9053.56,1.3,47.14,522.31,2388.01,8141.49,8.3913,0.03,393,2388,100.0,39.13,23.3586,186
83,108,-0.001,0.0005,100.0,518.67,642.46,1586.17,1395.52,14.62,21.61,554.29,2388.01,9064.02,1.3,47.28,522.11,2388.07,8136.93,8.3885,0.03,392,2388,100.0,38.98,23.4238,185
83,109,0.0017,0.0005,100.0,518.67,642.21,1579.08,1405.52,14.62,21.61,554.0,2388.02,9054.33,1.3,47.17,522.36,2388.03,8143.15,8.4078,0.03,392,2388,100.0,39.11,23.3178,184
83,110,0.002,0.0001,100.0,518.67,642.03,1584.97,1398.8,14.62,21.61,554.33,2388.05,9054.02,1.3,47.16,522.27,2388.04,8141.76,8.4099,0.03,391,2388,100.0,38.82,23.4753,183
83,111,-0.0007,0.0004,100.0,518.67,642.68,1585.88,1398.33,14.62,21.61,554.89,2387.99,9058.74,1.3,47.22,521.9,2388.02,8137.37,8.4225,0.03,391,2388,100.0,38.96,23.4291,182
83,112,-0.0016,0.0004,100.0,518.67,642.1,1586.79,1397.48,14.62,21.61,553.59,2388.0,9051.8,1.3,47.29,522.71,2388.02,8141.08,8.3792,0.03,391,2388,100.0,39.01,23.4162,181
83,113,0.0021,0.0004,100.0,518.67,642.23,1590.73,1400.2,14.62,21.61,553.91,2388.07,9061.09,1.3,47.3,522.55,2388.09,8142.74,8.3896,0.03,392,2388,100.0,39.11,23.3666,180
83,114,0.0003,0.0005,100.0,518.67,642.53,1583.99,1404.63,14.62,21.61,554.07,2388.04,9058.62,1.3,47.23,522.23,2388.02,8136.92,8.404,0.03,392,2388,100.0,39.12,23.4761,179
83,115,0.0016,-0.0005,100.0,518.67,642.02,1586.69,1391.32,14.62,21.61,555.03,2388.01,9052.95,1.3,47.25,522.14,2388.01,8140.74,8.41,0.03,391,2388,100.0,38.92,23.4171,178
83,116,-0.0038,0.0001,100.0,518.67,642.09,1582.97,1402.48,14.62,21.61,554.5,2388.07,9049.61,1.3,47.29,522.7,2388.09,8143.4,8.408,0.03,391,2388,100.0,39.11,23.4981,177
83,117,-0.0004,-0.0001,100.0,518.67,641.93,1582.2,1400.07,14.62,21.61,555.3,2387.97,9055.58,1.3,47.22,521.54,2388.06,8138.86,8.3721,0.03,392,2388,100.0,38.82,23.4648,176
83,118,-0.0004,-0.0001,100.0,518.67,642.44,1588.37,1400.4,14.62,21.61,553.84,2388.05,9056.83,1.3,47.28,522.3,2388.02,8133.74,8.4214,0.03,392,2388,100.0,38.73,23.4083,175
83,119,0.0037,-0.0,100.0,518.67,642.6,1587.46,1404.58,14.62,21.61,554.24,2388.02,9057.79,1.3,47.17,522.19,2387.99,8140.18,8.3813,0.03,390,2388,100.0,38.84,23.4095,174
83,120,0.0026,-0.0005,100.0,518.67,642.53,1582.61,1398.25,14.62,21.6,554.34,2388.02,9059.52,1.3,47.03,522.05,2388.0,8141.0,8.4062,0.03,391,2388,100.0,39.0,23.3931,173
83,121,0.0007,0.0002,100.0,518.67,641.92,1581.7,1398.31,14.62,21.61,554.13,2388.04,9052.34,1.3,47.19,521.81,2387.99,8132.13,8.4206,0.03,392,2388,100.0,38.91,23.5486,172
83,122,-0.0005,0.0001,100.0,518.67,642.21,1586.89,1402.74,14.62,21.61,554.28,2388.0,9058.05,1.3,47.18,522.12,2388.08,8138.59,8.3661,0.03,392,2388,100.0,39.17,23.3629,171
83,123,-0.0018,0.0002,100.0,518.67,642.31,1580.94,1404.1,14.62,21.61,554.77,2388.04,9057.58,1.3,47.26,522.15,2387.98,8138.68,8.4106,0.03,392,2388,100.0,38.83,23.4446,170
83,124,0.0037,-0.0002,100.0,518.67,642.62,1585.86,1408.17,14.62,21.61,554.55,2388.0,9055.36,1.3,47.38,522.63,2388.02,8137.69,8.4078,0.03,391,2388,100.0,38.89,23.3104,169
83,125,0.0017,-0.0003,100.0,518.67,641.7,1583.17,1400.51,14.62,21.61,554.99,2387.98,9060.36,1.3,47.3,522.67,2388.02,8141.99,8.3791,0.03,393,2388,100.0,38.98,23.37,168
83,126,-0.0001,0.0001,100.0,518.67,642.36,1586.63,1398.19,14.62,21.61,554.98,2388.05,9054.95,1.3,47.08,522.1,2388.08,8143.91,8.4049,0.03,390,2388,100.0,39.09,23.4135,167
83,127,0.0025,-0.0002,100.0,518.67,642.12,1583.01,1401.14,14.62,21.61,554.68,2387.96,9057.52,1.3,47.1,521.83,2387.98,8140.37,8.4024,0.03,390,2388,100.0,38.89,23.3758,166
83,128,-0.0034,0.0001,100.0,518.67,641.85,1576.1,1394.97,14.62,21.61,553.95,2388.03,9064.5,1.3,47.17,522.0,2388.05,8133.27,8.4235,0.03,393,2388,100.0,38.85,23.2669,165
83,129,-0.0031,0.0001,100.0,518.67,642.48,1581.43,1404.65,14.62,21.61,553.87,2388.02,9051.11,1.3,47.13,522.36,2388.04,8140.6,8.4088,0.03,390,2388,100.0,38.93,23.4364,164
83,130,-0.002,0.0001,100.0,518.67,641.72,1586.5,1395.41,14.62,21.61,553.84,2388.08,9055.54,1.3,47.25,522.83,2388.03,8142.34,8.3911,0.03,391,2388,100.0,39.01,23.4755,163
83,131,-0.0005,0.0004,100.0,518.67,642.08,1582.35,1395.93,14.62,21.61,554.66,2387.95,9055.73,1.3,47.25,521.74,2388.0,8146.11,8.4099,0.03,391,2388,100.0,38.97,23.4223,162
83,132,-0.0002,-0.0001,100.0,518.67,642.25,1587.74,1394.63,14.62,21.61,553.49,2388.01,9060.94,1.3,47.24,521.79,2388.03,8138.89,8.4048,0.03,392,2388,100.0,39.01,23.3658,161
83,133,0.0026,0.0001,100.0,518.67,642.67,1584.84,1399.88,14.62,21.61,554.64,2388.02,9056.63,1.3,47.48,522.15,2388.04,8137.89,8.4061,0.03,392,2388,100.0,39.12,23.4267,160
83,134,-0.0001,0.0002,100.0,518.67,642.28,1585.75,1396.12,14.62,21.61,553.8,2388.04,9059.75,1.3,47.22,521.97,2388.02,8147.09,8.3899,0.03,391,2388,100.0,39.16,23.4419,159
83,135,0.0008,0.0001,100.0,518.67,641.58,1587.71,1397.86,14.62,21.61,553.96,2388.06,9054.08,1.3,47.51,521.67,2387.92,8141.2,8.3977,0.03,391,2388,100.0,39.11,23.383,158
83,136,-0.0001,-0.0003,100.0,518.67,642.37,1588.45,1401.46,14.62,21.61,554.7,2388.02,9063.7,1.3,47.23,522.39,2387.97,8139.97,8.3878,0.03,391,2388,100.0,38.84,23.2998,157
83,137,0.0017,0.0003,100.0,518.67,641.67,1586.44,1400.9,14.62,21.61,554.4,2388.0,9055.84,1.3,47.1,522.11,2388.04,8136.89,8.384,0.03,391,2388,100.0,38.96,23.3519,156
83,138,-0.0005,0.0003,100.0,518.67,642.49,1588.15,1393.44,14.62,21.61,554.01,2388.03,9060.46,1.3,47.33,522.45,2388.05,8144.94,8.3748,0.03,392,2388,100.0,39.01,23.4427,155
83,139,0.0022,-0.0001,100.0,518.67,642.32,1591.07,1397.3,14.62,21.6,553.74,2388.03,9056.39,1.3,47.21,522.18,2388.03,8141.71,8.4127,0.03,392,2388,100.0,38.97,23.4659,154
83,140,0.0047,0.0003,100.0,518.67,642.33,1585.08,1396.53,14.62,21.61,554.51,2388.0,9063.34,1.3,47.14,522.5,2388.03,8140.14,8.4237,0.03,391,2388,100.0,39.04,23.3336,153
83,141,-0.0012,0.0,100.0,518.67,641.83,1589.92,1404.78,14.62,21.61,554.09,2388.02,9060.58,1.3,47.14,522.09,2388.01,8140.48,8.4253,0.03,391,2388,100.0,39.11,23.3515,152
83,142,-0.0053,-0.0002,100.0,518.67,642.17,1587.12,1399.54,14.62,21.61,554.21,2388.04,9053.81,1.3,47.26,521.86,2388.02,8140.28,8.3864,0.03,392,2388,100.0,39.1,23.3653,151
83,143,0.0029,-0.0002,100.0,518.67,642.17,1579.29,1398.92,14.62,21.61,553.93,2388.02,9057.73,1.3,47.33,522.33,2388.01,8137.22,8.3954,0.03,391,2388,100.0,38.87,23.357,150
83,144,-0.0037,0.0003,100.0,518.67,642.44,1589.49,1400.72,14.62,21.6,554.98,2388.06,9055.44,1.3,47.42,522.22,2388.04,8138.3,8.4312,0.03,393,2388,100.0,39.02,23.3301,149
83,145,0.0018,-0.0004,100.0,518.67,642.14,1588.77,1398.53,14.62,21.61,553.88,2388.03,9058.95,1.3,47.19,522.27,2388.1,8133.71,8.4225,0.03,393,2388,100.0,39.01,23.4153,148
83,146,-0.0007,-0.0004,100.0,518.67,642.14,1587.43,1399.9,14.62,21.61,554.09,2388.08,9058.44,1.3,47.34,522.05,2388.02,8140.13,8.432,0.03,391,2388,100.0,39.0,23.32,147
83,147,0.0011,-0.0001,100.0,518.67,642.32,1582.52,1404.21,14.62,21.61,554.67,2388.06,9059.91,1.3,47.29,521.52,2388.08,8143.34,8.3978,0.03,393,2388,100.0,38.92,23.3756,146
83,148,0.0017,-0.0001,100.0,518.67,642.17,1592.12,1397.93,14.62,21.61,553.62,2388.02,9061.31,1.3,47.34,521.95,2388.06,8144.81,8.3942,0.03,393,2388,100.0,38.95,23.3464,145
83,149,-0.0007,-0.0003,100.0,518.67,642.55,1582.62,1402.31,14.62,21.61,553.42,2388.05,9063.8,1.3,47.43,522.01,2388.05,8135.96,8.3751,0.03,394,2388,100.0,38.9,23.3295,144
83,150,0.002,-0.0004,100.0,518.67,642.23,1585.43,1399.39,14.62,21.61,554.33,2388.08,9053.04,1.3,47.28,522.39,2388.02,8142.67,8.4442,0.03,392,2388,100.0,39.14,23.3602,143
83,151,-0.0004,-0.0003,100.0,518.67,642.2,1587.7,1400.11,14.62,21.61,554.14,2387.97,9063.12,1.3,47.3,522.34,2388.02,8139.45,8.4319,0.03,391,2388,100.0,39.07,23.384,142
83,152,0.0013,-0.0,100.0,518.67,641.88,1579.59,1405.14,14.62,21.61,553.92,2388.07,9058.28,1.3,47.41,522.7,2388.01,8138.51,8.4233,0.03,393,2388,100.0,39.14,23.4057,141
83,153,0.0003,0.0003,100.0,518.67,642.08,1582.91,1393.63,14.62,21.61,554.34,2388.02,9057.38,1.3,47.28,522.27,2388.03,8138.03,8.4129,0.03,391,2388,100.0,39.02,23.3652,140
83,154,-0.0011,0.0005,100.0,518.67,642.51,1588.42,1397.16,14.62,21.61,553.69,2388.03,9055.72,1.3,47.23,522.19,2387.96,8140.21,8.4033,0.03,390,2388,100.0,39.09,23.3369,139
83,155,0.0,0.0,100.0,518.67,641.87,1583.8,1402.65,14.62,21.61,554.38,2388.05,9052.21,1.3,47.38,521.62,2388.06,8136.75,8.4164,0.03,390,2388,100.0,38.95,23.4119,138
83,156,0.0004,-0.0002,100.0,518.67,642.34,1586.62,1401.82,14.62,21.61,554.13,2388.06,9054.55,1.3,47.22,522.24,2388.03,8128.29,8.4081,0.03,392,2388,100.0,39.08,23.4485,137
83,157,0.0018,0.0,100.0,518.67,642.36,1593.83,1399.63,14.62,21.61,554.55,2388.01,9050.53,1.3,47.22,522.18,2388.03,8138.33,8.3973,0.03,393,2388,100.0,39.01,23.3671,136
83,158,0.0001,-0.0,100.0,518.67,642.37,1588.28,1407.92,14.62,21.61,553.55,2388.07,9052.49,1.3,47.41,521.77,2388.03,8142.69,8.4057,0.03,392,2388,100.0,39.11,23.2086,135
83,159,-0.0037,-0.0003,100.0,518.67,642.08,1585.52,1393.44,14.62,21.61,554.32,2388.05,9057.26,1.3,47.25,522.43,2388.05,8141.55,8.4002,0.03,392,2388,100.0,38.83,23.4265,134
83,160,0.0005,0.0003,100.0,518.67,642.84,1587.29,1401.22,14.62,21.61,554.4,2388.05,9057.21,1.3,47.34,522.15,2388.06,8135.29,8.3912,0.03,392,2388,100.0,38.96,23.2955,133
83,161,-0.0023,-0.0005,100.0,518.67,642.18,1596.85,1394.53,14.62,21.61,555.19,2388.01,9055.65,1.3,47.48,521.81,2388.08,8137.39,8.3994,0.03,393,2388,100.0,38.98,23.4172,132
83,162,-0.0017,0.0,100.0,518.67,642.28,1586.51,1396.04,14.62,21.61,553.65,2388.1,9060.06,1.3,47.3,521.58,2388.05,8142.18,8.4358,0.03,393,2388,100.0,38.75,23.3107,131
83,163,0.0013,-0.0004,100.0,518.67,642.12,1585.27,1402.86,14.62,21.61,554.86,2388.02,9056.04,1.3,47.31,522.54,2388.08,8134.47,8.4061,0.03,394,2388,100.0,38.91,23.453,130
83,164,-0.0008,0.0001,100.0,518.67,642.16,1585.9,1399.76,14.62,21.61,554.19,2388.05,9059.26,1.3,47.38,521.66,2388.07,8142.45,8.3857,0.03,391,2388,100.0,39.07,23.2942,129
83,165,-0.0021,-0.0003,100.0,518.67,641.74,1584.24,1406.18,14.62,21.61,554.24,2388.05,9052.13,1.3,47.43,522.57,2388.09,8139.48,8.4103,0.03,392,2388,100.0,39.01,23.4649,128
83,166,-0.0032,0.0,100.0,518.67,642.32,1586.76,1400.81,14.62,21.61,554.23,2388.06,9058.23,1.3,47.28,521.24,2388.04,8136.49,8.4373,0.03,392,2388,100.0,38.83,23.3894,127
83,167,0.001,0.0003,100.0,518.67,642.26,1591.35,1406.62,14.62,21.61,554.29,2388.09,9063.69,1.3,47.34,522.29,2388.0,8134.59,8.4231,0.03,391,2388,100.0,38.96,23.2121,126
83,168,0.0002,0.0003,100.0,518.67,642.48,1592.89,1400.81,14.62,21.61,554.76,2388.04,9063.22,1.3,47.17,521.91,2388.0,8144.58,8.3709,0.03,393,2388,100.0,38.94,23.3862,125
83,169,-0.0001,0.0,100.0,518.67,642.18,1588.6,1401.53,14.62,21.61,554.2,2388.0,9056.6,1.3,47.47,522.13,2388.05,8137.21,8.4517,0.03,392,2388,100.0,39.09,23.4442,124
83,170,-0.004,-0.0,100.0,518.67,642.57,1583.2,1404.53,14.62,21.6,554.13,2388.03,9059.84,1.3,47.28,521.83,2388.05,8141.94,8.4207,0.03,392,2388,100.0,39.02,23.2639,123
83,171,-0.0009,-0.0001,100.0,518.67,642.09,1581.87,1403.84,14.62,21.61,554.0,2388.04,9061.89,1.3,47.45,521.84,2388.01,8139.99,8.4072,0.03,392,2388,100.0,38.86,23.2952,122
83,172,-0.0023,0.0002,100.0,518.67,642.53,1587.38,1399.88,14.62,21.61,554.01,2388.05,9057.41,1.3,47.2,521.73,2388.03,8134.86,8.4215,0.03,392,2388,100.0,38.79,23.3982,121
83,173,0.0001,0.0004,100.0,518.67,642.62,1584.28,1401.09,14.62,21.61,554.16,2388.03,9058.43,1.3,47.17,521.46,2388.04,8145.38,8.4505,0.03,391,2388,100.0,39.04,23.5393,120
83,174,-0.0021,-0.0001,100.0,518.67,642.69,1585.92,1409.61,14.62,21.61,553.75,2388.08,9062.91,1.3,47.53,522.07,2388.05,8141.02,8.4559,0.03,391,2388,100.0,38.95,23.2932,119
83,175,0.0007,0.0,100.0,518.67,642.51,1584.15,1396.11,14.62,21.61,554.02,2388.04,9058.96,1.3,47.37,522.32,2388.1,8133.6,8.4458,0.03,393,2388,100.0,38.96,23.3541,118
83,176,-0.0012,0.0001,100.0,518.67,641.84,1581.93,1400.65,14.62,21.61,554.24,2388.06,9056.6,1.3,47.57,522.06,2388.06,8138.2,8.4666,0.03,391,2388,100.0,38.98,23.4154,117
83,177,0.0017,0.0003,100.0,518.67,642.06,1586.22,1401.65,14.62,21.61,554.41,2388.05,9056.09,1.3,47.45,521.76,2388.06,8138.25,8.4143,0.03,392,2388,100.0,38.95,23.3012,116
83,178,0.0021,-0.0003,100.0,518.67,642.64,1588.6,1402.85,14.62,21.61,554.3,2388.02,9062.13,1.3,47.33,522.05,2388.03,8135.32,8.3804,0.03,392,2388,100.0,38.92,23.3809,115
83,179,0.001,-0.0005,100.0,518.67,642.75,1591.18,1399.71,14.62,21.61,553.83,2388.04,9052.75,1.3,47.51,521.63,2388.08,8135.63,8.418,0.03,392,2388,100.0,39.08,23.2689,114
83,180,0.0013,0.0004,100.0,518.67,641.94,1583.01,1402.36,14.62,21.61,553.77,2388.07,9054.55,1.3,47.21,522.28,2388.06,8137.9,8.4506,0.03,392,2388,100.0,39.15,23.3336,113
83,181,-0.0012,0.0002,100.0,518.67,642.18,1593.26,1397.23,14.62,21.61,554.36,2388.04,9054.56,1.3,47.37,521.92,2388.04,8137.36,8.4061,0.03,393,2388,100.0,38.94,23.5484,112
83,182,-0.0024,0.0001,100.0,518.67,642.9,1587.88,1401.22,14.62,21.61,554.35,2388.07,9057.41,1.3,47.38,521.93,2388.09,8133.6,8.3919,0.03,392,2388,100.0,39.14,23.3631,111
83,183,0.0023,-0.0001,100.0,518.67,642.46,1589.73,1397.59,14.62,21.61,553.57,2388.09,9057.17,1.3,47.36,521.5,2388.04,8137.14,8.4144,0.03,392,2388,100.0,38.8,23.2816,110
83,184,0.0002,0.0004,100.0,518.67,642.47,1581.48,1403.17,14.62,21.61,554.34,2388.13,9063.52,1.3,47.68,521.88,2388.03,8141.46,8.4259,0.03,392,2388,100.0,38.89,23.3509,109
83,185,-0.0007,-0.0003,100.0,518.67,642.21,1589.91,1404.65,14.62,21.61,553.2,2388.07,9052.52,1.3,47.3,521.63,2388.06,8138.27,8.4133,0.03,392,2388,100.0,38.9,23.3119,108
83,186,-0.0015,0.0004,100.0,518.67,642.37,1585.07,1414.46,14.62,21.61,553.26,2388.12,9060.53,1.3,47.38,521.36,2388.12,8134.47,8.4447,0.03,393,2388,100.0,38.97,23.4297,107
83,187,-0.0008,0.0003,100.0,518.67,642.63,1585.03,1395.38,14.62,21.61,554.51,2388.08,9060.26,1.3,47.39,521.86,2388.12,8139.64,8.4159,0.03,393,2388,100.0,38.91,23.2645,106
83,188,-0.0019,-0.0003,100.0,518.67,642.68,1589.69,1404.48,14.62,21.61,553.64,2388.08,9053.07,1.3,47.31,521.71,2388.05,8135.14,8.4362,0.03,394,2388,100.0,39.0,23.3991,105
83,189,-0.0011,-0.0004,100.0,518.67,643.0,1587.32,1404.37,14.62,21.61,554.27,2388.0,9055.24,1.3,47.36,521.46,2388.06,8134.47,8.3952,0.03,394,2388,100.0,39.01,23.4237,104
83,190,0.0001,-0.0004,100.0,518.67,642.98,1588.54,1402.27,14.62,21.61,553.39,2388.05,9057.37,1.3,47.25,521.85,2388.07,8131.57,8.4009,0.03,392,2388,100.0,38.84,23.3735,103
83,191,0.001,0.0,100.0,518.67,642.27,1585.63,1404.81,14.62,21.61,553.96,2388.1,9060.12,1.3,47.55,522.31,2388.14,8135.5,8.4339,0.03,393,2388,100.0,38.77,23.3419,102
83,192,-0.0024,0.0004,100.0,518.67,642.62,1584.59,1406.57,14.62,21.61,554.1,2388.09,9059.76,1.3,47.35,521.89,2388.11,8141.58,8.4117,0.03,391,2388,100.0,39.12,23.244,101
83,193,-0.0005,0.0004,100.0,518.67,641.56,1589.05,1411.78,14.62,21.61,553.7,2388.13,9052.34,1.3,47.37,521.66,2388.1,8138.72,8.43,0.03,392,2388,100.0,38.91,23.1804,100
83,194,-0.0006,0.0004,100.0,518.67,642.11,1591.21,1408.04,14.62,21.61,553.91,2388.09,9052.97,1.3,47.54,521.4,2388.04,8140.96,8.423,0.03,393,2388,100.0,38.89,23.3544,99
83,195,-0.0043,-0.0004,100.0,518.67,642.29,1591.45,1400.58,14.62,21.61,553.38,2388.02,9059.37,1.3,47.45,521.89,2388.03,8138.94,8.4289,0.03,392,2388,100.0,38.85,23.3454,98
83,196,0.0005,-0.0001,100.0,518.67,642.76,1585.62,1404.78,14.62,21.61,553.77,2388.14,9062.04,1.3,47.62,521.97,2388.05,8134.93,8.4369,0.03,391,2388,100.0,38.95,23.2698,97
83,197,-0.0029,-0.0002,100.0,518.67,642.18,1583.13,1411.3,14.62,21.61,554.06,2388.01,9054.89,1.3,47.44,522.0,2388.05,8137.18,8.4185,0.03,391,2388,100.0,38.95,23.3195,96
83,198,0.0001,0.0002,100.0,518.67,642.57,1585.51,1403.25,14.62,21.61,553.13,2388.1,9050.17,1.3,47.36,521.62,2388.07,8133.29,8.429,0.03,392,2388,100.0,38.82,23.3514,95
83,199,-0.003,-0.0005,100.0,518.67,643.01,1593.48,1399.9,14.62,21.61,552.91,2388.1,9054.52,1.3,47.52,521.75,2388.11,8145.6,8.4228,0.03,393,2388,100.0,38.63,23.352,94
83,200,-0.0007,-0.0002,100.0,518.67,642.67,1588.83,1394.23,14.62,21.61,553.23,2388.1,9059.73,1.3,47.24,521.35,2388.05,8137.05,8.4739,0.03,392,2388,100.0,38.91,23.2696,93
83,201,-0.0013,-0.0001,100.0,518.67,641.8,1591.23,1401.44,14.62,21.61,552.89,2388.09,9050.47,1.3,47.46,521.88,2388.13,8133.94,8.4547,0.03,392,2388,100.0,38.93,23.3005,92
83,202,-0.0018,0.0003,100.0,518.67,642.21,1586.61,1406.43,14.62,21.61,554.52,2388.08,9052.5,1.3,47.42,521.59,2388.07,8139.2,8.441,0.03,394,2388,100.0,38.86,23.4098,91
83,203,-0.0006,-0.0002,100.0,518.67,642.42,1587.92,1405.88,14.62,21.61,553.84,2388.12,9062.61,1.3,47.4,521.26,2388.13,8131.49,8.4444,0.03,394,2388,100.0,38.69,23.3668,90
83,204,0.0007,-0.0002,100.0,518.67,642.87,1592.1,1402.67,14.62,21.61,553.58,2388.07,9053.84,1.3,47.37,521.73,2388.04,8138.06,8.3991,0.03,393,2388,100.0,38.91,23.2596,89
83,205,-0.0013,-0.0001,100.0,518.67,643.2,1585.91,1412.27,14.62,21.61,553.93,2388.04,9056.68,1.3,47.44,522.26,2388.07,8131.65,8.4049,0.03,393,2388,100.0,38.86,23.3114,88
83,206,-0.0021,0.0002,100.0,518.67,642.67,1585.84,1410.01,14.62,21.61,553.95,2388.08,9065.7,1.3,47.42,521.77,2388.07,8137.31,8.437,0.03,393,2388,100.0,38.82,23.3601,87
83,207,-0.0023,-0.0003,100.0,518.67,642.2,1586.25,1404.23,14.62,21.61,553.78,2388.14,9059.46,1.3,47.71,521.76,2388.04,8137.34,8.4106,0.03,394,2388,100.0,38.83,23.3207,86
83,208,-0.0026,0.0003,100.0,518.67,642.3,1591.92,1404.74,14.62,21.61,553.95,2388.02,9059.43,1.3,47.51,521.54,2388.07,8137.89,8.4031,0.03,390,2388,100.0,38.65,23.286,85
83,209,-0.002,-0.0004,100.0,518.67,642.64,1588.53,1400.49,14.62,21.61,553.27,2388.04,9059.05,1.3,47.27,521.82,2388.07,8138.67,8.4196,0.03,392,2388,100.0,38.88,23.2857,84
83,210,0.004,0.0002,100.0,518.67,642.39,1590.61,1408.78,14.62,21.61,553.24,2388.08,9052.82,1.3,47.51,520.91,2388.07,8135.69,8.412,0.03,394,2388,100.0,38.92,23.3263,83
83,211,-0.0019,-0.0003,100.0,518.67,642.95,1583.75,1403.08,14.62,21.61,553.62,2388.15,9055.69,1.3,47.61,521.19,2388.08,8133.03,8.44,0.03,393,2388,100.0,38.89,23.3786,82
83,212,-0.0037,0.0003,100.0,518.67,642.54,1591.63,1409.87,14.62,21.61,553.19,2388.0,9054.33,1.3,47.42,520.85,2388.11,8138.32,8.4431,0.03,393,2388,100.0,38.82,23.3647,81
83,213,0.0028,-0.0,100.0,518.67,642.59,1588.6,1411.01,14.62,21.61,554.14,2388.09,9061.22,1.3,47.46,521.58,2388.09,8133.98,8.441,0.03,393,2388,100.0,38.92,23.2294,80
83,214,-0.0004,0.0004,100.0,518.67,642.79,1590.52,1406.04,14.62,21.61,553.27,2388.14,9055.0,1.3,47.57,521.52,2388.06,8136.41,8.4271,0.03,393,2388,100.0,38.81,23.2246,79
83,215,-0.0,-0.0004,100.0,518.67,642.74,1584.64,1406.42,14.62,21.61,553.97,2388.11,9055.6,1.3,47.48,521.57,2388.08,8135.88,8.4343,0.03,391,2388,100.0,38.7,23.2765,78
83,216,-0.0023,0.0004,100.0,518.67,642.03,1589.73,1408.34,14.62,21.61,554.23,2388.09,9053.29,1.3,47.5,521.75,2388.06,8135.62,8.4268,0.03,394,2388,100.0,38.67,23.2581,77
83,217,0.0047,-0.0004,100.0,518.67,643.09,1588.57,1409.99,14.62,21.61,553.76,2388.09,9061.54,1.3,47.47,521.68,2388.07,8135.03,8.4316,0.03,393,2388,100.0,38.86,23.2716,76
83,218,-0.0041,0.0003,100.0,518.67,642.54,1590.61,1401.42,14.62,21.61,553.53,2388.09,9056.57,1.3,47.44,521.23,2388.11,8132.31,8.3944,0.03,394,2388,100.0,38.62,23.3011,75
83,219,-0.0005,-0.0001,100.0,518.67,642.01,1592.91,1406.77,14.62,21.61,553.15,2388.13,9052.51,1.3,47.46,521.36,2388.14,8136.88,8.4422,0.03,393,2388,100.0,38.96,23.3801,74
83,220,-0.0031,0.0003,100.0,518.67,643.23,1598.3,1406.62,14.62,21.61,553.25,2388.11,9057.51,1.3,47.3,521.36,2388.11,8139.84,8.4032,0.03,393,2388,100.0,39.02,23.3533,73
83,221,0.0029,-0.0004,100.0,518.67,642.98,1582.28,1404.24,14.62,21.61,553.49,2388.09,9050.41,1.3,47.4,521.11,2388.12,8134.03,8.4216,0.03,395,2388,100.0,38.99,23.3225,72
83,222,0.0034,-0.0001,100.0,518.67,642.9,1585.79,1415.39,14.62,21.61,553.19,2388.06,9058.38,1.3,47.61,521.21,2388.11,8137.41,8.4115,0.03,393,2388,100.0,38.93,23.3222,71
83,223,-0.0008,-0.0004,100.0,518.67,642.62,1590.3,1401.59,14.62,21.61,553.81,2388.05,9051.24,1.3,47.71,521.51,2388.15,8137.88,8.4097,0.03,394,2388,100.0,38.89,23.3275,70
83,224,0.003,0.0002,100.0,518.67,642.96,1590.82,1413.13,14.62,21.61,553.21,2388.08,9056.09,1.3,47.49,521.55,2388.13,8134.45,8.3961,0.03,393,2388,100.0,38.8,23.2683,69
83,225,-0.0005,-0.0,100.0,518.67,642.69,1593.81,1410.19,14.62,21.61,553.61,2388.07,9055.0,1.3,47.56,521.39,2388.06,8129.86,8.4185,0.03,394,2388,100.0,38.78,23.2881,68
83,226,0.0036,0.0001,100.0,518.67,642.58,1586.3,1414.49,14.62,21.61,553.64,2388.08,9057.86,1.3,47.51,522.24,2388.09,8127.96,8.4038,0.03,393,2388,100.0,38.83,23.3165,67
83,227,-0.0017,0.0004,100.0,518.67,643.1,1593.18,1411.67,14.62,21.61,553.18,2388.1,9057.69,1.3,47.53,521.41,2388.09,8134.24,8.4392,0.03,395,2388,100.0,38.73,23.1085,66
83,228,-0.003,0.0004,100.0,518.67,642.12,1585.73,1405.89,14.62,21.61,552.85,2388.14,9055.87,1.3,47.42,520.8,2388.12,8134.25,8.4483,0.03,394,2388,100.0,38.71,23.3342,65
83,229,-0.0014,-0.0002,100.0,518.67,642.05,1592.11,1407.48,14.62,21.61,553.79,2388.1,9056.1,1.3,47.48,521.57,2388.1,8135.81,8.4761,0.03,394,2388,100.0,38.79,23.2795,64
83,230,-0.0,0.0001,100.0,518.67,642.58,1593.14,1412.01,14.62,21.61,552.29,2388.1,9058.39,1.3,47.69,521.06,2388.16,8130.76,8.443,0.03,394,2388,100.0,38.84,23.2512,63
83,231,0.0015,-0.0005,100.0,518.67,642.69,1589.46,1404.09,14.62,21.61,553.19,2388.09,9046.78,1.3,47.52,521.26,2388.13,8138.74,8.4417,0.03,395,2388,100.0,38.74,23.2651,62
83,232,-0.0029,-0.0001,100.0,518.67,643.22,1590.79,1411.45,14.62,21.61,552.48,2388.19,9052.8,1.3,47.54,521.81,2388.15,8127.96,8.4122,0.03,392,2388,100.0,38.71,23.3113,61
83,233,-0.0,0.0004,100.0,518.67,642.55,1589.18,1408.6,14.62,21.61,552.99,2388.13,9054.44,1.3,47.68,522.08,2388.07,8130.78,8.4467,0.03,393,2388,100.0,38.72,23.3341,60
83,234,0.0019,0.0004,100.0,518.67,642.23,1587.07,1419.57,14.62,21.61,553.09,2388.13,9058.13,1.3,47.57,521.67,2388.09,8139.31,8.4415,0.03,393,2388,100.0,38.75,23.3323,59
83,235,-0.0012,-0.0003,100.0,518.67,642.67,1595.96,1410.14,14.62,21.61,553.07,2388.15,9057.31,1.3,47.43,521.0,2388.13,8131.62,8.4309,0.03,394,2388,100.0,38.9,23.2148,58
83,236,-0.0008,-0.0003,100.0,518.67,642.6,1595.75,1408.62,14.62,21.61,553.14,2388.13,9055.05,1.3,47.54,520.82,2388.1,8135.75,8.4136,0.03,393,2388,100.0,38.74,23.1595,57
83,237,0.0009,-0.0004,100.0,518.67,643.42,1594.41,1414.43,14.62,21.61,553.47,2388.12,9058.52,1.3,47.56,520.73,2388.14,8135.16,8.4526,0.03,394,2388,100.0,38.76,23.272,56
83,238,0.0028,-0.0001,100.0,518.67,642.44,1586.61,1418.82,14.62,21.61,552.8,2388.12,9054.2,1.3,47.71,521.2,2388.14,8137.08,8.482,0.03,393,2388,100.0,38.72,23.2623,55
83,239,0.0015,-0.0001,100.0,518.67,643.03,1594.39,1417.27,14.62,21.61,552.87,2388.11,9053.11,1.3,47.62,521.31,2388.15,8136.69,8.4479,0.03,393,2388,100.0,38.72,23.3108,54
83,240,-0.0036,0.0002,100.0,518.67,642.9,1587.37,1408.29,14.62,21.61,553.06,2388.14,9065.01,1.3,47.89,521.09,2388.13,8130.58,8.4447,0.03,393,2388,100.0,38.83,23.2498,53
83,241,0.0023,-0.0001,100.0,518.67,642.61,1595.86,1415.44,14.62,21.61,553.26,2388.17,9048.54,1.3,47.5,520.99,2388.15,8135.21,8.486,0.03,395,2388,100.0,38.7,23.2099,52
83,242,-0.0024,0.0001,100.0,518.67,643.0,1596.62,1412.65,14.62,21.61,552.74,2388.11,9056.89,1.3,47.78,520.88,2388.14,8128.33,8.4729,0.03,393,2388,100.0,38.8,23.168,51
83,243,-0.0029,-0.0004,100.0,518.67,642.62,1594.64,1405.53,14.62,21.61,552.99,2388.18,9052.98,1.3,47.67,521.01,2388.2,8131.35,8.4258,0.03,392,2388,100.0,38.84,23.2004,50
83,244,-0.0033,-0.0003,100.0,518.67,642.94,1594.32,1411.99,14.62,21.61,553.35,2388.16,9057.77,1.3,47.68,520.71,2388.11,8134.63,8.4542,0.03,393,2388,100.0,38.61,23.3032,49
83,245,0.0015,-0.0003,100.0,518.67,642.18,1590.14,1414.33,14.62,21.61,552.45,2388.14,9050.45,1.3,47.84,521.21,2388.14,8137.1,8.4425,0.03,394,2388,100.0,38.94,23.3041,48
83,246,0.0031,-0.0004,100.0,518.67,642.57,1584.43,1413.15,14.62,21.61,553.78,2388.18,9055.93,1.3,47.61,520.97,2388.17,8129.22,8.4893,0.03,394,2388,100.0,38.77,23.2752,47
83,247,0.0037,-0.0001,100.0,518.67,643.08,1591.8,1417.4,14.62,21.61,553.3,2388.15,9054.69,1.3,47.66,521.34,2388.15,8131.02,8.493,0.03,394,2388,100.0,38.88,23.2269,46
83,248,0.0019,0.0005,100.0,518.67,642.79,1589.41,1410.24,14.62,21.61,552.17,2388.15,9059.93,1.3,47.71,520.49,2388.14,8129.79,8.4509,0.03,394,2388,100.0,38.66,23.1956,45
83,249,-0.0004,0.0003,100.0,518.67,642.98,1599.1,1408.75,14.62,21.61,553.75,2388.15,9059.77,1.3,47.61,520.72,2388.15,8129.29,8.4474,0.03,395,2388,100.0,38.69,23.1802,44
83,250,-0.0012,-0.0001,100.0,518.67,642.74,1594.63,1416.66,14.62,21.61,552.64,2388.17,9056.17,1.3,47.67,520.21,2388.16,8131.62,8.4566,0.03,392,2388,100.0,38.61,23.2008,43
83,251,0.0014,-0.0001,100.0,518.67,643.24,1597.4,1415.47,14.62,21.61,552.61,2388.22,9057.5,1.3,47.57,521.13,2388.2,8135.91,8.4225,0.03,395,2388,100.0,38.76,23.2284,42
83,252,-0.0015,-0.0004,100.0,518.67,643.2,1600.91,1407.4,14.62,21.61,552.77,2388.2,9052.25,1.3,47.83,520.48,2388.16,8133.07,8.4589,0.03,395,2388,100.0,38.79,23.2259,41
83,253,0.0012,0.0002,100.0,518.67,643.08,1594.25,1425.03,14.62,21.61,552.53,2388.12,9056.79,1.3,47.77,521.2,2388.16,8130.55,8.4068,0.03,395,2388,100.0,38.6,23.2409,40
83,254,-0.0005,0.0003,100.0,518.67,642.27,1591.66,1418.53,14.62,21.61,552.87,2388.15,9057.14,1.3,47.72,520.88,2388.22,8130.62,8.4293,0.03,392,2388,100.0,38.52,23.1901,39
83,255,-0.0016,-0.0001,100.0,518.67,643.15,1600.46,1410.49,14.62,21.61,552.73,2388.15,9051.09,1.3,47.69,520.68,2388.17,8128.31,8.4475,0.03,392,2388,100.0,38.86,23.1718,38
83,256,0.0013,-0.0001,100.0,518.67,642.46,1590.27,1420.46,14.62,21.61,553.39,2388.21,9055.29,1.3,47.78,520.57,2388.18,8134.44,8.4585,0.03,394,2388,100.0,38.71,23.294,37
83,257,-0.0012,-0.0001,100.0,518.67,642.6,1591.53,1411.82,14.62,21.61,552.55,2388.18,9052.62,1.3,47.67,520.35,2388.19,8132.62,8.4687,0.03,394,2388,100.0,38.7,23.1427,36
83,258,-0.0024,-0.0003,100.0,518.67,642.85,1592.27,1402.39,14.62,21.61,552.86,2388.22,9051.85,1.3,47.85,520.95,2388.15,8123.81,8.4725,0.03,392,2388,100.0,38.91,23.1503,35
83,259,-0.002,-0.0003,100.0,518.67,643.08,1590.06,1411.73,14.62,21.61,552.82,2388.14,9044.84,1.3,47.71,520.48,2388.11,8134.44,8.493,0.03,395,2388,100.0,38.73,23.3026,34
83,260,0.0003,0.0005,100.0,518.67,643.06,1596.95,1415.92,14.62,21.61,552.21,2388.19,9048.23,1.3,47.9,520.47,2388.15,8129.11,8.4752,0.03,394,2388,100.0,38.51,23.227,33
83,261,0.0003,0.0004,100.0,518.67,643.28,1585.36,1417.11,14.62,21.61,552.31,2388.18,9046.49,1.3,47.82,520.66,2388.2,8122.67,8.4895,0.03,393,2388,100.0,38.57,23.2967,32
83,262,0.0033,0.0003,100.0,518.67,644.09,1599.63,1412.92,14.62,21.61,552.19,2388.23,9043.29,1.3,47.88,520.32,2388.17,8131.66,8.4756,0.03,394,2388,100.0,38.44,23.1894,31
83,263,-0.0015,0.0005,100.0,518.67,643.02,1605.83,1416.93,14.62,21.61,552.42,2388.2,9047.94,1.3,47.7,520.33,2388.24,8133.84,8.4821,0.03,394,2388,100.0,38.67,23.2962,30
83,264,-0.0029,-0.0005,100.0,518.67,643.43,1593.66,1411.3,14.62,21.61,552.68,2388.23,9047.32,1.3,47.82,520.81,2388.18,8126.27,8.4819,0.03,396,2388,100.0,38.55,23.1319,29
83,265,0.0011,-0.0003,100.0,518.67,643.45,1603.78,1419.9,14.62,21.61,553.03,2388.16,9059.37,1.3,47.7,520.02,2388.17,8131.7,8.4812,0.03,395,2388,100.0,38.63,23.1697,28
83,266,0.0031,0.0001,100.0,518.67,642.74,1597.97,1408.83,14.62,21.61,552.31,2388.16,9051.8,1.3,47.82,520.41,2388.15,8128.61,8.4912,0.03,394,2388,100.0,38.58,23.2141,27
83,267,0.0022,0.0003,100.0,518.67,642.88,1595.4,1422.7,14.62,21.61,552.12,2388.23,9048.54,1.3,47.84,519.66,2388.19,8122.62,8.4766,0.03,395,2388,100.0,38.51,23.2476,26
83,268,-0.0019,0.0003,100.0,518.67,643.24,1600.49,1419.17,14.62,21.61,552.12,2388.23,9058.95,1.3,47.91,520.44,2388.17,8126.02,8.5009,0.03,395,2388,100.0,38.67,23.1737,25
83,269,0.0037,0.0003,100.0,518.67,644.05,1595.74,1415.24,14.62,21.61,552.12,2388.2,9042.97,1.3,47.99,519.89,2388.23,8129.58,8.5034,0.03,394,2388,100.0,38.56,23.1288,24
83,270,-0.0014,0.0003,100.0,518.67,643.72,1593.27,1418.12,14.62,21.61,552.28,2388.16,9047.25,1.3,47.89,520.39,2388.26,8124.84,8.4824,0.03,394,2388,100.0,38.62,23.1515,23
83,271,-0.0008,0.0003,100.0,518.67,643.33,1598.84,1423.44,14.62,21.61,552.64,2388.23,9050.27,1.3,48.0,519.81,2388.2,8128.02,8.4748,0.03,394,2388,100.0,38.7,23.1341,22
83,272,-0.0009,0.0003,100.0,518.67,643.33,1604.41,1418.05,14.62,21.61,552.72,2388.24,9051.61,1.3,47.83,520.8,2388.23,8125.19,8.4946,0.03,395,2388,100.0,38.5,23.156,21
83,273,0.0026,-0.0004,100.0,518.67,643.81,1591.29,1417.28,14.62,21.61,552.06,2388.21,9051.72,1.3,47.89,520.06,2388.24,8131.0,8.4961,0.03,396,2388,100.0,38.77,23.1727,20
83,274,0.0016,-0.0003,100.0,518.67,642.88,1601.29,1421.97,14.62,21.61,551.95,2388.23,9052.29,1.3,48.09,520.2,2388.23,8126.16,8.5328,0.03,395,2388,100.0,38.7,23.1729,19
83,275,0.0015,-0.0004,100.0,518.67,643.54,1590.17,1424.43,14.62,21.61,551.82,2388.26,9045.75,1.3,47.94,520.47,2388.25,8128.45,8.4974,0.03,396,2388,100.0,38.67,23.1167,18
83,276,0.0009,-0.0005,100.0,518.67,643.29,1593.21,1425.03,14.62,21.61,552.26,2388.24,9043.91,1.3,47.8,520.4,2388.19,8128.85,8.5025,0.03,395,2388,100.0,38.72,23.1965,17
83,277,-0.0003,-0.0001,100.0,518.67,643.23,1598.32,1420.06,14.62,21.61,552.04,2388.22,9050.16,1.3,47.79,520.28,2388.17,8129.43,8.4993,0.03,396,2388,100.0,38.73,23.1497,16
83,278,-0.0006,-0.0001,100.0,518.67,643.76,1603.03,1422.18,14.62,21.61,551.39,2388.24,9054.67,1.3,47.89,520.15,2388.27,8130.74,8.5001,0.03,397,2388,100.0,38.37,23.1311,15
83,279,-0.0026,0.0001,100.0,518.67,642.97,1604.8,1424.05,14.62,21.61,551.85,2388.24,9047.14,1.3,48.2,519.83,2388.25,8126.07,8.5145,0.03,396,2388,100.0,38.54,23.0839,14
83,280,0.0043,-0.0001,100.0,518.67,643.3,1598.65,1422.16,14.62,21.61,551.61,2388.25,9051.17,1.3,47.82,520.5,2388.26,8125.96,8.5085,0.03,395,2388,100.0,38.52,23.1953,13
83,281,0.0011,-0.0003,100.0,518.67,644.06,1596.28,1424.79,14.62,21.61,551.73,2388.23,9054.66,1.3,48.01,519.63,2388.27,8122.25,8.4969,0.03,394,2388,100.0,38.45,23.0491,12
83,282,-0.0005,-0.0004,100.0,518.67,643.59,1605.42,1424.63,14.62,21.61,552.41,2388.24,9051.62,1.3,48.18,519.94,2388.23,8125.01,8.4798,0.03,397,2388,100.0,38.5,23.1596,11
83,283,-0.001,0.0,100.0,518.67,643.45,1604.18,1425.42,14.62,21.61,551.33,2388.25,9052.15,1.3,48.03,520.04,2388.24,8122.23,8.4973,0.03,398,2388,100.0,38.57,23.0118,10
83,284,0.0014,-0.0004,100.0,518.67,643.83,1601.88,1428.94,14.62,21.61,551.48,2388.29,9051.09,1.3,48.06,519.3,2388.26,8131.17,8.5557,0.03,396,2388,100.0,38.6,23.1725,9
83,285,0.002,-0.0,100.0,518.67,643.32,1598.61,1426.88,14.62,21.61,552.17,2388.24,9043.54,1.3,48.21,519.85,2388.33,8120.53,8.4867,0.03,395,2388,100.0,38.55,23.1506,8
83,286,-0.0003,-0.0001,100.0,518.67,643.66,1596.57,1426.88,14.62,21.61,551.04,2388.26,9049.78,1.3,47.82,519.84,2388.27,8118.67,8.5381,0.03,395,2388,100.0,38.42,23.0767,7
83,287,0.0035,-0.0003,100.0,518.67,642.95,1599.91,1436.2,14.62,21.61,551.85,2388.27,9049.91,1.3,48.17,519.72,2388.33,8117.97,8.5395,0.03,395,2388,100.0,38.64,23.126,6
83,288,-0.0023,-0.0004,100.0,518.67,643.46,1592.95,1429.59,14.62,21.61,551.71,2388.25,9053.71,1.3,48.12,519.39,2388.23,8120.46,8.4938,0.03,396,2388,100.0,38.55,23.0545,5
83,289,0.0007,0.0001,100.0,518.67,643.94,1603.48,1432.46,14.62,21.61,552.16,2388.26,9052.64,1.3,48.22,520.0,2388.24,8117.56,8.4822,0.03,396,2388,100.0,38.58,23.1639,4
83,290,-0.0024,-0.0002,100.0,518.67,643.85,1598.4,1425.67,14.62,21.61,551.24,2388.31,9043.56,1.3,48.24,519.19,2388.32,8120.43,8.5226,0.03,395,2388,100.0,38.5,23.1088,3
83,291,-0.0017,0.0001,100.0,518.67,643.79,1606.66,1428.67,14.62,21.61,551.03,2388.26,9054.02,1.3,47.99,519.37,2388.27,8120.43,8.5424,0.03,396,2388,100.0,38.4,23.0255,2
83,292,-0.0003,0.0001,100.0,518.67,643.51,1600.62,1428.07,14.62,21.61,551.58,2388.25,9043.64,1.3,48.31,519.52,2388.3,8124.34,8.5169,0.03,394,2388,100.0,38.48,23.1065,1
83,293,-0.0002,-0.0005,100.0,518.67,643.77,1605.59,1430.64,14.62,21.61,551.68,2388.25,9045.98,1.3,48.21,519.45,2388.31,8115.28,8.5123,0.03,397,2388,100.0,38.42,22.9926,0
84,1,0.0007,0.0002,100.0,518.67,643.21,1582.28,1411.05,14.62,21.61,552.34,2388.13,9047.16,1.3,47.7,521.74,2388.17,8126.26,8.4379,0.03,393,2388,100.0,38.69,23.2347,266
84,2,0.0013,0.0001,100.0,518.67,643.03,1590.29,1405.09,14.62,21.61,552.78,2388.11,9049.45,1.3,47.59,521.42,2388.21,8130.41,8.4355,0.03,391,2388,100.0,38.86,23.3061,265
84,3,-0.0031,-0.0004,100.0,518.67,642.52,1594.11,1405.79,14.62,21.61,553.14,2388.1,9050.03,1.3,47.56,521.65,2388.13,8125.01,8.4371,0.03,393,2388,100.0,38.78,23.2421,264
84,4,0.0016,0.0,100.0,518.67,642.81,1583.83,1410.99,14.62,21.61,552.91,2388.16,9047.11,1.3,47.54,521.02,2388.15,8125.17,8.4267,0.03,392,2388,100.0,38.8,23.2697,263
84,5,-0.0012,-0.0002,100.0,518.67,643.05,1590.42,1409.12,14.62,21.61,553.06,2388.09,9040.72,1.3,47.46,521.1,2388.14,8133.34,8.4131,0.03,395,2388,100.0,38.88,23.3069,262
84,6,0.0049,0.0003,100.0,518.67,642.4,1590.97,1409.58,14.62,21.61,553.47,2388.15,9046.57,1.3,47.55,521.39,2388.1,8131.73,8.4176,0.03,392,2388,100.0,38.79,23.2575,261
84,7,-0.0026,-0.0,100.0,518.67,643.18,1592.68,1406.51,14.62,21.61,553.42,2388.09,9052.31,1.3,47.65,521.54,2388.13,8124.68,8.4577,0.03,393,2388,100.0,38.79,23.3591,260
84,8,0.0001,-0.0,100.0,518.67,642.88,1588.43,1413.34,14.62,21.61,553.36,2388.08,9044.81,1.3,47.52,521.72,2388.08,8127.61,8.4188,0.03,392,2388,100.0,38.72,23.2578,259
84,9,-0.0007,-0.0002,100.0,518.67,642.22,1592.2,1404.76,14.62,21.61,553.05,2388.1,9050.9,1.3,47.58,521.27,2388.06,8126.03,8.446,0.03,394,2388,100.0,38.89,23.2204,258
84,10,0.0012,0.0003,100.0,518.67,642.51,1588.42,1411.19,14.62,21.61,553.0,2388.15,9041.87,1.3,47.49,520.81,2388.1,8127.63,8.4668,0.03,392,2388,100.0,38.9,23.3049,257
84,11,0.0031,0.0003,100.0,518.67,642.52,1591.73,1414.97,14.62,21.61,553.17,2388.13,9050.57,1.3,47.68,521.04,2388.16,8127.5,8.4334,0.03,394,2388,100.0,38.77,23.252,256
84,12,-0.0017,-0.0002,100.0,518.67,643.19,1583.14,1402.03,14.62,21.61,553.06,2388.1,9041.66,1.3,47.71,521.02,2388.1,8133.01,8.4633,0.03,394,2388,100.0,38.75,23.2142,255
84,13,0.0002,-0.0002,100.0,518.67,642.43,1593.97,1413.78,14.62,21.61,552.66,2388.12,9048.77,1.3,47.69,521.63,2388.11,8127.55,8.4428,0.03,393,2388,100.0,38.89,23.2502,254
84,14,-0.0009,-0.0001,100.0,518.67,642.79,1592.48,1405.06,14.62,21.61,553.62,2388.11,9046.61,1.3,47.48,521.21,2388.1,8128.52,8.4764,0.03,393,2388,100.0,38.84,23.2572,253
84,15,0.0007,0.0003,100.0,518.67,643.44,1592.66,1412.32,14.62,21.61,553.46,2388.1,9041.04,1.3,47.64,521.62,2388.12,8128.06,8.4187,0.03,394,2388,100.0,38.87,23.335,252
84,16,0.0004,-0.0001,100.0,518.67,642.72,1593.2,1406.03,14.62,21.61,553.14,2388.16,9049.57,1.3,47.65,521.32,2388.13,8132.71,8.4468,0.03,393,2388,100.0,38.95,23.356,251
84,17,-0.0045,-0.0002,100.0,518.67,642.38,1586.02,1410.31,14.62,21.61,553.54,2388.11,9045.13,1.3,47.55,521.61,2388.08,8132.1,8.4345,0.03,393,2388,100.0,38.9,23.2926,250
84,18,-0.0029,-0.0004,100.0,518.67,643.51,1588.36,1403.38,14.62,21.61,553.76,2388.08,9044.5,1.3,47.39,520.77,2388.13,8127.96,8.4253,0.03,393,2388,100.0,38.74,23.3304,249
84,19,-0.0032,0.0004,100.0,518.67,642.85,1589.71,1411.99,14.62,21.61,553.04,2388.1,9045.48,1.3,47.72,521.07,2388.16,8128.78,8.4318,0.03,393,2388,100.0,38.92,23.2694,248
84,20,0.0008,-0.0005,100.0,518.67,642.66,1589.44,1409.05,14.62,21.61,553.65,2388.16,9043.9,1.3,47.37,521.25,2388.1,8131.55,8.4331,0.03,393,2388,100.0,38.87,23.2639,247
84,21,-0.0017,0.0004,100.0,518.67,642.53,1594.63,1412.57,14.62,21.61,553.15,2388.12,9047.23,1.3,47.41,521.04,2388.11,8130.41,8.4207,0.03,394,2388,100.0,38.91,23.2987,246
84,22,-0.0019,0.0002,100.0,518.67,643.05,1589.63,1406.16,14.62,21.61,552.94,2388.15,9049.17,1.3,47.65,521.14,2388.12,8127.03,8.4483,0.03,394,2388,100.0,38.95,23.1987,245
84,23,0.0003,0.0002,100.0,518.67,643.24,1590.54,1410.39,14.62,21.61,553.81,2388.16,9046.05,1.3,47.51,521.28,2388.08,8124.87,8.4171,0.03,393,2388,100.0,38.71,23.212,244
84,24,-0.0003,0.0001,100.0,518.67,643.04,1587.04,1409.8,14.62,21.61,553.44,2388.19,9049.15,1.3,47.63,521.43,2388.14,8130.35,8.4281,0.03,394,2388,100.0,38.81,23.2116,243
84,25,-0.001,-0.0002,100.0,518.67,642.79,1589.86,1407.38,14.62,21.61,553.26,2388.11,9047.61,1.3,47.79,520.83,2388.13,8131.24,8.4072,0.03,394,2388,100.0,38.79,23.2516,242
84,26,0.0014,-0.0004,100.0,518.67,643.71,1589.97,1404.07,14.62,21.61,554.1,2388.11,9047.88,1.3,47.66,521.52,2388.1,8132.14,8.4438,0.03,392,2388,100.0,38.88,23.2926,241
84,27,0.0051,-0.0001,100.0,518.67,641.99,1591.75,1405.32,14.62,21.61,553.54,2388.15,9045.53,1.3,47.62,521.4,2388.14,8128.23,8.4201,0.03,391,2388,100.0,38.64,23.2826,240
84,28,-0.0042,0.0,100.0,518.67,642.78,1596.4,1404.56,14.62,21.61,552.97,2388.17,9054.09,1.3,47.67,521.19,2388.15,8127.44,8.4376,0.03,391,2388,100.0,38.65,23.2574,239
84,29,0.0046,0.0001,100.0,518.67,642.71,1591.8,1408.03,14.62,21.61,553.09,2388.12,9054.79,1.3,47.61,521.67,2388.09,8129.97,8.4629,0.03,393,2388,100.0,38.87,23.284,238
84,30,0.0005,0.0003,100.0,518.67,642.22,1590.93,1411.4,14.62,21.61,552.74,2388.09,9055.21,1.3,47.73,522.24,2388.13,8134.88,8.4427,0.03,392,2388,100.0,38.89,23.3001,237
84,31,-0.0019,-0.0001,100.0,518.67,642.69,1591.62,1409.32,14.62,21.61,553.4,2388.14,9046.43,1.3,47.52,521.21,2388.13,8128.54,8.4511,0.03,393,2388,100.0,38.82,23.2766,236
84,32,-0.0043,-0.0003,100.0,518.67,642.94,1589.47,1411.55,14.62,21.61,553.83,2388.08,9052.98,1.3,47.71,521.58,2388.12,8126.15,8.4464,0.03,394,2388,100.0,38.95,23.3217,235
84,33,-0.0004,-0.0005,100.0,518.67,642.75,1587.09,1411.12,14.62,21.61,553.36,2388.13,9055.56,1.3,47.69,520.96,2388.17,8126.09,8.4102,0.03,394,2388,100.0,38.86,23.2336,234
84,34,0.0014,0.0001,100.0,518.67,642.5,1599.67,1410.24,14.62,21.61,553.46,2388.07,9047.79,1.3,47.55,520.83,2388.1,8125.14,8.4427,0.03,393,2388,100.0,38.75,23.3265,233
84,35,-0.0035,-0.0003,100.0,518.67,642.84,1586.39,1412.49,14.62,21.61,552.92,2388.15,9043.37,1.3,47.49,521.48,2388.15,8133.02,8.4616,0.03,393,2388,100.0,38.88,23.2048,232
84,36,0.0021,-0.0003,100.0,518.67,642.6,1578.09,1408.77,14.62,21.61,553.4,2388.14,9047.16,1.3,47.52,521.49,2388.13,8129.3,8.4407,0.03,393,2388,100.0,38.8,23.3825,231
84,37,0.0012,-0.0001,100.0,518.67,642.73,1588.45,1407.21,14.62,21.61,553.36,2388.16,9042.78,1.3,47.39,521.47,2388.12,8129.79,8.4385,0.03,394,2388,100.0,38.68,23.2483,230
84,38,-0.0014,0.0,100.0,518.67,642.36,1587.99,1406.45,14.62,21.61,553.44,2388.19,9045.96,1.3,47.64,521.02,2388.09,8127.08,8.4212,0.03,393,2388,100.0,38.95,23.3056,229
84,39,-0.0015,0.0004,100.0,518.67,642.51,1589.66,1412.27,14.62,21.61,553.06,2388.1,9040.37,1.3,47.54,521.25,2388.09,8126.82,8.4291,0.03,392,2388,100.0,38.5,23.378,228
84,40,-0.0023,-0.0001,100.0,518.67,643.0,1584.88,1409.71,14.62,21.61,553.0,2388.1,9050.23,1.3,47.74,521.28,2388.14,8126.34,8.4357,0.03,392,2388,100.0,38.91,23.4001,227
84,41,-0.0,0.0001,100.0,518.67,642.64,1591.03,1405.5,14.62,21.61,553.01,2388.16,9047.89,1.3,47.34,521.19,2388.12,8129.88,8.4436,0.03,394,2388,100.0,38.71,23.2906,226
84,42,0.0017,-0.0001,100.0,518.67,642.59,1589.3,1409.22,14.62,21.61,554.35,2388.13,9045.86,1.3,47.64,520.77,2388.13,8128.31,8.4445,0.03,393,2388,100.0,38.8,23.2061,225
84,43,0.0006,0.0004,100.0,518.67,642.83,1593.4,1415.96,14.62,21.61,552.7,2388.12,9044.64,1.3,47.39,521.16,2388.14,8126.44,8.4502,0.03,392,2388,100.0,38.97,23.2004,224
84,44,0.0005,-0.0003,100.0,518.67,642.14,1591.88,1405.57,14.62,21.61,553.16,2388.11,9048.61,1.3,47.69,520.92,2388.17,8128.46,8.4504,0.03,393,2388,100.0,38.8,23.2789,223
84,45,-0.0,0.0003,100.0,518.67,642.71,1589.84,1408.43,14.62,21.61,552.82,2388.17,9053.23,1.3,47.51,521.88,2388.1,8129.88,8.443,0.03,393,2388,100.0,38.81,23.2816,222
84,46,-0.0003,0.0002,100.0,518.67,642.66,1593.17,1409.6,14.62,21.61,553.15,2388.08,9054.54,1.3,47.38,521.6,2388.16,8132.19,8.459,0.03,393,2388,100.0,38.78,23.2872,221
84,47,-0.0037,0.0001,100.0,518.67,642.86,1586.5,1409.57,14.62,21.61,553.47,2388.08,9053.38,1.3,47.67,521.5,2388.09,8132.22,8.4442,0.03,393,2388,100.0,38.81,23.2598,220
84,48,-0.0034,0.0001,100.0,518.67,643.19,1586.29,1410.84,14.62,21.61,553.09,2388.16,9053.78,1.3,47.64,521.46,2388.17,8126.41,8.4239,0.03,394,2388,100.0,38.76,23.2806,219
84,49,0.0011,0.0003,100.0,518.67,642.63,1590.29,1410.48,14.62,21.61,552.89,2388.18,9047.02,1.3,47.62,521.24,2388.14,8130.37,8.4549,0.03,393,2388,100.0,38.83,23.1835,218
84,50,-0.0033,0.0002,100.0,518.67,642.77,1595.88,1403.33,14.62,21.61,553.09,2388.15,9049.36,1.3,47.52,521.66,2388.17,8128.75,8.4229,0.03,393,2388,100.0,38.79,23.3142,217
84,51,-0.001,-0.0004,100.0,518.67,642.99,1592.68,1408.97,14.62,21.61,552.88,2388.12,9041.22,1.3,47.53,521.63,2388.17,8127.73,8.4318,0.03,395,2388,100.0,38.78,23.3808,216
84,52,-0.0018,0.0004,100.0,518.67,643.19,1596.58,1407.43,14.62,21.61,553.7,2388.12,9038.84,1.3,47.55,521.73,2388.16,8131.19,8.4625,0.03,394,2388,100.0,38.83,23.2552,215
84,53,-0.0016,-0.0001,100.0,518.67,642.62,1585.63,1414.04,14.62,21.61,553.03,2388.17,9050.65,1.3,47.65,521.83,2388.09,8133.66,8.4821,0.03,393,2388,100.0,38.78,23.1704,214
84,54,0.0023,0.0003,100.0,518.67,641.87,1594.36,1402.04,14.62,21.61,553.4,2388.12,9053.26,1.3,47.45,521.99,2388.15,8129.73,8.459,0.03,393,2388,100.0,38.78,23.3033,213
84,55,0.0005,-0.0003,100.0,518.67,642.44,1588.36,1410.86,14.62,21.61,553.49,2388.11,9044.94,1.3,47.47,521.14,2388.1,8130.23,8.4778,0.03,390,2388,100.0,38.81,23.3175,212
84,56,-0.0003,-0.0001,100.0,518.67,642.7,1588.8,1411.49,14.62,21.61,553.38,2388.18,9049.21,1.3,47.38,521.32,2388.09,8122.63,8.4227,0.03,392,2388,100.0,38.9,23.1645,211
84,57,0.0018,0.0004,100.0,518.67,642.58,1592.75,1415.08,14.62,21.61,553.28,2388.16,9052.91,1.3,47.49,521.54,2388.11,8124.53,8.4623,0.03,393,2388,100.0,38.8,23.3198,210
84,58,-0.0007,-0.0003,100.0,518.67,642.98,1593.01,1407.65,14.62,21.61,552.9,2388.11,9056.02,1.3,47.58,521.08,2388.16,8131.98,8.4253,0.03,394,2388,100.0,38.74,23.251,209
84,59,0.0013,-0.0002,100.0,518.67,643.07,1585.94,1411.94,14.62,21.61,553.56,2388.11,9048.59,1.3,47.71,521.64,2388.09,8130.33,8.432,0.03,395,2388,100.0,38.76,23.273,208
84,60,-0.0042,-0.0001,100.0,518.67,642.76,1590.19,1410.08,14.62,21.61,552.95,2388.12,9051.02,1.3,47.52,521.3,2388.14,8125.73,8.4579,0.03,393,2388,100.0,38.82,23.3223,207
84,61,-0.0037,-0.0004,100.0,518.67,642.79,1587.81,1412.68,14.62,21.61,552.06,2388.14,9049.62,1.3,47.62,520.94,2388.15,8130.47,8.4216,0.03,392,2388,100.0,38.74,23.2989,206
84,62,-0.0003,0.0002,100.0,518.67,642.83,1594.82,1409.76,14.62,21.61,552.91,2388.06,9051.16,1.3,47.4,521.13,2388.12,8127.09,8.4631,0.03,393,2388,100.0,38.73,23.2823,205
84,63,0.001,0.0003,100.0,518.67,642.87,1589.1,1406.25,14.62,21.61,553.31,2388.11,9050.07,1.3,47.57,521.37,2388.13,8126.7,8.4675,0.03,393,2388,100.0,38.69,23.2921,204
84,64,0.0064,0.0002,100.0,518.67,642.89,1592.02,1404.12,14.62,21.61,554.02,2388.11,9052.43,1.3,47.55,521.26,2388.14,8124.83,8.4471,0.03,394,2388,100.0,38.76,23.28,203
84,65,-0.0028,0.0002,100.0,518.67,642.95,1594.98,1409.92,14.62,21.61,552.85,2388.1,9046.85,1.3,47.65,521.07,2388.11,8132.44,8.4484,0.03,395,2388,100.0,38.95,23.3189,202
84,66,0.0007,0.0002,100.0,518.67,642.63,1594.49,1403.2,14.62,21.61,552.68,2388.14,9052.41,1.3,47.64,521.26,2388.14,8131.06,8.4467,0.03,394,2388,100.0,38.95,23.2946,201
84,67,0.0021,-0.0001,100.0,518.67,643.12,1590.12,1407.14,14.62,21.61,553.6,2388.11,9045.77,1.3,47.54,521.5,2388.11,8124.0,8.4627,0.03,395,2388,100.0,38.9,23.3596,200
84,68,0.0032,0.0001,100.0,518.67,642.66,1589.35,1408.65,14.62,21.61,552.7,2388.1,9053.42,1.3,47.57,521.5,2388.15,8124.75,8.4809,0.03,393,2388,100.0,38.7,23.3006,199
84,69,0.001,0.0004,100.0,518.67,642.78,1596.24,1406.38,14.62,21.61,553.49,2388.15,9054.69,1.3,47.65,521.09,2388.13,8129.87,8.4557,0.03,393,2388,100.0,38.88,23.2138,198
84,70,0.0011,0.0002,100.0,518.67,643.12,1589.88,1415.96,14.62,21.61,553.05,2388.11,9049.12,1.3,47.64,521.61,2388.15,8129.09,8.3992,0.03,394,2388,100.0,38.8,23.3199,197
84,71,0.0019,-0.0004,100.0,518.67,643.04,1591.14,1403.2,14.62,21.61,552.49,2388.08,9056.38,1.3,47.52,521.67,2388.11,8126.02,8.4576,0.03,394,2388,100.0,38.82,23.2896,196
84,72,0.0021,-0.0,100.0,518.67,642.31,1592.33,1404.44,14.62,21.61,553.48,2388.08,9054.04,1.3,47.74,521.28,2388.14,8122.46,8.4577,0.03,394,2388,100.0,38.78,23.2651,195
84,73,-0.0,0.0002,100.0,518.67,643.23,1587.9,1409.28,14.62,21.61,552.69,2388.11,9045.57,1.3,47.36,521.87,2388.12,8131.94,8.4646,0.03,394,2388,100.0,38.75,23.2745,194
84,74,0.003,-0.0001,100.0,518.67,642.87,1587.81,1411.24,14.62,21.61,553.59,2388.13,9046.23,1.3,47.73,520.99,2388.15,8129.9,8.4368,0.03,393,2388,100.0,38.6,23.2659,193
84,75,-0.0032,-0.0005,100.0,518.67,642.64,1586.0,1405.67,14.62,21.61,553.66,2388.16,9052.9,1.3,47.6,521.55,2388.13,8128.41,8.4556,0.03,393,2388,100.0,38.77,23.2913,192
84,76,-0.0024,0.0002,100.0,518.67,642.53,1587.42,1411.84,14.62,21.61,552.78,2388.15,9049.38,1.3,47.59,521.4,2388.12,8128.88,8.468,0.03,394,2388,100.0,38.76,23.2723,191
84,77,-0.0008,0.0004,100.0,518.67,642.46,1591.49,1409.39,14.62,21.61,553.0,2388.15,9050.51,1.3,47.56,520.84,2388.16,8132.81,8.4119,0.03,393,2388,100.0,38.9,23.241,190
84,78,-0.0018,0.0002,100.0,518.67,642.48,1585.75,1413.94,14.62,21.61,553.82,2388.16,9048.72,1.3,47.4,521.3,2388.14,8128.82,8.4807,0.03,395,2388,100.0,38.78,23.3522,189
84,79,0.0023,-0.0005,100.0,518.67,643.3,1589.8,1416.38,14.62,21.61,552.83,2388.19,9047.28,1.3,47.55,521.64,2388.16,8129.1,8.4317,0.03,393,2388,100.0,38.98,23.372,188
84,80,-0.0002,-0.0004,100.0,518.67,642.71,1592.21,1418.01,14.62,21.61,553.42,2388.15,9049.33,1.3,47.41,520.92,2388.16,8130.63,8.4233,0.03,394,2388,100.0,38.99,23.308,187
84,81,0.0014,-0.0002,100.0,518.67,642.42,1589.76,1414.05,14.62,21.61,552.5,2388.19,9044.93,1.3,47.51,520.83,2388.13,8124.2,8.4717,0.03,394,2388,100.0,38.73,23.3223,186
84,82,-0.0014,-0.0002,100.0,518.67,642.66,1589.98,1405.78,14.62,21.61,553.89,2388.15,9050.72,1.3,47.61,521.13,2388.09,8126.51,8.4461,0.03,395,2388,100.0,38.94,23.2393,185
84,83,0.0004,0.0004,100.0,518.67,642.59,1594.49,1407.45,14.62,21.61,553.51,2388.12,9046.03,1.3,47.52,521.97,2388.16,8137.01,8.491,0.03,393,2388,100.0,38.74,23.2897,184
84,84,-0.0012,0.0001,100.0,518.67,642.7,1588.7,1409.12,14.62,21.61,552.17,2388.2,9049.69,1.3,47.75,521.08,2388.16,8131.67,8.4273,0.03,393,2388,100.0,38.6,23.394,183
84,85,0.0019,-0.0003,100.0,518.67,642.82,1591.63,1407.63,14.62,21.61,553.34,2388.14,9043.64,1.3,47.64,520.7,2388.09,8128.46,8.4515,0.03,394,2388,100.0,38.79,23.1888,182
84,86,0.0002,0.0004,100.0,518.67,642.57,1586.84,1414.68,14.62,21.61,552.98,2388.12,9046.06,1.3,47.59,521.05,2388.16,8133.59,8.433,0.03,394,2388,100.0,38.83,23.2651,181
84,87,-0.0029,0.0003,100.0,518.67,642.62,1589.85,1407.04,14.62,21.61,553.28,2388.17,9043.78,1.3,47.59,521.55,2388.15,8130.7,8.4734,0.03,394,2388,100.0,38.77,23.2664,180
84,88,-0.0008,-0.0004,100.0,518.67,642.44,1592.5,1404.19,14.62,21.61,554.17,2388.19,9054.2,1.3,47.42,521.17,2388.13,8134.66,8.4415,0.03,393,2388,100.0,38.81,23.2408,179
84,89,-0.0005,-0.0004,100.0,518.67,642.61,1592.19,1415.14,14.62,21.61,552.01,2388.14,9048.73,1.3,47.68,521.37,2388.12,8129.91,8.4387,0.03,394,2388,100.0,38.73,23.2359,178
84,90,-0.0021,0.0001,100.0,518.67,643.07,1583.83,1401.63,14.62,21.61,553.05,2388.13,9039.61,1.3,47.72,521.8,2388.16,8131.46,8.4417,0.03,392,2388,100.0,38.6,23.2589,177
84,91,0.0002,-0.0,100.0,518.67,642.83,1587.2,1414.55,14.62,21.61,553.22,2388.11,9051.47,1.3,47.49,521.44,2388.12,8131.88,8.4447,0.03,393,2388,100.0,38.89,23.29,176
84,92,-0.0004,-0.0,100.0,518.67,642.64,1585.98,1413.36,14.62,21.61,553.14,2388.17,9048.5,1.3,47.84,520.96,2388.11,8130.27,8.4479,0.03,393,2388,100.0,38.81,23.1634,175
84,93,0.0021,-0.0001,100.0,518.67,643.01,1591.7,1410.09,14.62,21.61,553.24,2388.11,9047.47,1.3,47.73,521.56,2388.18,8130.26,8.4582,0.03,392,2388,100.0,38.81,23.3021,174
84,94,0.0032,-0.0003,100.0,518.67,642.55,1588.61,1408.31,14.62,21.61,553.35,2388.11,9045.24,1.3,47.54,521.05,2388.14,8125.5,8.4344,0.03,394,2388,100.0,38.95,23.2698,173
84,95,0.0025,-0.0,100.0,518.67,642.73,1596.73,1412.78,14.62,21.61,553.41,2388.17,9047.81,1.3,47.69,521.01,2388.14,8132.97,8.4514,0.03,395,2388,100.0,38.72,23.2829,172
84,96,-0.0021,0.0002,100.0,518.67,642.61,1598.23,1412.64,14.62,21.61,554.06,2388.13,9052.77,1.3,47.61,520.98,2388.1,8130.28,8.4597,0.03,393,2388,100.0,38.77,23.1853,171
84,97,0.0017,-0.0,100.0,518.67,643.11,1593.7,1410.53,14.62,21.61,553.01,2388.19,9048.32,1.3,47.57,521.25,2388.13,8128.05,8.4351,0.03,393,2388,100.0,38.79,23.3286,170
84,98,0.0008,-0.0,100.0,518.67,643.29,1596.24,1412.6,14.62,21.61,553.04,2388.15,9051.81,1.3,47.59,520.84,2388.11,8133.92,8.471,0.03,394,2388,100.0,38.84,23.2615,169
84,99,-0.0033,-0.0003,100.0,518.67,642.52,1589.08,1411.07,14.62,21.61,553.52,2388.1,9048.14,1.3,47.6,521.27,2388.19,8127.49,8.4284,0.03,394,2388,100.0,38.85,23.3263,168
84,100,0.0012,0.0004,100.0,518.67,642.71,1580.11,1418.77,14.62,21.61,553.62,2388.14,9048.27,1.3,47.56,521.45,2388.1,8130.06,8.4297,0.03,393,2388,100.0,38.82,23.2864,167
84,101,0.0016,0.0004,100.0,518.67,643.14,1596.16,1409.51,14.62,21.61,553.45,2388.12,9062.51,1.3,47.57,521.05,2388.13,8128.25,8.4316,0.03,393,2388,100.0,39.03,23.2527,166
84,102,-0.0028,-0.0002,100.0,518.67,643.08,1593.02,1413.35,14.62,21.61,552.98,2388.14,9050.86,1.3,47.46,521.36,2388.11,8132.91,8.4559,0.03,394,2388,100.0,38.69,23.2713,165
84,103,-0.0004,0.0004,100.0,518.67,642.56,1589.71,1410.55,14.62,21.61,553.75,2388.15,9054.78,1.3,47.63,520.95,2388.15,8134.07,8.4484,0.03,392,2388,100.0,38.73,23.2154,164
84,104,-0.0005,-0.0005,100.0,518.67,643.35,1594.06,1413.67,14.62,21.61,553.2,2388.15,9055.62,1.3,47.56,521.21,2388.17,8132.47,8.4318,0.03,391,2388,100.0,38.83,23.202,163
84,105,-0.0001,-0.0,100.0,518.67,642.83,1592.55,1403.3,14.62,21.61,553.2,2388.1,9053.33,1.3,47.6,521.68,2388.1,8130.16,8.45,0.03,394,2388,100.0,38.67,23.1831,162
84,106,0.0025,-0.0001,100.0,518.67,642.64,1587.31,1404.27,14.62,21.61,553.29,2388.13,9047.47,1.3,47.58,521.15,2388.12,8134.24,8.4616,0.03,394,2388,100.0,38.77,23.3032,161
84,107,-0.0026,-0.0003,100.0,518.67,642.24,1589.44,1405.16,14.62,21.61,553.17,2388.19,9043.4,1.3,47.82,521.11,2388.15,8129.82,8.4371,0.03,394,2388,100.0,38.7,23.1519,160
84,108,-0.0003,0.0002,100.0,518.67,642.61,1598.09,1417.13,14.62,21.61,552.82,2388.13,9047.88,1.3,47.58,521.46,2388.14,8129.19,8.4427,0.03,393,2388,100.0,38.67,23.3683,159
84,109,0.0007,-0.0004,100.0,518.67,642.75,1593.87,1402.88,14.62,21.61,552.81,2388.13,9053.91,1.3,47.71,521.27,2388.14,8128.1,8.4658,0.03,394,2388,100.0,38.69,23.3219,158
84,110,0.0033,0.0003,100.0,518.67,642.92,1591.17,1408.63,14.62,21.61,552.85,2388.13,9041.56,1.3,47.57,521.62,2388.15,8126.82,8.4128,0.03,393,2388,100.0,38.77,23.2333,157
84,111,-0.0028,-0.0002,100.0,518.67,643.24,1602.61,1412.13,14.62,21.61,552.81,2388.17,9051.82,1.3,47.5,520.44,2388.11,8133.09,8.4468,0.03,393,2388,100.0,38.58,23.2115,156
84,112,-0.0014,0.0003,100.0,518.67,642.52,1598.1,1410.14,14.62,21.61,553.3,2388.07,9046.85,1.3,47.63,521.12,2388.14,8125.34,8.4705,0.03,394,2388,100.0,38.82,23.2649,155
84,113,-0.0029,0.0004,100.0,518.67,643.24,1595.21,1412.22,14.62,21.61,553.09,2388.14,9047.01,1.3,47.59,521.36,2388.11,8130.9,8.4589,0.03,395,2388,100.0,38.65,23.3145,154
84,114,0.0021,0.0002,100.0,518.67,642.56,1589.77,1408.76,14.62,21.61,553.24,2388.11,9052.41,1.3,47.56,520.71,2388.1,8121.0,8.4425,0.03,394,2388,100.0,38.72,23.2912,153
84,115,0.0005,-0.0003,100.0,518.67,642.45,1586.99,1409.58,14.62,21.61,552.85,2388.17,9053.17,1.3,47.58,521.5,2388.2,8127.56,8.4443,0.03,393,2388,100.0,38.84,23.1659,152
84,116,0.0014,-0.0,100.0,518.67,643.34,1600.55,1419.06,14.62,21.61,553.46,2388.17,9056.15,1.3,47.57,520.54,2388.11,8135.01,8.4624,0.03,394,2388,100.0,38.58,23.4047,151
84,117,-0.0048,-0.0002,100.0,518.67,642.69,1594.45,1412.19,14.62,21.61,553.54,2388.15,9048.55,1.3,47.51,521.06,2388.12,8131.75,8.4691,0.03,393,2388,100.0,38.84,23.3382,150
84,118,-0.0003,-0.0001,100.0,518.67,642.69,1595.69,1404.22,14.62,21.61,552.6,2388.15,9056.36,1.3,47.67,521.34,2388.19,8129.41,8.4615,0.03,393,2388,100.0,38.76,23.3085,149
84,119,0.0026,0.0003,100.0,518.67,642.57,1595.48,1407.08,14.62,21.61,553.01,2388.13,9045.27,1.3,47.64,520.62,2388.15,8138.87,8.4745,0.03,394,2388,100.0,38.83,23.2912,148
84,120,0.0025,-0.0004,100.0,518.67,642.73,1593.49,1408.39,14.62,21.61,553.03,2388.17,9052.64,1.3,47.44,521.24,2388.2,8127.72,8.429,0.03,393,2388,100.0,38.84,23.2213,147
84,121,-0.0028,-0.0004,100.0,518.67,643.16,1593.29,1405.68,14.62,21.61,553.33,2388.11,9047.43,1.3,47.45,521.47,2388.15,8130.59,8.4504,0.03,392,2388,100.0,38.85,23.2376,146
84,122,-0.0019,-0.0001,100.0,518.67,642.37,1592.73,1407.87,14.62,21.61,554.37,2388.1,9053.49,1.3,47.77,521.17,2388.1,8131.15,8.4081,0.03,393,2388,100.0,38.65,23.2003,145
84,123,0.0004,0.0002,100.0,518.67,642.29,1593.63,1404.89,14.62,21.61,552.36,2388.2,9053.3,1.3,47.78,521.39,2388.14,8132.27,8.4661,0.03,393,2388,100.0,38.51,23.315,144
84,124,0.004,-0.0005,100.0,518.67,642.93,1589.52,1416.91,14.62,21.61,553.91,2388.13,9045.51,1.3,47.71,521.04,2388.14,8129.18,8.4227,0.03,393,2388,100.0,38.97,23.1547,143
84,125,0.0011,-0.0003,100.0,518.67,642.88,1588.75,1407.24,14.62,21.61,552.8,2388.19,9050.83,1.3,47.55,521.31,2388.16,8132.5,8.4496,0.03,393,2388,100.0,38.7,23.3596,142
84,126,0.0018,0.0001,100.0,518.67,642.71,1589.69,1419.23,14.62,21.61,552.72,2388.13,9060.44,1.3,47.69,521.08,2388.13,8130.01,8.4608,0.03,393,2388,100.0,38.75,23.3188,141
84,127,0.0018,0.0001,100.0,518.67,642.9,1590.05,1410.5,14.62,21.61,552.81,2388.15,9046.76,1.3,47.61,520.95,2388.09,8128.31,8.4835,0.03,395,2388,100.0,38.78,23.3284,140
84,128,0.0017,-0.0005,100.0,518.67,642.55,1585.1,1408.36,14.62,21.61,552.59,2388.18,9050.72,1.3,47.79,521.4,2388.13,8132.63,8.4627,0.03,395,2388,100.0,38.73,23.1824,139
84,129,-0.0002,0.0002,100.0,518.67,642.21,1588.76,1410.65,14.62,21.61,553.43,2388.15,9048.64,1.3,47.61,520.7,2388.13,8123.66,8.4555,0.03,392,2388,100.0,38.53,23.2024,138
84,130,-0.0011,-0.0001,100.0,518.67,642.4,1592.0,1421.77,14.62,21.61,552.69,2388.13,9046.23,1.3,47.74,521.23,2388.15,8129.84,8.4474,0.03,393,2388,100.0,38.75,23.1317,137
84,131,-0.0009,-0.0003,100.0,518.67,642.33,1592.2,1414.19,14.62,21.61,552.84,2388.17,9050.93,1.3,47.62,521.43,2388.16,8127.47,8.4547,0.03,393,2388,100.0,38.86,23.2802,136
84,132,-0.0004,-0.0,100.0,518.67,642.71,1586.23,1415.12,14.62,21.61,553.14,2388.13,9046.06,1.3,47.58,521.22,2388.18,8132.3,8.4298,0.03,393,2388,100.0,38.65,23.243,135
84,133,-0.0028,-0.0001,100.0,518.67,642.65,1598.99,1406.69,14.62,21.61,552.63,2388.15,9050.81,1.3,47.57,520.73,2388.17,8128.57,8.3967,0.03,394,2388,100.0,38.74,23.3156,134
84,134,-0.001,-0.0003,100.0,518.67,642.59,1591.54,1415.44,14.62,21.61,553.05,2388.19,9048.0,1.3,47.66,521.12,2388.16,8130.47,8.4658,0.03,394,2388,100.0,38.9,23.2753,133
84,135,0.0009,0.0003,100.0,518.67,642.87,1592.62,1414.86,14.62,21.61,553.1,2388.2,9050.78,1.3,47.72,520.73,2388.11,8136.44,8.4293,0.03,393,2388,100.0,38.79,23.2038,132
84,136,-0.0009,0.0003,100.0,518.67,643.56,1585.96,1413.02,14.62,21.61,552.49,2388.09,9055.05,1.3,47.68,521.39,2388.16,8135.3,8.4366,0.03,395,2388,100.0,38.9,23.227,131
84,137,0.0008,-0.0001,100.0,518.67,642.7,1593.77,1401.98,14.62,21.61,552.59,2388.13,9060.17,1.3,47.59,521.33,2388.14,8130.09,8.462,0.03,394,2388,100.0,38.82,23.2014,130
84,138,-0.0007,-0.0004,100.0,518.67,643.3,1585.38,1412.25,14.62,21.61,553.8,2388.14,9059.06,1.3,47.39,521.04,2388.16,8133.5,8.4306,0.03,394,2388,100.0,38.7,23.2761,129
84,139,0.0002,0.0002,100.0,518.67,642.76,1588.19,1410.59,14.62,21.61,553.2,2388.16,9045.79,1.3,47.61,521.27,2388.15,8128.42,8.4659,0.03,394,2388,100.0,38.75,23.2206,128
84,140,-0.0021,-0.0003,100.0,518.67,642.33,1593.46,1410.72,14.62,21.61,553.13,2388.17,9047.88,1.3,47.81,520.82,2388.14,8132.33,8.4252,0.03,393,2388,100.0,38.7,23.2057,127
84,141,0.0008,0.0004,100.0,518.67,642.95,1593.36,1411.34,14.62,21.61,553.8,2388.17,9059.97,1.3,47.54,520.73,2388.1,8131.68,8.431,0.03,395,2388,100.0,38.67,23.2378,126
84,142,0.0001,-0.0003,100.0,518.67,642.9,1584.84,1414.32,14.62,21.61,552.11,2388.14,9053.05,1.3,47.6,521.36,2388.13,8137.64,8.4415,0.03,394,2388,100.0,38.69,23.3413,125
84,143,-0.0005,-0.0002,100.0,518.67,642.71,1592.53,1408.7,14.62,21.61,553.04,2388.14,9050.65,1.3,47.49,520.8,2388.16,8133.87,8.4564,0.03,394,2388,100.0,38.67,23.2678,124
84,144,-0.0008,0.0001,100.0,518.67,643.77,1591.19,1418.45,14.62,21.61,553.52,2388.15,9056.52,1.3,47.78,521.38,2388.12,8135.49,8.4571,0.03,394,2388,100.0,38.87,23.2056,123
84,145,0.0004,0.0003,100.0,518.67,642.95,1596.11,1413.69,14.62,21.61,552.9,2388.12,9053.91,1.3,47.57,521.0,2388.07,8132.63,8.4508,0.03,393,2388,100.0,38.57,23.2565,122
84,146,-0.0011,-0.0002,100.0,518.67,642.76,1591.18,1410.3,14.62,21.61,553.04,2388.15,9056.91,1.3,47.66,521.13,2388.17,8127.96,8.4656,0.03,394,2388,100.0,38.79,23.1809,121
84,147,0.0009,0.0002,100.0,518.67,642.91,1585.46,1404.29,14.62,21.61,552.8,2388.12,9047.76,1.3,47.65,520.94,2388.12,8131.41,8.4524,0.03,394,2388,100.0,38.68,23.2628,120
84,148,-0.003,0.0001,100.0,518.67,642.73,1589.95,1412.89,14.62,21.61,552.93,2388.11,9055.52,1.3,47.55,521.64,2388.18,8131.33,8.4564,0.03,392,2388,100.0,38.56,23.232,119
84,149,-0.0004,-0.0005,100.0,518.67,642.83,1591.54,1409.46,14.62,21.61,553.02,2388.17,9056.74,1.3,47.72,521.1,2388.17,8134.78,8.4523,0.03,394,2388,100.0,38.95,23.2549,118
84,150,0.0022,-0.0003,100.0,518.67,643.03,1589.81,1411.01,14.62,21.61,553.53,2388.08,9053.94,1.3,47.61,520.91,2388.12,8127.63,8.463,0.03,394,2388,100.0,38.88,23.2515,117
84,151,-0.0007,0.0,100.0,518.67,642.96,1600.88,1412.94,14.62,21.61,552.75,2388.14,9054.62,1.3,47.66,520.93,2388.13,8131.75,8.4934,0.03,394,2388,100.0,38.76,23.2104,116
84,152,0.0045,-0.0004,100.0,518.67,642.49,1595.1,1412.35,14.62,21.61,552.38,2388.15,9059.34,1.3,47.61,520.88,2388.15,8127.68,8.471,0.03,394,2388,100.0,38.75,23.1646,115
84,153,0.0021,-0.0004,100.0,518.67,642.3,1597.25,1413.59,14.62,21.61,552.19,2388.18,9050.09,1.3,47.8,521.29,2388.16,8131.41,8.4554,0.03,394,2388,100.0,38.69,23.2926,114
84,154,0.0012,0.0,100.0,518.67,643.04,1592.3,1420.98,14.62,21.61,553.13,2388.1,9052.71,1.3,47.75,520.93,2388.16,8127.72,8.4174,0.03,395,2388,100.0,38.77,23.2002,113
84,155,0.0001,0.0001,100.0,518.67,643.2,1591.64,1410.92,14.62,21.61,552.21,2388.19,9055.31,1.3,47.74,520.48,2388.15,8137.26,8.4588,0.03,393,2388,100.0,38.7,23.1894,112
84,156,0.0029,-0.0004,100.0,518.67,643.02,1591.06,1420.51,14.62,21.61,553.0,2388.22,9048.85,1.3,47.79,520.78,2388.17,8135.41,8.4418,0.03,393,2388,100.0,38.69,23.2135,111
84,157,0.0035,-0.0001,100.0,518.67,642.83,1594.13,1422.48,14.62,21.61,552.43,2388.22,9049.49,1.3,47.45,521.06,2388.15,8133.17,8.4782,0.03,393,2388,100.0,38.66,23.1629,110
84,158,-0.002,-0.0005,100.0,518.67,642.72,1597.19,1417.59,14.62,21.61,552.57,2388.18,9064.31,1.3,47.77,521.3,2388.16,8127.18,8.4517,0.03,396,2388,100.0,38.73,23.2104,109
84,159,0.0004,0.0003,100.0,518.67,643.37,1588.85,1406.89,14.62,21.61,552.12,2388.12,9047.57,1.3,47.74,520.95,2388.17,8137.4,8.4387,0.03,394,2388,100.0,38.61,23.285,108
84,160,-0.0002,-0.0002,100.0,518.67,643.01,1583.32,1410.68,14.62,21.61,552.55,2388.16,9057.78,1.3,47.67,520.94,2388.13,8132.78,8.4646,0.03,393,2388,100.0,38.82,23.2143,107
84,161,0.0001,0.0003,100.0,518.67,642.56,1593.73,1406.86,14.62,21.61,552.35,2388.16,9053.6,1.3,47.58,521.19,2388.19,8136.36,8.4793,0.03,394,2388,100.0,38.72,23.2077,106
84,162,-0.001,-0.0,100.0,518.67,642.6,1601.14,1411.88,14.62,21.61,552.8,2388.16,9057.78,1.3,47.59,521.09,2388.14,8133.14,8.45,0.03,393,2388,100.0,38.86,23.1848,105
84,163,0.003,0.0003,100.0,518.67,642.72,1589.35,1413.55,14.62,21.61,552.6,2388.16,9060.23,1.3,47.5,521.29,2388.13,8128.32,8.4818,0.03,394,2388,100.0,38.67,23.1939,104
84,164,0.0014,0.0003,100.0,518.67,642.29,1591.76,1407.49,14.62,21.61,552.83,2388.14,9054.81,1.3,47.85,521.03,2388.16,8135.68,8.4447,0.03,394,2388,100.0,38.66,23.3142,103
84,165,0.0007,-0.0003,100.0,518.67,642.91,1588.55,1416.93,14.62,21.61,553.43,2388.15,9056.94,1.3,47.68,520.66,2388.2,8132.32,8.4344,0.03,394,2388,100.0,38.58,23.1426,102
84,166,0.0011,0.0003,100.0,518.67,642.99,1587.85,1408.15,14.62,21.61,552.71,2388.13,9052.89,1.3,47.73,520.82,2388.16,8136.42,8.4638,0.03,393,2388,100.0,38.71,23.2587,101
84,167,-0.0022,-0.0003,100.0,518.67,642.79,1595.03,1418.69,14.62,21.61,553.01,2388.13,9063.01,1.3,47.76,520.9,2388.21,8130.6,8.4697,0.03,393,2388,100.0,38.6,23.1533,100
84,168,-0.0001,-0.0004,100.0,518.67,643.12,1594.93,1420.13,14.62,21.61,552.79,2388.13,9057.27,1.3,47.66,520.65,2388.12,8135.22,8.4651,0.03,396,2388,100.0,38.75,23.1927,99
84,169,0.0019,-0.0004,100.0,518.67,642.92,1591.08,1419.21,14.62,21.61,552.77,2388.15,9058.12,1.3,47.71,520.99,2388.14,8135.99,8.4404,0.03,394,2388,100.0,38.76,23.2848,98
84,170,-0.001,0.0004,100.0,518.67,642.97,1594.79,1421.0,14.62,21.61,553.11,2388.13,9058.36,1.3,47.74,521.38,2388.18,8134.3,8.423,0.03,395,2388,100.0,38.75,23.3279,97
84,171,0.0026,-0.0002,100.0,518.67,643.05,1596.44,1418.67,14.62,21.61,552.26,2388.1,9053.22,1.3,47.64,521.27,2388.18,8129.67,8.4633,0.03,394,2388,100.0,38.77,23.1805,96
84,172,0.0069,0.0001,100.0,518.67,642.38,1590.67,1416.79,14.62,21.61,552.35,2388.17,9060.61,1.3,47.69,521.66,2388.19,8135.58,8.4676,0.03,394,2388,100.0,38.76,23.1019,95
84,173,-0.0006,-0.0004,100.0,518.67,642.62,1591.89,1412.54,14.62,21.61,553.18,2388.12,9064.36,1.3,47.71,521.28,2388.17,8137.04,8.4609,0.03,394,2388,100.0,38.68,23.2635,94
84,174,-0.0005,-0.0003,100.0,518.67,642.67,1593.42,1416.6,14.62,21.61,552.56,2388.13,9052.73,1.3,47.72,520.56,2388.13,8137.57,8.4737,0.03,392,2388,100.0,38.8,23.2344,93
84,175,-0.0,-0.0005,100.0,518.67,642.71,1596.97,1421.32,14.62,21.61,552.97,2388.15,9054.42,1.3,47.74,520.71,2388.15,8132.77,8.462,0.03,394,2388,100.0,38.71,23.1786,92
84,176,-0.0026,0.0001,100.0,518.67,643.01,1593.36,1412.49,14.62,21.61,552.07,2388.18,9057.78,1.3,47.7,520.54,2388.19,8137.32,8.4477,0.03,393,2388,100.0,38.69,23.1829,91
84,177,0.0007,0.0003,100.0,518.67,643.27,1593.03,1418.2,14.62,21.61,552.46,2388.1,9061.13,1.3,47.8,521.13,2388.12,8134.27,8.4679,0.03,395,2388,100.0,38.71,23.2116,90
84,178,-0.0005,-0.0002,100.0,518.67,642.79,1595.7,1416.72,14.62,21.61,552.93,2388.12,9056.3,1.3,47.66,520.69,2388.19,8130.77,8.4413,0.03,396,2388,100.0,39.04,23.1302,89
84,179,0.0013,-0.0004,100.0,518.67,643.24,1593.33,1419.34,14.62,21.61,552.68,2388.14,9058.78,1.3,47.78,520.77,2388.15,8138.86,8.4806,0.03,393,2388,100.0,38.78,23.2916,88
84,180,0.0006,0.0002,100.0,518.67,642.9,1594.01,1413.94,14.62,21.61,552.94,2388.22,9046.86,1.3,47.75,520.97,2388.14,8134.01,8.4325,0.03,394,2388,100.0,38.65,23.0844,87
84,181,-0.0023,0.0003,100.0,518.67,642.49,1592.31,1416.77,14.62,21.61,552.49,2388.2,9055.28,1.3,47.94,520.26,2388.14,8128.59,8.4851,0.03,394,2388,100.0,38.56,23.1284,86
84,182,-0.0012,-0.0002,100.0,518.67,643.09,1598.66,1412.33,14.62,21.61,552.22,2388.19,9058.8,1.3,47.82,520.59,2388.13,8127.17,8.437,0.03,395,2388,100.0,38.57,23.1752,85
84,183,-0.0016,0.0005,100.0,518.67,642.5,1591.34,1409.08,14.62,21.61,552.12,2388.15,9059.57,1.3,47.6,520.93,2388.09,8137.25,8.4527,0.03,394,2388,100.0,38.73,23.2065,84
84,184,-0.0001,-0.0003,100.0,518.67,642.99,1593.37,1418.18,14.62,21.61,553.24,2388.16,9053.79,1.3,47.57,521.4,2388.14,8136.74,8.4762,0.03,393,2388,100.0,38.76,23.2158,83
84,185,0.0015,-0.0001,100.0,518.67,642.95,1601.95,1419.03,14.62,21.61,552.56,2388.2,9066.42,1.3,47.71,521.15,2388.13,8133.8,8.4457,0.03,393,2388,100.0,38.64,23.1986,82
84,186,0.0002,-0.0003,100.0,518.67,642.76,1587.33,1420.54,14.62,21.61,552.73,2388.13,9054.51,1.3,47.68,520.75,2388.12,8133.37,8.4748,0.03,394,2388,100.0,38.73,23.1649,81
84,187,-0.0004,0.0,100.0,518.67,642.81,1589.32,1412.46,14.62,21.61,552.93,2388.16,9052.54,1.3,47.8,520.86,2388.13,8138.65,8.4739,0.03,395,2388,100.0,38.65,23.1604,80
84,188,0.0004,0.0004,100.0,518.67,643.43,1594.01,1410.81,14.62,21.61,552.27,2388.13,9054.46,1.3,47.74,520.48,2388.17,8143.94,8.4786,0.03,394,2388,100.0,38.6,23.2344,79
84,189,-0.0024,-0.0001,100.0,518.67,642.99,1595.76,1413.39,14.62,21.61,553.04,2388.14,9061.36,1.3,47.55,520.62,2388.11,8138.69,8.4618,0.03,393,2388,100.0,38.7,23.2337,78
84,190,-0.0014,-0.0003,100.0,518.67,642.73,1592.88,1414.98,14.62,21.61,553.43,2388.16,9055.18,1.3,47.82,520.46,2388.13,8138.39,8.4942,0.03,393,2388,100.0,38.69,23.2189,77
84,191,-0.0004,-0.0003,100.0,518.67,642.49,1589.57,1414.49,14.62,21.61,552.34,2388.21,9060.45,1.3,47.65,520.57,2388.15,8138.79,8.4683,0.03,394,2388,100.0,38.82,23.1879,76
84,192,-0.0017,0.0002,100.0,518.67,642.97,1595.3,1417.09,14.62,21.61,553.2,2388.2,9057.69,1.3,47.67,520.94,2388.16,8134.52,8.4577,0.03,394,2388,100.0,38.8,23.3307,75
84,193,-0.0012,-0.0001,100.0,518.67,642.74,1587.78,1416.86,14.62,21.61,552.32,2388.15,9057.63,1.3,47.74,520.61,2388.18,8136.21,8.5033,0.03,395,2388,100.0,38.72,23.1095,74
84,194,-0.0012,0.0003,100.0,518.67,643.02,1603.33,1417.86,14.62,21.61,553.13,2388.2,9055.59,1.3,47.65,521.07,2388.24,8136.34,8.4684,0.03,393,2388,100.0,38.58,23.232,73
84,195,-0.0011,0.0003,100.0,518.67,643.21,1602.61,1419.91,14.62,21.61,552.63,2388.16,9061.07,1.3,47.87,520.31,2388.16,8130.48,8.4512,0.03,393,2388,100.0,38.61,23.2511,72
84,196,-0.0046,0.0003,100.0,518.67,642.9,1596.0,1415.62,14.62,21.61,552.16,2388.17,9061.48,1.3,47.76,520.83,2388.22,8134.73,8.4841,0.03,394,2388,100.0,38.81,23.2188,71
84,197,0.0022,-0.0003,100.0,518.67,643.45,1597.56,1420.42,14.62,21.61,552.89,2388.18,9052.77,1.3,47.72,520.73,2388.15,8135.8,8.4521,0.03,394,2388,100.0,38.83,23.2311,70
84,198,-0.003,-0.0003,100.0,518.67,642.72,1591.76,1417.19,14.62,21.61,552.93,2388.18,9057.02,1.3,47.85,521.13,2388.17,8133.32,8.4861,0.03,394,2388,100.0,38.76,23.161,69
84,199,0.0007,-0.0004,100.0,518.67,643.07,1588.47,1416.01,14.62,21.61,552.84,2388.13,9057.11,1.3,47.78,520.39,2388.18,8139.22,8.471,0.03,395,2388,100.0,38.69,23.2694,68
84,200,-0.005,-0.0,100.0,518.67,643.14,1589.53,1420.3,14.62,21.61,552.61,2388.12,9059.3,1.3,47.69,521.22,2388.13,8138.68,8.4823,0.03,395,2388,100.0,38.76,23.1236,67
84,201,-0.0006,-0.0004,100.0,518.67,643.07,1603.59,1414.73,14.62,21.61,552.98,2388.12,9063.96,1.3,47.9,520.44,2388.15,8138.51,8.4553,0.03,394,2388,100.0,38.56,23.1552,66
84,202,-0.0014,-0.0,100.0,518.67,642.57,1600.08,1415.72,14.62,21.61,552.95,2388.17,9056.91,1.3,47.76,520.75,2388.18,8135.74,8.491,0.03,394,2388,100.0,38.46,23.0945,65
84,203,0.0012,0.0,100.0,518.67,643.3,1601.75,1420.62,14.62,21.61,553.04,2388.17,9056.73,1.3,47.62,520.92,2388.24,8145.61,8.4851,0.03,392,2388,100.0,38.5,23.2896,64
84,204,0.0014,0.0003,100.0,518.67,643.59,1603.34,1415.29,14.62,21.61,552.43,2388.19,9056.9,1.3,47.91,521.33,2388.21,8137.1,8.4884,0.03,394,2388,100.0,38.64,23.2838,63
84,205,0.0014,0.0002,100.0,518.67,642.96,1597.46,1425.7,14.62,21.61,552.3,2388.18,9060.55,1.3,47.67,520.24,2388.17,8136.07,8.4825,0.03,394,2388,100.0,38.52,23.0737,62
84,206,-0.0033,0.0001,100.0,518.67,643.33,1594.48,1417.2,14.62,21.61,552.2,2388.17,9067.02,1.3,47.73,520.8,2388.19,8129.13,8.4948,0.03,393,2388,100.0,38.49,23.2147,61
84,207,0.0009,0.0004,100.0,518.67,642.95,1601.07,1418.06,14.62,21.61,552.17,2388.15,9062.3,1.3,47.8,520.72,2388.16,8131.64,8.4654,0.03,394,2388,100.0,38.48,23.17,60
84,208,0.0011,0.0005,100.0,518.67,642.87,1593.26,1425.05,14.62,21.61,552.18,2388.19,9067.24,1.3,47.89,520.47,2388.22,8134.41,8.4703,0.03,394,2388,100.0,38.65,23.1343,59
84,209,-0.0013,-0.0002,100.0,518.67,643.12,1600.76,1420.4,14.62,21.61,551.97,2388.18,9061.69,1.3,47.76,520.42,2388.16,8134.38,8.4676,0.03,395,2388,100.0,38.65,23.2179,58
84,210,0.0047,-0.0002,100.0,518.67,643.46,1595.72,1418.21,14.62,21.61,552.7,2388.15,9055.89,1.3,48.03,520.48,2388.18,8133.66,8.4878,0.03,395,2388,100.0,38.75,23.231,57
84,211,0.0033,0.0005,100.0,518.67,642.77,1596.57,1417.92,14.62,21.61,552.51,2388.14,9065.48,1.3,47.85,520.73,2388.12,8138.04,8.4974,0.03,395,2388,100.0,38.61,23.1817,56
84,212,0.0007,-0.0003,100.0,518.67,643.27,1596.19,1418.69,14.62,21.61,552.4,2388.17,9061.75,1.3,47.83,520.43,2388.13,8136.42,8.4648,0.03,394,2388,100.0,38.6,23.183,55
84,213,-0.0027,-0.0004,100.0,518.67,643.18,1595.11,1418.3,14.62,21.61,552.17,2388.2,9070.82,1.3,47.74,520.58,2388.17,8140.68,8.4957,0.03,395,2388,100.0,38.56,23.2459,54
84,214,-0.0031,0.0002,100.0,518.67,643.16,1593.43,1422.9,14.62,21.61,552.67,2388.15,9067.58,1.3,47.94,520.08,2388.22,8133.71,8.4693,0.03,396,2388,100.0,38.58,23.2509,53
84,215,-0.005,-0.0,100.0,518.67,643.11,1592.57,1423.29,14.62,21.61,552.98,2388.17,9063.47,1.3,47.84,520.84,2388.2,8141.54,8.4936,0.03,395,2388,100.0,38.44,23.2071,52
84,216,-0.0018,-0.0001,100.0,518.67,643.13,1596.97,1417.51,14.62,21.61,552.49,2388.16,9066.58,1.3,47.74,520.65,2388.18,8139.97,8.4983,0.03,396,2388,100.0,38.61,23.1692,51
84,217,-0.0026,-0.0003,100.0,518.67,642.89,1597.06,1412.61,14.62,21.61,552.85,2388.15,9058.89,1.3,47.89,520.03,2388.19,8143.98,8.4746,0.03,393,2388,100.0,38.52,23.1836,50
84,218,0.0032,-0.0002,100.0,518.67,642.92,1594.07,1414.09,14.62,21.61,552.7,2388.16,9064.3,1.3,48.03,520.81,2388.22,8148.27,8.4838,0.03,395,2388,100.0,38.72,23.3263,49
84,219,0.0006,-0.0004,100.0,518.67,642.94,1598.13,1427.42,14.62,21.61,552.84,2388.17,9064.28,1.3,47.9,520.2,2388.17,8136.33,8.4758,0.03,394,2388,100.0,38.7,23.1862,48
84,220,0.0018,0.0004,100.0,518.67,643.41,1589.45,1424.73,14.62,21.61,552.82,2388.18,9058.21,1.3,47.76,520.43,2388.22,8138.75,8.4574,0.03,395,2388,100.0,38.68,23.1748,47
84,221,-0.0004,-0.0005,100.0,518.67,643.35,1593.91,1424.16,14.62,21.61,552.56,2388.22,9067.72,1.3,47.79,520.49,2388.17,8134.61,8.5287,0.03,395,2388,100.0,38.65,23.2562,46
84,222,0.0012,-0.0,100.0,518.67,643.63,1595.25,1417.57,14.62,21.61,552.05,2388.16,9060.49,1.3,47.76,520.43,2388.13,8140.15,8.4897,0.03,395,2388,100.0,38.51,23.0826,45
84,223,-0.0019,-0.0001,100.0,518.67,643.42,1597.16,1421.16,14.62,21.61,552.12,2388.17,9061.26,1.3,47.86,520.88,2388.26,8136.39,8.4846,0.03,394,2388,100.0,38.52,23.2339,44
84,224,-0.0009,0.0,100.0,518.67,642.71,1592.77,1420.93,14.62,21.61,552.13,2388.15,9061.16,1.3,47.93,520.46,2388.15,8136.71,8.4538,0.03,396,2388,100.0,38.5,23.3189,43
84,225,-0.0034,0.0004,100.0,518.67,642.87,1596.96,1420.15,14.62,21.61,552.25,2388.21,9062.06,1.3,47.84,520.03,2388.2,8141.07,8.4913,0.03,394,2388,100.0,38.64,23.0949,42
84,226,-0.0022,-0.0004,100.0,518.67,643.26,1593.38,1422.21,14.62,21.61,552.25,2388.13,9063.99,1.3,47.91,520.11,2388.21,8141.83,8.5022,0.03,395,2388,100.0,38.55,23.1058,41
84,227,-0.0011,-0.0005,100.0,518.67,643.32,1596.47,1427.1,14.62,21.61,551.98,2388.23,9061.21,1.3,47.8,520.21,2388.19,8139.05,8.5082,0.03,395,2388,100.0,38.63,23.1343,40
84,228,-0.0002,-0.0005,100.0,518.67,642.5,1592.91,1423.15,14.62,21.61,552.33,2388.18,9063.86,1.3,47.95,520.57,2388.18,8138.6,8.5095,0.03,395,2388,100.0,38.66,23.1125,39
84,229,-0.0005,-0.0005,100.0,518.67,643.35,1593.36,1422.96,14.62,21.61,552.34,2388.15,9068.65,1.3,47.87,520.21,2388.22,8137.48,8.4737,0.03,394,2388,100.0,38.6,23.2358,38
84,230,-0.0043,0.0001,100.0,518.67,643.14,1603.23,1419.91,14.62,21.61,552.03,2388.24,9058.99,1.3,47.85,520.02,2388.17,8138.06,8.4904,0.03,396,2388,100.0,38.68,23.1196,37
84,231,0.0003,0.0001,100.0,518.67,644.08,1596.17,1422.18,14.62,21.61,552.24,2388.17,9068.56,1.3,47.87,520.02,2388.15,8142.58,8.5083,0.03,394,2388,100.0,38.6,23.249,36
84,232,-0.0005,-0.0002,100.0,518.67,643.05,1598.35,1425.0,14.62,21.61,552.13,2388.19,9069.45,1.3,47.88,520.27,2388.19,8142.12,8.4854,0.03,396,2388,100.0,38.63,23.1939,35
84,233,-0.001,0.0002,100.0,518.67,642.74,1596.1,1420.96,14.62,21.61,552.47,2388.15,9064.55,1.3,47.89,520.62,2388.17,8140.23,8.474,0.03,395,2388,100.0,38.73,23.2206,34
84,234,-0.0044,-0.0004,100.0,518.67,643.18,1601.87,1426.88,14.62,21.61,551.77,2388.23,9062.82,1.3,47.87,520.42,2388.22,8144.82,8.5088,0.03,395,2388,100.0,38.7,23.1178,33
84,235,-0.0005,-0.0002,100.0,518.67,643.53,1598.9,1420.5,14.62,21.61,552.15,2388.13,9066.25,1.3,47.9,519.93,2388.17,8134.0,8.4482,0.03,395,2388,100.0,38.69,23.1971,32
84,236,0.0004,-0.0002,100.0,518.67,643.44,1601.21,1418.31,14.62,21.61,552.31,2388.18,9073.74,1.3,47.97,519.99,2388.2,8144.41,8.4735,0.03,394,2388,100.0,38.64,23.0403,31
84,237,0.0015,0.0003,100.0,518.67,643.36,1596.69,1419.05,14.62,21.61,551.49,2388.18,9071.3,1.3,47.98,520.39,2388.16,8147.09,8.4949,0.03,396,2388,100.0,38.48,23.087,30
84,238,-0.0021,-0.0002,100.0,518.67,643.33,1608.71,1431.8,14.62,21.61,553.35,2388.21,9068.72,1.3,47.88,520.17,2388.25,8146.24,8.507,0.03,395,2388,100.0,38.49,23.1865,29
84,239,-0.0029,-0.0004,100.0,518.67,642.95,1591.92,1417.63,14.62,21.61,552.3,2388.18,9064.22,1.3,47.85,520.14,2388.19,8143.45,8.4927,0.03,394,2388,100.0,38.6,23.1215,28
84,240,0.0017,-0.0005,100.0,518.67,643.39,1596.6,1417.97,14.62,21.61,552.56,2388.23,9065.01,1.3,47.96,520.54,2388.22,8138.74,8.4886,0.03,396,2388,100.0,38.64,23.185,27
84,241,0.0003,-0.0004,100.0,518.67,643.12,1608.22,1426.68,14.62,21.61,551.65,2388.24,9071.9,1.3,48.03,520.2,2388.2,8142.41,8.5318,0.03,396,2388,100.0,38.68,23.0856,26
84,242,-0.0033,0.0004,100.0,518.67,643.14,1603.06,1420.64,14.62,21.61,551.71,2388.2,9070.84,1.3,47.96,520.69,2388.21,8144.76,8.4686,0.03,396,2388,100.0,38.62,23.1049,25
84,243,-0.003,-0.0004,100.0,518.67,643.36,1601.29,1427.63,14.62,21.61,551.89,2388.2,9069.9,1.3,47.97,519.86,2388.24,8140.39,8.4991,0.03,396,2388,100.0,38.38,23.0507,24
84,244,0.0031,0.0002,100.0,518.67,643.57,1596.34,1425.06,14.62,21.61,552.36,2388.2,9065.53,1.3,47.95,519.98,2388.23,8145.07,8.5133,0.03,397,2388,100.0,38.57,23.076,23
84,245,-0.0017,-0.0001,100.0,518.67,643.8,1598.4,1422.77,14.62,21.61,551.69,2388.24,9073.57,1.3,48.06,520.37,2388.25,8142.15,8.4776,0.03,395,2388,100.0,38.63,23.1645,22
84,246,0.0018,-0.0004,100.0,518.67,643.14,1595.9,1418.57,14.62,21.61,552.33,2388.2,9068.99,1.3,48.05,520.66,2388.23,8146.88,8.4528,0.03,395,2388,100.0,38.68,23.0715,21
84,247,-0.0019,-0.0004,100.0,518.67,643.65,1611.57,1423.9,14.62,21.61,551.7,2388.21,9071.0,1.3,47.88,520.59,2388.14,8147.47,8.4694,0.03,395,2388,100.0,38.57,23.0683,20
84,248,0.0013,-0.0002,100.0,518.67,643.75,1599.69,1415.04,14.62,21.61,551.74,2388.19,9073.11,1.3,48.04,520.4,2388.21,8144.86,8.5116,0.03,395,2388,100.0,38.77,23.0883,19
84,249,-0.002,-0.0003,100.0,518.67,643.29,1601.26,1429.37,14.62,21.61,551.9,2388.18,9076.46,1.3,48.09,519.4,2388.19,8153.35,8.4889,0.03,396,2388,100.0,38.47,23.1147,18
84,250,0.0011,-0.0,100.0,518.67,643.27,1599.02,1422.64,14.62,21.61,551.48,2388.3,9079.22,1.3,48.01,519.93,2388.24,8144.44,8.4885,0.03,395,2388,100.0,38.26,23.1047,17
84,251,-0.0033,-0.0002,100.0,518.67,643.6,1600.32,1425.2,14.62,21.61,551.63,2388.23,9074.64,1.3,48.08,520.5,2388.17,8145.32,8.4867,0.03,396,2388,100.0,38.47,23.1155,16
84,252,-0.0001,-0.0004,100.0,518.67,643.31,1599.0,1425.48,14.62,21.61,551.9,2388.19,9071.71,1.3,48.16,520.43,2388.24,8145.85,8.5067,0.03,396,2388,100.0,38.53,23.0989,15
84,253,0.0027,-0.0004,100.0,518.67,643.49,1604.12,1425.97,14.62,21.61,552.33,2388.21,9074.34,1.3,48.03,519.23,2388.2,8145.92,8.5218,0.03,396,2388,100.0,38.41,23.1554,14
84,254,0.0008,0.0002,100.0,518.67,643.23,1597.37,1420.56,14.62,21.61,551.91,2388.24,9077.01,1.3,48.14,520.16,2388.18,8146.79,8.4733,0.03,395,2388,100.0,38.47,23.0382,13
84,255,0.0027,0.0004,100.0,518.67,643.49,1603.39,1425.64,14.62,21.61,551.44,2388.23,9070.78,1.3,47.9,520.19,2388.19,8150.36,8.4742,0.03,396,2388,100.0,38.49,23.1701,12
84,256,-0.0031,-0.0,100.0,518.67,643.24,1597.33,1430.68,14.62,21.61,551.8,2388.21,9072.41,1.3,48.04,520.33,2388.26,8147.2,8.5076,0.03,395,2388,100.0,38.54,23.0157,11
84,257,-0.0008,0.0002,100.0,518.67,643.54,1606.44,1425.2,14.62,21.61,552.17,2388.21,9074.74,1.3,48.05,520.38,2388.23,8147.05,8.5328,0.03,396,2388,100.0,38.47,23.0882,10
84,258,0.0033,-0.0003,100.0,518.67,644.34,1599.54,1420.96,14.62,21.61,551.6,2388.24,9071.07,1.3,48.0,519.6,2388.21,8145.0,8.4864,0.03,397,2388,100.0,38.28,23.0497,9
84,259,-0.0011,-0.0002,100.0,518.67,643.12,1603.12,1430.47,14.62,21.61,551.51,2388.24,9078.33,1.3,48.08,519.85,2388.32,8147.49,8.5274,0.03,394,2388,100.0,38.43,23.0957,8
84,260,-0.001,-0.0005,100.0,518.67,644.17,1596.12,1432.91,14.62,21.61,551.73,2388.2,9077.81,1.3,48.06,519.87,2388.24,8152.05,8.5262,0.03,395,2388,100.0,38.44,22.9976,7
84,261,0.0002,0.0005,100.0,518.67,643.99,1597.57,1422.32,14.62,21.61,551.92,2388.26,9070.99,1.3,48.15,519.96,2388.18,8154.63,8.519,0.03,397,2388,100.0,38.3,23.1134,6
84,262,-0.0012,-0.0005,100.0,518.67,643.03,1608.43,1430.82,14.62,21.61,551.32,2388.19,9075.19,1.3,48.09,519.55,2388.24,8147.66,8.5567,0.03,395,2388,100.0,38.63,23.1213,5
84,263,-0.0021,0.0004,100.0,518.67,643.69,1601.97,1422.61,14.62,21.61,551.72,2388.2,9073.18,1.3,48.17,520.11,2388.21,8151.87,8.5247,0.03,395,2388,100.0,38.41,23.0407,4
84,264,-0.0027,-0.0,100.0,518.67,643.34,1599.89,1429.65,14.62,21.61,551.54,2388.29,9078.16,1.3,47.87,519.66,2388.2,8148.87,8.5464,0.03,397,2388,100.0,38.49,22.9996,3
84,265,0.0026,0.0001,100.0,518.67,643.87,1598.81,1436.17,14.62,21.61,551.82,2388.19,9068.16,1.3,48.29,520.0,2388.18,8148.76,8.5113,0.03,396,2388,100.0,38.49,23.0383,2
84,266,-0.0013,-0.0,100.0,518.67,643.2,1605.59,1428.1,14.62,21.61,551.8,2388.25,9077.82,1.3,48.08,519.74,2388.2,8146.22,8.5336,0.03,395,2388,100.0,38.36,23.0022,1
84,267,-0.0023,0.0001,100.0,518.67,643.68,1606.08,1430.13,14.62,21.61,550.64,2388.25,9079.24,1.3,48.17,519.77,2388.23,8149.66,8.5367,0.03,396,2388,100.0,38.49,23.1018,0
85,1,0.0026,0.0003,100.0,518.67,642.31,1580.41,1404.26,14.62,21.61,553.92,2388.09,9047.33,1.3,47.31,522.02,2388.05,8131.67,8.3863,0.03,393,2388,100.0,38.95,23.3332,187
85,2,-0.0017,0.0002,100.0,518.67,642.37,1586.83,1396.63,14.62,21.61,553.5,2388.08,9042.51,1.3,47.3,521.73,2388.1,8135.57,8.4283,0.03,394,2388,100.0,38.96,23.3597,186
85,3,-0.0014,-0.0002,100.0,518.67,642.51,1589.86,1405.45,14.62,21.61,553.86,2388.07,9051.67,1.3,47.36,521.75,2388.08,8125.17,8.402,0.03,392,2388,100.0,38.84,23.3195,185
85,4,-0.0009,-0.0002,100.0,518.67,642.43,1591.46,1399.49,14.62,21.61,553.8,2388.11,9043.85,1.3,47.48,522.06,2388.06,8129.57,8.4057,0.03,393,2388,100.0,38.9,23.2142,184
85,5,0.0048,-0.0003,100.0,518.67,642.01,1589.04,1400.7,14.62,21.61,553.19,2388.09,9037.75,1.3,47.38,522.25,2388.13,8126.68,8.4239,0.03,393,2388,100.0,38.88,23.3594,183
85,6,0.0002,0.0002,100.0,518.67,642.09,1593.84,1413.45,14.62,21.61,553.93,2388.06,9051.59,1.3,47.23,521.91,2388.09,8129.5,8.422,0.03,392,2388,100.0,39.08,23.3577,182
85,7,0.0006,-0.0001,100.0,518.67,642.47,1589.94,1410.87,14.62,21.61,553.37,2388.05,9041.88,1.3,47.26,522.22,2388.08,8132.5,8.4264,0.03,393,2388,100.0,38.71,23.3937,181
85,8,-0.0025,0.0004,100.0,518.67,641.88,1583.06,1405.42,14.62,21.61,553.0,2388.08,9050.89,1.3,47.43,521.69,2388.04,8132.36,8.422,0.03,394,2388,100.0,38.97,23.3585,180
85,9,0.0009,-0.0002,100.0,518.67,642.38,1587.57,1401.93,14.62,21.6,554.52,2388.02,9057.19,1.3,47.43,521.03,2388.0,8135.38,8.4393,0.03,392,2388,100.0,38.91,23.3156,179
85,10,0.0007,-0.0004,100.0,518.67,642.59,1590.37,1405.7,14.62,21.61,553.13,2388.07,9048.57,1.3,47.32,521.66,2388.1,8130.35,8.3807,0.03,393,2388,100.0,38.86,23.2654,178
85,11,0.0046,-0.0002,100.0,518.67,642.27,1584.08,1409.61,14.62,21.61,553.59,2388.1,9052.57,1.3,47.48,521.47,2388.11,8127.45,8.4284,0.03,391,2388,100.0,38.94,23.3506,177
85,12,-0.0012,0.0004,100.0,518.67,642.89,1581.25,1405.2,14.62,21.61,553.92,2388.08,9050.98,1.3,47.31,521.41,2388.05,8133.9,8.4347,0.03,393,2388,100.0,38.77,23.2885,176
85,13,-0.0013,0.0002,100.0,518.67,642.2,1586.6,1409.83,14.62,21.61,554.05,2388.06,9054.49,1.3,47.54,521.36,2388.06,8134.67,8.4252,0.03,392,2388,100.0,38.9,23.3357,175
85,14,0.0007,0.0003,100.0,518.67,642.33,1583.61,1404.09,14.62,21.61,553.44,2388.05,9042.97,1.3,47.39,521.61,2388.09,8134.3,8.3953,0.03,391,2388,100.0,38.85,23.3549,174
85,15,-0.0029,-0.0004,100.0,518.67,642.62,1589.59,1405.94,14.62,21.61,553.69,2388.09,9051.28,1.3,47.37,522.0,2388.11,8127.6,8.3985,0.03,393,2388,100.0,38.88,23.3261,173
85,16,0.0004,0.0005,100.0,518.67,642.77,1582.07,1410.99,14.62,21.61,554.11,2388.05,9050.55,1.3,47.32,521.77,2388.07,8133.72,8.4512,0.03,391,2388,100.0,38.81,23.4112,172
85,17,0.0004,0.0003,100.0,518.67,642.93,1590.99,1408.9,14.62,21.61,553.32,2388.12,9045.83,1.3,47.32,521.21,2388.08,8127.8,8.4059,0.03,392,2388,100.0,39.07,23.4003,171
85,18,-0.0009,-0.0001,100.0,518.67,642.45,1583.27,1408.31,14.62,21.61,553.88,2388.08,9045.97,1.3,47.38,521.56,2388.06,8125.11,8.3959,0.03,392,2388,100.0,38.93,23.4061,170
85,19,-0.0007,0.0001,100.0,518.67,642.56,1588.44,1403.63,14.62,21.61,553.79,2388.04,9043.28,1.3,47.3,522.08,2388.11,8131.6,8.4319,0.03,393,2388,100.0,38.99,23.2704,169
85,20,0.0009,0.0003,100.0,518.67,642.45,1587.99,1406.19,14.62,21.61,553.77,2388.07,9049.52,1.3,47.22,521.37,2388.11,8128.84,8.4396,0.03,393,2388,100.0,39.08,23.3066,168
85,21,-0.0012,0.0,100.0,518.67,642.22,1585.68,1406.51,14.62,21.61,553.63,2388.1,9039.79,1.3,47.39,521.6,2388.13,8133.92,8.4333,0.03,392,2388,100.0,39.0,23.2366,167
85,22,0.0,0.0001,100.0,518.67,642.2,1582.56,1403.89,14.62,21.61,553.6,2388.09,9054.79,1.3,47.4,521.92,2388.07,8130.36,8.4127,0.03,393,2388,100.0,38.94,23.342,166
85,23,0.0057,0.0003,100.0,518.67,642.69,1591.33,1407.79,14.62,21.61,553.71,2388.13,9043.86,1.3,47.39,521.44,2388.08,8125.87,8.4387,0.03,393,2388,100.0,38.91,23.2444,165
85,24,0.0014,0.0003,100.0,518.67,642.11,1584.62,1401.73,14.62,21.61,553.8,2388.09,9046.58,1.3,47.45,521.59,2388.07,8125.71,8.4057,0.03,392,2388,100.0,38.88,23.2486,164
85,25,0.0008,0.0,100.0,518.67,642.47,1585.34,1404.21,14.62,21.61,553.19,2388.05,9045.29,1.3,47.51,521.04,2388.11,8127.25,8.4083,0.03,391,2388,100.0,38.72,23.4437,163
85,26,-0.0019,-0.0004,100.0,518.67,642.71,1584.58,1401.23,14.62,21.61,554.4,2388.08,9052.27,1.3,47.44,521.56,2388.06,8131.12,8.4405,0.03,393,2388,100.0,39.13,23.347,162
85,27,-0.001,-0.0002,100.0,518.67,642.64,1588.68,1402.45,14.62,21.61,553.97,2388.04,9055.42,1.3,47.47,522.16,2388.13,8132.9,8.3852,0.03,393,2388,100.0,39.08,23.3735,161
85,28,0.0015,-0.0002,100.0,518.67,642.4,1586.99,1403.32,14.62,21.61,554.0,2388.05,9057.27,1.3,47.37,521.67,2388.14,8131.5,8.4044,0.03,393,2388,100.0,38.79,23.3527,160
85,29,0.0018,-0.0003,100.0,518.67,642.45,1583.65,1410.27,14.62,21.61,553.5,2388.14,9051.14,1.3,47.48,522.01,2388.08,8130.98,8.4366,0.03,394,2388,100.0,39.06,23.2799,159
85,30,-0.0001,0.0002,100.0,518.67,642.73,1589.19,1407.82,14.62,21.61,553.21,2388.12,9042.61,1.3,47.48,521.37,2388.07,8129.81,8.4122,0.03,393,2388,100.0,38.82,23.3216,158
85,31,0.0024,-0.0,100.0,518.67,642.45,1591.3,1406.62,14.62,21.61,554.27,2388.06,9055.39,1.3,47.37,522.02,2388.1,8125.81,8.404,0.03,394,2388,100.0,38.89,23.4098,157
85,32,-0.0001,-0.0001,100.0,518.67,642.37,1581.62,1403.3,14.62,21.61,553.36,2388.07,9045.93,1.3,47.39,521.52,2388.09,8130.23,8.4086,0.03,393,2388,100.0,38.96,23.408,156
85,33,0.0,0.0004,100.0,518.67,642.47,1591.44,1403.23,14.62,21.61,554.12,2388.09,9044.35,1.3,47.35,521.89,2388.08,8122.3,8.4386,0.03,391,2388,100.0,38.89,23.3909,155
85,34,-0.0023,-0.0003,100.0,518.67,642.28,1588.51,1401.66,14.62,21.61,553.68,2388.02,9051.39,1.3,47.46,521.51,2388.06,8128.16,8.4209,0.03,393,2388,100.0,38.97,23.3551,154
85,35,-0.0031,0.0004,100.0,518.67,642.67,1588.03,1404.63,14.62,21.61,553.58,2388.07,9051.62,1.3,47.53,521.83,2388.12,8124.33,8.4248,0.03,391,2388,100.0,38.88,23.2829,153
85,36,-0.0021,0.0003,100.0,518.67,641.96,1585.14,1403.25,14.62,21.61,554.0,2388.12,9047.79,1.3,47.42,521.78,2388.15,8126.72,8.4366,0.03,392,2388,100.0,38.94,23.3038,152
85,37,0.0018,-0.0004,100.0,518.67,642.99,1593.95,1411.28,14.62,21.61,552.49,2388.1,9048.82,1.3,47.46,522.34,2388.12,8127.59,8.4327,0.03,392,2388,100.0,38.8,23.3718,151
85,38,-0.0014,0.0004,100.0,518.67,642.14,1583.88,1405.04,14.62,21.61,554.06,2388.05,9047.57,1.3,47.48,522.04,2388.1,8129.87,8.4401,0.03,393,2388,100.0,38.94,23.3578,150
85,39,0.0033,-0.0003,100.0,518.67,642.57,1587.6,1402.04,14.62,21.61,554.53,2388.13,9044.3,1.3,47.4,521.73,2388.06,8129.42,8.4211,0.03,392,2388,100.0,39.01,23.3667,149
85,40,-0.0044,0.0001,100.0,518.67,642.82,1592.13,1402.5,14.62,21.61,553.25,2388.13,9048.2,1.3,47.47,521.81,2388.1,8130.59,8.416,0.03,393,2388,100.0,38.77,23.3966,148
85,41,-0.0028,-0.0003,100.0,518.67,642.57,1591.49,1403.02,14.62,21.61,553.83,2388.1,9049.91,1.3,47.35,521.98,2388.1,8123.6,8.4392,0.03,393,2388,100.0,38.8,23.2299,147
85,42,-0.0021,-0.0003,100.0,518.67,642.45,1589.39,1399.22,14.62,21.61,553.66,2388.07,9046.73,1.3,47.33,521.38,2388.09,8126.91,8.4199,0.03,391,2388,100.0,38.74,23.3729,146
85,43,-0.001,-0.0003,100.0,518.67,642.73,1584.77,1405.57,14.62,21.61,552.87,2388.08,9049.61,1.3,47.53,521.88,2388.06,8133.24,8.4393,0.03,394,2388,100.0,38.85,23.4313,145
85,44,0.0008,0.0002,100.0,518.67,642.72,1588.86,1410.37,14.62,21.61,554.45,2388.03,9048.92,1.3,47.4,521.6,2388.12,8127.44,8.4138,0.03,393,2388,100.0,38.89,23.3747,144
85,45,-0.0012,0.0003,100.0,518.67,642.67,1590.15,1408.48,14.62,21.61,553.62,2388.11,9052.8,1.3,47.31,521.76,2388.07,8131.5,8.4402,0.03,394,2388,100.0,39.01,23.2769,143
85,46,-0.0008,0.0001,100.0,518.67,642.16,1591.45,1401.9,14.62,21.61,554.18,2388.17,9047.6,1.3,47.5,522.0,2388.09,8124.3,8.4418,0.03,393,2388,100.0,38.98,23.3411,142
85,47,-0.0019,-0.0005,100.0,518.67,642.63,1584.1,1401.53,14.62,21.61,553.6,2388.12,9037.76,1.3,47.46,521.87,2388.13,8128.51,8.4478,0.03,392,2388,100.0,39.03,23.3067,141
85,48,-0.0024,-0.0002,100.0,518.67,642.73,1587.05,1412.91,14.62,21.61,554.11,2388.1,9047.98,1.3,47.54,521.53,2388.07,8129.85,8.4147,0.03,392,2388,100.0,39.06,23.452,140
85,49,0.0002,0.0001,100.0,518.67,642.44,1594.21,1407.72,14.62,21.61,553.94,2388.1,9052.31,1.3,47.44,521.53,2388.12,8130.67,8.4278,0.03,393,2388,100.0,38.85,23.3197,139
85,50,0.0018,-0.0004,100.0,518.67,642.4,1592.68,1408.59,14.62,21.61,553.2,2388.13,9050.44,1.3,47.5,522.08,2388.08,8127.07,8.4445,0.03,394,2388,100.0,38.97,23.3855,138
85,51,-0.0002,-0.0001,100.0,518.67,642.41,1584.81,1408.1,14.62,21.61,553.41,2388.13,9049.9,1.3,47.38,521.42,2388.09,8129.22,8.4348,0.03,394,2388,100.0,38.95,23.2695,137
85,52,0.0004,-0.0005,100.0,518.67,642.2,1594.58,1406.78,14.62,21.61,553.19,2388.09,9048.58,1.3,47.46,521.77,2388.06,8130.44,8.438,0.03,392,2388,100.0,38.78,23.2944,136
85,53,0.0027,-0.0002,100.0,518.67,642.42,1586.59,1400.61,14.62,21.61,554.76,2388.06,9041.06,1.3,47.42,521.42,2388.07,8132.14,8.4335,0.03,391,2388,100.0,38.83,23.3808,135
85,54,-0.0021,-0.0002,100.0,518.67,642.2,1597.03,1407.74,14.62,21.61,553.74,2388.09,9048.2,1.3,47.31,521.17,2388.09,8127.52,8.4022,0.03,394,2388,100.0,38.99,23.1784,134
85,55,-0.0028,-0.0004,100.0,518.67,642.76,1589.41,1399.76,14.62,21.61,553.76,2388.09,9046.7,1.3,47.41,520.92,2388.1,8130.26,8.4167,0.03,392,2388,100.0,38.96,23.2452,133
85,56,0.0028,-0.0004,100.0,518.67,642.64,1590.52,1403.97,14.62,21.61,554.13,2388.11,9051.83,1.3,47.42,522.15,2388.1,8125.99,8.4284,0.03,393,2388,100.0,38.96,23.3748,132
85,57,0.0023,-0.0002,100.0,518.67,642.69,1584.34,1401.59,14.62,21.61,553.25,2388.13,9046.98,1.3,47.27,521.3,2388.08,8130.18,8.4318,0.03,393,2388,100.0,38.87,23.1746,131
85,58,-0.0043,-0.0004,100.0,518.67,642.86,1587.55,1401.53,14.62,21.61,553.61,2388.09,9044.8,1.3,47.43,522.15,2388.09,8124.96,8.4583,0.03,393,2388,100.0,38.88,23.3496,130
85,59,0.0021,0.0003,100.0,518.67,642.41,1581.12,1405.76,14.62,21.61,553.85,2388.1,9050.46,1.3,47.35,522.06,2388.09,8129.41,8.4333,0.03,393,2388,100.0,39.04,23.3655,129
85,60,-0.0038,-0.0005,100.0,518.67,642.13,1592.98,1398.84,14.62,21.61,553.83,2388.07,9043.36,1.3,47.37,521.27,2388.06,8133.4,8.4156,0.03,391,2388,100.0,38.91,23.2915,128
85,61,-0.0008,-0.0001,100.0,518.67,642.85,1581.17,1400.56,14.62,21.61,553.36,2388.11,9053.86,1.3,47.31,521.78,2388.11,8134.73,8.4412,0.03,392,2388,100.0,38.86,23.4161,127
85,62,0.0035,-0.0003,100.0,518.67,643.08,1591.1,1402.85,14.62,21.61,554.16,2388.12,9050.75,1.3,47.43,521.51,2388.08,8123.89,8.4309,0.03,392,2388,100.0,39.01,23.3259,126
85,63,-0.0014,-0.0002,100.0,518.67,642.18,1592.59,1405.09,14.62,21.61,554.55,2388.11,9051.02,1.3,47.29,521.85,2388.14,8128.6,8.4517,0.03,392,2388,100.0,38.83,23.3697,125
85,64,-0.0001,0.0001,100.0,518.67,642.72,1579.92,1402.52,14.62,21.61,553.56,2388.13,9049.84,1.3,47.24,521.66,2388.1,8127.92,8.4743,0.03,391,2388,100.0,38.79,23.3397,124
85,65,0.0015,-0.0002,100.0,518.67,642.63,1592.43,1401.01,14.62,21.61,553.7,2388.08,9046.04,1.3,47.62,521.38,2388.05,8132.23,8.4376,0.03,392,2388,100.0,38.81,23.2808,123
85,66,-0.0018,-0.0002,100.0,518.67,641.81,1591.27,1407.31,14.62,21.61,553.54,2388.11,9052.77,1.3,47.51,521.64,2388.08,8133.49,8.4003,0.03,393,2388,100.0,39.09,23.3484,122
85,67,-0.0005,0.0003,100.0,518.67,642.52,1587.97,1406.84,14.62,21.61,554.14,2388.17,9046.58,1.3,47.45,522.0,2388.1,8132.37,8.4413,0.03,392,2388,100.0,38.81,23.3884,121
85,68,0.0004,0.0005,100.0,518.67,642.74,1587.66,1405.33,14.62,21.61,554.18,2388.08,9053.12,1.3,47.37,522.5,2388.09,8127.72,8.4061,0.03,393,2388,100.0,38.93,23.2802,120
85,69,0.0016,0.0003,100.0,518.67,642.66,1586.48,1403.06,14.62,21.61,553.16,2388.06,9049.06,1.3,47.5,521.97,2388.1,8132.49,8.4128,0.03,394,2388,100.0,38.91,23.2975,119
85,70,0.001,0.0003,100.0,518.67,642.54,1587.26,1412.08,14.62,21.61,552.89,2388.13,9048.53,1.3,47.35,521.73,2388.15,8125.93,8.4326,0.03,394,2388,100.0,38.85,23.363,118
85,71,0.0016,-0.0001,100.0,518.67,642.82,1592.67,1405.49,14.62,21.61,554.0,2388.13,9049.74,1.3,47.45,521.62,2388.11,8126.68,8.443,0.03,392,2388,100.0,38.86,23.3271,117
85,72,0.0012,-0.0004,100.0,518.67,642.67,1590.62,1410.57,14.62,21.61,554.03,2388.13,9041.75,1.3,47.55,521.34,2388.1,8126.53,8.4418,0.03,392,2388,100.0,39.03,23.3665,116
85,73,0.0023,0.0002,100.0,518.67,642.93,1581.63,1402.76,14.62,21.61,553.94,2388.06,9043.85,1.3,47.4,521.69,2388.07,8138.3,8.4576,0.03,393,2388,100.0,38.85,23.2689,115
85,74,-0.0022,0.0004,100.0,518.67,642.31,1586.88,1412.5,14.62,21.61,553.87,2388.03,9047.65,1.3,47.48,521.6,2388.13,8134.19,8.4119,0.03,394,2388,100.0,39.13,23.3329,114
85,75,0.0034,-0.0002,100.0,518.67,642.55,1582.42,1402.67,14.62,21.61,553.64,2388.06,9044.12,1.3,47.65,521.47,2388.05,8130.46,8.4527,0.03,393,2388,100.0,38.84,23.1912,113
85,76,0.0014,0.0004,100.0,518.67,642.86,1587.6,1410.46,14.62,21.61,553.47,2388.06,9056.11,1.3,47.34,521.68,2388.15,8132.35,8.4623,0.03,393,2388,100.0,38.69,23.2664,112
85,77,0.0004,-0.0002,100.0,518.67,642.22,1589.93,1411.77,14.62,21.61,553.39,2388.12,9048.62,1.3,47.44,521.4,2388.15,8130.07,8.4172,0.03,393,2388,100.0,38.81,23.3432,111
85,78,-0.0023,0.0003,100.0,518.67,642.8,1584.81,1412.78,14.62,21.61,553.55,2388.14,9051.42,1.3,47.42,521.71,2388.09,8123.91,8.4328,0.03,392,2388,100.0,38.87,23.3254,110
85,79,0.0017,0.0003,100.0,518.67,642.43,1586.15,1406.39,14.62,21.61,553.89,2388.18,9051.34,1.3,47.4,521.64,2388.11,8126.88,8.4362,0.03,394,2388,100.0,38.73,23.3519,109
85,80,0.0022,0.0001,100.0,518.67,642.81,1586.53,1405.24,14.62,21.61,554.1,2388.07,9048.93,1.3,47.58,521.42,2388.1,8134.1,8.4267,0.03,393,2388,100.0,38.89,23.3615,108
85,81,0.0014,0.0001,100.0,518.67,642.26,1582.11,1401.47,14.62,21.61,552.26,2388.11,9045.85,1.3,47.36,521.56,2388.07,8134.66,8.429,0.03,392,2388,100.0,38.87,23.3273,107
85,82,-0.0013,0.0,100.0,518.67,642.08,1588.66,1409.23,14.62,21.61,553.88,2388.12,9052.14,1.3,47.47,521.76,2388.09,8132.88,8.4089,0.03,393,2388,100.0,38.97,23.3551,106
85,83,0.0018,0.0005,100.0,518.67,642.83,1592.39,1406.19,14.62,21.61,553.68,2388.1,9051.29,1.3,47.4,521.67,2388.13,8123.44,8.4276,0.03,392,2388,100.0,38.67,23.4252,105
85,84,-0.0002,-0.0002,100.0,518.67,642.69,1588.56,1414.89,14.62,21.61,552.39,2388.18,9052.15,1.3,47.62,522.13,2388.1,8128.97,8.4713,0.03,394,2388,100.0,38.89,23.25,104
85,85,-0.0016,-0.0002,100.0,518.67,642.48,1582.32,1407.92,14.62,21.61,553.56,2388.1,9052.11,1.3,47.63,521.93,2388.07,8128.81,8.4271,0.03,391,2388,100.0,38.93,23.2639,103
85,86,0.0012,-0.0005,100.0,518.67,642.91,1582.74,1404.08,14.62,21.61,553.4,2388.08,9052.3,1.3,47.58,521.35,2388.14,8133.33,8.4064,0.03,392,2388,100.0,38.87,23.38,102
85,87,0.0019,-0.0003,100.0,518.67,642.58,1583.6,1403.38,14.62,21.61,553.26,2388.1,9046.61,1.3,47.7,521.43,2388.13,8133.23,8.4214,0.03,394,2388,100.0,38.9,23.3083,101
85,88,0.0004,0.0002,100.0,518.67,642.19,1597.43,1407.13,14.62,21.61,553.58,2388.07,9054.09,1.3,47.55,521.82,2388.15,8132.71,8.4204,0.03,393,2388,100.0,38.8,23.2964,100
85,89,0.0046,-0.0002,100.0,518.67,643.02,1585.05,1410.43,14.62,21.61,553.73,2388.1,9048.24,1.3,47.5,521.54,2388.09,8125.67,8.4139,0.03,392,2388,100.0,38.85,23.3259,99
85,90,-0.0031,-0.0002,100.0,518.67,642.84,1587.94,1405.35,14.62,21.61,553.82,2388.14,9048.54,1.3,47.46,521.49,2388.13,8123.61,8.4304,0.03,391,2388,100.0,38.86,23.4024,98
85,91,-0.0013,-0.0004,100.0,518.67,642.35,1594.29,1406.98,14.62,21.61,553.74,2388.08,9053.23,1.3,47.42,521.68,2388.07,8130.4,8.4706,0.03,392,2388,100.0,38.87,23.3029,97
85,92,-0.0025,-0.0002,100.0,518.67,642.72,1586.52,1403.7,14.62,21.61,553.56,2388.09,9050.92,1.3,47.56,521.4,2388.12,8128.24,8.4463,0.03,392,2388,100.0,38.96,23.3022,96
85,93,-0.0012,0.0002,100.0,518.67,642.75,1596.04,1409.68,14.62,21.61,553.11,2388.08,9048.25,1.3,47.46,520.89,2388.13,8125.29,8.4477,0.03,391,2388,100.0,38.74,23.2868,95
85,94,0.0041,0.0002,100.0,518.67,642.36,1578.67,1405.02,14.62,21.61,553.18,2388.11,9041.47,1.3,47.64,521.96,2388.1,8131.02,8.3745,0.03,392,2388,100.0,38.89,23.2796,94
85,95,-0.0006,0.0005,100.0,518.67,642.56,1589.13,1409.58,14.62,21.61,552.86,2388.16,9048.52,1.3,47.56,521.75,2388.14,8131.38,8.4385,0.03,393,2388,100.0,38.87,23.3479,93
85,96,-0.0016,0.0002,100.0,518.67,642.34,1591.16,1399.48,14.62,21.61,554.1,2388.08,9048.11,1.3,47.49,521.17,2388.17,8128.21,8.4338,0.03,393,2388,100.0,38.76,23.356,92
85,97,-0.0036,0.0001,100.0,518.67,643.07,1591.43,1401.69,14.62,21.61,553.28,2388.18,9047.76,1.3,47.53,521.6,2388.15,8125.56,8.4295,0.03,392,2388,100.0,38.88,23.2559,91
85,98,-0.0017,0.0003,100.0,518.67,642.63,1596.99,1406.18,14.62,21.61,553.27,2388.07,9048.59,1.3,47.52,521.19,2388.12,8133.93,8.4643,0.03,393,2388,100.0,38.85,23.3123,90
85,99,-0.0019,0.0003,100.0,518.67,642.59,1600.02,1408.28,14.62,21.61,553.42,2388.13,9046.82,1.3,47.58,521.47,2388.16,8133.56,8.4136,0.03,395,2388,100.0,38.67,23.3731,89
85,100,-0.0011,0.0005,100.0,518.67,642.84,1590.36,1403.27,14.62,21.61,553.31,2388.11,9045.42,1.3,47.38,521.49,2388.11,8134.2,8.4253,0.03,393,2388,100.0,38.8,23.3634,88
85,101,0.0003,-0.0002,100.0,518.67,642.93,1591.15,1397.88,14.62,21.61,553.33,2388.15,9050.73,1.3,47.66,521.54,2388.08,8131.38,8.4342,0.03,394,2388,100.0,39.0,23.2381,87
85,102,0.0035,0.0005,100.0,518.67,642.52,1585.43,1407.96,14.62,21.61,553.58,2388.06,9050.98,1.3,47.63,521.22,2388.11,8134.68,8.4555,0.03,393,2388,100.0,38.98,23.1996,86
85,103,-0.0034,-0.0005,100.0,518.67,642.92,1587.12,1410.06,14.62,21.61,553.39,2388.09,9044.51,1.3,47.45,521.13,2388.1,8131.46,8.4471,0.03,394,2388,100.0,38.59,23.2953,85
85,104,-0.0009,0.0004,100.0,518.67,642.51,1597.02,1409.17,14.62,21.61,553.19,2388.08,9046.45,1.3,47.51,521.43,2388.15,8125.58,8.4348,0.03,393,2388,100.0,38.82,23.2883,84
85,105,0.0027,0.0003,100.0,518.67,642.56,1590.93,1408.2,14.62,21.61,553.14,2388.11,9047.47,1.3,47.56,521.18,2388.17,8131.57,8.4234,0.03,393,2388,100.0,38.81,23.2725,83
85,106,0.0016,0.0005,100.0,518.67,642.63,1587.61,1407.18,14.62,21.61,553.78,2388.14,9052.56,1.3,47.41,521.54,2388.12,8133.34,8.4333,0.03,392,2388,100.0,38.8,23.3443,82
85,107,0.0005,-0.0004,100.0,518.67,642.78,1588.13,1414.46,14.62,21.61,553.08,2388.16,9055.07,1.3,47.63,521.62,2388.08,8136.95,8.4268,0.03,394,2388,100.0,38.61,23.351,81
85,108,-0.0,0.0004,100.0,518.67,642.62,1589.73,1418.74,14.62,21.61,553.36,2388.13,9049.79,1.3,47.46,521.96,2388.17,8132.56,8.4695,0.03,393,2388,100.0,38.81,23.4624,80
85,109,0.0002,-0.0002,100.0,518.67,642.47,1594.3,1403.84,14.62,21.61,553.72,2388.12,9051.96,1.3,47.66,521.29,2388.16,8129.55,8.4577,0.03,393,2388,100.0,38.84,23.297,79
85,110,-0.0074,0.0002,100.0,518.67,642.0,1595.15,1410.89,14.62,21.61,552.96,2388.07,9052.06,1.3,47.59,521.42,2388.08,8131.15,8.4347,0.03,393,2388,100.0,38.86,23.2891,78
85,111,-0.0021,-0.0001,100.0,518.67,642.74,1586.38,1407.94,14.62,21.61,553.41,2388.19,9055.1,1.3,47.42,521.41,2388.12,8128.48,8.3903,0.03,392,2388,100.0,38.94,23.178,77
85,112,-0.0057,0.0002,100.0,518.67,642.99,1584.86,1411.02,14.62,21.61,552.93,2388.1,9051.8,1.3,47.65,520.85,2388.08,8133.69,8.463,0.03,394,2388,100.0,38.79,23.2487,76
85,113,0.0005,-0.0002,100.0,518.67,642.66,1589.26,1415.26,14.62,21.61,553.03,2388.08,9055.7,1.3,47.53,520.75,2388.12,8133.45,8.4552,0.03,393,2388,100.0,38.78,23.2645,75
85,114,-0.0046,0.0003,100.0,518.67,642.81,1589.85,1411.23,14.62,21.61,553.87,2388.17,9041.18,1.3,47.52,521.52,2388.11,8132.25,8.4512,0.03,394,2388,100.0,38.8,23.1966,74
85,115,-0.002,0.0002,100.0,518.67,642.39,1594.41,1412.62,14.62,21.61,553.5,2388.12,9045.46,1.3,47.51,520.94,2388.08,8131.06,8.4284,0.03,392,2388,100.0,38.94,23.1792,73
85,116,0.0004,0.0,100.0,518.67,642.49,1594.11,1406.09,14.62,21.61,552.65,2388.14,9043.62,1.3,47.49,520.79,2388.1,8125.78,8.4657,0.03,394,2388,100.0,38.66,23.2875,72
85,117,-0.0012,-0.0001,100.0,518.67,642.58,1590.6,1416.04,14.62,21.61,552.83,2388.17,9053.15,1.3,47.65,521.03,2388.17,8128.5,8.4674,0.03,392,2388,100.0,38.66,23.2665,71
85,118,0.0001,0.0004,100.0,518.67,643.07,1588.18,1410.84,14.62,21.61,552.74,2388.12,9049.52,1.3,47.58,521.77,2388.08,8128.9,8.4736,0.03,394,2388,100.0,38.82,23.2192,70
85,119,0.0035,-0.0003,100.0,518.67,642.55,1591.65,1410.29,14.62,21.61,553.36,2388.11,9054.13,1.3,47.58,521.07,2388.15,8135.16,8.467,0.03,392,2388,100.0,38.76,23.3847,69
85,120,0.0008,-0.0001,100.0,518.67,642.71,1586.63,1405.96,14.62,21.61,553.52,2388.1,9050.64,1.3,47.42,521.14,2388.17,8134.69,8.411,0.03,393,2388,100.0,38.77,23.2864,68
85,121,-0.0008,-0.0004,100.0,518.67,642.9,1592.26,1413.09,14.62,21.61,553.36,2388.09,9050.53,1.3,47.62,521.01,2388.14,8133.32,8.4663,0.03,392,2388,100.0,38.85,23.1731,67
85,122,0.0,0.0003,100.0,518.67,642.99,1588.02,1415.86,14.62,21.61,553.21,2388.14,9047.51,1.3,47.64,521.37,2388.2,8126.6,8.4693,0.03,394,2388,100.0,38.75,23.3959,66
85,123,0.0018,0.0004,100.0,518.67,642.67,1590.84,1415.71,14.62,21.61,552.25,2388.16,9060.47,1.3,47.59,521.33,2388.13,8133.25,8.4464,0.03,394,2388,100.0,38.85,23.369,65
85,124,0.0027,-0.0003,100.0,518.67,642.6,1591.6,1413.87,14.62,21.61,553.54,2388.13,9061.21,1.3,47.74,521.56,2388.11,8129.59,8.4535,0.03,393,2388,100.0,38.53,23.2835,64
85,125,0.0024,-0.0003,100.0,518.67,642.73,1588.86,1411.02,14.62,21.61,552.62,2388.2,9051.14,1.3,47.6,521.11,2388.13,8132.59,8.4699,0.03,393,2388,100.0,38.75,23.348,63
85,126,-0.0011,-0.0001,100.0,518.67,642.48,1582.8,1410.98,14.62,21.61,553.47,2388.14,9051.69,1.3,47.56,520.84,2388.11,8128.59,8.4621,0.03,394,2388,100.0,38.72,23.3288,62
85,127,0.0009,0.0002,100.0,518.67,642.62,1596.08,1407.35,14.62,21.61,552.84,2388.16,9053.49,1.3,47.64,520.94,2388.16,8134.11,8.4416,0.03,395,2388,100.0,38.89,23.2047,61
85,128,-0.0021,-0.0002,100.0,518.67,642.78,1598.95,1412.49,14.62,21.61,553.16,2388.17,9045.24,1.3,47.75,521.26,2388.11,8126.82,8.4222,0.03,393,2388,100.0,38.77,23.314,60
85,129,0.0024,-0.0004,100.0,518.67,642.86,1588.62,1413.53,14.62,21.61,552.6,2388.15,9050.09,1.3,47.52,521.38,2388.18,8127.39,8.4332,0.03,394,2388,100.0,38.94,23.2598,59
85,130,-0.0021,0.0002,100.0,518.67,642.73,1593.66,1414.7,14.62,21.61,552.92,2388.12,9048.64,1.3,47.78,521.05,2388.14,8129.4,8.46,0.03,393,2388,100.0,38.78,23.2158,58
85,131,0.0009,-0.0003,100.0,518.67,643.16,1589.06,1417.53,14.62,21.61,552.98,2388.2,9049.64,1.3,47.6,521.13,2388.16,8126.72,8.4472,0.03,393,2388,100.0,38.86,23.2057,57
85,132,0.002,0.0002,100.0,518.67,642.93,1589.54,1405.27,14.62,21.61,553.31,2388.12,9054.94,1.3,47.63,521.49,2388.15,8133.05,8.4804,0.03,395,2388,100.0,38.83,23.2875,56
85,133,0.0004,-0.0004,100.0,518.67,642.94,1585.82,1419.04,14.62,21.61,553.03,2388.16,9046.65,1.3,47.71,520.91,2388.13,8133.92,8.461,0.03,393,2388,100.0,38.72,23.2633,55
85,134,0.0003,-0.0,100.0,518.67,642.91,1595.81,1412.86,14.62,21.61,552.58,2388.18,9046.89,1.3,47.98,521.13,2388.14,8129.35,8.4845,0.03,393,2388,100.0,38.78,23.1533,54
85,135,0.0032,0.0005,100.0,518.67,642.82,1597.07,1406.59,14.62,21.61,552.65,2388.15,9049.56,1.3,47.76,521.16,2388.11,8131.89,8.4415,0.03,393,2388,100.0,38.87,23.3691,53
85,136,-0.0029,-0.0002,100.0,518.67,642.74,1592.28,1415.14,14.62,21.61,553.27,2388.18,9056.69,1.3,47.63,520.68,2388.17,8130.54,8.4599,0.03,395,2388,100.0,38.66,23.3203,52
85,137,0.0016,0.0001,100.0,518.67,642.8,1590.67,1415.8,14.62,21.61,553.05,2388.12,9050.16,1.3,47.45,520.9,2388.14,8124.58,8.4586,0.03,392,2388,100.0,38.75,23.2978,51
85,138,0.0019,0.0,100.0,518.67,642.77,1590.16,1415.5,14.62,21.61,552.66,2388.15,9050.47,1.3,47.73,520.89,2388.15,8131.14,8.4512,0.03,393,2388,100.0,38.84,23.2292,50
85,139,0.0,0.0004,100.0,518.67,642.45,1589.38,1414.03,14.62,21.61,553.19,2388.12,9056.11,1.3,47.49,521.66,2388.15,8128.31,8.4703,0.03,394,2388,100.0,38.81,23.2242,49
85,140,0.0028,0.0004,100.0,518.67,642.56,1593.74,1414.74,14.62,21.61,552.75,2388.15,9054.27,1.3,47.62,521.08,2388.19,8129.98,8.4716,0.03,393,2388,100.0,38.73,23.1505,48
85,141,-0.003,0.0001,100.0,518.67,642.83,1594.54,1416.22,14.62,21.61,553.22,2388.14,9048.77,1.3,47.75,520.48,2388.16,8131.65,8.4434,0.03,393,2388,100.0,38.69,23.2326,47
85,142,0.0004,-0.0,100.0,518.67,642.56,1589.95,1414.78,14.62,21.61,552.74,2388.15,9052.15,1.3,47.62,520.81,2388.15,8130.07,8.457,0.03,393,2388,100.0,38.6,23.2029,46
85,143,-0.0031,0.0001,100.0,518.67,642.99,1599.37,1406.55,14.62,21.61,552.25,2388.22,9054.79,1.3,47.69,520.89,2388.19,8128.17,8.449,0.03,393,2388,100.0,38.8,23.3025,45
85,144,0.0023,-0.0001,100.0,518.67,642.62,1587.55,1416.24,14.62,21.61,553.19,2388.14,9055.93,1.3,47.64,521.08,2388.16,8129.67,8.4681,0.03,393,2388,100.0,38.7,23.2567,44
85,145,0.004,-0.0001,100.0,518.67,643.1,1589.98,1414.98,14.62,21.61,553.35,2388.1,9051.65,1.3,47.65,520.77,2388.16,8127.82,8.4544,0.03,394,2388,100.0,38.77,23.2346,43
85,146,0.0004,-0.0001,100.0,518.67,643.05,1593.06,1418.23,14.62,21.61,552.89,2388.11,9062.92,1.3,47.64,520.48,2388.16,8133.69,8.4593,0.03,394,2388,100.0,38.71,23.2775,42
85,147,-0.0013,0.0001,100.0,518.67,642.84,1589.75,1415.85,14.62,21.61,553.02,2388.12,9054.01,1.3,47.59,521.0,2388.17,8136.15,8.4405,0.03,395,2388,100.0,38.69,23.1636,41
85,148,-0.0008,0.0004,100.0,518.67,642.98,1595.08,1413.16,14.62,21.61,552.69,2388.12,9049.4,1.3,47.97,521.0,2388.19,8134.82,8.4933,0.03,395,2388,100.0,38.81,23.0943,40
85,149,-0.0007,0.0003,100.0,518.67,643.27,1597.14,1417.62,14.62,21.61,552.22,2388.16,9048.17,1.3,47.74,520.82,2388.17,8126.27,8.464,0.03,394,2388,100.0,38.66,23.2292,39
85,150,-0.0011,0.0001,100.0,518.67,642.84,1599.33,1418.69,14.62,21.61,553.14,2388.15,9057.05,1.3,47.82,520.78,2388.22,8132.0,8.4465,0.03,396,2388,100.0,38.74,23.2197,38
85,151,0.0018,0.0003,100.0,518.67,643.1,1596.68,1416.15,14.62,21.61,552.77,2388.16,9048.31,1.3,47.68,520.72,2388.2,8132.93,8.4841,0.03,394,2388,100.0,38.83,23.1524,37
85,152,0.0003,-0.0002,100.0,518.67,643.63,1595.65,1419.63,14.62,21.61,552.24,2388.21,9059.11,1.3,47.77,520.88,2388.17,8128.07,8.4892,0.03,392,2388,100.0,38.69,23.2134,36
85,153,-0.0008,0.0,100.0,518.67,643.21,1593.73,1416.61,14.62,21.61,552.57,2388.14,9053.5,1.3,47.88,520.35,2388.17,8128.17,8.444,0.03,396,2388,100.0,38.83,23.2369,35
85,154,0.0027,0.0002,100.0,518.67,642.43,1598.05,1410.2,14.62,21.61,552.09,2388.16,9058.28,1.3,47.9,520.38,2388.21,8131.78,8.4625,0.03,395,2388,100.0,38.62,23.2579,34
85,155,-0.0047,-0.0001,100.0,518.67,642.44,1590.34,1415.3,14.62,21.61,551.94,2388.17,9056.27,1.3,47.94,520.42,2388.21,8131.99,8.4614,0.03,395,2388,100.0,38.69,23.1336,33
85,156,-0.0019,0.0001,100.0,518.67,642.8,1588.51,1413.48,14.62,21.61,552.78,2388.14,9043.28,1.3,47.73,521.06,2388.17,8130.03,8.4319,0.03,395,2388,100.0,38.6,23.2906,32
85,157,0.0,0.0001,100.0,518.67,642.85,1593.68,1410.03,14.62,21.61,552.67,2388.2,9044.9,1.3,47.72,520.52,2388.19,8133.19,8.4758,0.03,395,2388,100.0,38.59,23.2562,31
85,158,0.0037,-0.0005,100.0,518.67,643.18,1596.09,1412.39,14.62,21.61,552.71,2388.2,9055.92,1.3,47.77,519.73,2388.17,8126.59,8.4769,0.03,397,2388,100.0,38.64,23.1704,30
85,159,0.0021,0.0005,100.0,518.67,643.04,1596.61,1419.17,14.62,21.61,552.62,2388.2,9053.27,1.3,47.76,520.74,2388.27,8135.72,8.464,0.03,393,2388,100.0,38.72,23.2196,29
85,160,0.0003,0.0001,100.0,518.67,643.44,1595.24,1411.77,14.62,21.61,552.04,2388.19,9046.77,1.3,47.84,520.01,2388.17,8127.44,8.4973,0.03,395,2388,100.0,38.54,23.1647,28
85,161,0.0005,-0.0002,100.0,518.67,642.96,1587.66,1423.21,14.62,21.61,553.17,2388.18,9057.59,1.3,47.89,520.54,2388.21,8132.61,8.5174,0.03,394,2388,100.0,38.52,23.1855,27
85,162,0.0014,-0.0,100.0,518.67,643.09,1595.75,1418.08,14.62,21.61,552.06,2388.2,9061.84,1.3,47.99,520.28,2388.17,8134.07,8.4755,0.03,395,2388,100.0,38.57,23.1884,26
85,163,-0.0006,-0.0,100.0,518.67,643.54,1596.76,1420.38,14.62,21.61,551.13,2388.2,9058.94,1.3,47.86,520.51,2388.21,8130.76,8.4576,0.03,394,2388,100.0,38.65,23.2047,25
85,164,-0.002,0.0,100.0,518.67,642.91,1594.25,1423.33,14.62,21.61,552.33,2388.21,9058.7,1.3,47.77,520.88,2388.21,8128.0,8.4645,0.03,396,2388,100.0,38.66,23.2233,24
85,165,-0.0007,-0.0001,100.0,518.67,643.72,1602.42,1419.58,14.62,21.61,552.09,2388.23,9053.22,1.3,47.8,520.39,2388.18,8127.75,8.4798,0.03,393,2388,100.0,38.54,23.3028,23
85,166,-0.0026,0.0003,100.0,518.67,643.4,1595.43,1419.23,14.62,21.61,552.47,2388.22,9060.09,1.3,47.87,520.13,2388.15,8130.82,8.4321,0.03,394,2388,100.0,38.76,23.1859,22
85,167,-0.0021,0.0002,100.0,518.67,643.16,1592.47,1418.52,14.62,21.61,552.06,2388.18,9047.15,1.3,48.06,520.2,2388.21,8128.63,8.4792,0.03,394,2388,100.0,38.53,23.0996,21
85,168,0.0003,0.0005,100.0,518.67,643.53,1598.6,1420.12,14.62,21.61,552.09,2388.21,9058.39,1.3,47.78,520.04,2388.23,8129.96,8.4593,0.03,395,2388,100.0,38.63,23.0746,20
85,169,-0.0013,-0.0002,100.0,518.67,644.0,1594.95,1418.24,14.62,21.61,552.42,2388.22,9052.49,1.3,48.0,520.37,2388.18,8133.28,8.4908,0.03,396,2388,100.0,38.64,23.2287,19
85,170,0.0041,0.0001,100.0,518.67,642.96,1604.75,1422.63,14.62,21.61,551.59,2388.23,9052.84,1.3,47.81,519.9,2388.19,8131.32,8.4686,0.03,392,2388,100.0,38.59,23.1941,18
85,171,-0.0005,0.0003,100.0,518.67,642.85,1597.2,1421.75,14.62,21.61,552.27,2388.17,9057.35,1.3,47.9,520.37,2388.22,8131.67,8.4732,0.03,395,2388,100.0,38.64,23.1862,17
85,172,-0.0002,-0.0005,100.0,518.67,643.44,1597.6,1419.92,14.62,21.61,551.46,2388.18,9059.89,1.3,48.05,519.97,2388.24,8134.38,8.4852,0.03,395,2388,100.0,38.51,23.0902,16
85,173,0.0009,0.0003,100.0,518.67,643.29,1600.69,1423.19,14.62,21.61,551.96,2388.23,9054.41,1.3,48.05,520.29,2388.19,8132.57,8.5235,0.03,395,2388,100.0,38.8,23.1496,15
85,174,0.002,-0.0004,100.0,518.67,643.04,1600.66,1415.58,14.62,21.61,552.07,2388.18,9054.37,1.3,48.03,520.28,2388.29,8128.41,8.52,0.03,395,2388,100.0,38.36,23.0904,14
85,175,0.002,0.0003,100.0,518.67,643.38,1602.32,1426.56,14.62,21.61,551.8,2388.24,9051.44,1.3,48.05,520.19,2388.25,8125.05,8.5347,0.03,397,2388,100.0,38.5,23.0986,13
85,176,0.0016,0.0004,100.0,518.67,643.54,1589.61,1420.49,14.62,21.61,551.33,2388.26,9057.52,1.3,48.03,520.34,2388.23,8122.34,8.461,0.03,396,2388,100.0,38.42,23.1604,12
85,177,-0.0001,-0.0003,100.0,518.67,643.61,1600.52,1423.15,14.62,21.61,551.46,2388.24,9055.33,1.3,47.85,519.95,2388.23,8126.54,8.4922,0.03,395,2388,100.0,38.55,23.1178,11
85,178,-0.0027,0.0005,100.0,518.67,643.26,1596.33,1423.46,14.62,21.61,552.14,2388.24,9060.73,1.3,48.08,519.99,2388.24,8124.63,8.5374,0.03,396,2388,100.0,38.43,23.1447,10
85,179,-0.0009,-0.0001,100.0,518.67,643.18,1595.08,1425.33,14.62,21.61,551.52,2388.28,9060.1,1.3,48.06,520.09,2388.26,8127.98,8.5197,0.03,397,2388,100.0,38.52,23.0636,9
85,180,0.0041,-0.0003,100.0,518.67,643.07,1602.45,1417.81,14.62,21.61,551.45,2388.22,9065.66,1.3,48.08,520.24,2388.2,8128.59,8.4889,0.03,396,2388,100.0,38.56,23.1143,8
85,181,0.0013,0.0003,100.0,518.67,643.54,1600.93,1426.82,14.62,21.61,551.32,2388.25,9048.0,1.3,47.86,520.07,2388.26,8131.24,8.5189,0.03,395,2388,100.0,38.65,23.0663,7
85,182,-0.0006,-0.0003,100.0,518.67,643.71,1596.88,1427.47,14.62,21.61,551.3,2388.19,9056.46,1.3,48.04,519.94,2388.24,8129.09,8.5229,0.03,396,2388,100.0,38.43,23.0905,6
85,183,-0.0023,-0.0002,100.0,518.67,643.53,1593.83,1433.5,14.62,21.61,552.34,2388.26,9060.71,1.3,48.11,520.09,2388.28,8126.63,8.5011,0.03,396,2388,100.0,38.5,23.1061,5
85,184,-0.0004,-0.0,100.0,518.67,643.02,1604.28,1422.37,14.62,21.61,551.05,2388.27,9053.56,1.3,48.14,519.52,2388.24,8135.45,8.5141,0.03,396,2388,100.0,38.51,23.0506,4
85,185,0.0016,0.0001,100.0,518.67,643.47,1596.5,1430.94,14.62,21.61,551.51,2388.28,9051.54,1.3,48.07,520.19,2388.27,8130.32,8.505,0.03,396,2388,100.0,38.46,23.0618,3
85,186,-0.0003,-0.0001,100.0,518.67,643.7,1598.59,1430.96,14.62,21.61,551.29,2388.34,9055.69,1.3,48.16,519.71,2388.28,8122.78,8.5387,0.03,396,2388,100.0,38.49,23.0475,2
85,187,-0.0014,-0.0002,100.0,518.67,644.02,1597.34,1430.78,14.62,21.61,551.02,2388.26,9056.11,1.3,48.35,518.83,2388.29,8127.76,8.5517,0.03,397,2388,100.0,38.42,23.1251,1
85,188,-0.0014,0.0,100.0,518.67,643.64,1603.1,1434.88,14.62,21.61,551.23,2388.28,9050.97,1.3,48.17,519.61,2388.3,8124.14,8.4977,0.03,396,2388,100.0,38.61,22.9752,0
86,1,0.0014,-0.0,100.0,518.67,643.06,1593.71,1408.42,14.62,21.61,554.35,2388.05,9060.64,1.3,47.35,522.38,2388.09,8136.32,8.4239,0.03,392,2388,100.0,38.82,23.4096,277
86,2,0.0034,-0.0005,100.0,518.67,642.41,1602.39,1407.07,14.62,21.6,553.84,2388.07,9067.94,1.3,47.51,521.68,2388.09,8138.02,8.4522,0.03,393,2388,100.0,38.97,23.3046,276
86,3,-0.0004,0.0,100.0,518.67,642.79,1583.74,1407.67,14.62,21.61,554.17,2388.08,9058.55,1.3,47.5,521.84,2388.11,8140.18,8.4097,0.03,392,2388,100.0,38.89,23.3123,275
86,4,-0.003,0.0002,100.0,518.67,642.28,1587.97,1399.32,14.62,21.61,553.85,2388.07,9059.9,1.3,47.29,522.14,2388.02,8144.68,8.4076,0.03,391,2388,100.0,38.82,23.2605,274
86,5,0.0019,0.0004,100.0,518.67,642.5,1589.78,1407.85,14.62,21.61,553.33,2388.05,9061.34,1.3,47.51,521.82,2388.11,8143.84,8.4116,0.03,391,2388,100.0,39.12,23.4223,273
86,6,-0.0003,0.0002,100.0,518.67,643.16,1591.03,1407.62,14.62,21.61,554.07,2388.08,9060.78,1.3,47.69,521.69,2388.07,8144.5,8.4499,0.03,393,2388,100.0,38.81,23.2583,272
86,7,0.0005,-0.0005,100.0,518.67,642.35,1585.02,1403.66,14.62,21.61,553.83,2388.04,9061.15,1.3,47.32,521.54,2388.05,8138.75,8.4671,0.03,392,2388,100.0,38.97,23.3339,271
86,8,-0.0003,0.0001,100.0,518.67,643.01,1582.3,1409.89,14.62,21.61,554.11,2387.98,9053.38,1.3,47.31,521.92,2388.01,8137.93,8.4597,0.03,392,2388,100.0,39.1,23.3448,270
86,9,-0.0015,-0.0,100.0,518.67,642.29,1586.49,1401.55,14.62,21.61,553.56,2388.07,9055.51,1.3,47.56,521.72,2388.13,8140.46,8.3998,0.03,393,2388,100.0,39.05,23.4663,269
86,10,0.001,0.0002,100.0,518.67,642.62,1587.37,1401.4,14.62,21.61,554.32,2388.05,9064.18,1.3,47.49,521.92,2388.03,8137.36,8.4148,0.03,394,2388,100.0,38.79,23.3423,268
86,11,0.001,0.0004,100.0,518.67,642.76,1590.64,1398.88,14.62,21.61,554.1,2388.03,9057.69,1.3,47.31,521.54,2388.05,8143.3,8.4034,0.03,393,2388,100.0,38.86,23.2945,267
86,12,-0.0018,0.0004,100.0,518.67,642.41,1589.18,1404.37,14.62,21.61,554.05,2388.04,9064.33,1.3,47.28,521.35,2388.1,8140.45,8.4069,0.03,392,2388,100.0,38.89,23.492,266
86,13,0.0049,-0.0004,100.0,518.67,642.56,1590.84,1403.51,14.62,21.61,554.06,2388.08,9053.93,1.3,47.39,521.44,2388.1,8135.93,8.4416,0.03,393,2388,100.0,39.02,23.3551,265
86,14,0.0003,0.0002,100.0,518.67,642.43,1582.7,1411.21,14.62,21.61,553.68,2388.08,9063.96,1.3,47.28,521.9,2388.06,8138.81,8.4378,0.03,392,2388,100.0,38.64,23.3873,264
86,15,-0.0001,-0.0003,100.0,518.67,642.56,1584.94,1406.71,14.62,21.61,553.13,2388.06,9065.57,1.3,47.54,522.25,2388.04,8145.74,8.4243,0.03,393,2388,100.0,39.0,23.2888,263
86,16,-0.0009,0.0004,100.0,518.67,642.73,1590.43,1399.81,14.62,21.61,554.21,2388.06,9063.52,1.3,47.46,522.11,2388.06,8140.14,8.3922,0.03,391,2388,100.0,38.85,23.2716,262
86,17,0.001,-0.0004,100.0,518.67,642.68,1587.61,1400.08,14.62,21.61,553.3,2388.04,9056.71,1.3,47.44,521.54,2388.06,8145.05,8.3858,0.03,392,2388,100.0,38.77,23.2346,261
86,18,0.0016,0.0003,100.0,518.67,642.65,1596.39,1397.51,14.62,21.61,553.27,2388.08,9062.54,1.3,47.53,521.84,2388.06,8138.91,8.4062,0.03,393,2388,100.0,38.84,23.3539,260
86,19,0.0022,-0.0001,100.0,518.67,642.39,1583.43,1404.43,14.62,21.61,553.24,2388.08,9060.48,1.3,47.51,521.61,2388.05,8140.3,8.4605,0.03,391,2388,100.0,38.74,23.3869,259
86,20,-0.0005,0.0005,100.0,518.67,642.71,1589.02,1407.81,14.62,21.61,553.26,2388.03,9066.97,1.3,47.22,521.36,2388.04,8139.62,8.426,0.03,393,2388,100.0,38.9,23.4574,258
86,21,-0.0024,0.0001,100.0,518.67,643.02,1583.21,1399.7,14.62,21.61,554.61,2388.09,9063.15,1.3,47.37,521.74,2388.06,8138.61,8.4285,0.03,393,2388,100.0,38.9,23.4391,257
86,22,-0.0009,-0.0,100.0,518.67,642.56,1585.53,1401.87,14.62,21.61,553.61,2388.06,9064.18,1.3,47.53,521.61,2388.06,8141.27,8.4699,0.03,392,2388,100.0,38.79,23.3393,256
86,23,-0.001,0.0,100.0,518.67,642.26,1595.97,1401.04,14.62,21.61,553.94,2388.05,9057.46,1.3,47.38,522.11,2388.08,8144.81,8.4147,0.03,393,2388,100.0,38.95,23.3704,255
86,24,-0.0016,-0.0005,100.0,518.67,642.74,1592.33,1402.5,14.62,21.61,553.89,2388.1,9062.59,1.3,47.47,521.5,2388.09,8139.85,8.4285,0.03,394,2388,100.0,38.92,23.3893,254
86,25,-0.0003,-0.0,100.0,518.67,642.81,1592.84,1400.92,14.62,21.61,553.59,2388.08,9063.14,1.3,47.24,521.65,2388.1,8141.78,8.459,0.03,394,2388,100.0,39.07,23.3068,253
86,26,0.0042,0.0004,100.0,518.67,642.4,1586.33,1408.56,14.62,21.61,553.76,2388.04,9055.59,1.3,47.77,521.84,2388.05,8141.56,8.4046,0.03,392,2388,100.0,38.8,23.2964,252
86,27,-0.0026,0.0002,100.0,518.67,642.51,1587.01,1409.87,14.62,21.61,553.62,2388.09,9062.72,1.3,47.46,522.3,2388.11,8137.69,8.4124,0.03,392,2388,100.0,38.98,23.2926,251
86,28,-0.0001,0.0001,100.0,518.67,641.94,1589.52,1408.34,14.62,21.61,553.95,2388.05,9056.74,1.3,47.46,522.02,2388.06,8139.46,8.4331,0.03,392,2388,100.0,39.15,23.3394,250
86,29,0.0007,0.0005,100.0,518.67,642.99,1586.9,1413.44,14.62,21.61,554.08,2388.06,9060.36,1.3,47.41,521.92,2388.08,8143.55,8.4327,0.03,392,2388,100.0,38.84,23.3209,249
86,30,0.0001,0.0002,100.0,518.67,642.19,1590.91,1401.92,14.62,21.61,553.48,2388.02,9057.61,1.3,47.25,522.01,2388.14,8136.44,8.4658,0.03,393,2388,100.0,38.92,23.3552,248
86,31,0.0011,0.0005,100.0,518.67,642.71,1593.2,1405.33,14.62,21.61,553.02,2388.11,9057.8,1.3,47.4,521.94,2388.06,8140.02,8.4428,0.03,392,2388,100.0,38.84,23.3273,247
86,32,-0.0006,-0.0004,100.0,518.67,642.38,1590.33,1399.02,14.62,21.61,553.06,2388.07,9063.34,1.3,47.37,522.43,2388.06,8140.01,8.3746,0.03,393,2388,100.0,38.95,23.2961,246
86,33,0.0005,0.0004,100.0,518.67,642.37,1582.81,1404.7,14.62,21.61,553.5,2388.09,9055.77,1.3,47.3,522.28,2388.05,8136.97,8.4234,0.03,394,2388,100.0,38.86,23.3052,245
86,34,0.0033,-0.0003,100.0,518.67,642.72,1585.37,1398.87,14.62,21.61,554.22,2388.04,9061.82,1.3,47.35,522.02,2388.09,8141.16,8.4139,0.03,393,2388,100.0,38.99,23.4016,244
86,35,-0.0013,0.0005,100.0,518.67,642.38,1589.25,1402.49,14.62,21.61,553.85,2388.08,9056.63,1.3,47.44,521.78,2388.02,8143.41,8.4305,0.03,393,2388,100.0,38.9,23.4274,243
86,36,0.0003,-0.0001,100.0,518.67,642.8,1593.92,1411.38,14.62,21.61,552.87,2388.11,9064.29,1.3,47.24,521.82,2388.13,8139.52,8.3918,0.03,392,2388,100.0,38.98,23.3293,242
86,37,0.0008,0.0003,100.0,518.67,641.84,1586.45,1412.6,14.62,21.61,554.63,2388.1,9063.43,1.3,47.48,521.43,2388.01,8141.77,8.411,0.03,393,2388,100.0,38.84,23.2635,241
86,38,-0.0001,-0.0001,100.0,518.67,642.48,1591.15,1399.96,14.62,21.61,553.88,2388.07,9059.51,1.3,47.48,522.62,2388.03,8139.45,8.4212,0.03,393,2388,100.0,38.91,23.2918,240
86,39,0.0018,0.0001,100.0,518.67,642.33,1597.22,1405.4,14.62,21.61,553.16,2388.1,9068.29,1.3,47.35,521.63,2388.09,8141.09,8.4119,0.03,392,2388,100.0,38.65,23.3067,239
86,40,0.002,-0.0004,100.0,518.67,642.9,1590.45,1404.15,14.62,21.61,553.72,2388.08,9060.18,1.3,47.31,521.42,2388.06,8143.06,8.4267,0.03,393,2388,100.0,39.06,23.3221,238
86,41,0.0009,-0.0002,100.0,518.67,642.69,1588.28,1406.4,14.62,21.61,553.84,2388.1,9058.51,1.3,47.29,522.21,2388.07,8136.62,8.435,0.03,393,2388,100.0,38.83,23.3331,237
86,42,-0.0026,-0.0003,100.0,518.67,642.23,1590.17,1403.82,14.62,21.61,552.93,2388.04,9064.64,1.3,47.41,521.86,2388.07,8141.18,8.3925,0.03,394,2388,100.0,38.8,23.3455,236
86,43,-0.0013,-0.0002,100.0,518.67,642.74,1587.99,1408.55,14.62,21.61,553.81,2388.05,9050.11,1.3,47.51,521.7,2388.05,8143.03,8.4002,0.03,390,2388,100.0,38.54,23.2264,235
86,44,-0.0014,0.0003,100.0,518.67,642.62,1584.55,1403.1,14.62,21.61,553.73,2388.08,9055.82,1.3,47.32,521.87,2388.04,8141.24,8.4275,0.03,393,2388,100.0,38.86,23.3656,234
86,45,0.0007,-0.0003,100.0,518.67,641.97,1587.81,1410.07,14.62,21.61,553.88,2388.09,9062.31,1.3,47.24,521.77,2388.13,8141.1,8.4045,0.03,394,2388,100.0,38.95,23.3431,233
86,46,-0.0027,0.0001,100.0,518.67,642.24,1584.39,1406.04,14.62,21.61,553.73,2388.03,9061.41,1.3,47.55,521.01,2388.03,8140.32,8.4153,0.03,391,2388,100.0,38.94,23.2591,232
86,47,-0.0048,0.0005,100.0,518.67,642.65,1590.59,1409.34,14.62,21.61,553.87,2388.03,9061.49,1.3,47.51,521.28,2388.14,8138.32,8.4191,0.03,392,2388,100.0,38.92,23.3412,231
86,48,0.0017,0.0002,100.0,518.67,643.06,1590.42,1401.64,14.62,21.61,553.49,2388.06,9064.26,1.3,47.47,521.67,2388.01,8135.08,8.4249,0.03,392,2388,100.0,39.01,23.3079,230
86,49,-0.0024,0.0001,100.0,518.67,642.29,1591.79,1406.5,14.62,21.61,553.44,2388.03,9061.83,1.3,47.52,521.9,2388.06,8137.07,8.428,0.03,392,2388,100.0,38.79,23.4014,229
86,50,-0.0013,0.0001,100.0,518.67,642.26,1589.55,1403.81,14.62,21.61,553.41,2388.11,9052.83,1.3,47.5,522.32,2388.09,8136.89,8.4269,0.03,392,2388,100.0,38.89,23.4079,228
86,51,-0.0023,0.0001,100.0,518.67,642.66,1583.73,1399.45,14.62,21.61,553.64,2388.08,9062.83,1.3,47.43,522.04,2388.05,8139.15,8.3968,0.03,392,2388,100.0,38.85,23.2895,227
86,52,0.0016,0.0004,100.0,518.67,642.46,1589.21,1406.82,14.62,21.61,553.61,2388.13,9063.78,1.3,47.21,522.09,2388.08,8143.57,8.4385,0.03,392,2388,100.0,38.96,23.3175,226
86,53,0.0008,0.0002,100.0,518.67,642.75,1590.01,1404.72,14.62,21.61,554.33,2388.05,9062.17,1.3,47.54,521.62,2388.03,8144.34,8.4339,0.03,392,2388,100.0,38.76,23.3214,225
86,54,0.0011,0.0003,100.0,518.67,643.09,1592.38,1397.15,14.62,21.61,553.34,2388.06,9065.91,1.3,47.51,521.43,2388.06,8140.01,8.4228,0.03,392,2388,100.0,38.93,23.2877,224
86,55,0.0008,0.0,100.0,518.67,642.37,1587.23,1409.0,14.62,21.61,553.82,2388.11,9058.18,1.3,47.52,522.12,2388.05,8135.96,8.4419,0.03,392,2388,100.0,39.01,23.3417,223
86,56,0.0008,0.0003,100.0,518.67,642.62,1590.77,1401.06,14.62,21.61,553.52,2388.1,9057.78,1.3,47.45,521.73,2388.07,8142.87,8.4179,0.03,393,2388,100.0,38.84,23.3069,222
86,57,-0.0001,-0.0,100.0,518.67,642.22,1588.04,1398.71,14.62,21.61,554.36,2388.06,9061.56,1.3,47.52,521.87,2388.07,8139.19,8.4195,0.03,394,2388,100.0,38.79,23.301,221
86,58,-0.0051,0.0002,100.0,518.67,641.93,1588.93,1402.77,14.62,21.61,553.6,2388.07,9058.22,1.3,47.27,521.39,2388.08,8137.01,8.4435,0.03,393,2388,100.0,39.01,23.2937,220
86,59,-0.0033,0.0004,100.0,518.67,642.73,1592.78,1408.69,14.62,21.61,553.89,2388.08,9061.73,1.3,47.31,521.83,2388.03,8145.16,8.4109,0.03,392,2388,100.0,38.95,23.3711,219
86,60,-0.0035,0.0001,100.0,518.67,642.64,1586.12,1407.02,14.62,21.61,553.17,2388.06,9064.2,1.3,47.31,521.54,2388.11,8142.29,8.4456,0.03,391,2388,100.0,38.98,23.3207,218
86,61,0.0014,0.0002,100.0,518.67,642.07,1589.33,1401.75,14.62,21.61,553.91,2388.07,9061.18,1.3,47.38,521.56,2388.09,8141.87,8.3956,0.03,393,2388,100.0,38.68,23.2754,217
86,62,0.0014,0.0002,100.0,518.67,642.66,1585.04,1405.16,14.62,21.61,553.74,2388.09,9065.54,1.3,47.48,522.25,2388.07,8140.95,8.4351,0.03,393,2388,100.0,38.91,23.3764,216
86,63,-0.0005,-0.0004,100.0,518.67,642.13,1591.25,1401.09,14.62,21.61,553.55,2388.05,9057.21,1.3,47.56,521.55,2388.11,8133.97,8.4164,0.03,393,2388,100.0,38.89,23.2838,215
86,64,-0.0012,-0.0003,100.0,518.67,642.56,1596.0,1399.72,14.62,21.61,553.67,2388.06,9056.49,1.3,47.53,521.58,2388.05,8143.58,8.4072,0.03,392,2388,100.0,39.05,23.4364,214
86,65,-0.001,-0.0003,100.0,518.67,642.28,1585.13,1404.89,14.62,21.61,553.72,2388.04,9060.42,1.3,47.33,522.06,2388.07,8142.03,8.4086,0.03,392,2388,100.0,38.84,23.3796,213
86,66,0.0012,-0.0003,100.0,518.67,643.13,1595.27,1407.88,14.62,21.61,554.08,2388.11,9068.63,1.3,47.6,521.82,2388.12,8142.3,8.433,0.03,392,2388,100.0,38.74,23.2911,212
86,67,-0.0002,-0.0004,100.0,518.67,642.67,1590.19,1409.63,14.62,21.61,553.56,2388.0,9049.14,1.3,47.41,521.92,2388.04,8141.19,8.4364,0.03,392,2388,100.0,38.86,23.2945,211
86,68,-0.0008,-0.0002,100.0,518.67,642.63,1581.87,1403.02,14.62,21.61,553.87,2388.1,9062.92,1.3,47.46,521.62,2388.08,8144.37,8.4289,0.03,394,2388,100.0,38.98,23.3159,210
86,69,0.0016,-0.0002,100.0,518.67,642.67,1591.71,1404.8,14.62,21.61,554.16,2388.08,9061.77,1.3,47.49,521.65,2388.06,8140.24,8.45,0.03,394,2388,100.0,38.74,23.3049,209
86,70,-0.0025,-0.0002,100.0,518.67,642.78,1593.82,1399.66,14.62,21.61,554.02,2388.06,9058.97,1.3,47.47,521.45,2388.08,8142.92,8.4215,0.03,392,2388,100.0,39.0,23.283,208
86,71,0.0019,-0.0,100.0,518.67,642.86,1587.04,1408.77,14.62,21.61,553.08,2388.12,9057.71,1.3,47.58,521.46,2388.05,8144.64,8.4087,0.03,393,2388,100.0,38.73,23.3467,207
86,72,-0.0008,0.0002,100.0,518.67,642.17,1585.11,1408.97,14.62,21.61,554.08,2388.07,9060.78,1.3,47.45,521.69,2388.09,8144.02,8.4225,0.03,393,2388,100.0,38.85,23.314,206
86,73,0.0021,-0.0004,100.0,518.67,642.57,1590.24,1403.74,14.62,21.61,553.91,2388.08,9058.03,1.3,47.41,521.8,2388.07,8140.86,8.3992,0.03,391,2388,100.0,38.93,23.34,205
86,74,0.0029,0.0004,100.0,518.67,642.82,1584.66,1399.68,14.62,21.61,552.95,2388.07,9065.91,1.3,47.5,521.49,2388.09,8136.9,8.4175,0.03,394,2388,100.0,38.98,23.3142,204
86,75,0.0021,0.0004,100.0,518.67,642.86,1589.88,1408.74,14.62,21.61,553.55,2388.04,9061.75,1.3,47.34,521.83,2387.98,8146.8,8.4516,0.03,393,2388,100.0,38.88,23.2704,203
86,76,0.0002,-0.0001,100.0,518.67,642.63,1584.85,1405.48,14.62,21.61,553.53,2388.09,9056.33,1.3,47.49,522.42,2388.06,8140.06,8.4123,0.03,394,2388,100.0,38.92,23.3805,202
86,77,-0.001,0.0001,100.0,518.67,642.42,1584.13,1403.84,14.62,21.61,553.75,2388.04,9057.95,1.3,47.46,521.25,2388.06,8145.02,8.441,0.03,392,2388,100.0,38.82,23.4621,201
86,78,-0.0007,0.0001,100.0,518.67,642.65,1596.66,1409.85,14.62,21.61,553.84,2388.06,9063.94,1.3,47.46,522.01,2388.04,8140.22,8.4709,0.03,393,2388,100.0,38.83,23.3243,200
86,79,-0.0022,-0.0002,100.0,518.67,641.79,1590.86,1401.95,14.62,21.61,553.22,2388.06,9060.98,1.3,47.4,521.74,2388.01,8140.79,8.4348,0.03,393,2388,100.0,38.76,23.3842,199
86,80,-0.0013,0.0004,100.0,518.67,642.87,1594.69,1410.8,14.62,21.61,553.73,2388.06,9056.1,1.3,47.6,521.73,2388.04,8138.73,8.4576,0.03,394,2388,100.0,38.97,23.2501,198
86,81,-0.0005,-0.0002,100.0,518.67,642.3,1592.74,1400.43,14.62,21.61,552.9,2388.05,9057.17,1.3,47.33,521.67,2388.0,8141.66,8.4107,0.03,390,2388,100.0,38.93,23.3784,197
86,82,0.0028,0.0004,100.0,518.67,642.23,1588.83,1400.16,14.62,21.61,553.55,2388.06,9061.16,1.3,47.42,522.0,2388.13,8143.35,8.4267,0.03,392,2388,100.0,38.77,23.3774,196
86,83,0.0008,-0.0001,100.0,518.67,642.92,1587.5,1414.48,14.62,21.61,553.99,2388.05,9065.06,1.3,47.54,521.81,2388.06,8140.18,8.4421,0.03,392,2388,100.0,38.98,23.327,195
86,84,-0.0016,-0.0004,100.0,518.67,642.87,1586.72,1403.45,14.62,21.61,553.69,2388.08,9059.41,1.3,47.43,521.9,2388.02,8143.37,8.4201,0.03,391,2388,100.0,38.87,23.3857,194
86,85,-0.0012,-0.0001,100.0,518.67,642.41,1586.38,1403.68,14.62,21.61,553.32,2388.07,9061.6,1.3,47.57,521.83,2388.08,8136.49,8.4654,0.03,393,2388,100.0,38.86,23.3554,193
86,86,0.0027,0.0004,100.0,518.67,642.29,1589.79,1403.57,14.62,21.61,553.81,2388.1,9050.66,1.3,47.49,521.97,2388.09,8133.54,8.3744,0.03,393,2388,100.0,38.93,23.309,192
86,87,0.0003,-0.0003,100.0,518.67,642.84,1587.57,1406.25,14.62,21.61,553.44,2388.05,9055.87,1.3,47.3,521.68,2388.07,8136.61,8.4429,0.03,393,2388,100.0,38.81,23.2373,191
86,88,-0.0008,0.0001,100.0,518.67,642.3,1583.97,1405.39,14.62,21.61,553.41,2388.09,9057.02,1.3,47.6,521.89,2388.1,8139.92,8.4655,0.03,394,2388,100.0,38.78,23.3478,190
86,89,-0.0009,0.0005,100.0,518.67,642.33,1592.81,1401.04,14.62,21.61,554.22,2388.04,9066.3,1.3,47.51,521.62,2388.11,8141.03,8.4557,0.03,393,2388,100.0,38.94,23.3575,189
86,90,-0.0001,-0.0001,100.0,518.67,642.79,1587.38,1404.52,14.62,21.61,553.58,2388.01,9061.28,1.3,47.36,521.79,2388.06,8142.25,8.4569,0.03,394,2388,100.0,38.8,23.2953,188
86,91,-0.0008,-0.0005,100.0,518.67,642.42,1594.95,1407.73,14.62,21.61,553.85,2388.08,9065.41,1.3,47.36,521.32,2388.05,8142.95,8.4456,0.03,394,2388,100.0,38.8,23.2176,187
86,92,-0.0021,0.0002,100.0,518.67,642.52,1585.68,1408.96,14.62,21.61,553.53,2388.04,9057.55,1.3,47.52,521.42,2388.09,8140.97,8.4173,0.03,392,2388,100.0,38.82,23.3346,186
86,93,-0.0006,-0.0002,100.0,518.67,641.78,1589.33,1408.24,14.62,21.61,552.74,2388.08,9064.8,1.3,47.38,521.47,2388.08,8140.09,8.4391,0.03,392,2388,100.0,38.96,23.399,185
86,94,0.0008,0.0001,100.0,518.67,642.48,1598.85,1396.55,14.62,21.61,553.92,2388.11,9066.93,1.3,47.41,522.48,2388.05,8143.43,8.4274,0.03,393,2388,100.0,38.99,23.3058,184
86,95,0.0035,0.0003,100.0,518.67,642.55,1585.16,1409.29,14.62,21.61,553.18,2388.01,9061.33,1.3,47.34,522.29,2388.05,8137.31,8.4537,0.03,392,2388,100.0,38.83,23.3525,183
86,96,-0.0078,-0.0004,100.0,518.67,642.72,1590.2,1402.59,14.62,21.61,553.82,2388.05,9060.06,1.3,47.48,521.5,2388.06,8146.37,8.4068,0.03,391,2388,100.0,38.71,23.3368,182
86,97,0.001,-0.0004,100.0,518.67,642.44,1590.79,1409.0,14.62,21.61,553.5,2388.1,9062.79,1.3,47.44,521.95,2388.13,8139.09,8.4363,0.03,393,2388,100.0,38.9,23.3345,181
86,98,-0.0003,0.0004,100.0,518.67,642.84,1584.06,1405.74,14.62,21.61,553.1,2388.09,9054.2,1.3,47.49,521.46,2388.08,8141.72,8.427,0.03,392,2388,100.0,39.05,23.299,180
86,99,-0.0013,0.0002,100.0,518.67,642.55,1588.6,1398.4,14.62,21.61,554.03,2388.03,9065.45,1.3,47.5,522.17,2388.06,8146.17,8.4167,0.03,393,2388,100.0,38.81,23.2482,179
86,100,-0.0011,0.0,100.0,518.67,642.46,1586.94,1404.37,14.62,21.61,553.24,2388.05,9055.09,1.3,47.37,521.56,2388.06,8139.18,8.4393,0.03,394,2388,100.0,38.95,23.4177,178
86,101,-0.0034,0.0,100.0,518.67,642.27,1588.51,1414.19,14.62,21.61,553.69,2388.09,9059.49,1.3,47.41,521.76,2388.13,8145.05,8.4343,0.03,394,2388,100.0,38.86,23.2972,177
86,102,-0.0011,-0.0004,100.0,518.67,642.12,1587.56,1401.84,14.62,21.61,553.67,2388.12,9050.77,1.3,47.72,521.2,2388.06,8141.63,8.451,0.03,392,2388,100.0,38.79,23.3791,176
86,103,-0.0027,0.0005,100.0,518.67,642.14,1591.57,1411.57,14.62,21.61,553.79,2388.08,9060.59,1.3,47.64,522.05,2388.08,8141.23,8.3956,0.03,393,2388,100.0,38.88,23.3766,175
86,104,0.0027,0.0004,100.0,518.67,642.56,1588.26,1412.47,14.62,21.61,553.54,2388.05,9058.82,1.3,47.33,521.43,2388.1,8139.13,8.4732,0.03,392,2388,100.0,38.99,23.3573,174
86,105,-0.0032,-0.0004,100.0,518.67,642.85,1586.84,1408.35,14.62,21.61,553.01,2388.03,9064.91,1.3,47.4,521.61,2388.1,8142.11,8.4111,0.03,392,2388,100.0,38.77,23.311,173
86,106,-0.0026,-0.0003,100.0,518.67,642.87,1583.57,1402.23,14.62,21.61,554.32,2388.04,9068.81,1.3,47.53,521.64,2388.06,8142.29,8.3946,0.03,392,2388,100.0,38.71,23.3595,172
86,107,0.0047,0.0004,100.0,518.67,642.07,1591.89,1404.61,14.62,21.61,553.45,2388.06,9064.99,1.3,47.59,522.03,2388.05,8142.54,8.4237,0.03,393,2388,100.0,38.94,23.2784,171
86,108,0.0022,0.0004,100.0,518.67,642.55,1584.52,1413.69,14.62,21.61,554.46,2388.04,9065.28,1.3,47.54,521.76,2388.12,8139.87,8.4326,0.03,392,2388,100.0,38.81,23.366,170
86,109,0.0018,-0.0002,100.0,518.67,642.21,1591.23,1400.6,14.62,21.61,553.78,2388.11,9066.45,1.3,47.45,521.91,2388.05,8144.14,8.4631,0.03,393,2388,100.0,38.87,23.2669,169
86,110,0.0041,0.0002,100.0,518.67,642.52,1586.58,1404.62,14.62,21.61,553.46,2388.08,9064.54,1.3,47.44,521.01,2388.08,8140.19,8.4429,0.03,394,2388,100.0,38.88,23.3698,168
86,111,-0.0058,0.0001,100.0,518.67,642.51,1589.44,1412.05,14.62,21.61,553.24,2388.05,9057.24,1.3,47.34,521.38,2388.1,8142.96,8.4403,0.03,393,2388,100.0,38.69,23.3234,167
86,112,-0.0005,-0.0001,100.0,518.67,642.44,1585.28,1404.91,14.62,21.61,553.79,2388.07,9062.82,1.3,47.5,521.7,2388.09,8148.27,8.4457,0.03,393,2388,100.0,38.65,23.2877,166
86,113,0.0034,-0.0002,100.0,518.67,642.85,1587.49,1403.21,14.62,21.61,553.6,2388.13,9065.29,1.3,47.47,521.51,2388.09,8137.01,8.4238,0.03,394,2388,100.0,38.76,23.4275,165
86,114,0.0048,-0.0001,100.0,518.67,642.33,1591.12,1406.54,14.62,21.61,553.47,2388.04,9060.87,1.3,47.29,521.24,2388.09,8139.27,8.4031,0.03,393,2388,100.0,38.85,23.2872,164
86,115,-0.0027,-0.0003,100.0,518.67,642.46,1585.45,1399.22,14.62,21.61,553.91,2388.1,9061.64,1.3,47.37,521.36,2388.13,8146.89,8.4327,0.03,392,2388,100.0,38.63,23.3533,163
86,116,0.0028,0.0003,100.0,518.67,643.01,1591.99,1403.44,14.62,21.61,554.05,2388.07,9059.88,1.3,47.48,521.79,2388.04,8142.48,8.4665,0.03,393,2388,100.0,38.9,23.2754,162
86,117,-0.0,-0.0,100.0,518.67,642.95,1586.9,1409.88,14.62,21.61,553.33,2388.1,9065.5,1.3,47.67,521.49,2388.05,8146.07,8.4197,0.03,393,2388,100.0,38.78,23.2679,161
86,118,-0.0018,-0.0001,100.0,518.67,642.51,1589.66,1403.88,14.62,21.61,553.41,2388.12,9079.16,1.3,47.45,521.61,2388.11,8137.81,8.4353,0.03,392,2388,100.0,38.78,23.3363,160
86,119,0.0003,-0.0002,100.0,518.67,642.66,1593.37,1410.15,14.62,21.61,553.49,2388.07,9062.91,1.3,47.5,521.46,2388.09,8141.27,8.4431,0.03,394,2388,100.0,38.89,23.3018,159
86,120,-0.0003,0.0001,100.0,518.67,642.23,1591.3,1406.47,14.62,21.61,554.14,2388.02,9058.07,1.3,47.49,521.46,2388.07,8139.78,8.4462,0.03,392,2388,100.0,38.75,23.261,158
86,121,-0.0011,-0.0001,100.0,518.67,642.72,1594.7,1411.55,14.62,21.61,553.37,2388.09,9056.53,1.3,47.58,521.18,2388.08,8141.99,8.4295,0.03,393,2388,100.0,38.63,23.2218,157
86,122,-0.0044,0.0003,100.0,518.67,643.05,1586.44,1405.14,14.62,21.61,553.76,2388.11,9059.99,1.3,47.46,521.66,2388.11,8145.9,8.4094,0.03,392,2388,100.0,38.94,23.3342,156
86,123,0.0017,0.0,100.0,518.67,642.64,1589.29,1403.93,14.62,21.61,553.0,2388.1,9066.68,1.3,47.47,521.98,2388.13,8138.46,8.4435,0.03,392,2388,100.0,38.86,23.3314,155
86,124,0.0029,0.0005,100.0,518.67,642.65,1585.95,1406.5,14.62,21.61,553.1,2388.09,9055.95,1.3,47.38,521.63,2388.14,8137.4,8.4223,0.03,393,2388,100.0,38.67,23.3577,154
86,125,0.0015,-0.0004,100.0,518.67,642.05,1595.51,1405.79,14.62,21.61,553.36,2388.06,9063.75,1.3,47.68,521.59,2388.08,8139.07,8.4494,0.03,393,2388,100.0,38.88,23.2268,153
86,126,-0.0013,-0.0001,100.0,518.67,642.63,1586.75,1407.17,14.62,21.61,553.52,2388.07,9068.39,1.3,47.46,521.87,2388.13,8144.9,8.4359,0.03,393,2388,100.0,38.72,23.2735,152
86,127,0.0017,0.0003,100.0,518.67,642.51,1587.29,1400.97,14.62,21.61,552.78,2388.16,9067.32,1.3,47.54,521.16,2388.07,8139.36,8.4613,0.03,392,2388,100.0,38.91,23.327,151
86,128,0.0015,0.0002,100.0,518.67,642.32,1597.15,1404.41,14.62,21.61,554.06,2388.14,9052.49,1.3,47.39,521.87,2388.05,8138.47,8.4203,0.03,393,2388,100.0,38.9,23.323,150
86,129,0.0008,0.0005,100.0,518.67,642.41,1588.95,1406.03,14.62,21.61,553.26,2388.06,9063.42,1.3,47.51,521.34,2388.13,8142.17,8.4493,0.03,393,2388,100.0,38.84,23.3432,149
86,130,0.0044,-0.0005,100.0,518.67,642.88,1588.9,1408.43,14.62,21.61,553.69,2388.08,9071.72,1.3,47.61,521.85,2388.12,8131.53,8.4318,0.03,392,2388,100.0,38.82,23.3359,148
86,131,-0.001,0.0002,100.0,518.67,642.31,1588.28,1408.46,14.62,21.61,553.55,2388.05,9056.05,1.3,47.56,521.53,2388.1,8142.94,8.4074,0.03,394,2388,100.0,39.09,23.3946,147
86,132,0.0013,-0.0002,100.0,518.67,641.71,1588.77,1407.2,14.62,21.61,552.79,2388.1,9061.61,1.3,47.32,521.57,2388.13,8145.74,8.4156,0.03,394,2388,100.0,39.0,23.3184,146
86,133,0.0051,-0.0004,100.0,518.67,642.28,1589.01,1406.57,14.62,21.61,553.34,2388.11,9058.77,1.3,47.45,521.31,2388.12,8145.36,8.428,0.03,393,2388,100.0,38.79,23.2998,145
86,134,0.0026,0.0005,100.0,518.67,642.61,1590.46,1415.72,14.62,21.61,553.09,2388.06,9064.76,1.3,47.55,521.68,2388.11,8145.07,8.435,0.03,392,2388,100.0,38.83,23.3312,144
86,135,0.0035,0.0,100.0,518.67,642.62,1589.19,1400.14,14.62,21.61,553.09,2388.05,9065.48,1.3,47.53,521.28,2388.08,8146.1,8.4238,0.03,393,2388,100.0,38.91,23.388,143
86,136,0.0002,0.0003,100.0,518.67,642.75,1585.5,1398.04,14.62,21.61,553.63,2388.08,9061.91,1.3,47.35,521.61,2388.12,8135.42,8.4272,0.03,393,2388,100.0,38.78,23.2332,142
86,137,-0.0018,0.0004,100.0,518.67,642.34,1588.93,1409.55,14.62,21.61,553.58,2388.1,9060.02,1.3,47.5,521.3,2388.06,8145.66,8.4204,0.03,394,2388,100.0,39.0,23.3441,141
86,138,-0.0013,0.0003,100.0,518.67,642.75,1586.62,1403.95,14.62,21.61,552.66,2388.13,9061.23,1.3,47.59,521.11,2388.05,8136.0,8.4374,0.03,393,2388,100.0,38.67,23.2312,140
86,139,-0.0021,0.0004,100.0,518.67,642.82,1591.15,1406.16,14.62,21.61,553.4,2388.06,9057.85,1.3,47.66,521.17,2388.07,8147.48,8.4524,0.03,394,2388,100.0,38.94,23.3033,139
86,140,0.0027,-0.0004,100.0,518.67,642.5,1592.21,1412.52,14.62,21.61,553.69,2388.09,9061.23,1.3,47.37,521.3,2388.11,8139.58,8.4635,0.03,393,2388,100.0,38.96,23.3758,138
86,141,-0.0056,0.0004,100.0,518.67,642.83,1591.5,1410.79,14.62,21.61,553.55,2388.09,9061.28,1.3,47.46,521.45,2388.08,8136.98,8.4466,0.03,393,2388,100.0,38.94,23.2154,137
86,142,0.0004,0.0,100.0,518.67,642.56,1586.2,1419.51,14.62,21.61,554.19,2388.14,9063.22,1.3,47.43,521.3,2388.1,8135.9,8.4621,0.03,394,2388,100.0,38.82,23.2604,136
86,143,-0.0009,0.0001,100.0,518.67,642.6,1592.73,1409.57,14.62,21.61,553.73,2388.08,9060.63,1.3,47.59,521.42,2388.09,8139.04,8.4555,0.03,393,2388,100.0,38.63,23.2103,135
86,144,-0.0018,0.0005,100.0,518.67,642.69,1589.63,1414.97,14.62,21.61,553.22,2388.12,9064.65,1.3,47.59,521.11,2388.09,8142.63,8.4324,0.03,395,2388,100.0,39.04,23.3475,134
86,145,0.0036,-0.0001,100.0,518.67,642.22,1596.51,1406.2,14.62,21.61,553.4,2388.08,9063.45,1.3,47.65,520.96,2388.14,8146.99,8.4271,0.03,392,2388,100.0,38.65,23.2874,133
86,146,0.0017,0.0,100.0,518.67,642.37,1592.56,1411.44,14.62,21.61,553.01,2388.13,9068.96,1.3,47.53,521.48,2388.09,8140.88,8.421,0.03,394,2388,100.0,38.83,23.2269,132
86,147,-0.004,0.0003,100.0,518.67,642.83,1588.8,1407.24,14.62,21.61,553.84,2388.05,9064.58,1.3,47.39,521.31,2388.02,8143.43,8.4333,0.03,394,2388,100.0,38.83,23.3666,131
86,148,0.0013,-0.0004,100.0,518.67,642.28,1593.4,1407.06,14.62,21.61,553.47,2388.17,9069.58,1.3,47.54,521.44,2388.13,8137.12,8.4461,0.03,394,2388,100.0,38.68,23.3038,130
86,149,-0.0001,-0.0001,100.0,518.67,642.41,1600.85,1411.52,14.62,21.61,553.57,2388.11,9065.47,1.3,47.63,521.81,2388.13,8145.98,8.4504,0.03,393,2388,100.0,38.6,23.3651,129
86,150,-0.0011,-0.0001,100.0,518.67,642.95,1591.17,1408.32,14.62,21.61,553.74,2388.1,9071.28,1.3,47.53,521.11,2388.11,8143.55,8.4318,0.03,393,2388,100.0,38.94,23.2857,128
86,151,-0.0024,0.0004,100.0,518.67,642.77,1600.2,1406.46,14.62,21.61,553.33,2388.06,9061.54,1.3,47.57,521.3,2388.1,8141.78,8.4659,0.03,394,2388,100.0,38.8,23.33,127
86,152,-0.002,0.0004,100.0,518.67,642.53,1576.97,1406.14,14.62,21.61,553.33,2388.09,9067.46,1.3,47.46,521.55,2388.05,8143.21,8.4582,0.03,394,2388,100.0,38.74,23.2904,126
86,153,-0.0017,0.0001,100.0,518.67,642.92,1583.45,1410.03,14.62,21.61,553.21,2388.09,9071.0,1.3,47.63,521.17,2388.1,8143.69,8.4333,0.03,394,2388,100.0,38.87,23.3039,125
86,154,-0.001,0.0004,100.0,518.67,642.94,1589.0,1411.58,14.62,21.61,552.94,2388.05,9067.42,1.3,47.51,521.56,2388.13,8140.83,8.4479,0.03,391,2388,100.0,38.91,23.4155,124
86,155,0.0022,0.0005,100.0,518.67,642.16,1590.13,1409.78,14.62,21.61,553.51,2388.04,9069.07,1.3,47.49,521.62,2388.06,8138.4,8.4609,0.03,393,2388,100.0,38.78,23.3223,123
86,156,-0.0012,-0.0003,100.0,518.67,642.7,1587.09,1411.31,14.62,21.61,554.2,2388.13,9068.54,1.3,47.61,521.91,2388.07,8142.11,8.4537,0.03,394,2388,100.0,38.73,23.3187,122
86,157,0.0002,0.0005,100.0,518.67,642.77,1595.92,1410.56,14.62,21.61,553.14,2388.08,9061.91,1.3,47.61,521.27,2388.08,8146.82,8.4478,0.03,396,2388,100.0,38.83,23.2145,121
86,158,0.0017,-0.0004,100.0,518.67,642.62,1597.68,1404.83,14.62,21.61,553.74,2388.09,9066.35,1.3,47.46,521.61,2388.09,8142.03,8.4474,0.03,394,2388,100.0,38.88,23.3596,120
86,159,-0.0005,0.0001,100.0,518.67,642.38,1595.28,1405.09,14.62,21.61,552.9,2388.08,9065.63,1.3,47.61,521.17,2388.08,8143.45,8.4264,0.03,393,2388,100.0,38.76,23.2907,119
86,160,0.0011,-0.0004,100.0,518.67,642.48,1595.97,1420.97,14.62,21.61,553.77,2388.1,9060.13,1.3,47.59,521.05,2388.12,8141.26,8.4243,0.03,394,2388,100.0,38.83,23.3169,118
86,161,-0.0001,-0.0004,100.0,518.67,642.72,1586.1,1409.65,14.62,21.61,552.97,2388.07,9068.07,1.3,47.49,521.42,2388.1,8149.68,8.4263,0.03,393,2388,100.0,39.02,23.4212,117
86,162,-0.0003,0.0,100.0,518.67,642.67,1598.78,1414.57,14.62,21.61,553.31,2388.15,9068.01,1.3,47.6,521.61,2388.07,8139.15,8.4154,0.03,394,2388,100.0,38.8,23.4056,116
86,163,-0.0035,0.0004,100.0,518.67,642.68,1587.0,1404.93,14.62,21.61,553.06,2388.06,9060.64,1.3,47.54,521.81,2388.12,8142.58,8.452,0.03,393,2388,100.0,38.84,23.3249,115
86,164,0.0038,-0.0004,100.0,518.67,643.09,1597.33,1407.99,14.62,21.61,553.17,2388.1,9064.08,1.3,47.62,521.28,2388.14,8145.07,8.4352,0.03,393,2388,100.0,38.77,23.2752,114
86,165,0.003,0.0004,100.0,518.67,642.86,1586.84,1410.11,14.62,21.61,552.97,2388.1,9067.84,1.3,47.6,521.54,2388.16,8142.13,8.4293,0.03,393,2388,100.0,38.76,23.2791,113
86,166,-0.0018,-0.0003,100.0,518.67,642.5,1584.96,1407.36,14.62,21.61,553.39,2388.09,9067.27,1.3,47.53,521.82,2388.12,8144.0,8.4366,0.03,393,2388,100.0,38.75,23.2471,112
86,167,0.001,0.0002,100.0,518.67,642.58,1592.23,1407.77,14.62,21.61,553.26,2388.11,9070.24,1.3,47.48,521.38,2388.09,8141.9,8.4722,0.03,395,2388,100.0,38.67,23.3253,111
86,168,0.0,-0.0004,100.0,518.67,642.77,1590.79,1418.3,14.62,21.61,552.79,2388.12,9067.68,1.3,47.64,521.33,2388.12,8144.61,8.4178,0.03,396,2388,100.0,38.8,23.251,110
86,169,-0.0034,-0.0003,100.0,518.67,642.65,1591.65,1410.96,14.62,21.61,552.35,2388.13,9059.56,1.3,47.59,521.04,2388.12,8145.87,8.4865,0.03,392,2388,100.0,38.72,23.2506,109
86,170,0.0002,-0.0003,100.0,518.67,642.51,1590.42,1416.82,14.62,21.61,553.36,2388.13,9069.24,1.3,47.46,521.0,2388.09,8149.64,8.4496,0.03,393,2388,100.0,39.0,23.2467,108
86,171,-0.0015,0.0002,100.0,518.67,642.6,1586.51,1415.5,14.62,21.61,553.02,2388.12,9064.64,1.3,47.49,521.41,2388.11,8140.72,8.4231,0.03,393,2388,100.0,39.02,23.2366,107
86,172,-0.0022,-0.0002,100.0,518.67,642.36,1593.31,1419.38,14.62,21.61,553.3,2388.14,9064.33,1.3,47.71,521.38,2388.07,8141.51,8.4449,0.03,394,2388,100.0,38.64,23.1202,106
86,173,-0.0022,-0.0,100.0,518.67,642.53,1586.88,1404.28,14.62,21.61,553.25,2388.17,9065.35,1.3,47.61,520.98,2388.08,8143.8,8.4305,0.03,395,2388,100.0,38.87,23.3192,105
86,174,-0.0009,0.0005,100.0,518.67,642.81,1594.15,1412.62,14.62,21.61,553.7,2388.09,9067.68,1.3,47.51,521.21,2388.08,8146.5,8.4945,0.03,394,2388,100.0,38.78,23.3133,104
86,175,-0.0024,0.0001,100.0,518.67,642.84,1598.09,1418.71,14.62,21.61,553.75,2388.14,9069.02,1.3,47.57,521.08,2388.14,8146.21,8.4311,0.03,395,2388,100.0,39.03,23.2723,103
86,176,0.0022,0.0005,100.0,518.67,643.1,1593.97,1411.73,14.62,21.61,553.1,2388.1,9067.16,1.3,47.61,521.13,2388.09,8145.75,8.4363,0.03,394,2388,100.0,38.83,23.3606,102
86,177,-0.0016,0.0001,100.0,518.67,643.08,1595.03,1414.81,14.62,21.61,553.03,2388.13,9068.05,1.3,47.51,521.25,2388.11,8141.57,8.4606,0.03,394,2388,100.0,38.68,23.1713,101
86,178,-0.001,-0.0003,100.0,518.67,643.13,1590.57,1413.78,14.62,21.61,553.3,2388.08,9063.98,1.3,47.65,521.1,2388.09,8143.97,8.462,0.03,393,2388,100.0,38.77,23.2595,100
86,179,0.0012,0.0002,100.0,518.67,643.36,1589.89,1419.92,14.62,21.61,553.81,2388.06,9063.86,1.3,47.61,521.38,2388.09,8139.6,8.4344,0.03,393,2388,100.0,38.81,23.2032,99
86,180,0.0004,0.0001,100.0,518.67,642.48,1583.08,1411.1,14.62,21.61,553.4,2388.12,9064.3,1.3,47.65,521.08,2388.14,8145.27,8.4469,0.03,394,2388,100.0,38.87,23.265,98
86,181,0.0032,-0.0003,100.0,518.67,642.75,1597.61,1409.94,14.62,21.61,553.15,2388.13,9071.28,1.3,47.73,520.61,2388.12,8141.6,8.4523,0.03,394,2388,100.0,39.01,23.2017,97
86,182,-0.0029,-0.0001,100.0,518.67,642.33,1586.93,1409.47,14.62,21.61,553.27,2388.1,9066.43,1.3,47.7,520.76,2388.16,8145.07,8.42,0.03,395,2388,100.0,39.07,23.1016,96
86,183,-0.0017,0.0002,100.0,518.67,642.92,1587.02,1410.74,14.62,21.61,552.82,2388.15,9071.98,1.3,47.64,521.19,2388.12,8141.7,8.4648,0.03,395,2388,100.0,38.69,23.3121,95
86,184,0.0006,-0.0002,100.0,518.67,642.89,1596.74,1407.53,14.62,21.61,552.48,2388.12,9068.22,1.3,47.42,520.76,2388.17,8149.71,8.4644,0.03,392,2388,100.0,38.81,23.3092,94
86,185,-0.0024,-0.0002,100.0,518.67,642.79,1587.89,1418.54,14.62,21.61,553.49,2388.09,9062.82,1.3,47.6,521.23,2388.14,8144.75,8.4498,0.03,394,2388,100.0,38.68,23.155,93
86,186,0.0021,-0.0002,100.0,518.67,643.37,1594.92,1402.73,14.62,21.61,552.66,2388.14,9069.54,1.3,47.7,521.5,2388.17,8143.7,8.4489,0.03,395,2388,100.0,38.86,23.3004,92
86,187,-0.003,-0.0003,100.0,518.67,643.17,1595.69,1409.2,14.62,21.61,553.1,2388.1,9066.04,1.3,47.69,521.21,2388.16,8144.39,8.4499,0.03,393,2388,100.0,38.71,23.3564,91
86,188,-0.0005,0.0004,100.0,518.67,641.89,1593.97,1416.28,14.62,21.61,552.25,2388.15,9063.07,1.3,47.56,520.57,2388.17,8137.83,8.4433,0.03,394,2388,100.0,38.69,23.2821,90
86,189,-0.0029,0.0004,100.0,518.67,643.04,1595.87,1415.6,14.62,21.61,552.35,2388.1,9066.78,1.3,47.64,521.06,2388.17,8141.34,8.4642,0.03,393,2388,100.0,38.58,23.2123,89
86,190,0.0001,-0.0,100.0,518.67,642.85,1591.71,1408.38,14.62,21.61,553.34,2388.1,9068.12,1.3,47.51,521.35,2388.15,8139.83,8.4569,0.03,395,2388,100.0,38.73,23.1818,88
86,191,-0.0048,0.0003,100.0,518.67,643.09,1594.57,1406.86,14.62,21.61,552.7,2388.15,9065.22,1.3,47.71,521.22,2388.14,8142.12,8.4545,0.03,395,2388,100.0,38.72,23.1956,87
86,192,-0.0021,0.0001,100.0,518.67,642.79,1590.54,1408.09,14.62,21.61,552.66,2388.17,9068.89,1.3,47.75,521.07,2388.09,8141.02,8.4348,0.03,394,2388,100.0,38.61,23.2421,86
86,193,-0.0032,-0.0,100.0,518.67,642.4,1593.63,1412.65,14.62,21.61,553.07,2388.14,9065.52,1.3,47.61,521.25,2388.16,8143.18,8.4509,0.03,393,2388,100.0,38.56,23.2479,85
86,194,-0.0004,0.0002,100.0,518.67,643.14,1585.12,1414.5,14.62,21.61,553.63,2388.09,9067.56,1.3,47.77,521.11,2388.11,8146.56,8.4813,0.03,394,2388,100.0,38.81,23.1722,84
86,195,0.0016,-0.0002,100.0,518.67,642.4,1586.95,1413.6,14.62,21.61,553.43,2388.11,9071.79,1.3,47.77,521.42,2388.13,8149.14,8.4894,0.03,393,2388,100.0,38.74,23.3458,83
86,196,0.0009,-0.0004,100.0,518.67,643.33,1588.21,1408.03,14.62,21.61,552.39,2388.13,9069.62,1.3,47.64,521.21,2388.08,8146.11,8.4556,0.03,393,2388,100.0,38.75,23.1912,82
86,197,-0.0,-0.0002,100.0,518.67,643.04,1594.28,1414.18,14.62,21.61,552.47,2388.09,9073.93,1.3,47.64,521.28,2388.11,8142.75,8.4566,0.03,394,2388,100.0,38.7,23.2989,81
86,198,-0.0044,0.0002,100.0,518.67,642.32,1591.02,1423.74,14.62,21.61,552.65,2388.16,9066.91,1.3,47.55,520.42,2388.15,8143.48,8.4685,0.03,395,2388,100.0,38.79,23.2608,80
86,199,-0.0009,0.0004,100.0,518.67,643.07,1585.29,1411.43,14.62,21.61,553.12,2388.15,9061.99,1.3,47.64,520.64,2388.02,8144.93,8.4541,0.03,394,2388,100.0,38.74,23.2555,79
86,200,0.0002,-0.0003,100.0,518.67,642.76,1594.51,1415.46,14.62,21.61,553.12,2388.17,9078.69,1.3,47.59,521.4,2388.14,8141.84,8.4735,0.03,396,2388,100.0,38.8,23.1251,78
86,201,0.0002,0.0004,100.0,518.67,642.71,1597.73,1413.96,14.62,21.61,553.42,2388.11,9069.83,1.3,47.58,520.91,2388.09,8142.73,8.489,0.03,393,2388,100.0,38.82,23.3117,77
86,202,-0.0002,0.0004,100.0,518.67,642.51,1594.56,1410.48,14.62,21.61,552.63,2388.15,9068.83,1.3,47.68,520.66,2388.12,8151.09,8.4527,0.03,393,2388,100.0,38.62,23.2881,76
86,203,0.0014,0.0001,100.0,518.67,642.84,1597.18,1416.79,14.62,21.61,552.84,2388.13,9072.5,1.3,47.71,521.08,2388.1,8146.18,8.4791,0.03,395,2388,100.0,38.79,23.3258,75
86,204,-0.0036,-0.0004,100.0,518.67,643.06,1596.08,1416.37,14.62,21.61,552.96,2388.17,9070.73,1.3,47.8,521.09,2388.08,8140.84,8.4432,0.03,395,2388,100.0,38.74,23.1096,74
86,205,0.0005,0.0005,100.0,518.67,643.59,1594.62,1419.62,14.62,21.61,552.63,2388.11,9074.23,1.3,47.67,520.65,2388.16,8147.01,8.4587,0.03,395,2388,100.0,38.78,23.2472,73
86,206,-0.0048,-0.0005,100.0,518.67,643.23,1594.77,1418.03,14.62,21.61,551.65,2388.08,9072.35,1.3,47.69,521.57,2388.16,8146.67,8.4753,0.03,393,2388,100.0,38.79,23.2514,72
86,207,-0.0016,0.0003,100.0,518.67,643.18,1592.01,1415.34,14.62,21.61,553.09,2388.16,9076.18,1.3,47.77,521.38,2388.14,8146.17,8.4762,0.03,393,2388,100.0,38.54,23.3119,71
86,208,-0.0003,0.0001,100.0,518.67,643.25,1596.17,1417.7,14.62,21.61,553.61,2388.13,9068.05,1.3,47.55,520.79,2388.13,8144.19,8.4721,0.03,395,2388,100.0,38.76,23.1731,70
86,209,-0.0041,0.0001,100.0,518.67,642.65,1597.58,1418.72,14.62,21.61,552.55,2388.18,9067.28,1.3,47.77,521.5,2388.11,8151.82,8.464,0.03,396,2388,100.0,38.66,23.2609,69
86,210,-0.0011,-0.0002,100.0,518.67,642.8,1591.83,1414.58,14.62,21.61,553.12,2388.12,9067.42,1.3,47.81,520.84,2388.11,8147.31,8.4718,0.03,393,2388,100.0,38.76,23.2048,68
86,211,-0.0018,-0.0002,100.0,518.67,642.71,1593.48,1420.59,14.62,21.61,552.5,2388.17,9065.58,1.3,47.83,520.73,2388.06,8148.13,8.46,0.03,393,2388,100.0,38.53,23.1682,67
86,212,0.0052,0.0005,100.0,518.67,643.14,1599.12,1409.22,14.62,21.61,553.24,2388.14,9067.96,1.3,47.82,521.05,2388.1,8143.4,8.4833,0.03,394,2388,100.0,38.71,23.1847,66
86,213,0.0002,0.0,100.0,518.67,643.69,1594.6,1414.92,14.62,21.61,552.77,2388.15,9065.16,1.3,47.65,521.34,2388.18,8147.18,8.4752,0.03,393,2388,100.0,38.74,23.1781,65
86,214,0.0023,0.0001,100.0,518.67,643.17,1584.98,1412.87,14.62,21.61,552.68,2388.09,9067.76,1.3,47.76,520.57,2388.1,8148.98,8.479,0.03,392,2388,100.0,38.66,23.171,64
86,215,-0.0013,0.0004,100.0,518.67,643.21,1593.14,1417.88,14.62,21.61,552.2,2388.15,9068.82,1.3,47.9,520.57,2388.15,8146.0,8.4947,0.03,395,2388,100.0,38.62,23.2325,63
86,216,-0.0002,-0.0001,100.0,518.67,643.29,1592.99,1416.51,14.62,21.61,553.18,2388.13,9063.27,1.3,47.79,520.8,2388.16,8146.64,8.4623,0.03,395,2388,100.0,38.81,23.1699,62
86,217,-0.0001,0.0003,100.0,518.67,643.11,1598.84,1419.03,14.62,21.61,553.35,2388.15,9070.48,1.3,47.56,520.76,2388.14,8149.27,8.4794,0.03,393,2388,100.0,38.62,23.1153,61
86,218,0.0011,-0.0002,100.0,518.67,643.47,1589.17,1415.43,14.62,21.61,552.95,2388.07,9062.72,1.3,47.59,521.15,2388.16,8151.4,8.4714,0.03,394,2388,100.0,38.67,23.1817,60
86,219,-0.0004,-0.0001,100.0,518.67,643.14,1595.67,1409.24,14.62,21.61,552.57,2388.13,9069.06,1.3,47.7,521.07,2388.13,8144.14,8.4764,0.03,394,2388,100.0,38.84,23.2217,59
86,220,0.0023,-0.0001,100.0,518.67,643.39,1596.03,1417.21,14.62,21.61,552.54,2388.11,9073.71,1.3,48.06,520.84,2388.13,8150.31,8.4669,0.03,395,2388,100.0,38.58,23.3473,58
86,221,0.0,0.0005,100.0,518.67,643.28,1591.48,1417.84,14.62,21.61,553.08,2388.11,9069.27,1.3,47.76,521.53,2388.17,8141.93,8.4588,0.03,394,2388,100.0,38.75,23.117,57
86,222,0.0029,0.0003,100.0,518.67,642.95,1593.61,1413.81,14.62,21.61,552.48,2388.15,9082.9,1.3,47.85,520.64,2388.16,8143.66,8.491,0.03,394,2388,100.0,38.42,23.2519,56
86,223,-0.0016,-0.0003,100.0,518.67,643.9,1594.97,1410.86,14.62,21.61,552.65,2388.11,9069.13,1.3,47.6,520.04,2388.12,8146.92,8.491,0.03,395,2388,100.0,38.48,23.1962,55
86,224,-0.0003,0.0003,100.0,518.67,642.43,1591.28,1413.61,14.62,21.61,552.57,2388.18,9074.06,1.3,47.64,520.48,2388.18,8142.5,8.4593,0.03,395,2388,100.0,38.69,23.0888,54
86,225,-0.0004,0.0003,100.0,518.67,643.28,1599.05,1418.79,14.62,21.61,553.51,2388.17,9068.17,1.3,47.72,520.68,2388.12,8144.54,8.4916,0.03,393,2388,100.0,38.78,23.3133,53
86,226,0.0023,0.0004,100.0,518.67,642.63,1592.84,1415.77,14.62,21.61,552.29,2388.18,9064.08,1.3,47.86,520.71,2388.19,8146.49,8.4496,0.03,394,2388,100.0,38.64,23.2138,52
86,227,0.0015,-0.0001,100.0,518.67,643.02,1590.67,1422.58,14.62,21.61,552.09,2388.15,9070.37,1.3,47.87,520.73,2388.14,8147.68,8.4751,0.03,395,2388,100.0,38.82,23.1902,51
86,228,0.0039,-0.0001,100.0,518.67,642.58,1597.79,1412.81,14.62,21.61,552.17,2388.14,9073.2,1.3,47.8,520.88,2388.16,8146.84,8.461,0.03,395,2388,100.0,38.55,23.2119,50
86,229,-0.0008,0.0003,100.0,518.67,642.83,1597.14,1414.46,14.62,21.61,552.51,2388.16,9071.39,1.3,47.62,520.52,2388.12,8147.53,8.4614,0.03,394,2388,100.0,38.52,23.1788,49
86,230,-0.002,0.0002,100.0,518.67,642.67,1592.23,1418.73,14.62,21.61,552.43,2388.16,9069.32,1.3,47.74,520.63,2388.17,8146.51,8.4885,0.03,396,2388,100.0,38.7,23.1396,48
86,231,-0.0026,0.0004,100.0,518.67,643.53,1593.29,1419.35,14.62,21.61,553.37,2388.13,9077.93,1.3,47.67,520.59,2388.15,8152.24,8.4775,0.03,395,2388,100.0,38.65,23.3035,47
86,232,-0.0038,-0.0002,100.0,518.67,643.19,1595.26,1420.2,14.62,21.61,552.71,2388.16,9087.96,1.3,47.68,520.49,2388.08,8149.11,8.4699,0.03,395,2388,100.0,38.69,23.3251,46
86,233,0.0012,0.0005,100.0,518.67,642.9,1590.3,1423.96,14.62,21.61,552.57,2388.17,9071.4,1.3,47.71,519.76,2388.15,8144.75,8.4914,0.03,395,2388,100.0,38.79,23.1617,45
86,234,0.0016,-0.0,100.0,518.67,642.92,1598.45,1414.2,14.62,21.61,552.04,2388.16,9070.46,1.3,47.63,521.03,2388.13,8147.92,8.476,0.03,393,2388,100.0,38.5,23.1661,44
86,235,-0.0017,0.0002,100.0,518.67,642.78,1601.21,1421.7,14.62,21.61,552.04,2388.2,9075.84,1.3,47.77,520.28,2388.15,8141.02,8.4731,0.03,396,2388,100.0,38.69,23.2233,43
86,236,0.001,-0.0,100.0,518.67,643.16,1593.64,1422.84,14.62,21.61,551.7,2388.21,9076.4,1.3,47.83,520.62,2388.17,8147.44,8.4761,0.03,394,2388,100.0,38.55,23.2421,42
86,237,-0.0015,0.0001,100.0,518.67,643.82,1601.64,1420.16,14.62,21.61,552.35,2388.16,9074.08,1.3,47.97,520.63,2388.17,8142.75,8.4544,0.03,396,2388,100.0,38.65,23.2031,41
86,238,-0.0003,0.0,100.0,518.67,643.41,1600.33,1422.31,14.62,21.61,551.78,2388.14,9070.39,1.3,47.92,520.09,2388.17,8145.24,8.4811,0.03,395,2388,100.0,38.75,23.0651,40
86,239,-0.0043,0.0001,100.0,518.67,643.06,1603.49,1415.36,14.62,21.61,552.94,2388.19,9069.76,1.3,47.93,520.18,2388.15,8150.03,8.523,0.03,393,2388,100.0,38.68,23.1756,39
86,240,0.0004,0.0004,100.0,518.67,643.54,1599.81,1418.81,14.62,21.61,552.57,2388.16,9082.12,1.3,47.89,520.65,2388.18,8146.69,8.4755,0.03,396,2388,100.0,38.72,23.1176,38
86,241,-0.0009,-0.0001,100.0,518.67,643.37,1594.91,1416.17,14.62,21.61,552.42,2388.17,9069.18,1.3,47.68,520.69,2388.23,8152.43,8.4971,0.03,395,2388,100.0,38.57,23.1852,37
86,242,-0.0028,0.0001,100.0,518.67,642.89,1591.71,1417.66,14.62,21.61,552.26,2388.21,9069.13,1.3,48.1,520.03,2388.11,8152.2,8.4936,0.03,396,2388,100.0,38.52,23.1141,36
86,243,0.0003,0.0002,100.0,518.67,643.04,1597.74,1422.12,14.62,21.61,552.4,2388.19,9074.64,1.3,47.91,520.49,2388.2,8148.74,8.4936,0.03,394,2388,100.0,38.73,23.1614,35
86,244,-0.0001,0.0004,100.0,518.67,643.64,1596.3,1423.7,14.62,21.61,552.6,2388.14,9074.39,1.3,47.97,520.64,2388.18,8145.3,8.5288,0.03,395,2388,100.0,38.8,23.2109,34
86,245,0.0002,0.0001,100.0,518.67,642.86,1595.58,1430.07,14.62,21.61,551.43,2388.16,9074.9,1.3,47.84,520.35,2388.2,8154.23,8.499,0.03,394,2388,100.0,38.66,23.2515,33
86,246,-0.0009,0.0004,100.0,518.67,643.38,1593.82,1425.29,14.62,21.61,551.98,2388.26,9074.32,1.3,47.92,520.12,2388.2,8149.87,8.4927,0.03,396,2388,100.0,38.72,23.1081,32
86,247,0.0009,-0.0003,100.0,518.67,643.41,1598.74,1422.69,14.62,21.61,552.47,2388.19,9080.25,1.3,48.0,520.23,2388.19,8150.71,8.4679,0.03,395,2388,100.0,38.63,23.0771,31
86,248,0.0033,-0.0,100.0,518.67,643.65,1599.4,1418.77,14.62,21.61,551.47,2388.19,9070.15,1.3,48.11,520.63,2388.24,8145.37,8.4879,0.03,394,2388,100.0,38.44,23.2283,30
86,249,-0.0024,0.0003,100.0,518.67,642.95,1592.04,1426.69,14.62,21.61,551.78,2388.18,9083.39,1.3,47.92,520.64,2388.21,8148.19,8.531,0.03,395,2388,100.0,38.6,23.0484,29
86,250,-0.0034,0.0005,100.0,518.67,643.11,1602.16,1425.83,14.62,21.61,552.71,2388.2,9071.52,1.3,48.11,520.11,2388.27,8154.23,8.511,0.03,395,2388,100.0,38.62,23.111,28
86,251,0.0035,0.0002,100.0,518.67,643.05,1593.66,1423.63,14.62,21.61,551.67,2388.19,9078.84,1.3,47.87,520.3,2388.21,8150.31,8.5326,0.03,395,2388,100.0,38.78,23.1455,27
86,252,0.0036,-0.0001,100.0,518.67,643.19,1600.03,1426.48,14.62,21.61,552.38,2388.17,9070.0,1.3,48.12,520.86,2388.22,8149.42,8.5191,0.03,396,2388,100.0,38.63,23.1412,26
86,253,0.0016,-0.0004,100.0,518.67,643.5,1592.47,1425.42,14.62,21.61,552.58,2388.14,9077.78,1.3,47.89,520.35,2388.2,8144.03,8.4767,0.03,395,2388,100.0,38.55,23.1449,25
86,254,0.0047,-0.0002,100.0,518.67,643.46,1599.47,1426.27,14.62,21.61,552.45,2388.2,9076.48,1.3,47.93,519.96,2388.24,8147.42,8.5071,0.03,395,2388,100.0,38.57,23.1083,24
86,255,0.0038,-0.0002,100.0,518.67,643.23,1603.44,1420.01,14.62,21.61,552.63,2388.2,9072.66,1.3,47.97,519.91,2388.19,8149.66,8.5189,0.03,397,2388,100.0,38.57,23.1083,23
86,256,0.0004,-0.0002,100.0,518.67,643.35,1597.27,1425.0,14.62,21.61,552.34,2388.2,9082.42,1.3,48.07,520.59,2388.2,8145.49,8.4506,0.03,396,2388,100.0,38.48,23.1794,22
86,257,-0.0017,0.0,100.0,518.67,642.78,1599.85,1426.22,14.62,21.61,552.22,2388.19,9084.14,1.3,47.97,519.77,2388.17,8146.49,8.5113,0.03,397,2388,100.0,38.55,23.043,21
86,258,-0.0026,-0.0003,100.0,518.67,643.34,1595.64,1424.3,14.62,21.61,552.44,2388.17,9079.05,1.3,48.06,520.15,2388.16,8150.32,8.5157,0.03,396,2388,100.0,38.62,23.1034,20
86,259,0.0012,0.0003,100.0,518.67,643.69,1595.58,1434.24,14.62,21.61,551.89,2388.2,9077.9,1.3,48.03,520.16,2388.23,8151.18,8.4772,0.03,394,2388,100.0,38.68,23.1161,19
86,260,0.003,-0.0003,100.0,518.67,643.69,1599.07,1422.68,14.62,21.61,551.93,2388.27,9074.77,1.3,47.91,520.29,2388.16,8148.59,8.5513,0.03,395,2388,100.0,38.49,23.1917,18
86,261,0.003,0.0003,100.0,518.67,643.51,1594.67,1432.76,14.62,21.61,551.73,2388.24,9082.84,1.3,48.12,519.89,2388.21,8145.95,8.4822,0.03,396,2388,100.0,38.75,23.0505,17
86,262,-0.0037,-0.0003,100.0,518.67,643.35,1596.69,1425.12,14.62,21.61,552.05,2388.2,9077.97,1.3,48.2,520.47,2388.19,8149.26,8.536,0.03,396,2388,100.0,38.39,23.1939,16
86,263,0.0004,0.0001,100.0,518.67,643.55,1603.81,1428.64,14.62,21.61,552.14,2388.19,9074.34,1.3,48.07,519.38,2388.24,8145.61,8.5344,0.03,395,2388,100.0,38.51,23.0649,15
86,264,0.0005,-0.0005,100.0,518.67,643.79,1599.01,1429.31,14.62,21.61,551.89,2388.21,9078.03,1.3,48.28,519.68,2388.23,8153.93,8.4997,0.03,396,2388,100.0,38.63,23.02,14
86,265,0.0014,0.0003,100.0,518.67,642.69,1600.53,1418.99,14.62,21.61,551.34,2388.24,9081.06,1.3,47.99,520.11,2388.24,8155.68,8.4726,0.03,397,2388,100.0,38.72,23.1122,13
86,266,0.0007,0.0002,100.0,518.67,643.53,1603.98,1424.4,14.62,21.61,550.71,2388.19,9082.13,1.3,48.17,519.5,2388.25,8146.28,8.4977,0.03,396,2388,100.0,38.52,22.9519,12
86,267,0.0016,-0.0004,100.0,518.67,643.22,1599.65,1426.99,14.62,21.61,552.14,2388.21,9079.52,1.3,48.18,519.98,2388.18,8145.98,8.4934,0.03,395,2388,100.0,38.46,23.0526,11
86,268,-0.0044,-0.0002,100.0,518.67,644.04,1604.07,1427.86,14.62,21.61,551.53,2388.23,9080.34,1.3,48.12,519.34,2388.2,8145.82,8.5246,0.03,397,2388,100.0,38.5,23.1791,10
86,269,-0.0014,-0.0002,100.0,518.67,643.33,1598.4,1426.76,14.62,21.61,551.72,2388.25,9087.0,1.3,48.1,520.0,2388.23,8154.01,8.5165,0.03,394,2388,100.0,38.44,23.0689,9
86,270,-0.001,0.0001,100.0,518.67,643.87,1594.78,1430.28,14.62,21.61,551.66,2388.29,9078.26,1.3,47.83,520.36,2388.21,8145.36,8.5226,0.03,397,2388,100.0,38.45,23.1465,8
86,271,-0.001,0.0005,100.0,518.67,643.5,1597.28,1427.6,14.62,21.61,551.66,2388.21,9075.57,1.3,48.13,520.03,2388.18,8154.1,8.5288,0.03,396,2388,100.0,38.66,23.0933,7
86,272,-0.0035,0.0002,100.0,518.67,643.49,1592.34,1431.44,14.62,21.61,550.7,2388.25,9078.87,1.3,47.96,520.35,2388.23,8154.84,8.527,0.03,396,2388,100.0,38.53,23.0076,6
86,273,0.0008,0.0004,100.0,518.67,643.19,1601.97,1431.12,14.62,21.61,551.44,2388.21,9075.52,1.3,48.1,520.02,2388.16,8156.72,8.4782,0.03,395,2388,100.0,38.67,23.0095,5
86,274,-0.0017,-0.0,100.0,518.67,643.82,1599.22,1420.73,14.62,21.61,551.59,2388.19,9079.9,1.3,48.07,519.8,2388.22,8153.15,8.5043,0.03,396,2388,100.0,38.47,23.0271,4
86,275,0.0002,-0.0004,100.0,518.67,643.5,1600.49,1431.45,14.62,21.61,552.3,2388.2,9083.57,1.3,48.24,519.62,2388.23,8153.33,8.491,0.03,396,2388,100.0,38.52,23.0738,3
86,276,0.0017,0.0002,100.0,518.67,643.41,1596.95,1425.38,14.62,21.61,552.38,2388.23,9070.18,1.3,48.15,519.51,2388.21,8150.99,8.5339,0.03,396,2388,100.0,38.45,23.1261,2
86,277,0.0003,0.0003,100.0,518.67,643.03,1602.04,1431.26,14.62,21.61,551.68,2388.26,9084.43,1.3,48.26,519.13,2388.25,8157.08,8.522,0.03,396,2388,100.0,38.49,23.0981,1
86,278,-0.0002,-0.0005,100.0,518.67,643.15,1600.16,1425.47,14.62,21.61,551.62,2388.23,9078.73,1.3,48.16,519.63,2388.22,8151.89,8.4919,0.03,398,2388,100.0,38.51,22.9947,0
87,1,-0.0007,-0.0004,100.0,518.67,642.67,1595.33,1404.23,14.62,21.61,554.29,2388.04,9060.45,1.3,47.36,522.07,2388.01,8143.6,8.4386,0.03,396,2388,100.0,38.87,23.3231,177
87,2,-0.0004,-0.0005,100.0,518.67,642.43,1587.74,1411.71,14.62,21.61,553.91,2388.03,9065.16,1.3,47.44,521.81,2388.03,8141.4,8.4433,0.03,393,2388,100.0,38.94,23.3576,176
87,3,0.0042,0.0005,100.0,518.67,642.88,1584.1,1399.03,14.62,21.61,554.26,2388.04,9064.45,1.3,47.35,522.07,2388.03,8142.93,8.4248,0.03,393,2388,100.0,38.96,23.2546,175
87,4,0.002,0.0004,100.0,518.67,642.27,1587.9,1397.49,14.62,21.61,552.91,2388.03,9059.79,1.3,47.28,521.97,2388.05,8147.7,8.4458,0.03,392,2388,100.0,38.88,23.3086,174
87,5,0.0009,0.0005,100.0,518.67,642.45,1585.48,1405.6,14.62,21.61,553.25,2388.05,9060.3,1.3,47.35,522.13,2388.06,8143.75,8.4194,0.03,392,2388,100.0,38.99,23.3682,173
87,6,-0.002,-0.0001,100.0,518.67,641.88,1587.93,1403.27,14.62,21.61,553.9,2388.11,9069.31,1.3,47.42,521.91,2388.05,8145.06,8.4277,0.03,391,2388,100.0,39.02,23.3295,172
87,7,0.0013,0.0002,100.0,518.67,642.54,1592.86,1401.07,14.62,21.61,553.83,2388.07,9061.13,1.3,47.4,521.73,2388.09,8144.61,8.4074,0.03,391,2388,100.0,38.92,23.293,171
87,8,-0.0008,0.0001,100.0,518.67,642.41,1587.06,1400.02,14.62,21.61,553.98,2388.07,9063.11,1.3,47.44,521.54,2388.05,8145.54,8.4062,0.03,392,2388,100.0,38.89,23.306,170
87,9,0.0004,0.0001,100.0,518.67,642.7,1589.73,1409.1,14.62,21.61,553.72,2388.06,9060.52,1.3,47.46,521.97,2388.05,8142.74,8.4297,0.03,393,2388,100.0,38.91,23.3575,169
87,10,-0.0014,-0.0001,100.0,518.67,642.23,1590.91,1398.67,14.62,21.61,554.18,2388.04,9059.42,1.3,47.34,522.27,2388.04,8145.33,8.4331,0.03,393,2388,100.0,38.85,23.3449,168
87,11,0.0017,-0.0003,100.0,518.67,642.58,1578.85,1408.83,14.62,21.61,553.74,2388.08,9059.87,1.3,47.31,521.78,2388.08,8143.48,8.4558,0.03,393,2388,100.0,39.05,23.3298,167
87,12,-0.0,-0.0004,100.0,518.67,642.67,1585.02,1408.14,14.62,21.61,553.61,2388.07,9064.79,1.3,47.28,521.88,2388.04,8142.4,8.419,0.03,393,2388,100.0,38.91,23.3313,166
87,13,-0.0006,-0.0001,100.0,518.67,642.19,1583.74,1407.08,14.62,21.61,553.71,2388.07,9065.84,1.3,47.46,521.44,2388.05,8150.99,8.454,0.03,393,2388,100.0,38.84,23.4211,165
87,14,0.0021,0.0003,100.0,518.67,642.03,1589.96,1401.95,14.62,21.61,553.33,2388.06,9064.22,1.3,47.6,522.39,2388.08,8144.6,8.4175,0.03,393,2388,100.0,39.15,23.4283,164
87,15,-0.0023,-0.0003,100.0,518.67,642.87,1584.61,1403.65,14.62,21.61,553.3,2388.04,9063.48,1.3,47.45,521.64,2388.05,8138.3,8.4566,0.03,393,2388,100.0,38.84,23.3722,163
87,16,-0.0005,0.0,100.0,518.67,642.38,1585.86,1401.86,14.62,21.61,553.18,2388.13,9061.83,1.3,47.51,522.01,2388.08,8143.39,8.4581,0.03,393,2388,100.0,38.72,23.2325,162
87,17,0.0031,-0.0004,100.0,518.67,642.67,1589.58,1405.4,14.62,21.61,553.76,2388.04,9065.09,1.3,47.38,521.21,2388.05,8145.13,8.4364,0.03,393,2388,100.0,38.86,23.2378,161
87,18,-0.0014,-0.0004,100.0,518.67,642.48,1587.68,1401.84,14.62,21.61,553.88,2388.11,9068.0,1.3,47.4,522.12,2388.0,8144.53,8.4154,0.03,394,2388,100.0,38.84,23.3028,160
87,19,0.0017,0.0001,100.0,518.67,642.84,1584.5,1410.52,14.62,21.61,553.38,2388.09,9069.84,1.3,47.53,521.85,2388.06,8140.72,8.4424,0.03,393,2388,100.0,38.81,23.2458,159
87,20,0.0019,-0.0003,100.0,518.67,642.21,1588.65,1405.7,14.62,21.61,553.68,2388.07,9061.18,1.3,47.66,521.6,2388.03,8142.17,8.4972,0.03,393,2388,100.0,38.78,23.2224,158
87,21,0.0007,0.0002,100.0,518.67,642.29,1587.97,1401.96,14.62,21.61,553.76,2388.08,9063.1,1.3,47.38,521.82,2388.08,8139.6,8.4061,0.03,392,2388,100.0,38.87,23.1786,157
87,22,0.0004,0.0001,100.0,518.67,642.69,1587.59,1404.62,14.62,21.61,553.65,2388.08,9065.84,1.3,47.35,522.04,2388.05,8142.33,8.4338,0.03,393,2388,100.0,38.88,23.321,156
87,23,-0.0025,-0.0,100.0,518.67,642.32,1582.78,1402.34,14.62,21.61,554.27,2388.03,9060.13,1.3,47.45,521.83,2388.1,8143.54,8.4229,0.03,392,2388,100.0,38.75,23.4017,155
87,24,0.0015,-0.0001,100.0,518.67,642.84,1591.34,1399.98,14.62,21.61,553.61,2388.08,9061.21,1.3,47.4,521.67,2388.05,8147.62,8.403,0.03,391,2388,100.0,38.8,23.2221,154
87,25,0.0001,0.0004,100.0,518.67,642.3,1597.52,1407.85,14.62,21.61,553.15,2388.02,9058.64,1.3,47.43,521.89,2388.03,8144.07,8.4432,0.03,393,2388,100.0,38.85,23.3172,153
87,26,0.0043,0.0003,100.0,518.67,642.56,1590.26,1402.59,14.62,21.61,554.39,2388.04,9056.53,1.3,47.45,522.16,2388.06,8145.56,8.4146,0.03,392,2388,100.0,38.93,23.3202,152
87,27,0.0003,-0.0001,100.0,518.67,643.07,1584.95,1404.56,14.62,21.61,554.16,2388.09,9060.19,1.3,47.43,521.37,2388.01,8142.77,8.3933,0.03,392,2388,100.0,38.87,23.3299,151
87,28,-0.0021,-0.0,100.0,518.67,642.62,1580.48,1408.3,14.62,21.61,553.93,2388.09,9061.48,1.3,47.3,521.57,2388.0,8146.4,8.3952,0.03,392,2388,100.0,39.0,23.3274,150
87,29,-0.0004,0.0004,100.0,518.67,642.26,1590.9,1403.12,14.62,21.61,553.76,2388.07,9060.79,1.3,47.53,521.87,2388.01,8147.11,8.4068,0.03,394,2388,100.0,38.94,23.2309,149
87,30,0.0017,-0.0001,100.0,518.67,642.77,1585.57,1400.58,14.62,21.61,553.48,2388.06,9057.93,1.3,47.56,521.94,2388.12,8144.51,8.4347,0.03,393,2388,100.0,38.87,23.3907,148
87,31,-0.0016,0.0001,100.0,518.67,642.3,1593.2,1410.46,14.62,21.61,553.36,2388.0,9063.16,1.3,47.49,521.53,2388.06,8144.21,8.4248,0.03,394,2388,100.0,38.74,23.314,147
87,32,-0.0004,-0.0004,100.0,518.67,642.94,1581.73,1406.63,14.62,21.61,555.2,2388.06,9065.1,1.3,47.45,521.74,2388.09,8141.46,8.4034,0.03,392,2388,100.0,38.97,23.3631,146
87,33,-0.0016,-0.0002,100.0,518.67,642.77,1578.5,1400.67,14.62,21.61,553.66,2388.07,9060.27,1.3,47.45,522.05,2388.07,8137.51,8.4136,0.03,391,2388,100.0,38.99,23.3336,145
87,34,-0.0007,0.0004,100.0,518.67,642.47,1581.05,1412.11,14.62,21.61,553.9,2388.03,9067.77,1.3,47.53,522.07,2388.09,8140.81,8.4092,0.03,392,2388,100.0,38.82,23.3277,144
87,35,0.0033,0.0003,100.0,518.67,642.31,1583.66,1407.37,14.62,21.61,553.23,2388.09,9063.19,1.3,47.35,522.23,2388.11,8146.2,8.4379,0.03,392,2388,100.0,38.91,23.3968,143
87,36,0.0032,0.0004,100.0,518.67,642.56,1593.87,1402.09,14.62,21.61,553.71,2388.07,9076.05,1.3,47.47,522.18,2388.07,8146.4,8.4318,0.03,391,2388,100.0,38.92,23.3351,142
87,37,0.0009,0.0003,100.0,518.67,642.5,1588.61,1410.85,14.62,21.61,553.93,2388.02,9055.9,1.3,47.36,521.62,2388.07,8144.39,8.4319,0.03,392,2388,100.0,39.02,23.3611,141
87,38,-0.0027,0.0002,100.0,518.67,642.63,1595.81,1399.22,14.62,21.61,553.92,2388.06,9062.02,1.3,47.45,522.24,2388.05,8143.68,8.4481,0.03,394,2388,100.0,38.9,23.3222,140
87,39,0.0026,-0.0002,100.0,518.67,642.55,1593.07,1405.47,14.62,21.61,552.9,2388.05,9052.88,1.3,47.71,522.15,2388.08,8140.38,8.4172,0.03,391,2388,100.0,38.96,23.2849,139
87,40,0.0006,0.0005,100.0,518.67,642.55,1585.56,1413.06,14.62,21.61,554.13,2388.08,9066.08,1.3,47.44,521.49,2388.08,8147.85,8.4166,0.03,393,2388,100.0,38.93,23.4115,138
87,41,0.0031,-0.0004,100.0,518.67,642.67,1580.34,1404.35,14.62,21.61,553.73,2388.08,9063.22,1.3,47.43,522.26,2388.09,8140.31,8.4239,0.03,393,2388,100.0,38.85,23.3066,137
87,42,0.0039,-0.0004,100.0,518.67,642.65,1590.73,1403.48,14.62,21.61,553.0,2388.0,9064.9,1.3,47.47,521.44,2388.08,8139.81,8.3738,0.03,392,2388,100.0,38.92,23.2766,136
87,43,0.0,-0.0003,100.0,518.67,642.52,1589.2,1411.32,14.62,21.61,552.56,2388.12,9064.77,1.3,47.48,521.67,2388.08,8141.44,8.4291,0.03,393,2388,100.0,38.86,23.29,135
87,44,0.0005,-0.0002,100.0,518.67,642.51,1587.58,1402.66,14.62,21.61,554.29,2388.03,9062.14,1.3,47.59,521.74,2388.04,8142.62,8.4242,0.03,395,2388,100.0,38.82,23.3118,134
87,45,-0.0012,0.0005,100.0,518.67,642.5,1588.66,1402.98,14.62,21.61,553.94,2388.1,9057.77,1.3,47.35,522.22,2388.13,8136.79,8.434,0.03,392,2388,100.0,38.81,23.2995,133
87,46,-0.0006,-0.0002,100.0,518.67,642.58,1583.81,1408.07,14.62,21.61,554.02,2388.09,9060.19,1.3,47.37,521.85,2388.1,8143.65,8.3987,0.03,392,2388,100.0,38.92,23.36,132
87,47,-0.0044,-0.0005,100.0,518.67,642.16,1591.65,1406.84,14.62,21.61,553.6,2388.03,9069.6,1.3,47.46,522.12,2388.04,8144.09,8.3991,0.03,394,2388,100.0,38.63,23.4098,131
87,48,-0.002,-0.0001,100.0,518.67,642.22,1589.94,1401.25,14.62,21.61,553.9,2388.08,9073.38,1.3,47.52,522.07,2388.06,8146.46,8.4363,0.03,392,2388,100.0,38.64,23.2825,130
87,49,0.0033,-0.0,100.0,518.67,642.66,1589.24,1396.51,14.62,21.61,553.46,2388.06,9056.93,1.3,47.49,521.82,2388.05,8138.49,8.4529,0.03,393,2388,100.0,38.79,23.2133,129
87,50,-0.0036,-0.0004,100.0,518.67,642.44,1588.7,1412.06,14.62,21.61,554.12,2388.11,9065.86,1.3,47.36,521.8,2388.07,8142.9,8.4743,0.03,393,2388,100.0,38.91,23.3193,128
87,51,-0.0019,0.0002,100.0,518.67,642.77,1589.88,1407.25,14.62,21.61,553.46,2388.08,9061.02,1.3,47.53,521.37,2388.07,8140.96,8.4623,0.03,393,2388,100.0,39.09,23.2799,127
87,52,0.0004,-0.0001,100.0,518.67,642.45,1594.63,1412.9,14.62,21.61,553.52,2388.08,9066.31,1.3,47.48,521.39,2388.06,8139.59,8.445,0.03,391,2388,100.0,38.95,23.273,126
87,53,0.0018,0.0002,100.0,518.67,642.31,1589.75,1401.93,14.62,21.61,553.56,2388.05,9058.85,1.3,47.48,521.4,2388.03,8141.47,8.4074,0.03,393,2388,100.0,38.93,23.3945,125
87,54,-0.0006,-0.0002,100.0,518.67,642.29,1587.71,1414.83,14.62,21.61,553.63,2388.12,9073.16,1.3,47.35,521.79,2388.07,8139.85,8.448,0.03,392,2388,100.0,38.79,23.352,124
87,55,-0.0015,-0.0,100.0,518.67,642.85,1584.64,1406.35,14.62,21.61,553.45,2388.09,9061.23,1.3,47.37,521.97,2388.06,8143.14,8.4392,0.03,392,2388,100.0,38.88,23.3749,123
87,56,-0.0001,-0.0003,100.0,518.67,642.48,1583.87,1409.17,14.62,21.61,553.24,2388.05,9066.78,1.3,47.44,521.99,2388.09,8140.26,8.4045,0.03,391,2388,100.0,38.71,23.3433,122
87,57,-0.0003,0.0001,100.0,518.67,642.27,1588.25,1411.48,14.62,21.61,553.48,2388.12,9062.0,1.3,47.67,521.48,2388.14,8142.43,8.4425,0.03,391,2388,100.0,38.82,23.325,121
87,58,0.0062,0.0001,100.0,518.67,642.4,1584.72,1407.46,14.62,21.61,553.37,2388.1,9059.92,1.3,47.58,521.75,2388.1,8142.63,8.44,0.03,392,2388,100.0,38.87,23.273,120
87,59,-0.0015,0.0005,100.0,518.67,642.51,1592.67,1411.54,14.62,21.61,553.18,2388.05,9066.36,1.3,47.38,521.49,2388.06,8142.46,8.4484,0.03,394,2388,100.0,38.66,23.3123,119
87,60,-0.003,0.0,100.0,518.67,642.8,1583.83,1408.96,14.62,21.61,553.54,2388.08,9063.67,1.3,47.46,521.54,2388.06,8141.32,8.425,0.03,393,2388,100.0,38.85,23.3097,118
87,61,-0.001,-0.0003,100.0,518.67,642.53,1592.39,1408.38,14.62,21.61,553.05,2388.07,9066.47,1.3,47.47,521.24,2388.06,8147.32,8.4338,0.03,392,2388,100.0,38.91,23.3724,117
87,62,-0.0028,-0.0004,100.0,518.67,642.73,1593.02,1408.53,14.62,21.61,554.01,2388.06,9065.14,1.3,47.59,521.31,2388.09,8144.12,8.4202,0.03,391,2388,100.0,38.92,23.2468,116
87,63,-0.0009,0.0004,100.0,518.67,642.96,1591.62,1400.56,14.62,21.61,552.9,2388.05,9064.92,1.3,47.48,522.17,2388.11,8141.33,8.4627,0.03,395,2388,100.0,38.85,23.1955,115
87,64,0.0003,-0.0003,100.0,518.67,642.55,1585.04,1405.63,14.62,21.61,553.44,2388.08,9066.11,1.3,47.68,520.98,2388.09,8141.85,8.4472,0.03,396,2388,100.0,38.92,23.3448,114
87,65,0.0001,0.0005,100.0,518.67,642.63,1589.11,1403.53,14.62,21.61,553.48,2388.1,9066.14,1.3,47.56,522.0,2388.08,8146.22,8.4499,0.03,391,2388,100.0,38.82,23.2508,113
87,66,-0.0009,0.0,100.0,518.67,642.67,1591.82,1410.38,14.62,21.61,553.72,2388.08,9059.36,1.3,47.64,521.52,2388.05,8139.09,8.4616,0.03,391,2388,100.0,38.94,23.2875,112
87,67,0.0018,-0.0,100.0,518.67,642.24,1588.96,1409.77,14.62,21.61,553.95,2388.1,9069.26,1.3,47.62,521.48,2388.07,8142.74,8.4346,0.03,393,2388,100.0,38.69,23.371,111
87,68,0.0021,0.0001,100.0,518.67,642.42,1591.45,1402.54,14.62,21.61,553.66,2388.09,9066.81,1.3,47.47,521.5,2388.07,8139.01,8.4131,0.03,394,2388,100.0,38.62,23.2755,110
87,69,-0.0018,-0.0002,100.0,518.67,642.68,1592.95,1404.03,14.62,21.61,553.26,2388.12,9061.62,1.3,47.39,521.28,2388.02,8141.8,8.4273,0.03,393,2388,100.0,38.96,23.3442,109
87,70,-0.0011,-0.0003,100.0,518.67,641.95,1584.95,1405.51,14.62,21.61,554.06,2388.1,9066.05,1.3,47.56,521.83,2388.05,8139.69,8.3978,0.03,395,2388,100.0,38.72,23.2847,108
87,71,-0.0051,0.0004,100.0,518.67,642.46,1591.93,1408.13,14.62,21.61,553.27,2388.07,9067.45,1.3,47.44,521.26,2388.07,8146.21,8.4481,0.03,393,2388,100.0,38.75,23.2837,107
87,72,0.0003,-0.0004,100.0,518.67,642.5,1587.01,1402.96,14.62,21.61,553.01,2388.05,9061.2,1.3,47.36,521.07,2388.07,8146.99,8.4407,0.03,392,2388,100.0,38.97,23.3345,106
87,73,0.0019,0.0005,100.0,518.67,642.58,1589.55,1412.28,14.62,21.61,553.46,2388.11,9067.75,1.3,47.65,521.28,2388.07,8145.32,8.4292,0.03,393,2388,100.0,39.01,23.2988,105
87,74,0.001,-0.0004,100.0,518.67,642.62,1596.33,1404.55,14.62,21.61,554.18,2388.08,9066.13,1.3,47.44,521.55,2388.07,8142.61,8.4139,0.03,392,2388,100.0,39.04,23.2598,104
87,75,0.0001,0.0,100.0,518.67,642.7,1592.34,1408.68,14.62,21.61,554.47,2388.06,9056.69,1.3,47.68,521.3,2388.05,8140.8,8.4087,0.03,393,2388,100.0,38.98,23.368,103
87,76,0.0015,-0.0,100.0,518.67,642.39,1592.08,1407.8,14.62,21.61,553.25,2388.08,9057.95,1.3,47.55,521.05,2388.12,8138.52,8.4433,0.03,393,2388,100.0,38.92,23.2997,102
87,77,-0.0036,0.0003,100.0,518.67,642.44,1584.11,1411.11,14.62,21.61,553.53,2388.11,9061.61,1.3,47.36,521.31,2388.07,8137.28,8.4656,0.03,394,2388,100.0,38.85,23.3633,101
87,78,-0.0023,-0.0003,100.0,518.67,642.92,1589.65,1402.61,14.62,21.61,553.04,2388.1,9062.33,1.3,47.43,521.98,2388.07,8137.47,8.4471,0.03,392,2388,100.0,38.71,23.3111,100
87,79,0.0025,-0.0,100.0,518.67,642.77,1587.26,1407.46,14.62,21.61,552.86,2388.13,9066.69,1.3,47.55,521.37,2388.07,8144.55,8.4514,0.03,392,2388,100.0,38.97,23.3016,99
87,80,-0.0024,-0.0001,100.0,518.67,642.42,1588.67,1408.29,14.62,21.61,553.07,2388.11,9061.78,1.3,47.48,520.9,2388.1,8147.19,8.4423,0.03,394,2388,100.0,38.99,23.355,98
87,81,-0.0048,0.0,100.0,518.67,642.62,1585.3,1404.38,14.62,21.61,553.66,2388.09,9060.99,1.3,47.62,521.41,2388.12,8140.74,8.4401,0.03,393,2388,100.0,38.89,23.3566,97
87,82,-0.0018,0.0005,100.0,518.67,642.77,1589.03,1398.67,14.62,21.61,553.03,2388.12,9060.88,1.3,47.59,521.36,2388.12,8137.73,8.4438,0.03,393,2388,100.0,38.9,23.389,96
87,83,-0.002,0.0003,100.0,518.67,642.44,1585.57,1413.2,14.62,21.61,552.8,2388.12,9064.8,1.3,47.64,521.57,2388.11,8147.16,8.451,0.03,394,2388,100.0,38.79,23.3748,95
87,84,-0.0047,0.0001,100.0,518.67,642.69,1586.54,1406.47,14.62,21.61,554.26,2388.1,9065.05,1.3,47.35,521.43,2388.09,8146.63,8.431,0.03,393,2388,100.0,38.81,23.3245,94
87,85,0.0015,-0.0002,100.0,518.67,642.9,1583.34,1412.75,14.62,21.61,552.96,2388.07,9069.16,1.3,47.52,521.32,2388.13,8145.32,8.4768,0.03,393,2388,100.0,38.81,23.266,93
87,86,-0.0024,-0.0004,100.0,518.67,642.57,1594.44,1403.4,14.62,21.61,553.59,2388.08,9056.19,1.3,47.47,521.61,2388.03,8144.03,8.4285,0.03,392,2388,100.0,38.63,23.2372,92
87,87,0.0034,-0.0,100.0,518.67,642.88,1581.62,1402.49,14.62,21.61,552.65,2388.07,9065.1,1.3,47.46,521.41,2388.14,8136.98,8.4502,0.03,392,2388,100.0,38.77,23.2852,91
87,88,-0.0024,0.0002,100.0,518.67,642.42,1587.76,1405.26,14.62,21.61,553.29,2388.09,9061.81,1.3,47.71,521.25,2388.09,8138.71,8.4285,0.03,395,2388,100.0,38.72,23.2825,90
87,89,-0.003,-0.0003,100.0,518.67,643.02,1594.77,1401.27,14.62,21.61,553.22,2388.1,9066.32,1.3,47.43,521.22,2388.12,8144.9,8.459,0.03,394,2388,100.0,38.75,23.3441,89
87,90,-0.0004,0.0001,100.0,518.67,642.67,1597.65,1406.69,14.62,21.61,553.92,2388.12,9064.42,1.3,47.46,521.39,2388.07,8142.59,8.4441,0.03,393,2388,100.0,38.72,23.3951,88
87,91,-0.0028,0.0004,100.0,518.67,642.53,1594.94,1410.86,14.62,21.61,553.15,2388.11,9064.18,1.3,47.4,521.3,2388.1,8145.09,8.4433,0.03,393,2388,100.0,38.8,23.3453,87
87,92,-0.0,-0.0003,100.0,518.67,642.56,1589.7,1405.14,14.62,21.61,553.42,2388.08,9057.68,1.3,47.57,521.11,2388.11,8141.51,8.4211,0.03,392,2388,100.0,38.64,23.2392,86
87,93,0.0008,-0.0003,100.0,518.67,642.2,1588.18,1399.11,14.62,21.61,553.62,2388.09,9058.01,1.3,47.52,521.31,2388.06,8145.4,8.3831,0.03,392,2388,100.0,38.8,23.1919,85
87,94,-0.002,0.0001,100.0,518.67,643.31,1594.98,1417.07,14.62,21.61,553.42,2388.16,9055.79,1.3,47.6,521.32,2388.11,8145.49,8.4357,0.03,393,2388,100.0,38.7,23.2332,84
87,95,0.0008,-0.0002,100.0,518.67,643.18,1586.61,1412.2,14.62,21.61,553.78,2388.1,9058.39,1.3,47.52,521.59,2388.06,8140.97,8.4278,0.03,393,2388,100.0,38.99,23.248,83
87,96,0.0006,-0.0003,100.0,518.67,643.08,1594.15,1412.72,14.62,21.61,553.54,2388.09,9059.65,1.3,47.59,521.35,2388.09,8142.57,8.4141,0.03,393,2388,100.0,38.92,23.1993,82
87,97,-0.0027,-0.0003,100.0,518.67,643.32,1583.84,1402.35,14.62,21.61,553.49,2388.18,9062.17,1.3,47.56,521.59,2388.08,8147.52,8.465,0.03,393,2388,100.0,38.79,23.3093,81
87,98,-0.0041,-0.0003,100.0,518.67,642.91,1586.47,1413.36,14.62,21.61,552.72,2388.09,9068.52,1.3,47.4,521.63,2388.13,8144.73,8.4039,0.03,395,2388,100.0,38.86,23.3759,80
87,99,0.0009,-0.0,100.0,518.67,642.48,1590.91,1405.31,14.62,21.61,553.7,2388.05,9064.42,1.3,47.43,521.3,2388.12,8138.4,8.4582,0.03,393,2388,100.0,38.89,23.3004,79
87,100,0.0026,0.0004,100.0,518.67,642.54,1588.01,1401.91,14.62,21.61,553.16,2388.1,9070.56,1.3,47.65,521.5,2388.1,8141.83,8.4123,0.03,394,2388,100.0,38.86,23.2858,78
87,101,0.0042,-0.0002,100.0,518.67,642.63,1593.8,1408.98,14.62,21.61,552.76,2388.06,9066.76,1.3,47.36,521.37,2388.11,8136.72,8.4731,0.03,393,2388,100.0,38.75,23.1583,77
87,102,-0.0038,-0.0002,100.0,518.67,641.89,1595.96,1408.0,14.62,21.61,553.59,2388.07,9058.81,1.3,47.54,521.34,2388.08,8142.08,8.4299,0.03,393,2388,100.0,38.85,23.2702,76
87,103,-0.0015,0.0004,100.0,518.67,643.2,1590.63,1404.3,14.62,21.61,553.02,2388.13,9062.35,1.3,47.43,520.88,2388.13,8137.99,8.4635,0.03,394,2388,100.0,38.94,23.2079,75
87,104,0.004,-0.0,100.0,518.67,643.11,1590.31,1410.48,14.62,21.61,554.07,2388.11,9065.29,1.3,47.51,520.97,2388.14,8139.34,8.427,0.03,394,2388,100.0,38.79,23.1964,74
87,105,-0.0011,0.0004,100.0,518.67,642.46,1587.46,1407.01,14.62,21.61,553.38,2388.02,9062.66,1.3,47.39,520.88,2388.12,8146.04,8.4226,0.03,393,2388,100.0,38.74,23.1977,73
87,106,0.0003,-0.0005,100.0,518.67,642.71,1591.92,1410.99,14.62,21.61,552.72,2388.11,9067.73,1.3,47.5,521.23,2388.11,8135.81,8.4125,0.03,392,2388,100.0,38.84,23.3085,72
87,107,-0.0009,0.0003,100.0,518.67,642.69,1591.23,1403.87,14.62,21.61,553.3,2388.13,9066.77,1.3,47.56,521.39,2388.11,8136.08,8.4705,0.03,395,2388,100.0,38.86,23.3659,71
87,108,0.0013,0.0003,100.0,518.67,642.89,1592.07,1407.82,14.62,21.61,553.04,2388.07,9066.76,1.3,47.6,521.42,2388.08,8143.11,8.4595,0.03,395,2388,100.0,38.89,23.2329,70
87,109,0.0011,-0.0001,100.0,518.67,642.69,1591.8,1407.67,14.62,21.61,553.28,2388.18,9067.76,1.3,47.56,520.99,2388.12,8136.93,8.4196,0.03,392,2388,100.0,38.66,23.1913,69
87,110,0.0026,-0.0005,100.0,518.67,642.85,1599.6,1408.0,14.62,21.61,553.16,2388.1,9063.96,1.3,47.58,521.73,2388.15,8143.72,8.4346,0.03,393,2388,100.0,38.55,23.3317,68
87,111,-0.0007,0.0004,100.0,518.67,643.23,1594.8,1416.7,14.62,21.61,554.12,2388.17,9056.41,1.3,47.8,520.73,2388.15,8141.29,8.456,0.03,392,2388,100.0,38.74,23.2983,67
87,112,0.0009,-0.0002,100.0,518.67,642.92,1588.67,1406.87,14.62,21.61,553.71,2388.1,9061.05,1.3,47.67,521.65,2388.14,8136.08,8.4219,0.03,393,2388,100.0,38.85,23.1821,66
87,113,0.0015,-0.0004,100.0,518.67,642.87,1588.2,1411.7,14.62,21.61,553.1,2388.08,9060.29,1.3,47.94,520.94,2388.11,8139.73,8.4549,0.03,396,2388,100.0,38.62,23.2563,65
87,114,-0.0003,0.0001,100.0,518.67,642.92,1586.95,1414.34,14.62,21.61,553.33,2388.11,9076.15,1.3,47.6,521.3,2388.12,8139.9,8.4597,0.03,393,2388,100.0,38.77,23.2962,64
87,115,0.0048,-0.0003,100.0,518.67,643.4,1595.55,1417.17,14.62,21.61,552.93,2388.11,9059.41,1.3,47.86,521.63,2388.11,8141.85,8.4268,0.03,393,2388,100.0,38.74,23.3861,63
87,116,0.0013,0.0005,100.0,518.67,642.93,1591.74,1402.2,14.62,21.61,552.62,2388.13,9062.98,1.3,47.68,520.76,2388.13,8142.59,8.4568,0.03,392,2388,100.0,38.84,23.1955,62
87,117,-0.0025,-0.0003,100.0,518.67,642.39,1592.78,1416.93,14.62,21.61,553.65,2388.13,9058.2,1.3,47.47,520.77,2388.11,8139.05,8.4564,0.03,394,2388,100.0,38.79,23.2598,61
87,118,-0.0007,-0.0002,100.0,518.67,643.02,1593.0,1412.99,14.62,21.61,552.97,2388.13,9068.19,1.3,47.39,521.31,2388.09,8143.49,8.5044,0.03,394,2388,100.0,38.77,23.2926,60
87,119,-0.0005,0.0001,100.0,518.67,642.87,1595.71,1410.54,14.62,21.61,552.75,2388.14,9060.38,1.3,47.66,521.07,2388.14,8135.65,8.4653,0.03,393,2388,100.0,38.85,23.2218,59
87,120,0.0019,-0.0003,100.0,518.67,642.56,1599.17,1413.6,14.62,21.61,552.86,2388.14,9054.4,1.3,47.76,521.06,2388.12,8136.05,8.4522,0.03,393,2388,100.0,38.81,23.3044,58
87,121,0.0024,0.0002,100.0,518.67,642.9,1598.44,1417.71,14.62,21.61,553.27,2388.09,9059.98,1.3,47.52,520.83,2388.16,8137.25,8.4739,0.03,394,2388,100.0,38.69,23.2046,57
87,122,-0.0006,-0.0001,100.0,518.67,642.29,1596.09,1416.66,14.62,21.61,553.23,2388.12,9068.08,1.3,47.57,520.92,2388.11,8134.52,8.4317,0.03,394,2388,100.0,38.67,23.2967,56
87,123,-0.0039,0.0002,100.0,518.67,642.42,1595.11,1407.54,14.62,21.61,552.65,2388.12,9061.66,1.3,47.63,521.65,2388.09,8136.08,8.4684,0.03,393,2388,100.0,38.53,23.3174,55
87,124,0.0004,-0.0002,100.0,518.67,643.29,1592.14,1410.78,14.62,21.61,553.59,2388.11,9057.62,1.3,47.66,521.11,2388.17,8139.3,8.4486,0.03,393,2388,100.0,38.74,23.2621,54
87,125,0.0019,0.0004,100.0,518.67,642.76,1598.65,1411.23,14.62,21.61,552.76,2388.15,9057.39,1.3,47.57,520.65,2388.14,8135.94,8.4623,0.03,396,2388,100.0,38.84,23.2239,53
87,126,-0.0043,-0.0001,100.0,518.67,642.32,1592.97,1407.75,14.62,21.61,552.77,2388.17,9058.0,1.3,47.78,521.55,2388.15,8141.26,8.4699,0.03,395,2388,100.0,38.6,23.2372,52
87,127,0.0004,-0.0001,100.0,518.67,642.85,1587.79,1416.49,14.62,21.61,552.29,2388.13,9045.78,1.3,47.77,521.29,2388.11,8137.47,8.467,0.03,394,2388,100.0,38.73,23.2872,51
87,128,-0.0001,0.0002,100.0,518.67,642.63,1595.88,1409.41,14.62,21.61,552.55,2388.1,9065.79,1.3,47.75,520.61,2388.14,8138.14,8.4366,0.03,395,2388,100.0,38.68,23.1833,50
87,129,0.0033,-0.0001,100.0,518.67,643.13,1594.4,1412.33,14.62,21.61,552.39,2388.17,9062.33,1.3,47.67,520.7,2388.25,8136.49,8.4474,0.03,394,2388,100.0,38.79,23.2246,49
87,130,0.0037,0.0001,100.0,518.67,642.77,1588.47,1416.35,14.62,21.61,552.82,2388.11,9063.39,1.3,47.59,521.31,2388.22,8139.46,8.4564,0.03,393,2388,100.0,38.57,23.2287,48
87,131,0.001,-0.0,100.0,518.67,643.29,1592.19,1410.21,14.62,21.61,552.5,2388.11,9054.44,1.3,47.52,520.59,2388.1,8132.26,8.4586,0.03,394,2388,100.0,38.61,23.1694,47
87,132,-0.005,-0.0002,100.0,518.67,642.94,1598.69,1417.38,14.62,21.61,552.77,2388.15,9068.6,1.3,47.71,520.52,2388.12,8137.98,8.4776,0.03,393,2388,100.0,38.8,23.2799,46
87,133,0.0019,-0.0003,100.0,518.67,642.57,1600.07,1411.34,14.62,21.61,551.85,2388.2,9060.67,1.3,47.6,520.48,2388.11,8141.27,8.4319,0.03,393,2388,100.0,38.52,23.2487,45
87,134,0.0004,0.0002,100.0,518.67,642.86,1589.95,1415.48,14.62,21.61,552.11,2388.14,9057.02,1.3,47.73,520.95,2388.18,8138.19,8.4629,0.03,394,2388,100.0,38.7,23.1725,44
87,135,0.0018,-0.0003,100.0,518.67,643.17,1595.99,1417.82,14.62,21.61,552.72,2388.17,9060.22,1.3,47.66,520.8,2388.17,8133.98,8.4226,0.03,395,2388,100.0,38.82,23.1578,43
87,136,0.0009,0.0005,100.0,518.67,642.9,1594.11,1414.73,14.62,21.61,552.91,2388.17,9055.95,1.3,47.95,520.91,2388.2,8134.83,8.4773,0.03,394,2388,100.0,38.68,23.2105,42
87,137,0.002,-0.0003,100.0,518.67,643.1,1593.83,1415.8,14.62,21.61,552.92,2388.14,9056.74,1.3,47.48,520.99,2388.17,8140.49,8.4512,0.03,392,2388,100.0,38.69,23.214,41
87,138,-0.0019,-0.0,100.0,518.67,642.63,1590.54,1415.21,14.62,21.61,552.52,2388.15,9059.33,1.3,47.78,520.88,2388.17,8130.91,8.4848,0.03,393,2388,100.0,38.8,23.2027,40
87,139,-0.0011,0.0005,100.0,518.67,642.93,1594.03,1415.12,14.62,21.61,552.69,2388.21,9060.82,1.3,47.7,521.08,2388.16,8134.2,8.4588,0.03,396,2388,100.0,38.64,23.3226,39
87,140,0.0008,0.0001,100.0,518.67,642.6,1590.06,1417.36,14.62,21.61,552.66,2388.11,9057.1,1.3,47.6,521.23,2388.19,8137.13,8.4307,0.03,395,2388,100.0,38.78,23.2673,38
87,141,-0.0003,0.0003,100.0,518.67,643.16,1597.55,1416.61,14.62,21.61,553.06,2388.16,9057.02,1.3,47.8,520.41,2388.15,8141.51,8.4787,0.03,393,2388,100.0,38.86,23.1701,37
87,142,-0.0006,0.0,100.0,518.67,642.99,1588.98,1418.29,14.62,21.61,553.04,2388.19,9057.43,1.3,47.86,521.15,2388.14,8137.92,8.4916,0.03,394,2388,100.0,38.68,23.2011,36
87,143,-0.0003,-0.0001,100.0,518.67,642.86,1593.18,1417.63,14.62,21.61,552.85,2388.16,9060.59,1.3,47.86,521.26,2388.17,8133.8,8.4802,0.03,394,2388,100.0,38.84,23.1971,35
87,144,0.0011,-0.0005,100.0,518.67,643.43,1596.34,1424.61,14.62,21.61,552.38,2388.19,9056.34,1.3,47.77,520.47,2388.18,8129.24,8.429,0.03,394,2388,100.0,38.69,23.2532,34
87,145,-0.0028,0.0005,100.0,518.67,643.22,1595.12,1424.86,14.62,21.61,552.26,2388.17,9059.1,1.3,47.69,520.87,2388.18,8129.45,8.4852,0.03,393,2388,100.0,38.74,23.1952,33
87,146,0.0022,0.0004,100.0,518.67,642.69,1593.51,1421.96,14.62,21.61,552.17,2388.17,9060.76,1.3,47.85,520.92,2388.19,8138.79,8.4795,0.03,395,2388,100.0,38.66,23.2183,32
87,147,0.001,0.0,100.0,518.67,643.04,1594.36,1413.52,14.62,21.61,551.72,2388.18,9060.48,1.3,47.86,520.59,2388.2,8134.56,8.494,0.03,396,2388,100.0,38.63,23.2563,31
87,148,0.0014,-0.0003,100.0,518.67,643.08,1589.78,1421.8,14.62,21.61,552.18,2388.14,9061.05,1.3,47.79,520.81,2388.22,8131.96,8.4739,0.03,394,2388,100.0,38.56,23.2516,30
87,149,-0.0008,0.0005,100.0,518.67,643.25,1592.62,1420.58,14.62,21.61,552.84,2388.23,9061.87,1.3,48.01,520.86,2388.24,8130.57,8.4875,0.03,395,2388,100.0,38.38,23.2597,29
87,150,0.0009,0.0002,100.0,518.67,643.36,1597.6,1417.16,14.62,21.61,552.74,2388.17,9052.73,1.3,47.95,520.58,2388.2,8134.91,8.4769,0.03,394,2388,100.0,38.7,23.1357,28
87,151,0.0005,0.0001,100.0,518.67,642.74,1593.36,1417.63,14.62,21.61,552.06,2388.2,9052.4,1.3,47.76,520.77,2388.16,8137.75,8.4876,0.03,393,2388,100.0,38.53,23.1642,27
87,152,0.0001,0.0,100.0,518.67,643.45,1600.35,1419.37,14.62,21.61,552.31,2388.24,9059.11,1.3,48.03,520.49,2388.21,8135.47,8.4871,0.03,394,2388,100.0,38.63,23.2057,26
87,153,-0.0016,0.0001,100.0,518.67,643.27,1595.12,1415.82,14.62,21.61,552.42,2388.25,9061.6,1.3,47.69,521.04,2388.17,8131.88,8.4808,0.03,395,2388,100.0,38.46,23.1049,25
87,154,-0.0,-0.0,100.0,518.67,643.01,1593.6,1422.24,14.62,21.61,552.11,2388.23,9054.42,1.3,47.86,520.46,2388.27,8133.68,8.5212,0.03,396,2388,100.0,38.7,23.1136,24
87,155,0.0016,0.0001,100.0,518.67,642.92,1594.26,1417.08,14.62,21.61,551.89,2388.2,9063.41,1.3,47.8,520.44,2388.26,8131.42,8.5014,0.03,396,2388,100.0,38.64,23.1708,23
87,156,-0.0009,0.0002,100.0,518.67,642.6,1596.0,1421.16,14.62,21.61,552.11,2388.21,9057.06,1.3,47.79,520.29,2388.19,8129.66,8.4743,0.03,394,2388,100.0,38.57,23.1811,22
87,157,-0.0015,-0.0003,100.0,518.67,643.36,1600.61,1424.07,14.62,21.61,552.16,2388.26,9061.43,1.3,47.92,520.26,2388.2,8127.93,8.5231,0.03,397,2388,100.0,38.78,23.1228,21
87,158,-0.0036,0.0001,100.0,518.67,643.97,1596.9,1417.94,14.62,21.61,551.94,2388.22,9053.07,1.3,47.75,519.82,2388.26,8130.11,8.4868,0.03,395,2388,100.0,38.51,23.1774,20
87,159,0.0,-0.0003,100.0,518.67,643.83,1605.11,1419.85,14.62,21.61,552.01,2388.23,9052.32,1.3,47.87,520.03,2388.25,8133.54,8.4874,0.03,396,2388,100.0,38.52,23.1637,19
87,160,0.001,0.0005,100.0,518.67,643.53,1593.46,1416.58,14.62,21.61,552.63,2388.24,9046.05,1.3,48.11,519.9,2388.19,8127.17,8.5121,0.03,394,2388,100.0,38.51,23.1153,18
87,161,-0.0026,-0.0003,100.0,518.67,643.51,1600.8,1422.12,14.62,21.61,551.7,2388.21,9057.06,1.3,47.89,520.16,2388.23,8130.31,8.5091,0.03,396,2388,100.0,38.7,23.1756,17
87,162,-0.0028,0.0001,100.0,518.67,643.51,1594.77,1427.56,14.62,21.61,552.73,2388.29,9049.62,1.3,48.0,520.28,2388.24,8128.65,8.4873,0.03,395,2388,100.0,38.59,23.1297,16
87,163,-0.0017,0.0001,100.0,518.67,643.19,1599.47,1429.33,14.62,21.61,551.95,2388.15,9059.85,1.3,48.14,520.32,2388.24,8130.37,8.5322,0.03,394,2388,100.0,38.4,23.2423,15
87,164,0.0001,-0.0001,100.0,518.67,643.37,1600.31,1424.29,14.62,21.61,552.21,2388.23,9053.86,1.3,48.05,520.78,2388.27,8132.98,8.5183,0.03,395,2388,100.0,38.46,23.0971,14
87,165,0.0001,-0.0,100.0,518.67,643.28,1604.21,1423.87,14.62,21.61,551.76,2388.27,9055.64,1.3,48.11,519.8,2388.23,8127.54,8.4967,0.03,395,2388,100.0,38.62,23.1805,13
87,166,0.0019,-0.0001,100.0,518.67,643.35,1604.57,1424.95,14.62,21.61,552.83,2388.23,9052.77,1.3,47.73,519.88,2388.28,8121.0,8.5019,0.03,395,2388,100.0,38.61,23.1761,12
87,167,0.0014,-0.0004,100.0,518.67,643.54,1598.55,1425.07,14.62,21.61,551.36,2388.26,9061.64,1.3,48.13,519.79,2388.25,8121.98,8.4983,0.03,394,2388,100.0,38.54,23.0557,11
87,168,-0.0017,0.0003,100.0,518.67,643.39,1603.78,1422.45,14.62,21.61,552.47,2388.28,9050.38,1.3,48.01,519.98,2388.22,8124.71,8.4847,0.03,396,2388,100.0,38.54,23.0734,10
87,169,-0.0026,0.0002,100.0,518.67,643.27,1601.18,1420.46,14.62,21.61,552.15,2388.26,9043.85,1.3,48.03,519.98,2388.25,8122.02,8.4881,0.03,396,2388,100.0,38.47,23.1897,9
87,170,0.0011,-0.0,100.0,518.67,644.13,1600.38,1422.7,14.62,21.61,551.51,2388.25,9051.79,1.3,48.12,519.67,2388.27,8122.88,8.4944,0.03,396,2388,100.0,38.51,23.0778,8
87,171,-0.0028,0.0005,100.0,518.67,643.76,1606.22,1425.41,14.62,21.61,551.73,2388.26,9051.65,1.3,48.12,519.72,2388.23,8122.26,8.5292,0.03,395,2388,100.0,38.5,23.0723,7
87,172,-0.0007,-0.0001,100.0,518.67,643.57,1598.99,1426.82,14.62,21.61,551.32,2388.26,9051.7,1.3,48.25,519.74,2388.27,8127.09,8.5333,0.03,395,2388,100.0,38.52,23.0464,6
87,173,0.0009,-0.0003,100.0,518.67,643.23,1594.31,1426.94,14.62,21.61,551.7,2388.26,9050.49,1.3,47.96,520.47,2388.27,8124.45,8.4905,0.03,395,2388,100.0,38.35,23.0811,5
87,174,-0.0019,-0.0004,100.0,518.67,643.41,1594.39,1437.64,14.62,21.61,551.53,2388.31,9052.23,1.3,48.04,519.93,2388.27,8123.96,8.5638,0.03,396,2388,100.0,38.34,23.0574,4
87,175,-0.0011,-0.0003,100.0,518.67,643.78,1597.02,1428.38,14.62,21.61,550.54,2388.28,9047.37,1.3,48.2,519.65,2388.29,8124.33,8.5168,0.03,397,2388,100.0,38.52,23.0501,3
87,176,0.0052,-0.0001,100.0,518.67,643.84,1600.14,1424.05,14.62,21.61,551.15,2388.28,9055.59,1.3,48.22,519.96,2388.28,8124.23,8.5268,0.03,396,2388,100.0,38.58,23.0729,2
87,177,0.0016,-0.0005,100.0,518.67,643.8,1600.61,1432.55,14.62,21.61,551.18,2388.28,9047.59,1.3,48.34,519.78,2388.28,8125.16,8.5164,0.03,395,2388,100.0,38.25,23.0864,1
87,178,0.001,0.0001,100.0,518.67,643.44,1597.69,1433.25,14.62,21.61,551.24,2388.32,9050.62,1.3,48.11,519.79,2388.31,8121.08,8.5082,0.03,397,2388,100.0,38.61,23.074,0
88,1,-0.0034,0.0003,100.0,518.67,642.31,1573.02,1404.47,14.62,21.6,554.38,2388.03,9059.25,1.3,47.33,521.84,2388.0,8146.05,8.412,0.03,393,2388,100.0,39.12,23.3496,212
88,2,0.001,-0.0004,100.0,518.67,642.37,1586.55,1398.07,14.62,21.61,554.06,2388.02,9066.88,1.3,47.18,522.02,2387.97,8147.36,8.4244,0.03,393,2388,100.0,39.12,23.4727,211
88,3,-0.0029,0.0001,100.0,518.67,642.38,1587.81,1404.04,14.62,21.61,554.08,2388.02,9065.97,1.3,47.39,521.87,2388.05,8149.18,8.4138,0.03,392,2388,100.0,38.89,23.3376,210
88,4,-0.0001,-0.0001,100.0,518.67,642.21,1582.43,1407.34,14.62,21.61,554.67,2388.03,9068.35,1.3,47.45,522.45,2388.04,8150.2,8.3916,0.03,392,2388,100.0,38.87,23.3907,209
88,5,0.0024,0.0002,100.0,518.67,641.62,1589.79,1400.4,14.62,21.61,553.97,2388.01,9071.88,1.3,47.3,522.31,2388.03,8140.86,8.4083,0.03,394,2388,100.0,38.96,23.2585,208
88,6,-0.0002,0.0001,100.0,518.67,642.28,1581.29,1397.61,14.62,21.61,553.95,2388.05,9061.6,1.3,47.23,521.91,2388.02,8143.46,8.4177,0.03,393,2388,100.0,38.74,23.3716,207
88,7,-0.0003,-0.0001,100.0,518.67,642.4,1585.57,1397.19,14.62,21.61,554.02,2388.0,9065.09,1.3,47.21,521.85,2388.01,8150.48,8.4039,0.03,392,2388,100.0,39.23,23.4079,206
88,8,0.0007,0.0002,100.0,518.67,641.25,1595.7,1400.92,14.62,21.61,554.77,2388.02,9057.83,1.3,47.34,521.58,2388.04,8143.5,8.3677,0.03,393,2388,100.0,38.95,23.3937,205
88,9,0.0011,-0.0002,100.0,518.67,641.61,1587.22,1402.79,14.62,21.61,553.88,2388.06,9069.42,1.3,47.32,521.79,2388.0,8142.82,8.426,0.03,393,2388,100.0,38.98,23.4071,204
88,10,-0.0011,-0.0001,100.0,518.67,642.38,1586.48,1409.88,14.62,21.61,554.23,2388.06,9063.6,1.3,47.32,522.22,2388.01,8147.11,8.4022,0.03,392,2388,100.0,38.86,23.2767,203
88,11,-0.0022,0.0001,100.0,518.67,642.32,1584.26,1396.04,14.62,21.61,553.51,2388.04,9062.89,1.3,47.34,522.16,2387.99,8149.61,8.4248,0.03,393,2388,100.0,38.9,23.4371,202
88,12,0.0005,-0.0003,100.0,518.67,642.46,1597.2,1404.95,14.62,21.61,554.01,2388.07,9067.86,1.3,47.35,521.77,2388.01,8147.21,8.4293,0.03,394,2388,100.0,38.93,23.4117,201
88,13,0.0012,-0.0002,100.0,518.67,642.64,1586.36,1398.11,14.62,21.61,553.9,2388.06,9060.9,1.3,47.3,522.2,2388.05,8148.92,8.4026,0.03,393,2388,100.0,38.97,23.4493,200
88,14,0.001,0.0002,100.0,518.67,642.14,1580.73,1399.14,14.62,21.61,554.56,2387.99,9061.68,1.3,47.48,521.96,2387.99,8148.47,8.428,0.03,391,2388,100.0,38.96,23.2785,199
88,15,0.0034,-0.0001,100.0,518.67,642.5,1586.02,1404.19,14.62,21.61,554.21,2387.99,9065.73,1.3,47.61,521.91,2388.04,8145.8,8.3799,0.03,393,2388,100.0,38.78,23.3953,198
88,16,-0.0001,-0.0002,100.0,518.67,642.02,1590.08,1398.7,14.62,21.61,554.03,2388.0,9060.43,1.3,47.12,522.18,2388.01,8148.43,8.4452,0.03,393,2388,100.0,39.02,23.3369,197
88,17,-0.0016,0.0005,100.0,518.67,642.45,1583.27,1399.59,14.62,21.61,554.62,2388.02,9065.26,1.3,47.33,521.65,2388.03,8143.91,8.4394,0.03,392,2388,100.0,39.08,23.3343,196
88,18,-0.0044,0.0005,100.0,518.67,642.42,1591.09,1393.01,14.62,21.61,554.81,2387.99,9065.61,1.3,47.3,522.05,2388.05,8147.46,8.4161,0.03,391,2388,100.0,38.81,23.323,195
88,19,0.0034,0.0002,100.0,518.67,642.27,1585.02,1405.99,14.62,21.61,554.18,2388.01,9065.6,1.3,47.27,521.58,2388.01,8142.94,8.4118,0.03,391,2388,100.0,39.01,23.3601,194
88,20,-0.0033,0.0003,100.0,518.67,642.45,1586.58,1401.85,14.62,21.61,553.94,2388.04,9065.08,1.3,47.2,522.44,2388.07,8149.03,8.4092,0.03,393,2388,100.0,38.95,23.415,193
88,21,-0.0034,-0.0001,100.0,518.67,642.38,1588.01,1409.21,14.62,21.61,553.77,2388.01,9064.07,1.3,47.33,522.08,2388.0,8146.09,8.4,0.03,394,2388,100.0,38.93,23.3225,192
88,22,0.0003,0.0003,100.0,518.67,643.01,1581.67,1403.76,14.62,21.61,554.74,2388.11,9066.87,1.3,47.36,521.78,2388.08,8145.03,8.4044,0.03,391,2388,100.0,39.02,23.4799,191
88,23,0.0,0.0001,100.0,518.67,642.28,1581.44,1401.52,14.62,21.61,554.13,2388.05,9058.91,1.3,47.26,521.99,2388.05,8146.64,8.4218,0.03,392,2388,100.0,39.07,23.4131,190
88,24,-0.0005,0.0001,100.0,518.67,642.17,1599.5,1403.41,14.62,21.61,554.56,2388.05,9062.72,1.3,47.3,522.1,2388.05,8151.52,8.4166,0.03,394,2388,100.0,39.03,23.3687,189
88,25,0.0017,0.0005,100.0,518.67,642.0,1587.15,1401.83,14.62,21.61,554.3,2388.02,9064.0,1.3,47.34,521.76,2388.02,8141.95,8.3938,0.03,392,2388,100.0,39.01,23.4055,188
88,26,0.0019,0.0002,100.0,518.67,642.74,1581.69,1404.67,14.62,21.61,553.77,2388.03,9059.05,1.3,47.37,522.42,2388.02,8142.29,8.4115,0.03,391,2388,100.0,38.8,23.4217,187
88,27,-0.0005,0.0005,100.0,518.67,642.38,1586.57,1392.35,14.62,21.61,553.66,2388.06,9059.94,1.3,47.22,521.87,2388.0,8147.31,8.4546,0.03,391,2388,100.0,38.93,23.3682,186
88,28,-0.0014,0.0001,100.0,518.67,641.87,1583.78,1401.59,14.62,21.61,553.59,2388.07,9072.53,1.3,47.31,522.25,2388.02,8148.09,8.3896,0.03,392,2388,100.0,38.9,23.4357,185
88,29,0.0007,0.0004,100.0,518.67,642.33,1587.56,1404.65,14.62,21.61,553.35,2388.03,9071.46,1.3,47.5,522.1,2388.02,8146.9,8.4124,0.03,391,2388,100.0,38.93,23.327,184
88,30,0.0,-0.0004,100.0,518.67,642.66,1586.44,1401.94,14.62,21.61,554.0,2388.01,9064.77,1.3,47.39,521.43,2388.02,8140.63,8.4246,0.03,390,2388,100.0,38.95,23.3545,183
88,31,0.0051,0.0,100.0,518.67,642.51,1580.45,1393.01,14.62,21.61,554.66,2388.01,9066.31,1.3,47.18,522.08,2388.02,8140.36,8.3929,0.03,393,2388,100.0,39.01,23.3656,182
88,32,-0.0021,-0.0005,100.0,518.67,642.67,1594.03,1396.38,14.62,21.61,554.25,2388.04,9068.42,1.3,47.29,522.47,2388.06,8146.38,8.3971,0.03,393,2388,100.0,38.89,23.3694,181
88,33,-0.0011,-0.0001,100.0,518.67,642.34,1588.92,1404.44,14.62,21.61,553.89,2388.06,9065.48,1.3,47.34,521.6,2388.0,8148.84,8.4319,0.03,393,2388,100.0,39.04,23.3455,180
88,34,0.0015,-0.0004,100.0,518.67,642.19,1591.56,1404.85,14.62,21.61,554.01,2388.0,9065.62,1.3,47.33,522.22,2388.04,8144.52,8.4255,0.03,392,2388,100.0,39.03,23.3534,179
88,35,-0.0002,-0.0002,100.0,518.67,642.67,1580.31,1402.76,14.62,21.61,554.17,2387.99,9057.24,1.3,47.11,521.73,2388.03,8142.48,8.4017,0.03,391,2388,100.0,38.88,23.4513,178
88,36,0.0002,0.0003,100.0,518.67,642.64,1583.63,1407.39,14.62,21.61,554.37,2388.06,9063.67,1.3,47.45,521.84,2388.03,8141.68,8.3986,0.03,391,2388,100.0,38.97,23.4312,177
88,37,-0.0001,0.0003,100.0,518.67,642.3,1587.86,1391.57,14.62,21.61,553.49,2388.05,9065.57,1.3,47.34,521.95,2388.04,8146.11,8.417,0.03,392,2388,100.0,38.97,23.2724,176
88,38,0.0012,-0.0004,100.0,518.67,642.28,1582.47,1398.67,14.62,21.61,553.8,2388.0,9068.17,1.3,47.45,522.3,2388.01,8142.18,8.4033,0.03,393,2388,100.0,38.78,23.4026,175
88,39,0.0003,0.0002,100.0,518.67,641.96,1584.53,1397.96,14.62,21.61,553.88,2388.07,9070.92,1.3,47.31,521.99,2388.06,8151.3,8.4114,0.03,393,2388,100.0,38.76,23.4228,174
88,40,0.001,0.0001,100.0,518.67,642.33,1581.3,1406.06,14.62,21.61,554.02,2388.05,9060.3,1.3,47.2,521.87,2388.03,8156.55,8.4269,0.03,392,2388,100.0,38.85,23.3115,173
88,41,0.0012,0.0,100.0,518.67,642.82,1583.25,1403.88,14.62,21.61,553.94,2388.04,9058.04,1.3,47.5,522.01,2388.0,8138.74,8.4068,0.03,392,2388,100.0,38.98,23.4125,172
88,42,0.0037,-0.0002,100.0,518.67,642.32,1584.32,1409.08,14.62,21.61,554.2,2388.02,9065.87,1.3,47.16,521.74,2388.05,8141.38,8.4325,0.03,393,2388,100.0,38.68,23.4831,171
88,43,-0.0057,0.0,100.0,518.67,642.08,1582.17,1407.6,14.62,21.61,554.19,2388.03,9067.75,1.3,47.24,522.17,2387.98,8142.09,8.4064,0.03,392,2388,100.0,39.07,23.3154,170
88,44,0.001,-0.0002,100.0,518.67,642.55,1591.19,1406.2,14.62,21.61,553.19,2388.04,9067.15,1.3,47.44,521.87,2388.0,8148.5,8.434,0.03,392,2388,100.0,39.02,23.4394,169
88,45,0.0006,0.0002,100.0,518.67,642.5,1583.96,1406.29,14.62,21.61,554.1,2388.03,9063.16,1.3,47.32,521.64,2388.03,8152.1,8.4073,0.03,392,2388,100.0,38.97,23.2912,168
88,46,0.0021,0.0004,100.0,518.67,641.88,1586.23,1402.63,14.62,21.61,553.82,2388.03,9066.22,1.3,47.36,521.54,2388.03,8150.31,8.4338,0.03,393,2388,100.0,38.93,23.2535,167
88,47,0.0004,-0.0,100.0,518.67,642.42,1586.36,1403.35,14.62,21.61,553.73,2388.03,9065.83,1.3,47.39,521.72,2388.07,8145.74,8.4224,0.03,393,2388,100.0,39.05,23.3989,166
88,48,-0.0005,0.0001,100.0,518.67,642.16,1581.44,1403.07,14.62,21.6,554.02,2388.05,9066.18,1.3,47.43,521.87,2388.05,8151.03,8.4444,0.03,392,2388,100.0,39.04,23.3566,165
88,49,-0.0017,0.0,100.0,518.67,642.71,1588.19,1403.53,14.62,21.61,554.1,2388.07,9062.38,1.3,47.41,521.91,2388.03,8152.12,8.4278,0.03,392,2388,100.0,39.05,23.3028,164
88,50,0.0001,0.0002,100.0,518.67,643.22,1583.22,1396.06,14.62,21.61,554.19,2388.06,9067.71,1.3,47.55,522.06,2388.02,8144.21,8.4021,0.03,392,2388,100.0,39.0,23.2672,163
88,51,0.0021,-0.0002,100.0,518.67,642.4,1583.52,1403.3,14.62,21.61,554.45,2388.04,9065.64,1.3,47.37,522.16,2388.06,8146.82,8.4124,0.03,392,2388,100.0,39.01,23.3288,162
88,52,-0.0006,0.0002,100.0,518.67,642.45,1590.23,1405.08,14.62,21.61,553.84,2388.0,9074.56,1.3,47.42,521.99,2388.04,8152.14,8.4034,0.03,392,2388,100.0,38.89,23.3104,161
88,53,-0.0019,0.0002,100.0,518.67,641.7,1592.28,1401.05,14.62,21.61,553.99,2388.0,9067.05,1.3,47.24,521.54,2387.99,8146.17,8.4261,0.03,392,2388,100.0,38.9,23.373,160
88,54,-0.0005,-0.0004,100.0,518.67,642.03,1587.62,1398.09,14.62,21.61,553.58,2388.02,9062.98,1.3,47.35,522.21,2388.12,8143.17,8.4028,0.03,392,2388,100.0,38.95,23.3327,159
88,55,-0.0017,0.0,100.0,518.67,642.11,1585.47,1405.29,14.62,21.61,553.68,2388.04,9063.92,1.3,47.46,521.5,2387.99,8147.96,8.4079,0.03,394,2388,100.0,39.12,23.3258,158
88,56,-0.0002,-0.0002,100.0,518.67,642.22,1584.4,1409.64,14.62,21.61,553.87,2388.07,9065.22,1.3,47.38,522.38,2387.96,8144.33,8.4058,0.03,394,2388,100.0,38.89,23.3181,157
88,57,0.0028,-0.0004,100.0,518.67,642.86,1585.06,1398.02,14.62,21.61,553.72,2388.04,9059.5,1.3,47.35,522.04,2388.02,8149.42,8.4166,0.03,391,2388,100.0,38.84,23.33,156
88,58,0.0041,0.0001,100.0,518.67,642.38,1585.02,1399.36,14.62,21.61,553.02,2388.04,9060.66,1.3,47.43,521.95,2388.05,8143.27,8.421,0.03,393,2388,100.0,38.94,23.3614,155
88,59,0.0016,-0.0004,100.0,518.67,642.27,1594.57,1400.94,14.62,21.61,554.19,2388.06,9064.52,1.3,47.37,521.95,2388.02,8145.76,8.4053,0.03,392,2388,100.0,38.88,23.4217,154
88,60,0.0055,-0.0002,100.0,518.67,643.0,1588.58,1406.92,14.62,21.61,553.91,2388.06,9066.43,1.3,47.29,522.2,2387.98,8147.47,8.4336,0.03,392,2388,100.0,39.04,23.327,153
88,61,-0.0005,0.0,100.0,518.67,642.12,1591.48,1402.01,14.62,21.61,553.53,2388.01,9061.17,1.3,47.45,522.08,2388.08,8145.76,8.4175,0.03,391,2388,100.0,38.8,23.5146,152
88,62,-0.0021,-0.0002,100.0,518.67,642.28,1590.97,1409.82,14.62,21.61,554.14,2387.98,9066.11,1.3,47.35,521.91,2388.07,8147.62,8.4173,0.03,391,2388,100.0,39.05,23.3722,151
88,63,0.0002,-0.0002,100.0,518.67,642.36,1584.27,1402.38,14.62,21.61,553.21,2388.05,9065.97,1.3,47.19,521.99,2387.98,8142.65,8.4147,0.03,393,2388,100.0,38.98,23.4008,150
88,64,-0.001,0.0004,100.0,518.67,641.92,1586.61,1398.97,14.62,21.61,554.12,2388.08,9066.1,1.3,47.34,521.81,2388.02,8146.12,8.4244,0.03,392,2388,100.0,39.07,23.3855,149
88,65,0.0005,-0.0003,100.0,518.67,642.26,1585.88,1408.82,14.62,21.61,554.35,2388.1,9069.65,1.3,47.37,522.26,2388.09,8141.09,8.4189,0.03,391,2388,100.0,39.01,23.4546,148
88,66,0.0009,-0.0,100.0,518.67,642.31,1586.63,1403.75,14.62,21.61,553.55,2388.03,9062.51,1.3,47.25,521.58,2388.07,8142.25,8.4136,0.03,392,2388,100.0,39.01,23.28,147
88,67,0.0041,0.0004,100.0,518.67,642.32,1584.51,1406.94,14.62,21.61,554.4,2388.09,9069.3,1.3,47.42,521.7,2388.08,8148.41,8.4499,0.03,392,2388,100.0,39.04,23.4495,146
88,68,0.0019,-0.0002,100.0,518.67,642.77,1591.31,1402.46,14.62,21.61,553.68,2387.96,9061.74,1.3,47.42,521.5,2388.05,8146.28,8.445,0.03,393,2388,100.0,38.91,23.3824,145
88,69,-0.0048,-0.0,100.0,518.67,641.96,1586.07,1402.92,14.62,21.61,553.81,2388.0,9070.72,1.3,47.34,522.18,2388.1,8149.82,8.4291,0.03,395,2388,100.0,38.95,23.354,144
88,70,-0.0005,0.0003,100.0,518.67,642.89,1586.13,1407.31,14.62,21.61,553.67,2388.03,9060.81,1.3,47.57,521.9,2388.09,8149.91,8.4326,0.03,393,2388,100.0,39.01,23.3239,143
88,71,-0.0014,0.0003,100.0,518.67,642.61,1587.43,1402.09,14.62,21.61,553.61,2388.06,9063.65,1.3,47.36,521.92,2388.02,8147.61,8.3999,0.03,393,2388,100.0,38.82,23.3458,142
88,72,-0.0016,0.0002,100.0,518.67,641.91,1589.27,1403.05,14.62,21.61,554.0,2388.08,9065.24,1.3,47.5,521.62,2388.03,8146.71,8.4165,0.03,392,2388,100.0,39.01,23.279,141
88,73,-0.0014,0.0004,100.0,518.67,642.3,1582.39,1394.35,14.62,21.61,553.72,2388.01,9069.46,1.3,47.34,521.6,2388.07,8147.28,8.4174,0.03,391,2388,100.0,38.84,23.2873,140
88,74,0.003,-0.0001,100.0,518.67,641.59,1576.19,1404.69,14.62,21.61,554.25,2388.05,9066.39,1.3,47.41,521.72,2388.05,8148.74,8.4456,0.03,393,2388,100.0,38.88,23.4085,139
88,75,-0.0005,0.0004,100.0,518.67,642.99,1587.18,1400.82,14.62,21.61,553.89,2388.02,9070.27,1.3,47.27,522.56,2388.04,8144.97,8.442,0.03,392,2388,100.0,38.98,23.3514,138
88,76,0.0042,0.0001,100.0,518.67,642.98,1592.79,1405.74,14.62,21.61,554.44,2388.05,9065.3,1.3,47.56,521.38,2388.03,8143.53,8.41,0.03,391,2388,100.0,38.86,23.2768,137
88,77,0.0012,0.0003,100.0,518.67,642.28,1592.92,1397.83,14.62,21.61,553.93,2388.11,9061.74,1.3,47.44,522.0,2388.02,8151.57,8.3934,0.03,394,2388,100.0,38.96,23.4144,136
88,78,-0.0014,-0.0004,100.0,518.67,642.5,1587.62,1395.07,14.62,21.61,553.71,2388.06,9063.46,1.3,47.29,521.68,2388.05,8147.63,8.3984,0.03,394,2388,100.0,39.06,23.3827,135
88,79,0.0009,-0.0003,100.0,518.67,642.6,1588.62,1403.09,14.62,21.61,553.71,2388.1,9069.17,1.3,47.28,522.09,2387.99,8144.3,8.4199,0.03,393,2388,100.0,38.91,23.3552,134
88,80,-0.0006,0.0001,100.0,518.67,641.9,1593.79,1398.43,14.62,21.61,554.57,2388.07,9063.85,1.3,47.34,521.61,2388.07,8149.37,8.4336,0.03,390,2388,100.0,38.99,23.4004,133
88,81,0.0009,-0.0003,100.0,518.67,641.87,1591.18,1402.74,14.62,21.61,554.64,2388.02,9066.42,1.3,47.38,521.7,2388.02,8148.41,8.403,0.03,393,2388,100.0,38.84,23.3004,132
88,82,-0.0017,-0.0003,100.0,518.67,642.0,1582.85,1401.57,14.62,21.61,553.65,2388.05,9063.74,1.3,47.38,522.02,2388.05,8146.44,8.4264,0.03,392,2388,100.0,38.8,23.4321,131
88,83,-0.0009,-0.0001,100.0,518.67,642.64,1593.14,1408.26,14.62,21.61,553.44,2388.08,9069.55,1.3,47.3,521.65,2388.05,8151.43,8.4099,0.03,391,2388,100.0,38.88,23.3699,130
88,84,-0.001,-0.0001,100.0,518.67,642.46,1585.98,1403.89,14.62,21.61,553.57,2387.99,9071.71,1.3,47.21,522.3,2388.06,8150.42,8.427,0.03,393,2388,100.0,39.06,23.3567,129
88,85,0.0031,-0.0003,100.0,518.67,642.23,1587.95,1406.73,14.62,21.61,553.78,2388.07,9064.77,1.3,47.33,521.43,2388.03,8139.13,8.4308,0.03,394,2388,100.0,38.85,23.4007,128
88,86,0.0013,-0.0001,100.0,518.67,642.7,1586.58,1408.22,14.62,21.61,554.3,2388.03,9068.18,1.3,47.39,522.02,2388.03,8148.08,8.4049,0.03,392,2388,100.0,38.79,23.3484,127
88,87,-0.0026,0.0004,100.0,518.67,642.43,1584.57,1407.05,14.62,21.61,553.69,2388.06,9072.78,1.3,47.37,522.0,2388.05,8147.92,8.4268,0.03,392,2388,100.0,38.76,23.3452,126
88,88,0.003,-0.0002,100.0,518.67,642.47,1585.26,1400.68,14.62,21.61,554.19,2388.02,9069.5,1.3,47.33,521.78,2388.02,8150.26,8.4079,0.03,392,2388,100.0,39.08,23.2351,125
88,89,0.0049,-0.0002,100.0,518.67,642.56,1584.69,1401.72,14.62,21.61,553.73,2388.04,9074.22,1.3,47.22,521.66,2388.03,8151.02,8.4086,0.03,391,2388,100.0,38.83,23.3645,124
88,90,-0.0015,0.0005,100.0,518.67,642.42,1590.93,1405.4,14.62,21.61,553.65,2388.05,9076.01,1.3,47.39,521.66,2388.05,8146.93,8.3878,0.03,394,2388,100.0,38.9,23.4054,123
88,91,-0.0012,-0.0001,100.0,518.67,642.59,1585.82,1404.5,14.62,21.61,554.0,2388.05,9072.8,1.3,47.38,521.93,2388.02,8149.33,8.4538,0.03,392,2388,100.0,39.02,23.4052,122
88,92,0.0016,-0.0004,100.0,518.67,642.67,1580.48,1407.05,14.62,21.61,553.79,2388.1,9071.3,1.3,47.34,521.83,2388.02,8150.52,8.4084,0.03,390,2388,100.0,38.91,23.4004,121
88,93,0.0033,0.0002,100.0,518.67,642.32,1588.28,1405.64,14.62,21.61,554.05,2387.98,9075.92,1.3,47.42,521.39,2388.04,8149.16,8.4263,0.03,393,2388,100.0,39.02,23.4713,120
88,94,0.0008,-0.0001,100.0,518.67,642.78,1593.8,1410.6,14.62,21.61,553.65,2388.07,9069.03,1.3,47.45,521.73,2388.05,8149.44,8.4528,0.03,393,2388,100.0,39.0,23.3889,119
88,95,0.0017,-0.0003,100.0,518.67,642.32,1586.87,1405.62,14.62,21.61,554.68,2388.04,9072.81,1.3,47.38,521.77,2388.02,8150.52,8.4679,0.03,392,2388,100.0,38.86,23.2033,118
88,96,-0.0024,-0.0004,100.0,518.67,642.18,1592.04,1405.2,14.62,21.61,554.36,2388.04,9073.22,1.3,47.54,521.59,2388.01,8150.08,8.4326,0.03,393,2388,100.0,38.9,23.3556,117
88,97,0.0008,0.0001,100.0,518.67,642.45,1591.36,1403.53,14.62,21.61,553.79,2388.09,9065.5,1.3,47.55,521.64,2388.06,8151.1,8.4,0.03,393,2388,100.0,38.7,23.4716,116
88,98,-0.0001,-0.0004,100.0,518.67,642.67,1594.54,1403.99,14.62,21.61,553.48,2388.04,9077.89,1.3,47.41,521.58,2388.03,8153.57,8.4386,0.03,393,2388,100.0,38.85,23.3593,115
88,99,0.0018,-0.0004,100.0,518.67,642.19,1589.56,1405.01,14.62,21.61,553.94,2388.06,9062.25,1.3,47.29,521.72,2388.03,8151.65,8.4136,0.03,393,2388,100.0,39.01,23.4507,114
88,100,0.0002,-0.0003,100.0,518.67,642.65,1586.68,1403.23,14.62,21.61,553.52,2388.07,9071.1,1.3,47.22,522.26,2388.08,8144.31,8.4174,0.03,393,2388,100.0,38.73,23.3029,113
88,101,0.0009,-0.0,100.0,518.67,642.21,1594.52,1401.36,14.62,21.61,553.11,2388.08,9073.65,1.3,47.26,522.05,2388.03,8149.41,8.4248,0.03,392,2388,100.0,38.8,23.1897,112
88,102,-0.0019,-0.0002,100.0,518.67,642.29,1589.29,1404.68,14.62,21.61,554.33,2388.07,9074.88,1.3,47.38,521.91,2388.01,8147.92,8.4456,0.03,393,2388,100.0,38.75,23.3564,111
88,103,0.0059,0.0001,100.0,518.67,642.79,1585.72,1396.68,14.62,21.61,553.52,2388.08,9067.58,1.3,47.2,522.0,2388.01,8149.88,8.4144,0.03,394,2388,100.0,38.71,23.3851,110
88,104,-0.0025,-0.0,100.0,518.67,642.65,1591.24,1410.43,14.62,21.61,554.63,2388.05,9067.1,1.3,47.42,521.63,2388.06,8150.45,8.4561,0.03,393,2388,100.0,38.94,23.3097,109
88,105,-0.0004,-0.0003,100.0,518.67,642.63,1587.95,1411.72,14.62,21.61,554.1,2388.07,9067.43,1.3,47.46,521.64,2388.04,8154.8,8.4111,0.03,393,2388,100.0,38.91,23.2596,108
88,106,0.0003,-0.0001,100.0,518.67,642.71,1593.73,1407.08,14.62,21.61,553.44,2388.04,9074.68,1.3,47.49,521.59,2388.03,8149.99,8.4318,0.03,393,2388,100.0,38.88,23.35,107
88,107,-0.0018,0.0002,100.0,518.67,642.42,1587.09,1412.92,14.62,21.61,553.45,2388.05,9073.94,1.3,47.5,522.2,2388.02,8156.78,8.4032,0.03,393,2388,100.0,39.17,23.3936,106
88,108,-0.0003,-0.0002,100.0,518.67,642.69,1588.3,1413.46,14.62,21.61,553.97,2388.02,9073.16,1.3,47.48,521.33,2388.04,8146.26,8.431,0.03,394,2388,100.0,39.06,23.2558,105
88,109,-0.0009,-0.0001,100.0,518.67,642.91,1595.58,1408.15,14.62,21.61,553.33,2388.05,9057.88,1.3,47.58,521.86,2388.06,8151.06,8.401,0.03,393,2388,100.0,38.88,23.326,104
88,110,0.0011,0.0001,100.0,518.67,642.53,1591.98,1405.06,14.62,21.61,553.9,2388.07,9076.79,1.3,47.62,521.96,2387.99,8153.11,8.4097,0.03,394,2388,100.0,38.79,23.2308,103
88,111,0.0025,0.0004,100.0,518.67,642.36,1587.02,1404.18,14.62,21.61,553.09,2388.08,9068.51,1.3,47.51,522.07,2388.02,8146.97,8.4602,0.03,392,2388,100.0,38.95,23.3456,102
88,112,0.0044,0.0005,100.0,518.67,643.24,1590.93,1399.82,14.62,21.61,554.27,2388.08,9070.83,1.3,47.59,521.75,2388.09,8147.54,8.4302,0.03,394,2388,100.0,38.75,23.2841,101
88,113,0.0024,0.0,100.0,518.67,642.74,1597.78,1408.77,14.62,21.61,553.6,2388.03,9079.35,1.3,47.35,521.83,2388.05,8146.64,8.4255,0.03,393,2388,100.0,38.77,23.3997,100
88,114,0.0023,-0.0001,100.0,518.67,642.35,1589.83,1411.13,14.62,21.61,553.04,2388.1,9073.59,1.3,47.29,521.4,2388.0,8147.71,8.4585,0.03,391,2388,100.0,38.76,23.3312,99
88,115,0.0002,0.0001,100.0,518.67,641.69,1584.06,1407.18,14.62,21.61,553.42,2388.09,9072.08,1.3,47.37,521.79,2388.01,8153.55,8.455,0.03,392,2388,100.0,38.93,23.4501,98
88,116,-0.0021,-0.0004,100.0,518.67,642.79,1585.42,1402.12,14.62,21.61,554.11,2388.05,9076.09,1.3,47.48,521.63,2388.06,8147.19,8.4142,0.03,394,2388,100.0,38.9,23.2346,97
88,117,-0.0039,-0.0004,100.0,518.67,642.67,1593.69,1407.61,14.62,21.61,554.03,2388.05,9075.76,1.3,47.58,521.24,2388.05,8153.92,8.4238,0.03,394,2388,100.0,38.78,23.2459,96
88,118,-0.0003,0.0004,100.0,518.67,642.72,1591.2,1411.52,14.62,21.61,553.54,2388.11,9077.74,1.3,47.39,521.44,2388.09,8157.09,8.4076,0.03,394,2388,100.0,39.0,23.3898,95
88,119,-0.0024,-0.0002,100.0,518.67,642.01,1587.31,1408.03,14.62,21.61,554.04,2388.09,9073.71,1.3,47.51,522.55,2388.01,8150.45,8.4186,0.03,393,2388,100.0,38.84,23.2404,94
88,120,-0.002,-0.0002,100.0,518.67,642.39,1585.91,1404.48,14.62,21.61,553.35,2388.11,9069.28,1.3,47.55,521.96,2388.09,8150.8,8.3956,0.03,392,2388,100.0,38.86,23.3313,93
88,121,-0.0015,-0.0001,100.0,518.67,643.07,1588.51,1404.14,14.62,21.61,552.93,2388.03,9074.45,1.3,47.43,521.5,2388.08,8158.94,8.4257,0.03,393,2388,100.0,38.84,23.3124,92
88,122,0.0005,-0.0001,100.0,518.67,642.67,1594.34,1405.13,14.62,21.61,553.5,2388.13,9076.07,1.3,47.44,521.95,2388.06,8156.11,8.4456,0.03,394,2388,100.0,38.71,23.2937,91
88,123,0.0011,0.0001,100.0,518.67,642.78,1583.07,1414.42,14.62,21.61,553.47,2388.06,9075.9,1.3,47.39,521.86,2388.1,8157.42,8.4445,0.03,394,2388,100.0,38.72,23.2969,90
88,124,0.0027,-0.0004,100.0,518.67,642.34,1594.32,1412.05,14.62,21.61,553.72,2388.05,9069.97,1.3,47.38,521.08,2388.08,8153.26,8.4256,0.03,393,2388,100.0,38.92,23.2714,89
88,125,-0.0012,-0.0001,100.0,518.67,642.73,1591.32,1402.34,14.62,21.61,553.98,2388.04,9074.8,1.3,47.52,521.65,2388.12,8150.46,8.4213,0.03,392,2388,100.0,38.99,23.272,88
88,126,0.0039,-0.0003,100.0,518.67,642.3,1596.47,1399.49,14.62,21.61,553.61,2388.08,9072.02,1.3,47.25,522.08,2388.09,8157.07,8.4192,0.03,393,2388,100.0,38.73,23.3432,87
88,127,0.0027,-0.0001,100.0,518.67,643.19,1586.64,1411.27,14.62,21.61,552.95,2388.03,9076.76,1.3,47.28,521.45,2388.05,8153.9,8.48,0.03,391,2388,100.0,38.97,23.2814,86
88,128,-0.0002,0.0001,100.0,518.67,642.8,1590.55,1407.75,14.62,21.61,554.09,2388.02,9081.1,1.3,47.6,522.14,2388.06,8157.51,8.4518,0.03,393,2388,100.0,38.86,23.2985,85
88,129,0.0006,-0.0001,100.0,518.67,643.19,1591.45,1403.9,14.62,21.61,553.09,2388.09,9078.0,1.3,47.57,521.33,2388.1,8153.39,8.4399,0.03,393,2388,100.0,38.98,23.3109,84
88,130,0.0021,-0.0,100.0,518.67,642.45,1584.71,1408.04,14.62,21.61,554.22,2388.08,9080.21,1.3,47.4,521.87,2388.06,8159.16,8.4294,0.03,393,2388,100.0,38.79,23.2673,83
88,131,0.0025,-0.0004,100.0,518.67,642.22,1578.87,1409.17,14.62,21.61,553.19,2388.09,9080.76,1.3,47.61,521.63,2388.07,8155.74,8.4309,0.03,393,2388,100.0,38.9,23.328,82
88,132,0.0018,-0.0004,100.0,518.67,641.94,1587.5,1416.25,14.62,21.61,553.39,2388.06,9074.81,1.3,47.44,522.12,2388.02,8148.97,8.4208,0.03,392,2388,100.0,38.85,23.3738,81
88,133,0.0019,-0.0,100.0,518.67,642.9,1588.08,1407.72,14.62,21.61,553.63,2388.04,9078.04,1.3,47.39,521.57,2388.04,8153.67,8.4161,0.03,393,2388,100.0,38.73,23.2652,80
88,134,-0.0012,0.0002,100.0,518.67,642.31,1587.69,1410.41,14.62,21.61,553.52,2388.11,9074.19,1.3,47.38,521.78,2388.02,8156.34,8.4426,0.03,394,2388,100.0,38.75,23.3353,79
88,135,0.0021,0.0003,100.0,518.67,642.55,1588.85,1406.97,14.62,21.61,553.62,2388.08,9080.36,1.3,47.44,521.34,2388.09,8159.0,8.4575,0.03,396,2388,100.0,38.87,23.281,78
88,136,-0.0048,0.0004,100.0,518.67,642.96,1593.72,1412.92,14.62,21.61,552.9,2388.01,9083.55,1.3,47.5,521.7,2388.07,8152.53,8.4724,0.03,393,2388,100.0,39.02,23.3801,77
88,137,0.001,-0.0002,100.0,518.67,642.74,1595.95,1409.51,14.62,21.61,553.84,2388.03,9075.97,1.3,47.59,521.38,2388.06,8162.02,8.4544,0.03,394,2388,100.0,38.88,23.2741,76
88,138,-0.0016,-0.0003,100.0,518.67,642.49,1589.68,1408.68,14.62,21.61,552.74,2388.08,9080.72,1.3,47.37,521.79,2388.04,8157.93,8.4085,0.03,393,2388,100.0,38.66,23.2487,75
88,139,-0.0011,0.0001,100.0,518.67,642.17,1591.02,1403.99,14.62,21.61,552.76,2388.06,9084.78,1.3,47.54,521.44,2388.05,8161.13,8.4289,0.03,393,2388,100.0,38.92,23.2865,74
88,140,0.0026,-0.0004,100.0,518.67,643.1,1587.71,1409.49,14.62,21.61,553.17,2388.05,9085.18,1.3,47.77,521.76,2388.05,8153.56,8.448,0.03,394,2388,100.0,38.87,23.2738,73
88,141,-0.0028,0.0004,100.0,518.67,642.59,1589.18,1412.52,14.62,21.61,553.49,2388.03,9082.11,1.3,47.48,521.16,2388.06,8160.8,8.4056,0.03,393,2388,100.0,38.76,23.186,72
88,142,0.0006,0.0001,100.0,518.67,643.05,1592.49,1412.7,14.62,21.61,553.05,2388.12,9079.78,1.3,47.64,521.76,2388.06,8151.66,8.4371,0.03,393,2388,100.0,38.85,23.2696,71
88,143,0.003,-0.0,100.0,518.67,642.54,1592.8,1403.41,14.62,21.61,553.53,2388.09,9081.96,1.3,47.6,521.05,2388.06,8157.08,8.3899,0.03,393,2388,100.0,39.02,23.3022,70
88,144,0.0036,-0.0004,100.0,518.67,642.39,1593.12,1407.8,14.62,21.61,552.93,2388.12,9078.08,1.3,47.53,522.17,2388.05,8154.94,8.4264,0.03,395,2388,100.0,38.9,23.267,69
88,145,0.0026,-0.0003,100.0,518.67,642.85,1589.5,1408.87,14.62,21.61,554.1,2388.03,9080.81,1.3,47.58,521.76,2388.07,8163.37,8.4366,0.03,395,2388,100.0,38.86,23.3371,68
88,146,0.0004,0.0,100.0,518.67,642.85,1593.45,1415.48,14.62,21.61,553.27,2388.12,9086.64,1.3,47.57,521.99,2388.07,8155.18,8.4723,0.03,392,2388,100.0,38.87,23.2257,67
88,147,0.0005,-0.0004,100.0,518.67,642.74,1597.65,1407.66,14.62,21.61,552.72,2388.1,9092.34,1.3,47.63,521.57,2388.04,8157.39,8.4652,0.03,396,2388,100.0,38.76,23.3304,66
88,148,-0.0032,0.0002,100.0,518.67,642.2,1593.18,1404.42,14.62,21.61,553.12,2388.05,9088.58,1.3,47.54,521.4,2388.07,8161.49,8.426,0.03,394,2388,100.0,38.86,23.3132,65
88,149,-0.0014,0.0005,100.0,518.67,642.96,1595.99,1415.82,14.62,21.61,553.72,2388.05,9078.56,1.3,47.64,521.74,2388.09,8161.86,8.4687,0.03,392,2388,100.0,38.81,23.2515,64
88,150,-0.0005,0.0002,100.0,518.67,642.57,1592.11,1409.01,14.62,21.61,552.65,2388.02,9086.38,1.3,47.5,521.39,2388.05,8163.93,8.4738,0.03,395,2388,100.0,38.63,23.2757,63
88,151,-0.0002,-0.0,100.0,518.67,642.72,1585.7,1405.84,14.62,21.61,552.6,2388.08,9086.86,1.3,47.79,521.06,2388.08,8161.39,8.4625,0.03,393,2388,100.0,38.77,23.353,62
88,152,-0.0047,-0.0001,100.0,518.67,642.55,1590.24,1406.36,14.62,21.61,553.31,2388.06,9082.0,1.3,47.67,521.56,2388.11,8160.57,8.4353,0.03,394,2388,100.0,38.74,23.2618,61
88,153,0.0015,0.0004,100.0,518.67,642.46,1593.6,1406.75,14.62,21.61,552.77,2388.08,9081.26,1.3,47.65,521.08,2388.07,8163.06,8.4396,0.03,394,2388,100.0,38.86,23.3133,60
88,154,-0.0009,-0.0003,100.0,518.67,642.59,1599.4,1411.8,14.62,21.61,553.8,2388.09,9089.1,1.3,47.45,522.08,2388.07,8164.31,8.441,0.03,394,2388,100.0,38.75,23.3424,59
88,155,0.0001,-0.0003,100.0,518.67,643.26,1596.9,1408.66,14.62,21.61,553.66,2388.08,9089.23,1.3,47.43,521.52,2388.03,8160.35,8.4695,0.03,394,2388,100.0,38.65,23.2901,58
88,156,-0.0025,0.0004,100.0,518.67,642.27,1588.44,1412.41,14.62,21.61,552.91,2388.14,9093.41,1.3,47.46,521.35,2388.07,8164.8,8.4634,0.03,394,2388,100.0,38.78,23.2911,57
88,157,-0.0011,-0.0004,100.0,518.67,642.57,1591.56,1416.21,14.62,21.61,553.02,2388.09,9082.85,1.3,47.51,521.04,2388.11,8151.15,8.437,0.03,394,2388,100.0,38.82,23.1411,56
88,158,-0.0039,-0.0004,100.0,518.67,642.81,1593.36,1417.7,14.62,21.61,553.08,2388.13,9089.15,1.3,47.51,521.15,2388.04,8163.95,8.5044,0.03,394,2388,100.0,38.68,23.2491,55
88,159,-0.0005,0.0004,100.0,518.67,642.9,1588.87,1411.91,14.62,21.61,553.67,2388.09,9081.29,1.3,47.76,521.43,2388.06,8169.02,8.4604,0.03,394,2388,100.0,38.97,23.2921,54
88,160,-0.0018,0.0001,100.0,518.67,642.34,1593.04,1411.41,14.62,21.61,553.12,2388.09,9091.29,1.3,47.5,521.66,2388.07,8168.11,8.4199,0.03,394,2388,100.0,38.73,23.3061,53
88,161,-0.0025,-0.0002,100.0,518.67,642.7,1593.45,1408.57,14.62,21.61,552.99,2388.12,9098.95,1.3,47.41,521.37,2388.13,8165.33,8.4292,0.03,394,2388,100.0,38.77,23.2051,52
88,162,0.0017,-0.0004,100.0,518.67,643.09,1593.24,1407.15,14.62,21.61,553.42,2388.11,9086.18,1.3,47.54,521.31,2388.07,8164.88,8.4667,0.03,394,2388,100.0,38.82,23.1784,51
88,163,-0.0017,-0.0001,100.0,518.67,642.96,1586.43,1417.66,14.62,21.61,552.51,2388.09,9089.74,1.3,47.71,521.16,2388.11,8169.67,8.4388,0.03,393,2388,100.0,38.58,23.2969,50
88,164,-0.0003,-0.0003,100.0,518.67,642.4,1593.46,1408.62,14.62,21.61,553.02,2388.02,9087.09,1.3,47.66,521.42,2388.12,8159.04,8.4875,0.03,394,2388,100.0,38.79,23.1879,49
88,165,-0.0011,-0.0,100.0,518.67,642.98,1594.26,1413.84,14.62,21.61,553.3,2388.1,9091.24,1.3,47.49,521.49,2388.04,8169.33,8.4612,0.03,394,2388,100.0,38.75,23.2559,48
88,166,-0.0033,0.0001,100.0,518.67,643.07,1589.53,1413.0,14.62,21.61,552.86,2388.06,9096.97,1.3,47.59,521.25,2388.15,8158.63,8.4442,0.03,394,2388,100.0,38.57,23.2412,47
88,167,0.0004,0.0004,100.0,518.67,643.04,1597.43,1415.7,14.62,21.61,553.46,2388.02,9092.79,1.3,47.58,521.03,2388.08,8162.89,8.4578,0.03,393,2388,100.0,38.7,23.2393,46
88,168,0.0027,-0.0001,100.0,518.67,643.17,1594.36,1413.31,14.62,21.61,553.69,2388.13,9101.39,1.3,47.68,521.13,2388.09,8166.52,8.4356,0.03,393,2388,100.0,38.65,23.252,45
88,169,-0.0,0.0001,100.0,518.67,642.8,1594.09,1415.45,14.62,21.61,553.3,2388.06,9098.61,1.3,47.71,521.44,2388.07,8166.34,8.457,0.03,393,2388,100.0,38.85,23.1559,44
88,170,-0.0012,-0.0003,100.0,518.67,643.21,1592.45,1416.79,14.62,21.61,552.71,2388.12,9092.99,1.3,47.55,520.96,2388.09,8168.89,8.4765,0.03,396,2388,100.0,38.86,23.1695,43
88,171,-0.0031,0.0001,100.0,518.67,642.9,1591.05,1419.93,14.62,21.61,553.24,2388.14,9092.32,1.3,47.63,520.91,2388.07,8173.34,8.4722,0.03,394,2388,100.0,38.66,23.1642,42
88,172,-0.0008,-0.0002,100.0,518.67,642.59,1590.63,1414.82,14.62,21.61,552.82,2388.06,9088.48,1.3,47.72,521.03,2388.06,8173.28,8.4541,0.03,394,2388,100.0,38.63,23.2439,41
88,173,0.0005,-0.0,100.0,518.67,642.94,1595.71,1414.75,14.62,21.61,553.54,2388.09,9100.14,1.3,47.76,521.11,2388.1,8173.78,8.4869,0.03,394,2388,100.0,38.69,23.281,40
88,174,-0.0008,0.0005,100.0,518.67,643.63,1594.39,1417.44,14.62,21.61,552.73,2388.08,9101.54,1.3,47.75,520.78,2388.09,8172.84,8.4606,0.03,393,2388,100.0,38.59,23.2295,39
88,175,0.0006,0.0,100.0,518.67,642.91,1593.07,1415.52,14.62,21.61,552.33,2388.09,9105.71,1.3,47.69,521.39,2388.07,8172.54,8.4298,0.03,395,2388,100.0,38.78,23.1935,38
88,176,-0.0022,-0.0001,100.0,518.67,642.89,1593.42,1418.22,14.62,21.61,552.27,2388.06,9107.39,1.3,47.69,521.45,2388.12,8174.88,8.46,0.03,392,2388,100.0,38.55,23.2222,37
88,177,-0.0018,0.0004,100.0,518.67,642.59,1594.09,1412.65,14.62,21.61,553.11,2388.08,9101.85,1.3,47.74,520.94,2388.11,8175.31,8.4754,0.03,394,2388,100.0,38.73,23.1943,36
88,178,-0.0016,-0.0001,100.0,518.67,642.71,1599.94,1421.64,14.62,21.61,552.39,2388.07,9103.84,1.3,47.79,520.96,2388.14,8175.93,8.4971,0.03,395,2388,100.0,38.59,23.1945,35
88,179,-0.0013,0.0001,100.0,518.67,643.51,1594.4,1416.84,14.62,21.61,552.82,2388.15,9099.22,1.3,47.78,521.25,2388.14,8172.7,8.457,0.03,395,2388,100.0,38.64,23.1842,34
88,180,-0.0017,-0.0005,100.0,518.67,642.4,1598.73,1413.7,14.62,21.61,552.81,2388.1,9109.08,1.3,47.75,521.37,2388.09,8176.22,8.4574,0.03,393,2388,100.0,38.72,23.1524,33
88,181,-0.0004,0.0003,100.0,518.67,643.08,1599.05,1413.69,14.62,21.61,552.49,2388.06,9107.55,1.3,47.71,520.5,2388.11,8179.79,8.4838,0.03,395,2388,100.0,38.68,23.2816,32
88,182,0.003,0.0004,100.0,518.67,643.15,1591.42,1414.17,14.62,21.61,552.71,2388.11,9107.75,1.3,47.69,520.44,2388.08,8177.14,8.4901,0.03,395,2388,100.0,38.56,23.1229,31
88,183,0.0017,0.0003,100.0,518.67,642.96,1594.45,1413.74,14.62,21.61,553.11,2388.08,9106.41,1.3,47.81,521.25,2388.07,8177.15,8.4819,0.03,396,2388,100.0,38.67,23.3069,30
88,184,0.0003,-0.0002,100.0,518.67,643.15,1594.52,1422.99,14.62,21.61,552.29,2388.11,9113.3,1.3,47.8,520.46,2388.09,8183.91,8.5027,0.03,394,2388,100.0,38.72,23.1789,29
88,185,0.0046,0.0004,100.0,518.67,642.88,1607.09,1415.04,14.62,21.61,552.83,2388.13,9105.16,1.3,47.74,521.26,2388.11,8185.5,8.4833,0.03,393,2388,100.0,38.76,23.3286,28
88,186,0.0008,-0.0001,100.0,518.67,643.04,1599.34,1424.94,14.62,21.61,552.8,2388.16,9116.94,1.3,47.85,520.86,2388.12,8178.67,8.4541,0.03,395,2388,100.0,38.7,23.1973,27
88,187,-0.0038,-0.0,100.0,518.67,643.13,1602.95,1418.72,14.62,21.61,551.91,2388.09,9105.46,1.3,47.94,520.66,2388.1,8182.04,8.4768,0.03,397,2388,100.0,38.6,23.3654,26
88,188,-0.0006,0.0001,100.0,518.67,643.07,1594.12,1418.9,14.62,21.61,552.39,2388.11,9109.58,1.3,47.86,521.06,2388.15,8184.31,8.4919,0.03,395,2388,100.0,38.66,23.1717,25
88,189,-0.0023,0.0004,100.0,518.67,643.58,1597.75,1413.71,14.62,21.61,552.78,2388.17,9115.07,1.3,47.86,520.68,2388.13,8183.41,8.4756,0.03,395,2388,100.0,38.63,23.1919,24
88,190,0.0011,-0.0004,100.0,518.67,643.02,1596.97,1419.98,14.62,21.61,552.17,2388.12,9112.81,1.3,47.72,521.12,2388.11,8184.31,8.5349,0.03,395,2388,100.0,38.54,23.1538,23
88,191,0.0006,0.0002,100.0,518.67,643.18,1593.59,1416.46,14.62,21.61,552.51,2388.15,9122.23,1.3,48.02,520.28,2388.11,8183.02,8.5118,0.03,395,2388,100.0,38.83,23.1457,22
88,192,-0.0008,0.0003,100.0,518.67,642.82,1588.17,1417.65,14.62,21.61,552.04,2388.12,9115.48,1.3,47.72,519.95,2388.09,8195.04,8.4654,0.03,395,2388,100.0,38.6,23.1298,21
88,193,-0.0015,-0.0003,100.0,518.67,643.04,1598.83,1422.7,14.62,21.61,552.94,2388.14,9114.77,1.3,47.81,520.46,2388.15,8180.41,8.4971,0.03,396,2388,100.0,38.44,23.2403,20
88,194,0.0015,0.0005,100.0,518.67,643.49,1599.39,1417.39,14.62,21.61,552.63,2388.12,9121.78,1.3,48.03,520.61,2388.13,8188.9,8.4951,0.03,397,2388,100.0,38.68,23.2196,19
88,195,0.0014,0.0004,100.0,518.67,643.49,1607.65,1427.33,14.62,21.61,551.63,2388.14,9120.64,1.3,47.89,520.43,2388.21,8196.08,8.4439,0.03,394,2388,100.0,38.54,23.2684,18
88,196,0.0008,-0.0004,100.0,518.67,643.39,1603.88,1426.79,14.62,21.61,553.0,2388.16,9116.61,1.3,48.0,520.21,2388.02,8193.47,8.4633,0.03,396,2388,100.0,38.52,23.1676,17
88,197,-0.0012,0.0001,100.0,518.67,643.38,1603.33,1421.64,14.62,21.61,552.36,2388.14,9125.58,1.3,47.85,520.66,2388.11,8189.41,8.5536,0.03,396,2388,100.0,38.59,23.1146,16
88,198,0.0026,-0.0002,100.0,518.67,643.46,1594.53,1421.86,14.62,21.61,553.0,2388.11,9121.25,1.3,47.83,520.6,2388.17,8191.64,8.51,0.03,396,2388,100.0,38.35,23.1855,15
88,199,-0.0022,0.0003,100.0,518.67,643.65,1600.49,1421.91,14.62,21.61,552.44,2388.08,9127.2,1.3,47.86,520.29,2388.13,8197.04,8.4998,0.03,396,2388,100.0,38.38,23.221,14
88,200,-0.0043,0.0002,100.0,518.67,643.56,1589.07,1426.59,14.62,21.61,551.92,2388.15,9123.57,1.3,47.93,519.63,2388.13,8190.95,8.4991,0.03,398,2388,100.0,38.57,23.1349,13
88,201,-0.0026,0.0005,100.0,518.67,643.51,1600.06,1422.46,14.62,21.61,551.75,2388.18,9129.97,1.3,47.95,520.44,2388.17,8197.08,8.4573,0.03,397,2388,100.0,38.55,23.1059,12
88,202,-0.0021,-0.0001,100.0,518.67,643.29,1594.58,1420.86,14.62,21.61,552.59,2388.14,9128.92,1.3,47.85,520.58,2388.12,8195.41,8.4935,0.03,397,2388,100.0,38.49,23.0331,11
88,203,0.0008,-0.0,100.0,518.67,643.37,1594.58,1430.3,14.62,21.61,551.97,2388.2,9132.06,1.3,48.07,520.17,2388.16,8191.72,8.483,0.03,397,2388,100.0,38.37,23.1274,10
88,204,-0.001,0.0004,100.0,518.67,643.51,1601.71,1424.41,14.62,21.61,552.08,2388.13,9134.06,1.3,48.02,520.42,2388.14,8203.99,8.5342,0.03,396,2388,100.0,38.47,22.9737,9
88,205,0.0013,0.0001,100.0,518.67,643.17,1596.52,1423.15,14.62,21.61,552.05,2388.15,9138.02,1.3,47.88,519.86,2388.15,8198.4,8.443,0.03,397,2388,100.0,38.44,23.0956,8
88,206,0.0015,-0.0003,100.0,518.67,644.2,1596.72,1430.08,14.62,21.61,551.95,2388.15,9132.03,1.3,48.06,520.23,2388.15,8202.18,8.5035,0.03,397,2388,100.0,38.49,23.2217,7
88,207,0.001,0.0002,100.0,518.67,642.7,1599.83,1420.87,14.62,21.61,552.09,2388.21,9137.11,1.3,47.93,519.92,2388.11,8202.73,8.514,0.03,398,2388,100.0,38.43,23.0741,6
88,208,-0.0016,0.0004,100.0,518.67,643.44,1607.07,1423.26,14.62,21.61,551.79,2388.19,9136.14,1.3,48.06,520.05,2388.21,8201.41,8.5043,0.03,397,2388,100.0,38.45,23.1862,5
88,209,0.001,0.0004,100.0,518.67,643.42,1597.56,1425.77,14.62,21.61,551.78,2388.14,9141.19,1.3,48.14,519.87,2388.13,8209.88,8.4872,0.03,397,2388,100.0,38.39,23.0212,4
88,210,0.0041,0.0001,100.0,518.67,643.92,1601.2,1426.06,14.62,21.61,551.87,2388.13,9143.49,1.3,48.14,520.02,2388.15,8210.67,8.5122,0.03,396,2388,100.0,38.57,23.0343,3
88,211,0.0013,0.0002,100.0,518.67,644.06,1600.81,1430.66,14.62,21.61,551.52,2388.16,9140.3,1.3,48.04,520.36,2388.23,8206.3,8.5234,0.03,398,2388,100.0,38.56,23.1055,2
88,212,0.0018,0.0004,100.0,518.67,643.58,1598.21,1437.53,14.62,21.61,551.56,2388.19,9152.44,1.3,48.04,520.05,2388.12,8213.32,8.5447,0.03,395,2388,100.0,38.55,23.0998,1
88,213,-0.0019,0.0003,100.0,518.67,643.65,1602.86,1431.92,14.62,21.61,551.76,2388.13,9149.8,1.3,48.4,519.95,2388.19,8212.51,8.5067,0.03,397,2388,100.0,38.45,22.9829,0
89,1,0.0018,-0.0002,100.0,518.67,642.47,1582.56,1402.93,14.62,21.6,554.62,2388.07,9042.07,1.3,46.97,522.18,2388.03,8128.4,8.4249,0.03,391,2388,100.0,38.93,23.384,216
89,2,-0.0018,0.0001,100.0,518.67,642.05,1586.56,1398.5,14.62,21.6,554.26,2388.08,9047.47,1.3,47.19,522.36,2388.02,8133.06,8.424,0.03,390,2388,100.0,38.94,23.4232,215
89,3,-0.0002,-0.0004,100.0,518.67,642.2,1584.76,1392.73,14.62,21.61,554.54,2388.09,9041.99,1.3,47.34,522.36,2388.08,8130.65,8.3794,0.03,393,2388,100.0,39.15,23.3842,214
89,4,0.0014,0.0002,100.0,518.67,641.72,1588.51,1400.78,14.62,21.6,554.04,2388.1,9046.95,1.3,47.28,522.25,2387.99,8134.42,8.4152,0.03,391,2388,100.0,39.3,23.3648,213
89,5,-0.0005,-0.0002,100.0,518.67,642.31,1587.64,1411.85,14.62,21.61,554.04,2388.04,9050.53,1.3,47.08,521.68,2388.04,8129.94,8.4132,0.03,394,2388,100.0,38.95,23.3065,212
89,6,0.0029,-0.0003,100.0,518.67,642.48,1588.88,1393.88,14.62,21.61,554.23,2388.03,9044.55,1.3,47.39,522.01,2388.06,8128.11,8.3743,0.03,392,2388,100.0,38.95,23.4351,211
89,7,-0.0,0.0003,100.0,518.67,642.52,1581.87,1391.43,14.62,21.61,554.26,2388.07,9048.51,1.3,47.29,522.57,2388.08,8130.42,8.4112,0.03,392,2388,100.0,38.82,23.4921,210
89,8,-0.0001,0.0002,100.0,518.67,642.31,1584.98,1400.96,14.62,21.61,554.94,2388.01,9050.7,1.3,47.08,522.29,2387.97,8134.28,8.411,0.03,393,2388,100.0,38.96,23.2812,209
89,9,-0.0011,-0.0,100.0,518.67,641.92,1588.23,1394.86,14.62,21.61,553.82,2388.01,9055.81,1.3,47.3,522.23,2388.08,8136.67,8.4018,0.03,391,2388,100.0,39.15,23.4699,208
89,10,0.0035,-0.0001,100.0,518.67,642.58,1591.4,1404.55,14.62,21.61,554.35,2388.03,9043.5,1.3,47.25,521.93,2388.04,8129.29,8.4156,0.03,391,2388,100.0,39.05,23.3366,207
89,11,-0.0004,-0.0003,100.0,518.67,642.02,1584.73,1402.71,14.62,21.61,554.64,2388.05,9045.91,1.3,47.35,521.99,2388.06,8135.49,8.3872,0.03,391,2388,100.0,39.04,23.2997,206
89,12,-0.0013,-0.0001,100.0,518.67,642.01,1584.41,1401.01,14.62,21.61,554.34,2388.09,9049.35,1.3,47.34,522.14,2388.08,8131.19,8.4191,0.03,392,2388,100.0,39.15,23.4216,205
89,13,-0.0,0.0003,100.0,518.67,642.58,1578.37,1399.93,14.62,21.61,554.0,2388.07,9049.23,1.3,47.28,522.36,2388.06,8136.06,8.4231,0.03,391,2388,100.0,39.04,23.3964,204
89,14,0.0015,-0.0002,100.0,518.67,641.9,1584.31,1400.4,14.62,21.61,553.94,2388.03,9051.37,1.3,47.33,522.14,2388.04,8136.87,8.4347,0.03,390,2388,100.0,38.98,23.4471,203
89,15,-0.0006,-0.0005,100.0,518.67,642.26,1594.02,1399.47,14.62,21.61,554.25,2388.11,9045.08,1.3,47.11,521.88,2388.05,8130.93,8.4081,0.03,392,2388,100.0,39.15,23.4051,202
89,16,0.0018,0.0003,100.0,518.67,642.19,1589.27,1404.25,14.62,21.61,553.95,2388.03,9050.58,1.3,47.15,522.27,2388.05,8128.62,8.398,0.03,390,2388,100.0,38.97,23.43,201
89,17,-0.0034,0.0002,100.0,518.67,642.43,1584.33,1390.89,14.62,21.61,554.39,2388.09,9045.87,1.3,47.28,522.6,2388.11,8129.13,8.3523,0.03,390,2388,100.0,39.04,23.291,200
89,18,-0.0011,0.0001,100.0,518.67,642.32,1583.23,1398.72,14.62,21.61,554.35,2388.03,9054.04,1.3,47.06,521.49,2388.02,8126.98,8.4113,0.03,391,2388,100.0,38.98,23.3062,199
89,19,-0.0018,0.0003,100.0,518.67,642.04,1586.96,1399.48,14.62,21.61,553.88,2388.06,9045.4,1.3,47.22,522.56,2388.04,8131.47,8.3885,0.03,392,2388,100.0,38.97,23.2948,198
89,20,0.0015,-0.0005,100.0,518.67,642.95,1584.72,1404.5,14.62,21.61,554.09,2388.06,9046.69,1.3,47.08,522.3,2388.06,8130.26,8.3966,0.03,391,2388,100.0,38.77,23.3943,197
89,21,0.0018,0.0004,100.0,518.67,642.08,1584.99,1394.49,14.62,21.61,554.37,2388.06,9053.36,1.3,47.17,522.21,2388.08,8131.2,8.416,0.03,391,2388,100.0,38.91,23.4253,196
89,22,-0.0033,-0.0005,100.0,518.67,642.59,1591.59,1403.04,14.62,21.61,553.71,2388.01,9037.21,1.3,47.21,522.33,2388.03,8134.09,8.3996,0.03,392,2388,100.0,39.03,23.4278,195
89,23,0.002,-0.0004,100.0,518.67,641.67,1585.57,1404.21,14.62,21.61,554.23,2388.01,9051.14,1.3,47.3,522.23,2388.12,8127.36,8.3875,0.03,392,2388,100.0,38.98,23.4289,194
89,24,-0.0002,-0.0002,100.0,518.67,641.86,1584.29,1398.94,14.62,21.61,554.37,2388.07,9049.29,1.3,47.29,521.61,2388.04,8125.74,8.4237,0.03,391,2388,100.0,38.96,23.3961,193
89,25,-0.0015,-0.0002,100.0,518.67,642.19,1579.3,1398.88,14.62,21.61,554.29,2388.05,9053.66,1.3,47.25,521.99,2388.03,8127.77,8.4062,0.03,392,2388,100.0,39.09,23.2607,192
89,26,0.0004,-0.0002,100.0,518.67,642.24,1581.53,1399.36,14.62,21.61,554.77,2388.06,9051.12,1.3,47.41,522.09,2388.04,8131.84,8.3683,0.03,393,2388,100.0,39.02,23.4481,191
89,27,-0.0003,-0.0005,100.0,518.67,642.03,1580.0,1403.67,14.62,21.61,553.73,2388.12,9050.08,1.3,47.17,521.88,2388.06,8127.84,8.4365,0.03,391,2388,100.0,38.99,23.3912,190
89,28,-0.002,-0.0001,100.0,518.67,642.39,1586.81,1401.72,14.62,21.61,554.7,2388.04,9043.3,1.3,47.35,522.01,2388.11,8133.83,8.4137,0.03,391,2388,100.0,39.01,23.4866,189
89,29,-0.0,-0.0005,100.0,518.67,642.22,1585.76,1400.26,14.62,21.61,554.54,2388.09,9049.82,1.3,47.21,522.04,2388.08,8125.36,8.3793,0.03,392,2388,100.0,38.72,23.4411,188
89,30,0.001,-0.0002,100.0,518.67,642.85,1586.04,1397.71,14.62,21.61,554.14,2388.06,9044.36,1.3,47.12,522.19,2388.03,8133.45,8.4154,0.03,391,2388,100.0,39.14,23.4423,187
89,31,-0.0,-0.0004,100.0,518.67,642.03,1589.2,1401.08,14.62,21.61,553.83,2388.07,9043.05,1.3,47.26,522.01,2388.07,8138.32,8.4033,0.03,391,2388,100.0,39.07,23.3573,186
89,32,-0.0018,0.0002,100.0,518.67,642.02,1582.03,1393.95,14.62,21.61,553.48,2387.96,9048.79,1.3,47.29,521.74,2388.03,8126.96,8.4017,0.03,392,2388,100.0,39.03,23.4392,185
89,33,-0.0012,-0.0001,100.0,518.67,642.45,1581.35,1402.34,14.62,21.61,553.92,2388.05,9053.7,1.3,47.36,522.38,2388.04,8128.85,8.3941,0.03,391,2388,100.0,39.03,23.3913,184
89,34,0.0031,-0.0001,100.0,518.67,641.69,1588.27,1400.59,14.62,21.61,554.23,2388.07,9049.21,1.3,47.16,522.77,2388.05,8131.09,8.3807,0.03,392,2388,100.0,38.93,23.3734,183
89,35,-0.0027,0.0003,100.0,518.67,642.39,1596.03,1392.99,14.62,21.61,553.52,2388.05,9055.28,1.3,47.3,521.96,2388.0,8137.05,8.4043,0.03,393,2388,100.0,39.22,23.4139,182
89,36,0.0018,0.0003,100.0,518.67,642.29,1584.9,1401.27,14.62,21.61,553.96,2388.05,9051.07,1.3,47.45,522.15,2388.07,8126.62,8.3975,0.03,392,2388,100.0,39.04,23.3479,181
89,37,0.0006,0.0003,100.0,518.67,642.75,1590.28,1399.81,14.62,21.61,553.4,2388.02,9050.19,1.3,47.22,521.35,2388.01,8132.04,8.4252,0.03,391,2388,100.0,38.95,23.289,180
89,38,-0.0028,0.0002,100.0,518.67,642.04,1590.25,1398.86,14.62,21.61,554.47,2388.07,9045.98,1.3,47.41,522.44,2388.04,8133.87,8.4068,0.03,393,2388,100.0,39.0,23.4375,179
89,39,-0.0011,-0.0005,100.0,518.67,641.98,1585.94,1404.84,14.62,21.61,554.13,2388.06,9046.46,1.3,47.24,521.95,2388.06,8132.6,8.4239,0.03,393,2388,100.0,38.9,23.3592,178
89,40,0.0029,0.0004,100.0,518.67,642.36,1589.44,1402.93,14.62,21.61,554.96,2388.05,9047.15,1.3,47.3,522.4,2388.04,8133.63,8.422,0.03,393,2388,100.0,39.03,23.3918,177
89,41,0.0013,0.0002,100.0,518.67,641.79,1589.69,1393.18,14.62,21.61,554.51,2388.05,9043.33,1.3,47.41,521.79,2388.05,8129.14,8.4035,0.03,392,2388,100.0,39.03,23.3868,176
89,42,-0.0024,-0.0002,100.0,518.67,642.11,1586.29,1398.1,14.62,21.61,553.35,2388.04,9050.61,1.3,47.23,521.58,2388.04,8130.64,8.409,0.03,395,2388,100.0,38.84,23.3995,175
89,43,0.0023,-0.0001,100.0,518.67,642.35,1590.77,1403.31,14.62,21.61,554.79,2388.04,9049.42,1.3,47.17,522.1,2388.04,8130.98,8.4158,0.03,392,2388,100.0,38.92,23.3281,174
89,44,-0.0023,0.0004,100.0,518.67,642.47,1581.8,1399.76,14.62,21.61,554.25,2388.03,9045.61,1.3,47.42,522.49,2388.05,8126.71,8.408,0.03,391,2388,100.0,38.99,23.3304,173
89,45,-0.001,0.0004,100.0,518.67,641.81,1579.99,1396.67,14.62,21.61,554.07,2388.05,9049.61,1.3,47.22,522.39,2388.02,8133.29,8.4157,0.03,393,2388,100.0,39.08,23.4287,172
89,46,0.0,0.0001,100.0,518.67,642.16,1585.78,1398.24,14.62,21.61,554.2,2388.02,9047.76,1.3,47.33,522.42,2388.06,8130.07,8.4124,0.03,392,2388,100.0,38.97,23.4112,171
89,47,0.0002,0.0001,100.0,518.67,642.29,1597.71,1395.67,14.62,21.61,554.59,2388.07,9043.99,1.3,47.06,522.54,2388.05,8132.66,8.4067,0.03,391,2388,100.0,38.94,23.4081,170
89,48,-0.0014,0.0002,100.0,518.67,642.24,1584.89,1405.7,14.62,21.61,554.58,2388.02,9054.06,1.3,47.26,522.59,2388.02,8135.94,8.3923,0.03,391,2388,100.0,38.93,23.3214,169
89,49,-0.0005,0.0,100.0,518.67,642.44,1583.39,1403.9,14.62,21.61,554.34,2388.03,9049.85,1.3,47.32,522.26,2388.08,8132.3,8.3964,0.03,393,2388,100.0,39.01,23.409,168
89,50,0.0002,-0.0004,100.0,518.67,642.32,1589.09,1403.89,14.62,21.61,553.62,2388.04,9045.57,1.3,47.19,522.27,2388.02,8129.64,8.4225,0.03,392,2388,100.0,39.08,23.4033,167
89,51,0.0005,-0.0001,100.0,518.67,642.3,1586.23,1398.84,14.62,21.61,554.24,2388.0,9048.59,1.3,47.32,521.65,2388.07,8128.78,8.3858,0.03,392,2388,100.0,39.01,23.4709,166
89,52,-0.0005,0.0003,100.0,518.67,642.24,1581.21,1394.4,14.62,21.61,553.77,2388.03,9056.11,1.3,47.02,522.02,2388.05,8128.62,8.4017,0.03,392,2388,100.0,38.96,23.4281,165
89,53,0.0035,0.0001,100.0,518.67,641.92,1585.25,1407.35,14.62,21.61,554.09,2388.04,9040.51,1.3,47.01,522.04,2388.04,8135.88,8.4171,0.03,391,2388,100.0,38.96,23.2939,164
89,54,-0.0004,0.0001,100.0,518.67,643.16,1586.37,1403.94,14.62,21.61,553.55,2388.04,9051.37,1.3,47.47,522.24,2388.12,8128.62,8.4142,0.03,392,2388,100.0,38.85,23.3623,163
89,55,0.0025,-0.0001,100.0,518.67,642.19,1586.53,1401.24,14.62,21.61,553.96,2388.02,9047.34,1.3,47.39,521.81,2388.04,8126.41,8.4163,0.03,391,2388,100.0,38.93,23.448,162
89,56,-0.0042,-0.0001,100.0,518.67,641.77,1585.72,1401.47,14.62,21.61,554.44,2388.01,9046.66,1.3,47.2,522.51,2388.06,8133.25,8.4199,0.03,392,2388,100.0,38.82,23.4378,161
89,57,-0.0013,0.0003,100.0,518.67,642.43,1591.5,1393.35,14.62,21.61,553.43,2388.05,9044.69,1.3,47.51,521.48,2388.11,8131.13,8.4126,0.03,391,2388,100.0,38.81,23.4348,160
89,58,-0.0044,0.0001,100.0,518.67,642.38,1582.59,1398.58,14.62,21.61,554.26,2388.03,9046.29,1.3,47.3,522.4,2388.02,8134.64,8.4289,0.03,392,2388,100.0,39.11,23.4697,159
89,59,0.0027,-0.0,100.0,518.67,642.94,1589.83,1407.15,14.62,21.61,554.04,2388.06,9051.41,1.3,47.23,521.79,2388.06,8134.27,8.3836,0.03,390,2388,100.0,39.12,23.3982,158
89,60,0.0002,-0.0001,100.0,518.67,642.06,1588.33,1397.54,14.62,21.61,554.15,2388.01,9048.43,1.3,47.39,521.79,2388.05,8134.64,8.3928,0.03,392,2388,100.0,39.03,23.3516,157
89,61,-0.0025,-0.0004,100.0,518.67,641.97,1587.42,1396.75,14.62,21.61,553.44,2388.02,9054.72,1.3,47.46,521.88,2388.05,8137.04,8.4144,0.03,392,2388,100.0,38.93,23.3227,156
89,62,0.0,-0.0005,100.0,518.67,642.86,1584.09,1401.04,14.62,21.61,554.49,2388.04,9049.37,1.3,47.06,522.18,2388.0,8135.67,8.3839,0.03,392,2388,100.0,39.05,23.3718,155
89,63,0.0006,0.0004,100.0,518.67,642.44,1587.58,1407.82,14.62,21.61,554.2,2388.08,9052.42,1.3,47.28,522.17,2388.07,8132.71,8.4058,0.03,393,2388,100.0,38.84,23.4544,154
89,64,-0.0012,0.0003,100.0,518.67,641.98,1592.33,1404.65,14.62,21.61,554.26,2388.03,9048.12,1.3,47.17,522.4,2388.07,8129.15,8.3968,0.03,391,2388,100.0,38.92,23.3508,153
89,65,0.0012,0.0004,100.0,518.67,642.45,1583.77,1395.68,14.62,21.61,553.56,2388.05,9051.41,1.3,47.35,522.13,2388.09,8131.7,8.4023,0.03,392,2388,100.0,38.98,23.371,152
89,66,-0.0026,-0.0,100.0,518.67,642.53,1581.34,1401.28,14.62,21.61,554.39,2388.08,9047.41,1.3,47.47,521.45,2388.01,8128.97,8.4216,0.03,391,2388,100.0,38.88,23.4394,151
89,67,-0.0018,0.0001,100.0,518.67,642.44,1574.96,1408.12,14.62,21.61,553.76,2388.06,9047.55,1.3,47.28,522.01,2388.01,8132.79,8.4284,0.03,392,2388,100.0,38.89,23.3703,150
89,68,-0.0024,0.0003,100.0,518.67,642.51,1583.34,1400.79,14.62,21.61,554.36,2388.09,9046.47,1.3,47.4,522.34,2388.09,8134.81,8.4221,0.03,391,2388,100.0,38.81,23.3412,149
89,69,0.0006,0.0002,100.0,518.67,641.87,1589.89,1404.66,14.62,21.61,553.34,2388.03,9044.83,1.3,47.45,522.17,2388.09,8127.29,8.4071,0.03,392,2388,100.0,38.91,23.3925,148
89,70,0.0027,0.0001,100.0,518.67,642.42,1587.75,1398.97,14.62,21.61,554.47,2388.07,9049.0,1.3,47.44,522.23,2388.07,8131.36,8.4409,0.03,393,2388,100.0,38.91,23.3887,147
89,71,-0.0009,0.0001,100.0,518.67,642.23,1589.98,1402.57,14.62,21.61,554.36,2388.1,9052.68,1.3,47.26,522.41,2388.07,8131.65,8.395,0.03,391,2388,100.0,38.84,23.4214,146
89,72,-0.0003,-0.0001,100.0,518.67,642.21,1583.02,1400.94,14.62,21.61,554.92,2388.06,9049.8,1.3,47.34,521.96,2388.03,8134.57,8.4521,0.03,392,2388,100.0,38.84,23.3088,145
89,73,0.0016,-0.0001,100.0,518.67,641.97,1584.99,1402.35,14.62,21.61,554.79,2388.06,9053.62,1.3,47.35,522.39,2388.02,8133.04,8.4188,0.03,392,2388,100.0,39.07,23.3817,144
89,74,-0.0015,0.0003,100.0,518.67,642.44,1587.73,1400.98,14.62,21.61,553.81,2388.03,9050.74,1.3,47.51,522.16,2388.09,8131.55,8.4284,0.03,390,2388,100.0,38.96,23.3593,143
89,75,-0.0021,-0.0001,100.0,518.67,642.37,1591.54,1400.25,14.62,21.6,554.27,2388.07,9048.31,1.3,47.33,521.98,2388.11,8134.07,8.397,0.03,392,2388,100.0,38.95,23.4074,142
89,76,0.0035,-0.0004,100.0,518.67,641.72,1591.84,1403.63,14.62,21.61,553.72,2388.08,9049.49,1.3,47.43,522.02,2388.07,8133.36,8.3848,0.03,390,2388,100.0,39.03,23.361,141
89,77,0.0019,0.0,100.0,518.67,642.9,1589.5,1400.98,14.62,21.61,554.7,2388.03,9046.54,1.3,47.31,521.88,2388.07,8138.89,8.3961,0.03,392,2388,100.0,38.95,23.4287,140
89,78,0.0023,0.0003,100.0,518.67,641.86,1582.7,1403.13,14.62,21.61,553.54,2388.1,9049.62,1.3,47.34,522.16,2388.07,8131.22,8.3901,0.03,391,2388,100.0,39.06,23.3262,139
89,79,-0.0033,-0.0,100.0,518.67,641.89,1585.48,1402.01,14.62,21.61,553.83,2388.05,9049.98,1.3,47.15,522.01,2388.04,8134.42,8.4009,0.03,392,2388,100.0,38.88,23.3494,138
89,80,-0.0025,-0.0002,100.0,518.67,642.45,1589.6,1398.8,14.62,21.6,553.41,2388.07,9051.7,1.3,47.27,521.83,2388.04,8135.75,8.4007,0.03,392,2388,100.0,38.94,23.3696,137
89,81,-0.0031,-0.0001,100.0,518.67,642.44,1580.42,1400.64,14.62,21.61,554.67,2388.07,9052.87,1.3,47.36,522.63,2388.04,8139.73,8.4341,0.03,392,2388,100.0,39.0,23.3968,136
89,82,0.0025,-0.0004,100.0,518.67,642.69,1586.06,1399.54,14.62,21.61,554.27,2388.06,9053.32,1.3,47.25,522.81,2388.0,8134.28,8.4409,0.03,391,2388,100.0,38.77,23.3995,135
89,83,0.0022,0.0004,100.0,518.67,642.54,1583.62,1405.16,14.62,21.61,553.5,2388.07,9055.81,1.3,47.49,521.67,2388.1,8136.18,8.426,0.03,391,2388,100.0,39.12,23.2869,134
89,84,0.0008,-0.0003,100.0,518.67,642.4,1580.86,1406.15,14.62,21.61,554.26,2388.07,9045.95,1.3,47.39,521.72,2388.06,8133.62,8.4179,0.03,392,2388,100.0,39.11,23.3763,133
89,85,-0.0019,-0.0,100.0,518.67,642.08,1588.36,1401.67,14.62,21.61,554.39,2388.07,9044.99,1.3,47.28,521.72,2388.07,8132.87,8.4005,0.03,391,2388,100.0,39.07,23.2908,132
89,86,0.0021,-0.0003,100.0,518.67,641.97,1581.08,1407.93,14.62,21.61,554.31,2387.99,9051.4,1.3,47.34,521.29,2388.08,8137.6,8.3977,0.03,393,2388,100.0,38.86,23.3034,131
89,87,0.0012,0.0002,100.0,518.67,642.41,1587.55,1400.1,14.62,21.61,553.67,2388.05,9046.42,1.3,47.38,522.3,2388.1,8134.14,8.4077,0.03,394,2388,100.0,39.13,23.325,130
89,88,0.0038,-0.0002,100.0,518.67,642.39,1583.06,1402.09,14.62,21.61,553.78,2388.09,9043.31,1.3,47.51,521.67,2388.05,8127.48,8.4182,0.03,391,2388,100.0,38.98,23.3645,129
89,89,-0.0016,-0.0003,100.0,518.67,641.9,1583.66,1402.83,14.62,21.61,553.66,2388.08,9046.85,1.3,47.19,521.89,2388.03,8129.06,8.4067,0.03,391,2388,100.0,39.11,23.3826,128
89,90,0.0031,0.0004,100.0,518.67,642.5,1586.44,1410.97,14.62,21.61,553.84,2388.06,9056.02,1.3,47.38,521.54,2388.04,8128.06,8.4202,0.03,392,2388,100.0,38.74,23.4298,127
89,91,0.0003,0.0,100.0,518.67,642.21,1586.37,1398.48,14.62,21.61,553.94,2388.05,9047.63,1.3,47.21,521.98,2388.07,8131.61,8.4091,0.03,392,2388,100.0,39.05,23.3065,126
89,92,0.0015,-0.0005,100.0,518.67,642.27,1579.97,1400.86,14.62,21.61,553.83,2388.09,9044.65,1.3,47.46,521.69,2388.05,8131.23,8.4204,0.03,391,2388,100.0,38.78,23.3806,125
89,93,-0.0004,0.0,100.0,518.67,642.23,1579.12,1397.37,14.62,21.61,554.48,2388.07,9040.02,1.3,47.54,521.83,2388.04,8130.48,8.3971,0.03,393,2388,100.0,38.84,23.3069,124
89,94,-0.0037,-0.0001,100.0,518.67,642.48,1579.36,1404.4,14.62,21.61,553.93,2388.09,9049.62,1.3,47.38,522.13,2388.09,8136.87,8.4246,0.03,393,2388,100.0,38.9,23.3925,123
89,95,0.0008,-0.0005,100.0,518.67,642.47,1581.97,1399.86,14.62,21.61,553.78,2388.09,9050.59,1.3,47.39,522.48,2388.08,8126.45,8.4061,0.03,392,2388,100.0,38.88,23.4276,122
89,96,-0.004,0.0002,100.0,518.67,642.28,1582.75,1397.01,14.62,21.61,554.18,2388.06,9049.77,1.3,47.43,521.42,2388.07,8132.14,8.4236,0.03,390,2388,100.0,38.92,23.3697,121
89,97,0.002,-0.0004,100.0,518.67,642.56,1588.62,1405.94,14.62,21.61,554.46,2388.05,9048.72,1.3,47.44,521.96,2388.04,8131.66,8.4139,0.03,392,2388,100.0,38.77,23.3313,120
89,98,-0.0002,-0.0006,100.0,518.67,642.43,1580.15,1398.86,14.62,21.61,553.15,2388.06,9051.93,1.3,47.32,521.68,2388.03,8131.94,8.3937,0.03,391,2388,100.0,38.87,23.3936,119
89,99,-0.0049,-0.0002,100.0,518.67,642.55,1586.23,1407.23,14.62,21.61,554.6,2388.03,9049.55,1.3,47.27,522.07,2388.06,8132.88,8.421,0.03,394,2388,100.0,38.82,23.2953,118
89,100,-0.0004,0.0003,100.0,518.67,642.4,1590.67,1406.01,14.62,21.61,553.12,2388.06,9046.42,1.3,47.28,522.0,2388.1,8126.54,8.4465,0.03,392,2388,100.0,38.85,23.3891,117
89,101,-0.0015,-0.0005,100.0,518.67,641.99,1591.6,1404.97,14.62,21.61,554.16,2388.05,9048.73,1.3,47.31,521.36,2388.05,8135.1,8.3821,0.03,392,2388,100.0,38.94,23.2843,116
89,102,-0.0031,0.0003,100.0,518.67,642.5,1587.82,1401.33,14.62,21.61,554.65,2388.1,9053.86,1.3,47.2,522.21,2388.03,8133.47,8.4432,0.03,392,2388,100.0,38.79,23.4595,115
89,103,-0.001,-0.0005,100.0,518.67,642.48,1586.36,1400.0,14.62,21.61,553.64,2388.09,9048.61,1.3,47.38,521.65,2388.07,8128.67,8.3972,0.03,392,2388,100.0,38.92,23.2854,114
89,104,-0.0,-0.0,100.0,518.67,642.45,1586.13,1396.74,14.62,21.61,554.1,2388.08,9051.44,1.3,47.24,521.6,2388.06,8129.88,8.3752,0.03,392,2388,100.0,38.9,23.2433,113
89,105,0.0024,0.0,100.0,518.67,642.53,1585.83,1402.04,14.62,21.61,553.77,2388.06,9055.34,1.3,47.35,521.76,2388.06,8132.05,8.4324,0.03,392,2388,100.0,39.04,23.2507,112
89,106,-0.0007,0.0003,100.0,518.67,642.47,1589.72,1403.95,14.62,21.61,554.0,2388.05,9055.89,1.3,47.34,522.07,2388.08,8137.56,8.4272,0.03,393,2388,100.0,38.9,23.2169,111
89,107,-0.0018,0.0004,100.0,518.67,642.21,1590.34,1392.21,14.62,21.61,553.72,2388.05,9048.5,1.3,47.43,522.05,2388.02,8134.41,8.3985,0.03,394,2388,100.0,39.07,23.4121,110
89,108,-0.0025,-0.0003,100.0,518.67,642.18,1584.0,1395.28,14.62,21.61,554.36,2388.05,9056.91,1.3,47.33,522.44,2388.04,8136.64,8.4126,0.03,392,2388,100.0,38.85,23.2699,109
89,109,0.0031,-0.0005,100.0,518.67,642.46,1588.38,1407.86,14.62,21.61,553.87,2388.07,9046.53,1.3,47.26,522.28,2388.04,8130.6,8.4099,0.03,392,2388,100.0,38.82,23.3486,108
89,110,0.0001,-0.0004,100.0,518.67,642.62,1589.47,1403.03,14.62,21.61,553.87,2388.11,9047.58,1.3,47.59,521.17,2388.06,8130.35,8.4132,0.03,392,2388,100.0,39.05,23.3855,107
89,111,-0.0018,0.0004,100.0,518.67,642.19,1586.77,1397.86,14.62,21.61,553.29,2388.01,9049.91,1.3,47.28,521.67,2388.06,8132.29,8.4296,0.03,394,2388,100.0,39.05,23.243,106
89,112,-0.0002,-0.0006,100.0,518.67,642.8,1584.58,1398.94,14.62,21.61,553.74,2388.05,9058.2,1.3,47.48,521.5,2388.05,8133.47,8.4361,0.03,393,2388,100.0,39.0,23.2143,105
89,113,-0.0001,-0.0005,100.0,518.67,641.48,1587.88,1408.01,14.62,21.61,553.61,2388.07,9046.79,1.3,47.39,522.09,2388.05,8138.6,8.4808,0.03,391,2388,100.0,38.85,23.3617,104
89,114,0.0013,-0.0003,100.0,518.67,642.79,1593.25,1407.14,14.62,21.61,554.35,2388.06,9044.01,1.3,47.27,522.14,2388.02,8129.78,8.431,0.03,392,2388,100.0,38.68,23.3719,103
89,115,-0.002,-0.0002,100.0,518.67,642.18,1584.51,1408.31,14.62,21.61,554.26,2388.09,9051.78,1.3,47.3,522.02,2388.03,8135.12,8.4279,0.03,392,2388,100.0,38.96,23.3226,102
89,116,-0.0022,-0.0001,100.0,518.67,642.15,1592.32,1407.02,14.62,21.61,553.21,2388.14,9042.84,1.3,47.56,521.66,2388.06,8130.9,8.4257,0.03,392,2388,100.0,38.9,23.3866,101
89,117,-0.0013,0.0001,100.0,518.67,642.69,1582.62,1410.13,14.62,21.61,554.25,2388.03,9044.37,1.3,47.5,521.81,2388.05,8132.5,8.4311,0.03,391,2388,100.0,38.83,23.3735,100
89,118,-0.0001,-0.0004,100.0,518.67,642.75,1582.44,1407.46,14.62,21.61,553.73,2388.05,9052.45,1.3,47.54,522.0,2388.08,8132.41,8.3756,0.03,393,2388,100.0,38.87,23.2439,99
89,119,-0.0033,0.0002,100.0,518.67,643.09,1592.41,1407.33,14.62,21.61,553.82,2388.05,9046.55,1.3,47.59,521.67,2388.01,8130.3,8.4236,0.03,392,2388,100.0,39.09,23.3573,98
89,120,-0.0014,0.0004,100.0,518.67,642.83,1592.85,1403.8,14.62,21.61,553.64,2388.04,9042.53,1.3,47.33,522.13,2388.06,8132.2,8.4485,0.03,393,2388,100.0,38.91,23.2912,97
89,121,-0.0002,0.0,100.0,518.67,642.04,1597.54,1396.92,14.62,21.61,553.77,2388.08,9053.46,1.3,47.28,521.71,2388.12,8136.22,8.3942,0.03,393,2388,100.0,38.94,23.3897,96
89,122,0.0023,-0.0004,100.0,518.67,642.63,1589.39,1400.47,14.62,21.61,554.17,2388.12,9048.19,1.3,47.47,521.56,2388.12,8135.55,8.4294,0.03,392,2388,100.0,39.05,23.3514,95
89,123,-0.0034,-0.0001,100.0,518.67,642.64,1595.56,1409.84,14.62,21.61,553.95,2388.11,9053.39,1.3,47.35,522.47,2388.11,8133.4,8.4124,0.03,393,2388,100.0,38.79,23.2066,94
89,124,-0.0025,0.0002,100.0,518.67,642.93,1588.93,1399.63,14.62,21.61,553.86,2388.09,9052.59,1.3,47.3,522.03,2388.08,8138.46,8.4409,0.03,392,2388,100.0,38.73,23.2728,93
89,125,0.0016,-0.0,100.0,518.67,642.59,1592.14,1406.65,14.62,21.61,554.23,2388.06,9049.8,1.3,47.38,521.53,2388.11,8131.77,8.4265,0.03,392,2388,100.0,38.97,23.372,92
89,126,-0.0042,0.0001,100.0,518.67,642.1,1587.55,1406.45,14.62,21.61,553.56,2388.12,9053.63,1.3,47.41,521.29,2388.08,8135.86,8.4398,0.03,393,2388,100.0,38.83,23.3403,91
89,127,-0.0012,-0.0003,100.0,518.67,642.17,1589.51,1393.55,14.62,21.61,553.63,2388.09,9056.7,1.3,47.27,522.01,2388.1,8134.89,8.4392,0.03,392,2388,100.0,38.85,23.2887,90
89,128,0.0013,-0.0004,100.0,518.67,642.46,1592.86,1400.17,14.62,21.61,553.52,2388.13,9057.12,1.3,47.45,522.47,2388.06,8134.27,8.4142,0.03,392,2388,100.0,38.9,23.3158,89
89,129,-0.0059,0.0004,100.0,518.67,642.26,1587.92,1408.47,14.62,21.61,553.4,2388.05,9060.98,1.3,47.65,521.69,2388.09,8133.0,8.4163,0.03,392,2388,100.0,38.88,23.2645,88
89,130,-0.003,0.0001,100.0,518.67,642.15,1586.88,1406.42,14.62,21.61,553.56,2388.14,9052.89,1.3,47.52,521.88,2388.1,8135.43,8.4201,0.03,392,2388,100.0,38.95,23.3842,87
89,131,-0.0013,-0.0002,100.0,518.67,642.61,1595.31,1408.21,14.62,21.61,553.75,2388.1,9057.93,1.3,47.45,521.61,2388.11,8138.62,8.4309,0.03,391,2388,100.0,38.93,23.2494,86
89,132,-0.0002,-0.0002,100.0,518.67,642.57,1589.95,1398.95,14.62,21.61,554.19,2388.1,9055.94,1.3,47.31,521.86,2388.1,8132.5,8.4419,0.03,393,2388,100.0,38.78,23.2758,85
89,133,-0.0003,0.0002,100.0,518.67,642.31,1589.52,1408.33,14.62,21.61,553.28,2388.11,9050.1,1.3,47.45,521.82,2388.1,8134.96,8.4411,0.03,393,2388,100.0,38.97,23.5247,84
89,134,-0.0011,-0.0004,100.0,518.67,642.31,1589.34,1401.12,14.62,21.61,553.43,2388.04,9060.98,1.3,47.57,521.64,2388.05,8135.74,8.4512,0.03,392,2388,100.0,38.84,23.2889,83
89,135,0.0024,0.0002,100.0,518.67,642.51,1597.43,1407.12,14.62,21.61,553.55,2388.09,9043.99,1.3,47.45,522.19,2388.08,8132.37,8.4245,0.03,392,2388,100.0,38.87,23.2956,82
89,136,-0.0021,0.0001,100.0,518.67,642.94,1593.53,1401.05,14.62,21.61,553.4,2388.07,9062.1,1.3,47.54,521.26,2388.13,8137.08,8.4138,0.03,392,2388,100.0,38.92,23.2576,81
89,137,-0.0038,-0.0005,100.0,518.67,642.49,1587.62,1409.92,14.62,21.61,554.04,2388.16,9055.15,1.3,47.35,522.41,2388.1,8135.31,8.4342,0.03,391,2388,100.0,38.96,23.4065,80
89,138,-0.0021,0.0001,100.0,518.67,642.62,1592.13,1404.76,14.62,21.61,553.51,2388.12,9062.8,1.3,47.35,521.58,2388.05,8134.9,8.449,0.03,395,2388,100.0,39.04,23.3601,79
89,139,0.0011,-0.0003,100.0,518.67,642.81,1592.74,1410.58,14.62,21.61,553.18,2388.06,9054.39,1.3,47.3,521.33,2388.04,8132.31,8.4642,0.03,394,2388,100.0,38.74,23.2597,78
89,140,-0.0002,-0.0003,100.0,518.67,642.23,1588.5,1408.7,14.62,21.61,553.49,2388.05,9054.33,1.3,47.44,521.41,2388.08,8131.39,8.4321,0.03,391,2388,100.0,38.91,23.2815,77
89,141,0.0006,0.0002,100.0,518.67,643.17,1583.37,1407.7,14.62,21.61,553.86,2388.09,9055.45,1.3,47.48,521.6,2388.08,8129.81,8.4072,0.03,391,2388,100.0,38.85,23.2807,76
89,142,-0.002,0.0001,100.0,518.67,642.52,1591.24,1407.0,14.62,21.61,553.41,2388.13,9055.74,1.3,47.32,521.55,2388.12,8135.89,8.4276,0.03,393,2388,100.0,38.97,23.2855,75
89,143,0.0031,0.0003,100.0,518.67,642.5,1590.65,1411.09,14.62,21.61,552.75,2388.06,9055.09,1.3,47.51,521.81,2388.11,8134.89,8.4626,0.03,393,2388,100.0,38.73,23.3548,74
89,144,-0.0033,-0.0004,100.0,518.67,642.59,1594.79,1401.75,14.62,21.61,552.88,2388.13,9047.08,1.3,47.35,521.64,2388.11,8140.65,8.4115,0.03,392,2388,100.0,38.89,23.2591,73
89,145,0.0044,0.0,100.0,518.67,643.03,1587.32,1404.87,14.62,21.61,553.45,2388.09,9057.95,1.3,47.58,521.51,2388.06,8132.17,8.4203,0.03,393,2388,100.0,38.97,23.2774,72
89,146,-0.0023,0.0001,100.0,518.67,642.94,1589.76,1407.33,14.62,21.61,553.52,2388.06,9050.47,1.3,47.44,521.61,2388.07,8136.39,8.44,0.03,391,2388,100.0,38.96,23.328,71
89,147,0.0012,0.0004,100.0,518.67,642.1,1590.36,1412.8,14.62,21.61,553.0,2388.17,9066.45,1.3,47.37,521.74,2388.14,8133.76,8.4431,0.03,392,2388,100.0,38.82,23.3801,70
89,148,-0.0023,-0.0004,100.0,518.67,642.93,1590.55,1406.1,14.62,21.61,553.96,2388.1,9054.87,1.3,47.59,521.63,2388.1,8134.36,8.4309,0.03,394,2388,100.0,38.92,23.3526,69
89,149,-0.0003,0.0004,100.0,518.67,642.21,1595.17,1409.19,14.62,21.61,552.89,2388.09,9053.75,1.3,47.63,520.94,2388.08,8133.74,8.4729,0.03,394,2388,100.0,39.01,23.3267,68
89,150,0.0026,-0.0002,100.0,518.67,642.42,1588.46,1407.3,14.62,21.61,554.04,2388.14,9058.56,1.3,47.37,521.57,2388.13,8134.61,8.4445,0.03,392,2388,100.0,38.69,23.3171,67
89,151,0.0038,-0.0003,100.0,518.67,642.26,1589.39,1416.09,14.62,21.61,553.51,2388.1,9058.81,1.3,47.69,521.47,2388.09,8133.2,8.4758,0.03,394,2388,100.0,38.87,23.2824,66
89,152,0.0009,-0.0002,100.0,518.67,642.78,1586.34,1412.42,14.62,21.61,553.4,2388.11,9054.33,1.3,47.57,521.38,2388.06,8136.96,8.4132,0.03,392,2388,100.0,38.76,23.2457,65
89,153,-0.0006,-0.0001,100.0,518.67,642.77,1596.33,1405.23,14.62,21.61,552.89,2388.15,9056.6,1.3,47.41,521.63,2388.11,8137.14,8.4832,0.03,393,2388,100.0,38.91,23.2217,64
89,154,0.0017,-0.0004,100.0,518.67,642.54,1589.48,1409.63,14.62,21.61,553.04,2388.13,9056.37,1.3,47.54,520.99,2388.04,8138.69,8.4776,0.03,394,2388,100.0,38.45,23.2179,63
89,155,-0.0004,0.0001,100.0,518.67,643.12,1591.02,1410.64,14.62,21.61,552.79,2388.11,9056.65,1.3,47.6,521.35,2388.1,8129.96,8.4671,0.03,393,2388,100.0,38.65,23.2986,62
89,156,-0.0002,0.0002,100.0,518.67,642.47,1596.3,1412.99,14.62,21.61,553.83,2388.06,9061.96,1.3,47.54,521.44,2388.08,8138.79,8.4524,0.03,393,2388,100.0,38.59,23.2906,61
89,157,-0.0012,0.0004,100.0,518.67,642.77,1585.99,1407.43,14.62,21.61,553.07,2388.09,9060.92,1.3,47.48,521.38,2388.05,8129.77,8.4869,0.03,392,2388,100.0,38.73,23.3543,60
89,158,-0.0036,-0.0001,100.0,518.67,642.85,1591.97,1404.28,14.62,21.61,553.24,2388.1,9065.73,1.3,47.52,521.81,2388.1,8137.54,8.4285,0.03,393,2388,100.0,38.75,23.3448,59
89,159,-0.0026,0.0002,100.0,518.67,643.08,1588.0,1405.65,14.62,21.61,553.09,2388.14,9061.48,1.3,47.5,521.48,2388.14,8139.49,8.4672,0.03,394,2388,100.0,38.84,23.1872,58
89,160,-0.0004,-0.0004,100.0,518.67,642.59,1593.75,1414.31,14.62,21.61,553.52,2388.12,9059.15,1.3,47.56,521.26,2388.14,8133.55,8.4591,0.03,393,2388,100.0,38.67,23.2932,57
89,161,0.0013,0.0,100.0,518.67,642.77,1586.75,1409.53,14.62,21.61,553.98,2388.08,9055.92,1.3,47.67,521.29,2388.12,8133.29,8.4503,0.03,393,2388,100.0,38.89,23.2603,56
89,162,-0.0026,0.0,100.0,518.67,642.8,1598.31,1409.93,14.62,21.61,552.82,2388.11,9062.21,1.3,47.7,520.74,2388.09,8139.25,8.4455,0.03,393,2388,100.0,38.75,23.2356,55
89,163,-0.0028,0.0002,100.0,518.67,642.63,1595.61,1408.92,14.62,21.61,553.83,2388.1,9060.1,1.3,47.76,521.04,2388.15,8136.72,8.3982,0.03,394,2388,100.0,38.79,23.3476,54
89,164,0.0011,-0.0003,100.0,518.67,642.64,1595.04,1408.08,14.62,21.61,553.33,2388.11,9066.23,1.3,47.63,521.52,2388.15,8140.6,8.4378,0.03,392,2388,100.0,38.63,23.2787,53
89,165,-0.0011,-0.0005,100.0,518.67,643.01,1590.95,1412.88,14.62,21.61,552.69,2388.14,9056.34,1.3,47.45,520.71,2388.16,8140.85,8.4619,0.03,395,2388,100.0,38.88,23.3177,52
89,166,0.002,0.0002,100.0,518.67,642.84,1587.42,1416.37,14.62,21.61,553.45,2388.18,9054.67,1.3,47.67,521.54,2388.16,8135.67,8.4397,0.03,394,2388,100.0,38.98,23.3298,51
89,167,-0.0013,-0.0,100.0,518.67,642.83,1588.6,1416.69,14.62,21.61,553.05,2388.12,9056.77,1.3,47.62,521.4,2388.17,8140.89,8.4681,0.03,394,2388,100.0,38.64,23.2438,50
89,168,0.0026,0.0002,100.0,518.67,642.96,1587.56,1409.55,14.62,21.61,553.04,2388.11,9061.63,1.3,47.56,521.11,2388.16,8146.35,8.4257,0.03,394,2388,100.0,38.75,23.3186,49
89,169,-0.0032,-0.0004,100.0,518.67,642.69,1595.49,1412.11,14.62,21.61,553.06,2388.13,9063.34,1.3,47.64,521.06,2388.12,8139.4,8.4671,0.03,392,2388,100.0,38.59,23.3207,48
89,170,-0.0015,0.0,100.0,518.67,643.09,1594.1,1408.05,14.62,21.61,553.16,2388.17,9059.21,1.3,47.8,521.23,2388.15,8133.7,8.4625,0.03,393,2388,100.0,38.8,23.2694,47
89,171,0.003,-0.0002,100.0,518.67,642.92,1599.61,1415.33,14.62,21.61,553.84,2388.12,9065.59,1.3,47.7,520.99,2388.11,8138.64,8.4381,0.03,394,2388,100.0,38.75,23.3343,46
89,172,0.0007,-0.0,100.0,518.67,642.87,1590.45,1413.28,14.62,21.61,552.27,2388.15,9062.44,1.3,47.67,521.13,2388.1,8145.93,8.4617,0.03,394,2388,100.0,38.85,23.1722,45
89,173,0.0002,-0.0001,100.0,518.67,642.76,1593.25,1412.62,14.62,21.61,551.45,2388.11,9056.51,1.3,47.6,521.15,2388.14,8138.55,8.4612,0.03,395,2388,100.0,38.74,23.2136,44
89,174,-0.0024,0.0,100.0,518.67,643.13,1589.33,1415.61,14.62,21.61,553.27,2388.14,9061.25,1.3,47.64,521.16,2388.16,8143.58,8.4372,0.03,393,2388,100.0,38.85,23.2787,43
89,175,0.0005,0.0002,100.0,518.67,642.82,1592.73,1409.28,14.62,21.61,552.79,2388.17,9060.89,1.3,47.58,520.86,2388.15,8140.63,8.5085,0.03,393,2388,100.0,38.53,23.1813,42
89,176,-0.0009,-0.0002,100.0,518.67,642.91,1595.34,1418.61,14.62,21.61,552.54,2388.17,9062.74,1.3,47.7,521.75,2388.09,8137.42,8.4305,0.03,394,2388,100.0,38.74,23.1298,41
89,177,0.0027,-0.0001,100.0,518.67,643.15,1589.87,1406.56,14.62,21.61,552.69,2388.13,9065.84,1.3,47.68,520.72,2388.07,8142.76,8.45,0.03,394,2388,100.0,38.69,23.3096,40
89,178,-0.0004,-0.0005,100.0,518.67,643.48,1593.15,1414.54,14.62,21.61,552.26,2388.14,9053.77,1.3,47.85,520.83,2388.19,8135.96,8.4597,0.03,394,2388,100.0,38.75,23.2209,39
89,179,0.0002,-0.0004,100.0,518.67,643.38,1589.92,1411.76,14.62,21.61,552.86,2388.14,9064.01,1.3,47.84,520.9,2388.13,8141.97,8.4672,0.03,393,2388,100.0,38.78,23.2532,38
89,180,-0.002,0.0001,100.0,518.67,642.85,1598.1,1413.79,14.62,21.61,553.33,2388.14,9054.5,1.3,47.85,521.36,2388.18,8139.17,8.4457,0.03,394,2388,100.0,38.57,23.2553,37
89,181,-0.0019,-0.0001,100.0,518.67,642.9,1588.15,1409.11,14.62,21.61,552.58,2388.12,9070.16,1.3,47.69,520.87,2388.21,8149.76,8.4799,0.03,393,2388,100.0,38.55,23.2627,36
89,182,0.0003,-0.0002,100.0,518.67,643.56,1596.13,1418.43,14.62,21.61,553.15,2388.14,9068.51,1.3,47.77,521.08,2388.13,8142.02,8.4739,0.03,394,2388,100.0,38.73,23.1997,35
89,183,0.0046,0.0001,100.0,518.67,642.95,1595.04,1413.45,14.62,21.61,552.69,2388.11,9067.65,1.3,47.7,520.04,2388.17,8140.31,8.4488,0.03,394,2388,100.0,38.71,23.2242,34
89,184,0.0007,0.0003,100.0,518.67,642.45,1595.17,1411.05,14.62,21.61,552.15,2388.19,9068.66,1.3,47.78,520.6,2388.16,8139.05,8.468,0.03,395,2388,100.0,38.64,23.1826,33
89,185,-0.0,0.0,100.0,518.67,642.84,1599.19,1418.51,14.62,21.61,551.82,2388.22,9060.65,1.3,47.83,520.9,2388.09,8144.0,8.4467,0.03,394,2388,100.0,38.69,23.1949,32
89,186,-0.0025,0.0002,100.0,518.67,642.9,1596.8,1418.5,14.62,21.61,553.03,2388.17,9066.37,1.3,47.79,520.18,2388.12,8145.18,8.4606,0.03,394,2388,100.0,38.79,23.1819,31
89,187,0.0007,-0.0003,100.0,518.67,642.96,1589.55,1420.85,14.62,21.61,552.3,2388.18,9070.06,1.3,47.67,520.8,2388.18,8144.81,8.476,0.03,395,2388,100.0,38.55,23.1375,30
89,188,-0.0026,-0.0003,100.0,518.67,643.3,1604.83,1411.74,14.62,21.61,552.93,2388.13,9062.17,1.3,47.92,520.85,2388.23,8139.95,8.4641,0.03,394,2388,100.0,38.68,23.1693,29
89,189,-0.0004,0.0002,100.0,518.67,643.1,1584.4,1415.77,14.62,21.61,552.31,2388.15,9065.05,1.3,47.75,520.96,2388.22,8142.6,8.4689,0.03,394,2388,100.0,38.68,23.1862,28
89,190,0.0009,0.0003,100.0,518.67,642.89,1594.55,1420.09,14.62,21.61,552.31,2388.16,9073.85,1.3,47.72,520.91,2388.15,8145.31,8.4662,0.03,394,2388,100.0,38.59,23.1022,27
89,191,0.0043,-0.0001,100.0,518.67,643.4,1595.43,1412.1,14.62,21.61,552.49,2388.18,9069.91,1.3,47.94,520.36,2388.17,8150.94,8.4703,0.03,393,2388,100.0,38.58,23.1726,26
89,192,-0.0025,-0.0001,100.0,518.67,642.84,1597.03,1420.85,14.62,21.61,552.57,2388.16,9065.61,1.3,47.79,520.74,2388.16,8143.91,8.4762,0.03,395,2388,100.0,38.79,23.2304,25
89,193,-0.002,-0.0005,100.0,518.67,643.29,1593.05,1416.22,14.62,21.61,552.76,2388.13,9063.91,1.3,47.65,520.78,2388.16,8140.38,8.4662,0.03,394,2388,100.0,38.56,23.2332,24
89,194,0.0012,-0.0001,100.0,518.67,643.36,1588.51,1413.85,14.62,21.61,552.38,2388.18,9073.71,1.3,47.82,520.69,2388.13,8146.13,8.4624,0.03,394,2388,100.0,38.5,23.0612,23
89,195,-0.0012,0.0004,100.0,518.67,643.12,1600.09,1419.15,14.62,21.61,552.23,2388.14,9073.76,1.3,47.74,520.25,2388.18,8149.0,8.5063,0.03,396,2388,100.0,38.52,23.1635,22
89,196,-0.0021,-0.0,100.0,518.67,643.52,1596.3,1421.22,14.62,21.61,551.61,2388.14,9073.72,1.3,47.9,520.0,2388.2,8145.96,8.4903,0.03,394,2388,100.0,38.49,23.1272,21
89,197,-0.0012,0.0004,100.0,518.67,643.3,1600.02,1421.18,14.62,21.61,552.91,2388.17,9070.83,1.3,48.01,520.48,2388.23,8145.73,8.5029,0.03,395,2388,100.0,38.72,23.1597,20
89,198,0.0004,0.0,100.0,518.67,642.86,1604.79,1424.43,14.62,21.61,552.95,2388.19,9071.49,1.3,47.92,519.58,2388.18,8140.83,8.5067,0.03,395,2388,100.0,38.71,23.1306,19
89,199,-0.0012,-0.0005,100.0,518.67,643.36,1600.86,1421.55,14.62,21.61,552.06,2388.14,9067.11,1.3,48.16,520.15,2388.2,8144.76,8.5341,0.03,394,2388,100.0,38.51,23.1787,18
89,200,0.0024,-0.0002,100.0,518.67,643.68,1596.87,1430.57,14.62,21.61,552.48,2388.15,9080.92,1.3,47.77,520.6,2388.12,8141.04,8.4889,0.03,395,2388,100.0,38.53,23.141,17
89,201,-0.0064,0.0004,100.0,518.67,643.13,1596.76,1419.0,14.62,21.61,551.71,2388.2,9074.07,1.3,47.96,520.45,2388.24,8146.74,8.487,0.03,396,2388,100.0,38.46,23.2566,16
89,202,-0.0017,-0.0003,100.0,518.67,643.35,1606.57,1428.24,14.62,21.61,551.17,2388.25,9074.29,1.3,47.94,519.93,2388.19,8146.33,8.5091,0.03,397,2388,100.0,38.64,23.1472,15
89,203,0.0014,-0.0001,100.0,518.67,644.08,1600.49,1424.47,14.62,21.61,551.92,2388.16,9073.21,1.3,48.09,519.95,2388.23,8145.67,8.5512,0.03,395,2388,100.0,38.58,23.0807,14
89,204,0.001,-0.0004,100.0,518.67,644.18,1601.77,1421.7,14.62,21.61,552.14,2388.13,9073.44,1.3,48.01,520.2,2388.2,8147.61,8.4965,0.03,395,2388,100.0,38.48,23.1124,13
89,205,0.0028,0.0003,100.0,518.67,643.08,1591.69,1420.89,14.62,21.61,551.89,2388.22,9070.03,1.3,48.09,520.12,2388.18,8147.35,8.4739,0.03,396,2388,100.0,38.45,23.1243,12
89,206,0.0004,-0.0003,100.0,518.67,643.32,1597.98,1421.76,14.62,21.61,552.3,2388.2,9084.69,1.3,48.2,519.95,2388.21,8147.44,8.5319,0.03,397,2388,100.0,38.52,23.0154,11
89,207,-0.0011,-0.0001,100.0,518.67,643.46,1606.5,1428.42,14.62,21.61,551.22,2388.21,9072.4,1.3,47.8,520.07,2388.23,8149.71,8.4962,0.03,397,2388,100.0,38.32,23.0773,10
89,208,-0.0019,-0.0002,100.0,518.67,643.47,1596.54,1422.41,14.62,21.61,551.76,2388.18,9077.19,1.3,47.98,519.84,2388.21,8147.84,8.5044,0.03,395,2388,100.0,38.55,23.0596,9
89,209,0.002,0.0003,100.0,518.67,643.7,1605.06,1430.72,14.62,21.61,551.78,2388.18,9084.43,1.3,48.02,519.84,2388.17,8152.54,8.5577,0.03,395,2388,100.0,38.66,23.2052,8
89,210,0.0023,0.0002,100.0,518.67,643.44,1599.78,1430.95,14.62,21.61,551.88,2388.22,9083.76,1.3,48.08,519.71,2388.23,8146.38,8.5016,0.03,395,2388,100.0,38.46,23.0903,7
89,211,0.0017,0.0002,100.0,518.67,643.33,1599.81,1429.88,14.62,21.61,551.31,2388.25,9076.24,1.3,48.04,520.36,2388.19,8144.51,8.5125,0.03,396,2388,100.0,38.48,23.0963,6
89,212,0.0003,0.0002,100.0,518.67,643.21,1598.68,1432.5,14.62,21.61,550.91,2388.17,9079.18,1.3,47.96,519.66,2388.25,8150.45,8.4891,0.03,396,2388,100.0,38.38,23.0103,5
89,213,0.0001,-0.0003,100.0,518.67,643.49,1604.45,1426.52,14.62,21.61,550.85,2388.21,9085.94,1.3,48.16,519.63,2388.24,8153.07,8.534,0.03,397,2388,100.0,38.25,23.16,4
89,214,0.0008,0.0003,100.0,518.67,643.24,1596.72,1426.05,14.62,21.61,551.15,2388.21,9081.74,1.3,47.99,519.7,2388.27,8156.26,8.5041,0.03,396,2388,100.0,38.54,23.1833,3
89,215,0.0018,0.0,100.0,518.67,643.39,1603.19,1430.73,14.62,21.61,551.09,2388.2,9085.55,1.3,48.18,519.49,2388.16,8151.41,8.5356,0.03,396,2388,100.0,38.3,23.0166,2
89,216,0.0004,0.0001,100.0,518.67,643.6,1604.76,1427.66,14.62,21.61,551.46,2388.26,9074.32,1.3,48.02,519.68,2388.21,8155.37,8.5259,0.03,395,2388,100.0,38.36,23.0164,1
89,217,0.006,-0.0002,100.0,518.67,643.18,1603.61,1431.32,14.62,21.61,551.03,2388.17,9081.82,1.3,48.39,519.86,2388.22,8154.8,8.4936,0.03,397,2388,100.0,38.19,23.09,0
90,1,-0.0013,-0.0004,100.0,518.67,642.34,1584.51,1394.55,14.62,21.61,553.98,2388.08,9056.25,1.3,47.06,521.98,2388.01,8139.65,8.4261,0.03,392,2388,100.0,39.07,23.4068,153
90,2,0.0002,-0.0004,100.0,518.67,642.33,1589.07,1402.94,14.62,21.61,555.05,2387.98,9062.04,1.3,47.21,522.44,2388.0,8138.44,8.4105,0.03,391,2388,100.0,39.22,23.3356,152
90,3,0.0019,0.0002,100.0,518.67,641.72,1587.88,1393.65,14.62,21.61,554.24,2388.01,9059.19,1.3,47.13,522.62,2388.04,8141.14,8.4002,0.03,393,2388,100.0,39.01,23.331,151
90,4,0.0038,0.0002,100.0,518.67,642.22,1585.07,1403.89,14.62,21.61,554.01,2388.04,9060.47,1.3,47.27,522.23,2388.05,8134.55,8.4205,0.03,390,2388,100.0,39.09,23.4409,150
90,5,0.0014,0.0001,100.0,518.67,641.79,1584.47,1402.97,14.62,21.61,554.4,2388.0,9055.69,1.3,47.1,522.38,2388.01,8134.12,8.423,0.03,391,2388,100.0,39.05,23.4711,149
90,6,-0.0008,0.0002,100.0,518.67,642.57,1587.95,1395.4,14.62,21.61,554.28,2387.96,9053.33,1.3,47.24,522.11,2388.01,8140.13,8.4162,0.03,392,2388,100.0,38.95,23.409,148
90,7,0.0013,0.0005,100.0,518.67,642.48,1581.21,1400.42,14.62,21.61,553.48,2387.99,9060.81,1.3,47.25,521.87,2388.0,8136.43,8.3672,0.03,392,2388,100.0,38.94,23.2898,147
90,8,-0.0015,0.0,100.0,518.67,642.85,1587.27,1402.67,14.62,21.61,554.79,2387.99,9054.87,1.3,47.29,522.3,2387.98,8140.14,8.4237,0.03,392,2388,100.0,39.0,23.4335,146
90,9,0.0047,0.0001,100.0,518.67,642.14,1580.05,1399.4,14.62,21.61,554.27,2388.02,9048.2,1.3,47.21,522.86,2387.97,8136.46,8.419,0.03,391,2388,100.0,39.16,23.4813,145
90,10,0.0003,0.0005,100.0,518.67,642.21,1584.76,1391.16,14.62,21.61,553.88,2388.0,9060.54,1.3,47.08,522.19,2388.05,8144.05,8.3768,0.03,391,2388,100.0,38.96,23.3228,144
90,11,0.0015,-0.0004,100.0,518.67,642.11,1579.96,1395.12,14.62,21.61,554.86,2388.03,9054.53,1.3,47.34,522.04,2387.98,8137.13,8.4079,0.03,392,2388,100.0,39.04,23.447,143
90,12,-0.0044,0.0005,100.0,518.67,642.02,1586.89,1400.67,14.62,21.61,553.66,2388.04,9063.23,1.3,47.16,522.32,2388.02,8138.4,8.405,0.03,393,2388,100.0,39.12,23.5339,142
90,13,-0.0005,-0.0003,100.0,518.67,642.74,1586.99,1407.15,14.62,21.61,554.17,2388.01,9046.46,1.3,47.4,522.12,2387.98,8138.22,8.3769,0.03,391,2388,100.0,39.11,23.3122,141
90,14,-0.0019,-0.0002,100.0,518.67,642.28,1585.37,1400.2,14.62,21.61,554.28,2387.97,9053.03,1.3,47.26,522.01,2388.03,8135.57,8.3701,0.03,391,2388,100.0,39.11,23.4165,140
90,15,-0.0004,0.0002,100.0,518.67,642.13,1588.19,1392.74,14.62,21.61,554.09,2388.07,9051.9,1.3,47.12,522.32,2388.01,8139.85,8.3911,0.03,392,2388,100.0,39.18,23.527,139
90,16,-0.0058,-0.0002,100.0,518.67,642.35,1582.18,1403.28,14.62,21.61,554.19,2388.04,9041.77,1.3,47.09,522.5,2388.03,8140.01,8.4098,0.03,391,2388,100.0,39.18,23.3494,138
90,17,0.0015,0.0005,100.0,518.67,642.5,1584.17,1395.63,14.62,21.61,554.45,2388.03,9055.67,1.3,47.11,522.11,2388.01,8137.73,8.4297,0.03,390,2388,100.0,39.11,23.4676,137
90,18,0.0004,0.0001,100.0,518.67,642.65,1581.42,1400.43,14.62,21.61,554.28,2387.98,9064.46,1.3,47.3,521.83,2388.01,8136.26,8.4011,0.03,393,2388,100.0,39.12,23.4023,136
90,19,0.0,-0.0002,100.0,518.67,642.34,1585.95,1402.02,14.62,21.61,554.34,2388.02,9058.31,1.3,47.25,522.21,2388.01,8132.38,8.3823,0.03,391,2388,100.0,39.03,23.3526,135
90,20,-0.0025,-0.0003,100.0,518.67,641.92,1589.11,1401.89,14.62,21.61,554.68,2388.04,9057.33,1.3,47.11,522.7,2388.05,8140.26,8.4376,0.03,392,2388,100.0,38.98,23.334,134
90,21,-0.0032,0.0001,100.0,518.67,642.09,1589.21,1397.19,14.62,21.61,553.98,2388.03,9049.64,1.3,47.13,522.34,2388.02,8134.03,8.4033,0.03,392,2388,100.0,38.98,23.4314,133
90,22,-0.002,-0.0,100.0,518.67,642.42,1585.78,1396.95,14.62,21.6,554.28,2388.03,9056.1,1.3,47.56,522.38,2388.02,8136.66,8.3858,0.03,392,2388,100.0,38.92,23.4472,132
90,23,0.0022,0.0,100.0,518.67,641.95,1586.65,1400.84,14.62,21.61,553.96,2388.06,9050.37,1.3,47.23,522.72,2388.0,8138.83,8.3966,0.03,392,2388,100.0,39.05,23.3468,131
90,24,-0.0024,0.0003,100.0,518.67,642.45,1587.39,1399.11,14.62,21.61,554.89,2388.07,9051.17,1.3,47.22,522.53,2388.05,8137.93,8.4304,0.03,391,2388,100.0,38.84,23.4508,130
90,25,0.0017,-0.0001,100.0,518.67,641.94,1584.47,1401.39,14.62,21.6,554.7,2388.01,9056.21,1.3,47.23,522.27,2387.99,8144.74,8.3865,0.03,391,2388,100.0,39.06,23.4091,129
90,26,0.0062,0.0002,100.0,518.67,642.08,1593.52,1397.96,14.62,21.61,554.08,2388.01,9056.99,1.3,47.35,522.05,2388.05,8138.6,8.4308,0.03,390,2388,100.0,39.0,23.4212,128
90,27,0.0028,0.0001,100.0,518.67,641.84,1584.55,1393.48,14.62,21.61,554.86,2387.98,9048.7,1.3,47.11,522.79,2388.08,8139.31,8.3742,0.03,392,2388,100.0,38.93,23.5081,127
90,28,-0.0023,0.0006,100.0,518.67,642.91,1593.32,1395.81,14.62,21.61,555.02,2388.04,9057.35,1.3,47.23,522.45,2388.05,8146.55,8.4442,0.03,392,2388,100.0,39.17,23.4003,126
90,29,0.0048,0.0002,100.0,518.67,642.22,1591.19,1396.49,14.62,21.61,554.36,2388.03,9056.36,1.3,47.17,521.97,2388.04,8133.57,8.4096,0.03,391,2388,100.0,39.04,23.4463,125
90,30,-0.0016,0.0005,100.0,518.67,642.73,1584.91,1397.01,14.62,21.61,554.05,2388.08,9050.43,1.3,47.39,522.19,2388.09,8136.7,8.415,0.03,392,2388,100.0,38.9,23.4607,124
90,31,-0.0035,0.0001,100.0,518.67,642.61,1589.73,1396.23,14.62,21.61,553.6,2388.02,9055.07,1.3,47.1,522.48,2387.97,8137.21,8.4006,0.03,390,2388,100.0,39.11,23.4237,123
90,32,-0.0011,0.0001,100.0,518.67,641.62,1588.54,1397.03,14.62,21.61,554.8,2388.02,9053.34,1.3,47.3,522.42,2388.02,8138.4,8.4365,0.03,392,2388,100.0,38.98,23.3424,122
90,33,0.0024,-0.0004,100.0,518.67,642.45,1585.96,1406.16,14.62,21.61,553.72,2388.06,9050.51,1.3,47.15,522.93,2388.02,8136.01,8.4001,0.03,391,2388,100.0,38.97,23.3694,121
90,34,-0.0019,-0.0002,100.0,518.67,642.2,1578.13,1398.67,14.62,21.61,554.32,2388.08,9051.32,1.3,47.11,522.55,2388.05,8138.02,8.4001,0.03,392,2388,100.0,39.02,23.4476,120
90,35,0.0017,-0.0,100.0,518.67,641.99,1579.63,1398.09,14.62,21.61,554.97,2387.96,9062.27,1.3,47.19,521.97,2387.97,8137.2,8.4177,0.03,391,2388,100.0,39.02,23.4238,119
90,36,-0.0027,-0.0,100.0,518.67,642.5,1588.42,1396.82,14.62,21.61,554.72,2388.0,9053.41,1.3,47.35,521.73,2388.01,8138.5,8.3984,0.03,390,2388,100.0,38.99,23.5126,118
90,37,0.0021,0.0001,100.0,518.67,642.45,1584.62,1402.89,14.62,21.61,554.55,2388.02,9055.07,1.3,47.15,522.11,2388.01,8143.41,8.4377,0.03,391,2388,100.0,39.05,23.3743,117
90,38,-0.0017,-0.0002,100.0,518.67,642.55,1578.62,1403.54,14.62,21.61,555.25,2388.02,9057.56,1.3,47.16,521.92,2388.03,8139.67,8.3889,0.03,392,2388,100.0,38.97,23.2776,116
90,39,-0.001,0.0003,100.0,518.67,642.57,1581.14,1396.09,14.62,21.61,553.56,2387.99,9058.54,1.3,47.09,522.17,2388.04,8134.78,8.4072,0.03,392,2388,100.0,38.94,23.4075,115
90,40,-0.0033,0.0001,100.0,518.67,642.06,1582.11,1397.58,14.62,21.61,553.88,2388.04,9049.73,1.3,47.09,521.99,2388.04,8129.77,8.438,0.03,391,2388,100.0,38.93,23.4258,114
90,41,-0.0027,0.0,100.0,518.67,642.91,1590.05,1402.55,14.62,21.61,553.61,2388.03,9061.69,1.3,47.36,522.2,2388.0,8136.4,8.4406,0.03,392,2388,100.0,39.1,23.4689,113
90,42,-0.0005,0.0,100.0,518.67,642.24,1575.78,1402.82,14.62,21.61,553.98,2387.99,9058.11,1.3,47.23,521.85,2388.03,8138.78,8.4106,0.03,392,2388,100.0,39.03,23.4685,112
90,43,0.0016,0.0,100.0,518.67,641.98,1592.87,1394.86,14.62,21.61,554.79,2388.0,9051.5,1.3,47.36,522.3,2388.01,8137.91,8.374,0.03,390,2388,100.0,38.93,23.4957,111
90,44,-0.0023,0.0001,100.0,518.67,642.06,1584.53,1401.08,14.62,21.61,553.85,2387.97,9055.7,1.3,47.44,522.08,2388.03,8144.06,8.3676,0.03,389,2388,100.0,39.05,23.3729,110
90,45,0.0012,0.0001,100.0,518.67,642.1,1588.57,1395.36,14.62,21.61,553.19,2388.03,9054.57,1.3,47.23,521.95,2388.1,8133.53,8.4314,0.03,391,2388,100.0,39.01,23.3888,109
90,46,0.0006,-0.0001,100.0,518.67,642.19,1587.09,1397.52,14.62,21.61,554.17,2388.02,9061.61,1.3,47.23,522.44,2388.02,8135.26,8.393,0.03,392,2388,100.0,39.03,23.292,108
90,47,0.0002,0.0005,100.0,518.67,642.42,1580.04,1404.73,14.62,21.61,554.5,2388.05,9059.06,1.3,47.15,522.17,2387.99,8141.76,8.3911,0.03,391,2388,100.0,38.95,23.3812,107
90,48,-0.0008,-0.0,100.0,518.67,641.56,1581.43,1392.44,14.62,21.61,554.34,2388.02,9056.14,1.3,47.41,522.45,2388.03,8136.24,8.4207,0.03,393,2388,100.0,38.84,23.389,106
90,49,0.0001,-0.0002,100.0,518.67,642.87,1587.54,1396.81,14.62,21.61,554.33,2388.02,9059.3,1.3,47.27,522.58,2388.02,8137.21,8.4252,0.03,394,2388,100.0,39.1,23.3458,105
90,50,-0.0006,-0.0001,100.0,518.67,642.12,1579.53,1391.38,14.62,21.61,554.5,2388.01,9054.52,1.3,47.33,522.53,2388.02,8139.9,8.4089,0.03,392,2388,100.0,38.87,23.3707,104
90,51,0.0002,0.0005,100.0,518.67,642.32,1589.24,1398.27,14.62,21.61,554.84,2388.03,9054.49,1.3,47.24,521.92,2388.01,8139.23,8.4259,0.03,391,2388,100.0,38.83,23.3767,103
90,52,-0.0025,0.0001,100.0,518.67,641.9,1581.26,1398.37,14.62,21.61,554.3,2388.03,9059.26,1.3,47.42,522.2,2388.01,8136.73,8.3871,0.03,394,2388,100.0,38.84,23.3401,102
90,53,-0.0012,0.0001,100.0,518.67,642.34,1587.55,1400.21,14.62,21.61,554.67,2388.06,9059.34,1.3,47.3,522.49,2388.01,8137.22,8.4298,0.03,393,2388,100.0,39.1,23.4033,101
90,54,-0.0009,0.0002,100.0,518.67,642.54,1589.29,1399.51,14.62,21.61,554.05,2387.99,9049.19,1.3,47.32,522.75,2387.99,8138.39,8.3984,0.03,392,2388,100.0,38.89,23.52,100
90,55,0.0018,-0.0004,100.0,518.67,642.26,1584.84,1403.95,14.62,21.61,554.43,2388.04,9060.21,1.3,47.08,522.34,2388.03,8136.65,8.4026,0.03,393,2388,100.0,39.07,23.2984,99
90,56,0.0015,-0.0001,100.0,518.67,642.29,1583.17,1400.04,14.62,21.61,553.93,2388.05,9059.44,1.3,46.97,522.69,2388.0,8135.76,8.4231,0.03,392,2388,100.0,38.92,23.3727,98
90,57,-0.0012,0.0002,100.0,518.67,642.31,1583.16,1398.22,14.62,21.61,554.27,2388.07,9054.3,1.3,47.52,521.9,2388.08,8137.19,8.4275,0.03,393,2388,100.0,38.88,23.3663,97
90,58,0.0006,-0.0003,100.0,518.67,641.91,1585.95,1402.0,14.62,21.61,553.75,2388.02,9057.95,1.3,47.22,522.53,2388.05,8137.65,8.3932,0.03,391,2388,100.0,39.01,23.2882,96
90,59,0.0006,0.0,100.0,518.67,642.32,1588.81,1408.35,14.62,21.61,554.22,2388.06,9056.49,1.3,47.39,521.86,2388.06,8133.05,8.4272,0.03,392,2388,100.0,38.93,23.4814,95
90,60,0.0013,-0.0001,100.0,518.67,642.18,1581.87,1408.81,14.62,21.61,554.09,2388.05,9052.23,1.3,47.53,522.18,2388.02,8131.3,8.3908,0.03,392,2388,100.0,38.88,23.3925,94
90,61,0.0041,0.0005,100.0,518.67,641.82,1581.87,1400.28,14.62,21.61,553.69,2388.09,9055.79,1.3,47.42,521.97,2388.05,8135.56,8.4081,0.03,392,2388,100.0,39.02,23.3566,93
90,62,-0.0008,-0.0004,100.0,518.67,642.26,1582.67,1393.41,14.62,21.61,554.24,2388.11,9049.0,1.3,47.24,521.93,2388.02,8140.6,8.3879,0.03,392,2388,100.0,38.95,23.2114,92
90,63,-0.0018,0.0004,100.0,518.67,641.93,1585.6,1401.01,14.62,21.61,553.88,2388.03,9058.54,1.3,47.28,522.22,2388.02,8137.68,8.3914,0.03,391,2388,100.0,38.77,23.3943,91
90,64,-0.0024,-0.0003,100.0,518.67,642.08,1585.06,1403.93,14.62,21.61,553.77,2388.09,9052.99,1.3,47.34,522.31,2387.99,8134.52,8.42,0.03,393,2388,100.0,38.88,23.294,90
90,65,0.0043,0.0,100.0,518.67,642.49,1591.68,1398.09,14.62,21.61,554.58,2387.98,9054.81,1.3,47.12,522.07,2388.05,8133.78,8.4029,0.03,394,2388,100.0,38.98,23.2972,89
90,66,-0.0041,-0.0002,100.0,518.67,642.34,1585.77,1401.15,14.62,21.61,553.51,2388.08,9052.4,1.3,47.4,521.92,2388.06,8132.5,8.4455,0.03,391,2388,100.0,38.9,23.2617,88
90,67,-0.003,-0.0001,100.0,518.67,642.12,1586.23,1401.71,14.62,21.61,553.87,2388.08,9059.68,1.3,47.24,522.12,2388.04,8136.38,8.4055,0.03,393,2388,100.0,38.94,23.3027,87
90,68,-0.0006,0.0003,100.0,518.67,641.65,1587.27,1399.15,14.62,21.61,554.51,2388.04,9056.49,1.3,47.43,522.09,2388.07,8132.4,8.4262,0.03,392,2388,100.0,38.96,23.2553,86
90,69,-0.0035,-0.0003,100.0,518.67,642.03,1587.55,1396.75,14.62,21.61,554.51,2388.02,9054.06,1.3,47.33,522.51,2388.09,8132.39,8.4148,0.03,393,2388,100.0,38.93,23.3169,85
90,70,0.0012,-0.0002,100.0,518.67,642.07,1588.61,1404.4,14.62,21.61,554.95,2388.06,9055.95,1.3,47.43,522.2,2388.05,8132.54,8.374,0.03,393,2388,100.0,38.94,23.2229,84
90,71,0.0022,0.0002,100.0,518.67,642.34,1587.84,1409.67,14.62,21.61,553.83,2388.06,9062.97,1.3,47.43,522.43,2388.06,8141.54,8.415,0.03,390,2388,100.0,38.92,23.3725,83
90,72,-0.0046,0.0005,100.0,518.67,642.65,1587.7,1400.69,14.62,21.61,554.27,2388.09,9057.62,1.3,47.38,521.65,2388.07,8138.17,8.3957,0.03,391,2388,100.0,38.97,23.4598,82
90,73,0.0002,0.0005,100.0,518.67,642.38,1585.0,1401.65,14.62,21.61,553.68,2388.08,9052.79,1.3,47.19,522.09,2388.07,8136.45,8.3993,0.03,392,2388,100.0,38.86,23.2507,81
90,74,-0.0,-0.0003,100.0,518.67,642.33,1577.86,1405.37,14.62,21.61,554.54,2388.05,9046.52,1.3,47.34,521.66,2388.09,8135.43,8.3894,0.03,392,2388,100.0,38.72,23.3282,80
90,75,0.0037,0.0,100.0,518.67,642.78,1579.95,1395.81,14.62,21.61,554.13,2388.1,9052.68,1.3,47.22,522.29,2388.04,8140.98,8.425,0.03,392,2388,100.0,38.86,23.4041,79
90,76,-0.0024,0.0001,100.0,518.67,642.64,1590.95,1401.33,14.62,21.61,553.73,2388.0,9049.52,1.3,47.41,522.1,2388.07,8136.73,8.358,0.03,393,2388,100.0,38.95,23.3867,78
90,77,0.0014,-0.0002,100.0,518.67,642.68,1580.45,1399.25,14.62,21.61,553.5,2388.11,9043.13,1.3,47.35,521.51,2388.08,8133.08,8.4376,0.03,392,2388,100.0,38.87,23.4124,77
90,78,-0.0001,-0.0003,100.0,518.67,641.94,1579.86,1412.64,14.62,21.61,553.94,2388.07,9050.33,1.3,47.41,522.1,2388.12,8139.46,8.4569,0.03,392,2388,100.0,39.01,23.413,76
90,79,-0.0,0.0004,100.0,518.67,641.8,1589.81,1399.43,14.62,21.61,553.62,2388.05,9050.15,1.3,47.31,522.05,2388.06,8131.05,8.4318,0.03,392,2388,100.0,38.89,23.3669,75
90,80,-0.0011,0.0005,100.0,518.67,642.49,1590.17,1403.35,14.62,21.61,553.79,2388.06,9059.07,1.3,47.41,521.71,2388.08,8132.26,8.4198,0.03,392,2388,100.0,39.0,23.3803,74
90,81,-0.0008,0.0002,100.0,518.67,642.37,1581.69,1398.67,14.62,21.61,553.74,2388.06,9059.96,1.3,47.29,522.05,2388.06,8135.51,8.4024,0.03,392,2388,100.0,39.0,23.2425,73
90,82,-0.0016,-0.0001,100.0,518.67,642.0,1587.16,1404.25,14.62,21.61,553.9,2388.09,9058.65,1.3,47.32,521.6,2388.07,8134.39,8.4319,0.03,393,2388,100.0,39.08,23.2806,72
90,83,-0.0009,0.0003,100.0,518.67,642.37,1583.99,1405.97,14.62,21.61,553.18,2388.05,9054.1,1.3,47.6,522.01,2388.05,8134.84,8.4117,0.03,393,2388,100.0,38.9,23.3462,71
90,84,-0.0006,-0.0004,100.0,518.67,642.35,1585.39,1399.4,14.62,21.61,553.98,2388.12,9054.57,1.3,47.39,521.42,2388.08,8134.93,8.4064,0.03,391,2388,100.0,38.92,23.2095,70
90,85,0.0026,-0.0,100.0,518.67,642.55,1585.62,1400.34,14.62,21.61,553.58,2388.05,9043.82,1.3,47.53,521.82,2388.09,8133.35,8.3947,0.03,391,2388,100.0,39.01,23.2779,69
90,86,-0.0049,0.0003,100.0,518.67,642.97,1588.35,1404.39,14.62,21.6,553.98,2388.07,9067.24,1.3,47.45,521.5,2388.08,8133.51,8.3852,0.03,392,2388,100.0,39.02,23.2249,68
90,87,0.0024,0.0005,100.0,518.67,642.2,1585.73,1404.79,14.62,21.61,554.28,2388.07,9048.9,1.3,47.62,522.52,2388.06,8132.45,8.4576,0.03,392,2388,100.0,38.75,23.3476,67
90,88,-0.0002,-0.0001,100.0,518.67,643.13,1592.57,1404.56,14.62,21.61,553.56,2388.1,9056.12,1.3,47.46,521.98,2388.0,8136.57,8.4175,0.03,394,2388,100.0,38.78,23.4285,66
90,89,-0.0039,-0.0004,100.0,518.67,642.57,1593.21,1404.5,14.62,21.61,553.92,2388.02,9057.47,1.3,47.3,522.26,2388.08,8133.09,8.4552,0.03,393,2388,100.0,38.75,23.3383,65
90,90,-0.0008,0.0001,100.0,518.67,642.8,1586.35,1403.46,14.62,21.61,554.08,2388.08,9050.18,1.3,47.29,521.97,2388.05,8131.46,8.3917,0.03,393,2388,100.0,38.85,23.4111,64
90,91,-0.005,0.0002,100.0,518.67,642.54,1584.08,1399.36,14.62,21.61,554.03,2388.07,9052.02,1.3,47.51,521.94,2388.07,8129.6,8.4408,0.03,392,2388,100.0,38.86,23.3728,63
90,92,0.0007,0.0002,100.0,518.67,642.46,1585.07,1403.68,14.62,21.61,552.95,2388.06,9051.69,1.3,47.39,521.33,2388.13,8139.82,8.3943,0.03,392,2388,100.0,38.92,23.2634,62
90,93,-0.0024,-0.0004,100.0,518.67,642.76,1585.17,1408.8,14.62,21.61,554.22,2388.16,9052.48,1.3,47.56,521.63,2388.06,8130.45,8.4061,0.03,391,2388,100.0,38.82,23.3508,61
90,94,0.0013,0.0005,100.0,518.67,642.55,1583.31,1415.2,14.62,21.61,554.13,2388.08,9057.25,1.3,47.33,521.79,2388.09,8136.08,8.41,0.03,391,2388,100.0,38.71,23.3492,60
90,95,0.0007,0.0003,100.0,518.67,642.11,1595.76,1407.07,14.62,21.61,552.82,2388.1,9060.79,1.3,47.33,521.5,2388.06,8134.65,8.45,0.03,393,2388,100.0,38.92,23.2792,59
90,96,0.0002,-0.0004,100.0,518.67,642.49,1587.71,1407.53,14.62,21.61,553.59,2388.11,9059.59,1.3,47.58,521.27,2388.07,8131.88,8.4128,0.03,394,2388,100.0,39.01,23.3206,58
90,97,0.0013,0.0006,100.0,518.67,641.96,1591.06,1414.76,14.62,21.61,553.99,2388.09,9056.88,1.3,47.4,521.79,2388.11,8130.78,8.4247,0.03,392,2388,100.0,38.89,23.3764,57
90,98,-0.0009,-0.0,100.0,518.67,642.21,1582.66,1408.32,14.62,21.61,554.35,2388.08,9052.85,1.3,47.57,522.46,2388.07,8135.16,8.4487,0.03,394,2388,100.0,38.73,23.3106,56
90,99,0.0005,0.0005,100.0,518.67,642.76,1585.87,1397.45,14.62,21.61,553.8,2388.08,9044.64,1.3,47.39,521.83,2388.07,8131.94,8.4219,0.03,393,2388,100.0,39.02,23.3959,55
90,100,0.0053,0.0,100.0,518.67,642.25,1591.09,1400.81,14.62,21.61,553.99,2388.07,9053.44,1.3,47.44,521.79,2388.08,8132.09,8.4266,0.03,392,2388,100.0,38.89,23.2809,54
90,101,0.0014,0.0005,100.0,518.67,642.53,1588.48,1405.43,14.62,21.61,553.7,2388.09,9055.24,1.3,47.52,521.21,2388.09,8132.82,8.4326,0.03,393,2388,100.0,38.86,23.2612,53
90,102,0.0014,-0.0002,100.0,518.67,642.6,1589.53,1406.13,14.62,21.61,553.32,2388.1,9050.13,1.3,47.5,521.44,2388.05,8132.06,8.4374,0.03,394,2388,100.0,38.83,23.4159,52
90,103,-0.0012,-0.0001,100.0,518.67,642.12,1589.92,1404.3,14.62,21.61,553.1,2388.11,9046.42,1.3,47.18,521.44,2388.14,8135.96,8.4545,0.03,393,2388,100.0,38.74,23.2361,51
90,104,0.0026,0.0002,100.0,518.67,642.2,1583.49,1406.61,14.62,21.61,553.37,2388.03,9054.37,1.3,47.48,521.32,2388.16,8138.19,8.4399,0.03,394,2388,100.0,38.72,23.3941,50
90,105,0.0015,-0.0001,100.0,518.67,642.58,1587.01,1405.73,14.62,21.61,552.96,2388.05,9051.69,1.3,47.47,521.16,2388.11,8134.74,8.4222,0.03,393,2388,100.0,38.91,23.31,49
90,106,-0.003,-0.0002,100.0,518.67,642.3,1582.62,1415.06,14.62,21.61,553.49,2388.09,9051.41,1.3,47.59,521.13,2388.18,8137.62,8.4311,0.03,394,2388,100.0,38.83,23.2623,48
90,107,0.0003,0.0005,100.0,518.67,641.99,1596.56,1406.53,14.62,21.61,553.36,2388.13,9048.76,1.3,47.51,521.59,2388.11,8131.23,8.4319,0.03,392,2388,100.0,38.72,23.2547,47
90,108,-0.0004,0.0002,100.0,518.67,642.51,1586.34,1409.45,14.62,21.61,553.53,2388.08,9050.73,1.3,47.49,521.75,2388.1,8130.2,8.4464,0.03,394,2388,100.0,38.85,23.2631,46
90,109,-0.0004,0.0001,100.0,518.67,642.65,1582.95,1406.44,14.62,21.61,553.59,2388.12,9044.89,1.3,47.5,521.02,2388.15,8131.04,8.451,0.03,393,2388,100.0,38.91,23.4541,45
90,110,0.0018,0.0002,100.0,518.67,643.06,1585.43,1411.78,14.62,21.61,554.28,2388.14,9056.83,1.3,47.57,520.75,2388.12,8124.81,8.4318,0.03,394,2388,100.0,38.76,23.2692,44
90,111,-0.002,-0.0002,100.0,518.67,642.49,1584.94,1401.74,14.62,21.61,553.38,2388.16,9052.68,1.3,47.45,521.61,2388.1,8131.6,8.4647,0.03,392,2388,100.0,38.96,23.2853,43
90,112,0.0001,0.0006,100.0,518.67,642.8,1593.94,1405.98,14.62,21.61,552.94,2388.1,9056.33,1.3,47.52,521.01,2388.13,8136.97,8.4622,0.03,395,2388,100.0,38.77,23.2492,42
90,113,-0.0003,-0.0003,100.0,518.67,642.59,1591.1,1407.6,14.62,21.61,553.57,2388.06,9053.73,1.3,47.52,521.86,2388.1,8129.48,8.4438,0.03,392,2388,100.0,38.9,23.2765,41
90,114,0.0015,-0.0001,100.0,518.67,643.25,1591.16,1407.1,14.62,21.61,553.14,2388.13,9050.01,1.3,47.64,521.29,2388.12,8128.76,8.4594,0.03,393,2388,100.0,38.7,23.2862,40
90,115,0.0016,0.0,100.0,518.67,642.85,1582.97,1413.08,14.62,21.61,553.76,2388.13,9044.5,1.3,47.56,521.45,2388.13,8126.44,8.4443,0.03,393,2388,100.0,38.78,23.3268,39
90,116,-0.0005,-0.0002,100.0,518.67,642.68,1590.98,1403.74,14.62,21.61,552.82,2388.11,9054.78,1.3,47.7,521.0,2388.09,8129.61,8.4557,0.03,392,2388,100.0,38.77,23.2287,38
90,117,0.0047,-0.0003,100.0,518.67,642.6,1598.13,1408.12,14.62,21.61,554.02,2388.15,9054.15,1.3,47.58,521.51,2388.14,8131.52,8.4777,0.03,392,2388,100.0,38.93,23.2715,37
90,118,-0.0007,0.0002,100.0,518.67,642.46,1592.9,1409.57,14.62,21.61,553.58,2388.12,9042.39,1.3,47.4,520.99,2388.14,8128.83,8.4669,0.03,394,2388,100.0,38.78,23.2855,36
90,119,-0.0008,-0.0002,100.0,518.67,642.75,1591.07,1406.44,14.62,21.61,552.8,2388.16,9046.09,1.3,47.67,521.41,2388.15,8127.93,8.4786,0.03,393,2388,100.0,38.83,23.2515,35
90,120,-0.0035,-0.0001,100.0,518.67,643.56,1591.64,1417.51,14.62,21.61,553.19,2388.13,9047.97,1.3,47.65,521.68,2388.18,8126.75,8.439,0.03,393,2388,100.0,38.86,23.3218,34
90,121,0.0056,0.0004,100.0,518.67,642.33,1593.26,1410.16,14.62,21.61,553.77,2388.16,9051.85,1.3,47.48,521.58,2388.17,8121.04,8.4522,0.03,394,2388,100.0,38.78,23.2137,33
90,122,0.0033,0.0004,100.0,518.67,642.57,1597.06,1411.62,14.62,21.61,553.14,2388.13,9053.83,1.3,47.54,521.5,2388.16,8132.55,8.4617,0.03,394,2388,100.0,38.65,23.3402,32
90,123,-0.0043,-0.0003,100.0,518.67,642.45,1592.91,1411.66,14.62,21.61,552.79,2388.11,9051.17,1.3,47.51,520.84,2388.12,8131.69,8.4221,0.03,393,2388,100.0,38.77,23.203,31
90,124,0.0025,0.0006,100.0,518.67,642.51,1593.37,1411.91,14.62,21.61,552.21,2388.13,9043.21,1.3,47.8,520.84,2388.13,8129.72,8.4538,0.03,393,2388,100.0,38.8,23.2979,30
90,125,0.0037,0.0005,100.0,518.67,642.93,1588.73,1411.49,14.62,21.61,552.48,2388.14,9048.11,1.3,47.66,521.23,2388.16,8129.92,8.4446,0.03,393,2388,100.0,38.76,23.1758,29
90,126,0.0006,0.0,100.0,518.67,643.28,1592.31,1410.46,14.62,21.61,552.61,2388.14,9044.67,1.3,47.65,521.41,2388.17,8125.22,8.4516,0.03,394,2388,100.0,38.85,23.1828,28
90,127,-0.001,0.0003,100.0,518.67,642.82,1589.29,1411.92,14.62,21.61,553.45,2388.16,9053.16,1.3,47.7,521.52,2388.14,8122.81,8.4608,0.03,395,2388,100.0,38.87,23.2754,27
90,128,-0.001,0.0001,100.0,518.67,643.28,1591.68,1410.35,14.62,21.61,552.6,2388.16,9049.49,1.3,47.72,520.4,2388.17,8125.37,8.4913,0.03,392,2388,100.0,38.68,23.2754,26
90,129,-0.0002,0.0006,100.0,518.67,642.78,1589.55,1414.24,14.62,21.61,552.07,2388.16,9044.15,1.3,47.78,520.56,2388.2,8124.69,8.5086,0.03,393,2388,100.0,38.89,23.3033,25
90,130,-0.0006,-0.0,100.0,518.67,643.3,1591.33,1415.28,14.62,21.61,552.59,2388.16,9045.56,1.3,47.89,521.13,2388.19,8122.64,8.4506,0.03,394,2388,100.0,38.7,23.1657,24
90,131,0.0003,0.0001,100.0,518.67,643.2,1592.49,1415.12,14.62,21.61,552.8,2388.19,9044.29,1.3,47.81,521.35,2388.16,8124.27,8.4329,0.03,395,2388,100.0,38.74,23.2359,23
90,132,0.0006,0.0004,100.0,518.67,642.98,1598.45,1408.18,14.62,21.61,553.0,2388.23,9047.8,1.3,47.75,520.44,2388.17,8127.13,8.4751,0.03,394,2388,100.0,38.55,23.1293,22
90,133,0.0002,0.0004,100.0,518.67,642.87,1599.03,1408.64,14.62,21.61,551.96,2388.2,9046.04,1.3,47.72,520.55,2388.14,8124.93,8.4902,0.03,394,2388,100.0,38.66,23.2031,21
90,134,-0.0008,0.0004,100.0,518.67,643.57,1596.94,1416.61,14.62,21.61,552.4,2388.2,9051.81,1.3,47.93,520.53,2388.19,8122.43,8.52,0.03,394,2388,100.0,38.62,23.1819,20
90,135,0.0024,0.0003,100.0,518.67,643.18,1596.82,1421.16,14.62,21.61,552.47,2388.18,9051.61,1.3,47.74,520.71,2388.15,8120.88,8.4828,0.03,394,2388,100.0,38.65,23.2876,19
90,136,0.0001,-0.0001,100.0,518.67,642.67,1593.41,1420.16,14.62,21.61,552.26,2388.21,9050.05,1.3,47.94,520.19,2388.17,8117.47,8.5022,0.03,394,2388,100.0,38.74,23.2477,18
90,137,0.0023,-0.0001,100.0,518.67,643.24,1598.25,1416.45,14.62,21.61,552.18,2388.2,9044.15,1.3,47.71,520.6,2388.24,8115.81,8.4928,0.03,395,2388,100.0,38.77,23.2155,17
90,138,-0.0001,0.0002,100.0,518.67,643.0,1594.14,1413.53,14.62,21.61,552.33,2388.23,9045.81,1.3,47.82,520.5,2388.15,8118.03,8.4638,0.03,393,2388,100.0,38.57,23.1419,16
90,139,0.0008,0.0001,100.0,518.67,643.37,1591.83,1422.74,14.62,21.61,552.2,2388.27,9044.32,1.3,47.96,520.45,2388.23,8121.7,8.474,0.03,394,2388,100.0,38.52,23.0225,15
90,140,-0.0031,-0.0004,100.0,518.67,642.9,1596.24,1416.95,14.62,21.61,552.91,2388.25,9045.94,1.3,47.89,520.55,2388.24,8115.52,8.4654,0.03,394,2388,100.0,38.61,23.0919,14
90,141,-0.0011,0.0005,100.0,518.67,643.79,1594.18,1417.43,14.62,21.61,551.64,2388.23,9042.52,1.3,48.05,520.67,2388.23,8120.13,8.479,0.03,394,2388,100.0,38.64,23.2223,13
90,142,-0.0027,0.0001,100.0,518.67,643.16,1601.23,1422.81,14.62,21.61,551.58,2388.22,9039.18,1.3,48.03,520.13,2388.29,8113.21,8.4693,0.03,395,2388,100.0,38.7,23.1361,12
90,143,0.0023,-0.0004,100.0,518.67,644.01,1597.86,1421.25,14.62,21.61,551.8,2388.23,9038.96,1.3,47.88,520.24,2388.26,8117.63,8.4907,0.03,395,2388,100.0,38.54,23.1976,11
90,144,0.0018,0.0004,100.0,518.67,643.35,1592.96,1413.4,14.62,21.61,552.22,2388.21,9039.33,1.3,47.93,520.2,2388.24,8121.79,8.4807,0.03,396,2388,100.0,38.75,23.1841,10
90,145,-0.0001,-0.0003,100.0,518.67,643.45,1598.26,1419.19,14.62,21.61,552.2,2388.21,9040.38,1.3,47.94,520.41,2388.28,8116.91,8.4987,0.03,396,2388,100.0,38.49,23.0567,9
90,146,-0.0012,0.0003,100.0,518.67,643.35,1601.97,1419.16,14.62,21.61,552.49,2388.25,9041.72,1.3,48.06,519.87,2388.2,8116.64,8.5034,0.03,395,2388,100.0,38.79,23.1561,8
90,147,0.0014,-0.0004,100.0,518.67,643.61,1599.66,1419.91,14.62,21.61,551.76,2388.32,9035.42,1.3,48.02,519.72,2388.23,8117.75,8.4767,0.03,396,2388,100.0,38.64,23.142,7
90,148,-0.0003,-0.0002,100.0,518.67,643.24,1595.13,1421.9,14.62,21.61,551.9,2388.23,9036.56,1.3,48.05,520.3,2388.26,8112.84,8.5025,0.03,394,2388,100.0,38.6,23.1667,6
90,149,0.0007,-0.0003,100.0,518.67,643.12,1596.89,1425.79,14.62,21.61,550.95,2388.26,9038.68,1.3,48.02,520.32,2388.29,8115.22,8.5015,0.03,395,2388,100.0,38.52,23.1019,5
90,150,0.003,-0.0001,100.0,518.67,643.6,1600.75,1420.57,14.62,21.61,551.07,2388.27,9037.76,1.3,48.11,519.95,2388.33,8104.46,8.4861,0.03,395,2388,100.0,38.36,23.1885,4
90,151,0.0019,0.0001,100.0,518.67,643.64,1594.85,1426.44,14.62,21.61,550.62,2388.24,9035.23,1.3,47.8,520.31,2388.29,8106.06,8.4937,0.03,397,2388,100.0,38.59,23.0981,3
90,152,-0.0005,0.0,100.0,518.67,644.0,1602.68,1422.35,14.62,21.61,551.75,2388.32,9033.32,1.3,48.09,519.35,2388.35,8113.55,8.5124,0.03,395,2388,100.0,38.4,23.0969,2
90,153,0.0023,0.0002,100.0,518.67,643.44,1609.33,1429.5,14.62,21.61,551.24,2388.3,9041.11,1.3,48.26,519.73,2388.36,8113.53,8.549,0.03,396,2388,100.0,38.32,22.9678,1
90,154,-0.001,-0.0002,100.0,518.67,643.6,1598.79,1434.02,14.62,21.61,550.77,2388.32,9032.34,1.3,48.4,519.31,2388.34,8110.86,8.5637,0.03,395,2388,100.0,38.44,23.0727,0
91,1,-0.0002,-0.0001,100.0,518.67,643.41,1587.82,1411.03,14.62,21.61,554.53,2388.08,9054.59,1.3,47.69,521.44,2388.11,8134.25,8.4351,0.03,393,2388,100.0,38.77,23.286,134
91,2,-0.0034,-0.0001,100.0,518.67,642.74,1584.56,1405.48,14.62,21.61,552.66,2388.15,9057.63,1.3,47.62,521.16,2388.09,8131.08,8.4032,0.03,393,2388,100.0,38.65,23.3206,133
91,3,0.0011,0.0001,100.0,518.67,642.61,1593.05,1409.55,14.62,21.61,553.16,2388.13,9059.8,1.3,47.49,521.41,2388.18,8134.12,8.4361,0.03,392,2388,100.0,39.04,23.2637,132
91,4,0.0011,0.0005,100.0,518.67,643.28,1594.84,1409.82,14.62,21.61,553.26,2388.12,9051.02,1.3,47.48,521.3,2388.11,8127.29,8.4591,0.03,393,2388,100.0,38.93,23.3402,131
91,5,-0.0035,-0.0003,100.0,518.67,643.03,1593.76,1406.69,14.62,21.61,553.24,2388.15,9053.33,1.3,47.49,521.45,2388.15,8132.13,8.4754,0.03,392,2388,100.0,39.02,23.3241,130
91,6,-0.0035,0.0004,100.0,518.67,642.93,1596.45,1411.41,14.62,21.61,553.08,2388.13,9059.51,1.3,47.54,521.01,2388.1,8130.9,8.4826,0.03,396,2388,100.0,38.76,23.2511,129
91,7,-0.0013,0.0,100.0,518.67,643.0,1598.93,1408.83,14.62,21.61,553.63,2388.18,9052.34,1.3,47.73,521.27,2388.06,8133.98,8.399,0.03,392,2388,100.0,38.73,23.1675,128
91,8,0.0021,0.0001,100.0,518.67,642.82,1581.73,1411.72,14.62,21.61,552.44,2388.11,9049.53,1.3,47.54,521.14,2388.13,8133.22,8.475,0.03,392,2388,100.0,38.79,23.1458,127
91,9,0.0026,0.0002,100.0,518.67,643.29,1591.98,1406.03,14.62,21.61,553.25,2388.15,9053.45,1.3,47.64,521.17,2388.09,8131.17,8.4435,0.03,393,2388,100.0,38.73,23.3196,126
91,10,-0.0022,-0.0002,100.0,518.67,642.76,1590.23,1414.98,14.62,21.61,553.24,2388.1,9048.85,1.3,47.48,520.9,2388.18,8135.05,8.4314,0.03,395,2388,100.0,38.87,23.3196,125
91,11,-0.0004,0.0002,100.0,518.67,643.02,1589.89,1411.35,14.62,21.61,553.03,2388.15,9051.03,1.3,47.73,520.28,2388.11,8129.25,8.4746,0.03,393,2388,100.0,38.74,23.3387,124
91,12,0.0,0.0002,100.0,518.67,642.8,1586.86,1406.29,14.62,21.61,553.24,2388.08,9052.73,1.3,47.45,520.99,2388.16,8132.36,8.4439,0.03,394,2388,100.0,38.93,23.2171,123
91,13,0.0011,0.0002,100.0,518.67,642.81,1592.2,1409.2,14.62,21.61,552.88,2388.15,9048.84,1.3,47.67,521.64,2388.1,8133.86,8.4425,0.03,394,2388,100.0,38.85,23.3127,122
91,14,-0.0022,-0.0003,100.0,518.67,642.83,1587.13,1407.79,14.62,21.61,553.61,2388.09,9066.17,1.3,47.68,521.56,2388.1,8137.89,8.4199,0.03,394,2388,100.0,38.75,23.3108,121
91,15,0.0002,0.0004,100.0,518.67,642.05,1585.14,1410.76,14.62,21.61,553.69,2388.16,9047.24,1.3,47.81,521.34,2388.1,8126.08,8.4091,0.03,393,2388,100.0,38.82,23.2275,120
91,16,0.001,-0.0004,100.0,518.67,642.18,1589.4,1409.89,14.62,21.61,553.05,2388.13,9062.06,1.3,47.75,521.4,2388.1,8140.18,8.4486,0.03,394,2388,100.0,38.8,23.262,119
91,17,0.0003,-0.0003,100.0,518.67,643.25,1587.21,1417.97,14.62,21.61,553.3,2388.13,9053.43,1.3,47.7,521.39,2388.11,8135.23,8.481,0.03,393,2388,100.0,38.79,23.2908,118
91,18,-0.0014,0.0001,100.0,518.67,642.81,1589.71,1407.15,14.62,21.61,553.72,2388.09,9055.03,1.3,47.57,521.14,2388.1,8135.65,8.4273,0.03,394,2388,100.0,38.72,23.2728,117
91,19,-0.0011,0.0005,100.0,518.67,642.96,1591.9,1411.79,14.62,21.61,553.59,2388.19,9049.94,1.3,47.64,521.15,2388.09,8130.84,8.4309,0.03,393,2388,100.0,38.73,23.2838,116
91,20,-0.001,-0.0001,100.0,518.67,642.74,1594.39,1404.18,14.62,21.61,552.95,2388.09,9056.65,1.3,47.59,520.85,2388.07,8135.67,8.4562,0.03,393,2388,100.0,38.8,23.3087,115
91,21,-0.003,-0.0001,100.0,518.67,642.41,1589.23,1410.08,14.62,21.61,552.99,2388.1,9056.26,1.3,47.57,521.05,2388.13,8134.35,8.4249,0.03,394,2388,100.0,38.75,23.2869,114
91,22,-0.0036,-0.0004,100.0,518.67,642.28,1597.86,1412.68,14.62,21.61,553.43,2388.19,9048.12,1.3,47.72,520.86,2388.11,8133.52,8.4357,0.03,394,2388,100.0,38.83,23.268,113
91,23,-0.0024,0.0002,100.0,518.67,643.04,1598.96,1401.96,14.62,21.61,552.27,2388.15,9056.99,1.3,47.58,521.54,2388.14,8140.33,8.4753,0.03,393,2388,100.0,38.89,23.279,112
91,24,0.0005,0.0003,100.0,518.67,643.32,1593.37,1418.55,14.62,21.61,552.56,2388.13,9059.5,1.3,47.57,521.17,2388.12,8136.42,8.4427,0.03,395,2388,100.0,38.81,23.3446,111
91,25,-0.0007,0.0001,100.0,518.67,642.8,1589.91,1415.18,14.62,21.61,553.17,2388.13,9054.01,1.3,47.47,521.58,2388.16,8135.13,8.4806,0.03,393,2388,100.0,38.7,23.2233,110
91,26,0.0004,-0.0001,100.0,518.67,642.27,1594.66,1411.07,14.62,21.61,552.57,2388.13,9059.95,1.3,47.69,521.21,2388.11,8133.55,8.5015,0.03,394,2388,100.0,38.92,23.2179,109
91,27,-0.0023,0.0001,100.0,518.67,643.01,1585.92,1409.74,14.62,21.61,552.75,2388.16,9054.77,1.3,47.57,521.63,2388.13,8133.62,8.4622,0.03,393,2388,100.0,38.72,23.2012,108
91,28,-0.0017,0.0004,100.0,518.67,642.17,1595.63,1408.2,14.62,21.61,553.07,2388.1,9054.88,1.3,47.62,521.17,2388.08,8129.48,8.4117,0.03,394,2388,100.0,38.92,23.3562,107
91,29,-0.004,-0.0002,100.0,518.67,642.81,1597.33,1416.34,14.62,21.61,552.73,2388.08,9052.51,1.3,47.65,521.18,2388.15,8136.33,8.42,0.03,393,2388,100.0,38.68,23.3409,106
91,30,-0.0014,-0.0001,100.0,518.67,642.77,1594.94,1411.04,14.62,21.61,552.63,2388.07,9044.73,1.3,47.76,521.35,2388.16,8132.32,8.4689,0.03,394,2388,100.0,39.0,23.3011,105
91,31,0.0003,-0.0003,100.0,518.67,643.14,1582.25,1411.22,14.62,21.61,553.08,2388.16,9056.38,1.3,47.64,521.13,2388.04,8134.37,8.4659,0.03,393,2388,100.0,38.99,23.2428,104
91,32,0.0014,-0.0003,100.0,518.67,642.68,1595.51,1415.85,14.62,21.61,552.39,2388.11,9051.55,1.3,47.63,521.32,2388.12,8129.68,8.4983,0.03,393,2388,100.0,38.64,23.3462,103
91,33,0.0059,0.0,100.0,518.67,642.98,1594.07,1412.48,14.62,21.61,553.11,2388.11,9054.22,1.3,47.66,521.19,2388.15,8137.0,8.4534,0.03,394,2388,100.0,38.49,23.2809,102
91,34,-0.001,0.0,100.0,518.67,642.85,1584.26,1407.43,14.62,21.61,552.9,2388.12,9053.41,1.3,47.64,520.74,2388.17,8132.31,8.466,0.03,394,2388,100.0,38.86,23.2882,101
91,35,0.0006,0.0006,100.0,518.67,642.87,1591.82,1411.63,14.62,21.61,552.67,2388.13,9053.01,1.3,47.69,521.35,2388.11,8133.62,8.4763,0.03,394,2388,100.0,38.74,23.225,100
91,36,-0.0016,0.0,100.0,518.67,642.64,1595.3,1409.01,14.62,21.61,553.49,2388.17,9050.42,1.3,47.53,521.69,2388.19,8129.35,8.4646,0.03,392,2388,100.0,38.63,23.3079,99
91,37,-0.0008,0.0004,100.0,518.67,642.45,1589.87,1411.27,14.62,21.61,552.36,2388.13,9054.34,1.3,47.61,521.31,2388.16,8133.51,8.4764,0.03,393,2388,100.0,38.68,23.2306,98
91,38,-0.0018,0.0005,100.0,518.67,642.42,1584.63,1416.45,14.62,21.61,552.82,2388.07,9050.58,1.3,47.75,521.77,2388.12,8135.5,8.4485,0.03,393,2388,100.0,38.89,23.2898,97
91,39,-0.0003,-0.0,100.0,518.67,642.64,1591.45,1415.49,14.62,21.61,553.77,2388.14,9050.17,1.3,47.78,521.16,2388.16,8132.3,8.4393,0.03,393,2388,100.0,38.68,23.2113,96
91,40,-0.0008,-0.0001,100.0,518.67,642.66,1588.14,1412.1,14.62,21.61,552.34,2388.1,9051.04,1.3,47.61,521.15,2388.11,8129.67,8.4725,0.03,393,2388,100.0,38.89,23.2626,95
91,41,0.0048,-0.0001,100.0,518.67,642.68,1585.25,1411.17,14.62,21.61,552.55,2388.09,9052.66,1.3,47.49,521.06,2388.11,8137.54,8.4214,0.03,394,2388,100.0,38.93,23.2229,94
91,42,0.0013,-0.0004,100.0,518.67,643.45,1598.44,1410.54,14.62,21.61,553.42,2388.09,9061.63,1.3,47.75,520.92,2388.17,8134.39,8.5081,0.03,393,2388,100.0,38.74,23.4344,93
91,43,-0.0043,0.0003,100.0,518.67,642.61,1593.71,1411.55,14.62,21.61,552.62,2388.11,9051.9,1.3,47.6,521.3,2388.17,8132.27,8.4885,0.03,394,2388,100.0,38.71,23.2403,92
91,44,-0.0029,0.0006,100.0,518.67,642.92,1588.1,1407.6,14.62,21.61,552.88,2388.16,9055.76,1.3,47.51,521.19,2388.18,8135.12,8.4703,0.03,394,2388,100.0,38.75,23.1009,91
91,45,0.0019,0.0004,100.0,518.67,643.07,1593.88,1409.09,14.62,21.61,553.11,2388.14,9049.33,1.3,47.77,521.12,2388.13,8135.23,8.4625,0.03,395,2388,100.0,38.74,23.2155,90
91,46,-0.0015,0.0,100.0,518.67,642.87,1590.17,1410.16,14.62,21.61,553.43,2388.12,9050.7,1.3,47.85,521.07,2388.11,8138.45,8.446,0.03,392,2388,100.0,38.78,23.311,89
91,47,-0.0026,0.0003,100.0,518.67,643.05,1592.53,1415.67,14.62,21.61,553.38,2388.12,9053.53,1.3,47.61,520.62,2388.12,8134.81,8.4477,0.03,393,2388,100.0,38.87,23.1781,88
91,48,-0.0028,0.0005,100.0,518.67,643.16,1591.87,1411.17,14.62,21.61,553.61,2388.12,9052.57,1.3,47.64,521.37,2388.11,8130.97,8.4663,0.03,393,2388,100.0,38.67,23.2761,87
91,49,-0.0009,-0.0004,100.0,518.67,642.37,1589.87,1416.56,14.62,21.61,552.67,2388.12,9057.42,1.3,47.72,521.77,2388.11,8135.86,8.4821,0.03,393,2388,100.0,38.78,23.1934,86
91,50,0.0003,0.0001,100.0,518.67,643.11,1582.51,1417.34,14.62,21.61,553.41,2388.1,9064.04,1.3,47.61,520.88,2388.1,8133.32,8.4802,0.03,394,2388,100.0,38.83,23.291,85
91,51,0.0003,-0.0003,100.0,518.67,643.14,1586.36,1415.3,14.62,21.61,552.98,2388.13,9053.75,1.3,47.41,521.2,2388.16,8133.07,8.4525,0.03,394,2388,100.0,38.71,23.3027,84
91,52,0.0048,-0.0001,100.0,518.67,642.77,1598.85,1409.98,14.62,21.61,553.01,2388.16,9055.38,1.3,47.6,521.11,2388.16,8132.17,8.4783,0.03,394,2388,100.0,38.53,23.1935,83
91,53,-0.0012,0.0001,100.0,518.67,642.83,1591.11,1416.16,14.62,21.61,552.41,2388.11,9058.15,1.3,47.6,520.95,2388.11,8131.21,8.4704,0.03,392,2388,100.0,38.73,23.2,82
91,54,0.0005,0.0003,100.0,518.67,643.1,1600.07,1413.31,14.62,21.61,552.24,2388.15,9056.23,1.3,47.72,521.47,2388.12,8135.31,8.455,0.03,393,2388,100.0,38.74,23.2717,81
91,55,-0.0005,0.0005,100.0,518.67,642.3,1599.84,1420.09,14.62,21.61,552.73,2388.15,9052.13,1.3,47.73,521.26,2388.12,8131.59,8.4578,0.03,392,2388,100.0,38.7,23.2474,80
91,56,0.0045,0.0003,100.0,518.67,642.78,1591.77,1416.55,14.62,21.61,553.21,2388.17,9061.99,1.3,47.71,520.8,2388.19,8127.42,8.4726,0.03,394,2388,100.0,38.61,23.2568,79
91,57,0.0006,0.0002,100.0,518.67,643.21,1590.01,1415.11,14.62,21.61,553.23,2388.1,9055.54,1.3,47.77,521.09,2388.15,8136.34,8.4328,0.03,394,2388,100.0,38.75,23.3479,78
91,58,0.0004,-0.0001,100.0,518.67,642.35,1598.28,1410.09,14.62,21.61,552.78,2388.12,9052.08,1.3,47.79,520.42,2388.09,8132.96,8.4554,0.03,393,2388,100.0,38.74,23.235,77
91,59,0.0023,-0.0003,100.0,518.67,643.22,1592.24,1417.65,14.62,21.61,552.99,2388.19,9060.1,1.3,47.84,520.67,2388.12,8132.28,8.4656,0.03,394,2388,100.0,38.81,23.2564,76
91,60,-0.0015,-0.0004,100.0,518.67,642.67,1589.47,1412.12,14.62,21.61,552.77,2388.15,9062.44,1.3,47.59,520.66,2388.14,8131.12,8.4563,0.03,393,2388,100.0,38.77,23.2335,75
91,61,-0.0034,0.0001,100.0,518.67,642.92,1599.01,1413.74,14.62,21.61,553.25,2388.14,9053.09,1.3,47.68,520.83,2388.13,8125.59,8.4651,0.03,394,2388,100.0,38.97,23.1953,74
91,62,-0.0019,-0.0001,100.0,518.67,643.09,1594.06,1411.01,14.62,21.61,553.35,2388.11,9055.17,1.3,47.61,521.25,2388.15,8130.94,8.4646,0.03,393,2388,100.0,38.66,23.3406,73
91,63,-0.0034,-0.0002,100.0,518.67,642.57,1600.27,1412.42,14.62,21.61,553.32,2388.15,9047.04,1.3,47.61,521.04,2388.2,8127.6,8.4474,0.03,394,2388,100.0,38.78,23.2541,72
91,64,0.0028,0.0,100.0,518.67,643.36,1594.07,1415.97,14.62,21.61,552.96,2388.17,9056.69,1.3,47.65,521.52,2388.15,8132.92,8.4659,0.03,393,2388,100.0,38.73,23.1934,71
91,65,-0.0017,0.0003,100.0,518.67,642.74,1590.27,1420.12,14.62,21.61,552.67,2388.16,9060.66,1.3,47.67,520.8,2388.2,8133.37,8.4475,0.03,394,2388,100.0,38.83,23.3457,70
91,66,-0.0016,0.0001,100.0,518.67,642.94,1591.49,1413.08,14.62,21.61,553.19,2388.17,9052.05,1.3,47.61,520.92,2388.17,8130.81,8.4437,0.03,395,2388,100.0,38.87,23.1632,69
91,67,0.0003,0.0003,100.0,518.67,642.95,1592.06,1418.3,14.62,21.61,552.15,2388.15,9054.44,1.3,47.69,521.0,2388.14,8135.39,8.4275,0.03,393,2388,100.0,38.8,23.2551,68
91,68,0.0014,0.0003,100.0,518.67,643.42,1590.43,1413.96,14.62,21.61,552.28,2388.15,9056.6,1.3,47.68,521.23,2388.18,8135.25,8.4562,0.03,393,2388,100.0,38.8,23.2834,67
91,69,0.0016,-0.0002,100.0,518.67,642.89,1587.61,1412.75,14.62,21.61,552.9,2388.12,9053.58,1.3,47.79,520.9,2388.13,8129.55,8.4491,0.03,394,2388,100.0,38.73,23.1435,66
91,70,0.005,0.0002,100.0,518.67,642.51,1586.98,1415.21,14.62,21.61,552.22,2388.19,9054.98,1.3,47.71,521.21,2388.17,8126.24,8.4511,0.03,394,2388,100.0,38.84,23.1641,65
91,71,-0.0009,-0.0002,100.0,518.67,642.78,1592.76,1412.34,14.62,21.61,552.53,2388.19,9059.23,1.3,47.89,521.16,2388.16,8127.32,8.4227,0.03,393,2388,100.0,38.58,23.2626,64
91,72,-0.002,0.0002,100.0,518.67,643.35,1594.34,1412.89,14.62,21.61,552.89,2388.15,9057.48,1.3,47.43,521.2,2388.14,8130.27,8.4537,0.03,395,2388,100.0,38.76,23.2917,63
91,73,-0.0024,0.0004,100.0,518.67,643.2,1601.27,1416.51,14.62,21.61,553.02,2388.12,9053.01,1.3,47.56,520.94,2388.17,8134.19,8.4536,0.03,395,2388,100.0,38.79,23.1809,62
91,74,-0.0038,0.0002,100.0,518.67,643.13,1587.65,1410.43,14.62,21.61,553.38,2388.14,9050.07,1.3,47.81,520.82,2388.18,8128.55,8.4679,0.03,393,2388,100.0,38.78,23.1929,61
91,75,-0.0017,-0.0001,100.0,518.67,643.05,1596.54,1419.39,14.62,21.61,552.04,2388.12,9051.0,1.3,47.71,520.44,2388.15,8130.07,8.4411,0.03,394,2388,100.0,38.78,23.1842,60
91,76,0.002,0.0005,100.0,518.67,643.12,1594.54,1411.68,14.62,21.61,552.25,2388.15,9052.88,1.3,47.62,520.65,2388.21,8136.48,8.4625,0.03,395,2388,100.0,38.85,23.2067,59
91,77,0.0013,-0.0,100.0,518.67,643.09,1597.57,1416.33,14.62,21.61,553.38,2388.22,9056.76,1.3,47.72,520.85,2388.16,8136.23,8.4435,0.03,395,2388,100.0,38.67,23.3237,58
91,78,0.0042,0.0,100.0,518.67,643.18,1594.09,1419.84,14.62,21.61,552.19,2388.13,9048.61,1.3,47.88,520.88,2388.22,8130.09,8.4615,0.03,394,2388,100.0,38.69,23.1995,57
91,79,-0.0048,0.0001,100.0,518.67,643.39,1593.69,1416.28,14.62,21.61,552.6,2388.14,9048.52,1.3,47.56,520.75,2388.18,8125.72,8.4818,0.03,393,2388,100.0,38.5,23.273,56
91,80,-0.0016,-0.0,100.0,518.67,642.73,1588.82,1414.96,14.62,21.61,552.35,2388.18,9056.12,1.3,47.7,520.71,2388.19,8127.33,8.4838,0.03,395,2388,100.0,38.74,23.2252,55
91,81,0.0027,0.0001,100.0,518.67,642.49,1594.2,1412.47,14.62,21.61,552.75,2388.15,9053.85,1.3,47.77,521.02,2388.12,8130.21,8.4818,0.03,394,2388,100.0,38.79,23.2453,54
91,82,-0.0046,0.0003,100.0,518.67,643.16,1592.77,1414.51,14.62,21.61,552.74,2388.21,9050.65,1.3,47.73,521.14,2388.17,8127.63,8.46,0.03,394,2388,100.0,38.54,23.2831,53
91,83,0.0022,0.0002,100.0,518.67,642.93,1596.31,1416.2,14.62,21.61,553.15,2388.11,9050.9,1.3,47.95,520.6,2388.18,8129.06,8.4416,0.03,394,2388,100.0,38.66,23.2865,52
91,84,0.0042,-0.0001,100.0,518.67,642.55,1596.61,1414.22,14.62,21.61,552.52,2388.18,9053.3,1.3,47.74,521.0,2388.17,8130.13,8.4859,0.03,394,2388,100.0,38.45,23.1409,51
91,85,0.0016,0.0001,100.0,518.67,643.33,1604.36,1421.05,14.62,21.61,552.77,2388.18,9051.69,1.3,47.55,520.41,2388.18,8130.34,8.5015,0.03,394,2388,100.0,38.56,23.2339,50
91,86,-0.0011,-0.0002,100.0,518.67,642.29,1596.16,1414.52,14.62,21.61,553.2,2388.16,9055.49,1.3,47.89,520.85,2388.21,8126.69,8.4644,0.03,395,2388,100.0,38.58,23.1913,49
91,87,0.0034,0.0002,100.0,518.67,643.61,1595.48,1417.57,14.62,21.61,553.04,2388.2,9050.07,1.3,47.85,520.96,2388.17,8132.38,8.4868,0.03,395,2388,100.0,38.77,23.249,48
91,88,0.0011,0.0004,100.0,518.67,643.0,1597.89,1419.12,14.62,21.61,552.63,2388.15,9052.22,1.3,47.86,520.85,2388.19,8123.57,8.487,0.03,395,2388,100.0,38.66,23.1541,47
91,89,-0.0001,-0.0001,100.0,518.67,643.31,1598.55,1417.24,14.62,21.61,553.11,2388.19,9052.6,1.3,47.88,520.86,2388.19,8128.26,8.4622,0.03,395,2388,100.0,38.8,23.2138,46
91,90,0.001,-0.0002,100.0,518.67,642.84,1591.35,1415.55,14.62,21.61,553.25,2388.21,9048.74,1.3,47.8,520.67,2388.16,8134.14,8.4358,0.03,394,2388,100.0,38.83,23.2659,45
91,91,-0.0024,-0.0001,100.0,518.67,643.3,1592.89,1420.89,14.62,21.61,553.2,2388.18,9051.18,1.3,47.54,520.65,2388.2,8129.87,8.474,0.03,392,2388,100.0,38.62,23.2614,44
91,92,0.0019,-0.0002,100.0,518.67,642.61,1598.82,1413.01,14.62,21.61,551.64,2388.24,9051.56,1.3,47.76,520.52,2388.17,8127.71,8.4523,0.03,395,2388,100.0,38.62,23.2173,43
91,93,0.0005,-0.0003,100.0,518.67,642.47,1603.53,1421.98,14.62,21.61,552.18,2388.2,9055.78,1.3,47.76,520.34,2388.21,8133.36,8.4786,0.03,394,2388,100.0,38.62,23.1897,42
91,94,-0.0007,0.0005,100.0,518.67,643.07,1594.6,1419.99,14.62,21.61,552.53,2388.2,9057.43,1.3,47.7,520.43,2388.19,8130.66,8.5009,0.03,394,2388,100.0,38.58,23.1388,41
91,95,0.0012,0.0004,100.0,518.67,643.44,1591.86,1421.47,14.62,21.61,552.58,2388.11,9049.89,1.3,47.91,520.71,2388.13,8132.65,8.4859,0.03,395,2388,100.0,38.68,23.1684,40
91,96,0.0014,0.0001,100.0,518.67,642.74,1594.8,1417.81,14.62,21.61,552.18,2388.2,9053.62,1.3,47.62,520.78,2388.18,8125.92,8.4863,0.03,394,2388,100.0,38.59,23.2171,39
91,97,-0.0024,-0.0004,100.0,518.67,643.35,1593.93,1414.77,14.62,21.61,552.53,2388.19,9049.73,1.3,47.73,520.65,2388.21,8133.38,8.4733,0.03,394,2388,100.0,38.66,23.1952,38
91,98,-0.0,-0.0001,100.0,518.67,643.28,1594.3,1417.63,14.62,21.61,552.56,2388.23,9062.29,1.3,47.74,521.24,2388.19,8132.48,8.4998,0.03,395,2388,100.0,38.53,23.3157,37
91,99,0.001,-0.0004,100.0,518.67,643.27,1593.78,1419.08,14.62,21.61,552.11,2388.19,9061.19,1.3,47.9,520.6,2388.21,8126.39,8.4945,0.03,394,2388,100.0,38.71,23.1203,36
91,100,0.0014,0.0,100.0,518.67,643.15,1599.1,1426.6,14.62,21.61,551.7,2388.15,9048.48,1.3,47.81,520.83,2388.22,8128.5,8.4524,0.03,395,2388,100.0,38.61,23.2193,35
91,101,-0.0031,-0.0004,100.0,518.67,643.1,1591.63,1430.17,14.62,21.61,552.43,2388.17,9059.02,1.3,47.85,520.62,2388.19,8130.88,8.4717,0.03,394,2388,100.0,38.76,23.2111,34
91,102,-0.0001,-0.0003,100.0,518.67,642.8,1591.51,1414.5,14.62,21.61,552.64,2388.21,9052.73,1.3,47.82,520.01,2388.2,8125.22,8.4788,0.03,394,2388,100.0,38.41,23.2435,33
91,103,0.0022,-0.0003,100.0,518.67,643.54,1595.52,1416.64,14.62,21.61,552.78,2388.17,9047.42,1.3,47.73,520.91,2388.22,8120.76,8.4557,0.03,396,2388,100.0,38.62,23.2234,32
91,104,0.0003,0.0006,100.0,518.67,643.09,1595.38,1415.48,14.62,21.61,551.77,2388.26,9054.68,1.3,47.81,520.62,2388.18,8130.18,8.5082,0.03,395,2388,100.0,38.61,23.1504,31
91,105,-0.0029,0.0004,100.0,518.67,643.63,1589.57,1421.02,14.62,21.61,552.09,2388.21,9047.8,1.3,47.89,520.96,2388.21,8133.12,8.4935,0.03,395,2388,100.0,38.56,23.2909,30
91,106,-0.0013,-0.0001,100.0,518.67,643.07,1598.4,1422.37,14.62,21.61,552.16,2388.19,9044.05,1.3,48.06,520.88,2388.17,8131.43,8.4862,0.03,394,2388,100.0,38.67,23.1846,29
91,107,0.0038,0.0003,100.0,518.67,643.34,1591.91,1422.7,14.62,21.61,552.72,2388.23,9049.04,1.3,47.91,520.66,2388.21,8127.07,8.4751,0.03,396,2388,100.0,38.7,23.2097,28
91,108,-0.0002,0.0001,100.0,518.67,642.79,1596.51,1422.55,14.62,21.61,552.22,2388.21,9043.42,1.3,47.82,520.53,2388.2,8129.79,8.4687,0.03,396,2388,100.0,38.57,23.1763,27
91,109,0.0002,-0.0002,100.0,518.67,643.34,1608.82,1426.58,14.62,21.61,552.11,2388.2,9050.59,1.3,47.88,520.67,2388.22,8125.03,8.5344,0.03,396,2388,100.0,38.72,23.1979,26
91,110,-0.0023,0.0003,100.0,518.67,643.2,1594.73,1417.25,14.62,21.61,552.4,2388.19,9048.06,1.3,48.09,520.88,2388.18,8126.09,8.4785,0.03,396,2388,100.0,38.64,23.2487,25
91,111,0.0042,0.0006,100.0,518.67,642.93,1601.69,1420.46,14.62,21.61,552.44,2388.23,9053.36,1.3,48.12,520.08,2388.18,8126.13,8.4858,0.03,395,2388,100.0,38.54,23.1158,24
91,112,-0.0048,-0.0,100.0,518.67,643.12,1597.42,1424.38,14.62,21.61,552.43,2388.24,9052.59,1.3,48.06,520.25,2388.21,8125.08,8.483,0.03,395,2388,100.0,38.62,23.1861,23
91,113,-0.0017,0.0006,100.0,518.67,643.73,1599.3,1429.21,14.62,21.61,552.18,2388.23,9050.38,1.3,47.94,520.08,2388.22,8123.2,8.4953,0.03,395,2388,100.0,38.65,23.1574,22
91,114,0.0007,-0.0001,100.0,518.67,643.64,1602.79,1427.84,14.62,21.61,552.34,2388.28,9049.92,1.3,47.93,520.32,2388.2,8127.36,8.4927,0.03,394,2388,100.0,38.63,23.1449,21
91,115,0.0005,-0.0002,100.0,518.67,643.18,1595.55,1411.61,14.62,21.61,552.32,2388.22,9049.35,1.3,47.76,520.22,2388.21,8124.42,8.4754,0.03,396,2388,100.0,38.52,23.0841,20
91,116,-0.0002,0.0004,100.0,518.67,643.39,1592.38,1423.9,14.62,21.61,551.9,2388.21,9046.36,1.3,48.08,520.11,2388.19,8127.9,8.4853,0.03,395,2388,100.0,38.57,23.1606,19
91,117,-0.0006,0.0001,100.0,518.67,642.97,1591.23,1412.51,14.62,21.61,552.36,2388.17,9056.27,1.3,48.02,520.08,2388.22,8126.09,8.5093,0.03,396,2388,100.0,38.61,23.2132,18
91,118,0.0036,-0.0004,100.0,518.67,644.11,1597.95,1420.95,14.62,21.61,551.87,2388.23,9051.86,1.3,47.93,520.08,2388.22,8127.17,8.5124,0.03,394,2388,100.0,38.85,23.0815,17
91,119,0.0035,-0.0002,100.0,518.67,643.88,1602.48,1423.44,14.62,21.61,551.95,2388.22,9051.96,1.3,48.06,520.02,2388.24,8118.98,8.4977,0.03,396,2388,100.0,38.46,23.1695,16
91,120,0.0001,0.0005,100.0,518.67,643.05,1596.25,1428.11,14.62,21.61,552.11,2388.21,9043.51,1.3,47.97,520.34,2388.22,8127.59,8.4997,0.03,394,2388,100.0,38.49,23.1574,15
91,121,-0.0029,0.0002,100.0,518.67,643.76,1601.18,1428.75,14.62,21.61,551.92,2388.2,9049.7,1.3,47.99,520.02,2388.25,8125.93,8.4902,0.03,394,2388,100.0,38.44,23.1475,14
91,122,-0.002,0.0002,100.0,518.67,643.61,1596.68,1422.19,14.62,21.61,552.14,2388.26,9045.06,1.3,48.2,520.06,2388.29,8123.45,8.4916,0.03,395,2388,100.0,38.59,23.1325,13
91,123,-0.0026,-0.0003,100.0,518.67,643.8,1601.83,1420.64,14.62,21.61,552.01,2388.21,9047.07,1.3,47.99,520.0,2388.25,8121.59,8.5159,0.03,394,2388,100.0,38.42,23.0859,12
91,124,0.0019,-0.0002,100.0,518.67,643.38,1602.86,1429.54,14.62,21.61,551.24,2388.29,9046.5,1.3,48.02,519.69,2388.25,8121.79,8.5001,0.03,395,2388,100.0,38.56,23.1497,11
91,125,0.0035,0.0004,100.0,518.67,643.49,1605.14,1428.12,14.62,21.61,551.89,2388.26,9046.49,1.3,48.08,520.23,2388.26,8122.34,8.49,0.03,395,2388,100.0,38.57,23.19,10
91,126,-0.0002,0.0,100.0,518.67,643.63,1602.65,1428.66,14.62,21.61,552.02,2388.3,9041.59,1.3,48.16,519.31,2388.28,8117.73,8.5671,0.03,395,2388,100.0,38.54,23.0733,9
91,127,-0.0037,0.0,100.0,518.67,643.56,1601.57,1430.48,14.62,21.61,551.63,2388.24,9043.45,1.3,48.27,519.55,2388.28,8124.02,8.5014,0.03,397,2388,100.0,38.38,23.1853,8
91,128,-0.0011,0.0,100.0,518.67,643.7,1599.36,1427.58,14.62,21.61,551.05,2388.26,9053.09,1.3,48.21,519.74,2388.25,8120.06,8.5026,0.03,396,2388,100.0,38.48,23.0415,7
91,129,0.0025,0.0003,100.0,518.67,643.49,1600.3,1427.05,14.62,21.61,551.57,2388.3,9047.56,1.3,48.01,519.66,2388.29,8117.39,8.5203,0.03,397,2388,100.0,38.36,23.1987,6
91,130,-0.0021,0.0003,100.0,518.67,643.42,1598.99,1420.74,14.62,21.61,551.17,2388.31,9052.03,1.3,48.17,519.8,2388.26,8122.93,8.5133,0.03,395,2388,100.0,38.58,23.0905,5
91,131,-0.001,-0.0,100.0,518.67,642.98,1600.49,1427.11,14.62,21.61,552.08,2388.26,9045.2,1.3,48.24,519.76,2388.28,8119.61,8.5282,0.03,395,2388,100.0,38.38,23.1238,4
91,132,-0.0025,-0.0003,100.0,518.67,643.91,1596.94,1428.41,14.62,21.61,550.52,2388.3,9041.93,1.3,48.02,519.76,2388.3,8120.68,8.5323,0.03,397,2388,100.0,38.53,23.0055,3
91,133,0.0012,-0.0001,100.0,518.67,644.22,1602.83,1426.55,14.62,21.61,550.6,2388.29,9049.93,1.3,48.07,519.35,2388.26,8120.11,8.5183,0.03,396,2388,100.0,38.38,23.0042,2
91,134,0.0004,0.0006,100.0,518.67,643.7,1606.4,1430.92,14.62,21.61,551.13,2388.27,9052.04,1.3,48.2,519.43,2388.33,8119.01,8.5215,0.03,396,2388,100.0,38.25,23.0107,1
91,135,0.0016,-0.0001,100.0,518.67,644.04,1607.23,1432.29,14.62,21.61,550.69,2388.27,9047.27,1.3,48.31,519.06,2388.26,8115.44,8.5228,0.03,396,2388,100.0,38.53,23.0902,0
92,1,-0.0065,-0.0003,100.0,518.67,642.22,1591.86,1401.89,14.62,21.61,553.48,2388.1,9057.74,1.3,47.44,521.81,2388.09,8136.55,8.3948,0.03,392,2388,100.0,38.87,23.4047,340
92,2,0.0005,-0.0001,100.0,518.67,642.47,1574.26,1394.91,14.62,21.61,553.95,2388.01,9052.5,1.3,47.35,521.46,2388.08,8135.54,8.3753,0.03,393,2388,100.0,38.86,23.3022,339
92,3,0.0002,-0.0001,100.0,518.67,642.59,1587.48,1408.34,14.62,21.61,554.54,2388.02,9054.54,1.3,47.3,522.72,2388.03,8137.39,8.3695,0.03,393,2388,100.0,38.75,23.3307,338
92,4,0.0,-0.0001,100.0,518.67,642.46,1579.68,1406.09,14.62,21.61,554.19,2388.05,9052.43,1.3,47.46,521.8,2388.05,8135.96,8.4237,0.03,392,2388,100.0,38.88,23.4558,337
92,5,0.002,0.0002,100.0,518.67,641.86,1583.83,1406.2,14.62,21.61,554.65,2388.05,9057.69,1.3,47.5,522.47,2388.02,8138.76,8.4283,0.03,391,2388,100.0,38.91,23.2863,336
92,6,0.0016,0.0001,100.0,518.67,642.41,1586.57,1410.85,14.62,21.61,554.01,2388.02,9055.37,1.3,47.32,521.83,2388.02,8132.81,8.3991,0.03,394,2388,100.0,38.98,23.4858,335
92,7,0.001,-0.0004,100.0,518.67,642.53,1586.81,1402.28,14.62,21.61,554.69,2387.99,9054.37,1.3,47.39,521.46,2388.0,8132.69,8.4068,0.03,393,2388,100.0,38.86,23.3233,334
92,8,-0.0029,0.0,100.0,518.67,642.47,1589.95,1399.74,14.62,21.61,554.52,2388.07,9056.13,1.3,47.31,522.43,2388.07,8136.02,8.4451,0.03,392,2388,100.0,38.95,23.3773,333
92,9,-0.0047,0.0001,100.0,518.67,642.56,1587.89,1401.61,14.62,21.61,554.09,2388.02,9059.93,1.3,47.23,522.2,2388.03,8141.35,8.4149,0.03,392,2388,100.0,39.05,23.4278,332
92,10,0.0007,0.0004,100.0,518.67,642.01,1583.57,1405.64,14.62,21.61,554.55,2388.12,9049.06,1.3,47.16,522.06,2388.05,8139.29,8.4174,0.03,392,2388,100.0,38.91,23.4279,331
92,11,-0.002,-0.0001,100.0,518.67,642.29,1588.19,1401.86,14.62,21.61,553.73,2388.02,9057.85,1.3,47.24,521.91,2388.05,8137.74,8.4027,0.03,391,2388,100.0,39.03,23.357,330
92,12,-0.0027,-0.0003,100.0,518.67,642.17,1582.46,1403.46,14.62,21.61,553.86,2388.03,9059.18,1.3,47.41,522.27,2388.08,8139.02,8.4135,0.03,391,2388,100.0,39.01,23.2859,329
92,13,-0.0018,0.0004,100.0,518.67,641.98,1586.12,1401.89,14.62,21.61,553.47,2388.02,9058.62,1.3,47.45,521.75,2388.04,8138.59,8.4141,0.03,391,2388,100.0,39.0,23.3892,328
92,14,-0.0008,0.0,100.0,518.67,641.88,1583.3,1404.06,14.62,21.61,554.48,2388.09,9058.8,1.3,47.36,522.04,2388.02,8134.96,8.4563,0.03,392,2388,100.0,39.07,23.4336,327
92,15,-0.0015,-0.0002,100.0,518.67,642.53,1583.04,1406.82,14.62,21.61,554.67,2388.13,9049.89,1.3,47.41,522.2,2388.03,8139.18,8.4059,0.03,393,2388,100.0,38.95,23.4128,326
92,16,-0.0009,0.0004,100.0,518.67,642.62,1581.02,1404.36,14.62,21.61,554.46,2388.02,9051.78,1.3,47.26,522.05,2388.03,8132.58,8.4214,0.03,392,2388,100.0,38.92,23.2979,325
92,17,-0.0007,0.0003,100.0,518.67,642.26,1583.97,1402.97,14.62,21.61,554.32,2388.03,9051.95,1.3,47.18,521.74,2388.06,8139.26,8.4102,0.03,392,2388,100.0,39.02,23.3179,324
92,18,0.0014,0.0001,100.0,518.67,642.24,1587.47,1404.64,14.62,21.61,553.47,2388.04,9047.66,1.3,47.31,522.37,2388.02,8139.54,8.4357,0.03,391,2388,100.0,38.84,23.3386,323
92,19,0.001,-0.0003,100.0,518.67,642.55,1581.12,1396.34,14.62,21.61,554.59,2388.09,9053.33,1.3,47.29,522.33,2388.1,8133.07,8.3907,0.03,391,2388,100.0,39.0,23.3678,322
92,20,0.0035,0.0002,100.0,518.67,641.83,1587.57,1406.74,14.62,21.61,553.98,2388.06,9051.59,1.3,47.3,522.28,2388.07,8141.9,8.4245,0.03,390,2388,100.0,39.04,23.4178,321
92,21,0.0029,-0.0,100.0,518.67,642.75,1591.17,1402.92,14.62,21.61,554.35,2387.98,9048.04,1.3,47.44,521.62,2388.03,8137.01,8.4352,0.03,392,2388,100.0,39.02,23.3464,320
92,22,0.0027,-0.0002,100.0,518.67,642.19,1593.1,1399.67,14.62,21.61,553.28,2388.07,9054.72,1.3,47.23,521.95,2388.12,8132.3,8.393,0.03,392,2388,100.0,38.81,23.2988,319
92,23,-0.0011,0.0003,100.0,518.67,642.38,1585.85,1403.87,14.62,21.61,553.75,2388.07,9055.89,1.3,47.35,521.51,2388.03,8137.73,8.4139,0.03,391,2388,100.0,38.88,23.4195,318
92,24,0.0009,-0.0001,100.0,518.67,642.28,1594.5,1401.45,14.62,21.61,553.81,2388.06,9049.57,1.3,47.31,522.03,2388.05,8136.14,8.4117,0.03,392,2388,100.0,39.02,23.4684,317
92,25,0.0014,0.0004,100.0,518.67,642.1,1588.83,1405.56,14.62,21.61,554.15,2388.08,9055.63,1.3,47.4,521.93,2388.09,8136.66,8.408,0.03,392,2388,100.0,38.89,23.4189,316
92,26,-0.0002,-0.0001,100.0,518.67,642.37,1583.53,1409.94,14.62,21.61,554.18,2388.08,9055.47,1.3,46.99,522.37,2388.07,8139.05,8.3621,0.03,393,2388,100.0,38.92,23.3657,315
92,27,-0.0016,-0.0002,100.0,518.67,642.39,1578.47,1409.17,14.62,21.61,553.99,2388.05,9057.92,1.3,47.34,522.17,2388.11,8131.38,8.4346,0.03,390,2388,100.0,38.88,23.3295,314
92,28,-0.0012,0.0001,100.0,518.67,642.39,1589.61,1406.98,14.62,21.61,554.7,2388.04,9049.96,1.3,47.45,521.85,2388.09,8132.54,8.3962,0.03,392,2388,100.0,38.66,23.4373,313
92,29,0.0001,-0.0003,100.0,518.67,642.46,1587.3,1398.55,14.62,21.61,554.36,2388.07,9049.14,1.3,47.24,522.3,2388.03,8137.51,8.4046,0.03,390,2388,100.0,39.13,23.4096,312
92,30,-0.0005,0.0,100.0,518.67,642.24,1585.87,1400.49,14.62,21.61,553.76,2388.06,9059.54,1.3,47.36,522.18,2388.07,8137.18,8.3755,0.03,394,2388,100.0,39.12,23.4305,311
92,31,0.0022,-0.0002,100.0,518.67,642.15,1590.49,1401.56,14.62,21.61,553.52,2388.05,9055.97,1.3,47.38,521.51,2388.1,8135.67,8.4032,0.03,391,2388,100.0,39.04,23.3824,310
92,32,-0.0024,0.0005,100.0,518.67,642.4,1593.82,1400.43,14.62,21.61,554.18,2388.05,9056.9,1.3,47.35,522.24,2388.02,8135.78,8.3967,0.03,395,2388,100.0,38.95,23.2434,309
92,33,-0.0023,0.0001,100.0,518.67,642.03,1575.52,1405.36,14.62,21.61,553.67,2388.07,9053.77,1.3,47.37,522.2,2388.0,8135.9,8.4298,0.03,392,2388,100.0,38.82,23.4074,308
92,34,-0.0027,0.0004,100.0,518.67,641.86,1587.08,1404.28,14.62,21.61,554.39,2388.05,9062.59,1.3,47.35,522.11,2388.04,8132.62,8.4067,0.03,392,2388,100.0,39.04,23.3163,307
92,35,0.0025,0.0001,100.0,518.67,642.3,1583.79,1404.96,14.62,21.61,553.55,2388.1,9055.07,1.3,47.06,521.79,2388.01,8134.38,8.4097,0.03,391,2388,100.0,38.86,23.3444,306
92,36,-0.0003,0.0004,100.0,518.67,642.22,1588.96,1398.75,14.62,21.61,554.43,2388.02,9054.76,1.3,47.47,521.97,2388.04,8139.97,8.4258,0.03,393,2388,100.0,39.0,23.4078,305
92,37,-0.0003,-0.0003,100.0,518.67,642.44,1592.49,1406.02,14.62,21.61,554.41,2388.1,9053.59,1.3,47.35,522.08,2388.07,8136.78,8.4267,0.03,391,2388,100.0,38.8,23.3089,304
92,38,0.0002,0.0005,100.0,518.67,642.26,1585.66,1403.44,14.62,21.61,553.68,2388.06,9049.55,1.3,47.41,522.04,2388.08,8137.15,8.4209,0.03,393,2388,100.0,38.92,23.3347,303
92,39,-0.0017,0.0006,100.0,518.67,642.58,1584.65,1405.68,14.62,21.61,553.86,2388.04,9051.49,1.3,47.46,521.94,2388.07,8135.98,8.4379,0.03,392,2388,100.0,39.0,23.407,302
92,40,0.002,0.0002,100.0,518.67,642.57,1587.86,1407.95,14.62,21.61,553.81,2388.08,9049.61,1.3,47.36,521.98,2388.05,8135.3,8.4058,0.03,392,2388,100.0,38.95,23.4313,301
92,41,0.0029,-0.0001,100.0,518.67,642.18,1579.04,1400.26,14.62,21.61,553.11,2388.04,9055.54,1.3,47.15,522.48,2388.06,8132.62,8.4038,0.03,393,2388,100.0,38.96,23.3017,300
92,42,0.0014,0.0005,100.0,518.67,642.99,1589.37,1396.71,14.62,21.61,553.47,2388.07,9053.85,1.3,47.42,522.17,2388.06,8130.79,8.4162,0.03,393,2388,100.0,38.92,23.4293,299
92,43,0.0027,-0.0003,100.0,518.67,642.65,1589.07,1408.18,14.62,21.61,554.16,2388.04,9053.58,1.3,47.26,521.67,2388.08,8131.47,8.4391,0.03,394,2388,100.0,38.93,23.447,298
92,44,-0.0027,-0.0002,100.0,518.67,642.4,1583.66,1401.7,14.62,21.61,553.99,2388.16,9054.16,1.3,47.19,522.23,2388.02,8135.36,8.4193,0.03,392,2388,100.0,38.8,23.3891,297
92,45,-0.0006,0.0004,100.0,518.67,641.89,1582.95,1405.86,14.62,21.61,553.73,2388.08,9058.77,1.3,47.37,523.0,2388.07,8138.68,8.3974,0.03,393,2388,100.0,38.84,23.4192,296
92,46,0.0027,-0.0001,100.0,518.67,642.6,1580.43,1399.62,14.62,21.61,553.53,2388.07,9055.19,1.3,47.5,522.07,2388.09,8138.18,8.4035,0.03,391,2388,100.0,38.99,23.387,295
92,47,0.0025,0.0004,100.0,518.67,642.61,1586.89,1405.3,14.62,21.61,553.81,2388.09,9051.35,1.3,47.36,521.78,2388.11,8135.48,8.4298,0.03,392,2388,100.0,38.97,23.3957,294
92,48,0.0002,-0.0004,100.0,518.67,642.04,1583.9,1409.98,14.62,21.61,554.6,2388.09,9058.41,1.3,47.21,522.03,2388.04,8134.91,8.4085,0.03,392,2388,100.0,38.81,23.2036,293
92,49,0.0022,0.0005,100.0,518.67,642.06,1588.85,1406.93,14.62,21.61,553.98,2388.01,9057.85,1.3,47.48,522.2,2388.09,8138.3,8.4058,0.03,392,2388,100.0,38.92,23.381,292
92,50,-0.0036,-0.0003,100.0,518.67,642.64,1582.99,1398.75,14.62,21.61,554.65,2388.09,9050.1,1.3,47.39,521.95,2388.09,8143.99,8.3974,0.03,393,2388,100.0,39.09,23.3867,291
92,51,0.0054,0.0002,100.0,518.67,642.08,1592.05,1402.54,14.62,21.61,554.01,2388.13,9053.92,1.3,47.35,521.32,2388.08,8133.09,8.4238,0.03,392,2388,100.0,38.87,23.2955,290
92,52,0.005,0.0005,100.0,518.67,642.18,1581.25,1396.02,14.62,21.61,553.07,2388.07,9054.43,1.3,47.37,521.8,2388.1,8137.41,8.4181,0.03,392,2388,100.0,38.84,23.306,289
92,53,-0.0026,0.0001,100.0,518.67,642.89,1580.12,1402.29,14.62,21.61,554.03,2388.03,9064.13,1.3,47.49,521.99,2388.0,8139.97,8.4115,0.03,393,2388,100.0,38.81,23.212,288
92,54,0.002,0.0003,100.0,518.67,642.84,1579.56,1403.6,14.62,21.61,553.76,2388.05,9050.21,1.3,47.26,521.65,2388.03,8135.67,8.413,0.03,393,2388,100.0,39.02,23.4938,287
92,55,-0.0003,0.0005,100.0,518.67,642.66,1582.76,1403.66,14.62,21.61,553.89,2388.06,9049.52,1.3,47.28,522.13,2388.01,8134.95,8.4207,0.03,392,2388,100.0,38.94,23.3001,286
92,56,-0.0031,0.0004,100.0,518.67,642.85,1588.71,1399.05,14.62,21.61,554.57,2388.08,9058.88,1.3,47.37,521.86,2388.04,8137.26,8.3989,0.03,390,2388,100.0,39.09,23.3552,285
92,57,-0.0018,0.0002,100.0,518.67,642.03,1579.35,1402.84,14.62,21.61,553.21,2388.07,9059.75,1.3,47.38,521.88,2388.12,8131.83,8.4033,0.03,393,2388,100.0,38.95,23.4467,284
92,58,0.0005,-0.0004,100.0,518.67,642.08,1587.71,1401.77,14.62,21.61,554.3,2388.06,9050.38,1.3,47.33,522.22,2388.05,8142.48,8.3951,0.03,392,2388,100.0,38.85,23.3011,283
92,59,-0.0081,0.0004,100.0,518.67,642.72,1584.59,1403.56,14.62,21.61,554.27,2388.07,9059.23,1.3,47.54,521.56,2388.09,8138.02,8.4044,0.03,392,2388,100.0,38.77,23.2625,282
92,60,-0.0034,0.0004,100.0,518.67,641.96,1589.3,1403.47,14.62,21.61,554.25,2388.07,9053.2,1.3,47.42,521.2,2388.04,8131.35,8.3931,0.03,391,2388,100.0,38.82,23.3751,281
92,61,-0.0021,-0.0001,100.0,518.67,642.64,1584.43,1400.86,14.62,21.61,553.48,2388.09,9057.55,1.3,47.23,522.25,2388.08,8143.92,8.4528,0.03,392,2388,100.0,38.92,23.3088,280
92,62,0.002,0.0003,100.0,518.67,642.22,1585.2,1399.36,14.62,21.61,554.32,2388.05,9058.23,1.3,47.24,521.97,2388.01,8138.89,8.4263,0.03,393,2388,100.0,38.77,23.3701,279
92,63,-0.0009,0.0005,100.0,518.67,642.12,1586.63,1401.87,14.62,21.61,553.52,2388.03,9056.08,1.3,47.2,521.91,2388.07,8137.77,8.407,0.03,391,2388,100.0,39.0,23.2848,278
92,64,-0.0019,0.0004,100.0,518.67,642.31,1588.9,1408.18,14.62,21.61,554.01,2388.03,9053.15,1.3,47.48,521.91,2388.06,8137.0,8.4055,0.03,391,2388,100.0,38.85,23.3307,277
92,65,-0.0019,0.0004,100.0,518.67,642.67,1593.98,1395.89,14.62,21.61,554.57,2388.03,9049.29,1.3,47.49,521.85,2388.05,8135.35,8.4265,0.03,392,2388,100.0,38.93,23.342,276
92,66,-0.0038,0.0004,100.0,518.67,642.36,1590.6,1404.1,14.62,21.61,553.92,2388.07,9056.12,1.3,47.16,521.87,2388.02,8134.31,8.4116,0.03,392,2388,100.0,38.96,23.2726,275
92,67,-0.0011,-0.0,100.0,518.67,642.64,1586.0,1402.49,14.62,21.61,554.57,2388.09,9057.15,1.3,47.36,522.33,2388.08,8139.02,8.4431,0.03,393,2388,100.0,38.95,23.5021,274
92,68,0.0015,0.0001,100.0,518.67,642.26,1583.46,1399.45,14.62,21.61,553.96,2388.04,9056.37,1.3,47.2,521.75,2388.07,8136.79,8.427,0.03,390,2388,100.0,39.07,23.3185,273
92,69,0.0016,0.0002,100.0,518.67,642.48,1580.12,1396.33,14.62,21.61,553.87,2388.11,9057.18,1.3,47.36,522.21,2388.05,8137.49,8.4605,0.03,393,2388,100.0,39.01,23.4044,272
92,70,0.0024,0.0004,100.0,518.67,642.8,1593.82,1398.82,14.62,21.61,553.6,2388.03,9050.86,1.3,47.24,522.28,2388.07,8146.14,8.4054,0.03,391,2388,100.0,38.92,23.3203,271
92,71,0.0003,0.0001,100.0,518.67,642.41,1579.73,1406.31,14.62,21.61,553.7,2388.05,9057.23,1.3,47.28,521.96,2388.05,8136.0,8.4169,0.03,392,2388,100.0,38.98,23.3491,270
92,72,-0.0001,0.0005,100.0,518.67,642.67,1587.8,1399.5,14.62,21.61,554.34,2388.05,9049.63,1.3,47.39,521.64,2388.05,8133.52,8.3925,0.03,392,2388,100.0,39.01,23.3373,269
92,73,0.0038,0.0001,100.0,518.67,642.0,1586.93,1408.25,14.62,21.61,554.58,2388.07,9055.69,1.3,47.53,521.85,2388.05,8135.35,8.4128,0.03,394,2388,100.0,38.83,23.4417,268
92,74,-0.0017,0.0004,100.0,518.67,642.66,1577.89,1403.31,14.62,21.61,553.68,2388.08,9057.11,1.3,47.34,522.15,2388.13,8142.46,8.3784,0.03,393,2388,100.0,38.89,23.4006,267
92,75,-0.0026,-0.0004,100.0,518.67,642.19,1585.31,1400.12,14.62,21.61,554.53,2388.03,9055.06,1.3,47.21,521.97,2387.98,8139.44,8.3833,0.03,393,2388,100.0,38.93,23.4145,266
92,76,0.0035,0.0005,100.0,518.67,642.35,1592.59,1407.18,14.62,21.61,553.26,2388.06,9055.12,1.3,47.29,522.05,2388.04,8136.58,8.4272,0.03,391,2388,100.0,39.04,23.4256,265
92,77,-0.0007,-0.0002,100.0,518.67,641.97,1585.48,1407.09,14.62,21.61,554.3,2388.03,9062.87,1.3,47.25,521.69,2388.09,8133.85,8.4205,0.03,394,2388,100.0,38.96,23.353,264
92,78,-0.0011,-0.0002,100.0,518.67,642.58,1583.33,1394.65,14.62,21.61,554.07,2388.04,9054.79,1.3,47.38,522.4,2388.05,8141.76,8.401,0.03,392,2388,100.0,38.94,23.3582,263
92,79,0.0023,-0.0004,100.0,518.67,642.71,1584.84,1398.13,14.62,21.61,553.61,2388.09,9060.37,1.3,47.3,522.36,2388.01,8136.59,8.4521,0.03,393,2388,100.0,38.75,23.2607,262
92,80,0.0009,0.0005,100.0,518.67,642.12,1592.92,1409.29,14.62,21.61,554.17,2388.02,9058.89,1.3,47.34,522.03,2388.03,8140.23,8.4061,0.03,391,2388,100.0,38.92,23.3131,261
92,81,-0.0009,0.0003,100.0,518.67,641.99,1592.38,1397.46,14.62,21.61,554.02,2388.07,9049.98,1.3,47.43,522.57,2388.08,8140.9,8.446,0.03,391,2388,100.0,38.99,23.3495,260
92,82,0.0004,0.0004,100.0,518.67,642.2,1582.61,1409.01,14.62,21.61,554.52,2388.03,9057.42,1.3,47.21,521.94,2388.07,8133.74,8.3946,0.03,392,2388,100.0,38.93,23.405,259
92,83,-0.0001,0.0005,100.0,518.67,642.1,1590.5,1403.3,14.62,21.61,554.23,2388.0,9056.41,1.3,47.55,521.8,2388.08,8142.27,8.3709,0.03,392,2388,100.0,38.73,23.3795,258
92,84,0.0011,-0.0001,100.0,518.67,642.41,1589.13,1399.42,14.62,21.61,554.72,2388.05,9045.77,1.3,47.45,521.7,2388.06,8139.31,8.4461,0.03,393,2388,100.0,38.85,23.3692,257
92,85,-0.0054,-0.0003,100.0,518.67,642.76,1586.64,1403.75,14.62,21.61,553.62,2388.05,9058.77,1.3,47.45,522.23,2388.04,8125.32,8.3713,0.03,392,2388,100.0,38.95,23.3127,256
92,86,0.0015,0.0005,100.0,518.67,642.53,1585.07,1402.98,14.62,21.61,553.6,2388.02,9052.2,1.3,47.32,521.88,2388.09,8136.64,8.4091,0.03,392,2388,100.0,38.9,23.4116,255
92,87,-0.0001,0.0001,100.0,518.67,642.49,1580.65,1401.81,14.62,21.61,553.99,2388.04,9062.16,1.3,47.27,521.89,2388.06,8138.24,8.4312,0.03,392,2388,100.0,39.01,23.3632,254
92,88,-0.0014,0.0003,100.0,518.67,642.81,1587.19,1399.18,14.62,21.61,553.64,2388.04,9059.68,1.3,47.46,521.6,2388.03,8135.66,8.4414,0.03,391,2388,100.0,38.87,23.424,253
92,89,0.0008,0.0004,100.0,518.67,642.02,1587.91,1398.83,14.62,21.61,553.94,2388.04,9052.18,1.3,47.4,522.0,2388.07,8138.81,8.437,0.03,391,2388,100.0,38.71,23.3583,252
92,90,-0.0004,-0.0003,100.0,518.67,642.29,1589.08,1404.32,14.62,21.61,553.78,2388.04,9053.93,1.3,47.42,522.18,2388.12,8141.74,8.4238,0.03,393,2388,100.0,38.87,23.3229,251
92,91,0.0039,-0.0004,100.0,518.67,642.33,1588.32,1402.8,14.62,21.61,553.89,2388.02,9062.08,1.3,47.13,521.54,2388.04,8140.25,8.4184,0.03,392,2388,100.0,38.88,23.2857,250
92,92,0.0025,-0.0004,100.0,518.67,642.27,1593.85,1404.41,14.62,21.61,553.8,2388.04,9056.48,1.3,47.39,521.61,2388.1,8138.6,8.4243,0.03,391,2388,100.0,38.82,23.3625,249
92,93,-0.0015,-0.0,100.0,518.67,641.95,1587.13,1402.4,14.62,21.6,554.09,2388.1,9064.27,1.3,47.48,521.87,2388.02,8134.59,8.4303,0.03,392,2388,100.0,38.99,23.4205,248
92,94,0.0042,0.0002,100.0,518.67,642.74,1581.4,1404.18,14.62,21.61,554.28,2388.04,9054.54,1.3,47.29,521.79,2388.06,8137.57,8.454,0.03,392,2388,100.0,38.91,23.3789,247
92,95,-0.0033,-0.0001,100.0,518.67,642.08,1583.79,1402.19,14.62,21.61,554.06,2388.06,9055.07,1.3,47.4,522.11,2388.04,8138.89,8.4212,0.03,392,2388,100.0,39.07,23.3361,246
92,96,-0.0023,0.0004,100.0,518.67,642.63,1586.71,1403.18,14.62,21.61,553.59,2388.06,9057.19,1.3,47.59,521.72,2388.07,8133.13,8.3912,0.03,393,2388,100.0,38.99,23.3254,245
92,97,-0.0008,0.0002,100.0,518.67,642.65,1591.87,1395.75,14.62,21.61,554.14,2388.1,9060.37,1.3,47.37,521.75,2388.04,8139.46,8.4207,0.03,393,2388,100.0,39.05,23.3799,244
92,98,0.0047,-0.0001,100.0,518.67,642.32,1584.44,1410.48,14.62,21.61,554.29,2388.06,9050.56,1.3,47.41,521.9,2388.01,8135.37,8.428,0.03,392,2388,100.0,38.91,23.2805,243
92,99,0.0026,0.0001,100.0,518.67,642.7,1579.86,1398.16,14.62,21.61,553.89,2388.07,9055.99,1.3,47.24,521.75,2388.1,8135.2,8.3969,0.03,393,2388,100.0,38.95,23.3102,242
92,100,0.0022,-0.0003,100.0,518.67,642.66,1583.79,1402.36,14.62,21.61,554.19,2388.06,9056.49,1.3,47.6,522.0,2388.1,8136.85,8.4274,0.03,390,2388,100.0,38.88,23.4224,241
92,101,0.0017,0.0005,100.0,518.67,642.41,1582.32,1406.5,14.62,21.61,553.4,2388.06,9060.01,1.3,47.32,521.66,2388.0,8136.96,8.4033,0.03,392,2388,100.0,38.91,23.3855,240
92,102,0.0023,0.0002,100.0,518.67,642.33,1584.89,1404.1,14.62,21.61,553.73,2388.13,9056.62,1.3,47.5,521.94,2388.02,8138.47,8.4018,0.03,393,2388,100.0,38.98,23.3323,239
92,103,-0.0009,-0.0004,100.0,518.67,642.27,1591.58,1399.17,14.62,21.61,553.33,2388.07,9061.17,1.3,47.5,521.72,2388.09,8140.93,8.4137,0.03,393,2388,100.0,38.88,23.324,238
92,104,0.0038,0.0001,100.0,518.67,642.72,1594.07,1409.37,14.62,21.61,553.8,2388.07,9049.77,1.3,47.32,521.98,2388.12,8138.68,8.4023,0.03,394,2388,100.0,39.01,23.4795,237
92,105,-0.0038,0.0004,100.0,518.67,642.75,1585.84,1401.93,14.62,21.61,552.99,2388.03,9050.33,1.3,47.52,521.53,2388.04,8138.81,8.4319,0.03,393,2388,100.0,38.81,23.3373,236
92,106,0.0022,-0.0003,100.0,518.67,641.8,1578.55,1400.6,14.62,21.61,553.95,2388.06,9055.75,1.3,47.35,522.01,2388.08,8135.96,8.436,0.03,393,2388,100.0,38.81,23.3496,235
92,107,0.0016,-0.0004,100.0,518.67,642.32,1586.95,1403.31,14.62,21.61,553.59,2388.07,9053.21,1.3,47.28,521.86,2388.01,8135.35,8.45,0.03,393,2388,100.0,38.83,23.2343,234
92,108,-0.0037,-0.0001,100.0,518.67,642.49,1589.72,1406.16,14.62,21.61,553.3,2388.03,9054.89,1.3,47.34,521.98,2388.09,8136.25,8.422,0.03,392,2388,100.0,38.96,23.3638,233
92,109,0.0008,0.0003,100.0,518.67,642.55,1574.86,1405.23,14.62,21.61,554.5,2388.08,9057.16,1.3,47.51,521.93,2388.05,8134.65,8.4445,0.03,394,2388,100.0,38.81,23.461,232
92,110,-0.0008,-0.0003,100.0,518.67,642.73,1574.58,1398.92,14.62,21.61,553.9,2388.06,9055.03,1.3,47.31,521.89,2388.08,8135.06,8.4061,0.03,394,2388,100.0,39.08,23.4057,231
92,111,-0.0017,-0.0,100.0,518.67,642.56,1587.06,1411.23,14.62,21.61,553.88,2388.01,9059.56,1.3,47.47,522.02,2388.1,8137.19,8.4116,0.03,391,2388,100.0,38.84,23.3873,230
92,112,0.002,0.0001,100.0,518.67,642.21,1583.19,1407.36,14.62,21.61,554.18,2388.03,9058.25,1.3,47.31,521.75,2388.09,8141.16,8.4427,0.03,393,2388,100.0,38.97,23.239,229
92,113,-0.0005,0.0006,100.0,518.67,642.68,1585.25,1398.48,14.62,21.61,553.99,2388.05,9064.35,1.3,47.44,522.0,2388.08,8133.58,8.424,0.03,391,2388,100.0,38.84,23.3821,228
92,114,-0.0055,-0.0003,100.0,518.67,642.19,1587.0,1401.35,14.62,21.61,553.58,2388.05,9051.5,1.3,47.39,521.65,2388.13,8135.94,8.4191,0.03,392,2388,100.0,38.82,23.4194,227
92,115,-0.0014,0.0001,100.0,518.67,642.31,1590.35,1406.12,14.62,21.61,554.55,2388.08,9055.56,1.3,47.23,521.36,2388.05,8135.66,8.439,0.03,392,2388,100.0,38.97,23.3515,226
92,116,-0.0003,0.0005,100.0,518.67,642.73,1593.43,1403.79,14.62,21.61,554.05,2388.09,9049.53,1.3,47.53,521.77,2388.09,8142.17,8.4558,0.03,391,2388,100.0,38.98,23.3741,225
92,117,0.0018,0.0002,100.0,518.67,642.16,1587.87,1407.27,14.62,21.61,553.62,2388.06,9060.92,1.3,47.36,521.65,2388.09,8134.14,8.4002,0.03,390,2388,100.0,39.0,23.2819,224
92,118,0.0015,-0.0002,100.0,518.67,642.6,1587.68,1412.04,14.62,21.61,553.21,2388.06,9061.59,1.3,47.35,521.65,2388.11,8141.94,8.4456,0.03,392,2388,100.0,38.82,23.3956,223
92,119,0.0031,-0.0002,100.0,518.67,642.74,1584.8,1395.12,14.62,21.61,554.41,2388.06,9058.12,1.3,47.37,521.98,2388.04,8135.61,8.4183,0.03,393,2388,100.0,38.83,23.39,222
92,120,-0.0063,-0.0004,100.0,518.67,641.98,1588.36,1404.91,14.62,21.61,552.94,2388.05,9049.23,1.3,47.13,521.87,2388.06,8142.05,8.4189,0.03,393,2388,100.0,38.92,23.3996,221
92,121,0.0015,-0.0002,100.0,518.67,642.95,1590.41,1400.67,14.62,21.61,553.96,2388.05,9064.58,1.3,47.41,521.18,2388.06,8137.71,8.4009,0.03,393,2388,100.0,38.81,23.3338,220
92,122,0.0014,-0.0004,100.0,518.67,641.87,1582.92,1403.23,14.62,21.61,554.21,2388.07,9058.99,1.3,47.29,521.98,2388.01,8139.55,8.4178,0.03,392,2388,100.0,38.96,23.3386,219
92,123,-0.0018,-0.0001,100.0,518.67,642.56,1590.62,1406.11,14.62,21.61,553.25,2388.02,9062.76,1.3,47.39,521.6,2388.04,8141.06,8.4161,0.03,392,2388,100.0,39.01,23.3215,218
92,124,0.0002,-0.0002,100.0,518.67,642.82,1584.71,1403.57,14.62,21.61,554.83,2388.06,9060.45,1.3,47.46,521.72,2388.04,8138.34,8.3983,0.03,392,2388,100.0,38.79,23.4233,217
92,125,0.0,0.0002,100.0,518.67,642.82,1584.12,1405.1,14.62,21.61,553.37,2388.05,9056.66,1.3,47.34,521.37,2388.1,8137.62,8.459,0.03,395,2388,100.0,39.1,23.364,216
92,126,-0.0018,-0.0001,100.0,518.67,642.17,1589.4,1405.61,14.62,21.61,554.7,2388.05,9053.29,1.3,47.35,521.49,2388.07,8134.56,8.4421,0.03,392,2388,100.0,39.1,23.3371,215
92,127,0.0011,-0.0002,100.0,518.67,642.39,1592.98,1405.9,14.62,21.61,554.54,2388.08,9054.69,1.3,47.33,521.71,2388.06,8141.17,8.4663,0.03,392,2388,100.0,38.92,23.3053,214
92,128,0.0005,-0.0002,100.0,518.67,642.67,1586.53,1400.19,14.62,21.61,553.9,2388.07,9059.52,1.3,47.45,521.68,2388.07,8133.89,8.4171,0.03,392,2388,100.0,38.78,23.3676,213
92,129,0.0019,0.0006,100.0,518.67,642.44,1590.68,1404.16,14.62,21.61,554.36,2388.04,9064.63,1.3,47.46,521.59,2388.04,8138.55,8.3972,0.03,392,2388,100.0,38.9,23.4004,212
92,130,0.0028,0.0003,100.0,518.67,642.89,1584.71,1401.79,14.62,21.61,553.5,2388.02,9054.91,1.3,47.15,521.27,2388.09,8140.77,8.4292,0.03,393,2388,100.0,38.92,23.3677,211
92,131,-0.0042,-0.0002,100.0,518.67,642.28,1589.03,1408.38,14.62,21.61,554.51,2388.08,9058.02,1.3,47.4,521.05,2388.04,8139.69,8.411,0.03,392,2388,100.0,38.87,23.2141,210
92,132,-0.0015,-0.0003,100.0,518.67,642.6,1586.53,1402.05,14.62,21.61,553.67,2388.07,9055.48,1.3,47.32,522.27,2388.06,8140.36,8.4306,0.03,395,2388,100.0,39.1,23.2822,209
92,133,0.001,0.0002,100.0,518.67,642.82,1594.97,1400.6,14.62,21.61,553.74,2388.08,9062.31,1.3,47.53,521.52,2388.0,8142.65,8.4268,0.03,395,2388,100.0,38.89,23.4712,208
92,134,0.0014,0.0004,100.0,518.67,641.92,1590.75,1411.04,14.62,21.61,553.65,2388.06,9060.03,1.3,47.37,521.35,2388.05,8139.82,8.4253,0.03,392,2388,100.0,38.85,23.3838,207
92,135,-0.0015,-0.0,100.0,518.67,642.26,1587.53,1398.06,14.62,21.61,553.36,2388.03,9064.3,1.3,47.36,521.76,2388.04,8142.07,8.4433,0.03,392,2388,100.0,38.8,23.3656,206
92,136,-0.0005,-0.0003,100.0,518.67,642.24,1587.47,1409.23,14.62,21.61,554.19,2388.02,9063.15,1.3,47.38,521.84,2388.03,8136.63,8.4121,0.03,394,2388,100.0,38.83,23.2976,205
92,137,-0.0018,-0.0002,100.0,518.67,642.6,1586.84,1404.47,14.62,21.61,553.78,2388.07,9061.68,1.3,47.2,521.24,2388.03,8146.92,8.4225,0.03,391,2388,100.0,38.87,23.3859,204
92,138,-0.0019,-0.0002,100.0,518.67,642.49,1587.57,1395.62,14.62,21.61,554.49,2388.04,9058.52,1.3,47.37,522.09,2388.07,8141.46,8.3902,0.03,392,2388,100.0,38.99,23.3848,203
92,139,0.0025,0.0004,100.0,518.67,642.29,1588.71,1407.45,14.62,21.61,553.7,2388.06,9056.26,1.3,47.23,521.62,2388.05,8140.97,8.4165,0.03,392,2388,100.0,38.76,23.2584,202
92,140,-0.0009,-0.0001,100.0,518.67,642.14,1585.73,1409.56,14.62,21.61,553.58,2388.08,9056.7,1.3,47.48,521.73,2388.06,8137.27,8.4298,0.03,394,2388,100.0,38.76,23.3848,201
92,141,0.0004,0.0005,100.0,518.67,642.77,1585.3,1405.4,14.62,21.61,553.51,2388.05,9060.08,1.3,47.33,521.96,2388.05,8141.14,8.4339,0.03,393,2388,100.0,38.92,23.4597,200
92,142,-0.0009,0.0005,100.0,518.67,642.12,1595.92,1409.43,14.62,21.61,553.39,2388.02,9057.53,1.3,47.54,522.07,2388.09,8136.03,8.4035,0.03,392,2388,100.0,39.06,23.3265,199
92,143,-0.0014,-0.0004,100.0,518.67,642.28,1586.38,1398.52,14.62,21.61,553.46,2388.08,9067.93,1.3,47.33,521.71,2388.02,8135.81,8.4007,0.03,392,2388,100.0,38.81,23.3807,198
92,144,-0.0001,-0.0003,100.0,518.67,642.16,1595.23,1395.89,14.62,21.61,553.64,2388.06,9063.16,1.3,47.44,521.63,2388.05,8140.65,8.4138,0.03,393,2388,100.0,38.92,23.2852,197
92,145,0.0025,0.0,100.0,518.67,642.89,1581.92,1410.49,14.62,21.61,554.22,2388.06,9060.81,1.3,47.45,521.89,2388.03,8138.97,8.4184,0.03,392,2388,100.0,38.86,23.2775,196
92,146,-0.0029,0.0004,100.0,518.67,642.79,1585.48,1402.75,14.62,21.61,553.15,2388.05,9059.27,1.3,47.39,521.99,2388.09,8137.83,8.414,0.03,391,2388,100.0,39.0,23.3796,195
92,147,0.0019,-0.0002,100.0,518.67,642.5,1593.86,1401.2,14.62,21.61,553.85,2388.08,9064.69,1.3,47.52,521.55,2388.02,8141.03,8.4225,0.03,392,2388,100.0,38.91,23.2841,194
92,148,-0.0021,-0.0004,100.0,518.67,642.22,1594.18,1400.14,14.62,21.61,553.11,2388.09,9061.12,1.3,47.41,521.37,2388.05,8140.35,8.4305,0.03,394,2388,100.0,38.93,23.3481,193
92,149,0.0016,0.0,100.0,518.67,642.49,1582.88,1407.02,14.62,21.61,553.12,2388.1,9064.04,1.3,47.51,521.79,2388.03,8141.79,8.3937,0.03,392,2388,100.0,38.87,23.303,192
92,150,0.0002,0.0002,100.0,518.67,642.66,1589.43,1407.43,14.62,21.61,554.27,2388.03,9055.68,1.3,47.4,521.65,2388.07,8141.37,8.4423,0.03,392,2388,100.0,38.97,23.3531,191
92,151,0.0008,0.0004,100.0,518.67,642.68,1590.71,1399.49,14.62,21.61,553.54,2388.1,9064.7,1.3,47.37,521.65,2388.12,8143.5,8.4657,0.03,392,2388,100.0,38.82,23.2828,190
92,152,-0.0006,-0.0001,100.0,518.67,642.83,1583.64,1398.71,14.62,21.61,554.87,2388.07,9064.35,1.3,47.46,521.41,2388.09,8140.88,8.4236,0.03,391,2388,100.0,38.98,23.2829,189
92,153,0.0008,0.0002,100.0,518.67,642.94,1590.98,1403.02,14.62,21.61,553.6,2388.02,9056.05,1.3,47.42,522.3,2388.09,8137.81,8.4575,0.03,392,2388,100.0,38.79,23.4108,188
92,154,-0.0013,-0.0003,100.0,518.67,642.6,1587.38,1405.22,14.62,21.61,553.98,2388.05,9064.62,1.3,47.35,521.62,2388.04,8136.51,8.4074,0.03,393,2388,100.0,38.77,23.2856,187
92,155,0.002,-0.0003,100.0,518.67,642.62,1587.56,1408.59,14.62,21.61,554.58,2388.05,9063.75,1.3,47.35,521.74,2388.02,8139.36,8.4441,0.03,392,2388,100.0,38.93,23.2578,186
92,156,0.002,0.0,100.0,518.67,642.41,1588.41,1402.93,14.62,21.61,553.68,2388.03,9061.58,1.3,47.39,521.8,2388.1,8140.33,8.4051,0.03,393,2388,100.0,38.92,23.3447,185
92,157,0.0014,0.0004,100.0,518.67,642.09,1590.38,1403.98,14.62,21.61,553.84,2388.06,9068.17,1.3,47.29,522.17,2388.08,8145.02,8.4108,0.03,392,2388,100.0,38.8,23.337,184
92,158,-0.0026,-0.0,100.0,518.67,642.24,1584.61,1397.37,14.62,21.61,554.5,2388.11,9061.41,1.3,47.46,522.18,2388.07,8144.5,8.41,0.03,393,2388,100.0,38.97,23.4023,183
92,159,0.0022,-0.0004,100.0,518.67,642.53,1589.33,1405.28,14.62,21.61,553.7,2388.03,9061.83,1.3,47.3,521.15,2388.04,8141.03,8.423,0.03,391,2388,100.0,38.83,23.3465,182
92,160,0.0011,0.0001,100.0,518.67,642.85,1590.18,1398.33,14.62,21.61,553.74,2388.08,9064.04,1.3,47.43,521.74,2388.11,8143.6,8.4418,0.03,394,2388,100.0,38.91,23.2321,181
92,161,0.0023,-0.0,100.0,518.67,642.38,1586.48,1406.49,14.62,21.61,553.74,2388.13,9065.22,1.3,47.45,521.68,2388.05,8140.53,8.4125,0.03,394,2388,100.0,38.81,23.4587,180
92,162,-0.0003,-0.0002,100.0,518.67,642.57,1591.51,1405.06,14.62,21.61,553.64,2388.08,9063.44,1.3,47.51,522.28,2388.02,8135.82,8.4319,0.03,393,2388,100.0,38.81,23.3266,179
92,163,-0.0004,0.0002,100.0,518.67,642.78,1587.89,1406.37,14.62,21.61,553.82,2388.12,9061.05,1.3,47.36,521.26,2388.06,8142.84,8.4058,0.03,392,2388,100.0,38.79,23.3621,178
92,164,-0.0009,0.0004,100.0,518.67,642.76,1587.32,1401.98,14.62,21.61,553.96,2388.06,9067.6,1.3,47.43,521.46,2388.01,8140.66,8.4286,0.03,394,2388,100.0,38.78,23.3944,177
92,165,-0.0055,-0.0003,100.0,518.67,642.54,1584.1,1408.37,14.62,21.61,553.43,2388.03,9058.63,1.3,47.52,521.6,2388.09,8141.21,8.428,0.03,393,2388,100.0,38.94,23.347,176
92,166,0.0007,0.0003,100.0,518.67,642.42,1592.83,1404.92,14.62,21.61,553.93,2388.05,9062.62,1.3,47.33,521.51,2388.07,8146.68,8.4458,0.03,393,2388,100.0,38.94,23.2989,175
92,167,-0.0041,-0.0004,100.0,518.67,642.74,1590.84,1408.3,14.62,21.61,553.63,2388.07,9062.92,1.3,47.52,521.59,2388.1,8142.81,8.4666,0.03,392,2388,100.0,38.87,23.2468,174
92,168,0.0019,0.0002,100.0,518.67,642.41,1583.04,1408.48,14.62,21.61,553.6,2388.04,9062.51,1.3,47.43,522.11,2388.09,8140.97,8.4158,0.03,393,2388,100.0,38.83,23.2763,173
92,169,-0.0035,0.0004,100.0,518.67,642.27,1583.65,1410.08,14.62,21.61,553.75,2388.09,9062.43,1.3,47.43,521.9,2388.08,8148.55,8.4034,0.03,394,2388,100.0,38.78,23.3387,172
92,170,0.0009,-0.0,100.0,518.67,642.33,1581.87,1395.95,14.62,21.61,553.47,2388.01,9058.67,1.3,47.38,521.72,2388.04,8142.65,8.4102,0.03,392,2388,100.0,38.77,23.2924,171
92,171,0.0011,0.0004,100.0,518.67,642.46,1587.81,1410.21,14.62,21.61,553.38,2388.1,9059.59,1.3,47.37,521.71,2388.08,8139.42,8.4316,0.03,392,2388,100.0,38.99,23.357,170
92,172,0.0005,-0.0004,100.0,518.67,642.32,1591.8,1397.15,14.62,21.61,553.63,2388.09,9062.33,1.3,47.54,521.72,2388.09,8142.29,8.4053,0.03,392,2388,100.0,38.95,23.2169,169
92,173,0.0008,0.0002,100.0,518.67,642.53,1584.69,1407.95,14.62,21.61,553.37,2388.01,9060.37,1.3,47.41,521.77,2388.08,8143.27,8.4331,0.03,392,2388,100.0,38.86,23.2531,168
92,174,-0.0013,0.0005,100.0,518.67,642.3,1590.66,1400.62,14.62,21.61,553.8,2388.12,9057.33,1.3,47.38,521.28,2388.06,8141.7,8.4087,0.03,392,2388,100.0,39.12,23.3024,167
92,175,-0.0,-0.0002,100.0,518.67,642.67,1590.64,1402.07,14.62,21.61,553.74,2388.09,9065.19,1.3,47.29,522.01,2388.05,8138.26,8.4339,0.03,395,2388,100.0,38.95,23.3568,166
92,176,-0.0028,0.0002,100.0,518.67,642.01,1585.51,1404.65,14.62,21.61,554.26,2388.07,9056.11,1.3,47.5,521.31,2388.14,8140.76,8.4194,0.03,392,2388,100.0,38.87,23.2981,165
92,177,-0.0011,0.0004,100.0,518.67,642.14,1587.06,1401.86,14.62,21.61,553.11,2388.04,9060.0,1.3,47.52,521.66,2388.07,8140.95,8.4261,0.03,392,2388,100.0,38.89,23.3623,164
92,178,0.0002,0.0005,100.0,518.67,642.35,1596.41,1408.66,14.62,21.61,554.21,2388.11,9059.47,1.3,47.47,521.83,2388.09,8143.49,8.4413,0.03,392,2388,100.0,38.76,23.3265,163
92,179,0.0006,-0.0,100.0,518.67,642.44,1588.56,1406.24,14.62,21.61,553.77,2388.08,9069.76,1.3,47.16,522.4,2388.02,8143.66,8.4518,0.03,394,2388,100.0,38.72,23.3774,162
92,180,-0.0005,0.0005,100.0,518.67,642.84,1575.45,1407.29,14.62,21.61,553.58,2388.04,9065.22,1.3,47.47,522.16,2388.11,8138.34,8.4647,0.03,394,2388,100.0,38.91,23.4037,161
92,181,-0.0019,-0.0004,100.0,518.67,642.62,1587.35,1401.35,14.62,21.61,553.21,2388.08,9064.21,1.3,47.58,521.69,2388.06,8139.98,8.4072,0.03,393,2388,100.0,38.86,23.2682,160
92,182,0.002,0.0004,100.0,518.67,642.47,1587.51,1404.39,14.62,21.61,554.0,2388.05,9064.05,1.3,47.32,521.91,2388.08,8140.57,8.4934,0.03,393,2388,100.0,38.86,23.3623,159
92,183,0.0015,-0.0001,100.0,518.67,642.6,1590.59,1404.23,14.62,21.61,553.85,2388.1,9066.79,1.3,47.63,520.99,2388.11,8140.56,8.4268,0.03,393,2388,100.0,38.81,23.3302,158
92,184,0.0031,-0.0,100.0,518.67,642.66,1592.94,1412.79,14.62,21.61,553.72,2388.08,9059.53,1.3,47.37,521.2,2388.04,8141.79,8.3923,0.03,393,2388,100.0,38.79,23.2366,157
92,185,0.0021,-0.0004,100.0,518.67,642.93,1593.05,1405.61,14.62,21.61,553.49,2388.06,9063.45,1.3,47.43,521.57,2388.11,8139.86,8.4313,0.03,394,2388,100.0,38.97,23.3019,156
92,186,-0.0004,0.0003,100.0,518.67,642.33,1592.9,1411.25,14.62,21.61,553.57,2388.05,9066.08,1.3,47.48,521.81,2388.09,8135.35,8.4312,0.03,390,2388,100.0,38.88,23.2382,155
92,187,-0.002,0.0004,100.0,518.67,642.21,1583.82,1405.42,14.62,21.61,554.06,2388.09,9066.64,1.3,47.29,521.55,2388.03,8141.22,8.4278,0.03,391,2388,100.0,38.9,23.4229,154
92,188,0.0049,-0.0004,100.0,518.67,642.18,1594.46,1401.63,14.62,21.61,554.04,2388.09,9064.44,1.3,47.42,521.58,2388.1,8143.6,8.4325,0.03,393,2388,100.0,38.89,23.3051,153
92,189,0.0028,0.0002,100.0,518.67,642.84,1581.9,1408.87,14.62,21.61,553.07,2388.12,9059.19,1.3,47.38,521.05,2388.09,8146.81,8.4267,0.03,393,2388,100.0,38.93,23.2414,152
92,190,0.0001,-0.0003,100.0,518.67,642.74,1587.68,1406.89,14.62,21.61,553.43,2388.08,9071.27,1.3,47.76,521.39,2388.07,8142.9,8.3796,0.03,393,2388,100.0,38.97,23.3499,151
92,191,0.001,0.0,100.0,518.67,642.36,1585.69,1400.0,14.62,21.61,553.48,2388.09,9072.43,1.3,47.44,521.97,2388.07,8145.44,8.4085,0.03,395,2388,100.0,38.68,23.3259,150
92,192,-0.0015,-0.0004,100.0,518.67,642.04,1582.18,1410.08,14.62,21.61,553.89,2388.08,9066.17,1.3,47.47,522.51,2388.1,8138.18,8.4149,0.03,392,2388,100.0,38.89,23.3776,149
92,193,0.0,0.0003,100.0,518.67,642.95,1590.41,1408.46,14.62,21.61,553.54,2388.06,9066.87,1.3,47.53,521.38,2388.09,8142.49,8.4226,0.03,394,2388,100.0,38.6,23.3283,148
92,194,-0.0009,-0.0003,100.0,518.67,642.3,1588.61,1403.67,14.62,21.61,553.9,2388.1,9065.53,1.3,47.49,521.21,2388.08,8145.13,8.4273,0.03,393,2388,100.0,38.86,23.3814,147
92,195,0.0011,0.0004,100.0,518.67,643.06,1588.61,1407.03,14.62,21.61,554.77,2388.13,9067.86,1.3,47.44,521.72,2388.05,8143.96,8.4597,0.03,392,2388,100.0,38.79,23.1667,146
92,196,-0.0019,0.0,100.0,518.67,643.07,1581.48,1405.43,14.62,21.61,553.88,2388.07,9065.02,1.3,47.73,521.51,2388.15,8142.98,8.469,0.03,393,2388,100.0,38.81,23.3152,145
92,197,-0.0018,-0.0,100.0,518.67,642.62,1588.51,1406.32,14.62,21.61,553.2,2388.14,9067.96,1.3,47.6,521.58,2388.08,8144.93,8.4442,0.03,392,2388,100.0,38.88,23.3102,144
92,198,-0.0005,0.0005,100.0,518.67,642.66,1588.15,1402.24,14.62,21.61,553.23,2388.09,9068.88,1.3,47.48,521.18,2388.1,8140.9,8.4374,0.03,394,2388,100.0,39.04,23.3313,143
92,199,-0.0043,0.0002,100.0,518.67,643.01,1585.46,1407.81,14.62,21.61,553.42,2388.08,9066.32,1.3,47.55,521.48,2388.13,8147.51,8.3875,0.03,394,2388,100.0,38.91,23.3936,142
92,200,-0.0001,-0.0003,100.0,518.67,642.62,1593.28,1395.65,14.62,21.61,554.31,2388.09,9067.5,1.3,47.54,521.41,2388.12,8149.22,8.4345,0.03,394,2388,100.0,38.79,23.3903,141
92,201,-0.0002,0.0003,100.0,518.67,642.53,1591.94,1405.37,14.62,21.61,553.62,2388.04,9068.14,1.3,47.66,521.95,2388.12,8148.34,8.4139,0.03,391,2388,100.0,38.74,23.3214,140
92,202,0.0012,-0.0001,100.0,518.67,642.71,1585.67,1405.98,14.62,21.61,553.27,2388.08,9063.25,1.3,47.48,522.01,2388.1,8149.73,8.4473,0.03,393,2388,100.0,38.91,23.3289,139
92,203,-0.0012,0.0003,100.0,518.67,642.18,1593.42,1404.78,14.62,21.61,553.39,2388.12,9069.02,1.3,47.49,521.43,2388.08,8143.87,8.4521,0.03,393,2388,100.0,38.81,23.3854,138
92,204,-0.0032,0.0003,100.0,518.67,642.48,1589.14,1409.04,14.62,21.61,553.95,2388.05,9069.38,1.3,47.63,521.76,2388.07,8147.71,8.4029,0.03,393,2388,100.0,38.98,23.288,137
92,205,0.0014,0.0001,100.0,518.67,642.92,1595.85,1402.89,14.62,21.61,553.18,2388.03,9068.28,1.3,47.63,521.58,2388.04,8151.32,8.4313,0.03,393,2388,100.0,38.79,23.24,136
92,206,-0.0021,-0.0,100.0,518.67,643.32,1590.82,1409.96,14.62,21.61,553.21,2388.03,9070.58,1.3,47.41,521.58,2388.09,8143.98,8.4261,0.03,394,2388,100.0,38.72,23.2385,135
92,207,0.0025,0.0005,100.0,518.67,642.27,1590.14,1409.8,14.62,21.61,553.93,2388.08,9067.56,1.3,47.4,521.13,2388.08,8145.77,8.4338,0.03,393,2388,100.0,38.76,23.3421,134
92,208,0.0017,-0.0002,100.0,518.67,643.0,1587.89,1407.41,14.62,21.61,553.69,2388.07,9078.28,1.3,47.36,521.6,2388.09,8143.12,8.4413,0.03,393,2388,100.0,38.93,23.2318,133
92,209,-0.0006,0.0001,100.0,518.67,643.19,1583.71,1400.97,14.62,21.61,553.3,2388.1,9072.1,1.3,47.3,521.5,2388.09,8143.32,8.4623,0.03,392,2388,100.0,38.92,23.3381,132
92,210,0.0002,0.0002,100.0,518.67,642.84,1588.38,1410.07,14.62,21.61,553.8,2388.11,9066.15,1.3,47.33,522.01,2388.09,8145.22,8.4655,0.03,392,2388,100.0,38.77,23.2677,131
92,211,-0.0005,-0.0002,100.0,518.67,642.47,1591.27,1401.84,14.62,21.61,553.99,2388.09,9068.84,1.3,47.33,521.42,2388.07,8146.62,8.4225,0.03,392,2388,100.0,38.86,23.315,130
92,212,0.0006,0.0,100.0,518.67,642.58,1598.03,1404.45,14.62,21.61,553.29,2388.1,9070.93,1.3,47.38,521.2,2388.02,8143.12,8.4374,0.03,393,2388,100.0,39.0,23.3545,129
92,213,0.002,0.0,100.0,518.67,642.45,1594.39,1413.61,14.62,21.61,553.76,2388.08,9070.08,1.3,47.44,521.42,2388.09,8141.93,8.4133,0.03,394,2388,100.0,38.85,23.284,128
92,214,-0.0003,-0.0001,100.0,518.67,642.77,1591.78,1406.81,14.62,21.61,553.0,2388.1,9064.96,1.3,47.53,521.18,2388.08,8150.58,8.4134,0.03,394,2388,100.0,38.91,23.294,127
92,215,-0.0039,-0.0003,100.0,518.67,642.18,1591.26,1405.43,14.62,21.61,553.1,2388.06,9067.63,1.3,47.54,521.72,2388.05,8152.26,8.4426,0.03,395,2388,100.0,38.83,23.3714,126
92,216,-0.0009,-0.0002,100.0,518.67,642.78,1595.38,1404.66,14.62,21.61,553.52,2388.03,9065.83,1.3,47.55,521.47,2388.07,8147.12,8.4272,0.03,393,2388,100.0,38.78,23.2625,125
92,217,0.004,-0.0004,100.0,518.67,642.34,1589.0,1406.74,14.62,21.61,553.33,2388.11,9071.46,1.3,47.49,521.42,2388.11,8147.43,8.4537,0.03,395,2388,100.0,38.66,23.2047,124
92,218,-0.002,-0.0002,100.0,518.67,642.98,1588.43,1411.71,14.62,21.61,553.32,2388.16,9064.96,1.3,47.54,521.84,2388.1,8150.34,8.3851,0.03,394,2388,100.0,38.88,23.2561,123
92,219,0.0009,-0.0001,100.0,518.67,642.47,1589.13,1410.11,14.62,21.61,553.52,2388.08,9066.97,1.3,47.56,521.52,2388.09,8147.19,8.4382,0.03,394,2388,100.0,38.73,23.2123,122
92,220,0.0026,-0.0002,100.0,518.67,642.5,1586.91,1405.2,14.62,21.61,553.66,2388.08,9066.89,1.3,47.52,521.02,2388.03,8147.19,8.4307,0.03,392,2388,100.0,38.85,23.3068,121
92,221,-0.0007,0.0004,100.0,518.67,642.78,1594.12,1409.11,14.62,21.61,552.98,2388.09,9074.5,1.3,47.59,520.65,2388.09,8146.18,8.4468,0.03,393,2388,100.0,38.98,23.4026,120
92,222,-0.0005,0.0002,100.0,518.67,642.66,1589.6,1407.42,14.62,21.61,552.77,2388.09,9067.41,1.3,47.4,521.34,2388.11,8145.36,8.422,0.03,394,2388,100.0,38.74,23.3862,119
92,223,0.0029,0.0004,100.0,518.67,642.92,1589.49,1409.25,14.62,21.61,553.63,2388.04,9077.17,1.3,47.64,521.4,2388.1,8151.58,8.4014,0.03,393,2388,100.0,38.69,23.4035,118
92,224,0.0002,-0.0002,100.0,518.67,642.97,1590.64,1413.07,14.62,21.61,553.8,2388.14,9068.17,1.3,47.58,521.6,2388.15,8148.85,8.4465,0.03,394,2388,100.0,38.9,23.2317,117
92,225,-0.0041,-0.0002,100.0,518.67,642.05,1595.68,1413.75,14.62,21.61,552.99,2388.11,9070.23,1.3,47.62,521.29,2388.09,8148.33,8.4437,0.03,393,2388,100.0,38.82,23.3694,116
92,226,-0.0013,0.0002,100.0,518.67,643.09,1585.68,1407.64,14.62,21.61,553.06,2388.08,9076.75,1.3,47.47,521.19,2388.11,8140.63,8.4375,0.03,394,2388,100.0,38.73,23.2811,115
92,227,-0.0016,-0.0003,100.0,518.67,642.43,1587.34,1412.44,14.62,21.61,553.48,2388.06,9068.24,1.3,47.49,521.5,2388.03,8145.27,8.4354,0.03,394,2388,100.0,38.68,23.2388,114
92,228,0.0012,-0.0,100.0,518.67,642.87,1584.75,1410.51,14.62,21.61,553.2,2388.07,9067.25,1.3,47.63,521.01,2388.09,8148.14,8.462,0.03,394,2388,100.0,38.78,23.272,113
92,229,0.0,-0.0,100.0,518.67,642.83,1586.25,1413.75,14.62,21.61,553.3,2388.07,9071.83,1.3,47.56,521.1,2388.11,8154.25,8.4615,0.03,394,2388,100.0,38.85,23.2746,112
92,230,0.001,0.0002,100.0,518.67,642.7,1586.48,1402.85,14.62,21.61,552.9,2388.07,9072.7,1.3,47.5,521.71,2388.01,8144.5,8.4439,0.03,394,2388,100.0,38.73,23.2596,111
92,231,-0.0002,0.0002,100.0,518.67,642.19,1592.54,1412.91,14.62,21.61,553.72,2388.14,9073.61,1.3,47.41,521.79,2388.07,8144.51,8.4453,0.03,394,2388,100.0,38.78,23.1573,110
92,232,-0.0019,0.0004,100.0,518.67,642.51,1590.97,1411.53,14.62,21.61,553.41,2388.05,9074.22,1.3,47.47,521.58,2388.06,8152.88,8.4209,0.03,394,2388,100.0,38.87,23.2504,109
92,233,-0.001,-0.0003,100.0,518.67,642.95,1592.55,1414.95,14.62,21.61,553.12,2388.05,9072.74,1.3,47.57,520.98,2388.09,8154.26,8.4712,0.03,394,2388,100.0,38.81,23.229,108
92,234,0.0026,0.0001,100.0,518.67,642.83,1595.99,1414.43,14.62,21.61,553.51,2388.06,9074.15,1.3,47.44,521.73,2388.12,8151.86,8.4912,0.03,394,2388,100.0,38.86,23.265,107
92,235,0.0003,0.0001,100.0,518.67,642.47,1591.39,1411.78,14.62,21.61,553.27,2388.1,9072.65,1.3,47.37,521.51,2388.13,8152.95,8.4141,0.03,394,2388,100.0,38.79,23.2996,106
92,236,-0.0008,-0.0001,100.0,518.67,642.69,1592.68,1409.8,14.62,21.61,553.69,2388.06,9069.84,1.3,47.74,521.02,2388.16,8153.92,8.4774,0.03,394,2388,100.0,38.89,23.2392,105
92,237,0.0027,0.0003,100.0,518.67,642.27,1592.41,1410.54,14.62,21.61,553.0,2388.14,9067.2,1.3,47.72,521.52,2388.11,8148.54,8.4649,0.03,391,2388,100.0,38.8,23.2287,104
92,238,-0.0018,-0.0,100.0,518.67,642.85,1596.18,1412.99,14.62,21.61,552.98,2388.09,9072.02,1.3,47.47,521.22,2388.16,8155.46,8.4578,0.03,395,2388,100.0,38.8,23.2427,103
92,239,0.0041,0.0002,100.0,518.67,642.42,1582.77,1408.36,14.62,21.61,552.81,2388.07,9073.46,1.3,47.62,521.21,2388.03,8149.27,8.4749,0.03,393,2388,100.0,38.89,23.301,102
92,240,0.0013,-0.0004,100.0,518.67,642.66,1586.19,1407.24,14.62,21.61,554.07,2388.09,9074.2,1.3,47.59,521.83,2388.07,8156.67,8.4466,0.03,394,2388,100.0,38.78,23.2025,101
92,241,0.0019,-0.0,100.0,518.67,642.94,1598.79,1408.42,14.62,21.61,552.84,2388.06,9076.75,1.3,47.53,521.19,2388.09,8150.45,8.4132,0.03,393,2388,100.0,38.86,23.3438,100
92,242,-0.0018,-0.0001,100.0,518.67,642.42,1586.69,1406.68,14.62,21.61,552.55,2388.14,9080.13,1.3,47.45,521.42,2388.07,8154.31,8.4386,0.03,392,2388,100.0,38.71,23.1898,99
92,243,0.0043,0.0001,100.0,518.67,642.74,1585.52,1416.73,14.62,21.61,552.82,2388.07,9076.4,1.3,47.53,521.64,2388.06,8144.0,8.4419,0.03,394,2388,100.0,38.92,23.1934,98
92,244,-0.0001,-0.0004,100.0,518.67,642.97,1591.36,1411.18,14.62,21.61,553.85,2388.09,9071.12,1.3,47.57,520.67,2388.07,8147.13,8.4617,0.03,393,2388,100.0,38.74,23.2855,97
92,245,-0.0023,0.0005,100.0,518.67,643.0,1592.92,1409.73,14.62,21.61,553.45,2388.08,9080.3,1.3,47.53,520.77,2388.1,8152.32,8.4808,0.03,394,2388,100.0,38.76,23.2771,96
92,246,0.0019,-0.0003,100.0,518.67,642.77,1594.08,1409.33,14.62,21.61,552.79,2388.06,9075.93,1.3,47.69,521.02,2388.07,8157.58,8.4629,0.03,394,2388,100.0,38.72,23.2158,95
92,247,0.0035,-0.0004,100.0,518.67,643.11,1590.85,1406.88,14.62,21.61,553.14,2388.07,9077.4,1.3,47.6,520.68,2388.15,8154.04,8.428,0.03,394,2388,100.0,38.58,23.2277,94
92,248,-0.0015,-0.0001,100.0,518.67,642.69,1588.22,1412.96,14.62,21.61,553.23,2388.07,9074.57,1.3,47.64,521.48,2388.15,8148.1,8.4821,0.03,395,2388,100.0,38.79,23.3383,93
92,249,-0.0033,-0.0004,100.0,518.67,642.82,1587.28,1414.4,14.62,21.61,554.21,2388.05,9078.74,1.3,47.54,521.04,2388.04,8151.91,8.4467,0.03,394,2388,100.0,38.75,23.2087,92
92,250,0.0006,0.0003,100.0,518.67,642.65,1593.92,1409.65,14.62,21.61,552.88,2388.11,9074.59,1.3,47.77,520.65,2388.12,8147.06,8.4028,0.03,393,2388,100.0,38.82,23.2235,91
92,251,-0.0002,-0.0002,100.0,518.67,642.25,1589.92,1416.45,14.62,21.61,553.29,2388.12,9074.69,1.3,47.67,521.22,2388.08,8153.92,8.4596,0.03,393,2388,100.0,38.61,23.3122,90
92,252,0.0031,-0.0004,100.0,518.67,642.66,1592.54,1411.54,14.62,21.61,552.77,2388.08,9072.64,1.3,47.82,521.55,2388.07,8156.05,8.4226,0.03,393,2388,100.0,38.89,23.3495,89
92,253,-0.0033,-0.0,100.0,518.67,642.76,1590.05,1417.94,14.62,21.61,553.07,2388.09,9076.51,1.3,47.61,521.42,2388.13,8155.27,8.4282,0.03,393,2388,100.0,38.77,23.3309,88
92,254,-0.0012,-0.0001,100.0,518.67,643.24,1589.98,1411.86,14.62,21.61,553.54,2388.08,9082.26,1.3,47.61,521.1,2388.07,8159.27,8.4426,0.03,394,2388,100.0,38.57,23.2425,87
92,255,0.006,-0.0003,100.0,518.67,642.97,1585.92,1414.77,14.62,21.61,553.36,2388.08,9081.37,1.3,47.62,520.86,2388.1,8156.96,8.4289,0.03,394,2388,100.0,38.81,23.2267,86
92,256,0.0004,-0.0002,100.0,518.67,642.56,1590.31,1403.29,14.62,21.61,552.5,2388.11,9086.88,1.3,47.56,521.46,2388.06,8150.84,8.4396,0.03,393,2388,100.0,38.81,23.1964,85
92,257,-0.0004,-0.0004,100.0,518.67,642.49,1591.75,1413.94,14.62,21.61,553.22,2388.08,9090.55,1.3,47.45,521.14,2388.09,8153.84,8.4692,0.03,394,2388,100.0,38.75,23.3371,84
92,258,-0.0019,0.0003,100.0,518.67,642.41,1588.08,1410.89,14.62,21.61,552.7,2388.12,9079.78,1.3,47.58,521.07,2388.07,8157.76,8.4606,0.03,393,2388,100.0,38.82,23.2673,83
92,259,0.0062,-0.0,100.0,518.67,642.93,1592.05,1415.56,14.62,21.61,553.18,2388.12,9072.27,1.3,47.85,521.23,2388.1,8156.04,8.4554,0.03,394,2388,100.0,38.67,23.2779,82
92,260,0.0039,0.0005,100.0,518.67,643.16,1594.36,1420.25,14.62,21.61,553.32,2388.11,9078.64,1.3,47.71,521.19,2388.12,8157.61,8.4565,0.03,394,2388,100.0,38.66,23.2264,81
92,261,0.0013,-0.0003,100.0,518.67,642.98,1599.23,1410.72,14.62,21.61,553.03,2388.07,9087.35,1.3,47.77,521.06,2388.11,8162.23,8.4358,0.03,392,2388,100.0,38.83,23.2338,80
92,262,0.0013,0.0,100.0,518.67,642.97,1586.77,1412.68,14.62,21.61,552.73,2388.09,9083.12,1.3,47.45,520.71,2388.05,8156.4,8.4481,0.03,394,2388,100.0,38.9,23.3101,79
92,263,-0.0025,-0.0,100.0,518.67,642.89,1600.39,1415.16,14.62,21.61,552.84,2388.1,9072.75,1.3,47.47,521.21,2388.05,8158.79,8.4716,0.03,394,2388,100.0,38.77,23.1702,78
92,264,0.0028,0.0002,100.0,518.67,642.59,1597.61,1410.79,14.62,21.61,553.59,2388.12,9084.18,1.3,47.58,521.45,2388.08,8157.75,8.4459,0.03,394,2388,100.0,38.7,23.246,77
92,265,-0.0008,0.0003,100.0,518.67,643.57,1590.06,1407.39,14.62,21.61,552.75,2388.06,9090.12,1.3,47.6,520.97,2388.13,8159.23,8.4453,0.03,394,2388,100.0,38.82,23.1808,76
92,266,0.0002,0.0003,100.0,518.67,642.67,1590.78,1416.92,14.62,21.61,552.79,2388.1,9094.7,1.3,47.51,521.2,2388.13,8160.11,8.4541,0.03,395,2388,100.0,38.65,23.2242,75
92,267,-0.0004,0.0003,100.0,518.67,642.94,1598.32,1409.49,14.62,21.61,552.4,2388.11,9078.34,1.3,47.85,521.06,2388.11,8153.47,8.4658,0.03,394,2388,100.0,38.88,23.3332,74
92,268,0.0037,-0.0004,100.0,518.67,642.75,1593.61,1415.36,14.62,21.61,553.2,2388.09,9085.0,1.3,47.66,521.31,2388.06,8153.75,8.4707,0.03,394,2388,100.0,38.63,23.2119,73
92,269,0.0032,-0.0004,100.0,518.67,642.47,1595.36,1415.98,14.62,21.61,552.78,2388.07,9087.28,1.3,47.61,520.95,2388.08,8154.41,8.5006,0.03,394,2388,100.0,38.62,23.1916,72
92,270,0.0006,0.0005,100.0,518.67,642.92,1593.92,1408.27,14.62,21.61,552.51,2388.11,9091.49,1.3,47.84,521.17,2388.1,8156.42,8.4426,0.03,393,2388,100.0,38.7,23.1064,71
92,271,-0.0046,0.0005,100.0,518.67,642.92,1596.76,1420.07,14.62,21.61,553.23,2388.14,9080.76,1.3,47.65,521.34,2388.13,8164.83,8.4487,0.03,395,2388,100.0,38.67,23.135,70
92,272,-0.0017,0.0005,100.0,518.67,643.09,1592.2,1409.2,14.62,21.61,552.54,2388.14,9083.44,1.3,47.8,521.0,2388.08,8161.03,8.4581,0.03,394,2388,100.0,38.81,23.2708,69
92,273,0.0004,0.0005,100.0,518.67,642.9,1591.45,1416.04,14.62,21.61,552.81,2388.11,9085.3,1.3,47.61,520.81,2388.11,8160.25,8.4509,0.03,393,2388,100.0,38.94,23.2799,68
92,274,-0.0005,0.0005,100.0,518.67,643.27,1588.49,1414.61,14.62,21.61,553.0,2388.13,9084.17,1.3,47.92,520.83,2388.11,8160.06,8.4889,0.03,394,2388,100.0,38.71,23.2562,67
92,275,-0.0022,-0.0,100.0,518.67,642.93,1591.77,1420.78,14.62,21.61,552.3,2388.11,9089.65,1.3,47.57,520.97,2388.08,8163.62,8.4748,0.03,394,2388,100.0,38.75,23.2142,66
92,276,0.0006,0.0002,100.0,518.67,642.61,1599.47,1414.35,14.62,21.61,552.82,2388.05,9090.61,1.3,47.74,520.94,2388.17,8161.77,8.4517,0.03,393,2388,100.0,38.6,23.2003,65
92,277,0.0011,-0.0004,100.0,518.67,642.56,1594.3,1419.78,14.62,21.61,552.52,2388.1,9091.74,1.3,47.83,520.92,2388.14,8166.99,8.4999,0.03,395,2388,100.0,38.48,23.1618,64
92,278,0.0002,-0.0002,100.0,518.67,643.23,1589.24,1413.45,14.62,21.61,552.41,2388.13,9093.36,1.3,47.7,520.96,2388.14,8160.46,8.4608,0.03,396,2388,100.0,38.68,23.2041,63
92,279,0.0004,0.0001,100.0,518.67,643.23,1595.95,1413.31,14.62,21.61,552.65,2388.12,9088.26,1.3,47.7,520.99,2388.08,8166.49,8.461,0.03,394,2388,100.0,38.63,23.1976,62
92,280,-0.0056,0.0004,100.0,518.67,642.71,1593.5,1413.24,14.62,21.61,552.8,2388.1,9091.47,1.3,47.73,520.89,2388.14,8162.94,8.4648,0.03,395,2388,100.0,38.54,23.2942,61
92,281,-0.0038,0.0003,100.0,518.67,642.33,1588.57,1419.04,14.62,21.61,553.0,2388.09,9084.0,1.3,47.77,521.06,2388.11,8168.16,8.4863,0.03,394,2388,100.0,38.75,23.2518,60
92,282,-0.0006,0.0001,100.0,518.67,642.72,1586.44,1415.42,14.62,21.61,553.0,2388.13,9090.37,1.3,47.64,521.2,2388.1,8161.74,8.4805,0.03,395,2388,100.0,38.83,23.2668,59
92,283,-0.0017,0.0004,100.0,518.67,643.13,1590.69,1421.77,14.62,21.61,552.38,2388.09,9088.23,1.3,47.7,521.28,2388.14,8166.8,8.4825,0.03,394,2388,100.0,38.76,23.0683,58
92,284,-0.0005,0.0001,100.0,518.67,643.02,1599.5,1416.22,14.62,21.61,553.1,2388.1,9092.13,1.3,47.78,520.75,2388.11,8161.56,8.4498,0.03,394,2388,100.0,38.61,23.1949,57
92,285,0.0011,-0.0003,100.0,518.67,643.59,1599.79,1415.23,14.62,21.61,552.98,2388.09,9085.5,1.3,47.75,520.99,2388.15,8166.61,8.4556,0.03,395,2388,100.0,38.66,23.1489,56
92,286,0.0028,0.0001,100.0,518.67,642.8,1597.89,1420.96,14.62,21.61,553.1,2388.09,9090.47,1.3,47.71,521.04,2388.08,8162.02,8.5003,0.03,394,2388,100.0,38.58,23.191,55
92,287,-0.0004,-0.0004,100.0,518.67,643.21,1594.19,1421.07,14.62,21.61,552.62,2388.16,9093.83,1.3,47.77,520.6,2388.14,8165.22,8.4395,0.03,396,2388,100.0,38.65,23.1964,54
92,288,-0.0022,-0.0004,100.0,518.67,643.33,1601.71,1418.43,14.62,21.61,551.51,2388.12,9096.52,1.3,47.62,520.16,2388.14,8170.06,8.4768,0.03,395,2388,100.0,38.76,23.1445,53
92,289,-0.0011,-0.0003,100.0,518.67,642.78,1595.91,1412.36,14.62,21.61,552.79,2388.1,9086.68,1.3,47.77,520.7,2388.12,8164.43,8.4778,0.03,395,2388,100.0,38.63,23.0169,52
92,290,-0.0016,0.0003,100.0,518.67,643.37,1595.51,1417.22,14.62,21.61,552.25,2388.16,9095.79,1.3,47.83,520.74,2388.12,8172.32,8.4889,0.03,394,2388,100.0,38.54,23.1215,51
92,291,0.004,0.0005,100.0,518.67,643.18,1591.64,1417.04,14.62,21.61,552.33,2388.13,9093.06,1.3,47.7,520.88,2388.12,8166.5,8.4993,0.03,395,2388,100.0,38.6,23.2049,50
92,292,0.0024,0.0005,100.0,518.67,642.66,1594.36,1415.32,14.62,21.61,552.92,2388.06,9102.99,1.3,47.94,520.75,2388.17,8168.18,8.4727,0.03,394,2388,100.0,38.73,23.1946,49
92,293,-0.0035,-0.0004,100.0,518.67,642.32,1599.58,1419.51,14.62,21.61,552.87,2388.18,9095.75,1.3,47.64,520.89,2388.18,8167.14,8.4873,0.03,395,2388,100.0,38.44,23.1963,48
92,294,-0.0002,0.0003,100.0,518.67,643.29,1600.48,1414.81,14.62,21.61,552.86,2388.12,9091.86,1.3,47.84,520.62,2388.13,8170.47,8.4579,0.03,394,2388,100.0,38.75,23.1642,47
92,295,-0.003,0.0002,100.0,518.67,643.09,1598.78,1412.62,14.62,21.61,552.68,2388.11,9102.53,1.3,47.6,520.08,2388.13,8167.99,8.4549,0.03,393,2388,100.0,38.47,23.1419,46
92,296,0.0018,0.0001,100.0,518.67,642.94,1605.58,1415.17,14.62,21.61,552.65,2388.18,9098.21,1.3,47.82,520.5,2388.09,8168.23,8.4713,0.03,393,2388,100.0,38.68,23.1079,45
92,297,0.0017,-0.0003,100.0,518.67,643.22,1594.91,1419.0,14.62,21.61,552.32,2388.19,9103.15,1.3,47.75,521.09,2388.15,8168.53,8.4824,0.03,396,2388,100.0,38.36,23.3614,44
92,298,0.0001,0.0003,100.0,518.67,643.04,1601.88,1413.8,14.62,21.61,552.7,2388.11,9101.34,1.3,47.75,520.96,2388.09,8164.28,8.4791,0.03,395,2388,100.0,38.51,23.1106,43
92,299,-0.0032,-0.0004,100.0,518.67,643.73,1596.23,1411.51,14.62,21.61,552.47,2388.13,9103.62,1.3,48.04,520.58,2388.14,8166.98,8.4885,0.03,395,2388,100.0,38.75,23.1063,42
92,300,0.0032,-0.0003,100.0,518.67,642.75,1600.03,1420.71,14.62,21.61,552.72,2388.15,9102.49,1.3,47.78,520.47,2388.18,8172.82,8.4628,0.03,394,2388,100.0,38.86,23.1132,41
92,301,0.0002,-0.0002,100.0,518.67,643.15,1595.44,1421.31,14.62,21.61,552.09,2388.09,9100.19,1.3,47.84,520.53,2388.1,8177.59,8.4486,0.03,394,2388,100.0,38.79,23.2632,40
92,302,-0.0001,0.0001,100.0,518.67,643.28,1598.07,1419.8,14.62,21.61,552.23,2388.11,9102.9,1.3,47.8,520.3,2388.09,8168.49,8.478,0.03,394,2388,100.0,38.7,23.1241,39
92,303,0.0002,-0.0003,100.0,518.67,643.32,1593.51,1425.88,14.62,21.61,552.49,2388.15,9105.25,1.3,47.86,521.06,2388.11,8171.35,8.4892,0.03,394,2388,100.0,38.71,23.1187,38
92,304,0.002,0.0003,100.0,518.67,642.78,1591.33,1422.26,14.62,21.61,552.26,2388.19,9099.26,1.3,47.89,520.83,2388.16,8173.96,8.4889,0.03,396,2388,100.0,38.73,23.1806,37
92,305,-0.0043,-0.0004,100.0,518.67,642.71,1593.94,1420.49,14.62,21.61,552.76,2388.13,9103.63,1.3,47.81,520.42,2388.19,8176.09,8.5114,0.03,395,2388,100.0,38.54,23.2503,36
92,306,0.0014,-0.0002,100.0,518.67,643.23,1606.12,1419.36,14.62,21.61,552.01,2388.12,9107.82,1.3,47.72,520.6,2388.16,8174.17,8.5017,0.03,395,2388,100.0,38.66,23.1907,35
92,307,-0.0002,0.0004,100.0,518.67,643.83,1594.67,1421.64,14.62,21.61,552.55,2388.12,9112.34,1.3,47.95,520.51,2388.11,8180.51,8.4833,0.03,397,2388,100.0,38.39,23.1031,34
92,308,0.0009,0.0004,100.0,518.67,643.09,1601.18,1418.86,14.62,21.61,552.12,2388.15,9106.79,1.3,47.85,521.23,2388.07,8174.09,8.4984,0.03,395,2388,100.0,38.58,23.1867,33
92,309,-0.0029,0.0004,100.0,518.67,642.95,1602.0,1420.04,14.62,21.61,551.69,2388.19,9112.75,1.3,47.89,520.84,2388.08,8177.66,8.4896,0.03,395,2388,100.0,38.66,23.0973,32
92,310,-0.0002,0.0005,100.0,518.67,642.65,1605.66,1419.89,14.62,21.61,551.86,2388.14,9108.57,1.3,47.89,520.8,2388.11,8181.51,8.5012,0.03,395,2388,100.0,38.66,23.1339,31
92,311,0.0009,-0.0001,100.0,518.67,643.11,1595.81,1427.3,14.62,21.61,552.97,2388.1,9111.76,1.3,47.91,520.37,2388.15,8184.0,8.5269,0.03,396,2388,100.0,38.57,23.1529,30
92,312,-0.0035,0.0005,100.0,518.67,643.27,1602.2,1417.35,14.62,21.61,552.41,2388.13,9107.62,1.3,47.92,520.4,2388.14,8180.7,8.5152,0.03,396,2388,100.0,38.45,23.172,29
92,313,-0.0024,0.0003,100.0,518.67,643.05,1602.0,1417.89,14.62,21.61,552.16,2388.1,9112.27,1.3,47.92,520.62,2388.14,8178.06,8.502,0.03,395,2388,100.0,38.5,23.1811,28
92,314,0.002,0.0,100.0,518.67,643.02,1598.97,1418.0,14.62,21.61,552.08,2388.09,9103.52,1.3,47.97,520.36,2388.17,8182.35,8.5025,0.03,396,2388,100.0,38.63,23.2225,27
92,315,-0.0036,-0.0004,100.0,518.67,642.85,1596.03,1416.63,14.62,21.61,552.46,2388.14,9107.07,1.3,47.96,520.63,2388.16,8186.69,8.4351,0.03,395,2388,100.0,38.74,23.2207,26
92,316,-0.0017,0.0002,100.0,518.67,643.22,1599.9,1420.43,14.62,21.61,552.14,2388.13,9121.01,1.3,48.15,520.52,2388.15,8180.85,8.4998,0.03,395,2388,100.0,38.35,23.1849,25
92,317,-0.0,-0.0002,100.0,518.67,643.39,1603.81,1429.09,14.62,21.61,552.6,2388.19,9114.45,1.3,48.04,521.07,2388.11,8184.83,8.4945,0.03,395,2388,100.0,38.73,23.2265,24
92,318,0.0014,-0.0002,100.0,518.67,643.61,1599.34,1424.57,14.62,21.61,552.22,2388.16,9115.23,1.3,48.02,520.6,2388.16,8184.48,8.498,0.03,395,2388,100.0,38.5,23.0729,23
92,319,-0.0027,0.0003,100.0,518.67,643.56,1601.69,1425.07,14.62,21.61,551.9,2388.2,9118.05,1.3,48.06,520.07,2388.14,8181.54,8.507,0.03,395,2388,100.0,38.51,23.2103,22
92,320,0.0015,0.0002,100.0,518.67,643.31,1603.5,1421.89,14.62,21.61,552.59,2388.2,9116.34,1.3,48.14,520.05,2388.14,8190.09,8.4957,0.03,397,2388,100.0,38.5,23.0251,21
92,321,0.0015,0.0006,100.0,518.67,643.73,1601.23,1425.6,14.62,21.61,551.73,2388.14,9118.02,1.3,48.03,520.48,2388.15,8186.66,8.5099,0.03,397,2388,100.0,38.26,23.1353,20
92,322,-0.0047,-0.0,100.0,518.67,643.1,1595.79,1421.88,14.62,21.61,551.86,2388.17,9120.49,1.3,47.94,520.36,2388.15,8185.9,8.5144,0.03,396,2388,100.0,38.53,23.1435,19
92,323,0.0024,0.0001,100.0,518.67,643.07,1605.0,1426.18,14.62,21.61,552.27,2388.23,9123.43,1.3,47.93,520.62,2388.19,8191.07,8.4639,0.03,395,2388,100.0,38.4,23.1423,18
92,324,-0.0021,-0.0003,100.0,518.67,643.56,1600.14,1427.26,14.62,21.61,552.4,2388.18,9122.33,1.3,48.03,520.15,2388.15,8188.6,8.5145,0.03,396,2388,100.0,38.6,23.0718,17
92,325,0.0023,0.0005,100.0,518.67,643.59,1609.03,1423.87,14.62,21.61,552.34,2388.13,9116.02,1.3,48.03,520.39,2388.14,8187.56,8.5088,0.03,395,2388,100.0,38.56,23.1559,16
92,326,-0.0016,-0.0,100.0,518.67,643.29,1603.05,1429.19,14.62,21.61,552.14,2388.18,9120.87,1.3,47.78,520.85,2388.13,8187.75,8.4913,0.03,395,2388,100.0,38.43,23.037,15
92,327,0.0008,0.0001,100.0,518.67,643.58,1602.9,1421.33,14.62,21.61,552.34,2388.15,9124.57,1.3,48.06,520.9,2388.09,8195.07,8.508,0.03,396,2388,100.0,38.45,23.1708,14
92,328,-0.0018,0.0002,100.0,518.67,643.2,1604.25,1431.74,14.62,21.61,552.38,2388.17,9115.64,1.3,47.91,520.27,2388.17,8186.57,8.5542,0.03,395,2388,100.0,38.36,22.9785,13
92,329,0.0023,0.0003,100.0,518.67,643.22,1602.52,1422.71,14.62,21.61,552.12,2388.16,9125.68,1.3,47.99,519.78,2388.19,8196.62,8.4922,0.03,396,2388,100.0,38.62,23.0517,12
92,330,0.0029,0.0004,100.0,518.67,642.98,1597.48,1423.83,14.62,21.61,552.1,2388.15,9124.28,1.3,47.86,519.83,2388.2,8188.9,8.501,0.03,394,2388,100.0,38.46,23.2033,11
92,331,0.0016,0.0005,100.0,518.67,643.33,1595.79,1419.96,14.62,21.61,551.84,2388.16,9125.7,1.3,47.94,519.66,2388.15,8193.52,8.5141,0.03,396,2388,100.0,38.48,23.0692,10
92,332,-0.0044,-0.0003,100.0,518.67,643.23,1600.19,1429.95,14.62,21.61,551.56,2388.17,9131.55,1.3,48.03,519.75,2388.22,8193.39,8.4952,0.03,394,2388,100.0,38.49,23.0253,9
92,333,-0.0025,0.0004,100.0,518.67,643.78,1600.8,1426.34,14.62,21.61,552.05,2388.21,9127.29,1.3,48.0,520.01,2388.19,8192.24,8.5241,0.03,397,2388,100.0,38.79,23.1304,8
92,334,0.0003,0.0002,100.0,518.67,643.4,1604.03,1425.17,14.62,21.61,551.5,2388.13,9130.87,1.3,47.85,520.14,2388.14,8194.6,8.5228,0.03,397,2388,100.0,38.45,23.0678,7
92,335,-0.0002,0.0004,100.0,518.67,643.66,1601.83,1432.0,14.62,21.61,551.35,2388.15,9130.7,1.3,48.07,520.04,2388.16,8197.77,8.4789,0.03,396,2388,100.0,38.36,23.0794,6
92,336,-0.0035,0.0001,100.0,518.67,643.86,1601.27,1434.22,14.62,21.61,551.52,2388.17,9132.52,1.3,48.09,520.59,2388.19,8201.25,8.5192,0.03,397,2388,100.0,38.47,23.0699,5
92,337,0.0027,-0.0,100.0,518.67,643.51,1600.95,1426.48,14.62,21.61,551.58,2388.17,9132.81,1.3,48.16,519.98,2388.17,8194.88,8.4973,0.03,396,2388,100.0,38.52,23.1537,4
92,338,-0.002,0.0004,100.0,518.67,644.17,1600.59,1425.63,14.62,21.61,551.42,2388.14,9128.64,1.3,48.08,519.7,2388.19,8201.61,8.5028,0.03,396,2388,100.0,38.35,23.0181,3
92,339,-0.0026,0.0003,100.0,518.67,643.41,1605.22,1428.24,14.62,21.61,551.18,2388.2,9137.65,1.3,48.19,519.92,2388.2,8202.93,8.5063,0.03,395,2388,100.0,38.4,23.0027,2
92,340,0.0016,0.0005,100.0,518.67,644.02,1599.06,1429.58,14.62,21.61,550.77,2388.24,9138.69,1.3,48.14,519.66,2388.15,8197.97,8.5268,0.03,396,2388,100.0,38.56,23.0422,1
92,341,-0.0,-0.0004,100.0,518.67,644.04,1607.05,1428.06,14.62,21.61,551.34,2388.23,9143.56,1.3,48.01,519.83,2388.15,8201.66,8.5403,0.03,397,2388,100.0,38.26,23.0719,0
93,1,-0.0032,-0.0001,100.0,518.67,642.51,1579.7,1402.95,14.62,21.61,554.54,2388.07,9060.7,1.3,47.13,522.42,2388.03,8139.06,8.4373,0.03,391,2388,100.0,39.03,23.3501,154
93,2,-0.0029,0.0001,100.0,518.67,642.06,1583.52,1394.46,14.62,21.61,553.95,2388.02,9062.06,1.3,47.04,521.66,2388.03,8141.41,8.4357,0.03,392,2388,100.0,38.99,23.3998,153
93,3,-0.0035,-0.0004,100.0,518.67,641.88,1583.81,1388.81,14.62,21.61,554.1,2388.06,9062.63,1.3,47.42,522.2,2387.99,8140.79,8.4127,0.03,393,2388,100.0,38.94,23.381,152
93,4,0.0013,0.0004,100.0,518.67,641.64,1584.57,1395.56,14.62,21.61,554.0,2388.05,9061.06,1.3,47.11,522.34,2388.0,8144.72,8.379,0.03,390,2388,100.0,39.03,23.4494,151
93,5,0.0023,0.0004,100.0,518.67,642.66,1583.04,1394.77,14.62,21.61,554.81,2388.08,9062.0,1.3,47.19,522.28,2387.97,8144.23,8.397,0.03,392,2388,100.0,38.94,23.31,150
93,6,0.0,-0.0004,100.0,518.67,642.15,1585.54,1398.23,14.62,21.61,553.91,2387.99,9066.45,1.3,47.53,523.04,2387.98,8141.67,8.4252,0.03,392,2388,100.0,38.9,23.2549,149
93,7,-0.0007,0.0001,100.0,518.67,642.17,1592.67,1398.81,14.62,21.61,553.88,2388.09,9054.66,1.3,47.25,522.31,2388.05,8143.05,8.3991,0.03,393,2388,100.0,39.05,23.4584,148
93,8,-0.0024,0.0001,100.0,518.67,641.94,1577.83,1399.59,14.62,21.61,554.3,2388.05,9065.07,1.3,47.43,522.55,2387.98,8139.83,8.4123,0.03,391,2388,100.0,38.99,23.4375,147
93,9,-0.0,0.0005,100.0,518.67,642.07,1590.77,1404.51,14.62,21.61,554.58,2387.97,9057.62,1.3,47.24,522.33,2388.01,8141.93,8.4321,0.03,395,2388,100.0,39.08,23.339,146
93,10,-0.0018,0.0,100.0,518.67,642.0,1584.78,1398.88,14.62,21.61,554.22,2388.03,9063.0,1.3,47.34,522.41,2388.06,8147.38,8.3859,0.03,392,2388,100.0,38.92,23.3936,145
93,11,0.0016,0.0003,100.0,518.67,642.13,1585.78,1397.07,14.62,21.61,554.43,2388.03,9063.65,1.3,47.32,521.9,2388.02,8137.68,8.4371,0.03,391,2388,100.0,38.97,23.2917,144
93,12,0.0024,-0.0001,100.0,518.67,641.88,1591.53,1395.74,14.62,21.61,554.54,2388.02,9058.5,1.3,47.2,522.22,2387.99,8146.48,8.4631,0.03,392,2388,100.0,38.95,23.4204,143
93,13,-0.0016,-0.0001,100.0,518.67,642.09,1587.5,1395.74,14.62,21.61,554.58,2387.98,9059.31,1.3,47.27,522.32,2388.02,8140.39,8.3733,0.03,392,2388,100.0,39.12,23.3624,142
93,14,-0.0011,-0.0003,100.0,518.67,642.55,1578.26,1407.54,14.62,21.61,554.7,2387.98,9063.17,1.3,47.35,522.08,2388.03,8143.4,8.4249,0.03,391,2388,100.0,39.04,23.3249,141
93,15,0.002,0.0004,100.0,518.67,641.74,1591.68,1397.78,14.62,21.61,554.8,2388.04,9057.33,1.3,47.2,522.13,2387.99,8150.6,8.3771,0.03,390,2388,100.0,39.03,23.3488,140
93,16,0.0012,-0.0001,100.0,518.67,641.99,1583.33,1400.41,14.62,21.61,554.26,2388.07,9053.17,1.3,47.19,521.68,2388.04,8137.32,8.418,0.03,392,2388,100.0,38.95,23.3007,139
93,17,-0.002,-0.0004,100.0,518.67,642.4,1583.88,1400.02,14.62,21.61,554.02,2388.01,9062.9,1.3,47.29,521.88,2388.05,8145.88,8.4206,0.03,391,2388,100.0,39.07,23.4115,138
93,18,-0.0015,-0.0004,100.0,518.67,642.14,1575.08,1405.49,14.62,21.61,554.59,2388.0,9058.84,1.3,47.34,521.9,2388.04,8141.36,8.4278,0.03,392,2388,100.0,38.81,23.4692,137
93,19,0.0003,-0.0004,100.0,518.67,642.19,1590.07,1397.8,14.62,21.61,553.86,2388.06,9059.77,1.3,47.16,522.44,2388.03,8141.03,8.3891,0.03,392,2388,100.0,39.03,23.2859,136
93,20,-0.0029,-0.0002,100.0,518.67,642.04,1587.41,1400.46,14.62,21.61,554.37,2388.06,9062.78,1.3,47.32,522.25,2388.01,8143.85,8.4121,0.03,392,2388,100.0,38.88,23.3637,135
93,21,0.0034,-0.0002,100.0,518.67,642.15,1585.73,1405.02,14.62,21.61,554.26,2388.04,9060.61,1.3,47.48,522.53,2388.02,8143.45,8.4088,0.03,391,2388,100.0,39.02,23.4172,134
93,22,0.0001,-0.0002,100.0,518.67,641.97,1589.43,1398.5,14.62,21.61,554.37,2388.02,9063.9,1.3,47.26,521.82,2387.98,8145.87,8.4277,0.03,392,2388,100.0,38.95,23.2934,133
93,23,0.0011,0.0002,100.0,518.67,642.46,1588.59,1403.26,14.62,21.6,553.99,2388.0,9063.86,1.3,47.33,522.57,2388.08,8145.91,8.4197,0.03,391,2388,100.0,39.05,23.3539,132
93,24,-0.0005,0.0002,100.0,518.67,642.39,1578.51,1397.71,14.62,21.61,554.46,2388.04,9059.71,1.3,47.26,522.44,2388.03,8139.68,8.4333,0.03,390,2388,100.0,38.81,23.4792,131
93,25,0.0,-0.0003,100.0,518.67,642.35,1580.64,1401.57,14.62,21.61,553.97,2388.03,9068.92,1.3,47.43,522.01,2388.06,8138.19,8.4482,0.03,392,2388,100.0,39.04,23.4259,130
93,26,-0.0004,0.0005,100.0,518.67,642.06,1585.43,1397.36,14.62,21.61,554.77,2388.0,9049.76,1.3,47.08,522.6,2388.02,8139.33,8.4149,0.03,391,2388,100.0,38.97,23.2488,129
93,27,-0.0004,0.0001,100.0,518.67,642.31,1588.46,1400.88,14.62,21.61,554.56,2387.99,9061.56,1.3,47.15,522.1,2388.0,8144.74,8.4,0.03,392,2388,100.0,38.96,23.3691,128
93,28,0.0007,-0.0002,100.0,518.67,642.12,1587.13,1398.04,14.62,21.61,554.42,2388.04,9068.01,1.3,47.22,521.82,2388.01,8146.0,8.432,0.03,391,2388,100.0,38.95,23.3347,127
93,29,-0.0004,0.0004,100.0,518.67,641.66,1580.35,1404.17,14.62,21.61,553.95,2388.03,9061.99,1.3,47.11,521.87,2388.13,8149.89,8.3854,0.03,390,2388,100.0,39.09,23.3577,126
93,30,-0.0026,0.0005,100.0,518.67,642.63,1587.73,1401.9,14.62,21.61,554.28,2388.05,9061.31,1.3,47.27,521.94,2388.01,8143.35,8.4132,0.03,392,2388,100.0,39.0,23.3961,125
93,31,-0.003,0.0003,100.0,518.67,642.45,1583.37,1404.61,14.62,21.61,554.0,2388.03,9059.16,1.3,47.07,522.24,2388.02,8140.57,8.4343,0.03,392,2388,100.0,39.08,23.526,124
93,32,0.0023,-0.0002,100.0,518.67,642.21,1592.82,1405.31,14.62,21.61,554.2,2388.08,9064.25,1.3,47.15,522.56,2387.99,8141.95,8.4177,0.03,391,2388,100.0,39.1,23.3063,123
93,33,0.001,-0.0002,100.0,518.67,642.05,1582.57,1395.11,14.62,21.61,554.16,2388.02,9063.94,1.3,47.07,522.43,2388.05,8146.1,8.4023,0.03,391,2388,100.0,38.99,23.3747,122
93,34,0.0064,-0.0001,100.0,518.67,642.56,1589.82,1386.29,14.62,21.61,554.26,2388.03,9068.16,1.3,47.28,521.93,2388.06,8145.14,8.4112,0.03,392,2388,100.0,39.04,23.419,121
93,35,-0.0054,-0.0001,100.0,518.67,642.0,1591.39,1395.39,14.62,21.61,553.64,2388.04,9060.18,1.3,47.38,522.27,2388.01,8139.05,8.432,0.03,392,2388,100.0,38.97,23.383,120
93,36,0.0026,0.0003,100.0,518.67,642.15,1577.88,1395.64,14.62,21.61,554.0,2388.03,9057.78,1.3,47.07,521.16,2388.03,8142.32,8.4367,0.03,393,2388,100.0,38.95,23.3592,119
93,37,0.0004,-0.0003,100.0,518.67,642.19,1586.89,1405.15,14.62,21.61,553.94,2388.01,9071.15,1.3,47.18,522.8,2388.0,8138.67,8.3954,0.03,392,2388,100.0,39.01,23.3922,118
93,38,0.0014,-0.0001,100.0,518.67,642.45,1591.49,1400.04,14.62,21.61,553.71,2388.07,9063.87,1.3,47.37,522.11,2388.02,8146.28,8.4347,0.03,393,2388,100.0,39.0,23.3595,117
93,39,-0.0033,0.0001,100.0,518.67,642.21,1587.41,1396.13,14.62,21.61,554.04,2388.02,9058.95,1.3,47.07,521.19,2388.01,8141.34,8.4289,0.03,391,2388,100.0,38.87,23.4622,116
93,40,0.0012,0.0005,100.0,518.67,642.84,1583.49,1403.31,14.62,21.61,554.06,2388.07,9056.56,1.3,47.27,521.58,2388.03,8147.6,8.4133,0.03,392,2388,100.0,39.01,23.3409,115
93,41,0.0011,0.0001,100.0,518.67,642.03,1585.82,1388.75,14.62,21.61,553.7,2388.03,9056.21,1.3,47.18,522.06,2388.02,8144.71,8.398,0.03,391,2388,100.0,38.95,23.4546,114
93,42,-0.005,0.0,100.0,518.67,641.77,1581.84,1402.11,14.62,21.61,554.06,2388.0,9060.62,1.3,47.2,521.89,2388.06,8143.16,8.3853,0.03,393,2388,100.0,38.97,23.4096,113
93,43,-0.0006,-0.0003,100.0,518.67,642.66,1590.02,1400.53,14.62,21.61,553.83,2388.05,9058.82,1.3,47.44,522.25,2388.03,8139.16,8.3885,0.03,391,2388,100.0,38.95,23.3824,112
93,44,-0.0009,0.0005,100.0,518.67,642.26,1579.57,1403.01,14.62,21.61,553.39,2388.08,9059.16,1.3,47.19,522.28,2388.05,8141.3,8.449,0.03,391,2388,100.0,38.9,23.3625,111
93,45,-0.0015,-0.0001,100.0,518.67,642.1,1580.86,1398.83,14.62,21.61,554.46,2388.05,9068.15,1.3,47.24,522.06,2388.02,8144.73,8.3365,0.03,391,2388,100.0,38.83,23.3948,110
93,46,0.0006,0.0003,100.0,518.67,642.42,1587.65,1403.45,14.62,21.61,554.48,2388.03,9061.63,1.3,47.4,521.78,2388.07,8144.5,8.42,0.03,391,2388,100.0,38.93,23.3844,109
93,47,-0.0005,0.0005,100.0,518.67,642.22,1581.14,1399.4,14.62,21.61,554.56,2388.0,9060.76,1.3,47.24,521.38,2388.04,8138.84,8.4657,0.03,392,2388,100.0,39.09,23.2828,108
93,48,0.0027,-0.0,100.0,518.67,642.2,1581.03,1397.15,14.62,21.61,554.21,2388.01,9053.7,1.3,47.23,521.67,2388.06,8142.37,8.4587,0.03,392,2388,100.0,38.99,23.395,107
93,49,0.0015,0.0004,100.0,518.67,642.67,1586.7,1399.43,14.62,21.61,554.38,2388.12,9051.11,1.3,47.2,522.3,2388.03,8141.96,8.3865,0.03,391,2388,100.0,38.81,23.4098,106
93,50,-0.0029,0.0001,100.0,518.67,642.77,1591.11,1398.31,14.62,21.61,553.63,2387.99,9055.0,1.3,47.26,521.63,2387.98,8143.15,8.3442,0.03,392,2388,100.0,38.83,23.4036,105
93,51,-0.0023,0.0002,100.0,518.67,642.24,1583.89,1400.62,14.62,21.61,554.21,2388.03,9070.23,1.3,47.25,521.82,2388.04,8152.68,8.3968,0.03,392,2388,100.0,38.92,23.3083,104
93,52,0.0013,0.0003,100.0,518.67,642.11,1583.97,1403.76,14.62,21.61,554.1,2388.03,9059.69,1.3,47.41,521.89,2388.09,8141.51,8.4019,0.03,392,2388,100.0,39.04,23.4703,103
93,53,-0.0007,0.0003,100.0,518.67,642.89,1576.32,1397.79,14.62,21.61,554.03,2387.99,9062.45,1.3,47.28,522.14,2388.06,8138.02,8.3933,0.03,393,2388,100.0,38.97,23.2884,102
93,54,-0.0026,-0.0004,100.0,518.67,641.66,1584.01,1402.01,14.62,21.61,554.14,2387.96,9062.23,1.3,47.57,522.01,2388.03,8141.24,8.4084,0.03,392,2388,100.0,39.03,23.3563,101
93,55,-0.0022,-0.0,100.0,518.67,641.95,1590.86,1397.56,14.62,21.6,554.15,2388.06,9058.54,1.3,47.48,521.62,2388.01,8140.8,8.3655,0.03,391,2388,100.0,38.98,23.427,100
93,56,0.0021,-0.0001,100.0,518.67,641.72,1592.11,1403.0,14.62,21.61,554.77,2388.01,9059.37,1.3,47.2,522.37,2388.05,8142.43,8.4458,0.03,392,2388,100.0,39.12,23.2846,99
93,57,0.0002,-0.0004,100.0,518.67,642.16,1588.7,1403.15,14.62,21.61,553.91,2388.02,9064.33,1.3,47.27,522.07,2388.02,8142.28,8.4497,0.03,392,2388,100.0,38.92,23.4204,98
93,58,0.0007,0.0004,100.0,518.67,642.74,1586.71,1402.02,14.62,21.61,554.14,2388.01,9066.28,1.3,47.32,522.1,2388.01,8143.78,8.4171,0.03,393,2388,100.0,39.13,23.3799,97
93,59,0.001,0.0002,100.0,518.67,642.16,1585.41,1403.26,14.62,21.61,554.0,2388.05,9058.6,1.3,47.27,522.06,2388.05,8142.57,8.4343,0.03,392,2388,100.0,38.93,23.3422,96
93,60,-0.0016,0.0005,100.0,518.67,642.35,1583.99,1406.37,14.62,21.61,554.01,2388.06,9066.47,1.3,47.45,521.75,2388.04,8145.46,8.3981,0.03,391,2388,100.0,38.98,23.5351,95
93,61,0.0007,0.0004,100.0,518.67,642.25,1585.11,1397.99,14.62,21.61,554.26,2388.01,9059.35,1.3,47.44,522.07,2388.04,8143.41,8.3813,0.03,393,2388,100.0,38.7,23.3242,94
93,62,-0.0036,-0.0003,100.0,518.67,642.63,1582.12,1396.84,14.62,21.61,554.18,2388.03,9063.41,1.3,47.47,521.99,2388.02,8143.72,8.4442,0.03,392,2388,100.0,39.09,23.2784,93
93,63,0.0025,0.0004,100.0,518.67,642.13,1587.61,1403.96,14.62,21.6,554.5,2388.06,9062.21,1.3,47.49,522.14,2388.05,8141.16,8.4301,0.03,394,2388,100.0,39.06,23.3871,92
93,64,0.0023,0.0002,100.0,518.67,641.69,1587.33,1404.9,14.62,21.61,554.37,2388.06,9063.82,1.3,47.31,522.07,2388.07,8146.49,8.3889,0.03,393,2388,100.0,38.92,23.3226,91
93,65,0.0016,-0.0004,100.0,518.67,641.82,1585.99,1402.55,14.62,21.61,554.15,2388.05,9054.08,1.3,47.4,522.25,2387.96,8137.26,8.3916,0.03,393,2388,100.0,39.09,23.4733,90
93,66,-0.003,-0.0003,100.0,518.67,641.83,1592.16,1400.57,14.62,21.61,554.15,2388.01,9060.67,1.3,47.37,521.27,2388.06,8140.84,8.4255,0.03,393,2388,100.0,38.74,23.3521,89
93,67,-0.0018,-0.0004,100.0,518.67,642.6,1584.13,1397.59,14.62,21.61,554.08,2388.02,9064.41,1.3,47.36,521.77,2388.07,8143.75,8.382,0.03,394,2388,100.0,38.97,23.2231,88
93,68,-0.003,0.0002,100.0,518.67,642.39,1585.98,1404.64,14.62,21.61,554.17,2388.1,9066.44,1.3,47.34,522.51,2387.99,8146.52,8.3909,0.03,393,2388,100.0,38.93,23.3535,87
93,69,-0.0021,-0.0001,100.0,518.67,642.33,1588.38,1392.02,14.62,21.61,553.92,2388.05,9057.19,1.3,47.49,521.97,2388.08,8144.88,8.4009,0.03,391,2388,100.0,38.95,23.3082,86
93,70,-0.003,0.0001,100.0,518.67,642.76,1583.26,1401.75,14.62,21.61,553.67,2388.05,9063.12,1.3,47.47,521.44,2388.11,8136.38,8.404,0.03,393,2388,100.0,38.95,23.3257,85
93,71,-0.0007,0.0002,100.0,518.67,642.45,1585.17,1407.3,14.62,21.61,553.67,2388.03,9063.3,1.3,47.39,522.45,2388.03,8146.22,8.4027,0.03,392,2388,100.0,38.96,23.2835,84
93,72,0.0008,0.0003,100.0,518.67,642.53,1590.39,1403.15,14.62,21.61,554.19,2388.07,9058.83,1.3,47.37,522.07,2388.05,8141.78,8.3885,0.03,393,2388,100.0,38.94,23.3261,83
93,73,-0.0052,-0.0004,100.0,518.67,642.34,1585.74,1405.91,14.62,21.61,553.94,2388.06,9059.73,1.3,47.36,521.53,2388.04,8144.8,8.4234,0.03,393,2388,100.0,39.12,23.2725,82
93,74,0.0007,0.0003,100.0,518.67,642.45,1580.14,1402.48,14.62,21.61,553.43,2388.08,9064.92,1.3,47.43,522.07,2388.02,8138.76,8.4324,0.03,391,2388,100.0,38.83,23.4194,81
93,75,0.0011,-0.0002,100.0,518.67,642.48,1583.4,1404.88,14.62,21.61,553.69,2388.08,9069.7,1.3,47.46,521.5,2388.01,8145.42,8.4192,0.03,391,2388,100.0,39.01,23.3159,80
93,76,-0.0022,0.0004,100.0,518.67,641.99,1581.51,1399.16,14.62,21.61,553.82,2388.03,9070.46,1.3,47.42,522.24,2388.05,8141.89,8.4494,0.03,392,2388,100.0,38.94,23.3328,79
93,77,0.0004,0.0005,100.0,518.67,642.73,1585.39,1409.38,14.62,21.61,553.61,2388.11,9064.31,1.3,47.36,521.96,2388.02,8142.41,8.4487,0.03,392,2388,100.0,38.75,23.4681,78
93,78,-0.0016,0.0003,100.0,518.67,642.38,1581.38,1403.96,14.62,21.61,553.76,2388.07,9055.95,1.3,47.27,522.04,2388.01,8139.1,8.423,0.03,392,2388,100.0,38.91,23.3571,77
93,79,-0.0009,0.0003,100.0,518.67,642.5,1582.64,1405.45,14.62,21.61,553.55,2388.05,9063.8,1.3,47.2,521.97,2388.09,8144.61,8.3958,0.03,392,2388,100.0,38.85,23.2773,76
93,80,-0.0008,0.0005,100.0,518.67,641.87,1584.95,1406.25,14.62,21.61,553.93,2388.06,9057.95,1.3,47.37,521.26,2388.09,8142.25,8.4193,0.03,395,2388,100.0,38.96,23.4346,75
93,81,0.0015,0.0004,100.0,518.67,642.51,1586.93,1404.91,14.62,21.61,554.66,2388.02,9057.79,1.3,47.41,521.7,2388.06,8143.69,8.4265,0.03,391,2388,100.0,38.75,23.34,74
93,82,-0.0006,-0.0004,100.0,518.67,642.62,1587.91,1404.35,14.62,21.61,553.69,2388.05,9068.04,1.3,47.44,521.65,2388.06,8140.86,8.4398,0.03,393,2388,100.0,38.87,23.3893,73
93,83,0.0004,0.0001,100.0,518.67,642.2,1589.82,1407.63,14.62,21.61,553.52,2388.09,9067.4,1.3,47.52,521.68,2388.05,8145.5,8.437,0.03,393,2388,100.0,38.9,23.3653,72
93,84,0.0003,-0.0002,100.0,518.67,642.53,1590.72,1405.63,14.62,21.61,553.5,2388.03,9059.27,1.3,47.4,521.6,2388.1,8144.9,8.4416,0.03,392,2388,100.0,38.98,23.3274,71
93,85,-0.0021,0.0,100.0,518.67,642.54,1584.24,1406.3,14.62,21.61,554.07,2388.03,9070.11,1.3,47.42,521.46,2388.07,8144.62,8.4382,0.03,392,2388,100.0,38.96,23.3757,70
93,86,0.003,0.0004,100.0,518.67,641.95,1589.58,1408.57,14.62,21.61,553.66,2388.08,9064.9,1.3,47.54,521.44,2388.05,8146.84,8.4622,0.03,393,2388,100.0,38.98,23.3607,69
93,87,0.0024,-0.0,100.0,518.67,642.64,1595.75,1409.26,14.62,21.61,553.03,2388.11,9064.26,1.3,47.64,521.8,2388.06,8143.58,8.4241,0.03,391,2388,100.0,38.83,23.3294,68
93,88,-0.0028,-0.0004,100.0,518.67,642.77,1589.68,1405.07,14.62,21.61,553.34,2388.05,9069.06,1.3,47.37,521.74,2388.07,8129.98,8.4179,0.03,393,2388,100.0,38.89,23.351,67
93,89,0.0007,-0.0001,100.0,518.67,642.46,1590.6,1408.35,14.62,21.61,554.44,2388.02,9058.17,1.3,47.47,522.15,2388.08,8140.85,8.4206,0.03,392,2388,100.0,38.96,23.2839,66
93,90,-0.0002,0.0005,100.0,518.67,642.75,1585.44,1401.07,14.62,21.61,553.83,2388.09,9066.97,1.3,47.54,521.85,2388.07,8141.74,8.3924,0.03,392,2388,100.0,38.93,23.3511,65
93,91,0.0009,-0.0003,100.0,518.67,642.07,1580.49,1408.78,14.62,21.61,553.74,2388.05,9065.54,1.3,47.48,521.7,2388.05,8141.01,8.4429,0.03,392,2388,100.0,39.03,23.3163,64
93,92,0.005,0.0002,100.0,518.67,642.85,1588.85,1398.35,14.62,21.61,553.33,2388.05,9061.41,1.3,47.59,522.0,2388.09,8144.84,8.4174,0.03,394,2388,100.0,38.87,23.4654,63
93,93,-0.0024,0.0002,100.0,518.67,642.83,1589.44,1409.78,14.62,21.61,553.17,2388.07,9062.6,1.3,47.38,521.57,2388.11,8143.18,8.3855,0.03,393,2388,100.0,38.79,23.3849,62
93,94,-0.0006,0.0004,100.0,518.67,642.58,1589.08,1407.43,14.62,21.61,553.37,2388.08,9063.31,1.3,47.64,521.61,2388.05,8148.13,8.4153,0.03,391,2388,100.0,38.84,23.3869,61
93,95,-0.0008,-0.0,100.0,518.67,642.86,1591.35,1408.12,14.62,21.61,554.09,2388.03,9066.51,1.3,47.45,521.59,2388.01,8145.25,8.4516,0.03,394,2388,100.0,39.06,23.3451,60
93,96,0.0013,0.0005,100.0,518.67,642.72,1585.77,1397.82,14.62,21.61,553.95,2388.02,9065.32,1.3,47.61,521.71,2388.04,8144.84,8.4359,0.03,393,2388,100.0,38.85,23.3058,59
93,97,-0.0038,0.0003,100.0,518.67,642.52,1586.19,1403.1,14.62,21.61,554.84,2388.04,9070.57,1.3,47.34,521.77,2388.07,8145.4,8.4526,0.03,393,2388,100.0,38.92,23.3804,58
93,98,-0.0013,-0.0003,100.0,518.67,641.85,1588.24,1409.43,14.62,21.61,554.11,2388.12,9064.42,1.3,47.64,521.74,2388.06,8144.51,8.4052,0.03,393,2388,100.0,38.88,23.3068,57
93,99,0.0006,0.0005,100.0,518.67,642.34,1591.79,1405.81,14.62,21.61,554.1,2388.1,9057.39,1.3,47.53,521.68,2388.07,8140.11,8.4218,0.03,393,2388,100.0,38.92,23.4398,56
93,100,0.0017,0.0004,100.0,518.67,642.41,1585.46,1406.68,14.62,21.61,553.11,2388.08,9063.8,1.3,47.51,521.97,2388.11,8144.57,8.4413,0.03,391,2388,100.0,38.77,23.2732,55
93,101,-0.0018,0.0005,100.0,518.67,642.78,1590.13,1408.17,14.62,21.61,553.87,2388.05,9064.79,1.3,47.65,521.67,2388.07,8140.61,8.4469,0.03,393,2388,100.0,38.82,23.3281,54
93,102,-0.0016,0.0002,100.0,518.67,642.89,1591.14,1402.03,14.62,21.61,553.29,2388.08,9060.28,1.3,47.54,521.07,2388.11,8144.56,8.4351,0.03,395,2388,100.0,38.88,23.2447,53
93,103,0.0027,-0.0002,100.0,518.67,642.44,1592.5,1411.61,14.62,21.61,553.87,2388.11,9057.54,1.3,47.48,521.01,2388.04,8139.82,8.4389,0.03,394,2388,100.0,38.9,23.2774,52
93,104,-0.0031,0.0001,100.0,518.67,642.1,1591.78,1405.31,14.62,21.61,553.75,2388.11,9059.99,1.3,47.56,520.91,2388.09,8145.62,8.4361,0.03,393,2388,100.0,38.64,23.4862,51
93,105,0.0015,0.0004,100.0,518.67,642.47,1591.03,1400.55,14.62,21.61,553.26,2388.12,9065.44,1.3,47.47,521.32,2388.07,8141.63,8.4298,0.03,395,2388,100.0,38.77,23.1773,50
93,106,-0.0047,-0.0004,100.0,518.67,642.24,1585.26,1413.02,14.62,21.61,552.98,2388.06,9068.27,1.3,47.5,521.17,2388.11,8140.77,8.4158,0.03,392,2388,100.0,38.74,23.4261,49
93,107,-0.0028,-0.0004,100.0,518.67,642.7,1590.69,1410.27,14.62,21.61,553.14,2388.1,9071.93,1.3,47.44,521.55,2388.1,8142.48,8.4397,0.03,393,2388,100.0,38.82,23.2549,48
93,108,-0.0035,-0.0,100.0,518.67,642.35,1586.55,1409.36,14.62,21.61,553.28,2388.14,9066.28,1.3,47.43,521.24,2388.12,8138.46,8.4353,0.03,393,2388,100.0,38.81,23.2275,47
93,109,-0.0006,0.0002,100.0,518.67,642.82,1592.48,1407.74,14.62,21.61,553.04,2388.14,9068.03,1.3,47.47,521.6,2388.15,8146.41,8.4398,0.03,393,2388,100.0,38.78,23.2493,46
93,110,0.0023,0.0001,100.0,518.67,642.57,1589.87,1414.9,14.62,21.61,552.9,2388.11,9066.27,1.3,47.71,520.96,2388.07,8140.71,8.4357,0.03,394,2388,100.0,38.93,23.2599,45
93,111,0.0013,0.0001,100.0,518.67,642.35,1579.17,1414.88,14.62,21.61,553.22,2388.11,9061.05,1.3,47.62,521.48,2388.13,8142.82,8.4442,0.03,393,2388,100.0,38.73,23.2775,44
93,112,0.0002,-0.0001,100.0,518.67,642.75,1602.29,1407.51,14.62,21.61,553.76,2388.01,9064.94,1.3,47.42,520.64,2388.04,8139.73,8.4054,0.03,393,2388,100.0,38.75,23.2543,43
93,113,0.0016,0.0005,100.0,518.67,642.2,1592.3,1411.81,14.62,21.61,553.19,2388.11,9066.19,1.3,47.48,521.54,2388.12,8146.45,8.4576,0.03,395,2388,100.0,38.86,23.2804,42
93,114,-0.0047,-0.0001,100.0,518.67,642.78,1582.66,1418.45,14.62,21.61,552.85,2388.12,9065.67,1.3,47.49,520.75,2388.11,8145.57,8.4631,0.03,393,2388,100.0,38.69,23.2189,41
93,115,-0.0021,-0.0,100.0,518.67,642.24,1589.85,1414.88,14.62,21.61,553.31,2388.15,9061.57,1.3,47.68,521.06,2388.13,8137.63,8.4427,0.03,394,2388,100.0,38.77,23.2818,40
93,116,-0.0021,-0.0,100.0,518.67,642.75,1583.22,1412.31,14.62,21.61,553.5,2388.11,9058.81,1.3,47.59,521.29,2388.13,8149.32,8.4901,0.03,392,2388,100.0,38.74,23.3533,39
93,117,-0.0027,0.0005,100.0,518.67,643.11,1593.53,1409.26,14.62,21.61,553.51,2388.07,9065.38,1.3,47.48,521.09,2388.08,8142.22,8.4635,0.03,393,2388,100.0,38.66,23.237,38
93,118,0.0002,-0.0,100.0,518.67,643.01,1588.31,1415.0,14.62,21.61,552.8,2388.09,9060.44,1.3,47.76,521.03,2388.12,8147.25,8.468,0.03,394,2388,100.0,38.74,23.2127,37
93,119,-0.0013,0.0002,100.0,518.67,642.94,1600.33,1417.43,14.62,21.61,552.52,2388.07,9055.98,1.3,47.6,521.45,2388.13,8141.63,8.4529,0.03,393,2388,100.0,38.83,23.1137,36
93,120,-0.001,0.0001,100.0,518.67,642.44,1592.27,1412.49,14.62,21.61,553.29,2388.17,9066.94,1.3,47.63,521.49,2388.17,8143.99,8.4894,0.03,394,2388,100.0,38.86,23.268,35
93,121,0.0025,0.0004,100.0,518.67,643.1,1590.6,1412.04,14.62,21.61,552.77,2388.1,9071.0,1.3,47.69,521.41,2388.11,8140.0,8.4549,0.03,394,2388,100.0,38.91,23.3353,34
93,122,-0.0004,0.0003,100.0,518.67,642.81,1588.64,1409.63,14.62,21.61,552.94,2388.15,9065.08,1.3,47.67,520.68,2388.11,8142.81,8.4514,0.03,396,2388,100.0,38.8,23.3032,33
93,123,0.001,0.0003,100.0,518.67,642.63,1590.75,1410.54,14.62,21.61,553.26,2388.16,9068.06,1.3,47.91,521.1,2388.08,8137.09,8.4585,0.03,392,2388,100.0,38.64,23.2347,32
93,124,-0.0017,0.0003,100.0,518.67,643.09,1583.78,1413.49,14.62,21.61,553.64,2388.19,9060.97,1.3,47.62,521.32,2388.14,8140.56,8.4398,0.03,394,2388,100.0,38.67,23.1611,31
93,125,0.0015,0.0003,100.0,518.67,642.82,1595.08,1422.75,14.62,21.61,553.06,2388.17,9071.07,1.3,47.66,520.54,2388.15,8141.95,8.5068,0.03,393,2388,100.0,38.59,23.1397,30
93,126,-0.0023,0.0001,100.0,518.67,643.09,1586.82,1415.7,14.62,21.61,552.74,2388.16,9065.48,1.3,47.73,521.02,2388.15,8149.01,8.4748,0.03,393,2388,100.0,38.72,23.1972,29
93,127,0.0019,0.0,100.0,518.67,642.25,1598.49,1415.58,14.62,21.61,552.88,2388.17,9076.08,1.3,47.59,520.8,2388.12,8147.37,8.4614,0.03,394,2388,100.0,38.79,23.3213,28
93,128,-0.0024,0.0,100.0,518.67,643.02,1596.28,1421.63,14.62,21.61,552.58,2388.17,9060.0,1.3,47.67,520.51,2388.09,8142.15,8.4669,0.03,395,2388,100.0,38.75,23.3117,27
93,129,0.0016,-0.0002,100.0,518.67,643.09,1586.63,1419.79,14.62,21.61,552.89,2388.18,9070.53,1.3,47.68,520.63,2388.12,8138.75,8.4476,0.03,394,2388,100.0,38.93,23.2861,26
93,130,-0.0007,0.0005,100.0,518.67,643.06,1592.74,1416.36,14.62,21.61,552.38,2388.14,9061.5,1.3,47.84,521.56,2388.17,8144.69,8.4627,0.03,394,2388,100.0,38.52,23.2895,25
93,131,0.0022,0.0006,100.0,518.67,643.19,1588.68,1417.03,14.62,21.61,552.48,2388.17,9070.52,1.3,47.56,520.56,2388.15,8139.41,8.4832,0.03,392,2388,100.0,38.67,23.2531,24
93,132,0.0006,0.0003,100.0,518.67,643.39,1601.82,1414.52,14.62,21.61,552.76,2388.12,9053.98,1.3,47.89,520.89,2388.14,8139.44,8.4785,0.03,392,2388,100.0,38.75,23.1035,23
93,133,-0.0012,0.0002,100.0,518.67,642.9,1597.63,1411.69,14.62,21.61,552.45,2388.12,9065.39,1.3,47.93,520.51,2388.2,8144.9,8.4251,0.03,395,2388,100.0,38.68,23.127,22
93,134,0.0018,-0.0003,100.0,518.67,642.79,1598.16,1418.44,14.62,21.61,552.59,2388.18,9063.85,1.3,47.73,520.75,2388.19,8144.63,8.4851,0.03,395,2388,100.0,38.67,23.2983,21
93,135,-0.0009,0.0004,100.0,518.67,643.62,1593.49,1411.44,14.62,21.61,553.1,2388.24,9069.53,1.3,47.82,520.55,2388.16,8138.61,8.501,0.03,393,2388,100.0,38.57,23.2482,20
93,136,-0.0013,0.0005,100.0,518.67,642.91,1609.52,1415.21,14.62,21.61,552.7,2388.16,9065.37,1.3,47.71,520.93,2388.26,8137.45,8.5072,0.03,395,2388,100.0,38.68,23.1555,19
93,137,0.0003,-0.0003,100.0,518.67,643.42,1597.9,1407.36,14.62,21.61,552.42,2388.16,9070.11,1.3,47.99,520.4,2388.2,8137.44,8.4693,0.03,395,2388,100.0,38.73,23.1159,18
93,138,0.0005,-0.0002,100.0,518.67,643.05,1592.87,1418.14,14.62,21.61,552.26,2388.18,9068.3,1.3,47.86,520.81,2388.18,8138.89,8.5216,0.03,395,2388,100.0,38.48,23.1711,17
93,139,0.0016,0.0004,100.0,518.67,643.24,1593.36,1416.3,14.62,21.61,552.63,2388.14,9065.47,1.3,48.04,520.78,2388.13,8142.96,8.4757,0.03,396,2388,100.0,38.7,23.2691,16
93,140,0.0003,-0.0002,100.0,518.67,643.03,1596.59,1423.6,14.62,21.61,552.1,2388.19,9056.11,1.3,47.89,520.38,2388.23,8139.47,8.478,0.03,396,2388,100.0,38.59,23.0576,15
93,141,0.0004,0.0001,100.0,518.67,643.73,1594.93,1418.33,14.62,21.61,552.05,2388.19,9064.85,1.3,47.8,520.84,2388.19,8139.87,8.4894,0.03,395,2388,100.0,38.6,23.1253,14
93,142,0.0029,0.0004,100.0,518.67,643.26,1597.54,1421.15,14.62,21.61,551.58,2388.14,9062.47,1.3,47.93,520.35,2388.12,8138.23,8.4824,0.03,393,2388,100.0,38.45,23.1465,13
93,143,0.0029,0.0003,100.0,518.67,642.8,1597.51,1414.92,14.62,21.61,552.67,2388.24,9067.98,1.3,48.07,520.33,2388.26,8141.83,8.4884,0.03,394,2388,100.0,38.48,23.1075,12
93,144,-0.0024,0.0004,100.0,518.67,643.63,1603.44,1426.94,14.62,21.61,551.88,2388.17,9057.41,1.3,47.81,520.78,2388.22,8139.23,8.5239,0.03,395,2388,100.0,38.48,23.209,11
93,145,0.0003,0.0003,100.0,518.67,643.27,1599.82,1426.25,14.62,21.61,551.46,2388.2,9073.02,1.3,48.02,520.12,2388.22,8141.65,8.522,0.03,396,2388,100.0,38.66,23.0795,10
93,146,0.001,0.0004,100.0,518.67,643.63,1599.5,1418.61,14.62,21.61,551.84,2388.2,9070.44,1.3,48.11,520.54,2388.2,8138.94,8.5025,0.03,393,2388,100.0,38.51,23.1539,9
93,147,-0.0003,-0.0003,100.0,518.67,644.09,1597.71,1419.98,14.62,21.61,552.49,2388.22,9063.92,1.3,48.03,519.69,2388.18,8132.71,8.5008,0.03,396,2388,100.0,38.62,23.1075,8
93,148,-0.0058,-0.0004,100.0,518.67,643.76,1604.73,1424.21,14.62,21.61,552.03,2388.19,9070.91,1.3,48.06,519.53,2388.2,8141.14,8.4957,0.03,397,2388,100.0,38.58,23.1208,7
93,149,0.0018,0.0001,100.0,518.67,643.56,1605.47,1432.01,14.62,21.61,551.68,2388.23,9067.07,1.3,47.97,519.73,2388.28,8134.3,8.4927,0.03,396,2388,100.0,38.52,23.0482,6
93,150,-0.0025,0.0002,100.0,518.67,643.64,1601.19,1422.98,14.62,21.61,551.82,2388.23,9070.74,1.3,48.16,520.2,2388.29,8142.44,8.5236,0.03,397,2388,100.0,38.53,23.064,5
93,151,0.0034,-0.0002,100.0,518.67,643.43,1598.68,1436.78,14.62,21.61,551.11,2388.26,9062.89,1.3,48.0,519.97,2388.26,8138.51,8.5096,0.03,397,2388,100.0,38.4,23.0142,4
93,152,0.0014,0.0001,100.0,518.67,643.59,1597.97,1426.5,14.62,21.61,551.54,2388.19,9059.84,1.3,48.12,519.2,2388.22,8133.67,8.5198,0.03,395,2388,100.0,38.46,23.12,3
93,153,0.0024,0.0,100.0,518.67,643.77,1599.57,1428.83,14.62,21.61,552.0,2388.31,9068.57,1.3,48.12,519.53,2388.22,8143.45,8.5095,0.03,397,2388,100.0,38.57,23.1388,2
93,154,-0.0003,-0.0001,100.0,518.67,643.74,1604.81,1438.41,14.62,21.61,550.8,2388.22,9061.7,1.3,48.14,519.83,2388.27,8142.49,8.5313,0.03,396,2388,100.0,38.3,23.0633,1
93,155,0.0047,0.0003,100.0,518.67,643.45,1603.62,1428.64,14.62,21.61,550.75,2388.21,9068.93,1.3,48.2,519.35,2388.26,8137.0,8.488,0.03,396,2388,100.0,38.44,23.1179,0
94,1,0.0014,-0.0001,100.0,518.67,642.44,1590.79,1412.71,14.62,21.61,554.09,2388.11,9050.18,1.3,47.6,521.1,2388.13,8120.76,8.431,0.03,393,2388,100.0,38.82,23.3856,257
94,2,-0.0023,-0.0,100.0,518.67,642.73,1594.18,1404.4,14.62,21.61,554.05,2388.13,9046.86,1.3,47.46,521.43,2388.11,8126.19,8.426,0.03,393,2388,100.0,38.8,23.3724,256
94,3,0.0006,-0.0005,100.0,518.67,643.09,1587.94,1408.19,14.62,21.61,553.39,2388.13,9047.44,1.3,47.66,521.24,2388.13,8130.38,8.4463,0.03,392,2388,100.0,38.72,23.3329,255
94,4,-0.0018,0.0002,100.0,518.67,642.74,1590.48,1410.26,14.62,21.61,553.72,2388.14,9042.37,1.3,47.7,521.37,2388.11,8126.63,8.4531,0.03,393,2388,100.0,38.83,23.3149,254
94,5,0.0021,0.0002,100.0,518.67,642.88,1584.48,1409.54,14.62,21.61,554.14,2388.14,9052.69,1.3,47.52,520.9,2388.17,8129.45,8.4645,0.03,392,2388,100.0,38.74,23.278,253
94,6,0.0023,-0.0004,100.0,518.67,642.22,1591.72,1407.86,14.62,21.61,553.48,2388.13,9044.41,1.3,47.56,521.29,2388.14,8122.46,8.4455,0.03,394,2388,100.0,38.87,23.2612,252
94,7,0.0007,0.0002,100.0,518.67,642.97,1589.78,1404.21,14.62,21.61,553.08,2388.17,9048.09,1.3,47.57,521.14,2388.18,8128.42,8.4142,0.03,393,2388,100.0,38.86,23.2795,251
94,8,-0.0007,0.0001,100.0,518.67,642.52,1588.59,1409.73,14.62,21.61,553.47,2388.1,9049.85,1.3,47.55,521.08,2388.14,8122.66,8.4401,0.03,394,2388,100.0,38.93,23.1523,250
94,9,0.0003,0.0001,100.0,518.67,642.89,1593.17,1408.81,14.62,21.61,553.39,2388.16,9044.39,1.3,47.55,521.43,2388.09,8122.34,8.4478,0.03,393,2388,100.0,38.83,23.2897,249
94,10,-0.0017,-0.0003,100.0,518.67,642.04,1587.15,1405.05,14.62,21.61,553.79,2388.14,9049.58,1.3,47.48,521.65,2388.14,8125.75,8.4085,0.03,395,2388,100.0,38.98,23.344,248
94,11,-0.0008,-0.0,100.0,518.67,642.57,1588.92,1408.0,14.62,21.61,552.95,2388.13,9046.44,1.3,47.56,521.03,2388.11,8128.03,8.4192,0.03,391,2388,100.0,38.81,23.2437,247
94,12,-0.0032,-0.0005,100.0,518.67,642.74,1589.91,1414.13,14.62,21.61,553.09,2388.15,9047.25,1.3,47.54,521.36,2388.13,8129.91,8.4136,0.03,394,2388,100.0,38.83,23.3718,246
94,13,-0.0008,0.0003,100.0,518.67,643.39,1590.95,1407.04,14.62,21.61,554.46,2388.17,9042.54,1.3,47.63,521.14,2388.13,8134.34,8.504,0.03,394,2388,100.0,38.81,23.3233,245
94,14,0.0007,0.0004,100.0,518.67,642.6,1593.44,1412.94,14.62,21.61,553.12,2388.12,9044.22,1.3,47.58,521.45,2388.13,8123.96,8.4433,0.03,393,2388,100.0,38.82,23.2344,244
94,15,-0.0008,0.0001,100.0,518.67,642.69,1587.27,1405.2,14.62,21.61,553.0,2388.17,9046.89,1.3,47.54,521.48,2388.16,8129.89,8.4235,0.03,393,2388,100.0,38.77,23.2681,243
94,16,-0.0003,-0.0003,100.0,518.67,643.14,1594.29,1409.58,14.62,21.61,553.24,2388.14,9046.53,1.3,47.72,521.3,2388.06,8128.81,8.4167,0.03,392,2388,100.0,38.88,23.3135,242
94,17,0.0022,-0.0002,100.0,518.67,642.72,1588.34,1407.18,14.62,21.61,553.49,2388.08,9053.83,1.3,47.43,521.66,2388.11,8124.04,8.4182,0.03,395,2388,100.0,38.82,23.3268,241
94,18,0.0015,-0.0004,100.0,518.67,643.58,1591.88,1411.04,14.62,21.61,552.85,2388.14,9042.85,1.3,47.57,521.3,2388.16,8125.13,8.4391,0.03,392,2388,100.0,38.81,23.316,240
94,19,0.0038,-0.0004,100.0,518.67,642.65,1588.34,1408.13,14.62,21.61,553.1,2388.13,9038.02,1.3,47.55,520.77,2388.17,8127.85,8.4403,0.03,393,2388,100.0,38.75,23.1817,239
94,20,-0.0004,0.0002,100.0,518.67,642.65,1584.61,1410.11,14.62,21.61,552.91,2388.12,9038.2,1.3,47.39,521.19,2388.16,8126.79,8.4459,0.03,393,2388,100.0,38.87,23.2433,238
94,21,0.0007,0.0,100.0,518.67,642.92,1592.66,1413.1,14.62,21.61,554.0,2388.15,9042.34,1.3,47.6,521.19,2388.1,8128.5,8.4294,0.03,393,2388,100.0,39.02,23.2572,237
94,22,-0.0025,-0.0001,100.0,518.67,642.76,1597.76,1406.16,14.62,21.61,552.87,2388.07,9044.79,1.3,47.57,521.75,2388.09,8121.9,8.4522,0.03,394,2388,100.0,38.85,23.3212,236
94,23,0.0009,-0.0,100.0,518.67,642.49,1587.83,1408.72,14.62,21.61,553.82,2388.15,9044.74,1.3,47.58,521.73,2388.12,8127.97,8.4303,0.03,392,2388,100.0,39.06,23.3325,235
94,24,-0.0016,-0.0005,100.0,518.67,642.7,1582.29,1406.91,14.62,21.61,553.19,2388.08,9038.85,1.3,47.54,522.03,2388.19,8124.65,8.4534,0.03,394,2388,100.0,38.79,23.2931,234
94,25,0.004,0.0001,100.0,518.67,642.62,1582.15,1410.33,14.62,21.61,554.24,2388.08,9042.03,1.3,47.64,521.09,2388.12,8126.59,8.4209,0.03,393,2388,100.0,39.05,23.3355,233
94,26,-0.0,0.0001,100.0,518.67,642.37,1589.72,1414.06,14.62,21.61,553.66,2388.12,9044.23,1.3,47.46,521.18,2388.16,8122.65,8.4372,0.03,393,2388,100.0,38.66,23.3204,232
94,27,-0.0031,0.0001,100.0,518.67,642.7,1592.66,1410.87,14.62,21.61,553.39,2388.08,9035.75,1.3,47.64,521.07,2388.1,8125.36,8.4312,0.03,395,2388,100.0,38.9,23.2716,231
94,28,-0.0002,-0.0003,100.0,518.67,642.83,1592.76,1408.13,14.62,21.61,553.49,2388.2,9043.79,1.3,47.52,521.54,2388.14,8126.92,8.4462,0.03,394,2388,100.0,38.92,23.3661,230
94,29,0.002,-0.0003,100.0,518.67,642.92,1596.64,1407.04,14.62,21.61,553.28,2388.14,9041.21,1.3,47.56,521.16,2388.14,8124.6,8.4462,0.03,393,2388,100.0,38.65,23.336,229
94,30,-0.0,0.0001,100.0,518.67,642.64,1594.97,1411.08,14.62,21.61,553.46,2388.16,9055.34,1.3,47.69,521.14,2388.15,8128.22,8.4806,0.03,394,2388,100.0,39.03,23.2881,228
94,31,0.0047,-0.0001,100.0,518.67,642.05,1584.0,1402.17,14.62,21.61,552.98,2388.1,9045.48,1.3,47.73,521.51,2388.09,8124.73,8.4242,0.03,394,2388,100.0,38.72,23.2202,227
94,32,-0.0018,0.0004,100.0,518.67,642.29,1586.9,1408.64,14.62,21.61,553.43,2388.13,9042.48,1.3,47.55,521.0,2388.14,8125.32,8.4683,0.03,393,2388,100.0,38.82,23.3429,226
94,33,-0.0036,-0.0002,100.0,518.67,642.87,1590.02,1408.0,14.62,21.61,552.7,2388.14,9049.75,1.3,47.62,522.05,2388.16,8128.29,8.4122,0.03,392,2388,100.0,38.79,23.2454,225
94,34,-0.0021,0.0001,100.0,518.67,642.84,1587.74,1404.3,14.62,21.61,552.75,2388.19,9050.59,1.3,47.52,521.04,2388.15,8126.81,8.4228,0.03,394,2388,100.0,38.8,23.2373,224
94,35,-0.0004,0.0004,100.0,518.67,642.76,1594.56,1400.41,14.62,21.61,553.34,2388.14,9046.16,1.3,47.64,521.21,2388.1,8124.07,8.4416,0.03,394,2388,100.0,38.85,23.2637,223
94,36,0.003,0.0001,100.0,518.67,643.07,1590.24,1412.97,14.62,21.61,553.18,2388.09,9046.81,1.3,47.64,521.35,2388.16,8122.99,8.4522,0.03,394,2388,100.0,38.69,23.2729,222
94,37,0.0009,0.0001,100.0,518.67,642.88,1587.04,1413.45,14.62,21.61,553.05,2388.08,9048.76,1.3,47.44,521.13,2388.16,8133.09,8.4442,0.03,393,2388,100.0,38.78,23.369,221
94,38,-0.0001,0.0001,100.0,518.67,642.7,1591.15,1402.51,14.62,21.61,552.9,2388.14,9047.69,1.3,47.48,521.43,2388.15,8124.6,8.4478,0.03,393,2388,100.0,38.89,23.4636,220
94,39,0.0053,-0.0005,100.0,518.67,642.52,1593.84,1408.47,14.62,21.61,553.4,2388.1,9038.51,1.3,47.68,521.19,2388.09,8124.92,8.4484,0.03,393,2388,100.0,38.78,23.2749,219
94,40,0.0042,-0.0003,100.0,518.67,642.39,1591.09,1409.47,14.62,21.61,552.59,2388.07,9038.32,1.3,47.53,521.54,2388.1,8129.81,8.4285,0.03,392,2388,100.0,38.87,23.2443,218
94,41,0.0015,-0.0,100.0,518.67,642.54,1594.04,1407.24,14.62,21.61,552.63,2388.15,9046.22,1.3,47.42,521.64,2388.12,8127.6,8.4053,0.03,393,2388,100.0,38.72,23.2602,217
94,42,0.0014,0.0003,100.0,518.67,642.64,1585.88,1411.35,14.62,21.61,552.42,2388.07,9041.86,1.3,47.65,520.97,2388.12,8128.96,8.4429,0.03,392,2388,100.0,38.82,23.1934,216
94,43,-0.0018,0.0004,100.0,518.67,642.83,1585.98,1410.96,14.62,21.61,553.55,2388.16,9044.81,1.3,47.48,521.84,2388.12,8127.31,8.4303,0.03,394,2388,100.0,38.78,23.2976,215
94,44,-0.002,0.0001,100.0,518.67,642.65,1590.27,1403.28,14.62,21.61,553.07,2388.11,9043.7,1.3,47.7,521.35,2388.16,8124.66,8.4316,0.03,393,2388,100.0,38.96,23.2609,214
94,45,-0.0005,-0.0002,100.0,518.67,642.48,1586.36,1411.92,14.62,21.61,553.51,2388.13,9039.86,1.3,47.67,521.39,2388.09,8119.3,8.4862,0.03,394,2388,100.0,38.81,23.3143,213
94,46,0.0012,-0.0,100.0,518.67,642.43,1586.92,1412.32,14.62,21.61,553.09,2388.07,9044.76,1.3,47.53,520.96,2388.18,8125.68,8.4552,0.03,393,2388,100.0,38.84,23.283,212
94,47,-0.0016,-0.0005,100.0,518.67,642.71,1588.01,1415.87,14.62,21.61,553.3,2388.12,9039.99,1.3,47.55,521.02,2388.11,8125.39,8.414,0.03,392,2388,100.0,38.91,23.3137,211
94,48,-0.0001,-0.0004,100.0,518.67,642.7,1584.34,1411.37,14.62,21.61,553.41,2388.11,9045.09,1.3,47.48,521.66,2388.14,8121.65,8.4023,0.03,395,2388,100.0,39.02,23.3044,210
94,49,-0.0,-0.0002,100.0,518.67,643.04,1588.81,1406.9,14.62,21.61,553.3,2388.14,9050.35,1.3,47.57,520.88,2388.09,8126.07,8.4975,0.03,394,2388,100.0,38.75,23.3436,209
94,50,-0.0002,-0.0003,100.0,518.67,643.01,1590.56,1409.42,14.62,21.61,553.36,2388.13,9054.25,1.3,47.42,521.54,2388.16,8127.59,8.4365,0.03,394,2388,100.0,38.82,23.2742,208
94,51,0.0005,0.0004,100.0,518.67,643.3,1590.35,1409.69,14.62,21.61,553.68,2388.12,9052.1,1.3,47.48,521.12,2388.14,8124.57,8.493,0.03,392,2388,100.0,38.92,23.3295,207
94,52,-0.0031,0.0003,100.0,518.67,642.52,1592.98,1404.07,14.62,21.61,553.1,2388.14,9039.43,1.3,47.67,520.88,2388.12,8125.14,8.4463,0.03,394,2388,100.0,38.85,23.2591,206
94,53,0.001,-0.0002,100.0,518.67,642.93,1581.52,1409.68,14.62,21.61,553.67,2388.14,9044.23,1.3,47.5,521.34,2388.16,8125.47,8.4613,0.03,394,2388,100.0,38.89,23.1694,205
94,54,-0.0027,-0.0004,100.0,518.67,642.43,1593.14,1408.71,14.62,21.61,553.43,2388.1,9048.55,1.3,47.46,520.89,2388.09,8131.96,8.4273,0.03,393,2388,100.0,38.86,23.1906,204
94,55,-0.0014,0.0002,100.0,518.67,642.75,1591.49,1403.86,14.62,21.61,553.47,2388.18,9040.64,1.3,47.29,521.13,2388.15,8126.72,8.4577,0.03,392,2388,100.0,38.95,23.3929,203
94,56,0.0034,0.0002,100.0,518.67,642.11,1593.04,1406.5,14.62,21.61,552.43,2388.14,9044.39,1.3,47.66,520.8,2388.14,8127.06,8.4487,0.03,393,2388,100.0,38.79,23.3,202
94,57,-0.0002,0.0003,100.0,518.67,643.04,1589.62,1406.78,14.62,21.61,552.04,2388.14,9052.54,1.3,47.64,521.18,2388.15,8127.56,8.4621,0.03,394,2388,100.0,38.87,23.2951,201
94,58,0.0001,-0.0005,100.0,518.67,642.58,1590.55,1409.17,14.62,21.61,553.85,2388.14,9038.69,1.3,47.42,521.87,2388.14,8127.56,8.4476,0.03,393,2388,100.0,38.95,23.2601,200
94,59,0.0019,-0.0005,100.0,518.67,643.11,1581.52,1406.57,14.62,21.61,553.05,2388.15,9051.81,1.3,47.54,521.79,2388.13,8127.97,8.4042,0.03,392,2388,100.0,38.7,23.2574,199
94,60,0.0025,0.0001,100.0,518.67,642.48,1591.43,1407.05,14.62,21.61,553.63,2388.14,9045.03,1.3,47.51,521.13,2388.1,8118.88,8.4366,0.03,393,2388,100.0,38.85,23.3193,198
94,61,0.0003,-0.0004,100.0,518.67,642.98,1588.23,1405.15,14.62,21.61,553.71,2388.18,9045.73,1.3,47.52,521.21,2388.14,8127.67,8.4567,0.03,392,2388,100.0,39.09,23.224,197
94,62,0.0025,-0.0004,100.0,518.67,642.5,1586.95,1408.43,14.62,21.61,553.71,2388.11,9041.62,1.3,47.55,520.62,2388.15,8125.84,8.4238,0.03,394,2388,100.0,38.87,23.3344,196
94,63,-0.0003,-0.0001,100.0,518.67,642.64,1582.6,1401.64,14.62,21.61,553.4,2388.1,9046.7,1.3,47.65,521.14,2388.13,8124.8,8.4352,0.03,392,2388,100.0,38.76,23.2528,195
94,64,-0.0029,-0.0003,100.0,518.67,642.4,1596.44,1412.55,14.62,21.61,552.91,2388.12,9051.82,1.3,47.59,521.38,2388.12,8130.33,8.4236,0.03,394,2388,100.0,38.71,23.1512,194
94,65,0.0001,0.0001,100.0,518.67,642.82,1580.52,1410.21,14.62,21.61,552.71,2388.14,9047.66,1.3,47.6,520.97,2388.15,8124.1,8.4484,0.03,395,2388,100.0,38.7,23.2365,193
94,66,-0.002,-0.0003,100.0,518.67,642.71,1596.24,1409.01,14.62,21.61,552.45,2388.15,9044.01,1.3,47.64,521.43,2388.16,8125.32,8.4392,0.03,393,2388,100.0,38.63,23.2162,192
94,67,-0.0008,-0.0001,100.0,518.67,642.62,1591.29,1409.3,14.62,21.61,553.52,2388.11,9042.71,1.3,47.69,521.26,2388.17,8129.26,8.4171,0.03,392,2388,100.0,38.83,23.2782,191
94,68,0.0018,0.0002,100.0,518.67,642.2,1593.15,1407.6,14.62,21.61,553.26,2388.16,9046.53,1.3,47.57,521.63,2388.16,8128.29,8.4857,0.03,394,2388,100.0,38.92,23.2167,190
94,69,-0.0007,-0.0,100.0,518.67,642.29,1593.89,1408.83,14.62,21.61,553.75,2388.14,9043.27,1.3,47.47,521.56,2388.12,8128.88,8.4374,0.03,392,2388,100.0,38.92,23.3088,189
94,70,0.0,-0.0003,100.0,518.67,642.92,1590.54,1413.86,14.62,21.61,552.82,2388.16,9045.49,1.3,47.55,521.09,2388.15,8127.99,8.4579,0.03,394,2388,100.0,38.7,23.205,188
94,71,0.0035,0.0001,100.0,518.67,642.85,1581.9,1409.35,14.62,21.61,553.53,2388.15,9045.78,1.3,47.45,521.42,2388.14,8129.5,8.4532,0.03,391,2388,100.0,39.04,23.247,187
94,72,-0.0021,-0.0001,100.0,518.67,642.65,1597.18,1404.5,14.62,21.61,553.23,2388.06,9050.06,1.3,47.54,521.78,2388.12,8128.17,8.481,0.03,393,2388,100.0,38.74,23.2219,186
94,73,0.0039,0.0003,100.0,518.67,642.99,1592.77,1414.58,14.62,21.61,553.36,2388.16,9050.96,1.3,47.47,521.45,2388.08,8128.1,8.4499,0.03,393,2388,100.0,38.88,23.4025,185
94,74,0.001,0.0004,100.0,518.67,642.99,1593.6,1401.66,14.62,21.61,553.05,2388.14,9046.52,1.3,47.57,520.79,2388.12,8129.74,8.4547,0.03,393,2388,100.0,38.71,23.3781,184
94,75,-0.0016,-0.0005,100.0,518.67,642.93,1590.58,1406.67,14.62,21.61,552.92,2388.13,9055.01,1.3,47.56,520.98,2388.09,8129.05,8.4361,0.03,393,2388,100.0,38.84,23.319,183
94,76,-0.0023,-0.0004,100.0,518.67,642.44,1586.46,1408.61,14.62,21.61,553.13,2388.17,9042.5,1.3,47.48,521.02,2388.15,8130.43,8.452,0.03,395,2388,100.0,38.93,23.3111,182
94,77,0.0005,0.0,100.0,518.67,642.47,1590.34,1408.61,14.62,21.61,553.6,2388.14,9047.17,1.3,47.3,521.19,2388.08,8127.5,8.4326,0.03,392,2388,100.0,38.77,23.2763,181
94,78,-0.0035,-0.0005,100.0,518.67,642.48,1593.47,1406.56,14.62,21.61,553.11,2388.1,9045.03,1.3,47.46,521.35,2388.16,8124.1,8.4724,0.03,393,2388,100.0,38.8,23.2828,180
94,79,0.0039,-0.0003,100.0,518.67,643.14,1589.27,1416.93,14.62,21.61,553.54,2388.13,9047.14,1.3,47.64,521.03,2388.12,8128.59,8.4349,0.03,393,2388,100.0,38.74,23.3258,179
94,80,-0.0012,-0.0002,100.0,518.67,642.59,1589.7,1412.56,14.62,21.61,553.22,2388.13,9051.36,1.3,47.52,521.54,2388.14,8122.15,8.46,0.03,394,2388,100.0,38.71,23.3434,178
94,81,-0.0032,0.0003,100.0,518.67,642.87,1594.51,1405.73,14.62,21.61,553.53,2388.13,9050.53,1.3,47.65,521.05,2388.13,8123.67,8.4523,0.03,393,2388,100.0,38.86,23.2657,177
94,82,-0.0024,0.0003,100.0,518.67,642.33,1579.97,1401.14,14.62,21.61,553.42,2388.12,9046.29,1.3,47.59,521.53,2388.13,8125.61,8.4627,0.03,394,2388,100.0,38.88,23.2966,176
94,83,-0.0019,0.0004,100.0,518.67,642.63,1590.4,1407.24,14.62,21.61,553.46,2388.17,9049.23,1.3,47.53,520.93,2388.14,8129.61,8.4324,0.03,392,2388,100.0,38.85,23.2718,175
94,84,-0.0008,-0.0002,100.0,518.67,642.84,1592.71,1406.92,14.62,21.61,553.22,2388.1,9042.6,1.3,47.66,520.85,2388.18,8125.41,8.4305,0.03,392,2388,100.0,38.81,23.2706,174
94,85,0.0011,-0.0003,100.0,518.67,643.13,1588.08,1410.45,14.62,21.61,553.12,2388.15,9048.67,1.3,47.63,521.34,2388.09,8128.43,8.4672,0.03,395,2388,100.0,38.73,23.2682,173
94,86,-0.002,-0.0005,100.0,518.67,643.01,1586.32,1410.5,14.62,21.61,552.71,2388.14,9050.81,1.3,47.57,520.96,2388.07,8132.25,8.4573,0.03,394,2388,100.0,38.75,23.3114,172
94,87,0.0006,0.0003,100.0,518.67,642.74,1591.85,1408.66,14.62,21.61,553.74,2388.14,9051.35,1.3,47.62,521.64,2388.17,8125.11,8.4666,0.03,393,2388,100.0,38.7,23.179,171
94,88,-0.004,0.0001,100.0,518.67,642.35,1581.19,1409.49,14.62,21.61,553.44,2388.12,9046.98,1.3,47.53,521.39,2388.16,8126.88,8.429,0.03,392,2388,100.0,38.77,23.3332,170
94,89,-0.0001,-0.0005,100.0,518.67,642.38,1581.67,1409.97,14.62,21.61,553.44,2388.11,9047.43,1.3,47.39,521.02,2388.14,8130.29,8.4553,0.03,395,2388,100.0,38.61,23.2794,169
94,90,-0.0022,0.0003,100.0,518.67,642.72,1593.9,1410.14,14.62,21.61,553.62,2388.11,9055.0,1.3,47.43,521.9,2388.15,8124.69,8.4693,0.03,392,2388,100.0,38.77,23.3568,168
94,91,-0.0014,-0.0001,100.0,518.67,643.02,1588.74,1413.08,14.62,21.61,552.74,2388.14,9050.53,1.3,47.72,520.6,2388.12,8125.33,8.4666,0.03,392,2388,100.0,38.55,23.2224,167
94,92,0.0004,-0.0,100.0,518.67,643.17,1598.93,1407.0,14.62,21.61,553.77,2388.17,9048.8,1.3,47.66,520.88,2388.11,8128.81,8.4393,0.03,393,2388,100.0,38.89,23.2898,166
94,93,0.0014,0.0001,100.0,518.67,642.61,1588.34,1401.37,14.62,21.61,552.84,2388.15,9046.68,1.3,47.52,521.17,2388.19,8126.92,8.4489,0.03,394,2388,100.0,38.73,23.1659,165
94,94,-0.0009,0.0003,100.0,518.67,642.35,1580.61,1407.06,14.62,21.61,553.44,2388.09,9050.09,1.3,47.36,521.55,2388.09,8129.85,8.4638,0.03,394,2388,100.0,38.9,23.2161,164
94,95,-0.0004,-0.0005,100.0,518.67,642.45,1593.18,1411.34,14.62,21.61,553.34,2388.16,9048.13,1.3,47.61,521.56,2388.06,8132.4,8.4368,0.03,394,2388,100.0,38.88,23.317,163
94,96,0.0006,-0.0,100.0,518.67,642.39,1588.3,1415.27,14.62,21.61,553.05,2388.19,9050.82,1.3,47.61,521.22,2388.14,8129.29,8.4672,0.03,392,2388,100.0,38.8,23.3536,162
94,97,0.0003,0.0005,100.0,518.67,642.45,1589.29,1409.33,14.62,21.61,553.2,2388.14,9049.74,1.3,47.69,520.95,2388.18,8125.72,8.4671,0.03,392,2388,100.0,38.83,23.1886,161
94,98,0.0024,0.0002,100.0,518.67,642.94,1584.67,1413.28,14.62,21.61,553.46,2388.1,9046.41,1.3,47.68,521.0,2388.11,8127.26,8.4424,0.03,393,2388,100.0,38.68,23.2785,160
94,99,0.0003,-0.0,100.0,518.67,642.62,1584.25,1404.38,14.62,21.61,553.08,2388.17,9051.11,1.3,47.63,521.34,2388.09,8133.23,8.427,0.03,394,2388,100.0,38.77,23.2255,159
94,100,-0.001,0.0003,100.0,518.67,642.48,1593.86,1409.6,14.62,21.61,553.41,2388.1,9045.81,1.3,47.42,521.33,2388.15,8131.81,8.4513,0.03,394,2388,100.0,38.89,23.2332,158
94,101,0.0007,-0.0002,100.0,518.67,643.41,1592.44,1406.37,14.62,21.61,552.35,2388.17,9055.75,1.3,47.61,521.19,2388.15,8128.44,8.4314,0.03,394,2388,100.0,38.88,23.156,157
94,102,-0.0033,0.0,100.0,518.67,642.3,1596.17,1412.3,14.62,21.61,553.21,2388.21,9045.45,1.3,47.58,521.19,2388.15,8129.03,8.446,0.03,394,2388,100.0,38.7,23.2154,156
94,103,-0.0012,-0.0002,100.0,518.67,642.75,1590.12,1415.68,14.62,21.61,552.64,2388.13,9044.54,1.3,47.51,521.32,2388.14,8130.41,8.4371,0.03,394,2388,100.0,38.73,23.3245,155
94,104,0.0009,0.0004,100.0,518.67,643.01,1592.07,1405.21,14.62,21.61,552.6,2388.12,9048.93,1.3,47.63,520.98,2388.12,8132.8,8.44,0.03,393,2388,100.0,38.73,23.3792,154
94,105,-0.0035,0.0002,100.0,518.67,642.72,1590.59,1409.61,14.62,21.61,552.77,2388.09,9053.88,1.3,47.67,520.89,2388.11,8131.84,8.4145,0.03,393,2388,100.0,38.65,23.2495,153
94,106,0.0007,-0.0004,100.0,518.67,642.98,1590.5,1413.87,14.62,21.61,553.45,2388.13,9055.53,1.3,47.44,520.63,2388.1,8130.49,8.467,0.03,394,2388,100.0,38.7,23.198,152
94,107,-0.0002,-0.0001,100.0,518.67,642.57,1584.31,1410.41,14.62,21.61,553.81,2388.12,9051.79,1.3,47.47,520.99,2388.13,8136.77,8.4604,0.03,393,2388,100.0,38.97,23.3504,151
94,108,0.0022,-0.0002,100.0,518.67,642.78,1594.67,1410.93,14.62,21.61,553.55,2388.15,9046.3,1.3,47.47,521.01,2388.09,8134.86,8.4829,0.03,393,2388,100.0,38.77,23.2628,150
94,109,-0.0028,-0.0003,100.0,518.67,642.83,1587.29,1414.48,14.62,21.61,553.41,2388.11,9051.94,1.3,47.63,520.73,2388.14,8135.47,8.4382,0.03,394,2388,100.0,38.77,23.1968,149
94,110,0.0013,0.0004,100.0,518.67,642.84,1594.48,1409.66,14.62,21.61,553.72,2388.18,9058.44,1.3,47.48,521.13,2388.14,8134.4,8.4679,0.03,393,2388,100.0,38.87,23.297,148
94,111,0.0019,-0.0003,100.0,518.67,642.74,1591.81,1406.25,14.62,21.61,553.29,2388.12,9051.14,1.3,47.42,521.31,2388.14,8128.2,8.4548,0.03,394,2388,100.0,38.78,23.1953,147
94,112,0.0009,-0.0002,100.0,518.67,642.59,1595.07,1405.28,14.62,21.61,552.91,2388.16,9046.97,1.3,47.79,520.99,2388.13,8136.03,8.438,0.03,393,2388,100.0,38.74,23.3163,146
94,113,-0.0015,-0.0002,100.0,518.67,642.85,1591.59,1414.32,14.62,21.61,552.97,2388.14,9047.14,1.3,47.69,521.42,2388.14,8126.75,8.4151,0.03,393,2388,100.0,38.88,23.214,145
94,114,-0.0019,0.0003,100.0,518.67,642.9,1589.83,1411.58,14.62,21.61,553.38,2388.13,9049.66,1.3,47.66,521.46,2388.11,8133.57,8.4736,0.03,394,2388,100.0,38.61,23.2935,144
94,115,0.0049,-0.0003,100.0,518.67,642.67,1595.45,1408.64,14.62,21.61,553.88,2388.14,9052.31,1.3,47.68,521.38,2388.11,8130.67,8.4313,0.03,392,2388,100.0,38.76,23.2402,143
94,116,-0.0007,-0.0,100.0,518.67,643.16,1592.57,1412.85,14.62,21.61,552.64,2388.12,9049.28,1.3,47.43,521.16,2388.1,8131.04,8.4603,0.03,394,2388,100.0,38.76,23.322,142
94,117,0.0008,0.0001,100.0,518.67,642.51,1587.45,1403.49,14.62,21.61,553.74,2388.06,9056.57,1.3,47.77,521.1,2388.12,8131.62,8.463,0.03,395,2388,100.0,38.74,23.3025,141
94,118,-0.0015,-0.0003,100.0,518.67,642.02,1592.15,1416.12,14.62,21.61,553.27,2388.17,9046.29,1.3,47.5,521.22,2388.09,8134.54,8.458,0.03,393,2388,100.0,38.74,23.2835,140
94,119,0.0015,0.0002,100.0,518.67,642.98,1586.89,1409.34,14.62,21.61,553.05,2388.17,9048.54,1.3,47.57,521.67,2388.12,8131.33,8.4507,0.03,395,2388,100.0,38.98,23.3091,139
94,120,-0.0017,0.0001,100.0,518.67,642.44,1589.58,1406.43,14.62,21.61,553.52,2388.15,9057.51,1.3,47.66,521.24,2388.06,8132.66,8.4364,0.03,395,2388,100.0,38.99,23.2353,138
94,121,0.0013,-0.0005,100.0,518.67,642.85,1583.13,1403.25,14.62,21.61,553.49,2388.1,9053.05,1.3,47.67,520.89,2388.12,8130.5,8.4667,0.03,394,2388,100.0,38.68,23.2902,137
94,122,-0.0003,0.0002,100.0,518.67,643.23,1597.79,1416.97,14.62,21.61,553.22,2388.14,9055.91,1.3,47.69,520.99,2388.13,8132.55,8.4567,0.03,393,2388,100.0,39.0,23.3536,136
94,123,-0.0003,-0.0001,100.0,518.67,642.41,1591.15,1416.14,14.62,21.61,552.88,2388.16,9056.3,1.3,47.51,521.09,2388.1,8135.95,8.4127,0.03,392,2388,100.0,38.93,23.2002,135
94,124,0.0007,-0.0002,100.0,518.67,642.92,1591.95,1415.12,14.62,21.61,553.02,2388.15,9053.81,1.3,47.69,521.61,2388.17,8130.94,8.4843,0.03,395,2388,100.0,38.7,23.2506,134
94,125,0.0005,-0.0002,100.0,518.67,643.15,1586.35,1410.09,14.62,21.61,553.57,2388.15,9045.81,1.3,47.64,521.35,2388.16,8133.91,8.4208,0.03,393,2388,100.0,38.83,23.3286,133
94,126,-0.0017,-0.0004,100.0,518.67,642.91,1591.1,1412.47,14.62,21.61,552.91,2388.13,9049.29,1.3,47.51,521.6,2388.17,8136.16,8.4591,0.03,394,2388,100.0,38.81,23.1779,132
94,127,-0.0022,0.0001,100.0,518.67,642.65,1585.75,1406.46,14.62,21.61,553.1,2388.14,9053.02,1.3,47.74,521.2,2388.15,8137.02,8.4349,0.03,393,2388,100.0,38.68,23.2988,131
94,128,0.0012,-0.0004,100.0,518.67,642.5,1591.06,1408.89,14.62,21.61,552.58,2388.09,9049.79,1.3,47.58,521.41,2388.16,8133.15,8.423,0.03,394,2388,100.0,38.74,23.2247,130
94,129,0.0001,-0.0004,100.0,518.67,643.55,1590.3,1411.59,14.62,21.61,553.38,2388.11,9059.88,1.3,47.67,521.29,2388.08,8134.28,8.4483,0.03,393,2388,100.0,38.79,23.3333,129
94,130,0.001,-0.0001,100.0,518.67,642.57,1594.11,1410.62,14.62,21.61,552.87,2388.13,9053.57,1.3,47.64,521.58,2388.18,8129.18,8.4538,0.03,394,2388,100.0,38.9,23.3544,128
94,131,0.0003,0.0002,100.0,518.67,642.67,1580.9,1416.68,14.62,21.61,553.64,2388.16,9053.79,1.3,47.47,520.94,2388.09,8129.38,8.4438,0.03,394,2388,100.0,38.66,23.3321,127
94,132,-0.0009,-0.0004,100.0,518.67,642.45,1590.95,1411.34,14.62,21.61,553.21,2388.13,9053.26,1.3,47.79,520.87,2388.11,8135.55,8.46,0.03,393,2388,100.0,38.81,23.2689,126
94,133,-0.0006,0.0004,100.0,518.67,642.81,1595.73,1411.56,14.62,21.61,553.42,2388.15,9048.07,1.3,47.6,520.76,2388.15,8136.7,8.4489,0.03,392,2388,100.0,38.73,23.1438,125
94,134,0.0022,-0.0001,100.0,518.67,642.32,1590.0,1410.88,14.62,21.61,553.72,2388.11,9050.16,1.3,47.69,521.52,2388.15,8135.61,8.4498,0.03,394,2388,100.0,38.84,23.2227,124
94,135,0.0002,0.0003,100.0,518.67,643.19,1587.11,1410.13,14.62,21.61,552.82,2388.16,9051.77,1.3,47.71,521.32,2388.14,8129.45,8.4293,0.03,393,2388,100.0,38.84,23.263,123
94,136,0.0012,-0.0001,100.0,518.67,642.56,1591.75,1413.54,14.62,21.61,553.16,2388.14,9056.28,1.3,47.58,521.03,2388.12,8133.34,8.432,0.03,393,2388,100.0,38.56,23.3326,122
94,137,-0.0038,-0.0002,100.0,518.67,643.21,1594.03,1410.03,14.62,21.61,552.73,2388.12,9061.33,1.3,47.77,521.47,2388.14,8131.56,8.4374,0.03,393,2388,100.0,38.82,23.2623,121
94,138,-0.0012,0.0002,100.0,518.67,643.06,1590.7,1412.53,14.62,21.61,552.85,2388.11,9053.99,1.3,47.59,521.14,2388.16,8139.13,8.4453,0.03,394,2388,100.0,38.81,23.2599,120
94,139,0.0031,-0.0003,100.0,518.67,643.23,1597.15,1414.69,14.62,21.61,552.22,2388.19,9060.39,1.3,47.59,520.94,2388.14,8130.34,8.4494,0.03,390,2388,100.0,38.94,23.3243,119
94,140,0.0016,-0.0003,100.0,518.67,641.73,1596.86,1409.91,14.62,21.61,552.92,2388.12,9064.72,1.3,47.48,520.68,2388.14,8130.88,8.4821,0.03,396,2388,100.0,38.82,23.2397,118
94,141,0.0026,-0.0001,100.0,518.67,642.72,1592.46,1416.77,14.62,21.61,553.44,2388.13,9051.89,1.3,47.52,521.09,2388.05,8135.53,8.426,0.03,392,2388,100.0,38.61,23.2964,117
94,142,-0.0024,-0.0,100.0,518.67,642.67,1586.41,1407.93,14.62,21.61,553.31,2388.14,9059.95,1.3,47.86,521.07,2388.13,8138.63,8.4557,0.03,393,2388,100.0,38.81,23.2763,116
94,143,-0.0013,-0.0004,100.0,518.67,642.44,1599.0,1417.13,14.62,21.61,553.34,2388.12,9048.8,1.3,47.5,521.29,2388.16,8131.45,8.4345,0.03,393,2388,100.0,39.05,23.3201,115
94,144,-0.0019,-0.0004,100.0,518.67,642.17,1591.94,1404.46,14.62,21.61,552.25,2388.11,9049.83,1.3,47.62,520.78,2388.1,8135.0,8.4335,0.03,393,2388,100.0,38.72,23.23,114
94,145,-0.0026,-0.0001,100.0,518.67,642.35,1590.35,1412.84,14.62,21.61,552.12,2388.12,9062.17,1.3,47.5,521.38,2388.12,8134.13,8.4633,0.03,393,2388,100.0,38.76,23.2382,113
94,146,-0.0022,0.0003,100.0,518.67,642.63,1598.11,1410.4,14.62,21.61,552.51,2388.18,9059.44,1.3,47.61,521.16,2388.09,8136.68,8.4274,0.03,393,2388,100.0,38.84,23.3332,112
94,147,-0.0016,-0.0001,100.0,518.67,642.42,1593.4,1411.18,14.62,21.61,552.39,2388.11,9062.58,1.3,47.57,521.29,2388.17,8143.46,8.4603,0.03,393,2388,100.0,38.74,23.4441,111
94,148,0.0023,-0.0001,100.0,518.67,642.84,1594.03,1410.75,14.62,21.61,553.37,2388.13,9052.36,1.3,47.62,521.66,2388.09,8138.85,8.4468,0.03,393,2388,100.0,38.91,23.2185,110
94,149,-0.0005,0.0003,100.0,518.67,642.45,1598.95,1415.95,14.62,21.61,553.09,2388.14,9059.18,1.3,47.57,520.88,2388.15,8139.33,8.4487,0.03,394,2388,100.0,38.82,23.2164,109
94,150,0.0003,-0.0,100.0,518.67,642.75,1593.56,1408.2,14.62,21.61,553.24,2388.13,9052.98,1.3,47.56,521.71,2388.11,8140.81,8.45,0.03,393,2388,100.0,38.74,23.3317,108
94,151,-0.0004,0.0,100.0,518.67,642.59,1592.56,1416.94,14.62,21.61,552.68,2388.09,9061.09,1.3,47.68,521.38,2388.09,8140.7,8.4202,0.03,395,2388,100.0,38.82,23.2799,107
94,152,0.0024,0.0004,100.0,518.67,642.93,1589.88,1413.26,14.62,21.61,552.71,2388.13,9058.98,1.3,47.56,520.92,2388.14,8138.82,8.422,0.03,393,2388,100.0,38.69,23.2357,106
94,153,-0.0021,-0.0004,100.0,518.67,642.85,1593.27,1414.42,14.62,21.61,553.83,2388.14,9068.51,1.3,47.77,520.77,2388.11,8136.69,8.4342,0.03,392,2388,100.0,38.81,23.2957,105
94,154,0.0003,-0.0001,100.0,518.67,642.44,1591.63,1418.53,14.62,21.61,553.09,2388.15,9061.51,1.3,47.54,520.93,2388.2,8137.7,8.4744,0.03,394,2388,100.0,38.53,23.2545,104
94,155,-0.0025,0.0004,100.0,518.67,642.38,1592.44,1413.67,14.62,21.61,553.19,2388.09,9062.4,1.3,47.66,520.49,2388.14,8143.08,8.4665,0.03,392,2388,100.0,38.79,23.2408,103
94,156,0.0019,-0.0003,100.0,518.67,642.9,1601.2,1412.75,14.62,21.61,552.67,2388.19,9060.59,1.3,47.73,521.42,2388.13,8140.93,8.4586,0.03,394,2388,100.0,38.9,23.1997,102
94,157,-0.0026,-0.0002,100.0,518.67,642.65,1590.15,1420.37,14.62,21.61,553.22,2388.18,9058.17,1.3,47.84,521.19,2388.07,8134.63,8.4594,0.03,394,2388,100.0,38.8,23.255,101
94,158,-0.002,-0.0001,100.0,518.67,643.2,1595.31,1416.42,14.62,21.61,553.34,2388.1,9065.32,1.3,47.53,521.07,2388.11,8138.35,8.4544,0.03,396,2388,100.0,38.89,23.2269,100
94,159,-0.0041,0.0004,100.0,518.67,643.25,1589.47,1414.37,14.62,21.61,552.45,2388.12,9064.25,1.3,47.76,520.63,2388.19,8143.18,8.4334,0.03,392,2388,100.0,38.79,23.2741,99
94,160,-0.0021,-0.0003,100.0,518.67,642.52,1595.3,1409.13,14.62,21.61,552.7,2388.23,9061.27,1.3,47.76,520.96,2388.18,8141.72,8.479,0.03,392,2388,100.0,38.69,23.3786,98
94,161,-0.0025,-0.0004,100.0,518.67,642.63,1593.2,1410.92,14.62,21.61,553.19,2388.1,9062.23,1.3,47.65,521.13,2388.12,8137.17,8.4249,0.03,394,2388,100.0,38.83,23.1902,97
94,162,-0.002,-0.0,100.0,518.67,642.87,1595.59,1407.98,14.62,21.61,553.57,2388.14,9061.93,1.3,47.75,520.66,2388.1,8132.77,8.4781,0.03,393,2388,100.0,38.72,23.2038,96
94,163,-0.0021,-0.0002,100.0,518.67,642.6,1596.48,1414.23,14.62,21.61,552.71,2388.16,9067.05,1.3,47.67,521.2,2388.11,8139.76,8.4762,0.03,394,2388,100.0,38.75,23.2624,95
94,164,-0.0009,0.0,100.0,518.67,642.99,1593.48,1414.22,14.62,21.61,553.05,2388.13,9064.02,1.3,47.64,520.83,2388.12,8137.88,8.4391,0.03,394,2388,100.0,38.74,23.303,94
94,165,-0.0004,0.0003,100.0,518.67,642.18,1594.36,1412.69,14.62,21.61,552.91,2388.12,9063.37,1.3,47.66,521.29,2388.16,8142.02,8.4472,0.03,394,2388,100.0,38.78,23.2438,93
94,166,-0.0051,-0.0,100.0,518.67,643.11,1592.6,1408.37,14.62,21.61,553.23,2388.11,9066.37,1.3,47.82,520.79,2388.16,8143.89,8.4759,0.03,395,2388,100.0,38.57,23.2628,92
94,167,-0.0009,0.0003,100.0,518.67,643.04,1582.75,1408.09,14.62,21.61,553.19,2388.12,9060.21,1.3,47.65,521.44,2388.15,8143.17,8.4305,0.03,393,2388,100.0,38.57,23.269,91
94,168,-0.0007,0.0003,100.0,518.67,642.73,1591.14,1417.3,14.62,21.61,553.52,2388.17,9063.41,1.3,47.64,520.91,2388.11,8136.26,8.4807,0.03,394,2388,100.0,38.73,23.2685,90
94,169,-0.0046,-0.0003,100.0,518.67,643.12,1589.21,1415.41,14.62,21.61,553.03,2388.17,9063.9,1.3,47.8,521.23,2388.07,8144.94,8.4711,0.03,394,2388,100.0,38.85,23.2407,89
94,170,0.0039,-0.0001,100.0,518.67,642.58,1592.17,1416.05,14.62,21.61,552.98,2388.09,9062.84,1.3,47.7,521.13,2388.1,8139.71,8.5019,0.03,393,2388,100.0,38.79,23.2668,88
94,171,-0.0033,-0.0003,100.0,518.67,642.79,1597.39,1414.62,14.62,21.61,552.41,2388.09,9069.88,1.3,47.67,521.48,2388.12,8144.51,8.4664,0.03,393,2388,100.0,38.41,23.2027,87
94,172,0.0032,0.0002,100.0,518.67,643.03,1588.47,1412.49,14.62,21.61,553.3,2388.14,9065.71,1.3,47.68,521.25,2388.15,8148.58,8.4949,0.03,392,2388,100.0,38.88,23.3669,86
94,173,0.0013,0.0002,100.0,518.67,642.45,1594.29,1411.47,14.62,21.61,552.57,2388.1,9065.15,1.3,47.64,520.86,2388.11,8140.25,8.4536,0.03,396,2388,100.0,38.59,23.2508,85
94,174,-0.0006,-0.0,100.0,518.67,643.08,1597.44,1413.23,14.62,21.61,553.05,2388.09,9066.25,1.3,47.71,521.0,2388.14,8152.73,8.4537,0.03,395,2388,100.0,38.84,23.1996,84
94,175,-0.0001,-0.0002,100.0,518.67,642.77,1595.02,1420.07,14.62,21.61,552.82,2388.15,9070.46,1.3,47.8,520.82,2388.14,8147.59,8.4666,0.03,395,2388,100.0,38.89,23.2765,83
94,176,-0.0048,0.0003,100.0,518.67,642.86,1595.07,1413.06,14.62,21.61,552.68,2388.11,9065.72,1.3,47.58,521.59,2388.15,8145.54,8.4936,0.03,394,2388,100.0,38.72,23.2015,82
94,177,0.0015,-0.0003,100.0,518.67,643.07,1592.29,1410.45,14.62,21.61,553.43,2388.13,9070.18,1.3,47.6,521.53,2388.11,8141.49,8.453,0.03,394,2388,100.0,38.75,23.1948,81
94,178,-0.0004,0.0003,100.0,518.67,643.0,1590.44,1418.9,14.62,21.61,552.53,2388.17,9062.92,1.3,47.59,521.05,2388.13,8138.91,8.4722,0.03,394,2388,100.0,38.77,23.3261,80
94,179,0.0011,0.0005,100.0,518.67,642.52,1593.37,1416.53,14.62,21.61,553.18,2388.1,9065.83,1.3,47.59,521.08,2388.08,8143.84,8.464,0.03,394,2388,100.0,38.68,23.2253,79
94,180,-0.0012,0.0002,100.0,518.67,643.04,1595.83,1413.52,14.62,21.61,553.02,2388.08,9059.06,1.3,47.71,520.91,2388.1,8154.44,8.4469,0.03,394,2388,100.0,38.85,23.2584,78
94,181,-0.0013,0.0002,100.0,518.67,643.24,1600.92,1419.52,14.62,21.61,552.86,2388.14,9068.09,1.3,47.61,520.82,2388.09,8144.92,8.5103,0.03,394,2388,100.0,38.69,23.2264,77
94,182,-0.0013,-0.0001,100.0,518.67,642.75,1592.73,1413.72,14.62,21.61,553.6,2388.12,9068.98,1.3,47.63,520.85,2388.11,8147.96,8.4673,0.03,394,2388,100.0,38.65,23.3302,76
94,183,-0.0006,-0.0002,100.0,518.67,643.23,1589.14,1409.72,14.62,21.61,552.56,2388.14,9070.54,1.3,47.76,520.88,2388.12,8149.16,8.4787,0.03,395,2388,100.0,38.75,23.2786,75
94,184,0.001,0.0001,100.0,518.67,642.94,1592.14,1407.31,14.62,21.61,553.31,2388.05,9067.52,1.3,47.78,520.73,2388.08,8147.81,8.4517,0.03,394,2388,100.0,38.87,23.1831,74
94,185,0.0006,-0.0,100.0,518.67,642.47,1592.23,1414.35,14.62,21.61,552.8,2388.1,9070.92,1.3,47.69,521.12,2388.1,8150.93,8.5142,0.03,394,2388,100.0,38.73,23.2634,73
94,186,-0.0041,-0.0002,100.0,518.67,643.26,1591.53,1423.63,14.62,21.61,552.65,2388.13,9071.7,1.3,47.6,521.08,2388.15,8148.48,8.4586,0.03,394,2388,100.0,38.83,23.2577,72
94,187,-0.0038,-0.0002,100.0,518.67,642.97,1590.03,1419.04,14.62,21.61,553.34,2388.12,9076.63,1.3,47.72,520.83,2388.1,8144.2,8.451,0.03,394,2388,100.0,38.68,23.2808,71
94,188,0.0007,-0.0004,100.0,518.67,643.23,1592.59,1415.33,14.62,21.61,553.08,2388.17,9081.09,1.3,47.89,520.51,2388.11,8152.12,8.4764,0.03,394,2388,100.0,38.83,23.2111,70
94,189,-0.0049,-0.0002,100.0,518.67,643.0,1590.41,1412.95,14.62,21.61,552.82,2388.11,9083.02,1.3,47.87,520.6,2388.14,8153.54,8.4184,0.03,393,2388,100.0,38.72,23.1447,69
94,190,0.0028,-0.0,100.0,518.67,642.19,1587.37,1411.76,14.62,21.61,552.51,2388.11,9079.34,1.3,47.7,520.75,2388.06,8153.05,8.4705,0.03,395,2388,100.0,38.75,23.1987,68
94,191,0.0006,-0.0004,100.0,518.67,642.38,1584.46,1415.32,14.62,21.61,552.71,2388.18,9081.76,1.3,47.83,520.72,2388.1,8154.84,8.4531,0.03,396,2388,100.0,38.74,23.2195,67
94,192,0.003,0.0001,100.0,518.67,642.88,1589.55,1417.38,14.62,21.61,553.15,2388.13,9077.03,1.3,47.84,521.17,2388.15,8149.17,8.4855,0.03,396,2388,100.0,38.78,23.2646,66
94,193,0.0016,-0.0002,100.0,518.67,643.14,1585.94,1410.26,14.62,21.61,552.93,2388.1,9078.85,1.3,47.8,520.96,2388.12,8154.22,8.5017,0.03,394,2388,100.0,38.76,23.2833,65
94,194,-0.0003,-0.0003,100.0,518.67,642.93,1597.72,1420.12,14.62,21.61,551.77,2388.18,9069.48,1.3,47.72,521.16,2388.15,8146.92,8.4466,0.03,397,2388,100.0,38.63,23.2574,64
94,195,-0.0004,-0.0004,100.0,518.67,642.84,1596.98,1420.15,14.62,21.61,552.82,2388.09,9073.12,1.3,47.62,520.78,2388.14,8151.74,8.499,0.03,395,2388,100.0,38.6,23.1526,63
94,196,-0.003,0.0,100.0,518.67,642.99,1592.74,1416.51,14.62,21.61,552.63,2388.13,9085.95,1.3,47.83,521.21,2388.12,8156.55,8.4391,0.03,395,2388,100.0,38.65,23.2994,62
94,197,0.0017,-0.0003,100.0,518.67,642.85,1600.25,1410.05,14.62,21.61,552.6,2388.14,9077.84,1.3,47.7,520.99,2388.17,8155.23,8.4704,0.03,392,2388,100.0,38.66,23.1685,61
94,198,-0.0012,0.0004,100.0,518.67,643.24,1598.94,1404.79,14.62,21.61,553.47,2388.15,9076.93,1.3,47.64,520.3,2388.12,8154.58,8.4748,0.03,395,2388,100.0,38.66,23.2911,60
94,199,0.0015,-0.0004,100.0,518.67,642.6,1601.14,1417.95,14.62,21.61,553.16,2388.15,9077.97,1.3,47.92,521.18,2388.11,8153.57,8.4456,0.03,394,2388,100.0,38.51,23.1574,59
94,200,0.0008,0.0004,100.0,518.67,643.11,1591.13,1417.05,14.62,21.61,553.02,2388.09,9084.1,1.3,47.9,521.01,2388.12,8158.4,8.4467,0.03,395,2388,100.0,38.76,23.2419,58
94,201,-0.001,0.0001,100.0,518.67,642.74,1587.69,1420.93,14.62,21.61,552.83,2388.16,9081.32,1.3,47.68,520.24,2388.17,8154.71,8.4942,0.03,394,2388,100.0,38.81,23.2242,57
94,202,-0.0017,-0.0005,100.0,518.67,643.06,1602.52,1418.36,14.62,21.61,552.17,2388.15,9083.21,1.3,47.72,520.47,2388.15,8158.71,8.4559,0.03,395,2388,100.0,38.69,23.2895,56
94,203,0.0001,-0.0,100.0,518.67,643.09,1594.55,1418.27,14.62,21.61,552.89,2388.1,9083.36,1.3,47.85,520.68,2388.09,8161.13,8.5031,0.03,395,2388,100.0,38.6,23.0708,55
94,204,-0.0028,-0.0004,100.0,518.67,643.03,1587.06,1411.34,14.62,21.61,553.24,2388.19,9079.79,1.3,47.88,520.58,2388.13,8155.0,8.4495,0.03,394,2388,100.0,38.67,23.2738,54
94,205,-0.001,-0.0003,100.0,518.67,642.89,1586.84,1417.06,14.62,21.61,552.82,2388.12,9081.96,1.3,47.74,520.93,2388.14,8156.77,8.4937,0.03,396,2388,100.0,38.53,23.2235,53
94,206,0.0011,-0.0003,100.0,518.67,642.91,1591.81,1414.29,14.62,21.61,552.83,2388.17,9087.11,1.3,47.85,520.66,2388.11,8155.63,8.476,0.03,393,2388,100.0,38.65,23.1633,52
94,207,-0.0011,0.0003,100.0,518.67,643.65,1594.19,1419.36,14.62,21.61,552.55,2388.18,9087.64,1.3,47.62,520.85,2388.18,8162.36,8.476,0.03,396,2388,100.0,38.64,23.0937,51
94,208,0.0009,-0.0003,100.0,518.67,643.27,1589.98,1417.88,14.62,21.61,552.23,2388.12,9087.59,1.3,47.59,520.97,2388.17,8163.76,8.4772,0.03,393,2388,100.0,38.51,23.0869,50
94,209,-0.0038,-0.0,100.0,518.67,643.47,1593.77,1422.5,14.62,21.61,553.12,2388.1,9081.42,1.3,47.6,521.29,2388.1,8152.2,8.4547,0.03,395,2388,100.0,38.78,23.2365,49
94,210,0.0008,0.0003,100.0,518.67,643.34,1595.2,1417.06,14.62,21.61,552.1,2388.17,9096.89,1.3,47.74,520.95,2388.15,8161.91,8.4682,0.03,395,2388,100.0,38.73,23.1642,48
94,211,-0.0005,0.0003,100.0,518.67,642.97,1601.66,1418.08,14.62,21.61,551.75,2388.13,9087.55,1.3,47.99,520.89,2388.13,8162.99,8.4809,0.03,394,2388,100.0,38.79,23.2682,47
94,212,-0.0007,0.0,100.0,518.67,642.9,1590.8,1417.47,14.62,21.61,551.88,2388.17,9087.02,1.3,47.77,520.59,2388.12,8162.68,8.4784,0.03,396,2388,100.0,38.69,23.1824,46
94,213,-0.0005,-0.0003,100.0,518.67,643.22,1595.42,1423.57,14.62,21.61,552.15,2388.16,9088.72,1.3,47.84,520.56,2388.14,8165.66,8.4171,0.03,393,2388,100.0,38.7,23.1923,45
94,214,0.002,-0.0003,100.0,518.67,642.16,1593.01,1422.71,14.62,21.61,551.89,2388.13,9085.22,1.3,47.88,520.61,2388.17,8162.82,8.5024,0.03,396,2388,100.0,38.54,23.224,44
94,215,0.0023,-0.0002,100.0,518.67,643.23,1599.87,1416.34,14.62,21.61,552.68,2388.13,9092.2,1.3,47.81,520.66,2388.15,8164.01,8.4784,0.03,395,2388,100.0,38.74,23.2058,43
94,216,-0.0043,-0.0002,100.0,518.67,642.69,1599.43,1413.25,14.62,21.61,552.8,2388.15,9095.81,1.3,47.7,521.06,2388.11,8163.88,8.4495,0.03,396,2388,100.0,38.5,23.1336,42
94,217,0.0004,0.0004,100.0,518.67,643.19,1604.92,1420.03,14.62,21.61,552.4,2388.09,9092.75,1.3,47.8,520.75,2388.12,8165.16,8.4856,0.03,394,2388,100.0,38.51,23.1182,41
94,218,0.0003,0.0004,100.0,518.67,643.42,1602.05,1409.85,14.62,21.61,552.97,2388.05,9096.86,1.3,47.7,520.44,2388.14,8165.68,8.465,0.03,396,2388,100.0,38.76,23.2601,40
94,219,0.0031,-0.0003,100.0,518.67,643.12,1596.07,1415.62,14.62,21.61,552.16,2388.12,9099.88,1.3,47.77,520.33,2388.12,8173.58,8.5219,0.03,393,2388,100.0,38.55,23.1172,39
94,220,0.0012,0.0004,100.0,518.67,642.8,1591.17,1421.27,14.62,21.61,552.52,2388.16,9095.01,1.3,47.93,520.26,2388.22,8170.13,8.519,0.03,395,2388,100.0,38.66,23.1685,38
94,221,-0.001,0.0003,100.0,518.67,643.29,1596.49,1418.78,14.62,21.61,552.33,2388.1,9091.97,1.3,47.64,520.54,2388.14,8167.76,8.4748,0.03,394,2388,100.0,38.69,23.1717,37
94,222,-0.0016,0.0001,100.0,518.67,643.33,1601.79,1424.33,14.62,21.61,552.55,2388.15,9109.65,1.3,47.86,520.87,2388.11,8177.08,8.4413,0.03,394,2388,100.0,38.57,23.2284,36
94,223,-0.0042,-0.0005,100.0,518.67,643.1,1606.01,1424.49,14.62,21.61,551.98,2388.16,9100.1,1.3,47.95,520.62,2388.14,8171.96,8.4876,0.03,396,2388,100.0,38.52,23.1702,35
94,224,0.0007,-0.0004,100.0,518.67,643.38,1597.15,1419.26,14.62,21.61,552.46,2388.13,9100.79,1.3,47.9,520.83,2388.17,8174.04,8.4912,0.03,395,2388,100.0,38.58,23.0794,34
94,225,0.0005,-0.0003,100.0,518.67,643.06,1593.44,1426.88,14.62,21.61,552.09,2388.13,9102.42,1.3,47.84,521.0,2388.08,8171.58,8.5007,0.03,394,2388,100.0,38.46,23.2041,33
94,226,0.0053,0.0001,100.0,518.67,643.1,1597.14,1416.53,14.62,21.61,552.48,2388.14,9099.98,1.3,47.83,520.96,2388.17,8170.75,8.5199,0.03,395,2388,100.0,38.6,23.2338,32
94,227,0.0049,-0.0002,100.0,518.67,643.29,1592.75,1421.59,14.62,21.61,552.31,2388.12,9107.01,1.3,47.78,520.25,2388.15,8170.67,8.4798,0.03,396,2388,100.0,38.48,23.1289,31
94,228,-0.0014,0.0001,100.0,518.67,643.36,1600.8,1425.77,14.62,21.61,552.21,2388.17,9103.83,1.3,47.99,520.6,2388.1,8178.58,8.4685,0.03,396,2388,100.0,38.61,23.2294,30
94,229,-0.0006,0.0002,100.0,518.67,642.79,1601.49,1423.53,14.62,21.61,552.43,2388.11,9113.04,1.3,47.94,520.21,2388.1,8180.59,8.4736,0.03,395,2388,100.0,38.46,23.1739,29
94,230,0.002,-0.0003,100.0,518.67,642.98,1602.56,1414.09,14.62,21.61,552.47,2388.15,9105.83,1.3,47.91,521.02,2388.15,8176.52,8.4939,0.03,394,2388,100.0,38.56,23.2648,28
94,231,0.0011,0.0002,100.0,518.67,642.78,1594.89,1430.41,14.62,21.61,552.42,2388.07,9110.49,1.3,47.73,520.64,2388.14,8178.86,8.5181,0.03,396,2388,100.0,38.57,23.1292,27
94,232,-0.0021,0.0001,100.0,518.67,643.57,1597.56,1408.06,14.62,21.61,552.58,2388.13,9114.73,1.3,47.94,520.41,2388.18,8180.96,8.4725,0.03,395,2388,100.0,38.62,23.0843,26
94,233,-0.0058,0.0,100.0,518.67,643.11,1601.31,1424.44,14.62,21.61,553.16,2388.17,9110.5,1.3,48.06,520.05,2388.12,8185.98,8.5068,0.03,395,2388,100.0,38.43,23.2232,25
94,234,-0.0038,0.0001,100.0,518.67,643.32,1597.76,1429.23,14.62,21.61,552.25,2388.11,9109.87,1.3,48.0,520.94,2388.07,8187.21,8.5164,0.03,394,2388,100.0,38.57,23.1905,24
94,235,-0.0003,-0.0001,100.0,518.67,642.99,1598.11,1426.15,14.62,21.61,552.2,2388.16,9110.05,1.3,48.11,520.39,2388.17,8184.75,8.4818,0.03,397,2388,100.0,38.63,23.1621,23
94,236,-0.0012,-0.0003,100.0,518.67,643.47,1603.24,1426.19,14.62,21.61,551.63,2388.15,9117.53,1.3,48.06,520.34,2388.16,8184.56,8.481,0.03,396,2388,100.0,38.61,23.2129,22
94,237,-0.0006,0.0,100.0,518.67,644.18,1605.84,1424.01,14.62,21.61,552.51,2388.19,9112.47,1.3,48.14,520.12,2388.12,8192.4,8.4587,0.03,394,2388,100.0,38.61,23.1538,21
94,238,-0.0004,0.0004,100.0,518.67,643.09,1604.75,1420.79,14.62,21.61,552.4,2388.19,9120.92,1.3,47.82,520.5,2388.17,8189.08,8.5019,0.03,395,2388,100.0,38.76,23.1615,20
94,239,-0.0035,0.0002,100.0,518.67,643.47,1601.22,1423.49,14.62,21.61,552.25,2388.19,9120.77,1.3,48.03,520.4,2388.13,8189.29,8.5101,0.03,395,2388,100.0,38.59,23.0952,19
94,240,-0.0002,-0.0001,100.0,518.67,643.87,1601.79,1425.24,14.62,21.61,551.9,2388.14,9116.86,1.3,48.06,520.31,2388.11,8189.95,8.5123,0.03,396,2388,100.0,38.45,23.1856,18
94,241,-0.0018,0.0002,100.0,518.67,643.39,1597.99,1421.07,14.62,21.61,552.64,2388.15,9122.98,1.3,47.94,520.95,2388.13,8193.1,8.503,0.03,395,2388,100.0,38.52,23.1268,17
94,242,-0.0036,-0.0003,100.0,518.67,643.54,1605.23,1418.43,14.62,21.61,552.88,2388.11,9125.96,1.3,48.1,520.14,2388.21,8199.48,8.4921,0.03,395,2388,100.0,38.36,23.235,16
94,243,-0.0012,-0.0001,100.0,518.67,642.91,1601.17,1430.06,14.62,21.61,551.31,2388.15,9128.54,1.3,47.85,520.45,2388.14,8193.76,8.5083,0.03,395,2388,100.0,38.66,23.1806,15
94,244,0.0027,0.0,100.0,518.67,643.97,1598.56,1423.54,14.62,21.61,552.24,2388.11,9122.99,1.3,48.02,519.91,2388.19,8197.25,8.503,0.03,395,2388,100.0,38.5,23.1723,14
94,245,-0.0015,0.0002,100.0,518.67,642.92,1598.99,1431.21,14.62,21.61,552.51,2388.17,9141.46,1.3,47.88,520.21,2388.12,8195.5,8.4944,0.03,395,2388,100.0,38.61,23.1142,13
94,246,-0.0032,0.0,100.0,518.67,643.22,1606.44,1430.55,14.62,21.61,550.74,2388.15,9132.74,1.3,47.9,520.09,2388.21,8195.39,8.5078,0.03,395,2388,100.0,38.37,23.1534,12
94,247,0.0004,-0.0004,100.0,518.67,643.55,1599.21,1431.52,14.62,21.61,552.2,2388.2,9138.9,1.3,48.18,520.35,2388.15,8199.0,8.5299,0.03,394,2388,100.0,38.52,23.0614,11
94,248,-0.0027,-0.0002,100.0,518.67,643.29,1606.35,1419.8,14.62,21.61,552.81,2388.14,9135.98,1.3,48.05,520.07,2388.12,8207.03,8.5214,0.03,397,2388,100.0,38.65,23.1162,10
94,249,0.0023,-0.0004,100.0,518.67,644.04,1600.85,1420.47,14.62,21.61,551.97,2388.13,9139.87,1.3,48.01,520.38,2388.16,8199.38,8.5378,0.03,397,2388,100.0,38.49,23.098,9
94,250,0.0009,0.0,100.0,518.67,643.48,1600.99,1424.95,14.62,21.61,551.72,2388.15,9135.87,1.3,47.98,519.8,2388.21,8203.24,8.5354,0.03,397,2388,100.0,38.24,23.0782,8
94,251,0.0004,-0.0005,100.0,518.67,643.47,1592.46,1429.17,14.62,21.61,551.87,2388.2,9139.66,1.3,48.0,519.85,2388.21,8204.13,8.524,0.03,397,2388,100.0,38.4,23.1917,7
94,252,0.0003,0.0004,100.0,518.67,643.78,1598.39,1427.48,14.62,21.61,551.85,2388.19,9145.48,1.3,48.06,519.99,2388.15,8202.84,8.521,0.03,396,2388,100.0,38.51,22.9914,6
94,253,-0.0014,-0.0003,100.0,518.67,643.74,1605.27,1436.02,14.62,21.61,552.05,2388.12,9139.75,1.3,48.16,520.01,2388.14,8212.27,8.5423,0.03,396,2388,100.0,38.61,22.9593,5
94,254,0.0004,-0.0001,100.0,518.67,643.6,1601.94,1432.25,14.62,21.61,551.76,2388.16,9144.87,1.3,48.02,520.33,2388.16,8210.36,8.5299,0.03,395,2388,100.0,38.46,23.1186,4
94,255,0.0006,0.0003,100.0,518.67,643.25,1602.62,1430.43,14.62,21.61,552.07,2388.16,9146.93,1.3,47.98,519.63,2388.15,8208.35,8.5147,0.03,397,2388,100.0,38.42,22.9984,3
94,256,0.0016,0.0004,100.0,518.67,643.83,1600.52,1428.51,14.62,21.61,552.08,2388.19,9151.14,1.3,48.07,519.57,2388.17,8212.3,8.5452,0.03,396,2388,100.0,38.3,23.098,2
94,257,-0.0036,-0.0002,100.0,518.67,643.3,1604.05,1431.12,14.62,21.61,551.32,2388.22,9148.49,1.3,48.32,520.02,2388.22,8216.89,8.4959,0.03,396,2388,100.0,38.21,23.1518,1
94,258,0.003,0.0004,100.0,518.67,644.07,1600.69,1425.25,14.62,21.61,551.27,2388.15,9153.46,1.3,48.26,519.74,2388.19,8217.94,8.5335,0.03,396,2388,100.0,38.3,22.9862,0
95,1,0.0007,-0.0003,100.0,518.67,641.95,1581.56,1387.38,14.62,21.6,555.01,2387.92,9074.19,1.3,47.2,522.74,2387.93,8153.89,8.3884,0.03,393,2388,100.0,38.98,23.4483,282
95,2,-0.0007,0.0003,100.0,518.67,642.29,1585.51,1392.61,14.62,21.6,554.25,2388.01,9066.35,1.3,47.23,522.2,2388.05,8151.85,8.3981,0.03,392,2388,100.0,38.92,23.37,281
95,3,-0.0012,-0.0002,100.0,518.67,642.7,1583.77,1394.14,14.62,21.6,554.72,2388.01,9069.28,1.3,46.85,522.69,2388.02,8148.79,8.4014,0.03,394,2388,100.0,38.9,23.4003,280
95,4,-0.0019,0.0002,100.0,518.67,642.1,1581.29,1392.84,14.62,21.61,554.7,2388.05,9068.55,1.3,46.99,523.0,2387.96,8148.08,8.3993,0.03,393,2388,100.0,39.08,23.3178,279
95,5,-0.0,0.0004,100.0,518.67,641.84,1587.07,1397.4,14.62,21.61,554.65,2388.02,9070.32,1.3,47.05,522.51,2388.0,8144.88,8.4031,0.03,392,2388,100.0,39.0,23.336,278
95,6,0.0,-0.0001,100.0,518.67,641.96,1585.35,1391.89,14.62,21.61,554.8,2387.92,9062.02,1.3,47.2,522.62,2387.95,8153.83,8.4136,0.03,392,2388,100.0,39.05,23.4131,277
95,7,-0.0022,-0.0001,100.0,518.67,642.18,1577.41,1399.15,14.62,21.6,555.03,2387.98,9073.2,1.3,47.09,522.41,2387.96,8154.59,8.4035,0.03,392,2388,100.0,38.98,23.4846,276
95,8,0.0002,0.0002,100.0,518.67,642.05,1584.03,1392.44,14.62,21.6,554.46,2388.05,9071.82,1.3,47.28,522.26,2387.98,8155.55,8.4043,0.03,390,2388,100.0,38.94,23.3263,275
95,9,-0.001,0.0,100.0,518.67,642.3,1589.42,1403.23,14.62,21.61,554.94,2387.99,9075.66,1.3,47.17,522.65,2387.93,8151.13,8.406,0.03,391,2388,100.0,38.99,23.5571,274
95,10,0.004,-0.0004,100.0,518.67,641.97,1580.85,1392.92,14.62,21.61,554.64,2387.95,9079.37,1.3,47.05,522.32,2387.96,8150.62,8.3772,0.03,392,2388,100.0,39.07,23.435,273
95,11,-0.0039,0.0004,100.0,518.67,642.17,1580.17,1391.9,14.62,21.61,554.23,2388.0,9065.5,1.3,47.13,522.61,2387.98,8154.61,8.3855,0.03,391,2388,100.0,39.19,23.4258,272
95,12,-0.0006,0.0002,100.0,518.67,642.77,1581.11,1394.96,14.62,21.61,554.24,2387.99,9069.42,1.3,47.09,522.35,2388.0,8149.33,8.4267,0.03,393,2388,100.0,38.71,23.4034,271
95,13,0.0006,0.0003,100.0,518.67,641.96,1579.14,1397.16,14.62,21.61,554.69,2388.0,9073.49,1.3,47.22,521.83,2387.95,8150.0,8.3812,0.03,392,2388,100.0,39.09,23.4318,270
95,14,-0.0017,-0.0003,100.0,518.67,641.89,1582.89,1393.8,14.62,21.61,554.9,2387.91,9074.5,1.3,47.05,523.01,2387.96,8151.47,8.3516,0.03,391,2388,100.0,39.13,23.4343,269
95,15,-0.0019,0.0002,100.0,518.67,641.3,1586.3,1393.76,14.62,21.61,554.55,2387.98,9069.95,1.3,47.18,522.58,2387.96,8153.94,8.4019,0.03,392,2388,100.0,39.12,23.4835,268
95,16,0.0014,0.0003,100.0,518.67,642.32,1592.95,1400.76,14.62,21.61,554.73,2388.04,9068.86,1.3,47.07,521.95,2387.99,8153.42,8.376,0.03,390,2388,100.0,39.02,23.2972,267
95,17,0.0023,-0.0003,100.0,518.67,642.08,1580.6,1397.17,14.62,21.61,554.14,2388.0,9069.57,1.3,47.07,522.41,2387.97,8153.9,8.4093,0.03,391,2388,100.0,39.11,23.3484,266
95,18,0.0054,-0.0004,100.0,518.67,642.07,1577.97,1399.9,14.62,21.61,555.15,2388.0,9067.77,1.3,47.08,522.89,2387.96,8147.51,8.4382,0.03,390,2388,100.0,39.04,23.4898,265
95,19,0.0037,-0.0002,100.0,518.67,642.0,1588.23,1388.48,14.62,21.61,554.69,2387.99,9063.33,1.3,47.11,522.89,2387.98,8150.46,8.4159,0.03,392,2388,100.0,38.89,23.4366,264
95,20,0.0028,0.0002,100.0,518.67,642.45,1583.3,1395.34,14.62,21.61,554.3,2388.03,9065.74,1.3,47.19,522.57,2387.98,8149.99,8.4166,0.03,391,2388,100.0,39.17,23.3666,263
95,21,0.0004,0.0002,100.0,518.67,642.12,1593.38,1392.33,14.62,21.61,554.81,2388.03,9064.57,1.3,47.21,521.96,2387.96,8148.1,8.3511,0.03,391,2388,100.0,39.06,23.4729,262
95,22,0.005,-0.0001,100.0,518.67,641.84,1582.17,1391.81,14.62,21.6,554.55,2387.99,9069.16,1.3,47.1,522.83,2388.0,8153.38,8.3757,0.03,392,2388,100.0,39.03,23.4455,261
95,23,-0.0021,0.0001,100.0,518.67,641.8,1575.04,1397.13,14.62,21.61,554.6,2387.93,9070.08,1.3,47.29,522.05,2387.97,8154.35,8.4104,0.03,391,2388,100.0,38.95,23.3788,260
95,24,0.0035,0.0002,100.0,518.67,641.98,1585.72,1398.31,14.62,21.61,555.3,2387.97,9071.23,1.3,47.25,522.45,2388.0,8147.34,8.3732,0.03,391,2388,100.0,39.06,23.407,259
95,25,-0.0048,0.0004,100.0,518.67,642.4,1583.59,1397.7,14.62,21.61,554.58,2387.95,9063.76,1.3,47.1,522.42,2388.0,8149.76,8.3871,0.03,392,2388,100.0,39.05,23.4489,258
95,26,-0.0043,-0.0003,100.0,518.67,642.23,1586.48,1396.63,14.62,21.61,554.23,2388.01,9074.65,1.3,47.28,522.54,2388.02,8149.77,8.4473,0.03,392,2388,100.0,39.09,23.4367,257
95,27,0.0019,0.0003,100.0,518.67,642.31,1582.21,1394.01,14.62,21.61,554.42,2388.06,9061.31,1.3,47.06,522.1,2388.05,8148.16,8.3927,0.03,390,2388,100.0,39.07,23.3856,256
95,28,-0.0005,-0.0001,100.0,518.67,642.37,1585.04,1391.76,14.62,21.61,554.49,2388.02,9075.88,1.3,47.29,522.26,2388.04,8153.57,8.3959,0.03,392,2388,100.0,39.03,23.4403,255
95,29,-0.0007,0.0,100.0,518.67,642.09,1583.66,1398.05,14.62,21.61,554.89,2387.94,9079.77,1.3,47.21,522.36,2388.02,8149.55,8.3957,0.03,392,2388,100.0,39.02,23.4545,254
95,30,0.0034,-0.0004,100.0,518.67,641.85,1585.64,1394.45,14.62,21.61,554.54,2388.0,9066.67,1.3,47.34,521.93,2387.98,8150.57,8.423,0.03,391,2388,100.0,39.07,23.3813,253
95,31,-0.0018,0.0003,100.0,518.67,642.3,1590.52,1399.81,14.62,21.61,554.52,2388.0,9067.08,1.3,47.22,522.17,2387.94,8155.56,8.3745,0.03,390,2388,100.0,38.98,23.3721,252
95,32,-0.0039,0.0001,100.0,518.67,641.72,1582.27,1402.71,14.62,21.61,554.54,2387.95,9065.37,1.3,47.18,522.4,2388.01,8144.59,8.4311,0.03,390,2388,100.0,38.91,23.3865,251
95,33,0.0016,-0.0004,100.0,518.67,641.55,1590.63,1399.09,14.62,21.6,554.1,2388.03,9068.15,1.3,47.12,521.71,2388.0,8153.95,8.4021,0.03,393,2388,100.0,39.11,23.4466,250
95,34,-0.0015,-0.0,100.0,518.67,641.92,1589.0,1402.82,14.62,21.61,554.68,2388.02,9072.29,1.3,47.32,522.57,2388.03,8152.62,8.379,0.03,391,2388,100.0,38.97,23.3428,249
95,35,0.0015,0.0005,100.0,518.67,642.4,1584.73,1401.7,14.62,21.61,555.07,2388.02,9067.48,1.3,47.13,522.01,2387.97,8146.68,8.4079,0.03,392,2388,100.0,39.05,23.432,248
95,36,-0.0031,-0.0004,100.0,518.67,642.04,1590.03,1398.98,14.62,21.61,554.94,2388.05,9068.37,1.3,47.24,522.24,2388.0,8147.0,8.3863,0.03,392,2388,100.0,38.94,23.4308,247
95,37,-0.0025,0.0002,100.0,518.67,641.96,1583.28,1402.33,14.62,21.61,554.59,2388.03,9069.38,1.3,47.25,522.19,2387.96,8151.14,8.4193,0.03,391,2388,100.0,38.94,23.3415,246
95,38,0.0007,-0.0005,100.0,518.67,641.75,1589.11,1393.12,14.62,21.61,555.13,2388.0,9066.51,1.3,47.28,521.99,2388.06,8151.73,8.3805,0.03,391,2388,100.0,39.05,23.4627,245
95,39,-0.0025,-0.0004,100.0,518.67,641.95,1581.66,1397.86,14.62,21.6,554.1,2388.02,9067.91,1.3,47.04,522.68,2387.96,8151.08,8.3849,0.03,391,2388,100.0,39.13,23.5627,244
95,40,0.0024,-0.0002,100.0,518.67,642.58,1579.72,1397.73,14.62,21.61,553.96,2387.98,9065.43,1.3,47.18,522.31,2388.02,8146.93,8.4018,0.03,393,2388,100.0,39.06,23.5442,243
95,41,0.002,-0.0003,100.0,518.67,641.59,1585.47,1404.29,14.62,21.61,554.02,2387.99,9061.27,1.3,47.46,522.49,2387.99,8152.52,8.3802,0.03,391,2388,100.0,39.03,23.3525,242
95,42,-0.0016,-0.0001,100.0,518.67,642.33,1590.25,1397.99,14.62,21.61,553.98,2388.01,9072.0,1.3,47.15,522.81,2388.01,8146.74,8.3495,0.03,392,2388,100.0,38.89,23.4256,241
95,43,-0.0007,-0.0004,100.0,518.67,642.03,1584.33,1399.94,14.62,21.61,554.81,2388.0,9066.59,1.3,47.36,523.03,2388.0,8150.08,8.4152,0.03,391,2388,100.0,38.96,23.5188,240
95,44,-0.0005,-0.0004,100.0,518.67,641.96,1587.69,1397.5,14.62,21.61,553.63,2387.99,9065.16,1.3,47.11,522.76,2388.06,8156.42,8.3756,0.03,391,2388,100.0,39.03,23.4025,239
95,45,0.0014,0.0003,100.0,518.67,642.3,1583.86,1398.33,14.62,21.61,554.78,2387.99,9072.27,1.3,47.13,522.71,2388.0,8150.23,8.4047,0.03,392,2388,100.0,38.99,23.4181,238
95,46,-0.0013,0.0001,100.0,518.67,642.02,1577.92,1399.47,14.62,21.61,554.95,2388.02,9068.4,1.3,47.15,522.48,2387.99,8148.79,8.3992,0.03,391,2388,100.0,39.03,23.3803,237
95,47,-0.002,-0.0003,100.0,518.67,642.4,1577.55,1399.76,14.62,21.6,554.41,2387.93,9064.74,1.3,47.23,522.58,2388.01,8153.78,8.3903,0.03,391,2388,100.0,38.92,23.391,236
95,48,0.0006,0.0002,100.0,518.67,642.22,1583.56,1404.86,14.62,21.61,554.71,2387.95,9073.24,1.3,47.28,522.04,2388.03,8149.93,8.4048,0.03,391,2388,100.0,38.87,23.4361,235
95,49,0.0028,-0.0002,100.0,518.67,641.98,1586.83,1398.0,14.62,21.6,554.45,2387.97,9061.2,1.3,47.33,522.05,2388.0,8146.96,8.4161,0.03,394,2388,100.0,38.85,23.2893,234
95,50,0.0004,-0.0005,100.0,518.67,642.12,1593.21,1391.86,14.62,21.61,554.0,2388.0,9060.98,1.3,47.34,522.52,2388.03,8152.89,8.3792,0.03,392,2388,100.0,38.99,23.4067,233
95,51,0.0022,-0.0004,100.0,518.67,642.23,1587.91,1397.38,14.62,21.6,555.12,2387.95,9068.2,1.3,46.97,522.43,2388.02,8148.36,8.4209,0.03,390,2388,100.0,38.95,23.5191,232
95,52,-0.0036,-0.0002,100.0,518.67,642.4,1588.23,1401.23,14.62,21.61,554.1,2387.99,9069.15,1.3,47.31,522.55,2387.96,8150.83,8.3787,0.03,392,2388,100.0,39.06,23.4409,231
95,53,0.0037,-0.0003,100.0,518.67,642.17,1588.17,1398.24,14.62,21.61,554.53,2388.03,9067.52,1.3,47.23,522.42,2388.04,8155.36,8.3964,0.03,393,2388,100.0,38.99,23.3749,230
95,54,-0.0044,0.0003,100.0,518.67,641.46,1587.17,1399.17,14.62,21.61,554.39,2388.01,9063.54,1.3,47.13,522.2,2388.04,8154.17,8.4254,0.03,391,2388,100.0,38.97,23.4667,229
95,55,0.0012,-0.0005,100.0,518.67,641.83,1589.14,1393.55,14.62,21.61,554.54,2388.01,9062.98,1.3,47.22,522.06,2388.0,8144.55,8.3883,0.03,391,2388,100.0,38.95,23.3812,228
95,56,0.002,0.0001,100.0,518.67,642.33,1579.24,1399.08,14.62,21.61,554.16,2388.0,9068.7,1.3,47.12,522.53,2387.99,8150.06,8.3919,0.03,390,2388,100.0,39.2,23.3888,227
95,57,0.0017,0.0003,100.0,518.67,641.91,1579.12,1396.6,14.62,21.61,554.66,2388.0,9071.14,1.3,47.07,522.06,2387.95,8148.6,8.37,0.03,391,2388,100.0,39.01,23.3966,226
95,58,-0.001,0.0003,100.0,518.67,642.12,1589.09,1385.19,14.62,21.61,554.38,2387.96,9067.64,1.3,47.14,522.13,2388.02,8150.29,8.4145,0.03,390,2388,100.0,39.0,23.5333,225
95,59,0.0034,0.0,100.0,518.67,641.78,1583.73,1393.7,14.62,21.61,554.01,2387.96,9073.22,1.3,47.23,522.68,2388.02,8151.55,8.3946,0.03,390,2388,100.0,39.07,23.4327,224
95,60,0.0001,-0.0003,100.0,518.67,642.04,1587.87,1394.6,14.62,21.61,554.39,2387.96,9075.08,1.3,47.18,522.53,2387.97,8150.32,8.4098,0.03,391,2388,100.0,39.15,23.4324,223
95,61,-0.0024,-0.0003,100.0,518.67,642.24,1587.45,1402.6,14.62,21.61,554.27,2388.07,9074.84,1.3,47.31,522.22,2388.02,8146.3,8.4165,0.03,391,2388,100.0,38.97,23.4084,222
95,62,-0.0042,0.0002,100.0,518.67,641.78,1576.36,1399.9,14.62,21.61,554.1,2388.05,9066.72,1.3,47.23,522.7,2387.98,8148.08,8.4068,0.03,392,2388,100.0,38.88,23.2807,221
95,63,-0.0027,-0.0002,100.0,518.67,642.33,1576.15,1399.66,14.62,21.61,554.42,2388.0,9073.46,1.3,47.14,522.56,2387.97,8150.25,8.4254,0.03,391,2388,100.0,39.02,23.3505,220
95,64,-0.0013,0.0,100.0,518.67,642.11,1585.01,1392.21,14.62,21.6,555.06,2387.97,9077.08,1.3,47.08,522.29,2388.0,8155.2,8.3834,0.03,391,2388,100.0,39.05,23.456,219
95,65,0.0032,-0.0005,100.0,518.67,642.36,1582.01,1400.4,14.62,21.6,555.64,2387.96,9068.88,1.3,47.33,522.45,2387.95,8151.86,8.3818,0.03,393,2388,100.0,38.92,23.3155,218
95,66,-0.0024,0.0002,100.0,518.67,641.99,1579.36,1399.82,14.62,21.61,555.01,2387.98,9065.63,1.3,47.11,522.16,2387.99,8150.91,8.3968,0.03,392,2388,100.0,38.85,23.3596,217
95,67,-0.002,0.0004,100.0,518.67,642.18,1585.97,1394.71,14.62,21.61,554.25,2387.97,9075.63,1.3,47.24,522.17,2388.02,8146.59,8.3907,0.03,392,2388,100.0,38.9,23.4372,216
95,68,-0.0013,-0.0002,100.0,518.67,641.75,1579.66,1403.48,14.62,21.61,554.44,2388.01,9067.73,1.3,47.21,521.9,2388.02,8147.63,8.3917,0.03,393,2388,100.0,39.07,23.4962,215
95,69,0.0028,-0.0001,100.0,518.67,642.49,1581.55,1397.54,14.62,21.61,554.43,2388.0,9069.3,1.3,47.19,521.99,2388.0,8146.72,8.3908,0.03,393,2388,100.0,39.06,23.3071,214
95,70,0.0022,0.0002,100.0,518.67,642.31,1584.75,1395.67,14.62,21.6,554.99,2387.99,9065.54,1.3,47.43,522.33,2387.96,8154.0,8.4136,0.03,392,2388,100.0,38.98,23.3647,213
95,71,-0.0024,-0.0,100.0,518.67,641.82,1588.7,1397.86,14.62,21.61,554.85,2388.02,9065.18,1.3,47.03,521.92,2387.99,8149.46,8.4022,0.03,391,2388,100.0,39.06,23.4485,212
95,72,-0.0006,0.0001,100.0,518.67,641.76,1582.8,1399.66,14.62,21.61,554.38,2388.05,9065.97,1.3,47.27,521.84,2388.02,8148.06,8.416,0.03,392,2388,100.0,39.12,23.3942,211
95,73,0.0014,0.0002,100.0,518.67,641.89,1591.38,1397.57,14.62,21.61,553.84,2388.01,9064.99,1.3,47.19,522.58,2387.96,8152.57,8.3979,0.03,392,2388,100.0,38.92,23.3184,210
95,74,0.0023,-0.0002,100.0,518.67,641.71,1583.15,1401.99,14.62,21.61,553.85,2388.01,9064.72,1.3,47.24,522.74,2387.97,8146.07,8.414,0.03,391,2388,100.0,38.93,23.4971,209
95,75,0.0016,0.0003,100.0,518.67,641.61,1581.14,1400.82,14.62,21.61,554.06,2387.99,9070.46,1.3,47.18,522.43,2387.97,8148.99,8.4092,0.03,393,2388,100.0,39.0,23.3081,208
95,76,-0.0006,-0.0001,100.0,518.67,641.91,1584.51,1392.36,14.62,21.61,554.5,2388.04,9072.52,1.3,47.29,522.13,2387.98,8153.8,8.3879,0.03,391,2388,100.0,39.07,23.4344,207
95,77,0.0043,0.0001,100.0,518.67,642.8,1578.35,1398.83,14.62,21.61,554.46,2388.0,9070.43,1.3,47.21,521.97,2388.01,8156.51,8.3708,0.03,391,2388,100.0,39.15,23.3313,206
95,78,0.003,-0.0003,100.0,518.67,642.55,1585.96,1392.8,14.62,21.61,554.29,2387.96,9063.02,1.3,47.11,522.39,2388.01,8149.53,8.3958,0.03,392,2388,100.0,39.22,23.4162,205
95,79,0.0024,0.0,100.0,518.67,642.15,1586.93,1397.07,14.62,21.61,553.84,2388.0,9068.29,1.3,47.23,522.22,2387.97,8155.0,8.3822,0.03,391,2388,100.0,39.15,23.3262,204
95,80,-0.0013,0.0003,100.0,518.67,641.96,1583.86,1392.35,14.62,21.6,553.8,2388.03,9067.9,1.3,47.3,522.18,2387.92,8145.71,8.373,0.03,390,2388,100.0,39.02,23.4595,203
95,81,-0.0017,0.0002,100.0,518.67,642.04,1584.35,1394.84,14.62,21.61,554.74,2388.01,9077.45,1.3,47.43,522.08,2387.98,8152.0,8.3921,0.03,391,2388,100.0,39.02,23.4055,202
95,82,-0.0024,-0.0003,100.0,518.67,641.74,1584.75,1394.62,14.62,21.61,553.72,2388.01,9066.38,1.3,47.08,521.88,2387.97,8149.11,8.3956,0.03,390,2388,100.0,38.93,23.4541,201
95,83,-0.0004,0.0004,100.0,518.67,642.28,1583.52,1408.22,14.62,21.61,554.99,2388.04,9074.54,1.3,47.27,522.57,2388.02,8151.64,8.4035,0.03,392,2388,100.0,39.09,23.3536,200
95,84,0.0004,0.0003,100.0,518.67,642.58,1591.9,1397.98,14.62,21.61,554.66,2388.0,9065.7,1.3,47.23,522.51,2387.99,8155.01,8.3802,0.03,391,2388,100.0,39.11,23.4007,199
95,85,-0.0019,0.0003,100.0,518.67,641.91,1581.22,1400.16,14.62,21.61,554.8,2388.0,9067.21,1.3,47.18,522.46,2388.01,8150.84,8.4153,0.03,390,2388,100.0,39.04,23.3966,198
95,86,0.0005,-0.0001,100.0,518.67,642.34,1580.64,1397.34,14.62,21.61,554.18,2387.96,9071.99,1.3,47.45,521.9,2388.06,8149.49,8.3923,0.03,393,2388,100.0,39.01,23.5311,197
95,87,0.0031,-0.0001,100.0,518.67,642.26,1591.11,1397.78,14.62,21.61,554.02,2387.98,9060.76,1.3,47.16,522.48,2387.99,8150.17,8.3855,0.03,392,2388,100.0,39.04,23.5197,196
95,88,0.0005,-0.0003,100.0,518.67,642.1,1580.42,1398.26,14.62,21.61,554.11,2387.97,9069.27,1.3,47.11,521.8,2387.99,8149.45,8.4405,0.03,392,2388,100.0,38.96,23.3708,195
95,89,0.0026,-0.0001,100.0,518.67,642.06,1587.62,1393.99,14.62,21.61,553.6,2387.99,9071.33,1.3,47.4,521.92,2388.02,8152.78,8.4024,0.03,391,2388,100.0,39.05,23.3651,194
95,90,0.0003,0.0004,100.0,518.67,642.28,1588.46,1406.19,14.62,21.61,554.23,2388.01,9062.57,1.3,47.09,522.45,2387.97,8146.93,8.392,0.03,392,2388,100.0,38.92,23.4211,193
95,91,-0.0015,0.0003,100.0,518.67,642.07,1583.01,1394.44,14.62,21.61,554.71,2387.99,9068.74,1.3,47.28,522.81,2388.0,8151.77,8.4039,0.03,391,2388,100.0,38.99,23.3145,192
95,92,-0.0045,0.0001,100.0,518.67,642.51,1582.87,1397.31,14.62,21.6,553.39,2387.97,9069.2,1.3,47.12,522.24,2387.95,8151.22,8.3978,0.03,393,2388,100.0,38.88,23.3029,191
95,93,0.0008,0.0003,100.0,518.67,642.13,1589.76,1407.41,14.62,21.61,554.41,2388.01,9077.07,1.3,47.1,522.37,2388.02,8148.3,8.3799,0.03,389,2388,100.0,39.08,23.432,190
95,94,-0.0016,0.0001,100.0,518.67,641.33,1581.77,1396.4,14.62,21.61,553.69,2388.01,9071.65,1.3,47.08,522.24,2387.98,8152.75,8.3808,0.03,391,2388,100.0,38.97,23.3824,189
95,95,-0.0013,0.0002,100.0,518.67,642.36,1592.95,1395.68,14.62,21.61,554.49,2388.01,9078.51,1.3,47.13,522.64,2387.99,8157.82,8.4018,0.03,392,2388,100.0,38.83,23.4057,188
95,96,0.0,-0.0002,100.0,518.67,642.34,1591.09,1404.42,14.62,21.61,554.32,2388.0,9069.33,1.3,47.16,522.4,2388.02,8152.24,8.3689,0.03,394,2388,100.0,39.0,23.4466,187
95,97,-0.0014,-0.0003,100.0,518.67,642.18,1590.79,1392.48,14.62,21.61,554.74,2388.0,9069.59,1.3,47.14,522.21,2387.95,8146.5,8.4375,0.03,392,2388,100.0,39.09,23.333,186
95,98,-0.0013,0.0005,100.0,518.67,642.08,1583.36,1400.98,14.62,21.61,554.37,2388.03,9075.3,1.3,47.24,522.59,2387.99,8150.06,8.4211,0.03,391,2388,100.0,39.04,23.313,185
95,99,0.0015,0.0004,100.0,518.67,642.38,1580.28,1404.26,14.62,21.61,553.76,2387.98,9065.33,1.3,47.2,522.61,2387.96,8148.45,8.4175,0.03,393,2388,100.0,38.99,23.5004,184
95,100,0.0008,0.0001,100.0,518.67,642.54,1589.45,1402.46,14.62,21.61,554.59,2388.01,9069.05,1.3,47.11,522.45,2387.95,8154.65,8.4363,0.03,392,2388,100.0,38.92,23.3356,183
95,101,-0.0039,0.0,100.0,518.67,641.79,1585.48,1397.83,14.62,21.61,554.3,2387.96,9066.38,1.3,47.32,522.28,2387.98,8155.53,8.4474,0.03,392,2388,100.0,38.88,23.4572,182
95,102,0.0014,-0.0005,100.0,518.67,642.33,1587.3,1392.28,14.62,21.61,554.15,2388.02,9070.74,1.3,47.33,522.52,2388.03,8151.32,8.3973,0.03,391,2388,100.0,39.02,23.38,181
95,103,-0.0013,-0.0002,100.0,518.67,641.56,1592.15,1399.89,14.62,21.61,554.19,2388.02,9072.13,1.3,47.23,522.11,2387.94,8152.97,8.3962,0.03,392,2388,100.0,39.01,23.4325,180
95,104,0.0025,0.0004,100.0,518.67,642.55,1593.81,1403.41,14.62,21.61,554.25,2388.03,9069.96,1.3,47.28,522.34,2387.95,8153.52,8.4069,0.03,392,2388,100.0,39.14,23.3588,179
95,105,-0.0013,0.0002,100.0,518.67,642.34,1588.83,1404.64,14.62,21.6,554.26,2387.99,9065.28,1.3,47.18,521.76,2387.95,8149.55,8.3617,0.03,393,2388,100.0,39.07,23.4055,178
95,106,-0.0006,0.0005,100.0,518.67,641.81,1580.34,1401.84,14.62,21.61,554.74,2388.03,9062.61,1.3,47.2,522.26,2388.01,8151.57,8.4111,0.03,392,2388,100.0,38.98,23.5379,177
95,107,0.0003,0.0004,100.0,518.67,641.8,1587.09,1403.51,14.62,21.61,554.42,2388.03,9077.5,1.3,47.33,522.1,2387.99,8148.3,8.4281,0.03,392,2388,100.0,39.03,23.3986,176
95,108,0.0004,0.0005,100.0,518.67,642.13,1587.76,1397.98,14.62,21.61,554.02,2388.0,9067.8,1.3,47.33,522.49,2388.0,8155.49,8.3961,0.03,392,2388,100.0,39.04,23.451,175
95,109,-0.0008,0.0003,100.0,518.67,642.24,1595.25,1403.28,14.62,21.61,554.66,2388.02,9070.75,1.3,47.13,522.22,2388.02,8152.11,8.3982,0.03,390,2388,100.0,39.08,23.4312,174
95,110,0.0013,-0.0004,100.0,518.67,642.46,1582.91,1405.19,14.62,21.61,554.41,2387.95,9066.11,1.3,47.27,522.27,2388.04,8144.87,8.4525,0.03,392,2388,100.0,38.78,23.3485,173
95,111,0.0028,-0.0,100.0,518.67,642.12,1578.68,1403.06,14.62,21.61,554.26,2388.01,9073.19,1.3,47.31,522.56,2388.01,8153.99,8.3703,0.03,393,2388,100.0,39.06,23.3337,172
95,112,-0.0007,0.0001,100.0,518.67,642.4,1591.13,1397.0,14.62,21.61,553.28,2387.97,9076.87,1.3,47.19,521.98,2387.98,8154.62,8.4013,0.03,391,2388,100.0,38.86,23.4631,171
95,113,-0.0009,0.0001,100.0,518.67,642.41,1591.1,1400.5,14.62,21.61,553.68,2388.0,9068.47,1.3,47.17,522.17,2387.97,8153.25,8.3958,0.03,391,2388,100.0,38.93,23.4026,170
95,114,-0.0019,0.0002,100.0,518.67,641.97,1581.33,1397.52,14.62,21.61,554.46,2387.96,9075.74,1.3,47.37,522.63,2387.96,8158.13,8.4055,0.03,392,2388,100.0,39.01,23.3446,169
95,115,-0.0006,-0.0004,100.0,518.67,642.52,1591.47,1401.33,14.62,21.61,554.06,2388.0,9069.48,1.3,47.34,522.19,2388.0,8150.67,8.3913,0.03,391,2388,100.0,39.07,23.4132,168
95,116,-0.003,0.0002,100.0,518.67,641.85,1582.95,1400.42,14.62,21.61,554.46,2388.04,9071.59,1.3,47.03,522.21,2388.01,8155.0,8.4088,0.03,392,2388,100.0,39.13,23.3432,167
95,117,-0.001,0.0001,100.0,518.67,642.63,1581.96,1392.27,14.62,21.61,554.38,2387.97,9072.45,1.3,47.1,522.3,2388.06,8149.85,8.399,0.03,391,2388,100.0,38.89,23.4329,166
95,118,0.0013,-0.0005,100.0,518.67,642.59,1583.32,1392.45,14.62,21.61,554.26,2387.97,9066.59,1.3,47.2,522.2,2388.05,8150.12,8.4147,0.03,390,2388,100.0,39.1,23.4153,165
95,119,-0.0017,-0.0,100.0,518.67,642.71,1588.53,1399.35,14.62,21.61,554.72,2387.98,9074.87,1.3,47.18,522.09,2388.0,8150.12,8.4344,0.03,392,2388,100.0,38.9,23.3867,164
95,120,-0.003,-0.0002,100.0,518.67,642.11,1576.77,1399.03,14.62,21.61,554.43,2388.04,9066.56,1.3,47.04,522.29,2387.97,8148.63,8.4085,0.03,391,2388,100.0,38.92,23.3877,163
95,121,-0.0017,-0.0002,100.0,518.67,642.41,1584.43,1405.4,14.62,21.61,553.66,2388.0,9075.52,1.3,47.27,522.25,2388.0,8152.32,8.4346,0.03,393,2388,100.0,39.01,23.3196,162
95,122,0.0057,-0.0005,100.0,518.67,642.28,1586.48,1395.38,14.62,21.61,553.84,2388.03,9076.06,1.3,47.23,522.69,2388.08,8151.69,8.4041,0.03,391,2388,100.0,39.01,23.3606,161
95,123,-0.0001,0.0001,100.0,518.67,642.05,1584.43,1403.02,14.62,21.61,554.86,2388.03,9076.81,1.3,47.2,522.42,2387.95,8158.06,8.3878,0.03,391,2388,100.0,38.94,23.3338,160
95,124,-0.0003,0.0002,100.0,518.67,642.28,1584.2,1396.44,14.62,21.61,554.11,2388.01,9067.29,1.3,47.27,522.45,2388.02,8149.14,8.4035,0.03,391,2388,100.0,39.06,23.3633,159
95,125,0.0017,0.0001,100.0,518.67,641.85,1584.78,1401.17,14.62,21.61,554.22,2388.01,9073.39,1.3,47.22,522.04,2387.96,8151.12,8.4315,0.03,391,2388,100.0,38.96,23.4351,158
95,126,0.0018,0.0003,100.0,518.67,642.43,1588.4,1397.39,14.62,21.61,553.87,2388.01,9064.51,1.3,47.25,522.68,2388.01,8150.02,8.4064,0.03,392,2388,100.0,39.02,23.4135,157
95,127,0.0023,0.0003,100.0,518.67,642.77,1588.68,1398.64,14.62,21.61,553.94,2387.96,9067.16,1.3,47.22,522.19,2387.98,8158.17,8.3856,0.03,393,2388,100.0,39.12,23.392,156
95,128,0.0012,0.0001,100.0,518.67,642.12,1588.53,1405.04,14.62,21.61,554.3,2388.05,9064.85,1.3,47.36,522.15,2387.96,8152.31,8.4027,0.03,391,2388,100.0,39.02,23.3738,155
95,129,-0.0033,0.0001,100.0,518.67,642.74,1590.89,1398.99,14.62,21.61,553.73,2387.95,9074.2,1.3,47.36,521.93,2388.05,8154.89,8.4176,0.03,393,2388,100.0,38.99,23.2857,154
95,130,0.0019,0.0002,100.0,518.67,642.51,1579.22,1396.7,14.62,21.6,554.31,2387.98,9068.78,1.3,47.2,522.13,2388.0,8148.32,8.3894,0.03,392,2388,100.0,38.95,23.2674,153
95,131,-0.0036,-0.0004,100.0,518.67,642.82,1581.63,1397.16,14.62,21.61,553.82,2388.03,9079.23,1.3,47.28,522.19,2388.0,8156.33,8.3985,0.03,391,2388,100.0,38.9,23.3979,152
95,132,0.0015,0.0002,100.0,518.67,642.03,1587.62,1400.74,14.62,21.61,554.47,2388.05,9067.97,1.3,47.29,522.87,2388.0,8151.92,8.4033,0.03,392,2388,100.0,38.91,23.3719,151
95,133,0.0004,-0.0001,100.0,518.67,642.43,1588.11,1397.39,14.62,21.61,554.08,2387.99,9077.36,1.3,47.28,522.41,2387.97,8156.64,8.404,0.03,390,2388,100.0,39.1,23.3421,150
95,134,0.0022,-0.0003,100.0,518.67,642.54,1590.29,1399.8,14.62,21.61,554.67,2388.01,9072.7,1.3,47.32,521.28,2388.03,8153.46,8.4506,0.03,392,2388,100.0,38.93,23.3081,149
95,135,-0.0009,0.0,100.0,518.67,642.11,1586.87,1400.93,14.62,21.61,554.82,2388.0,9079.33,1.3,47.3,521.69,2388.05,8157.59,8.4129,0.03,392,2388,100.0,39.16,23.3882,148
95,136,0.006,0.0001,100.0,518.67,641.94,1587.8,1403.51,14.62,21.61,553.95,2388.02,9072.33,1.3,47.38,521.96,2388.02,8151.48,8.4359,0.03,393,2388,100.0,38.93,23.237,147
95,137,-0.002,0.0001,100.0,518.67,641.83,1587.74,1400.25,14.62,21.61,554.29,2388.03,9070.15,1.3,47.34,522.16,2388.0,8146.51,8.4162,0.03,392,2388,100.0,39.01,23.445,146
95,138,0.0046,0.0004,100.0,518.67,642.56,1590.99,1405.51,14.62,21.61,554.24,2388.0,9072.56,1.3,47.42,522.22,2388.0,8153.39,8.4243,0.03,392,2388,100.0,38.95,23.367,145
95,139,-0.0011,-0.0003,100.0,518.67,642.87,1581.36,1395.12,14.62,21.61,553.95,2387.99,9074.08,1.3,47.38,521.78,2388.03,8151.23,8.4018,0.03,393,2388,100.0,38.76,23.4701,144
95,140,-0.0023,0.0005,100.0,518.67,642.39,1592.17,1399.15,14.62,21.61,553.52,2388.02,9075.4,1.3,47.28,522.45,2388.06,8151.36,8.4115,0.03,393,2388,100.0,38.91,23.4167,143
95,141,-0.0021,0.0005,100.0,518.67,642.59,1590.99,1400.57,14.62,21.61,553.63,2388.02,9076.59,1.3,47.23,522.4,2388.02,8151.05,8.409,0.03,392,2388,100.0,39.15,23.3256,142
95,142,-0.0011,-0.0003,100.0,518.67,642.73,1582.42,1408.5,14.62,21.61,554.74,2388.01,9075.65,1.3,47.22,521.69,2388.02,8155.1,8.3956,0.03,393,2388,100.0,38.96,23.4092,141
95,143,0.0014,0.0002,100.0,518.67,641.78,1587.17,1399.26,14.62,21.61,554.05,2388.04,9072.95,1.3,47.27,521.77,2388.04,8151.48,8.4383,0.03,392,2388,100.0,38.95,23.3957,140
95,144,0.0004,0.0004,100.0,518.67,642.28,1584.55,1400.7,14.62,21.61,553.98,2388.04,9077.21,1.3,47.38,522.55,2388.01,8158.38,8.4145,0.03,392,2388,100.0,38.84,23.4767,139
95,145,-0.0042,-0.0002,100.0,518.67,642.32,1583.14,1399.38,14.62,21.61,553.96,2388.09,9068.38,1.3,47.31,521.85,2388.02,8157.48,8.4153,0.03,391,2388,100.0,38.86,23.3159,138
95,146,-0.0027,-0.0003,100.0,518.67,641.89,1590.89,1396.8,14.62,21.61,554.39,2388.02,9072.44,1.3,47.31,521.56,2387.98,8152.83,8.4049,0.03,394,2388,100.0,38.94,23.4033,137
95,147,-0.0024,-0.0002,100.0,518.67,642.34,1584.97,1399.64,14.62,21.61,553.96,2388.07,9077.03,1.3,47.33,522.15,2387.99,8151.56,8.3504,0.03,392,2388,100.0,38.9,23.3908,136
95,148,0.0022,-0.0,100.0,518.67,642.03,1584.78,1407.54,14.62,21.61,554.27,2387.99,9073.2,1.3,47.35,522.22,2388.0,8153.59,8.387,0.03,393,2388,100.0,39.1,23.3138,135
95,149,-0.0024,-0.0003,100.0,518.67,641.98,1592.61,1405.6,14.62,21.61,553.77,2388.04,9070.98,1.3,47.25,522.73,2388.01,8152.62,8.4123,0.03,393,2388,100.0,38.94,23.3638,134
95,150,0.0005,-0.0002,100.0,518.67,642.39,1585.21,1409.2,14.62,21.61,553.65,2388.01,9068.11,1.3,47.44,522.28,2387.98,8156.36,8.4127,0.03,393,2388,100.0,39.13,23.4728,133
95,151,0.0012,0.0002,100.0,518.67,642.24,1581.38,1402.65,14.62,21.61,554.49,2388.0,9069.42,1.3,47.24,522.18,2388.03,8149.05,8.4186,0.03,393,2388,100.0,39.0,23.2735,132
95,152,0.001,-0.0002,100.0,518.67,641.91,1590.39,1399.01,14.62,21.61,554.8,2388.03,9072.97,1.3,47.32,522.57,2388.02,8146.42,8.4122,0.03,392,2388,100.0,38.93,23.467,131
95,153,-0.0055,-0.0003,100.0,518.67,642.91,1590.99,1398.15,14.62,21.61,553.82,2388.04,9077.08,1.3,47.26,521.88,2388.0,8156.14,8.413,0.03,391,2388,100.0,39.0,23.4206,130
95,154,0.0012,0.0001,100.0,518.67,641.82,1589.22,1400.55,14.62,21.61,553.28,2388.01,9072.53,1.3,47.4,522.14,2388.04,8152.0,8.3719,0.03,391,2388,100.0,38.93,23.3483,129
95,155,0.0017,-0.0003,100.0,518.67,641.82,1584.81,1399.21,14.62,21.61,554.19,2388.01,9074.59,1.3,47.29,522.54,2387.97,8155.37,8.4199,0.03,391,2388,100.0,38.95,23.2489,128
95,156,0.0024,0.0,100.0,518.67,642.9,1579.08,1398.26,14.62,21.61,554.04,2388.05,9078.91,1.3,47.29,521.64,2388.01,8155.47,8.4317,0.03,393,2388,100.0,38.8,23.3931,127
95,157,0.0021,0.0002,100.0,518.67,642.49,1585.71,1408.04,14.62,21.61,553.8,2388.03,9074.32,1.3,47.18,521.3,2388.1,8160.11,8.4111,0.03,393,2388,100.0,38.87,23.2966,126
95,158,0.0025,0.0003,100.0,518.67,642.06,1584.05,1401.99,14.62,21.61,553.99,2388.0,9078.64,1.3,47.44,521.87,2388.05,8154.57,8.4353,0.03,392,2388,100.0,38.88,23.4948,125
95,159,0.0044,0.0003,100.0,518.67,642.27,1580.42,1393.35,14.62,21.61,553.72,2388.0,9076.53,1.3,47.46,522.02,2387.98,8153.86,8.3846,0.03,394,2388,100.0,38.81,23.4131,124
95,160,-0.0008,-0.0,100.0,518.67,643.02,1591.79,1401.55,14.62,21.61,553.86,2388.14,9077.23,1.3,47.43,521.77,2388.02,8151.77,8.3719,0.03,392,2388,100.0,38.92,23.3938,123
95,161,-0.0015,0.0004,100.0,518.67,642.53,1585.48,1405.04,14.62,21.61,553.79,2388.06,9077.64,1.3,47.33,521.97,2388.06,8156.32,8.4415,0.03,391,2388,100.0,38.94,23.2145,122
95,162,-0.0014,0.0,100.0,518.67,642.61,1583.17,1400.5,14.62,21.61,553.76,2388.03,9078.51,1.3,47.4,521.83,2387.97,8156.3,8.3958,0.03,392,2388,100.0,39.05,23.3126,121
95,163,-0.0019,0.0003,100.0,518.67,642.37,1586.48,1405.83,14.62,21.61,553.86,2388.02,9077.46,1.3,47.35,521.7,2388.04,8156.02,8.3691,0.03,392,2388,100.0,39.0,23.2776,120
95,164,0.0028,0.0001,100.0,518.67,641.79,1590.34,1412.12,14.62,21.61,553.75,2388.01,9070.99,1.3,47.35,522.28,2388.02,8161.02,8.3877,0.03,393,2388,100.0,39.0,23.381,119
95,165,0.0014,-0.0004,100.0,518.67,642.18,1587.17,1403.68,14.62,21.61,554.24,2388.02,9069.13,1.3,47.2,522.05,2388.06,8154.15,8.4267,0.03,393,2388,100.0,38.87,23.3095,118
95,166,0.0052,0.0001,100.0,518.67,642.74,1588.49,1399.51,14.62,21.61,554.56,2387.98,9080.4,1.3,47.33,521.51,2387.96,8155.09,8.4175,0.03,393,2388,100.0,39.06,23.4982,117
95,167,-0.0012,-0.0003,100.0,518.67,642.5,1585.29,1411.22,14.62,21.61,553.82,2388.01,9078.42,1.3,47.47,522.2,2388.1,8156.52,8.4283,0.03,391,2388,100.0,39.0,23.3513,116
95,168,0.0009,-0.0004,100.0,518.67,642.38,1586.19,1395.87,14.62,21.61,553.64,2388.01,9078.55,1.3,47.44,521.72,2388.04,8159.1,8.4354,0.03,393,2388,100.0,38.9,23.2932,115
95,169,-0.0,-0.0005,100.0,518.67,642.53,1585.09,1403.81,14.62,21.61,554.87,2388.02,9080.36,1.3,47.28,522.1,2388.06,8160.45,8.4001,0.03,393,2388,100.0,38.99,23.2581,114
95,170,0.0016,-0.0003,100.0,518.67,641.9,1590.12,1401.84,14.62,21.61,553.88,2388.06,9074.09,1.3,47.26,521.87,2388.01,8155.02,8.4337,0.03,392,2388,100.0,38.9,23.3517,113
95,171,0.0004,-0.0001,100.0,518.67,641.99,1579.98,1405.06,14.62,21.61,553.43,2388.01,9074.24,1.3,47.33,522.1,2388.07,8149.76,8.4248,0.03,393,2388,100.0,39.05,23.4166,112
95,172,0.0027,0.0004,100.0,518.67,642.22,1586.2,1395.96,14.62,21.61,553.54,2388.01,9078.67,1.3,47.49,521.87,2388.04,8150.58,8.4182,0.03,392,2388,100.0,38.91,23.3969,111
95,173,-0.0042,0.0001,100.0,518.67,642.08,1592.64,1400.55,14.62,21.61,553.53,2388.03,9078.97,1.3,47.35,522.06,2388.05,8152.55,8.4155,0.03,393,2388,100.0,38.9,23.4406,110
95,174,-0.0,-0.0005,100.0,518.67,642.43,1585.27,1403.68,14.62,21.61,554.57,2388.03,9077.69,1.3,47.52,521.88,2387.99,8154.86,8.4061,0.03,392,2388,100.0,38.94,23.2876,109
95,175,0.0014,-0.0,100.0,518.67,642.47,1584.35,1399.68,14.62,21.61,553.93,2388.03,9080.31,1.3,47.31,522.16,2388.07,8155.27,8.4165,0.03,392,2388,100.0,38.88,23.2629,108
95,176,-0.0007,-0.0004,100.0,518.67,642.37,1587.69,1408.49,14.62,21.61,554.58,2388.06,9071.81,1.3,47.3,521.42,2388.04,8151.52,8.4247,0.03,393,2388,100.0,39.09,23.3448,107
95,177,-0.0033,-0.0001,100.0,518.67,642.31,1594.42,1392.6,14.62,21.61,553.65,2388.02,9077.13,1.3,47.48,522.22,2388.08,8153.06,8.4138,0.03,392,2388,100.0,39.06,23.384,106
95,178,0.0031,-0.0001,100.0,518.67,641.97,1587.07,1401.88,14.62,21.61,553.4,2388.04,9082.41,1.3,47.35,521.86,2388.06,8160.05,8.4246,0.03,393,2388,100.0,38.91,23.3981,105
95,179,0.0031,0.0002,100.0,518.67,642.61,1587.74,1403.9,14.62,21.61,553.5,2388.03,9077.23,1.3,47.41,521.43,2388.06,8161.33,8.4601,0.03,393,2388,100.0,38.82,23.372,104
95,180,-0.0007,-0.0,100.0,518.67,642.02,1582.67,1401.78,14.62,21.61,553.67,2388.01,9080.85,1.3,47.43,521.62,2388.08,8160.5,8.425,0.03,392,2388,100.0,38.84,23.2953,103
95,181,0.0039,-0.0001,100.0,518.67,642.71,1588.76,1404.52,14.62,21.61,553.92,2388.07,9080.77,1.3,47.23,521.89,2388.07,8155.95,8.4407,0.03,391,2388,100.0,38.75,23.325,102
95,182,0.0034,-0.0003,100.0,518.67,642.09,1588.55,1404.45,14.62,21.61,553.2,2388.07,9074.9,1.3,47.41,521.65,2388.06,8153.35,8.4415,0.03,393,2388,100.0,38.94,23.2994,101
95,183,0.0007,0.0004,100.0,518.67,642.29,1585.09,1399.66,14.62,21.61,553.69,2388.04,9068.98,1.3,47.41,521.85,2388.07,8156.57,8.4162,0.03,393,2388,100.0,38.96,23.3933,100
95,184,0.0009,-0.0004,100.0,518.67,642.58,1587.84,1407.53,14.62,21.61,554.13,2388.02,9079.87,1.3,47.46,521.87,2388.03,8155.43,8.4641,0.03,393,2388,100.0,38.84,23.2227,99
95,185,-0.0017,0.0003,100.0,518.67,643.08,1592.45,1407.79,14.62,21.61,554.27,2388.06,9080.77,1.3,47.28,521.05,2388.0,8156.42,8.4388,0.03,393,2388,100.0,38.76,23.3264,98
95,186,0.0019,-0.0002,100.0,518.67,643.16,1592.0,1412.64,14.62,21.61,553.41,2388.04,9076.71,1.3,47.26,521.2,2388.03,8156.79,8.4326,0.03,393,2388,100.0,38.95,23.1849,97
95,187,-0.0029,-0.0,100.0,518.67,642.74,1587.24,1401.49,14.62,21.61,553.53,2388.05,9078.4,1.3,47.46,521.85,2388.01,8151.65,8.4545,0.03,392,2388,100.0,38.86,23.3067,96
95,188,-0.0028,0.0002,100.0,518.67,642.16,1588.01,1410.54,14.62,21.61,552.5,2388.08,9082.81,1.3,47.37,521.79,2388.06,8157.0,8.4442,0.03,392,2388,100.0,38.96,23.3167,95
95,189,0.003,0.0002,100.0,518.67,643.02,1590.43,1408.82,14.62,21.61,553.66,2388.06,9084.41,1.3,47.53,522.19,2388.08,8155.87,8.3769,0.03,392,2388,100.0,38.79,23.3154,94
95,190,0.0008,-0.0002,100.0,518.67,642.54,1590.8,1406.08,14.62,21.61,553.9,2388.09,9084.04,1.3,47.43,521.08,2388.06,8149.55,8.4189,0.03,394,2388,100.0,39.0,23.256,93
95,191,0.001,-0.0001,100.0,518.67,642.69,1583.4,1405.29,14.62,21.61,553.42,2388.05,9082.56,1.3,47.34,520.96,2388.04,8159.18,8.4268,0.03,394,2388,100.0,38.99,23.3554,92
95,192,-0.0041,0.0002,100.0,518.67,642.55,1586.0,1400.74,14.62,21.61,554.33,2388.02,9079.42,1.3,47.43,521.44,2388.04,8156.21,8.3995,0.03,393,2388,100.0,38.93,23.3611,91
95,193,-0.0009,0.0003,100.0,518.67,642.43,1584.59,1403.75,14.62,21.61,553.64,2388.06,9077.81,1.3,47.5,521.95,2388.01,8159.97,8.4242,0.03,394,2388,100.0,38.7,23.4737,90
95,194,0.0044,-0.0,100.0,518.67,642.44,1599.01,1401.81,14.62,21.61,553.18,2388.05,9081.54,1.3,47.35,522.04,2388.01,8159.3,8.4459,0.03,393,2388,100.0,38.96,23.3818,89
95,195,-0.0009,0.0001,100.0,518.67,642.54,1588.55,1411.99,14.62,21.61,553.48,2388.06,9082.55,1.3,47.47,521.36,2387.99,8152.74,8.4484,0.03,392,2388,100.0,38.73,23.3213,88
95,196,-0.001,-0.0004,100.0,518.67,642.47,1588.04,1409.74,14.62,21.61,553.0,2388.12,9073.66,1.3,47.39,521.71,2388.08,8149.73,8.4228,0.03,391,2388,100.0,39.02,23.4345,87
95,197,0.0011,0.0001,100.0,518.67,643.02,1589.01,1402.16,14.62,21.61,553.63,2388.08,9078.29,1.3,47.66,521.72,2388.06,8156.08,8.4606,0.03,393,2388,100.0,38.96,23.3095,86
95,198,0.0013,-0.0001,100.0,518.67,642.28,1590.39,1409.82,14.62,21.61,553.39,2388.08,9070.99,1.3,47.67,521.33,2388.05,8159.97,8.4566,0.03,395,2388,100.0,38.83,23.3629,85
95,199,0.0007,-0.0003,100.0,518.67,642.59,1592.07,1408.87,14.62,21.61,554.19,2388.06,9077.04,1.3,47.57,522.23,2388.09,8160.43,8.449,0.03,394,2388,100.0,38.74,23.3208,84
95,200,0.0001,0.0004,100.0,518.67,642.26,1588.46,1410.83,14.62,21.61,554.15,2388.09,9078.18,1.3,47.35,521.46,2388.05,8158.19,8.4382,0.03,392,2388,100.0,38.82,23.2417,83
95,201,0.002,-0.0005,100.0,518.67,643.18,1592.75,1408.54,14.62,21.61,553.8,2388.11,9089.03,1.3,47.42,521.82,2388.0,8155.25,8.4441,0.03,394,2388,100.0,38.93,23.3059,82
95,202,-0.0019,0.0003,100.0,518.67,642.94,1586.51,1408.2,14.62,21.61,553.52,2388.08,9086.98,1.3,47.56,521.51,2388.06,8158.79,8.4391,0.03,393,2388,100.0,38.86,23.2139,81
95,203,-0.0025,0.0001,100.0,518.67,642.41,1586.44,1409.74,14.62,21.61,553.79,2388.03,9082.55,1.3,47.55,521.94,2388.1,8154.5,8.4316,0.03,394,2388,100.0,38.86,23.3468,80
95,204,-0.0035,0.0001,100.0,518.67,642.57,1592.87,1410.59,14.62,21.61,553.55,2388.08,9092.37,1.3,47.39,521.5,2388.05,8163.76,8.4315,0.03,393,2388,100.0,38.88,23.4003,79
95,205,0.0029,0.0004,100.0,518.67,642.81,1594.49,1411.49,14.62,21.61,553.49,2388.06,9077.51,1.3,47.57,521.29,2388.04,8157.92,8.4657,0.03,394,2388,100.0,38.91,23.4012,78
95,206,-0.0019,-0.0002,100.0,518.67,642.36,1587.01,1406.57,14.62,21.61,553.06,2388.11,9089.8,1.3,47.43,521.57,2388.07,8159.97,8.4716,0.03,393,2388,100.0,38.98,23.2798,77
95,207,0.0012,0.0001,100.0,518.67,642.42,1590.51,1412.31,14.62,21.61,553.97,2388.07,9075.8,1.3,47.54,521.06,2388.05,8157.73,8.4649,0.03,394,2388,100.0,38.94,23.3592,76
95,208,0.0025,0.0003,100.0,518.67,642.92,1593.0,1403.58,14.62,21.61,553.46,2388.07,9081.94,1.3,47.49,522.04,2388.12,8158.82,8.4313,0.03,391,2388,100.0,38.81,23.2553,75
95,209,0.0006,0.0002,100.0,518.67,642.51,1595.87,1404.78,14.62,21.61,553.29,2388.05,9082.52,1.3,47.66,521.34,2388.01,8155.3,8.4352,0.03,393,2388,100.0,38.85,23.4043,74
95,210,-0.0017,0.0,100.0,518.67,643.0,1586.67,1409.24,14.62,21.61,553.39,2388.05,9084.26,1.3,47.49,521.13,2388.01,8158.8,8.4083,0.03,392,2388,100.0,38.68,23.3064,73
95,211,0.0008,-0.0002,100.0,518.67,642.67,1593.03,1404.44,14.62,21.61,553.27,2388.07,9082.59,1.3,47.66,521.67,2388.04,8164.41,8.4779,0.03,393,2388,100.0,38.92,23.2911,72
95,212,0.0015,-0.0003,100.0,518.67,642.85,1592.81,1411.26,14.62,21.61,553.47,2388.09,9080.32,1.3,47.34,520.61,2388.08,8159.35,8.4445,0.03,393,2388,100.0,38.74,23.1327,71
95,213,0.0015,0.0005,100.0,518.67,643.14,1590.59,1415.19,14.62,21.61,553.36,2388.08,9092.1,1.3,47.64,521.48,2388.08,8161.84,8.4234,0.03,392,2388,100.0,38.72,23.2328,70
95,214,0.0016,-0.0003,100.0,518.67,642.06,1587.7,1409.15,14.62,21.61,553.91,2388.04,9076.22,1.3,47.49,521.63,2388.1,8158.03,8.445,0.03,394,2388,100.0,38.75,23.291,69
95,215,0.0027,-0.0005,100.0,518.67,642.37,1592.25,1410.6,14.62,21.61,553.38,2388.06,9082.72,1.3,47.65,520.93,2388.11,8160.0,8.4598,0.03,393,2388,100.0,38.55,23.3309,68
95,216,0.0017,-0.0003,100.0,518.67,642.64,1594.5,1405.95,14.62,21.61,554.0,2388.12,9086.86,1.3,47.47,521.78,2388.09,8159.55,8.4392,0.03,393,2388,100.0,38.91,23.358,67
95,217,0.0012,0.0002,100.0,518.67,642.5,1591.88,1407.93,14.62,21.61,552.73,2388.08,9082.1,1.3,47.65,521.81,2388.07,8161.27,8.4275,0.03,392,2388,100.0,38.85,23.1949,66
95,218,-0.0041,-0.0003,100.0,518.67,642.36,1593.46,1413.2,14.62,21.61,553.01,2388.05,9091.58,1.3,47.68,521.53,2388.13,8164.96,8.4614,0.03,394,2388,100.0,38.66,23.329,65
95,219,-0.0042,0.0004,100.0,518.67,642.54,1588.5,1413.89,14.62,21.61,553.03,2388.01,9086.62,1.3,47.5,521.37,2388.07,8164.37,8.452,0.03,393,2388,100.0,38.87,23.3002,64
95,220,-0.0,0.0004,100.0,518.67,642.59,1591.11,1410.51,14.62,21.61,553.5,2388.08,9087.78,1.3,47.53,520.99,2388.07,8166.16,8.429,0.03,393,2388,100.0,38.86,23.1862,63
95,221,0.0022,0.0,100.0,518.67,642.79,1593.47,1407.35,14.62,21.61,553.82,2388.13,9080.7,1.3,47.53,521.24,2388.07,8161.25,8.4959,0.03,394,2388,100.0,38.68,23.3632,62
95,222,-0.0028,0.0003,100.0,518.67,643.17,1587.47,1412.71,14.62,21.61,552.94,2388.11,9089.71,1.3,47.6,521.12,2388.07,8161.34,8.4396,0.03,395,2388,100.0,38.7,23.275,61
95,223,0.0041,0.0003,100.0,518.67,643.01,1594.59,1417.29,14.62,21.61,553.67,2388.06,9086.41,1.3,47.6,521.38,2388.08,8162.64,8.4695,0.03,393,2388,100.0,38.76,23.2584,60
95,224,-0.0017,-0.0,100.0,518.67,643.32,1593.76,1413.4,14.62,21.61,553.37,2388.08,9088.61,1.3,47.36,521.75,2388.13,8163.54,8.4646,0.03,394,2388,100.0,38.69,23.2738,59
95,225,-0.0002,0.0002,100.0,518.67,642.83,1589.24,1412.13,14.62,21.61,553.22,2388.1,9083.77,1.3,47.55,521.91,2388.05,8165.7,8.4687,0.03,392,2388,100.0,38.75,23.1903,58
95,226,-0.0033,-0.0001,100.0,518.67,642.63,1595.26,1413.93,14.62,21.61,553.31,2388.1,9091.97,1.3,47.61,520.79,2388.1,8158.08,8.4554,0.03,394,2388,100.0,38.81,23.3485,57
95,227,0.0008,-0.0001,100.0,518.67,642.98,1590.97,1410.36,14.62,21.61,553.26,2388.01,9095.71,1.3,47.52,521.44,2388.06,8158.27,8.4726,0.03,393,2388,100.0,38.85,23.3497,56
95,228,-0.001,0.0001,100.0,518.67,643.41,1593.95,1409.01,14.62,21.61,552.83,2388.11,9086.8,1.3,47.56,521.51,2388.1,8169.51,8.4403,0.03,393,2388,100.0,38.62,23.2262,55
95,229,0.0012,0.0003,100.0,518.67,642.69,1595.2,1403.5,14.62,21.61,553.44,2388.1,9084.68,1.3,47.66,521.25,2388.06,8163.34,8.4796,0.03,393,2388,100.0,38.77,23.2904,54
95,230,-0.0016,0.0003,100.0,518.67,642.45,1588.33,1419.72,14.62,21.61,553.2,2388.16,9086.83,1.3,47.71,521.33,2388.04,8163.36,8.4618,0.03,393,2388,100.0,38.77,23.1725,53
95,231,0.0018,-0.0001,100.0,518.67,642.62,1588.75,1413.11,14.62,21.61,552.38,2388.03,9083.0,1.3,47.63,521.34,2388.05,8163.01,8.4697,0.03,395,2388,100.0,38.66,23.1973,52
95,232,0.0,-0.0002,100.0,518.67,643.04,1597.96,1425.23,14.62,21.61,552.74,2388.08,9082.75,1.3,47.47,520.48,2388.11,8164.96,8.4545,0.03,394,2388,100.0,38.65,23.2602,51
95,233,0.0005,-0.0004,100.0,518.67,643.23,1584.05,1416.52,14.62,21.61,553.18,2388.11,9092.11,1.3,47.78,521.56,2388.1,8165.77,8.4943,0.03,392,2388,100.0,38.71,23.2971,50
95,234,0.0015,-0.0001,100.0,518.67,642.69,1592.35,1416.54,14.62,21.61,552.93,2388.1,9092.3,1.3,47.57,520.77,2388.04,8162.47,8.4626,0.03,395,2388,100.0,38.81,23.214,49
95,235,0.0004,-0.0,100.0,518.67,642.78,1583.39,1413.07,14.62,21.61,552.51,2388.11,9089.11,1.3,47.61,521.25,2388.15,8161.97,8.4374,0.03,394,2388,100.0,38.67,23.2588,48
95,236,-0.0008,0.0004,100.0,518.67,642.92,1587.95,1420.27,14.62,21.61,553.52,2388.08,9100.9,1.3,47.7,521.31,2388.08,8169.56,8.4865,0.03,395,2388,100.0,38.7,23.204,47
95,237,-0.0021,-0.0002,100.0,518.67,643.27,1596.17,1411.07,14.62,21.61,552.12,2388.11,9095.51,1.3,47.73,520.96,2388.13,8163.19,8.4452,0.03,393,2388,100.0,38.69,23.2732,46
95,238,-0.0033,0.0005,100.0,518.67,643.34,1592.91,1411.04,14.62,21.61,551.96,2388.1,9085.08,1.3,47.87,520.87,2388.11,8167.99,8.4479,0.03,391,2388,100.0,38.6,23.3056,45
95,239,-0.0033,-0.0,100.0,518.67,643.05,1597.28,1421.15,14.62,21.61,552.59,2388.09,9094.44,1.3,47.88,521.09,2388.09,8169.4,8.4521,0.03,394,2388,100.0,38.9,23.1602,44
95,240,0.0005,0.0003,100.0,518.67,642.84,1592.3,1416.72,14.62,21.61,552.67,2388.13,9090.11,1.3,47.71,521.23,2388.07,8167.43,8.4917,0.03,393,2388,100.0,38.61,23.2902,43
95,241,0.0019,-0.0003,100.0,518.67,643.14,1594.93,1417.09,14.62,21.61,553.17,2388.11,9086.96,1.3,47.73,520.99,2388.14,8171.33,8.485,0.03,395,2388,100.0,38.76,23.306,42
95,242,0.0001,-0.0001,100.0,518.67,642.8,1597.89,1414.26,14.62,21.61,552.82,2388.1,9092.96,1.3,47.71,521.39,2388.03,8170.38,8.4742,0.03,395,2388,100.0,38.63,23.14,41
95,243,0.003,-0.0005,100.0,518.67,642.83,1594.59,1414.52,14.62,21.61,552.93,2388.09,9093.85,1.3,47.67,521.22,2388.14,8167.93,8.4672,0.03,394,2388,100.0,38.54,23.1678,40
95,244,-0.0014,-0.0003,100.0,518.67,643.7,1591.34,1412.59,14.62,21.61,553.92,2388.08,9093.27,1.3,47.68,520.85,2388.12,8163.49,8.4792,0.03,397,2388,100.0,38.73,23.1629,39
95,245,0.0046,0.0004,100.0,518.67,642.93,1591.21,1414.35,14.62,21.61,553.12,2388.11,9097.44,1.3,47.72,520.66,2388.15,8162.63,8.4425,0.03,395,2388,100.0,38.51,23.1956,38
95,246,-0.0012,-0.0002,100.0,518.67,643.3,1600.9,1413.57,14.62,21.61,552.54,2388.13,9101.05,1.3,47.69,521.21,2388.11,8167.64,8.4612,0.03,394,2388,100.0,38.67,23.1091,37
95,247,-0.0012,-0.0004,100.0,518.67,642.69,1589.24,1416.05,14.62,21.61,552.78,2388.14,9094.57,1.3,47.72,520.97,2388.05,8170.87,8.4449,0.03,395,2388,100.0,38.59,23.153,36
95,248,-0.0036,-0.0,100.0,518.67,642.61,1588.43,1414.16,14.62,21.61,552.59,2388.09,9085.61,1.3,47.79,521.04,2388.07,8175.37,8.4849,0.03,396,2388,100.0,38.71,23.2199,35
95,249,-0.002,-0.0003,100.0,518.67,643.36,1599.08,1413.06,14.62,21.61,552.87,2388.08,9104.58,1.3,47.92,520.7,2388.1,8174.83,8.4523,0.03,394,2388,100.0,38.84,23.1392,34
95,250,-0.0049,-0.0003,100.0,518.67,643.47,1601.42,1418.2,14.62,21.61,552.0,2388.12,9098.81,1.3,47.68,521.04,2388.07,8172.31,8.4801,0.03,396,2388,100.0,38.62,23.2511,33
95,251,-0.005,0.0004,100.0,518.67,643.73,1594.94,1413.76,14.62,21.61,552.88,2388.13,9094.54,1.3,47.74,521.33,2388.09,8171.58,8.471,0.03,396,2388,100.0,38.74,23.255,32
95,252,0.0019,-0.0,100.0,518.67,643.16,1598.05,1418.2,14.62,21.61,552.4,2388.11,9099.3,1.3,47.72,520.94,2388.13,8170.6,8.4655,0.03,394,2388,100.0,38.81,23.2585,31
95,253,-0.0005,-0.0,100.0,518.67,642.91,1595.74,1420.01,14.62,21.61,552.84,2388.15,9099.64,1.3,47.76,520.39,2388.11,8173.2,8.4801,0.03,395,2388,100.0,38.87,23.1829,30
95,254,0.0017,-0.0002,100.0,518.67,642.92,1597.45,1422.15,14.62,21.61,552.1,2388.11,9098.19,1.3,47.89,520.31,2388.16,8173.95,8.4923,0.03,394,2388,100.0,38.47,23.2208,29
95,255,-0.003,0.0001,100.0,518.67,642.96,1592.55,1419.6,14.62,21.61,552.73,2388.15,9098.15,1.3,47.71,520.69,2388.15,8167.08,8.4587,0.03,395,2388,100.0,38.59,23.2747,28
95,256,-0.001,0.0002,100.0,518.67,643.08,1599.25,1425.68,14.62,21.61,552.41,2388.13,9095.15,1.3,47.83,521.08,2388.14,8170.38,8.494,0.03,395,2388,100.0,38.71,23.1661,27
95,257,-0.0019,-0.0001,100.0,518.67,642.82,1597.63,1417.8,14.62,21.61,552.49,2388.12,9107.8,1.3,47.89,520.82,2388.16,8176.33,8.4869,0.03,396,2388,100.0,38.75,23.2454,26
95,258,0.0015,0.0005,100.0,518.67,643.99,1604.87,1425.25,14.62,21.61,552.84,2388.15,9102.97,1.3,48.02,520.28,2388.12,8174.26,8.4497,0.03,395,2388,100.0,38.67,23.1568,25
95,259,-0.0001,0.0005,100.0,518.67,642.85,1594.0,1419.68,14.62,21.61,552.53,2388.12,9104.12,1.3,47.66,520.58,2388.13,8170.71,8.4669,0.03,393,2388,100.0,38.54,23.2435,24
95,260,0.0004,-0.0,100.0,518.67,642.91,1601.4,1427.34,14.62,21.61,553.22,2388.15,9102.15,1.3,47.83,521.07,2388.13,8175.91,8.4943,0.03,395,2388,100.0,38.46,23.242,23
95,261,0.0027,-0.0003,100.0,518.67,642.9,1598.91,1418.11,14.62,21.61,552.32,2388.13,9099.09,1.3,47.69,520.62,2388.17,8176.45,8.4854,0.03,394,2388,100.0,38.56,23.0962,22
95,262,0.0018,-0.0002,100.0,518.67,643.15,1588.37,1422.01,14.62,21.61,552.56,2388.13,9106.96,1.3,47.91,520.1,2388.13,8170.82,8.4885,0.03,396,2388,100.0,38.53,23.284,21
95,263,0.002,-0.0004,100.0,518.67,643.38,1597.08,1416.45,14.62,21.61,551.99,2388.17,9097.76,1.3,48.05,520.3,2388.13,8176.27,8.4758,0.03,395,2388,100.0,38.67,23.2573,20
95,264,0.0039,0.0005,100.0,518.67,643.66,1602.89,1422.97,14.62,21.61,552.19,2388.14,9098.64,1.3,47.97,520.6,2388.17,8172.12,8.5087,0.03,396,2388,100.0,38.61,23.1596,19
95,265,-0.0009,-0.0,100.0,518.67,643.06,1596.39,1420.26,14.62,21.61,552.86,2388.14,9114.24,1.3,48.09,520.46,2388.16,8172.24,8.4915,0.03,396,2388,100.0,38.56,23.176,18
95,266,-0.0026,-0.0003,100.0,518.67,643.19,1604.41,1421.42,14.62,21.61,552.75,2388.11,9117.21,1.3,47.97,520.48,2388.15,8175.16,8.4722,0.03,396,2388,100.0,38.73,23.138,17
95,267,-0.0014,0.0003,100.0,518.67,643.56,1598.53,1425.34,14.62,21.61,552.41,2388.18,9100.21,1.3,47.92,520.7,2388.17,8170.79,8.5353,0.03,395,2388,100.0,38.47,23.1151,16
95,268,0.0021,-0.0003,100.0,518.67,643.33,1605.54,1422.62,14.62,21.61,552.41,2388.11,9102.96,1.3,47.92,520.45,2388.14,8177.93,8.5002,0.03,396,2388,100.0,38.59,23.1617,15
95,269,-0.0035,0.0004,100.0,518.67,643.71,1600.34,1419.24,14.62,21.61,552.13,2388.15,9104.44,1.3,48.05,520.38,2388.16,8178.59,8.4875,0.03,396,2388,100.0,38.57,23.1263,14
95,270,-0.0019,0.0001,100.0,518.67,643.37,1602.32,1426.52,14.62,21.61,551.81,2388.2,9107.2,1.3,48.16,520.29,2388.15,8182.31,8.5218,0.03,397,2388,100.0,38.52,23.23,13
95,271,-0.0,-0.0001,100.0,518.67,643.69,1603.01,1423.72,14.62,21.61,552.11,2388.18,9109.48,1.3,48.07,519.8,2388.14,8176.11,8.5333,0.03,396,2388,100.0,38.62,23.091,12
95,272,-0.0001,-0.0003,100.0,518.67,643.56,1603.46,1424.87,14.62,21.61,551.98,2388.15,9106.55,1.3,47.99,520.49,2388.2,8184.15,8.5264,0.03,395,2388,100.0,38.58,23.1766,11
95,273,0.0039,0.0005,100.0,518.67,643.69,1602.9,1430.41,14.62,21.61,551.8,2388.14,9109.55,1.3,48.08,520.03,2388.18,8181.4,8.4998,0.03,397,2388,100.0,38.6,23.1296,10
95,274,-0.0025,-0.0004,100.0,518.67,643.57,1594.78,1429.65,14.62,21.61,552.63,2388.18,9115.96,1.3,47.92,520.35,2388.11,8186.32,8.5064,0.03,396,2388,100.0,38.48,23.1083,9
95,275,0.0031,0.0003,100.0,518.67,643.53,1600.52,1433.16,14.62,21.61,551.49,2388.12,9109.96,1.3,48.13,520.0,2388.19,8175.55,8.509,0.03,395,2388,100.0,38.37,23.1235,8
95,276,0.0013,0.0,100.0,518.67,643.63,1599.1,1417.99,14.62,21.61,551.55,2388.21,9107.69,1.3,48.17,519.5,2388.16,8188.61,8.4701,0.03,397,2388,100.0,38.41,23.2082,7
95,277,-0.0004,-0.0002,100.0,518.67,643.12,1596.97,1429.86,14.62,21.61,551.96,2388.12,9115.48,1.3,48.01,520.27,2388.15,8182.8,8.4956,0.03,395,2388,100.0,38.55,23.1698,6
95,278,-0.0022,-0.0004,100.0,518.67,644.0,1592.75,1434.45,14.62,21.61,551.61,2388.19,9115.71,1.3,48.16,519.97,2388.18,8181.55,8.5212,0.03,395,2388,100.0,38.37,23.0713,5
95,279,-0.0008,0.0,100.0,518.67,643.57,1603.69,1435.36,14.62,21.61,551.09,2388.16,9120.0,1.3,48.05,520.1,2388.19,8179.43,8.518,0.03,395,2388,100.0,38.46,23.1727,4
95,280,-0.0011,-0.0004,100.0,518.67,643.46,1604.45,1433.15,14.62,21.61,551.13,2388.13,9116.78,1.3,48.17,520.27,2388.23,8189.1,8.5225,0.03,396,2388,100.0,38.44,23.1157,3
95,281,0.0026,0.0001,100.0,518.67,644.21,1595.63,1430.88,14.62,21.61,552.64,2388.19,9117.06,1.3,48.15,519.91,2388.21,8187.88,8.5007,0.03,395,2388,100.0,38.65,23.1434,2
95,282,-0.0007,-0.0004,100.0,518.67,643.65,1609.32,1422.01,14.62,21.61,551.18,2388.13,9119.64,1.3,48.34,520.54,2388.16,8191.18,8.5332,0.03,395,2388,100.0,38.45,23.0771,1
95,283,0.0019,0.0003,100.0,518.67,643.43,1609.16,1430.97,14.62,21.61,551.48,2388.21,9120.46,1.3,48.16,519.27,2388.2,8183.58,8.5648,0.03,396,2388,100.0,38.37,23.1041,0
96,1,-0.0014,-0.0004,100.0,518.67,642.03,1579.12,1404.22,14.62,21.61,554.92,2388.11,9046.49,1.3,47.41,522.26,2388.06,8133.36,8.4293,0.03,392,2388,100.0,38.82,23.4178,335
96,2,0.0004,-0.0002,100.0,518.67,641.99,1585.8,1396.96,14.62,21.61,553.66,2388.1,9058.7,1.3,47.26,522.31,2388.17,8136.21,8.4423,0.03,392,2388,100.0,39.01,23.3585,334
96,3,-0.0006,0.0003,100.0,518.67,642.03,1580.89,1395.06,14.62,21.61,554.03,2388.04,9047.25,1.3,47.33,522.26,2388.01,8134.72,8.4207,0.03,392,2388,100.0,38.91,23.3341,333
96,4,0.0009,-0.0001,100.0,518.67,642.22,1580.01,1393.84,14.62,21.61,554.43,2388.03,9055.6,1.3,47.19,522.09,2388.03,8134.52,8.4166,0.03,391,2388,100.0,38.97,23.3679,332
96,5,0.0026,-0.0003,100.0,518.67,642.46,1587.35,1403.18,14.62,21.61,554.28,2388.05,9051.83,1.3,47.22,521.92,2388.08,8135.34,8.3952,0.03,393,2388,100.0,39.0,23.4582,331
96,6,-0.0006,0.0002,100.0,518.67,642.5,1582.47,1401.9,14.62,21.61,554.32,2388.03,9046.9,1.3,47.27,522.17,2388.06,8134.99,8.4305,0.03,390,2388,100.0,38.96,23.419,330
96,7,0.0021,0.0005,100.0,518.67,642.2,1583.86,1397.12,14.62,21.61,554.24,2388.04,9052.24,1.3,47.28,522.43,2388.03,8133.24,8.3763,0.03,393,2388,100.0,39.08,23.3395,329
96,8,-0.0009,0.0003,100.0,518.67,642.41,1579.28,1402.43,14.62,21.61,554.43,2388.08,9059.01,1.3,47.27,521.83,2388.08,8133.72,8.4288,0.03,392,2388,100.0,39.11,23.4059,328
96,9,-0.0038,-0.0002,100.0,518.67,642.28,1582.82,1399.6,14.62,21.61,554.15,2388.09,9047.92,1.3,47.17,521.72,2388.06,8131.8,8.4291,0.03,392,2388,100.0,38.98,23.3796,327
96,10,0.0042,0.0001,100.0,518.67,641.97,1587.86,1408.76,14.62,21.61,553.92,2388.05,9050.81,1.3,47.24,522.29,2388.04,8134.63,8.398,0.03,392,2388,100.0,38.86,23.5344,326
96,11,-0.0005,-0.0001,100.0,518.67,642.42,1588.7,1396.68,14.62,21.61,554.07,2388.05,9054.9,1.3,47.37,522.0,2388.06,8136.62,8.4534,0.03,393,2388,100.0,38.92,23.4007,325
96,12,0.0038,-0.0,100.0,518.67,642.09,1580.9,1398.01,14.62,21.6,554.43,2388.05,9047.87,1.3,47.19,522.14,2388.05,8134.84,8.4037,0.03,391,2388,100.0,38.95,23.4199,324
96,13,-0.0015,-0.0001,100.0,518.67,642.16,1586.38,1407.59,14.62,21.61,554.38,2388.0,9045.95,1.3,47.34,522.43,2388.04,8142.12,8.4001,0.03,392,2388,100.0,38.93,23.295,323
96,14,0.0004,0.0005,100.0,518.67,642.73,1588.64,1397.55,14.62,21.61,553.39,2388.0,9046.56,1.3,47.31,521.95,2388.09,8130.26,8.3756,0.03,391,2388,100.0,38.86,23.3464,322
96,15,0.0037,-0.0002,100.0,518.67,642.17,1581.43,1399.91,14.62,21.61,554.18,2388.04,9055.24,1.3,47.36,522.53,2388.07,8134.66,8.3882,0.03,392,2388,100.0,39.03,23.4392,321
96,16,0.0016,-0.0003,100.0,518.67,642.13,1578.69,1403.3,14.62,21.61,554.44,2387.98,9054.89,1.3,47.02,522.05,2388.08,8130.16,8.4112,0.03,393,2388,100.0,38.95,23.4259,320
96,17,-0.0008,0.0003,100.0,518.67,642.63,1585.38,1404.67,14.62,21.61,553.59,2388.03,9053.77,1.3,47.22,522.32,2388.1,8132.74,8.437,0.03,391,2388,100.0,39.0,23.3382,319
96,18,0.0032,-0.0003,100.0,518.67,642.01,1583.03,1397.32,14.62,21.61,553.23,2388.02,9051.39,1.3,47.42,521.99,2388.04,8128.37,8.4481,0.03,393,2388,100.0,39.05,23.3905,318
96,19,-0.0028,-0.0002,100.0,518.67,641.93,1583.78,1401.88,14.62,21.61,553.97,2388.05,9055.55,1.3,47.36,521.84,2388.02,8131.4,8.3837,0.03,392,2388,100.0,39.15,23.4007,317
96,20,-0.0005,-0.0005,100.0,518.67,642.18,1583.28,1404.79,14.62,21.61,554.57,2388.08,9057.11,1.3,47.38,521.54,2388.05,8139.71,8.4191,0.03,392,2388,100.0,38.93,23.3624,316
96,21,-0.0037,0.0005,100.0,518.67,642.23,1588.23,1397.7,14.62,21.61,554.24,2388.03,9053.79,1.3,47.28,522.37,2388.03,8135.58,8.4194,0.03,392,2388,100.0,38.96,23.3706,315
96,22,-0.0022,0.0002,100.0,518.67,642.22,1584.66,1406.21,14.62,21.61,554.48,2387.97,9060.63,1.3,47.43,521.93,2388.02,8133.02,8.3961,0.03,392,2388,100.0,38.77,23.3102,314
96,23,0.0002,0.0,100.0,518.67,642.52,1575.65,1398.56,14.62,21.61,554.39,2388.04,9058.85,1.3,47.19,521.77,2388.07,8132.09,8.4178,0.03,392,2388,100.0,38.86,23.4381,313
96,24,-0.0011,0.0003,100.0,518.67,642.27,1584.93,1397.8,14.62,21.61,554.45,2388.05,9055.87,1.3,47.29,522.47,2388.01,8132.63,8.4012,0.03,392,2388,100.0,39.05,23.3216,312
96,25,0.003,0.0005,100.0,518.67,642.27,1584.35,1404.23,14.62,21.61,553.87,2388.07,9051.1,1.3,47.24,521.75,2387.99,8132.33,8.4617,0.03,392,2388,100.0,38.95,23.3556,311
96,26,-0.0026,0.0001,100.0,518.67,642.21,1585.18,1401.97,14.62,21.61,554.44,2388.05,9056.53,1.3,47.26,522.46,2388.04,8131.01,8.4268,0.03,392,2388,100.0,38.91,23.3176,310
96,27,-0.0021,0.0001,100.0,518.67,642.05,1587.26,1398.19,14.62,21.61,554.01,2388.1,9045.93,1.3,47.35,522.08,2388.1,8133.95,8.4186,0.03,393,2388,100.0,39.06,23.485,309
96,28,0.0024,-0.0001,100.0,518.67,642.34,1587.93,1398.68,14.62,21.61,554.83,2388.06,9048.09,1.3,47.35,521.88,2388.06,8136.71,8.3983,0.03,392,2388,100.0,38.87,23.3695,308
96,29,-0.0036,-0.0003,100.0,518.67,642.39,1578.06,1402.89,14.62,21.61,554.11,2388.04,9053.18,1.3,47.37,521.52,2388.05,8131.19,8.4268,0.03,392,2388,100.0,39.03,23.3051,307
96,30,-0.0007,0.0,100.0,518.67,642.28,1588.73,1399.72,14.62,21.61,555.27,2388.0,9052.71,1.3,47.23,522.06,2388.06,8136.67,8.4019,0.03,391,2388,100.0,39.09,23.2911,306
96,31,0.0004,0.0005,100.0,518.67,642.04,1588.89,1401.76,14.62,21.61,554.19,2388.04,9049.98,1.3,47.2,521.47,2388.06,8132.42,8.4078,0.03,393,2388,100.0,38.93,23.4791,305
96,32,-0.0045,-0.0004,100.0,518.67,642.92,1583.99,1402.85,14.62,21.61,554.63,2388.06,9053.9,1.3,47.35,522.26,2388.09,8132.54,8.3985,0.03,392,2388,100.0,38.97,23.3493,304
96,33,0.0019,-0.0,100.0,518.67,642.57,1586.94,1398.36,14.62,21.61,554.25,2388.1,9058.49,1.3,47.26,522.28,2388.09,8136.58,8.4244,0.03,391,2388,100.0,39.0,23.3649,303
96,34,-0.0002,0.0002,100.0,518.67,642.33,1589.76,1406.01,14.62,21.61,554.21,2388.07,9045.11,1.3,47.29,520.82,2388.04,8137.7,8.401,0.03,391,2388,100.0,39.05,23.3203,302
96,35,0.0027,0.0001,100.0,518.67,641.63,1584.2,1396.97,14.62,21.61,554.13,2388.06,9044.22,1.3,47.14,522.26,2388.02,8128.4,8.4146,0.03,392,2388,100.0,38.87,23.3176,301
96,36,-0.0008,0.0002,100.0,518.67,642.25,1587.65,1402.43,14.62,21.61,554.51,2388.02,9053.84,1.3,47.21,521.98,2388.04,8130.7,8.4123,0.03,392,2388,100.0,38.95,23.4124,300
96,37,-0.0007,-0.0001,100.0,518.67,642.54,1587.41,1409.13,14.62,21.61,554.0,2388.05,9057.45,1.3,47.46,522.39,2388.06,8131.37,8.4248,0.03,392,2388,100.0,39.1,23.3888,299
96,38,0.0009,-0.0003,100.0,518.67,642.1,1585.02,1398.37,14.62,21.61,553.11,2388.03,9046.77,1.3,47.47,522.2,2388.06,8135.73,8.4128,0.03,392,2388,100.0,38.84,23.3303,298
96,39,-0.003,0.0001,100.0,518.67,642.3,1584.48,1402.96,14.62,21.61,554.32,2388.07,9044.67,1.3,47.33,521.74,2388.05,8132.04,8.4071,0.03,392,2388,100.0,39.08,23.3403,297
96,40,-0.0,0.0003,100.0,518.67,642.45,1586.71,1394.76,14.62,21.61,553.31,2388.03,9058.89,1.3,47.35,522.21,2388.07,8134.86,8.3951,0.03,393,2388,100.0,38.92,23.4348,296
96,41,-0.0009,-0.0005,100.0,518.67,642.53,1587.48,1397.57,14.62,21.61,554.08,2388.08,9053.24,1.3,47.27,522.62,2388.07,8132.76,8.4056,0.03,391,2388,100.0,38.92,23.4974,295
96,42,-0.0009,-0.0004,100.0,518.67,642.5,1583.98,1403.99,14.62,21.61,554.15,2388.03,9045.48,1.3,47.4,522.06,2388.09,8132.81,8.4327,0.03,392,2388,100.0,38.91,23.4001,294
96,43,0.0024,0.0005,100.0,518.67,641.74,1588.24,1398.53,14.62,21.61,554.9,2388.07,9048.54,1.3,47.57,522.18,2388.04,8135.88,8.4486,0.03,393,2388,100.0,38.8,23.2853,293
96,44,0.0002,0.0003,100.0,518.67,642.47,1580.95,1402.17,14.62,21.61,554.43,2388.07,9056.09,1.3,47.3,521.9,2388.07,8134.45,8.4157,0.03,392,2388,100.0,38.93,23.2927,292
96,45,-0.0027,-0.0001,100.0,518.67,642.03,1591.73,1399.15,14.62,21.61,554.19,2388.04,9046.49,1.3,47.42,521.55,2388.01,8127.28,8.4132,0.03,393,2388,100.0,38.64,23.3319,291
96,46,0.0014,-0.0003,100.0,518.67,641.95,1585.7,1400.91,14.62,21.61,553.54,2388.04,9053.03,1.3,47.34,521.87,2388.05,8129.82,8.3732,0.03,392,2388,100.0,38.76,23.3517,290
96,47,0.0029,-0.0002,100.0,518.67,641.96,1589.24,1401.91,14.62,21.61,553.78,2388.02,9050.66,1.3,47.13,522.13,2388.07,8133.29,8.3933,0.03,391,2388,100.0,38.84,23.381,289
96,48,-0.0024,0.0003,100.0,518.67,642.19,1579.94,1400.08,14.62,21.61,554.04,2388.03,9057.03,1.3,47.23,521.39,2388.1,8137.94,8.4344,0.03,392,2388,100.0,38.96,23.2573,288
96,49,-0.0004,0.0003,100.0,518.67,642.26,1585.05,1399.07,14.62,21.61,553.95,2388.07,9057.1,1.3,47.12,521.85,2388.1,8136.49,8.4279,0.03,391,2388,100.0,39.04,23.5215,287
96,50,-0.0011,-0.0005,100.0,518.67,642.56,1585.47,1399.51,14.62,21.61,554.03,2388.04,9053.16,1.3,47.33,521.99,2388.1,8133.36,8.4231,0.03,394,2388,100.0,38.84,23.3313,286
96,51,-0.0002,0.0001,100.0,518.67,642.66,1579.83,1399.1,14.62,21.61,554.92,2388.05,9050.69,1.3,47.31,522.06,2388.08,8134.97,8.4432,0.03,393,2388,100.0,39.17,23.3341,285
96,52,-0.0014,0.0003,100.0,518.67,642.27,1585.82,1395.46,14.62,21.61,554.41,2387.99,9049.45,1.3,47.23,521.98,2388.08,8130.01,8.4189,0.03,393,2388,100.0,39.1,23.4054,284
96,53,0.0007,0.0002,100.0,518.67,642.03,1585.22,1406.32,14.62,21.61,553.91,2388.05,9054.08,1.3,47.38,521.19,2388.03,8136.72,8.4226,0.03,391,2388,100.0,38.93,23.4147,283
96,54,0.0027,0.0001,100.0,518.67,642.04,1590.66,1400.26,14.62,21.61,554.03,2388.06,9058.28,1.3,47.41,522.68,2388.04,8132.73,8.4213,0.03,392,2388,100.0,38.93,23.3654,282
96,55,0.0015,0.0005,100.0,518.67,641.94,1583.94,1405.16,14.62,21.61,553.54,2388.04,9051.01,1.3,47.51,521.91,2388.07,8134.2,8.4038,0.03,391,2388,100.0,39.08,23.3846,281
96,56,0.0026,0.0002,100.0,518.67,642.41,1589.73,1400.93,14.62,21.61,553.67,2388.08,9050.53,1.3,47.3,521.95,2388.06,8136.23,8.4225,0.03,393,2388,100.0,39.02,23.3419,280
96,57,-0.0009,0.0001,100.0,518.67,642.36,1584.49,1404.11,14.62,21.61,553.68,2388.03,9050.36,1.3,47.35,522.08,2388.04,8131.93,8.4175,0.03,392,2388,100.0,38.76,23.4331,279
96,58,0.0019,-0.0004,100.0,518.67,642.28,1597.41,1406.95,14.62,21.61,554.21,2388.07,9047.27,1.3,47.52,522.14,2388.07,8128.77,8.4633,0.03,392,2388,100.0,39.03,23.2925,278
96,59,-0.0012,0.0005,100.0,518.67,642.8,1589.51,1400.57,14.62,21.61,554.27,2388.05,9045.33,1.3,47.33,521.8,2388.06,8131.46,8.4128,0.03,392,2388,100.0,38.93,23.3685,277
96,60,-0.0009,-0.0,100.0,518.67,642.11,1590.71,1399.39,14.62,21.61,554.68,2388.1,9052.15,1.3,47.38,521.77,2388.05,8130.79,8.428,0.03,392,2388,100.0,38.99,23.4389,276
96,61,0.0016,-0.0001,100.0,518.67,643.06,1588.17,1408.68,14.62,21.6,553.98,2388.12,9054.02,1.3,47.33,521.72,2388.07,8135.92,8.3934,0.03,391,2388,100.0,38.87,23.384,275
96,62,-0.001,-0.0001,100.0,518.67,641.98,1590.27,1398.67,14.62,21.61,554.16,2388.05,9056.18,1.3,47.21,522.77,2388.03,8129.06,8.3961,0.03,393,2388,100.0,39.03,23.3657,274
96,63,0.0016,-0.0001,100.0,518.67,642.35,1581.98,1404.52,14.62,21.61,553.61,2388.09,9057.59,1.3,47.23,521.98,2388.05,8126.15,8.4249,0.03,392,2388,100.0,38.83,23.3595,273
96,64,0.0001,0.0002,100.0,518.67,642.62,1590.55,1395.02,14.62,21.61,554.24,2387.99,9052.99,1.3,47.22,522.37,2388.05,8130.12,8.4239,0.03,392,2388,100.0,38.97,23.3756,272
96,65,0.0009,-0.0001,100.0,518.67,641.61,1581.42,1393.86,14.62,21.61,554.28,2388.06,9051.02,1.3,47.38,521.73,2388.05,8135.24,8.4013,0.03,390,2388,100.0,39.13,23.3997,271
96,66,0.0,-0.0005,100.0,518.67,641.94,1590.1,1404.9,14.62,21.61,554.07,2388.06,9057.09,1.3,47.24,522.06,2387.97,8127.62,8.3938,0.03,393,2388,100.0,39.08,23.3604,270
96,67,0.004,-0.0,100.0,518.67,642.12,1581.85,1409.01,14.62,21.61,554.13,2388.03,9051.48,1.3,47.21,521.97,2388.03,8137.1,8.4235,0.03,391,2388,100.0,38.75,23.3228,269
96,68,0.0006,0.0001,100.0,518.67,642.13,1582.75,1401.69,14.62,21.61,554.19,2388.02,9049.63,1.3,47.29,522.14,2388.03,8130.46,8.402,0.03,392,2388,100.0,39.06,23.3701,268
96,69,0.0019,0.0002,100.0,518.67,642.77,1591.14,1400.21,14.62,21.61,553.77,2388.04,9056.14,1.3,47.37,521.6,2388.02,8136.89,8.4281,0.03,392,2388,100.0,39.03,23.406,267
96,70,-0.0033,-0.0005,100.0,518.67,642.95,1578.17,1402.44,14.62,21.61,553.76,2388.12,9047.49,1.3,47.34,521.9,2388.04,8132.83,8.4276,0.03,393,2388,100.0,39.07,23.3014,266
96,71,0.0001,-0.0001,100.0,518.67,642.32,1588.49,1400.3,14.62,21.61,554.65,2388.01,9050.91,1.3,47.34,522.21,2388.1,8133.09,8.412,0.03,390,2388,100.0,38.89,23.3862,265
96,72,-0.0006,-0.0001,100.0,518.67,642.1,1583.12,1401.76,14.62,21.61,554.0,2387.99,9055.53,1.3,47.27,521.64,2388.03,8129.64,8.4037,0.03,391,2388,100.0,38.86,23.3804,264
96,73,-0.0005,0.0004,100.0,518.67,643.0,1582.73,1402.55,14.62,21.61,553.97,2388.06,9044.52,1.3,47.32,522.23,2388.1,8130.69,8.4065,0.03,395,2388,100.0,38.96,23.4397,263
96,74,0.0007,-0.0001,100.0,518.67,641.99,1578.25,1401.91,14.62,21.61,553.15,2388.11,9055.43,1.3,47.28,521.87,2388.04,8133.55,8.389,0.03,392,2388,100.0,38.88,23.4704,262
96,75,-0.0039,-0.0,100.0,518.67,642.18,1586.35,1407.26,14.62,21.61,554.19,2388.08,9052.7,1.3,47.4,522.19,2388.07,8132.84,8.3891,0.03,392,2388,100.0,38.98,23.4267,261
96,76,-0.0034,0.0002,100.0,518.67,642.09,1582.32,1396.95,14.62,21.61,554.33,2388.03,9047.0,1.3,47.22,522.19,2388.13,8135.28,8.4266,0.03,392,2388,100.0,38.88,23.3764,260
96,77,0.0002,-0.0002,100.0,518.67,642.14,1585.65,1402.57,14.62,21.61,554.06,2388.06,9053.55,1.3,47.34,521.69,2388.04,8128.16,8.428,0.03,391,2388,100.0,38.9,23.3045,259
96,78,0.0006,-0.0004,100.0,518.67,642.06,1589.29,1402.55,14.62,21.61,554.44,2388.01,9052.82,1.3,47.31,522.08,2388.03,8136.48,8.4248,0.03,392,2388,100.0,38.82,23.3668,258
96,79,-0.0007,-0.0003,100.0,518.67,642.27,1585.81,1398.25,14.62,21.61,554.5,2388.04,9058.5,1.3,47.33,521.7,2388.08,8137.91,8.3951,0.03,392,2388,100.0,39.04,23.2809,257
96,80,0.0021,0.0004,100.0,518.67,642.64,1581.32,1398.19,14.62,21.61,554.08,2388.03,9052.93,1.3,47.35,522.07,2388.08,8134.03,8.4248,0.03,391,2388,100.0,38.92,23.2671,256
96,81,-0.0031,-0.0003,100.0,518.67,642.6,1582.03,1406.24,14.62,21.61,553.97,2388.09,9049.62,1.3,47.15,521.74,2388.1,8136.29,8.4133,0.03,394,2388,100.0,38.92,23.2151,255
96,82,-0.0009,-0.0003,100.0,518.67,642.93,1581.84,1394.42,14.62,21.61,553.56,2388.07,9050.61,1.3,47.35,521.64,2388.03,8130.52,8.411,0.03,394,2388,100.0,39.09,23.3709,254
96,83,-0.002,-0.0001,100.0,518.67,642.59,1592.25,1400.82,14.62,21.61,553.58,2388.1,9047.35,1.3,47.32,521.91,2388.04,8135.29,8.3994,0.03,392,2388,100.0,39.04,23.421,253
96,84,-0.0008,-0.0004,100.0,518.67,642.0,1586.68,1406.8,14.62,21.61,553.92,2388.04,9051.36,1.3,47.1,521.89,2388.07,8138.89,8.4314,0.03,391,2388,100.0,39.11,23.3857,252
96,85,0.0009,-0.0003,100.0,518.67,642.14,1589.12,1406.9,14.62,21.61,554.17,2388.1,9053.07,1.3,47.29,522.29,2388.02,8136.04,8.4265,0.03,393,2388,100.0,38.79,23.3899,251
96,86,0.0002,-0.0004,100.0,518.67,642.49,1591.25,1401.04,14.62,21.6,554.24,2388.09,9057.57,1.3,47.34,522.2,2388.08,8139.7,8.4101,0.03,391,2388,100.0,38.97,23.3738,250
96,87,0.0012,0.0,100.0,518.67,643.14,1587.44,1404.02,14.62,21.61,553.22,2388.08,9049.08,1.3,47.53,522.14,2388.1,8133.83,8.4038,0.03,391,2388,100.0,38.98,23.2839,249
96,88,-0.002,-0.0003,100.0,518.67,642.22,1586.38,1405.64,14.62,21.61,554.27,2388.1,9053.47,1.3,47.37,521.91,2388.05,8136.95,8.4144,0.03,391,2388,100.0,39.11,23.361,248
96,89,-0.0004,0.0004,100.0,518.67,641.94,1586.85,1403.85,14.62,21.61,553.84,2388.01,9057.84,1.3,47.26,521.68,2388.04,8141.81,8.3846,0.03,393,2388,100.0,38.89,23.4517,247
96,90,0.0012,-0.0003,100.0,518.67,641.67,1585.27,1398.5,14.62,21.61,554.27,2388.01,9054.89,1.3,47.16,521.5,2388.04,8137.43,8.4478,0.03,392,2388,100.0,38.98,23.2615,246
96,91,-0.0018,0.0001,100.0,518.67,642.37,1584.34,1393.25,14.62,21.61,553.58,2388.06,9061.1,1.3,47.27,521.65,2388.07,8139.3,8.4072,0.03,392,2388,100.0,38.95,23.4174,245
96,92,0.0042,0.0001,100.0,518.67,642.45,1588.74,1400.92,14.62,21.61,552.97,2388.08,9051.79,1.3,47.25,522.04,2388.11,8134.57,8.4179,0.03,391,2388,100.0,38.98,23.4433,244
96,93,-0.0044,-0.0002,100.0,518.67,641.7,1585.22,1397.22,14.62,21.61,554.01,2388.06,9047.32,1.3,47.3,521.7,2388.07,8138.09,8.4118,0.03,390,2388,100.0,38.89,23.3702,243
96,94,-0.0039,-0.0004,100.0,518.67,642.76,1585.91,1398.29,14.62,21.61,553.48,2388.05,9053.37,1.3,47.35,522.17,2388.0,8142.03,8.4274,0.03,394,2388,100.0,39.08,23.4479,242
96,95,0.0031,0.0005,100.0,518.67,642.76,1593.76,1394.88,14.62,21.61,554.08,2388.06,9050.52,1.3,47.28,522.02,2388.07,8129.61,8.3867,0.03,394,2388,100.0,39.13,23.4309,241
96,96,-0.0013,0.0001,100.0,518.67,642.32,1582.94,1405.05,14.62,21.61,554.59,2388.01,9055.65,1.3,47.28,522.29,2388.01,8135.76,8.4271,0.03,392,2388,100.0,38.83,23.3584,240
96,97,-0.0,-0.0004,100.0,518.67,642.99,1587.87,1404.63,14.62,21.61,554.42,2388.08,9046.24,1.3,47.27,521.94,2388.07,8134.43,8.4208,0.03,394,2388,100.0,39.01,23.3831,239
96,98,-0.0,-0.0002,100.0,518.67,642.61,1586.02,1392.99,14.62,21.61,554.24,2388.11,9048.5,1.3,47.19,521.88,2388.04,8136.64,8.4073,0.03,393,2388,100.0,39.02,23.3239,238
96,99,0.0012,-0.0004,100.0,518.67,642.41,1591.71,1401.64,14.62,21.61,553.07,2388.05,9051.45,1.3,47.21,521.92,2388.05,8130.47,8.4156,0.03,392,2388,100.0,39.12,23.2593,237
96,100,-0.0004,0.0001,100.0,518.67,642.38,1587.67,1404.62,14.62,21.61,553.93,2388.04,9059.06,1.3,47.31,521.55,2388.05,8131.77,8.4308,0.03,392,2388,100.0,39.06,23.3407,236
96,101,0.0012,0.0003,100.0,518.67,642.07,1585.28,1400.12,14.62,21.61,554.74,2388.03,9051.0,1.3,47.5,521.84,2388.04,8138.31,8.4099,0.03,391,2388,100.0,38.93,23.4168,235
96,102,0.0021,0.0003,100.0,518.67,642.57,1591.95,1401.75,14.62,21.61,553.94,2388.05,9056.19,1.3,47.29,521.93,2388.03,8134.64,8.4233,0.03,392,2388,100.0,38.87,23.374,234
96,103,0.0006,-0.0,100.0,518.67,642.54,1585.98,1401.16,14.62,21.61,554.33,2388.07,9059.1,1.3,47.27,521.91,2388.07,8135.97,8.4246,0.03,394,2388,100.0,38.91,23.4543,233
96,104,-0.0009,0.0002,100.0,518.67,642.16,1585.93,1393.97,14.62,21.61,553.75,2388.04,9063.61,1.3,47.34,521.42,2388.1,8142.32,8.4063,0.03,394,2388,100.0,38.77,23.4865,232
96,105,0.0042,0.0003,100.0,518.67,642.06,1587.91,1401.39,14.62,21.61,554.11,2388.09,9053.52,1.3,47.35,522.23,2388.1,8133.67,8.3845,0.03,392,2388,100.0,38.89,23.3565,231
96,106,-0.0012,-0.0002,100.0,518.67,642.63,1587.13,1402.03,14.62,21.61,553.64,2388.09,9049.25,1.3,47.43,521.96,2388.02,8134.67,8.4254,0.03,392,2388,100.0,38.78,23.381,230
96,107,-0.0015,-0.0003,100.0,518.67,642.29,1585.79,1405.09,14.62,21.61,554.5,2388.05,9056.58,1.3,47.34,521.82,2388.1,8137.89,8.4266,0.03,392,2388,100.0,38.94,23.3761,229
96,108,0.0001,0.0003,100.0,518.67,642.63,1584.49,1401.33,14.62,21.61,554.02,2388.12,9051.29,1.3,47.35,521.95,2388.03,8134.12,8.4122,0.03,393,2388,100.0,38.78,23.3834,228
96,109,-0.0012,0.0001,100.0,518.67,642.61,1587.6,1405.76,14.62,21.61,554.7,2388.04,9058.14,1.3,47.1,522.15,2388.04,8131.47,8.4175,0.03,393,2388,100.0,38.85,23.35,227
96,110,0.0035,0.0001,100.0,518.67,643.03,1590.8,1402.39,14.62,21.61,554.28,2388.09,9058.84,1.3,47.31,521.82,2388.07,8135.66,8.4697,0.03,390,2388,100.0,39.01,23.2926,226
96,111,-0.0004,0.0003,100.0,518.67,642.63,1584.15,1402.37,14.62,21.61,553.77,2388.05,9048.45,1.3,47.35,521.9,2388.03,8129.89,8.4007,0.03,393,2388,100.0,38.76,23.339,225
96,112,0.0012,-0.0004,100.0,518.67,642.43,1586.49,1404.64,14.62,21.61,554.56,2388.06,9055.62,1.3,47.41,522.41,2388.03,8132.35,8.4145,0.03,392,2388,100.0,38.99,23.381,224
96,113,0.0015,-0.0004,100.0,518.67,642.21,1588.67,1394.61,14.62,21.61,553.76,2388.09,9053.96,1.3,47.31,521.27,2388.09,8133.91,8.41,0.03,392,2388,100.0,38.83,23.3935,223
96,114,-0.0017,0.0002,100.0,518.67,642.09,1578.21,1406.9,14.62,21.61,553.92,2388.04,9051.45,1.3,47.28,521.28,2388.1,8130.97,8.3812,0.03,394,2388,100.0,39.05,23.4754,222
96,115,0.0005,0.0002,100.0,518.67,642.26,1586.14,1397.24,14.62,21.61,554.07,2388.08,9059.67,1.3,47.52,522.13,2388.11,8132.38,8.4463,0.03,392,2388,100.0,38.96,23.2928,221
96,116,0.0002,0.0003,100.0,518.67,642.4,1584.33,1404.02,14.62,21.61,554.25,2388.08,9053.82,1.3,47.42,522.05,2388.15,8133.56,8.4308,0.03,394,2388,100.0,38.96,23.476,220
96,117,-0.0026,-0.0001,100.0,518.67,643.06,1592.87,1404.84,14.62,21.61,553.83,2388.06,9051.56,1.3,47.19,521.49,2388.11,8136.07,8.3802,0.03,393,2388,100.0,38.89,23.3787,219
96,118,0.0027,0.0,100.0,518.67,642.6,1592.72,1401.72,14.62,21.61,554.15,2388.05,9052.38,1.3,47.37,521.75,2388.07,8136.19,8.3988,0.03,393,2388,100.0,38.96,23.3399,218
96,119,0.0002,-0.0001,100.0,518.67,642.58,1594.41,1402.05,14.62,21.61,553.61,2388.09,9049.72,1.3,47.56,522.11,2388.08,8135.82,8.4184,0.03,392,2388,100.0,38.89,23.3445,217
96,120,-0.0026,0.0003,100.0,518.67,641.87,1584.11,1401.98,14.62,21.61,554.03,2388.09,9049.66,1.3,47.35,521.9,2388.09,8135.52,8.4136,0.03,393,2388,100.0,39.08,23.3331,216
96,121,0.0024,-0.0001,100.0,518.67,642.62,1590.51,1407.17,14.62,21.61,554.48,2388.08,9055.74,1.3,47.44,521.99,2388.15,8133.33,8.4206,0.03,392,2388,100.0,39.1,23.3702,215
96,122,-0.0025,0.0001,100.0,518.67,642.43,1586.33,1406.45,14.62,21.61,553.56,2388.09,9058.51,1.3,47.53,521.66,2388.08,8136.5,8.465,0.03,394,2388,100.0,38.94,23.3937,214
96,123,0.0013,-0.0004,100.0,518.67,642.16,1579.14,1399.02,14.62,21.61,553.06,2388.1,9056.44,1.3,47.19,521.99,2388.04,8130.36,8.4264,0.03,392,2388,100.0,38.78,23.457,213
96,124,-0.0002,0.0005,100.0,518.67,642.3,1588.64,1402.66,14.62,21.61,554.46,2388.09,9051.31,1.3,47.18,522.15,2388.08,8137.66,8.3967,0.03,392,2388,100.0,39.0,23.3735,212
96,125,-0.0006,-0.0003,100.0,518.67,642.45,1586.77,1398.63,14.62,21.61,553.75,2388.06,9055.58,1.3,47.37,522.18,2388.04,8139.45,8.3956,0.03,392,2388,100.0,38.89,23.3881,211
96,126,-0.0012,0.0002,100.0,518.67,642.66,1582.18,1404.76,14.62,21.61,554.2,2388.11,9047.03,1.3,47.26,521.7,2388.09,8131.43,8.4227,0.03,392,2388,100.0,38.87,23.2889,210
96,127,-0.0008,-0.0003,100.0,518.67,642.01,1587.72,1405.86,14.62,21.61,553.99,2388.02,9044.78,1.3,47.36,522.47,2388.04,8137.82,8.4278,0.03,391,2388,100.0,39.08,23.3712,209
96,128,-0.0031,-0.0002,100.0,518.67,642.48,1583.03,1404.86,14.62,21.61,554.36,2388.05,9054.09,1.3,47.37,521.89,2388.06,8139.31,8.4033,0.03,392,2388,100.0,38.92,23.2672,208
96,129,0.0006,0.0001,100.0,518.67,641.71,1590.58,1405.72,14.62,21.61,553.68,2388.07,9054.16,1.3,47.38,521.8,2388.03,8131.8,8.3721,0.03,392,2388,100.0,39.18,23.3271,207
96,130,0.0009,-0.0001,100.0,518.67,641.85,1580.37,1403.66,14.62,21.61,553.63,2388.05,9052.27,1.3,47.33,521.56,2388.09,8132.27,8.4005,0.03,393,2388,100.0,38.97,23.4149,206
96,131,-0.0,0.0001,100.0,518.67,642.65,1588.97,1398.8,14.62,21.61,553.99,2388.09,9051.92,1.3,47.16,522.25,2388.08,8129.33,8.4233,0.03,392,2388,100.0,38.88,23.427,205
96,132,-0.0026,0.0004,100.0,518.67,642.01,1586.74,1406.08,14.62,21.61,554.29,2388.05,9045.45,1.3,47.26,521.57,2388.09,8135.1,8.4102,0.03,392,2388,100.0,38.89,23.4088,204
96,133,0.0017,-0.0004,100.0,518.67,642.49,1579.51,1408.0,14.62,21.61,553.28,2388.08,9052.99,1.3,47.39,521.95,2388.12,8134.17,8.3972,0.03,392,2388,100.0,38.76,23.3097,203
96,134,-0.0,0.0002,100.0,518.67,642.28,1587.94,1409.3,14.62,21.61,554.57,2388.03,9056.48,1.3,47.21,522.47,2388.02,8136.71,8.4445,0.03,393,2388,100.0,39.08,23.4067,202
96,135,-0.0027,-0.0002,100.0,518.67,642.39,1590.11,1401.91,14.62,21.61,553.3,2388.11,9052.4,1.3,47.51,521.28,2388.04,8129.39,8.3704,0.03,391,2388,100.0,38.82,23.4213,201
96,136,-0.0018,-0.0002,100.0,518.67,642.96,1590.94,1399.6,14.62,21.61,553.98,2388.12,9049.97,1.3,47.41,522.05,2388.08,8133.9,8.3893,0.03,392,2388,100.0,38.94,23.302,200
96,137,0.001,0.0003,100.0,518.67,642.24,1585.92,1409.24,14.62,21.61,553.64,2388.05,9055.19,1.3,47.28,522.04,2388.01,8132.43,8.4793,0.03,394,2388,100.0,38.97,23.3395,199
96,138,-0.0001,0.0001,100.0,518.67,642.42,1579.23,1400.25,14.62,21.61,554.36,2388.14,9053.6,1.3,47.4,521.79,2388.07,8127.34,8.4099,0.03,393,2388,100.0,39.0,23.3927,198
96,139,0.003,-0.0003,100.0,518.67,642.01,1577.72,1403.1,14.62,21.61,554.25,2388.08,9055.47,1.3,47.44,522.04,2388.04,8132.3,8.4003,0.03,394,2388,100.0,39.03,23.3759,197
96,140,-0.0001,0.0003,100.0,518.67,642.54,1584.79,1402.76,14.62,21.61,554.15,2388.09,9050.99,1.3,47.48,521.92,2388.03,8130.8,8.4396,0.03,393,2388,100.0,38.74,23.4065,196
96,141,-0.0013,0.0005,100.0,518.67,642.82,1591.08,1399.84,14.62,21.61,554.27,2388.03,9056.87,1.3,47.53,521.47,2388.1,8134.16,8.4485,0.03,392,2388,100.0,38.85,23.3401,195
96,142,-0.0047,0.0002,100.0,518.67,642.66,1584.35,1399.49,14.62,21.61,554.45,2388.1,9053.34,1.3,47.3,521.66,2388.05,8136.42,8.4325,0.03,393,2388,100.0,38.88,23.4319,194
96,143,-0.0,0.0004,100.0,518.67,642.02,1587.97,1402.18,14.62,21.61,553.97,2388.09,9056.75,1.3,47.51,521.78,2388.07,8137.91,8.4483,0.03,392,2388,100.0,38.9,23.3988,193
96,144,0.0008,-0.0003,100.0,518.67,642.67,1588.24,1399.62,14.62,21.61,553.66,2388.05,9054.0,1.3,47.41,521.82,2388.08,8131.72,8.4331,0.03,394,2388,100.0,38.97,23.2896,192
96,145,-0.0009,0.0001,100.0,518.67,641.85,1585.26,1401.8,14.62,21.61,554.34,2388.06,9053.91,1.3,47.39,521.38,2388.03,8137.24,8.4319,0.03,393,2388,100.0,38.79,23.3414,191
96,146,-0.0017,-0.0002,100.0,518.67,642.59,1588.44,1401.42,14.62,21.61,553.87,2387.96,9045.0,1.3,47.35,521.81,2388.06,8128.65,8.4197,0.03,393,2388,100.0,38.98,23.3508,190
96,147,-0.0023,0.0003,100.0,518.67,642.29,1592.87,1412.14,14.62,21.61,553.97,2388.06,9059.03,1.3,47.41,522.07,2388.14,8137.19,8.4263,0.03,394,2388,100.0,38.81,23.2049,189
96,148,-0.003,-0.0002,100.0,518.67,641.9,1586.05,1408.75,14.62,21.61,553.91,2388.06,9057.1,1.3,47.53,522.14,2388.1,8129.03,8.41,0.03,393,2388,100.0,38.78,23.3077,188
96,149,0.003,-0.0,100.0,518.67,642.46,1590.93,1406.47,14.62,21.61,554.06,2388.14,9053.11,1.3,47.52,522.58,2388.07,8129.58,8.394,0.03,395,2388,100.0,39.01,23.2268,187
96,150,-0.0027,0.0001,100.0,518.67,642.44,1590.27,1402.43,14.62,21.61,553.76,2388.03,9055.89,1.3,47.4,521.67,2388.07,8137.28,8.428,0.03,394,2388,100.0,38.83,23.2503,186
96,151,-0.0013,-0.0001,100.0,518.67,642.5,1593.48,1405.39,14.62,21.61,553.36,2388.05,9052.6,1.3,47.27,521.89,2388.07,8138.44,8.4371,0.03,391,2388,100.0,38.83,23.3448,185
96,152,-0.0025,-0.0,100.0,518.67,642.53,1592.04,1400.49,14.62,21.61,554.13,2388.05,9054.37,1.3,47.36,521.47,2388.09,8136.27,8.4151,0.03,392,2388,100.0,38.98,23.2782,184
96,153,-0.0002,-0.0002,100.0,518.67,642.06,1587.52,1408.05,14.62,21.61,553.54,2388.06,9061.98,1.3,47.25,521.78,2388.11,8136.5,8.3959,0.03,392,2388,100.0,38.93,23.4154,183
96,154,-0.0014,0.0002,100.0,518.67,642.75,1589.99,1400.36,14.62,21.61,553.98,2388.06,9048.82,1.3,47.52,521.91,2388.09,8136.08,8.404,0.03,393,2388,100.0,38.91,23.3923,182
96,155,0.0002,0.0001,100.0,518.67,642.38,1583.92,1406.72,14.62,21.61,554.58,2388.07,9053.22,1.3,47.3,521.75,2388.07,8130.94,8.4006,0.03,393,2388,100.0,38.87,23.3241,181
96,156,0.0009,0.0003,100.0,518.67,642.37,1583.54,1407.57,14.62,21.61,553.65,2388.09,9050.73,1.3,47.37,521.87,2388.11,8140.41,8.4164,0.03,392,2388,100.0,38.98,23.3675,180
96,157,0.0015,-0.0001,100.0,518.67,642.35,1590.22,1410.76,14.62,21.61,553.11,2388.1,9056.23,1.3,47.54,521.66,2388.1,8138.87,8.4364,0.03,391,2388,100.0,38.97,23.3997,179
96,158,-0.0004,0.0001,100.0,518.67,642.59,1596.77,1402.3,14.62,21.61,554.1,2388.12,9059.46,1.3,47.32,521.6,2388.13,8141.96,8.4082,0.03,392,2388,100.0,38.84,23.3237,178
96,159,-0.0019,0.0005,100.0,518.67,641.55,1589.51,1406.72,14.62,21.61,553.66,2388.05,9049.14,1.3,47.63,521.47,2388.02,8133.46,8.4536,0.03,393,2388,100.0,38.63,23.2801,177
96,160,-0.0011,-0.0005,100.0,518.67,642.53,1590.14,1405.53,14.62,21.61,554.17,2388.06,9053.91,1.3,47.21,521.74,2388.05,8143.34,8.4119,0.03,392,2388,100.0,38.93,23.3257,176
96,161,-0.0011,0.0002,100.0,518.67,642.09,1587.64,1397.97,14.62,21.61,553.62,2388.08,9054.22,1.3,47.32,521.69,2388.08,8129.8,8.3556,0.03,393,2388,100.0,38.98,23.3516,175
96,162,0.0006,-0.0001,100.0,518.67,642.83,1587.26,1402.9,14.62,21.61,554.26,2388.06,9056.1,1.3,47.29,521.53,2388.04,8136.87,8.4201,0.03,392,2388,100.0,38.96,23.4465,174
96,163,-0.0013,0.0003,100.0,518.67,642.56,1594.68,1404.73,14.62,21.61,554.09,2388.12,9048.07,1.3,47.38,521.45,2388.07,8134.23,8.449,0.03,393,2388,100.0,38.9,23.2669,173
96,164,-0.0042,0.0001,100.0,518.67,642.65,1581.52,1400.81,14.62,21.61,554.41,2388.06,9052.02,1.3,47.48,521.8,2388.06,8132.89,8.4274,0.03,391,2388,100.0,39.09,23.375,172
96,165,0.0011,0.0002,100.0,518.67,642.38,1588.95,1398.17,14.62,21.61,553.8,2388.1,9055.06,1.3,47.3,521.85,2388.01,8141.23,8.4299,0.03,394,2388,100.0,38.97,23.3277,171
96,166,0.0008,-0.0004,100.0,518.67,642.98,1588.44,1405.59,14.62,21.61,554.14,2388.09,9055.77,1.3,47.32,521.5,2388.08,8138.55,8.4281,0.03,392,2388,100.0,38.93,23.2091,170
96,167,-0.0038,0.0003,100.0,518.67,642.61,1588.43,1411.68,14.62,21.61,553.9,2388.09,9054.18,1.3,47.31,521.58,2388.1,8133.79,8.4451,0.03,391,2388,100.0,38.76,23.1533,169
96,168,0.0007,0.0003,100.0,518.67,641.91,1588.52,1402.08,14.62,21.61,553.21,2388.08,9046.84,1.3,47.45,522.24,2388.09,8133.49,8.4582,0.03,394,2388,100.0,39.09,23.2941,168
96,169,0.0014,0.0003,100.0,518.67,642.94,1589.72,1402.31,14.62,21.61,554.06,2388.08,9058.02,1.3,47.4,520.99,2388.01,8131.75,8.4197,0.03,392,2388,100.0,38.84,23.3188,167
96,170,-0.0006,0.0002,100.0,518.67,642.37,1586.54,1404.43,14.62,21.61,553.72,2388.07,9062.86,1.3,47.39,521.76,2388.02,8131.96,8.4016,0.03,393,2388,100.0,39.04,23.3343,166
96,171,0.0001,0.0001,100.0,518.67,642.6,1588.47,1410.13,14.62,21.61,553.46,2388.04,9054.97,1.3,47.57,521.58,2388.06,8132.39,8.4132,0.03,393,2388,100.0,38.85,23.1859,165
96,172,-0.0034,0.0001,100.0,518.67,642.59,1586.86,1401.94,14.62,21.61,553.88,2388.02,9060.08,1.3,47.55,521.82,2388.06,8132.79,8.4386,0.03,393,2388,100.0,38.92,23.3152,164
96,173,0.0013,-0.0,100.0,518.67,642.53,1587.0,1409.96,14.62,21.61,553.47,2388.05,9058.21,1.3,47.29,521.74,2388.04,8136.6,8.4179,0.03,393,2388,100.0,38.97,23.417,163
96,174,-0.0045,-0.0002,100.0,518.67,642.84,1589.33,1411.87,14.62,21.61,553.84,2388.09,9049.96,1.3,47.46,521.88,2388.09,8133.41,8.4033,0.03,393,2388,100.0,38.89,23.3065,162
96,175,0.0004,0.0,100.0,518.67,642.03,1585.55,1411.62,14.62,21.61,553.63,2388.09,9052.9,1.3,47.52,521.62,2388.05,8139.13,8.4044,0.03,393,2388,100.0,38.94,23.3393,161
96,176,-0.0005,0.0001,100.0,518.67,642.51,1589.64,1403.19,14.62,21.61,553.96,2388.07,9059.39,1.3,47.44,522.14,2388.06,8137.43,8.4427,0.03,392,2388,100.0,38.93,23.3965,160
96,177,-0.0043,-0.0,100.0,518.67,643.06,1587.44,1407.18,14.62,21.61,553.75,2388.06,9062.09,1.3,47.41,521.73,2388.04,8135.14,8.4221,0.03,394,2388,100.0,38.69,23.3091,159
96,178,-0.0004,-0.0004,100.0,518.67,642.34,1589.95,1398.25,14.62,21.61,553.09,2388.04,9051.91,1.3,47.46,521.7,2388.06,8136.69,8.4116,0.03,393,2388,100.0,38.81,23.2271,158
96,179,0.0038,-0.0005,100.0,518.67,641.89,1594.64,1399.22,14.62,21.61,553.85,2388.1,9060.71,1.3,47.39,521.43,2388.08,8134.49,8.4141,0.03,392,2388,100.0,38.91,23.4029,157
96,180,-0.003,0.0,100.0,518.67,642.61,1592.04,1406.01,14.62,21.61,553.57,2388.13,9059.96,1.3,47.42,521.66,2388.13,8135.0,8.4282,0.03,393,2388,100.0,39.03,23.3085,156
96,181,0.0,-0.0002,100.0,518.67,642.28,1594.59,1408.63,14.62,21.61,553.48,2388.08,9053.98,1.3,47.42,522.2,2388.11,8137.77,8.4497,0.03,392,2388,100.0,38.93,23.2964,155
96,182,0.0013,0.0005,100.0,518.67,643.18,1591.11,1409.34,14.62,21.6,553.22,2388.06,9052.63,1.3,47.48,521.53,2388.06,8137.52,8.4516,0.03,394,2388,100.0,38.82,23.2967,154
96,183,-0.0011,0.0003,100.0,518.67,642.37,1590.28,1393.76,14.62,21.61,553.41,2388.05,9052.12,1.3,47.3,521.68,2388.07,8132.57,8.4351,0.03,394,2388,100.0,38.91,23.3311,153
96,184,-0.0023,-0.0002,100.0,518.67,642.43,1590.95,1410.64,14.62,21.61,554.28,2388.13,9055.88,1.3,47.38,522.05,2388.09,8136.96,8.4057,0.03,393,2388,100.0,38.82,23.3358,152
96,185,-0.0017,0.0003,100.0,518.67,642.33,1588.04,1409.96,14.62,21.61,553.69,2388.1,9054.88,1.3,47.32,521.91,2388.11,8137.5,8.4484,0.03,394,2388,100.0,38.79,23.3886,151
96,186,-0.0001,-0.0002,100.0,518.67,642.67,1590.9,1397.47,14.62,21.61,553.89,2388.06,9051.15,1.3,47.67,521.48,2388.07,8139.49,8.4146,0.03,394,2388,100.0,38.95,23.2501,150
96,187,-0.0007,-0.0004,100.0,518.67,642.44,1589.64,1406.17,14.62,21.61,554.24,2388.07,9054.73,1.3,47.41,521.24,2388.06,8142.78,8.4396,0.03,392,2388,100.0,38.78,23.3342,149
96,188,0.0018,0.0005,100.0,518.67,643.05,1591.29,1399.9,14.62,21.61,553.43,2388.1,9057.3,1.3,47.55,521.73,2388.08,8131.89,8.4642,0.03,394,2388,100.0,38.95,23.3557,148
96,189,0.003,0.0005,100.0,518.67,641.8,1593.73,1410.48,14.62,21.61,553.57,2388.05,9057.89,1.3,47.52,521.26,2388.03,8139.49,8.4102,0.03,392,2388,100.0,38.84,23.3311,147
96,190,-0.0017,-0.0001,100.0,518.67,642.38,1592.01,1401.92,14.62,21.61,553.95,2388.08,9055.24,1.3,47.59,521.46,2388.09,8132.31,8.3889,0.03,393,2388,100.0,38.77,23.2473,146
96,191,0.0048,0.0003,100.0,518.67,642.38,1594.9,1405.62,14.62,21.61,553.52,2388.05,9057.06,1.3,47.46,521.76,2388.1,8138.96,8.4418,0.03,394,2388,100.0,38.9,23.2422,145
96,192,-0.0017,0.0003,100.0,518.67,642.42,1595.78,1409.35,14.62,21.61,553.44,2388.07,9055.64,1.3,47.32,521.32,2388.05,8135.91,8.4307,0.03,394,2388,100.0,38.93,23.2574,144
96,193,0.002,0.0003,100.0,518.67,642.82,1589.43,1402.98,14.62,21.61,553.11,2388.03,9049.64,1.3,47.51,521.27,2388.05,8135.83,8.4222,0.03,391,2388,100.0,38.88,23.3713,143
96,194,-0.0013,-0.0005,100.0,518.67,642.05,1588.49,1405.94,14.62,21.61,553.48,2388.11,9058.72,1.3,47.67,521.66,2388.07,8139.36,8.4541,0.03,393,2388,100.0,38.75,23.2109,142
96,195,-0.0035,0.0004,100.0,518.67,642.64,1584.55,1397.43,14.62,21.61,553.7,2388.09,9052.14,1.3,47.44,521.35,2388.11,8137.3,8.4058,0.03,392,2388,100.0,38.83,23.3818,141
96,196,-0.0021,-0.0,100.0,518.67,643.01,1590.92,1403.48,14.62,21.61,553.74,2388.1,9055.98,1.3,47.41,521.65,2388.13,8135.66,8.4234,0.03,392,2388,100.0,38.7,23.3152,140
96,197,-0.0003,-0.0,100.0,518.67,642.75,1589.96,1405.73,14.62,21.61,554.01,2388.07,9053.26,1.3,47.36,522.06,2388.08,8133.64,8.4165,0.03,394,2388,100.0,38.83,23.3274,139
96,198,-0.0002,0.0003,100.0,518.67,642.91,1595.02,1405.19,14.62,21.61,553.36,2388.09,9049.58,1.3,47.64,521.13,2388.13,8139.95,8.4286,0.03,391,2388,100.0,38.75,23.3566,138
96,199,0.0018,0.0004,100.0,518.67,642.42,1586.01,1413.25,14.62,21.61,553.67,2388.1,9062.53,1.3,47.61,521.74,2388.07,8140.5,8.4497,0.03,393,2388,100.0,38.8,23.2648,137
96,200,0.0001,0.0,100.0,518.67,642.38,1587.91,1408.98,14.62,21.61,553.8,2388.08,9054.33,1.3,47.45,522.18,2388.08,8134.24,8.4277,0.03,393,2388,100.0,38.92,23.2778,136
96,201,-0.0053,0.0002,100.0,518.67,642.33,1584.08,1408.39,14.62,21.61,553.5,2388.1,9053.07,1.3,47.62,521.53,2388.1,8133.3,8.4329,0.03,392,2388,100.0,38.85,23.3444,135
96,202,-0.002,0.0003,100.0,518.67,642.69,1586.55,1414.38,14.62,21.61,553.54,2388.11,9057.52,1.3,47.4,521.89,2388.09,8139.39,8.4305,0.03,394,2388,100.0,38.85,23.4283,134
96,203,0.0013,-0.0003,100.0,518.67,643.27,1593.37,1409.24,14.62,21.61,553.55,2388.09,9054.95,1.3,47.63,520.91,2388.07,8136.49,8.4474,0.03,393,2388,100.0,38.73,23.3369,133
96,204,0.0011,0.0001,100.0,518.67,642.5,1592.98,1406.45,14.62,21.61,553.75,2388.14,9059.32,1.3,47.48,522.02,2388.09,8134.3,8.4893,0.03,393,2388,100.0,38.82,23.2849,132
96,205,0.0005,0.0002,100.0,518.67,642.72,1592.6,1408.81,14.62,21.61,553.95,2388.1,9049.67,1.3,47.41,521.5,2388.16,8135.51,8.4346,0.03,393,2388,100.0,38.76,23.2738,131
96,206,-0.0012,0.0003,100.0,518.67,642.54,1592.56,1403.51,14.62,21.61,553.57,2388.04,9056.35,1.3,47.58,522.4,2388.14,8136.34,8.478,0.03,393,2388,100.0,38.78,23.335,130
96,207,0.0006,-0.0002,100.0,518.67,642.07,1592.26,1403.63,14.62,21.61,553.25,2388.08,9055.04,1.3,47.75,521.71,2388.09,8136.44,8.4353,0.03,394,2388,100.0,38.77,23.2998,129
96,208,0.0011,-0.0002,100.0,518.67,642.83,1588.47,1406.82,14.62,21.61,553.6,2388.11,9057.58,1.3,47.57,521.41,2388.05,8140.63,8.4527,0.03,393,2388,100.0,38.99,23.379,128
96,209,0.0045,-0.0003,100.0,518.67,642.5,1591.09,1408.98,14.62,21.61,553.95,2388.1,9065.05,1.3,47.49,521.73,2388.05,8133.57,8.4306,0.03,391,2388,100.0,38.88,23.3356,127
96,210,-0.0042,-0.0003,100.0,518.67,642.69,1585.77,1401.37,14.62,21.61,553.37,2388.09,9060.23,1.3,47.27,521.12,2388.1,8132.29,8.4417,0.03,393,2388,100.0,38.81,23.2124,126
96,211,0.0,0.0,100.0,518.67,642.7,1590.85,1410.33,14.62,21.61,552.67,2388.08,9052.98,1.3,47.48,521.48,2388.12,8138.39,8.4341,0.03,393,2388,100.0,38.64,23.3123,125
96,212,0.0009,0.0002,100.0,518.67,642.53,1588.67,1403.79,14.62,21.61,553.83,2388.08,9057.51,1.3,47.58,522.14,2388.08,8138.41,8.4328,0.03,392,2388,100.0,38.79,23.2464,124
96,213,-0.0017,-0.0002,100.0,518.67,642.72,1592.56,1409.29,14.62,21.61,553.13,2388.2,9048.51,1.3,47.46,521.32,2388.13,8133.49,8.4211,0.03,393,2388,100.0,39.03,23.2575,123
96,214,0.0006,-0.0002,100.0,518.67,642.27,1594.68,1407.56,14.62,21.61,553.49,2388.07,9058.43,1.3,47.73,521.2,2388.15,8142.2,8.4206,0.03,393,2388,100.0,38.76,23.3875,122
96,215,-0.0007,-0.0002,100.0,518.67,642.38,1592.23,1405.12,14.62,21.61,553.42,2388.09,9060.43,1.3,47.35,520.99,2388.1,8131.59,8.432,0.03,393,2388,100.0,38.85,23.3707,121
96,216,-0.0028,0.0003,100.0,518.67,642.42,1584.19,1404.22,14.62,21.61,553.32,2388.16,9054.72,1.3,47.62,520.68,2388.08,8133.15,8.4846,0.03,393,2388,100.0,38.82,23.3681,120
96,217,0.0005,-0.0001,100.0,518.67,642.59,1587.44,1408.7,14.62,21.61,552.91,2388.1,9060.3,1.3,47.62,521.98,2388.14,8143.12,8.4416,0.03,391,2388,100.0,38.82,23.3539,119
96,218,-0.0026,0.0,100.0,518.67,642.37,1595.46,1407.35,14.62,21.61,553.75,2388.11,9056.97,1.3,47.67,521.33,2388.07,8134.67,8.4109,0.03,394,2388,100.0,38.67,23.2277,118
96,219,-0.0021,0.0002,100.0,518.67,642.26,1586.61,1406.28,14.62,21.61,553.95,2388.17,9063.21,1.3,47.62,521.03,2388.15,8135.35,8.4506,0.03,394,2388,100.0,38.79,23.2347,117
96,220,-0.0005,0.0,100.0,518.67,642.18,1589.6,1407.02,14.62,21.61,553.43,2388.15,9058.46,1.3,47.36,521.65,2388.06,8134.97,8.4345,0.03,393,2388,100.0,38.74,23.2151,116
96,221,0.0008,-0.0001,100.0,518.67,642.92,1589.96,1408.78,14.62,21.61,553.37,2388.07,9057.41,1.3,47.45,521.79,2388.11,8136.61,8.4235,0.03,392,2388,100.0,38.83,23.2941,115
96,222,-0.0044,-0.0003,100.0,518.67,642.59,1593.67,1412.84,14.62,21.61,553.14,2388.07,9054.49,1.3,47.43,520.98,2388.09,8138.75,8.4332,0.03,393,2388,100.0,38.81,23.2502,114
96,223,0.0047,-0.0005,100.0,518.67,642.85,1585.36,1412.16,14.62,21.61,553.62,2388.1,9061.77,1.3,47.58,521.3,2388.12,8135.02,8.4688,0.03,395,2388,100.0,38.87,23.3303,113
96,224,0.0022,0.0001,100.0,518.67,642.96,1589.19,1407.43,14.62,21.61,552.77,2388.06,9047.72,1.3,47.6,521.36,2388.1,8133.3,8.4571,0.03,393,2388,100.0,38.86,23.3637,112
96,225,0.0044,-0.0002,100.0,518.67,642.72,1590.54,1410.39,14.62,21.61,552.87,2388.09,9059.53,1.3,47.56,520.96,2388.09,8137.91,8.4187,0.03,394,2388,100.0,38.78,23.3659,111
96,226,0.0018,0.0003,100.0,518.67,642.66,1588.32,1410.47,14.62,21.61,553.3,2388.1,9058.42,1.3,47.57,521.14,2388.07,8137.16,8.4566,0.03,391,2388,100.0,38.76,23.4475,110
96,227,-0.0007,0.0002,100.0,518.67,642.56,1587.57,1407.62,14.62,21.61,553.19,2388.05,9052.97,1.3,47.6,520.94,2388.1,8141.52,8.3959,0.03,392,2388,100.0,38.75,23.3261,109
96,228,-0.0026,-0.0,100.0,518.67,642.37,1590.12,1408.72,14.62,21.61,553.17,2388.12,9060.49,1.3,47.33,521.1,2388.13,8132.9,8.4513,0.03,394,2388,100.0,38.68,23.2289,108
96,229,0.0049,-0.0004,100.0,518.67,642.68,1592.7,1406.03,14.62,21.61,553.47,2388.1,9060.52,1.3,47.62,521.63,2388.11,8135.16,8.4465,0.03,392,2388,100.0,38.47,23.2881,107
96,230,0.0004,-0.0001,100.0,518.67,642.47,1593.23,1410.75,14.62,21.61,552.96,2388.06,9062.99,1.3,47.63,521.13,2388.15,8132.22,8.4401,0.03,393,2388,100.0,38.81,23.3004,106
96,231,0.0014,0.0005,100.0,518.67,642.91,1589.55,1415.9,14.62,21.61,553.24,2388.16,9058.19,1.3,47.47,521.68,2388.15,8136.15,8.438,0.03,392,2388,100.0,38.91,23.3061,105
96,232,-0.0002,0.0003,100.0,518.67,643.17,1592.56,1414.33,14.62,21.61,553.38,2388.08,9054.7,1.3,47.51,521.13,2388.14,8137.72,8.4423,0.03,394,2388,100.0,38.84,23.3073,104
96,233,0.0012,-0.0,100.0,518.67,643.2,1584.32,1407.07,14.62,21.61,553.63,2388.12,9057.75,1.3,47.63,521.27,2388.09,8135.41,8.4183,0.03,393,2388,100.0,38.65,23.24,103
96,234,-0.0018,0.0002,100.0,518.67,643.17,1589.45,1408.28,14.62,21.61,552.78,2388.14,9058.49,1.3,47.57,521.43,2388.14,8138.71,8.4404,0.03,394,2388,100.0,38.85,23.2418,102
96,235,-0.0023,0.0005,100.0,518.67,642.96,1591.53,1408.34,14.62,21.61,552.68,2388.07,9052.5,1.3,47.66,521.41,2388.12,8141.38,8.4456,0.03,393,2388,100.0,38.62,23.3015,101
96,236,0.0005,-0.0003,100.0,518.67,643.16,1589.64,1414.52,14.62,21.61,553.01,2388.11,9054.24,1.3,47.39,521.46,2388.12,8134.91,8.4151,0.03,391,2388,100.0,38.66,23.3819,100
96,237,-0.0017,-0.0001,100.0,518.67,642.58,1591.62,1405.0,14.62,21.61,553.62,2388.11,9063.02,1.3,47.66,521.32,2388.12,8139.58,8.4404,0.03,395,2388,100.0,38.88,23.3065,99
96,238,-0.0038,0.0004,100.0,518.67,642.41,1593.96,1412.58,14.62,21.61,552.59,2388.12,9067.14,1.3,47.68,521.3,2388.15,8133.56,8.4333,0.03,393,2388,100.0,38.83,23.4173,98
96,239,-0.0001,0.0004,100.0,518.67,642.97,1594.68,1410.88,14.62,21.61,552.93,2388.1,9061.23,1.3,47.53,521.55,2388.12,8132.82,8.4041,0.03,394,2388,100.0,38.84,23.2292,97
96,240,-0.0,0.0005,100.0,518.67,642.87,1598.59,1411.03,14.62,21.61,552.78,2388.08,9060.45,1.3,47.55,521.56,2388.14,8134.49,8.462,0.03,394,2388,100.0,38.66,23.2819,96
96,241,-0.0012,0.0004,100.0,518.67,642.88,1587.66,1404.53,14.62,21.61,552.72,2388.16,9053.16,1.3,47.57,521.12,2388.08,8140.01,8.4329,0.03,393,2388,100.0,38.83,23.3471,95
96,242,0.0029,-0.0,100.0,518.67,642.17,1591.52,1414.0,14.62,21.61,554.4,2388.11,9063.79,1.3,47.55,521.43,2388.08,8143.83,8.4359,0.03,394,2388,100.0,38.63,23.2846,94
96,243,0.0009,-0.0001,100.0,518.67,642.27,1590.26,1416.24,14.62,21.61,552.74,2388.11,9061.34,1.3,47.78,520.8,2388.12,8135.93,8.4539,0.03,395,2388,100.0,38.73,23.2862,93
96,244,-0.0038,0.0002,100.0,518.67,643.05,1590.19,1403.31,14.62,21.61,552.63,2388.09,9061.4,1.3,47.52,521.81,2388.15,8140.08,8.4501,0.03,394,2388,100.0,38.81,23.1947,92
96,245,-0.0018,0.0004,100.0,518.67,642.88,1604.56,1414.27,14.62,21.61,553.0,2388.1,9062.81,1.3,47.68,521.38,2388.12,8141.63,8.4276,0.03,392,2388,100.0,38.81,23.282,91
96,246,-0.0004,-0.0001,100.0,518.67,643.03,1588.51,1410.97,14.62,21.61,552.7,2388.15,9058.53,1.3,47.67,521.34,2388.14,8133.79,8.4498,0.03,392,2388,100.0,38.86,23.3789,90
96,247,0.003,-0.0003,100.0,518.67,642.77,1593.93,1410.02,14.62,21.61,553.2,2388.12,9060.36,1.3,47.72,521.15,2388.11,8132.92,8.4784,0.03,394,2388,100.0,38.86,23.2371,89
96,248,0.002,-0.0002,100.0,518.67,642.77,1584.2,1408.09,14.62,21.61,553.5,2388.12,9061.66,1.3,47.78,521.42,2388.14,8137.55,8.4823,0.03,394,2388,100.0,38.8,23.3245,88
96,249,-0.0005,-0.0003,100.0,518.67,643.17,1594.95,1414.47,14.62,21.61,553.34,2388.19,9064.92,1.3,47.54,520.56,2388.06,8144.54,8.4858,0.03,393,2388,100.0,38.94,23.1804,87
96,250,0.0038,0.0002,100.0,518.67,642.39,1590.68,1411.92,14.62,21.61,553.14,2388.15,9059.64,1.3,47.53,520.81,2388.17,8143.74,8.464,0.03,394,2388,100.0,38.65,23.1816,86
96,251,0.0012,-0.0004,100.0,518.67,643.34,1586.82,1416.93,14.62,21.61,552.85,2388.15,9058.15,1.3,47.61,521.13,2388.12,8138.63,8.4626,0.03,394,2388,100.0,38.65,23.2542,85
96,252,0.0009,0.0001,100.0,518.67,643.35,1595.03,1405.56,14.62,21.61,553.64,2388.13,9050.99,1.3,47.52,521.04,2388.15,8138.44,8.4029,0.03,393,2388,100.0,38.65,23.3074,84
96,253,0.0014,-0.0004,100.0,518.67,642.76,1595.07,1421.42,14.62,21.61,552.57,2388.12,9061.84,1.3,47.73,520.95,2388.12,8133.23,8.4703,0.03,394,2388,100.0,38.81,23.2332,83
96,254,0.0014,-0.0001,100.0,518.67,642.79,1589.76,1414.03,14.62,21.61,553.65,2388.11,9061.44,1.3,47.58,521.42,2388.14,8135.51,8.4873,0.03,394,2388,100.0,38.72,23.1492,82
96,255,0.0041,-0.0001,100.0,518.67,642.96,1592.41,1416.77,14.62,21.61,552.67,2388.12,9059.03,1.3,47.77,520.43,2388.16,8140.04,8.4561,0.03,394,2388,100.0,38.65,23.3182,81
96,256,-0.0011,-0.0,100.0,518.67,642.62,1597.4,1413.34,14.62,21.61,553.13,2388.13,9062.95,1.3,47.77,520.93,2388.17,8140.23,8.4471,0.03,394,2388,100.0,38.8,23.2637,80
96,257,-0.0022,0.0001,100.0,518.67,642.74,1589.9,1411.28,14.62,21.61,553.52,2388.17,9061.04,1.3,47.62,520.88,2388.2,8135.22,8.4438,0.03,394,2388,100.0,38.86,23.1841,79
96,258,0.003,-0.0001,100.0,518.67,642.4,1590.06,1408.76,14.62,21.61,553.33,2388.12,9060.64,1.3,47.56,520.93,2388.1,8134.14,8.428,0.03,394,2388,100.0,38.72,23.2828,78
96,259,-0.0014,0.0001,100.0,518.67,642.48,1582.05,1420.36,14.62,21.61,553.63,2388.14,9053.3,1.3,47.71,521.62,2388.13,8138.73,8.4812,0.03,396,2388,100.0,38.74,23.2121,77
96,260,0.0019,-0.0003,100.0,518.67,642.74,1592.98,1414.04,14.62,21.61,552.96,2388.07,9061.14,1.3,47.51,520.97,2388.07,8139.49,8.4968,0.03,395,2388,100.0,38.62,23.1429,76
96,261,0.0028,0.0002,100.0,518.67,642.5,1597.06,1416.29,14.62,21.61,553.38,2388.11,9063.72,1.3,47.53,521.09,2388.16,8138.64,8.4158,0.03,395,2388,100.0,38.78,23.2603,75
96,262,0.0007,0.0002,100.0,518.67,642.73,1599.76,1415.68,14.62,21.61,552.64,2388.15,9069.35,1.3,47.62,521.31,2388.12,8140.16,8.4558,0.03,394,2388,100.0,38.67,23.2402,74
96,263,-0.0035,0.0004,100.0,518.67,642.37,1588.69,1414.29,14.62,21.61,552.67,2388.1,9058.94,1.3,47.64,521.13,2388.15,8134.37,8.4609,0.03,393,2388,100.0,38.8,23.2598,73
96,264,0.0042,-0.0001,100.0,518.67,642.56,1589.79,1408.63,14.62,21.61,552.55,2388.15,9060.33,1.3,47.77,520.78,2388.12,8138.69,8.4492,0.03,394,2388,100.0,38.73,23.2889,72
96,265,0.0005,0.0001,100.0,518.67,642.85,1590.86,1412.99,14.62,21.61,552.94,2388.12,9057.1,1.3,47.86,520.92,2388.04,8137.8,8.4759,0.03,395,2388,100.0,38.8,23.2587,71
96,266,0.0019,0.0001,100.0,518.67,642.96,1591.67,1415.19,14.62,21.61,552.96,2388.15,9064.08,1.3,47.88,520.39,2388.17,8138.45,8.4645,0.03,394,2388,100.0,38.58,23.2004,70
96,267,-0.002,-0.0002,100.0,518.67,642.74,1591.84,1422.18,14.62,21.61,552.98,2388.11,9062.66,1.3,47.65,521.2,2388.12,8138.08,8.4632,0.03,394,2388,100.0,38.55,23.2158,69
96,268,-0.0004,-0.0005,100.0,518.67,642.56,1594.89,1406.85,14.62,21.61,553.8,2388.11,9060.55,1.3,47.68,521.06,2388.18,8135.63,8.4387,0.03,394,2388,100.0,38.78,23.2077,68
96,269,-0.0001,0.0002,100.0,518.67,642.88,1591.78,1412.08,14.62,21.61,552.93,2388.11,9061.66,1.3,47.77,520.97,2388.14,8138.41,8.4476,0.03,394,2388,100.0,38.71,23.1073,67
96,270,-0.0007,0.0003,100.0,518.67,643.24,1592.6,1415.18,14.62,21.61,552.94,2388.15,9068.55,1.3,47.62,520.99,2388.18,8135.78,8.4505,0.03,392,2388,100.0,38.6,23.2532,66
96,271,0.0009,0.0005,100.0,518.67,643.15,1593.0,1406.1,14.62,21.61,553.01,2388.14,9061.32,1.3,47.72,520.98,2388.17,8137.25,8.4977,0.03,393,2388,100.0,38.77,23.117,65
96,272,-0.0004,-0.0004,100.0,518.67,642.96,1585.65,1414.21,14.62,21.61,552.4,2388.11,9062.27,1.3,47.78,520.77,2388.12,8141.48,8.4686,0.03,393,2388,100.0,38.76,23.2366,64
96,273,-0.0004,0.0002,100.0,518.67,643.32,1599.47,1413.71,14.62,21.61,553.26,2388.15,9062.13,1.3,47.62,520.53,2388.13,8141.75,8.4588,0.03,395,2388,100.0,38.86,23.0915,63
96,274,0.002,-0.0001,100.0,518.67,642.65,1595.03,1413.64,14.62,21.61,552.76,2388.15,9070.82,1.3,47.74,520.76,2388.19,8141.99,8.4717,0.03,395,2388,100.0,38.6,23.1534,62
96,275,0.0003,0.0003,100.0,518.67,642.91,1595.86,1410.38,14.62,21.61,552.33,2388.12,9058.77,1.3,47.82,520.55,2388.12,8134.82,8.4634,0.03,393,2388,100.0,38.74,23.2818,61
96,276,-0.0013,0.0003,100.0,518.67,642.88,1603.35,1416.09,14.62,21.61,552.78,2388.2,9063.77,1.3,47.67,520.27,2388.14,8142.68,8.4777,0.03,394,2388,100.0,38.61,23.2954,60
96,277,-0.0013,0.0005,100.0,518.67,643.07,1592.24,1418.79,14.62,21.61,553.2,2388.18,9059.8,1.3,47.94,520.41,2388.17,8141.37,8.4899,0.03,395,2388,100.0,38.73,23.2931,59
96,278,-0.0015,-0.0002,100.0,518.67,642.97,1589.3,1414.27,14.62,21.61,552.7,2388.11,9063.55,1.3,47.7,520.95,2388.1,8139.96,8.4559,0.03,396,2388,100.0,38.61,23.2727,58
96,279,-0.0014,0.0002,100.0,518.67,642.86,1600.83,1416.58,14.62,21.61,553.41,2388.13,9064.81,1.3,47.73,520.43,2388.15,8135.43,8.4716,0.03,394,2388,100.0,38.74,23.1914,57
96,280,0.0005,0.0005,100.0,518.67,642.85,1593.45,1420.77,14.62,21.61,552.36,2388.16,9061.63,1.3,47.87,520.53,2388.21,8144.3,8.4744,0.03,394,2388,100.0,38.75,23.3031,56
96,281,0.0022,-0.0001,100.0,518.67,642.96,1589.04,1409.52,14.62,21.61,552.28,2388.15,9061.95,1.3,47.88,521.59,2388.12,8142.77,8.4537,0.03,394,2388,100.0,38.76,23.25,55
96,282,0.0034,0.0003,100.0,518.67,642.71,1593.79,1416.24,14.62,21.61,552.27,2388.09,9065.04,1.3,47.85,520.5,2388.12,8139.91,8.4415,0.03,395,2388,100.0,38.7,23.193,54
96,283,-0.0009,0.0,100.0,518.67,643.19,1593.18,1421.4,14.62,21.61,553.39,2388.11,9069.47,1.3,47.8,520.26,2388.23,8138.12,8.4922,0.03,394,2388,100.0,38.87,23.1892,53
96,284,-0.0024,0.0002,100.0,518.67,643.3,1602.23,1413.76,14.62,21.61,552.09,2388.12,9066.62,1.3,47.72,520.59,2388.11,8141.39,8.4749,0.03,395,2388,100.0,38.53,23.3001,52
96,285,-0.0038,0.0001,100.0,518.67,642.52,1593.16,1415.2,14.62,21.61,552.0,2388.2,9068.67,1.3,47.77,520.74,2388.16,8144.54,8.4857,0.03,394,2388,100.0,38.73,23.1449,51
96,286,0.0021,0.0002,100.0,518.67,642.84,1601.01,1416.19,14.62,21.61,552.56,2388.15,9067.6,1.3,47.91,520.16,2388.17,8140.08,8.502,0.03,395,2388,100.0,38.59,23.1976,50
96,287,0.0035,-0.0002,100.0,518.67,642.92,1599.22,1418.5,14.62,21.61,552.71,2388.18,9065.88,1.3,47.86,520.88,2388.12,8140.46,8.5066,0.03,396,2388,100.0,38.73,23.1783,49
96,288,0.0038,-0.0001,100.0,518.67,643.1,1598.31,1421.8,14.62,21.61,552.74,2388.12,9069.11,1.3,47.71,520.71,2388.16,8139.41,8.4958,0.03,396,2388,100.0,38.85,23.2128,48
96,289,0.0024,-0.0004,100.0,518.67,643.48,1589.88,1417.83,14.62,21.61,552.31,2388.24,9059.58,1.3,47.91,520.68,2388.21,8139.73,8.4471,0.03,395,2388,100.0,38.76,23.0072,47
96,290,-0.0003,-0.0001,100.0,518.67,643.32,1599.77,1421.42,14.62,21.61,553.32,2388.21,9063.24,1.3,47.93,520.51,2388.13,8135.35,8.4582,0.03,395,2388,100.0,38.6,23.273,46
96,291,0.0026,-0.0003,100.0,518.67,642.44,1599.32,1426.5,14.62,21.61,552.71,2388.18,9067.2,1.3,47.88,520.73,2388.19,8140.33,8.464,0.03,397,2388,100.0,38.55,23.2071,45
96,292,0.0025,-0.0004,100.0,518.67,643.22,1599.71,1417.07,14.62,21.61,552.6,2388.18,9067.72,1.3,47.86,520.47,2388.13,8141.6,8.4644,0.03,395,2388,100.0,38.67,23.1544,44
96,293,-0.0017,0.0001,100.0,518.67,643.57,1596.51,1421.48,14.62,21.61,551.64,2388.2,9064.5,1.3,47.74,520.77,2388.11,8134.85,8.466,0.03,394,2388,100.0,38.46,23.114,43
96,294,-0.002,0.0003,100.0,518.67,643.67,1601.09,1412.83,14.62,21.61,552.95,2388.14,9067.71,1.3,47.93,520.15,2388.22,8144.73,8.4812,0.03,394,2388,100.0,38.57,23.1354,42
96,295,-0.0021,-0.0004,100.0,518.67,643.64,1601.01,1417.53,14.62,21.61,552.74,2388.23,9066.39,1.3,47.81,520.44,2388.18,8143.83,8.4699,0.03,396,2388,100.0,38.46,23.2896,41
96,296,0.0007,0.0003,100.0,518.67,643.34,1599.4,1427.1,14.62,21.61,552.06,2388.15,9054.91,1.3,47.73,521.19,2388.19,8145.42,8.4935,0.03,392,2388,100.0,38.61,23.1054,40
96,297,-0.0021,0.0002,100.0,518.67,643.15,1594.18,1416.14,14.62,21.61,552.01,2388.18,9070.58,1.3,47.88,520.15,2388.23,8136.41,8.4663,0.03,396,2388,100.0,38.44,23.1551,39
96,298,0.0001,0.0,100.0,518.67,643.34,1602.08,1428.24,14.62,21.61,552.46,2388.17,9067.22,1.3,47.87,520.98,2388.15,8138.05,8.4852,0.03,396,2388,100.0,38.57,23.1607,38
96,299,-0.0004,-0.0001,100.0,518.67,642.91,1608.62,1418.54,14.62,21.61,552.12,2388.18,9061.81,1.3,47.93,520.65,2388.17,8138.86,8.4851,0.03,395,2388,100.0,38.64,23.2477,37
96,300,-0.0009,-0.0001,100.0,518.67,643.29,1601.55,1417.98,14.62,21.61,551.45,2388.2,9069.31,1.3,47.79,521.02,2388.18,8142.51,8.5295,0.03,395,2388,100.0,38.7,23.1168,36
96,301,-0.0025,-0.0004,100.0,518.67,643.82,1600.94,1428.54,14.62,21.61,552.32,2388.15,9071.12,1.3,47.85,520.84,2388.19,8144.59,8.5172,0.03,393,2388,100.0,38.61,23.1598,35
96,302,0.0008,0.0005,100.0,518.67,643.51,1595.33,1413.99,14.62,21.61,552.03,2388.21,9064.78,1.3,47.92,520.94,2388.17,8140.47,8.4821,0.03,396,2388,100.0,38.58,23.1788,34
96,303,-0.0045,0.0002,100.0,518.67,643.43,1601.56,1419.64,14.62,21.61,552.52,2388.21,9064.74,1.3,48.03,520.16,2388.24,8139.25,8.4888,0.03,396,2388,100.0,38.58,23.1447,33
96,304,0.0018,-0.0001,100.0,518.67,643.5,1600.37,1423.31,14.62,21.61,551.83,2388.22,9068.54,1.3,48.13,520.45,2388.19,8146.04,8.5028,0.03,394,2388,100.0,38.5,23.2297,32
96,305,-0.0013,-0.0001,100.0,518.67,643.21,1591.05,1425.69,14.62,21.61,552.46,2388.15,9059.71,1.3,47.91,520.05,2388.21,8140.97,8.5092,0.03,393,2388,100.0,38.73,23.1561,31
96,306,-0.0012,-0.0003,100.0,518.67,643.73,1596.28,1418.72,14.62,21.61,552.27,2388.18,9068.24,1.3,47.95,520.48,2388.14,8138.32,8.4708,0.03,394,2388,100.0,38.7,23.2241,30
96,307,0.0034,-0.0003,100.0,518.67,643.14,1590.44,1420.58,14.62,21.61,551.68,2388.18,9064.16,1.3,47.87,519.82,2388.15,8138.09,8.5084,0.03,394,2388,100.0,38.6,23.2222,29
96,308,0.0,0.0002,100.0,518.67,643.26,1601.04,1425.46,14.62,21.61,552.35,2388.22,9071.81,1.3,48.0,520.77,2388.19,8145.81,8.4763,0.03,394,2388,100.0,38.5,23.137,28
96,309,-0.0012,0.0003,100.0,518.67,643.23,1595.06,1423.02,14.62,21.61,552.02,2388.25,9068.47,1.3,48.0,520.91,2388.19,8140.36,8.5269,0.03,396,2388,100.0,38.48,23.1215,27
96,310,-0.0018,0.0004,100.0,518.67,642.97,1592.28,1417.02,14.62,21.61,551.78,2388.15,9075.63,1.3,48.11,520.13,2388.24,8135.02,8.496,0.03,398,2388,100.0,38.6,23.1111,26
96,311,0.0028,-0.0002,100.0,518.67,643.07,1597.94,1420.88,14.62,21.61,552.34,2388.19,9063.69,1.3,48.03,520.72,2388.22,8143.33,8.4897,0.03,395,2388,100.0,38.47,23.1538,25
96,312,0.0018,0.0005,100.0,518.67,643.57,1596.22,1421.81,14.62,21.61,551.16,2388.22,9073.59,1.3,47.99,520.35,2388.19,8135.27,8.4472,0.03,396,2388,100.0,38.41,23.1584,24
96,313,-0.0024,0.0001,100.0,518.67,643.67,1599.44,1417.06,14.62,21.61,551.91,2388.19,9065.93,1.3,47.92,520.28,2388.22,8144.75,8.5067,0.03,395,2388,100.0,38.62,23.1101,23
96,314,0.003,0.0001,100.0,518.67,643.66,1599.37,1425.25,14.62,21.61,552.15,2388.19,9063.24,1.3,48.1,519.59,2388.22,8141.07,8.4917,0.03,397,2388,100.0,38.41,23.1374,22
96,315,0.0008,0.0001,100.0,518.67,643.89,1596.52,1419.81,14.62,21.61,551.27,2388.26,9061.37,1.3,47.88,519.82,2388.14,8142.63,8.5116,0.03,394,2388,100.0,38.53,23.1329,21
96,316,-0.0002,-0.0,100.0,518.67,643.32,1594.62,1416.36,14.62,21.61,552.22,2388.21,9068.3,1.3,48.07,520.61,2388.2,8141.09,8.4946,0.03,396,2388,100.0,38.57,23.0648,20
96,317,-0.0008,0.0001,100.0,518.67,643.43,1602.6,1423.25,14.62,21.61,551.61,2388.2,9076.05,1.3,48.07,519.81,2388.19,8139.6,8.508,0.03,396,2388,100.0,38.42,23.1558,19
96,318,0.0006,0.0003,100.0,518.67,643.01,1599.14,1416.3,14.62,21.61,551.87,2388.16,9069.61,1.3,48.02,520.02,2388.23,8143.24,8.4865,0.03,397,2388,100.0,38.57,23.1202,18
96,319,0.0001,-0.0002,100.0,518.67,643.34,1592.75,1423.84,14.62,21.61,552.01,2388.2,9069.04,1.3,47.88,520.05,2388.18,8140.3,8.475,0.03,397,2388,100.0,38.45,23.0792,17
96,320,0.0008,-0.0003,100.0,518.67,643.24,1594.58,1428.81,14.62,21.61,551.54,2388.26,9067.99,1.3,47.99,520.19,2388.25,8141.4,8.5188,0.03,396,2388,100.0,38.55,23.0632,16
96,321,-0.0022,-0.0002,100.0,518.67,643.48,1591.28,1424.22,14.62,21.61,552.05,2388.19,9073.42,1.3,47.98,520.73,2388.23,8143.73,8.4949,0.03,395,2388,100.0,38.5,23.0989,15
96,322,-0.0012,0.0,100.0,518.67,643.84,1592.24,1420.86,14.62,21.61,551.95,2388.22,9064.5,1.3,48.11,520.27,2388.23,8144.46,8.5024,0.03,396,2388,100.0,38.41,23.1199,14
96,323,-0.0034,0.0002,100.0,518.67,643.13,1598.09,1428.51,14.62,21.61,551.75,2388.15,9070.76,1.3,48.21,520.26,2388.24,8141.69,8.4715,0.03,396,2388,100.0,38.37,23.1919,13
96,324,0.0003,-0.0,100.0,518.67,643.85,1603.01,1428.1,14.62,21.61,551.92,2388.27,9069.3,1.3,48.05,520.3,2388.21,8144.13,8.4761,0.03,395,2388,100.0,38.47,23.0053,12
96,325,-0.0019,0.0005,100.0,518.67,643.57,1602.58,1429.81,14.62,21.61,551.29,2388.25,9069.77,1.3,48.16,519.72,2388.22,8143.15,8.5615,0.03,396,2388,100.0,38.55,22.8942,11
96,326,0.001,0.0001,100.0,518.67,643.72,1591.42,1425.74,14.62,21.61,551.35,2388.22,9064.41,1.3,48.05,519.97,2388.23,8145.9,8.5195,0.03,395,2388,100.0,38.39,23.1027,10
96,327,0.0019,-0.0,100.0,518.67,643.69,1604.73,1430.58,14.62,21.61,551.5,2388.24,9064.7,1.3,47.99,520.09,2388.22,8141.0,8.5208,0.03,395,2388,100.0,38.4,23.0722,9
96,328,-0.0001,0.0005,100.0,518.67,643.62,1598.42,1430.42,14.62,21.61,550.82,2388.22,9069.87,1.3,48.03,519.14,2388.28,8136.92,8.5124,0.03,397,2388,100.0,38.38,23.1484,8
96,329,0.0025,0.0002,100.0,518.67,643.43,1599.78,1426.81,14.62,21.61,551.5,2388.26,9068.69,1.3,48.26,519.88,2388.22,8142.85,8.5264,0.03,397,2388,100.0,38.42,23.072,7
96,330,0.0028,-0.0002,100.0,518.67,644.0,1602.21,1432.39,14.62,21.61,551.43,2388.23,9075.54,1.3,48.14,519.99,2388.23,8144.98,8.5336,0.03,395,2388,100.0,38.5,23.0216,6
96,331,-0.001,0.0002,100.0,518.67,643.88,1601.34,1431.16,14.62,21.61,551.52,2388.25,9071.86,1.3,48.02,520.23,2388.27,8143.42,8.5055,0.03,395,2388,100.0,38.27,23.0869,5
96,332,-0.0034,0.0005,100.0,518.67,643.45,1603.59,1432.65,14.62,21.61,551.38,2388.25,9075.89,1.3,48.13,519.47,2388.25,8142.08,8.5109,0.03,395,2388,100.0,38.53,23.0965,4
96,333,0.0015,0.0004,100.0,518.67,644.2,1603.88,1426.93,14.62,21.61,551.45,2388.21,9073.41,1.3,48.08,519.49,2388.2,8140.98,8.5158,0.03,396,2388,100.0,38.3,23.0309,3
96,334,-0.0028,-0.0002,100.0,518.67,643.62,1599.47,1431.08,14.62,21.61,551.14,2388.22,9077.86,1.3,48.22,519.48,2388.27,8145.65,8.5165,0.03,395,2388,100.0,38.63,23.1059,2
96,335,0.0001,0.0005,100.0,518.67,644.13,1595.57,1430.52,14.62,21.61,551.64,2388.24,9075.38,1.3,48.1,519.61,2388.25,8143.74,8.5615,0.03,396,2388,100.0,38.51,23.0118,1
96,336,-0.0031,-0.0005,100.0,518.67,643.74,1599.2,1432.12,14.62,21.61,550.78,2388.28,9075.64,1.3,48.17,519.18,2388.24,8144.03,8.5022,0.03,397,2388,100.0,38.36,23.0258,0
97,1,-0.0038,0.0003,100.0,518.67,642.01,1581.83,1395.4,14.62,21.61,554.31,2388.04,9044.3,1.3,47.21,522.34,2388.05,8130.81,8.4027,0.03,391,2388,100.0,38.94,23.3732,201
97,2,-0.0018,-0.0001,100.0,518.67,641.99,1582.99,1402.05,14.62,21.61,554.67,2388.03,9049.88,1.3,47.2,522.06,2388.08,8131.43,8.4072,0.03,392,2388,100.0,39.14,23.3984,200
97,3,-0.0045,-0.0002,100.0,518.67,641.9,1586.14,1403.8,14.62,21.61,554.1,2388.07,9047.9,1.3,47.35,522.66,2388.1,8129.52,8.418,0.03,392,2388,100.0,38.97,23.4038,199
97,4,0.0022,0.0006,100.0,518.67,642.59,1594.96,1406.16,14.62,21.61,554.06,2388.03,9042.72,1.3,47.31,522.45,2388.06,8131.14,8.4305,0.03,393,2388,100.0,39.02,23.3398,198
97,5,-0.0028,-0.0002,100.0,518.67,641.89,1587.52,1406.07,14.62,21.61,553.72,2388.03,9047.37,1.3,47.38,521.56,2388.0,8130.03,8.4265,0.03,393,2388,100.0,38.92,23.418,197
97,6,-0.0002,-0.0002,100.0,518.67,642.32,1590.17,1401.05,14.62,21.61,553.86,2387.98,9047.21,1.3,47.43,522.39,2388.05,8130.17,8.3876,0.03,392,2388,100.0,39.01,23.3886,196
97,7,-0.0007,-0.0001,100.0,518.67,642.54,1583.02,1398.34,14.62,21.61,553.77,2388.12,9053.04,1.3,47.39,521.82,2388.12,8126.5,8.4383,0.03,392,2388,100.0,38.77,23.3925,195
97,8,0.0003,0.0002,100.0,518.67,642.73,1579.57,1401.22,14.62,21.61,554.02,2388.09,9045.21,1.3,47.41,522.2,2388.08,8132.09,8.4099,0.03,393,2388,100.0,39.03,23.3544,194
97,9,0.0022,-0.0001,100.0,518.67,641.96,1582.75,1398.52,14.62,21.61,554.53,2388.08,9045.33,1.3,47.32,522.35,2388.05,8125.16,8.4161,0.03,393,2388,100.0,38.97,23.2468,193
97,10,-0.0023,-0.0002,100.0,518.67,641.93,1598.1,1403.44,14.62,21.61,553.97,2388.01,9048.87,1.3,47.35,522.16,2388.04,8125.38,8.4523,0.03,392,2388,100.0,38.94,23.3577,192
97,11,0.0005,0.0005,100.0,518.67,641.95,1584.54,1405.54,14.62,21.61,553.65,2388.1,9047.44,1.3,47.38,521.95,2388.04,8128.82,8.3942,0.03,391,2388,100.0,38.99,23.4374,191
97,12,-0.0011,0.0005,100.0,518.67,641.5,1580.53,1401.88,14.62,21.61,553.84,2388.07,9040.75,1.3,47.14,521.87,2387.99,8129.84,8.4069,0.03,392,2388,100.0,38.89,23.4323,190
97,13,0.0009,0.0002,100.0,518.67,642.7,1586.64,1403.52,14.62,21.61,554.05,2388.08,9045.79,1.3,47.22,522.11,2388.11,8127.41,8.4081,0.03,392,2388,100.0,39.04,23.3943,189
97,14,-0.0039,-0.0004,100.0,518.67,642.07,1588.87,1398.31,14.62,21.61,553.41,2388.03,9040.54,1.3,47.48,521.63,2388.06,8129.64,8.4053,0.03,392,2388,100.0,39.02,23.3606,188
97,15,-0.0012,-0.0003,100.0,518.67,642.34,1588.75,1397.36,14.62,21.61,554.5,2388.0,9042.57,1.3,47.27,522.08,2388.11,8135.82,8.407,0.03,392,2388,100.0,38.93,23.3041,187
97,16,0.0021,0.0,100.0,518.67,642.67,1589.57,1404.74,14.62,21.61,553.76,2388.11,9044.35,1.3,47.28,522.21,2388.04,8133.47,8.3861,0.03,394,2388,100.0,39.13,23.2773,186
97,17,0.003,0.0004,100.0,518.67,642.0,1588.51,1403.5,14.62,21.61,554.61,2388.03,9051.77,1.3,47.27,522.19,2388.09,8137.81,8.4161,0.03,393,2388,100.0,38.77,23.3928,185
97,18,0.0012,0.0004,100.0,518.67,641.96,1586.29,1402.01,14.62,21.61,554.29,2388.03,9042.52,1.3,47.47,521.85,2387.99,8126.33,8.4214,0.03,391,2388,100.0,38.95,23.3779,184
97,19,0.0023,-0.0003,100.0,518.67,642.51,1583.71,1402.82,14.62,21.61,554.33,2388.01,9049.23,1.3,47.24,521.94,2387.99,8128.35,8.418,0.03,393,2388,100.0,39.16,23.4388,183
97,20,-0.0041,-0.0003,100.0,518.67,642.15,1586.86,1397.18,14.62,21.61,554.42,2388.02,9048.79,1.3,47.23,521.31,2388.03,8137.16,8.4143,0.03,391,2388,100.0,39.22,23.3733,182
97,21,0.0022,-0.0004,100.0,518.67,642.23,1591.1,1399.15,14.62,21.61,553.79,2388.03,9044.82,1.3,47.32,521.73,2388.04,8126.9,8.438,0.03,392,2388,100.0,38.93,23.4223,181
97,22,-0.0021,0.0002,100.0,518.67,642.24,1584.77,1395.62,14.62,21.61,553.72,2388.04,9054.45,1.3,47.25,521.58,2388.08,8127.75,8.412,0.03,393,2388,100.0,38.85,23.4,180
97,23,0.0005,-0.0004,100.0,518.67,642.21,1585.04,1403.2,14.62,21.61,553.99,2388.07,9047.1,1.3,47.13,521.87,2388.09,8122.81,8.4514,0.03,392,2388,100.0,39.12,23.3667,179
97,24,0.0002,-0.0002,100.0,518.67,642.81,1583.14,1399.74,14.62,21.61,554.44,2388.08,9045.83,1.3,47.32,522.15,2388.03,8130.05,8.4141,0.03,391,2388,100.0,38.95,23.424,178
97,25,0.002,-0.0003,100.0,518.67,642.03,1580.93,1402.24,14.62,21.61,554.3,2388.05,9044.3,1.3,47.25,522.48,2388.11,8124.86,8.4084,0.03,392,2388,100.0,38.79,23.3311,177
97,26,-0.0011,-0.0003,100.0,518.67,642.49,1584.89,1404.0,14.62,21.61,554.02,2388.04,9038.27,1.3,47.2,521.87,2388.05,8133.82,8.4194,0.03,392,2388,100.0,38.96,23.3251,176
97,27,-0.002,0.0004,100.0,518.67,642.15,1580.98,1399.17,14.62,21.61,554.33,2388.03,9049.64,1.3,47.22,522.31,2388.0,8130.49,8.3952,0.03,393,2388,100.0,38.98,23.5181,175
97,28,0.0026,0.0003,100.0,518.67,641.94,1583.61,1406.67,14.62,21.61,554.32,2388.02,9041.86,1.3,47.25,522.17,2388.02,8128.05,8.3974,0.03,392,2388,100.0,38.96,23.3177,174
97,29,0.0015,0.0001,100.0,518.67,642.19,1589.25,1397.31,14.62,21.61,555.2,2388.09,9042.58,1.3,47.42,522.29,2388.09,8130.18,8.4158,0.03,392,2388,100.0,39.18,23.4996,173
97,30,-0.0015,-0.0,100.0,518.67,642.38,1584.91,1407.18,14.62,21.61,555.03,2388.01,9050.18,1.3,47.29,521.99,2388.04,8127.14,8.3824,0.03,392,2388,100.0,39.0,23.4894,172
97,31,-0.0035,-0.0001,100.0,518.67,642.41,1587.34,1405.34,14.62,21.61,554.09,2388.11,9049.52,1.3,47.09,522.08,2388.09,8123.35,8.4016,0.03,391,2388,100.0,38.77,23.315,171
97,32,0.0015,0.0005,100.0,518.67,642.25,1593.23,1406.82,14.62,21.61,554.28,2388.04,9050.09,1.3,47.35,521.56,2388.07,8130.84,8.4012,0.03,392,2388,100.0,38.94,23.4219,170
97,33,-0.0005,0.0005,100.0,518.67,642.01,1585.29,1397.19,14.62,21.61,554.53,2388.07,9044.49,1.3,47.35,521.75,2388.13,8132.36,8.4226,0.03,392,2388,100.0,38.88,23.3013,169
97,34,-0.0036,0.0002,100.0,518.67,642.0,1584.95,1400.29,14.62,21.61,553.79,2388.03,9048.93,1.3,47.22,521.83,2388.06,8129.39,8.3981,0.03,391,2388,100.0,39.09,23.4554,168
97,35,0.0007,0.0004,100.0,518.67,642.42,1582.36,1405.29,14.62,21.61,554.54,2387.99,9043.95,1.3,47.47,521.58,2388.03,8129.52,8.4067,0.03,393,2388,100.0,38.99,23.32,167
97,36,0.002,-0.0,100.0,518.67,642.29,1588.49,1408.13,14.62,21.61,554.22,2388.01,9052.21,1.3,47.34,522.07,2388.08,8135.13,8.4167,0.03,391,2388,100.0,39.05,23.378,166
97,37,-0.0007,0.0003,100.0,518.67,641.94,1588.34,1404.86,14.62,21.61,554.47,2388.02,9057.06,1.3,47.29,521.82,2388.06,8135.17,8.4392,0.03,392,2388,100.0,38.8,23.3781,165
97,38,-0.0,-0.0004,100.0,518.67,642.82,1585.17,1408.19,14.62,21.61,554.34,2388.07,9053.34,1.3,47.42,521.44,2388.03,8127.9,8.3936,0.03,390,2388,100.0,38.9,23.3656,164
97,39,-0.0048,-0.0001,100.0,518.67,641.8,1582.74,1399.69,14.62,21.61,554.38,2388.07,9045.76,1.3,47.34,522.43,2388.07,8129.21,8.4017,0.03,392,2388,100.0,38.98,23.4573,163
97,40,0.0007,0.0005,100.0,518.67,642.75,1584.8,1396.84,14.62,21.61,554.32,2388.09,9048.98,1.3,47.32,521.91,2388.11,8130.32,8.4295,0.03,393,2388,100.0,38.95,23.3379,162
97,41,-0.0028,-0.0002,100.0,518.67,642.61,1590.25,1406.45,14.62,21.61,553.76,2388.07,9051.37,1.3,47.14,522.01,2388.03,8134.97,8.3899,0.03,392,2388,100.0,39.0,23.4015,161
97,42,0.0017,-0.0002,100.0,518.67,642.09,1593.45,1404.81,14.62,21.61,554.17,2388.08,9047.65,1.3,47.32,522.13,2388.09,8130.09,8.3834,0.03,394,2388,100.0,39.05,23.2371,160
97,43,-0.001,0.0,100.0,518.67,642.9,1587.97,1403.69,14.62,21.6,553.98,2388.07,9054.43,1.3,47.34,522.02,2388.11,8125.06,8.3997,0.03,391,2388,100.0,39.1,23.3835,159
97,44,-0.0016,-0.0004,100.0,518.67,642.45,1579.14,1409.76,14.62,21.61,554.05,2388.06,9056.49,1.3,47.34,522.04,2388.04,8131.43,8.4136,0.03,391,2388,100.0,38.94,23.4058,158
97,45,-0.0025,-0.0002,100.0,518.67,642.21,1585.89,1399.21,14.62,21.61,553.6,2388.05,9045.62,1.3,47.27,522.52,2388.09,8124.8,8.4303,0.03,391,2388,100.0,39.0,23.3748,157
97,46,-0.0054,-0.0003,100.0,518.67,642.15,1583.8,1398.53,14.62,21.61,554.39,2388.06,9052.19,1.3,47.38,521.89,2388.11,8132.04,8.4111,0.03,391,2388,100.0,39.06,23.3967,156
97,47,-0.0032,0.0002,100.0,518.67,642.07,1591.58,1399.73,14.62,21.61,554.14,2388.04,9046.83,1.3,47.18,522.14,2388.01,8138.88,8.404,0.03,391,2388,100.0,38.9,23.4626,155
97,48,-0.0005,0.0004,100.0,518.67,642.23,1581.88,1397.82,14.62,21.61,553.84,2388.04,9051.03,1.3,47.49,521.92,2388.04,8132.54,8.4291,0.03,391,2388,100.0,39.08,23.4227,154
97,49,0.0007,-0.0001,100.0,518.67,642.29,1581.82,1403.62,14.62,21.61,553.84,2388.05,9041.73,1.3,47.19,522.0,2388.09,8130.98,8.4077,0.03,391,2388,100.0,38.92,23.486,153
97,50,0.0009,-0.0003,100.0,518.67,642.51,1588.78,1400.66,14.62,21.61,553.34,2388.08,9046.53,1.3,47.18,522.48,2388.09,8134.94,8.4472,0.03,391,2388,100.0,39.03,23.3477,152
97,51,-0.0033,0.0001,100.0,518.67,642.53,1585.08,1399.72,14.62,21.61,554.24,2388.09,9044.05,1.3,47.34,522.23,2388.04,8132.62,8.4341,0.03,392,2388,100.0,39.05,23.3803,151
97,52,-0.0001,0.0002,100.0,518.67,641.9,1587.38,1403.16,14.62,21.61,554.44,2388.03,9049.29,1.3,47.29,522.29,2388.03,8136.87,8.3891,0.03,392,2388,100.0,39.06,23.3708,150
97,53,0.0008,-0.0002,100.0,518.67,642.28,1583.19,1394.92,14.62,21.61,553.99,2388.01,9049.33,1.3,47.46,521.72,2388.06,8135.19,8.3721,0.03,393,2388,100.0,38.81,23.3661,149
97,54,0.0002,-0.0,100.0,518.67,642.42,1589.91,1399.54,14.62,21.61,553.61,2388.02,9044.85,1.3,47.3,521.69,2388.05,8125.94,8.4142,0.03,392,2388,100.0,38.99,23.4068,148
97,55,-0.0018,-0.0001,100.0,518.67,642.36,1583.0,1397.37,14.62,21.61,553.81,2388.01,9046.5,1.3,47.58,522.29,2388.04,8130.81,8.3872,0.03,393,2388,100.0,38.94,23.3061,147
97,56,0.0,0.0002,100.0,518.67,643.09,1582.79,1399.37,14.62,21.61,553.47,2388.07,9045.44,1.3,47.41,521.78,2388.09,8132.97,8.4313,0.03,392,2388,100.0,38.93,23.347,146
97,57,-0.0009,0.0001,100.0,518.67,642.39,1587.59,1400.69,14.62,21.61,554.19,2388.04,9054.99,1.3,47.06,521.91,2388.05,8134.27,8.4364,0.03,393,2388,100.0,39.17,23.371,145
97,58,-0.0005,0.0004,100.0,518.67,642.33,1587.49,1388.06,14.62,21.61,554.88,2387.99,9049.11,1.3,47.18,522.09,2388.1,8125.76,8.4268,0.03,392,2388,100.0,38.97,23.411,144
97,59,-0.0028,0.0004,100.0,518.67,642.41,1590.0,1399.24,14.62,21.61,554.29,2388.1,9048.84,1.3,47.44,521.97,2388.08,8128.3,8.4099,0.03,391,2388,100.0,38.91,23.3623,143
97,60,0.003,0.0005,100.0,518.67,642.02,1584.5,1395.96,14.62,21.61,554.46,2388.02,9048.43,1.3,47.42,522.28,2388.09,8131.11,8.416,0.03,392,2388,100.0,39.0,23.3572,142
97,61,0.001,0.0003,100.0,518.67,642.29,1584.35,1399.47,14.62,21.61,553.98,2388.07,9056.87,1.3,47.36,522.22,2388.04,8134.13,8.3933,0.03,391,2388,100.0,39.04,23.3751,141
97,62,-0.0003,0.0,100.0,518.67,642.36,1580.77,1405.27,14.62,21.61,554.48,2388.06,9050.25,1.3,47.48,522.28,2388.04,8132.78,8.4185,0.03,393,2388,100.0,38.91,23.389,140
97,63,0.0022,-0.0002,100.0,518.67,642.13,1582.1,1403.19,14.62,21.61,554.48,2388.01,9050.28,1.3,47.32,521.77,2388.06,8138.39,8.3869,0.03,391,2388,100.0,38.88,23.4148,139
97,64,0.0023,0.0005,100.0,518.67,642.79,1589.27,1407.02,14.62,21.61,553.76,2388.03,9055.89,1.3,47.55,521.74,2388.08,8130.93,8.3974,0.03,393,2388,100.0,39.14,23.4789,138
97,65,0.001,0.0003,100.0,518.67,642.33,1589.93,1401.49,14.62,21.61,553.76,2388.06,9052.97,1.3,47.25,522.25,2388.06,8130.7,8.3973,0.03,391,2388,100.0,39.11,23.3553,137
97,66,0.0006,-0.0002,100.0,518.67,642.36,1586.09,1398.94,14.62,21.61,554.81,2387.98,9055.43,1.3,47.28,521.94,2388.05,8134.6,8.3912,0.03,391,2388,100.0,38.96,23.3096,136
97,67,-0.0012,0.0002,100.0,518.67,641.84,1587.48,1399.75,14.62,21.61,554.09,2388.07,9045.36,1.3,47.3,522.27,2388.06,8135.61,8.4088,0.03,392,2388,100.0,39.02,23.3317,135
97,68,-0.0001,-0.0003,100.0,518.67,642.8,1586.3,1410.08,14.62,21.61,554.53,2388.02,9051.89,1.3,47.26,521.63,2388.09,8132.53,8.4296,0.03,392,2388,100.0,38.88,23.322,134
97,69,0.0001,-0.0001,100.0,518.67,642.08,1588.54,1403.75,14.62,21.61,553.73,2388.09,9046.68,1.3,47.37,521.56,2388.08,8133.05,8.4384,0.03,392,2388,100.0,38.92,23.4121,133
97,70,0.0043,0.0004,100.0,518.67,642.82,1592.36,1405.12,14.62,21.61,554.22,2388.02,9047.99,1.3,47.31,521.51,2388.1,8133.67,8.3962,0.03,393,2388,100.0,38.65,23.3209,132
97,71,0.0007,0.0002,100.0,518.67,642.54,1581.77,1399.57,14.62,21.61,553.52,2388.1,9051.84,1.3,47.18,522.05,2388.06,8138.31,8.4194,0.03,391,2388,100.0,39.13,23.3154,131
97,72,-0.0041,0.0003,100.0,518.67,642.54,1583.8,1398.84,14.62,21.61,553.82,2388.07,9046.93,1.3,47.31,522.15,2388.06,8134.35,8.4215,0.03,392,2388,100.0,38.92,23.3605,130
97,73,0.0011,-0.0001,100.0,518.67,642.63,1589.65,1396.99,14.62,21.61,553.8,2388.06,9057.04,1.3,47.16,521.75,2388.05,8135.52,8.4474,0.03,391,2388,100.0,39.01,23.2935,129
97,74,0.0015,0.0001,100.0,518.67,642.72,1585.51,1405.09,14.62,21.61,553.49,2388.05,9047.51,1.3,47.25,521.79,2388.05,8133.17,8.4083,0.03,393,2388,100.0,39.0,23.4709,128
97,75,-0.0,0.0003,100.0,518.67,641.75,1583.07,1394.1,14.62,21.61,554.18,2388.02,9053.6,1.3,47.36,521.71,2388.05,8136.41,8.4248,0.03,392,2388,100.0,39.04,23.4469,127
97,76,-0.0015,0.0003,100.0,518.67,642.55,1594.18,1397.69,14.62,21.61,553.79,2388.07,9051.56,1.3,47.3,521.64,2388.05,8135.86,8.3807,0.03,391,2388,100.0,38.88,23.3753,126
97,77,0.0014,0.0003,100.0,518.67,641.99,1589.68,1397.96,14.62,21.61,553.72,2388.08,9055.44,1.3,47.33,521.85,2388.05,8136.2,8.3881,0.03,391,2388,100.0,39.13,23.4601,125
97,78,0.002,0.0002,100.0,518.67,642.71,1586.59,1395.52,14.62,21.61,553.78,2388.12,9049.21,1.3,47.39,521.78,2388.04,8140.49,8.4215,0.03,391,2388,100.0,38.99,23.3327,124
97,79,-0.0006,0.0004,100.0,518.67,642.69,1585.42,1403.55,14.62,21.61,554.21,2388.11,9050.39,1.3,47.41,521.61,2388.07,8130.53,8.3962,0.03,391,2388,100.0,38.93,23.3538,123
97,80,0.0013,0.0005,100.0,518.67,642.14,1593.81,1403.63,14.62,21.61,553.95,2388.11,9057.98,1.3,47.35,522.42,2388.08,8133.7,8.4392,0.03,393,2388,100.0,39.0,23.4231,122
97,81,-0.0022,0.0001,100.0,518.67,642.03,1582.72,1406.88,14.62,21.61,554.47,2388.1,9051.08,1.3,47.34,521.7,2388.09,8137.23,8.4118,0.03,394,2388,100.0,39.0,23.358,121
97,82,-0.0,-0.0003,100.0,518.67,642.17,1587.36,1405.01,14.62,21.61,553.62,2388.04,9051.34,1.3,47.31,521.9,2388.04,8136.02,8.3993,0.03,392,2388,100.0,38.86,23.3195,120
97,83,0.0004,0.0005,100.0,518.67,641.8,1586.4,1401.99,14.62,21.61,554.63,2388.07,9049.75,1.3,47.34,521.68,2388.02,8139.25,8.3983,0.03,392,2388,100.0,38.88,23.4053,119
97,84,-0.003,-0.0,100.0,518.67,642.32,1588.41,1398.78,14.62,21.61,553.48,2387.98,9047.51,1.3,47.46,521.83,2388.1,8132.8,8.4156,0.03,392,2388,100.0,39.0,23.3418,118
97,85,-0.0016,0.0002,100.0,518.67,641.72,1585.21,1404.34,14.62,21.61,554.28,2388.08,9054.65,1.3,47.47,522.26,2388.03,8136.62,8.4191,0.03,392,2388,100.0,38.95,23.3684,117
97,86,0.0034,0.0004,100.0,518.67,642.88,1588.18,1409.81,14.62,21.61,553.52,2388.11,9063.68,1.3,47.35,521.69,2388.03,8136.09,8.4322,0.03,392,2388,100.0,38.78,23.4272,116
97,87,0.0011,0.0002,100.0,518.67,642.0,1583.72,1404.24,14.62,21.61,553.92,2388.03,9049.81,1.3,47.18,522.21,2388.0,8137.73,8.3785,0.03,391,2388,100.0,38.95,23.4476,115
97,88,0.0006,-0.0004,100.0,518.67,642.12,1594.19,1400.61,14.62,21.61,554.01,2388.1,9054.78,1.3,47.3,522.84,2388.05,8132.2,8.4289,0.03,390,2388,100.0,38.95,23.3203,114
97,89,0.0034,-0.0001,100.0,518.67,642.61,1587.81,1402.91,14.62,21.6,553.28,2388.06,9047.27,1.3,47.1,522.24,2387.98,8133.95,8.4098,0.03,393,2388,100.0,38.99,23.4547,113
97,90,-0.0019,0.0,100.0,518.67,642.13,1584.2,1404.87,14.62,21.61,554.34,2388.09,9054.53,1.3,47.3,521.8,2388.07,8136.47,8.4064,0.03,393,2388,100.0,38.84,23.3341,112
97,91,0.0011,0.0005,100.0,518.67,642.28,1585.09,1408.85,14.62,21.61,554.3,2388.04,9044.66,1.3,47.48,522.06,2388.08,8131.78,8.4211,0.03,393,2388,100.0,38.85,23.3086,111
97,92,0.002,-0.0001,100.0,518.67,642.38,1585.62,1394.79,14.62,21.61,554.16,2388.04,9057.93,1.3,47.16,522.25,2388.06,8138.23,8.4269,0.03,393,2388,100.0,38.91,23.2869,110
97,93,0.0006,-0.0004,100.0,518.67,642.22,1591.29,1402.35,14.62,21.61,554.48,2388.03,9057.8,1.3,47.47,521.7,2388.03,8134.03,8.3951,0.03,392,2388,100.0,39.01,23.4255,109
97,94,0.0004,0.0005,100.0,518.67,641.7,1586.5,1403.53,14.62,21.61,554.04,2388.06,9055.3,1.3,47.69,522.02,2388.06,8136.27,8.4126,0.03,393,2388,100.0,38.86,23.3617,108
97,95,-0.0013,0.0004,100.0,518.67,642.7,1581.04,1399.25,14.62,21.61,554.54,2388.09,9046.3,1.3,47.45,521.1,2388.01,8134.96,8.3851,0.03,392,2388,100.0,39.06,23.3327,107
97,96,-0.0009,0.0003,100.0,518.67,642.54,1585.88,1403.22,14.62,21.61,553.66,2388.04,9054.08,1.3,47.32,521.93,2388.04,8134.95,8.4238,0.03,393,2388,100.0,38.88,23.3649,106
97,97,0.0038,0.0003,100.0,518.67,642.24,1586.75,1402.21,14.62,21.61,553.7,2388.08,9055.0,1.3,47.27,522.12,2388.07,8134.76,8.4386,0.03,392,2388,100.0,39.02,23.2875,105
97,98,0.0021,-0.0003,100.0,518.67,642.24,1586.13,1405.32,14.62,21.61,553.83,2388.06,9052.47,1.3,47.44,521.7,2388.04,8138.88,8.4352,0.03,391,2388,100.0,38.81,23.3165,104
97,99,-0.0013,0.0004,100.0,518.67,642.04,1574.3,1401.13,14.62,21.61,554.32,2388.0,9058.68,1.3,47.32,521.94,2388.08,8140.64,8.3914,0.03,393,2388,100.0,39.12,23.4611,103
97,100,0.0011,0.0003,100.0,518.67,642.19,1590.0,1405.37,14.62,21.61,553.79,2388.11,9058.91,1.3,47.15,522.11,2388.05,8137.96,8.4063,0.03,393,2388,100.0,38.97,23.3153,102
97,101,-0.0004,0.0002,100.0,518.67,642.71,1585.48,1401.39,14.62,21.61,554.69,2388.04,9058.32,1.3,47.43,521.99,2388.06,8135.31,8.4303,0.03,393,2388,100.0,38.96,23.3541,101
97,102,0.0028,0.0003,100.0,518.67,642.02,1586.86,1406.44,14.62,21.61,553.57,2388.08,9054.96,1.3,47.43,521.92,2388.0,8136.56,8.4017,0.03,392,2388,100.0,38.76,23.3354,100
97,103,0.0007,-0.0002,100.0,518.67,641.93,1591.69,1404.09,14.62,21.61,553.74,2388.1,9048.79,1.3,47.39,521.88,2388.08,8138.92,8.3981,0.03,393,2388,100.0,38.85,23.3627,99
97,104,0.0034,0.0,100.0,518.67,642.7,1581.9,1403.14,14.62,21.61,554.26,2388.1,9059.95,1.3,47.46,522.16,2388.06,8141.2,8.4292,0.03,393,2388,100.0,38.92,23.3675,98
97,105,0.0015,-0.0002,100.0,518.67,642.44,1591.96,1406.25,14.62,21.61,553.8,2388.07,9058.14,1.3,47.38,522.32,2388.11,8138.74,8.4197,0.03,392,2388,100.0,38.91,23.376,97
97,106,-0.0012,-0.0004,100.0,518.67,641.91,1586.61,1397.57,14.62,21.61,554.03,2388.06,9056.6,1.3,47.51,521.44,2388.04,8143.01,8.4164,0.03,393,2388,100.0,38.96,23.39,96
97,107,0.0021,0.0003,100.0,518.67,642.39,1587.12,1405.15,14.62,21.61,554.02,2388.02,9063.82,1.3,47.19,521.84,2388.03,8143.98,8.4061,0.03,393,2388,100.0,38.95,23.4635,95
97,108,-0.0006,-0.0002,100.0,518.67,642.28,1589.41,1410.42,14.62,21.61,553.71,2388.08,9052.67,1.3,47.54,522.62,2388.08,8139.08,8.4366,0.03,393,2388,100.0,38.76,23.2805,94
97,109,0.0012,-0.0003,100.0,518.67,642.21,1584.99,1401.27,14.62,21.61,553.68,2388.03,9058.68,1.3,47.42,522.2,2388.0,8144.9,8.403,0.03,391,2388,100.0,39.02,23.324,93
97,110,-0.0001,0.0001,100.0,518.67,642.61,1590.5,1404.53,14.62,21.61,554.15,2388.04,9066.21,1.3,47.43,522.33,2388.05,8142.39,8.4179,0.03,391,2388,100.0,38.97,23.3539,92
97,111,-0.0,0.0002,100.0,518.67,641.84,1597.77,1406.92,14.62,21.61,553.26,2388.06,9066.27,1.3,47.24,521.57,2388.0,8142.74,8.3646,0.03,390,2388,100.0,38.96,23.3389,91
97,112,0.001,-0.0004,100.0,518.67,642.35,1583.96,1400.14,14.62,21.61,554.05,2388.06,9057.3,1.3,47.31,521.45,2388.05,8138.89,8.4129,0.03,391,2388,100.0,38.92,23.3114,90
97,113,-0.0006,0.0004,100.0,518.67,642.54,1588.47,1406.98,14.62,21.61,553.62,2388.08,9061.4,1.3,47.44,521.99,2388.01,8142.16,8.4423,0.03,393,2388,100.0,38.9,23.4075,89
97,114,0.0018,0.0005,100.0,518.67,642.44,1585.02,1404.26,14.62,21.61,553.54,2388.03,9066.51,1.3,47.45,522.03,2388.09,8142.02,8.4047,0.03,393,2388,100.0,38.86,23.4109,88
97,115,-0.0025,-0.0001,100.0,518.67,642.87,1583.48,1399.96,14.62,21.61,554.22,2388.07,9060.21,1.3,47.15,522.5,2388.11,8147.7,8.3855,0.03,392,2388,100.0,38.84,23.3053,87
97,116,-0.0003,0.0,100.0,518.67,642.73,1592.5,1410.1,14.62,21.61,554.34,2388.05,9060.1,1.3,47.28,522.05,2387.96,8142.81,8.408,0.03,393,2388,100.0,38.83,23.3556,86
97,117,-0.0025,-0.0003,100.0,518.67,642.38,1586.87,1403.23,14.62,21.61,553.96,2388.06,9058.06,1.3,47.4,521.93,2388.06,8148.14,8.4019,0.03,392,2388,100.0,39.01,23.2551,85
97,118,0.0018,-0.0001,100.0,518.67,642.25,1596.87,1406.9,14.62,21.61,553.8,2388.08,9070.41,1.3,47.28,521.46,2388.02,8149.23,8.4305,0.03,392,2388,100.0,38.63,23.3734,84
97,119,0.001,0.0001,100.0,518.67,642.34,1582.77,1408.95,14.62,21.61,554.58,2388.03,9059.98,1.3,47.52,521.82,2388.07,8145.24,8.4444,0.03,392,2388,100.0,38.95,23.3934,83
97,120,0.0011,-0.0003,100.0,518.67,642.37,1588.57,1399.66,14.62,21.61,553.4,2388.03,9072.8,1.3,47.37,521.69,2388.1,8143.04,8.4255,0.03,392,2388,100.0,39.01,23.3424,82
97,121,0.0039,-0.0002,100.0,518.67,642.41,1585.87,1402.02,14.62,21.61,554.26,2388.09,9068.59,1.3,47.29,521.79,2388.05,8142.66,8.4234,0.03,392,2388,100.0,38.96,23.3153,81
97,122,0.001,0.0001,100.0,518.67,642.32,1584.35,1411.14,14.62,21.61,554.26,2388.01,9067.16,1.3,47.41,522.02,2388.0,8145.48,8.4052,0.03,393,2388,100.0,38.81,23.3141,80
97,123,-0.0018,-0.0002,100.0,518.67,642.31,1589.61,1404.06,14.62,21.61,552.88,2388.1,9064.39,1.3,47.42,522.1,2388.06,8148.59,8.4322,0.03,394,2388,100.0,38.89,23.3834,79
97,124,0.0027,0.0001,100.0,518.67,642.13,1591.88,1408.59,14.62,21.61,554.54,2388.0,9066.57,1.3,47.19,521.74,2388.04,8144.46,8.3948,0.03,392,2388,100.0,38.81,23.3129,78
97,125,0.003,-0.0003,100.0,518.67,641.97,1593.24,1399.56,14.62,21.61,553.57,2388.02,9059.38,1.3,47.34,521.6,2388.04,8148.09,8.4256,0.03,392,2388,100.0,38.74,23.337,77
97,126,-0.0041,-0.0003,100.0,518.67,642.23,1583.87,1408.98,14.62,21.61,553.55,2388.03,9067.91,1.3,47.49,521.4,2388.04,8143.7,8.3766,0.03,393,2388,100.0,38.91,23.3942,76
97,127,0.0016,-0.0001,100.0,518.67,642.34,1587.38,1407.0,14.62,21.61,554.09,2387.99,9067.13,1.3,47.45,521.28,2388.07,8143.81,8.4363,0.03,393,2388,100.0,38.98,23.3601,75
97,128,-0.0008,-0.0002,100.0,518.67,642.77,1592.39,1407.05,14.62,21.61,553.64,2388.07,9066.12,1.3,47.5,521.06,2388.04,8149.03,8.3941,0.03,394,2388,100.0,39.1,23.3364,74
97,129,-0.0019,0.0003,100.0,518.67,642.43,1589.98,1396.83,14.62,21.61,553.6,2388.05,9068.05,1.3,47.38,521.89,2388.07,8144.86,8.4128,0.03,393,2388,100.0,39.1,23.3002,73
97,130,-0.0041,-0.0002,100.0,518.67,642.53,1591.38,1409.07,14.62,21.61,554.1,2388.09,9074.11,1.3,47.46,521.82,2388.09,8148.43,8.4327,0.03,393,2388,100.0,38.83,23.3932,72
97,131,-0.0002,-0.0001,100.0,518.67,642.49,1586.56,1399.82,14.62,21.61,554.35,2388.07,9067.4,1.3,47.37,521.75,2388.06,8149.79,8.4171,0.03,391,2388,100.0,38.83,23.3915,71
97,132,-0.0001,0.0005,100.0,518.67,642.2,1590.2,1399.28,14.62,21.61,553.45,2387.99,9066.27,1.3,47.4,521.7,2388.03,8154.16,8.4312,0.03,393,2388,100.0,38.96,23.2969,70
97,133,-0.0053,0.0,100.0,518.67,642.64,1592.58,1406.97,14.62,21.61,554.43,2388.04,9075.21,1.3,47.4,521.86,2388.06,8153.51,8.4148,0.03,394,2388,100.0,38.96,23.3992,69
97,134,0.0011,0.0001,100.0,518.67,642.3,1590.57,1398.86,14.62,21.61,554.65,2388.04,9070.82,1.3,47.28,521.84,2388.07,8144.17,8.4483,0.03,391,2388,100.0,39.0,23.2589,68
97,135,0.0005,0.0003,100.0,518.67,642.39,1591.8,1410.76,14.62,21.61,554.08,2388.02,9071.98,1.3,47.5,521.31,2388.04,8151.02,8.4,0.03,392,2388,100.0,38.79,23.3075,67
97,136,0.005,-0.0003,100.0,518.67,642.5,1593.8,1403.15,14.62,21.61,553.99,2387.97,9075.38,1.3,47.43,521.68,2388.04,8151.4,8.4257,0.03,393,2388,100.0,38.87,23.2712,66
97,137,-0.0001,-0.0003,100.0,518.67,642.7,1595.48,1402.07,14.62,21.61,553.83,2388.04,9069.96,1.3,47.31,521.22,2388.05,8152.08,8.4091,0.03,393,2388,100.0,38.82,23.3199,65
97,138,0.0008,-0.0003,100.0,518.67,642.67,1597.5,1395.95,14.62,21.61,553.73,2388.06,9077.23,1.3,47.57,521.43,2388.0,8150.96,8.4277,0.03,392,2388,100.0,39.05,23.3614,64
97,139,0.0027,0.0005,100.0,518.67,642.61,1581.16,1409.94,14.62,21.61,553.5,2388.05,9070.39,1.3,47.36,521.89,2388.06,8155.76,8.4242,0.03,393,2388,100.0,38.89,23.3694,63
97,140,-0.0047,0.0001,100.0,518.67,643.06,1588.75,1406.59,14.62,21.61,554.05,2388.02,9082.18,1.3,47.41,521.67,2388.09,8158.4,8.4464,0.03,391,2388,100.0,38.97,23.3372,62
97,141,0.0001,0.0003,100.0,518.67,642.76,1589.77,1407.95,14.62,21.61,553.2,2387.99,9077.6,1.3,47.42,522.2,2388.11,8149.82,8.4371,0.03,393,2388,100.0,39.21,23.3666,61
97,142,-0.0012,-0.0001,100.0,518.67,642.58,1583.62,1401.27,14.62,21.61,553.85,2388.01,9083.57,1.3,47.37,522.08,2388.04,8155.2,8.4184,0.03,393,2388,100.0,39.15,23.2565,60
97,143,-0.0002,-0.0004,100.0,518.67,642.45,1588.4,1404.27,14.62,21.61,553.92,2388.05,9076.34,1.3,47.67,521.81,2388.05,8152.43,8.4423,0.03,393,2388,100.0,39.0,23.2505,59
97,144,-0.0024,0.0002,100.0,518.67,642.21,1579.62,1406.0,14.62,21.61,553.59,2388.06,9088.08,1.3,47.53,521.91,2388.07,8161.36,8.4363,0.03,393,2388,100.0,38.85,23.3785,58
97,145,0.0024,0.0006,100.0,518.67,642.56,1589.04,1403.34,14.62,21.61,553.33,2388.06,9081.5,1.3,47.49,521.11,2388.09,8157.72,8.4467,0.03,393,2388,100.0,38.78,23.3485,57
97,146,0.0029,0.0005,100.0,518.67,643.16,1589.14,1412.2,14.62,21.61,553.63,2388.05,9087.56,1.3,47.46,521.79,2388.04,8161.99,8.4143,0.03,394,2388,100.0,38.97,23.3617,56
97,147,-0.0019,-0.0004,100.0,518.67,643.25,1601.61,1408.87,14.62,21.61,554.25,2388.01,9079.34,1.3,47.33,521.71,2388.0,8158.2,8.4192,0.03,393,2388,100.0,38.8,23.3153,55
97,148,0.0001,-0.0002,100.0,518.67,642.97,1590.12,1402.66,14.62,21.61,552.33,2388.07,9087.41,1.3,47.36,521.47,2388.09,8160.21,8.4347,0.03,394,2388,100.0,38.82,23.3077,54
97,149,-0.0017,0.0003,100.0,518.67,643.11,1594.9,1407.39,14.62,21.61,553.84,2388.01,9084.06,1.3,47.34,521.39,2388.04,8160.59,8.4413,0.03,394,2388,100.0,38.92,23.3856,53
97,150,0.0008,-0.0003,100.0,518.67,642.4,1589.15,1405.32,14.62,21.61,553.52,2388.08,9082.85,1.3,47.4,521.54,2388.04,8163.27,8.4189,0.03,393,2388,100.0,38.73,23.3138,52
97,151,0.0006,-0.0004,100.0,518.67,642.28,1590.25,1402.93,14.62,21.61,554.11,2388.09,9091.25,1.3,47.5,521.58,2388.02,8168.51,8.4507,0.03,394,2388,100.0,38.78,23.3427,51
97,152,0.0019,-0.0001,100.0,518.67,642.88,1586.87,1405.1,14.62,21.61,553.87,2388.01,9082.11,1.3,47.45,521.7,2388.01,8162.31,8.451,0.03,393,2388,100.0,38.69,23.3105,50
97,153,0.002,0.0003,100.0,518.67,642.29,1598.69,1405.53,14.62,21.61,553.69,2388.08,9091.33,1.3,47.42,522.41,2388.01,8170.11,8.4163,0.03,393,2388,100.0,38.69,23.3315,49
97,154,-0.0035,0.0004,100.0,518.67,642.22,1594.3,1407.36,14.62,21.61,552.53,2388.04,9095.88,1.3,47.62,521.89,2388.05,8161.56,8.4363,0.03,393,2388,100.0,38.73,23.2671,48
97,155,-0.001,0.0004,100.0,518.67,642.21,1591.51,1404.23,14.62,21.61,553.46,2388.02,9091.9,1.3,47.4,521.45,2388.07,8167.97,8.4647,0.03,393,2388,100.0,38.79,23.2749,47
97,156,0.0015,0.0003,100.0,518.67,642.73,1582.09,1411.85,14.62,21.61,553.52,2388.07,9089.94,1.3,47.38,522.33,2388.07,8167.48,8.4717,0.03,392,2388,100.0,38.85,23.3267,46
97,157,-0.0036,0.0005,100.0,518.67,642.26,1587.91,1407.48,14.62,21.61,553.6,2388.09,9097.29,1.3,47.56,521.42,2388.1,8168.7,8.4454,0.03,392,2388,100.0,38.85,23.2509,45
97,158,0.0002,0.0001,100.0,518.67,642.31,1589.18,1407.83,14.62,21.61,552.95,2388.05,9095.63,1.3,47.57,520.9,2388.07,8164.48,8.4529,0.03,393,2388,100.0,38.95,23.186,44
97,159,-0.0016,-0.0,100.0,518.67,642.91,1587.64,1412.29,14.62,21.61,553.55,2387.99,9095.4,1.3,47.33,521.8,2388.06,8178.21,8.4701,0.03,393,2388,100.0,38.7,23.3503,43
97,160,-0.0016,0.0003,100.0,518.67,643.05,1599.21,1404.12,14.62,21.61,552.98,2388.01,9099.41,1.3,47.6,521.33,2388.09,8181.41,8.5181,0.03,393,2388,100.0,38.76,23.2069,42
97,161,0.0042,0.0004,100.0,518.67,643.2,1592.12,1410.13,14.62,21.61,552.87,2388.05,9099.49,1.3,47.57,521.72,2388.03,8175.65,8.4452,0.03,392,2388,100.0,38.97,23.3667,41
97,162,0.0015,0.0002,100.0,518.67,642.89,1588.04,1412.89,14.62,21.61,553.38,2388.12,9104.22,1.3,47.5,520.99,2388.0,8173.21,8.4398,0.03,393,2388,100.0,38.77,23.2728,40
97,163,0.002,0.0005,100.0,518.67,642.97,1593.13,1407.04,14.62,21.61,553.12,2388.05,9097.66,1.3,47.37,520.81,2388.0,8175.32,8.4652,0.03,394,2388,100.0,38.65,23.2613,39
97,164,0.002,-0.0003,100.0,518.67,642.94,1596.24,1406.49,14.62,21.61,553.16,2388.09,9106.17,1.3,47.52,521.38,2388.05,8182.81,8.465,0.03,394,2388,100.0,38.84,23.266,38
97,165,-0.0027,-0.0004,100.0,518.67,642.95,1591.79,1407.37,14.62,21.61,553.1,2388.09,9107.6,1.3,47.58,521.43,2388.02,8182.14,8.444,0.03,392,2388,100.0,38.82,23.3257,37
97,166,0.0001,0.0004,100.0,518.67,642.68,1592.24,1406.03,14.62,21.61,553.48,2388.05,9105.42,1.3,47.48,521.81,2388.07,8175.76,8.4545,0.03,394,2388,100.0,38.77,23.2744,36
97,167,0.0006,-0.0002,100.0,518.67,642.27,1587.48,1406.84,14.62,21.61,553.5,2388.08,9101.66,1.3,47.58,521.53,2388.05,8179.84,8.446,0.03,393,2388,100.0,38.75,23.2199,35
97,168,0.0005,-0.0002,100.0,518.67,642.8,1593.34,1412.53,14.62,21.61,553.08,2388.04,9107.16,1.3,47.61,521.51,2388.08,8182.79,8.4557,0.03,393,2388,100.0,38.66,23.3045,34
97,169,-0.0011,0.0005,100.0,518.67,642.95,1595.77,1401.8,14.62,21.61,553.75,2388.06,9118.78,1.3,47.62,521.73,2388.01,8182.86,8.4399,0.03,394,2388,100.0,38.94,23.2459,33
97,170,-0.0034,0.0001,100.0,518.67,642.49,1587.41,1411.55,14.62,21.61,553.22,2388.05,9119.45,1.3,47.56,521.41,2388.07,8182.08,8.4458,0.03,395,2388,100.0,38.67,23.1897,32
97,171,-0.0037,0.0004,100.0,518.67,642.46,1595.14,1406.76,14.62,21.61,553.22,2388.02,9111.79,1.3,47.58,521.6,2388.07,8195.64,8.4538,0.03,395,2388,100.0,38.66,23.2896,31
97,172,-0.0008,0.0003,100.0,518.67,643.1,1593.56,1411.27,14.62,21.61,553.89,2388.06,9120.21,1.3,47.74,521.38,2388.07,8182.51,8.4492,0.03,395,2388,100.0,38.64,23.2998,30
97,173,0.0003,0.0005,100.0,518.67,642.33,1593.36,1415.43,14.62,21.61,552.62,2388.07,9118.13,1.3,47.7,521.79,2388.02,8186.99,8.4839,0.03,394,2388,100.0,38.61,23.2418,29
97,174,-0.0014,0.0,100.0,518.67,642.97,1592.52,1418.99,14.62,21.61,552.87,2388.07,9117.33,1.3,47.57,521.31,2388.09,8198.04,8.4307,0.03,394,2388,100.0,39.08,23.2683,28
97,175,0.0011,0.0005,100.0,518.67,642.58,1599.64,1414.21,14.62,21.61,553.59,2388.11,9115.17,1.3,47.68,521.6,2388.09,8191.69,8.4412,0.03,395,2388,100.0,38.82,23.2674,27
97,176,0.0016,0.0003,100.0,518.67,643.67,1588.89,1413.01,14.62,21.61,552.28,2387.98,9126.09,1.3,47.81,521.61,2388.03,8199.71,8.4401,0.03,394,2388,100.0,38.6,23.2005,26
97,177,-0.0002,-0.0001,100.0,518.67,643.35,1598.21,1408.17,14.62,21.61,553.18,2388.06,9133.73,1.3,47.52,521.18,2388.07,8196.46,8.465,0.03,395,2388,100.0,38.82,23.1064,25
97,178,-0.0004,-0.0,100.0,518.67,643.14,1598.57,1420.07,14.62,21.61,552.87,2388.03,9127.92,1.3,47.73,521.13,2388.11,8198.58,8.4816,0.03,395,2388,100.0,38.7,23.1568,24
97,179,-0.0009,0.0003,100.0,518.67,643.12,1595.39,1412.22,14.62,21.61,553.5,2388.07,9132.34,1.3,47.78,520.82,2388.07,8204.68,8.447,0.03,397,2388,100.0,38.73,23.2766,23
97,180,-0.0017,0.0,100.0,518.67,643.73,1594.84,1418.51,14.62,21.61,552.62,2388.1,9144.39,1.3,47.84,521.54,2388.1,8204.09,8.4693,0.03,393,2388,100.0,38.78,23.0957,22
97,181,0.0022,-0.0001,100.0,518.67,643.09,1589.77,1413.01,14.62,21.61,552.63,2388.11,9137.39,1.3,47.6,521.19,2388.03,8206.13,8.4637,0.03,394,2388,100.0,38.82,23.2579,21
97,182,-0.0006,0.0001,100.0,518.67,642.89,1596.81,1414.53,14.62,21.61,552.78,2388.03,9148.6,1.3,47.61,521.1,2388.1,8207.94,8.4568,0.03,394,2388,100.0,38.82,23.3202,20
97,183,0.0043,0.0005,100.0,518.67,643.29,1590.71,1418.39,14.62,21.61,552.64,2388.04,9142.59,1.3,47.68,521.01,2388.04,8213.45,8.4877,0.03,397,2388,100.0,38.72,23.2412,19
97,184,0.0034,0.0004,100.0,518.67,643.89,1593.07,1414.26,14.62,21.61,552.59,2388.06,9152.46,1.3,47.86,521.04,2388.07,8213.26,8.4611,0.03,397,2388,100.0,38.79,23.1632,18
97,185,0.0015,-0.0002,100.0,518.67,642.58,1591.57,1417.87,14.62,21.61,552.95,2388.13,9143.42,1.3,47.89,520.71,2388.09,8220.18,8.4756,0.03,395,2388,100.0,38.63,23.1792,17
97,186,-0.0035,0.0003,100.0,518.67,643.37,1601.66,1421.33,14.62,21.61,552.6,2388.06,9150.47,1.3,47.79,520.82,2388.04,8215.76,8.4474,0.03,394,2388,100.0,38.51,23.1516,16
97,187,-0.0008,-0.0001,100.0,518.67,642.8,1602.2,1420.68,14.62,21.61,552.31,2388.1,9154.23,1.3,47.76,520.61,2388.11,8225.96,8.4599,0.03,394,2388,100.0,38.54,23.2791,15
97,188,-0.0006,0.0004,100.0,518.67,643.0,1598.61,1420.2,14.62,21.61,552.67,2388.12,9160.03,1.3,47.72,520.8,2388.07,8220.11,8.4927,0.03,395,2388,100.0,38.47,23.2203,14
97,189,-0.0011,0.0,100.0,518.67,643.38,1600.39,1426.13,14.62,21.61,552.45,2388.07,9149.75,1.3,47.8,521.07,2388.11,8229.61,8.5041,0.03,396,2388,100.0,38.73,23.1423,13
97,190,-0.0002,0.0002,100.0,518.67,643.49,1596.78,1415.18,14.62,21.61,552.7,2388.15,9163.63,1.3,47.81,520.18,2388.09,8225.24,8.4779,0.03,397,2388,100.0,38.54,23.1952,12
97,191,0.0024,0.0003,100.0,518.67,643.05,1596.91,1423.38,14.62,21.61,551.78,2388.13,9170.87,1.3,47.86,520.97,2388.09,8232.57,8.5344,0.03,396,2388,100.0,38.49,23.1782,11
97,192,0.0021,-0.0001,100.0,518.67,643.54,1610.06,1421.38,14.62,21.61,552.03,2388.11,9171.51,1.3,47.97,521.33,2388.09,8228.95,8.5013,0.03,395,2388,100.0,38.44,23.086,10
97,193,-0.0001,-0.0,100.0,518.67,643.11,1596.09,1418.23,14.62,21.61,552.47,2388.19,9173.21,1.3,47.75,520.29,2388.11,8238.18,8.4864,0.03,396,2388,100.0,38.6,23.0863,9
97,194,-0.003,0.0001,100.0,518.67,643.35,1607.58,1420.27,14.62,21.61,552.42,2388.1,9178.98,1.3,47.85,520.78,2388.17,8240.75,8.4759,0.03,395,2388,100.0,38.53,23.1768,8
97,195,0.0029,0.0004,100.0,518.67,643.96,1599.16,1424.68,14.62,21.61,552.66,2388.16,9179.63,1.3,47.82,520.35,2388.16,8247.82,8.5138,0.03,395,2388,100.0,38.57,23.0651,7
97,196,-0.0001,0.0,100.0,518.67,643.19,1597.51,1429.74,14.62,21.61,552.69,2388.11,9187.06,1.3,47.87,520.83,2388.13,8240.08,8.4874,0.03,395,2388,100.0,38.51,23.1614,6
97,197,-0.0008,0.0003,100.0,518.67,643.48,1604.51,1427.37,14.62,21.61,552.38,2388.17,9189.58,1.3,47.97,520.26,2388.11,8250.71,8.5596,0.03,396,2388,100.0,38.67,23.1556,5
97,198,-0.0008,-0.0002,100.0,518.67,643.52,1605.46,1426.47,14.62,21.61,553.18,2388.15,9197.35,1.3,48.16,520.41,2388.12,8255.95,8.5132,0.03,397,2388,100.0,38.38,22.9548,4
97,199,0.0019,-0.0002,100.0,518.67,643.97,1605.94,1429.9,14.62,21.61,551.84,2388.16,9201.83,1.3,48.07,520.13,2388.08,8258.58,8.4981,0.03,400,2388,100.0,38.59,23.0657,3
97,200,-0.0035,0.0005,100.0,518.67,643.2,1601.34,1429.4,14.62,21.61,552.04,2388.12,9203.16,1.3,48.04,519.98,2388.16,8257.38,8.5402,0.03,396,2388,100.0,38.39,23.0501,2
97,201,-0.0026,-0.0001,100.0,518.67,643.46,1606.9,1430.66,14.62,21.61,552.19,2388.19,9207.74,1.3,48.18,520.06,2388.15,8270.91,8.5514,0.03,397,2388,100.0,38.44,23.1451,1
97,202,0.0014,0.0001,100.0,518.67,643.79,1610.66,1427.41,14.62,21.61,551.55,2388.15,9208.02,1.3,47.94,519.91,2388.15,8263.63,8.5277,0.03,397,2388,100.0,38.29,23.1184,0
98,1,0.0019,-0.0002,100.0,518.67,642.3,1580.93,1404.55,14.62,21.61,554.16,2388.0,9073.83,1.3,47.25,522.3,2387.97,8150.69,8.3792,0.03,392,2388,100.0,39.01,23.4547,155
98,2,0.0025,0.0,100.0,518.67,642.13,1585.29,1394.47,14.62,21.61,552.75,2388.03,9070.74,1.3,47.03,521.8,2388.03,8147.03,8.4158,0.03,392,2388,100.0,38.91,23.3055,154
98,3,-0.0011,-0.0005,100.0,518.67,642.35,1582.27,1396.33,14.62,21.61,555.45,2387.94,9068.22,1.3,47.22,522.47,2387.99,8149.19,8.4124,0.03,391,2388,100.0,39.16,23.3677,153
98,4,-0.0009,-0.0004,100.0,518.67,641.8,1585.23,1398.98,14.62,21.61,554.99,2387.98,9068.93,1.3,47.07,522.19,2387.99,8156.01,8.45,0.03,391,2388,100.0,39.07,23.3832,152
98,5,-0.0011,0.0001,100.0,518.67,641.85,1592.31,1397.87,14.62,21.61,554.04,2388.0,9070.44,1.3,47.1,521.96,2387.92,8148.47,8.4068,0.03,392,2388,100.0,39.03,23.4866,151
98,6,0.0019,-0.0005,100.0,518.67,642.46,1581.0,1400.8,14.62,21.61,554.18,2387.99,9070.09,1.3,47.26,522.69,2387.95,8149.25,8.3922,0.03,390,2388,100.0,39.05,23.5227,150
98,7,-0.0042,-0.0003,100.0,518.67,642.08,1578.64,1405.97,14.62,21.61,554.72,2388.09,9066.95,1.3,47.21,522.58,2388.05,8145.93,8.3928,0.03,392,2388,100.0,38.92,23.3819,149
98,8,-0.0018,-0.0005,100.0,518.67,642.1,1583.29,1402.88,14.62,21.61,554.15,2388.0,9074.48,1.3,47.08,522.6,2388.04,8149.59,8.3901,0.03,391,2388,100.0,38.94,23.4539,148
98,9,0.0027,0.0004,100.0,518.67,642.22,1588.95,1393.89,14.62,21.61,554.81,2388.03,9071.66,1.3,47.15,522.75,2388.0,8146.29,8.3943,0.03,392,2388,100.0,38.94,23.4024,147
98,10,0.0024,-0.0004,100.0,518.67,642.07,1584.36,1396.5,14.62,21.61,552.81,2388.02,9075.91,1.3,47.24,522.49,2388.03,8148.87,8.4025,0.03,392,2388,100.0,38.99,23.5006,146
98,11,0.0012,-0.0001,100.0,518.67,642.6,1583.96,1401.37,14.62,21.61,554.39,2388.0,9073.5,1.3,47.09,522.39,2387.95,8153.29,8.4142,0.03,391,2388,100.0,39.01,23.383,145
98,12,-0.0031,-0.0005,100.0,518.67,641.87,1579.66,1397.29,14.62,21.61,554.43,2387.94,9069.02,1.3,47.28,522.59,2388.07,8150.29,8.3912,0.03,392,2388,100.0,38.94,23.3952,144
98,13,-0.0012,-0.0003,100.0,518.67,641.86,1578.11,1396.26,14.62,21.61,554.91,2387.97,9066.55,1.3,47.46,522.65,2388.0,8149.15,8.4239,0.03,391,2388,100.0,39.02,23.4809,143
98,14,0.0016,0.0001,100.0,518.67,642.74,1586.49,1393.15,14.62,21.61,554.62,2388.03,9071.68,1.3,47.36,521.81,2388.04,8150.04,8.3817,0.03,392,2388,100.0,39.0,23.5295,142
98,15,-0.0002,-0.0003,100.0,518.67,642.17,1584.16,1399.3,14.62,21.61,554.09,2388.02,9064.26,1.3,47.15,522.51,2387.98,8148.23,8.3773,0.03,393,2388,100.0,38.9,23.4568,141
98,16,0.0015,-0.0002,100.0,518.67,642.71,1584.08,1399.74,14.62,21.61,554.68,2388.01,9065.01,1.3,47.08,522.32,2387.97,8151.86,8.451,0.03,392,2388,100.0,39.3,23.4036,140
98,17,-0.0009,-0.0003,100.0,518.67,642.31,1588.54,1396.08,14.62,21.61,554.07,2388.05,9065.0,1.3,47.14,521.95,2388.01,8146.85,8.3717,0.03,392,2388,100.0,38.98,23.4329,139
98,18,-0.003,-0.0003,100.0,518.67,642.25,1588.99,1389.48,14.62,21.61,554.67,2388.03,9070.59,1.3,47.05,522.04,2388.01,8152.41,8.4145,0.03,391,2388,100.0,39.06,23.4741,138
98,19,0.0008,0.0002,100.0,518.67,641.98,1581.82,1401.22,14.62,21.61,553.62,2387.98,9062.51,1.3,47.22,522.23,2388.0,8148.7,8.4365,0.03,391,2388,100.0,38.96,23.4827,137
98,20,0.0004,-0.0,100.0,518.67,642.54,1592.0,1403.12,14.62,21.61,554.61,2387.99,9066.84,1.3,47.16,522.17,2387.99,8148.56,8.4288,0.03,391,2388,100.0,39.05,23.4116,136
98,21,-0.0024,0.0001,100.0,518.67,642.04,1580.39,1391.4,14.62,21.61,554.69,2387.95,9061.52,1.3,47.04,522.32,2388.04,8145.39,8.4007,0.03,391,2388,100.0,39.04,23.4487,135
98,22,0.0037,0.0001,100.0,518.67,641.79,1588.86,1404.83,14.62,21.61,554.52,2388.0,9058.49,1.3,47.3,522.35,2388.01,8148.13,8.4028,0.03,392,2388,100.0,38.99,23.3938,134
98,23,-0.0032,-0.0004,100.0,518.67,642.18,1586.09,1392.01,14.62,21.61,553.9,2388.0,9073.55,1.3,47.25,522.5,2388.01,8146.59,8.4143,0.03,394,2388,100.0,38.89,23.3942,133
98,24,-0.0026,0.0001,100.0,518.67,642.49,1587.08,1399.07,14.62,21.61,554.33,2388.04,9066.75,1.3,47.3,522.36,2388.04,8154.1,8.3925,0.03,392,2388,100.0,38.89,23.3854,132
98,25,-0.0007,-0.0003,100.0,518.67,642.29,1587.33,1399.04,14.62,21.61,553.75,2388.04,9065.66,1.3,47.18,522.05,2388.06,8150.95,8.4209,0.03,392,2388,100.0,39.0,23.3737,131
98,26,0.0013,0.0002,100.0,518.67,642.05,1582.42,1395.86,14.62,21.61,554.16,2388.02,9073.28,1.3,47.39,522.28,2388.02,8151.03,8.3736,0.03,393,2388,100.0,38.98,23.3906,130
98,27,0.0004,0.0002,100.0,518.67,642.23,1587.5,1397.2,14.62,21.61,554.44,2388.01,9062.15,1.3,47.12,522.36,2388.0,8148.26,8.3796,0.03,390,2388,100.0,39.05,23.5187,129
98,28,-0.0016,0.0,100.0,518.67,641.65,1579.76,1404.49,14.62,21.61,555.16,2387.98,9073.08,1.3,47.13,521.94,2387.98,8153.61,8.3892,0.03,391,2388,100.0,39.18,23.398,128
98,29,-0.0027,0.0001,100.0,518.67,642.39,1589.91,1395.46,14.62,21.61,553.99,2387.99,9069.19,1.3,47.24,523.04,2388.0,8151.65,8.3945,0.03,393,2388,100.0,39.0,23.3431,127
98,30,0.0024,-0.0001,100.0,518.67,641.85,1578.57,1403.12,14.62,21.61,554.13,2388.02,9073.59,1.3,47.14,522.55,2388.04,8145.23,8.4169,0.03,391,2388,100.0,38.84,23.3659,126
98,31,0.0003,-0.0002,100.0,518.67,642.29,1590.14,1395.81,14.62,21.61,554.19,2388.0,9060.52,1.3,47.26,522.24,2387.97,8146.64,8.4081,0.03,391,2388,100.0,39.01,23.3748,125
98,32,-0.0005,-0.0006,100.0,518.67,642.43,1577.66,1397.86,14.62,21.61,553.93,2388.03,9067.98,1.3,47.29,522.38,2388.01,8144.79,8.3847,0.03,392,2388,100.0,38.79,23.5033,124
98,33,0.0005,-0.0002,100.0,518.67,642.54,1583.68,1395.59,14.62,21.61,554.26,2388.01,9064.47,1.3,47.2,522.57,2388.0,8153.01,8.4139,0.03,391,2388,100.0,39.02,23.4388,123
98,34,-0.0023,-0.0,100.0,518.67,641.97,1576.7,1405.03,14.62,21.61,554.24,2388.0,9065.85,1.3,47.27,521.99,2387.96,8144.88,8.3934,0.03,392,2388,100.0,39.0,23.3007,122
98,35,0.0001,0.0002,100.0,518.67,642.49,1584.26,1394.32,14.62,21.61,554.38,2387.94,9071.88,1.3,47.31,522.37,2387.98,8150.64,8.3912,0.03,392,2388,100.0,39.09,23.4646,121
98,36,0.0029,0.0001,100.0,518.67,642.05,1585.2,1401.0,14.62,21.6,554.01,2388.04,9066.5,1.3,47.04,522.37,2388.04,8153.89,8.3897,0.03,392,2388,100.0,38.98,23.3563,120
98,37,0.0013,0.0003,100.0,518.67,642.08,1584.48,1397.06,14.62,21.61,554.57,2388.02,9067.98,1.3,47.35,522.05,2388.04,8148.05,8.3982,0.03,392,2388,100.0,38.91,23.4044,119
98,38,0.0003,-0.0001,100.0,518.67,642.19,1581.77,1403.97,14.62,21.61,553.92,2388.0,9069.11,1.3,46.93,521.63,2388.04,8147.58,8.3911,0.03,393,2388,100.0,39.16,23.4276,118
98,39,-0.0008,-0.0002,100.0,518.67,642.22,1591.83,1395.37,14.62,21.61,555.23,2388.05,9061.38,1.3,47.22,521.89,2387.99,8147.3,8.4405,0.03,392,2388,100.0,39.18,23.3503,117
98,40,0.0027,-0.0004,100.0,518.67,642.18,1586.95,1405.05,14.62,21.61,554.02,2388.06,9073.83,1.3,47.19,521.74,2388.03,8152.42,8.3915,0.03,393,2388,100.0,39.01,23.3683,116
98,41,-0.0024,-0.0004,100.0,518.67,642.12,1583.57,1397.44,14.62,21.61,555.03,2387.99,9061.36,1.3,47.17,522.81,2388.03,8143.86,8.4281,0.03,392,2388,100.0,38.98,23.3513,115
98,42,-0.0004,0.0004,100.0,518.67,642.49,1578.29,1399.01,14.62,21.61,553.78,2388.01,9073.44,1.3,47.15,521.97,2387.97,8148.38,8.4199,0.03,392,2388,100.0,38.99,23.4173,114
98,43,-0.0013,-0.0001,100.0,518.67,642.11,1586.62,1401.16,14.62,21.61,554.18,2388.01,9064.02,1.3,47.54,522.58,2388.02,8152.17,8.4134,0.03,392,2388,100.0,38.85,23.3247,113
98,44,0.0026,-0.0001,100.0,518.67,642.7,1588.84,1400.69,14.62,21.6,553.64,2387.95,9064.95,1.3,47.32,522.35,2388.02,8148.63,8.4107,0.03,392,2388,100.0,38.87,23.4442,112
98,45,0.0025,0.0003,100.0,518.67,642.04,1583.26,1402.79,14.62,21.61,554.24,2387.97,9074.64,1.3,47.12,522.11,2388.04,8151.01,8.4072,0.03,392,2388,100.0,38.94,23.3934,111
98,46,-0.0006,0.0001,100.0,518.67,642.26,1579.48,1409.27,14.62,21.61,554.25,2388.06,9068.63,1.3,47.34,522.25,2388.03,8146.96,8.4034,0.03,392,2388,100.0,38.91,23.3597,110
98,47,-0.0043,0.0004,100.0,518.67,642.08,1593.46,1391.23,14.62,21.61,554.49,2388.03,9068.46,1.3,47.17,522.77,2388.07,8154.77,8.432,0.03,391,2388,100.0,38.9,23.3767,109
98,48,-0.0033,-0.0004,100.0,518.67,642.02,1580.31,1403.28,14.62,21.61,553.65,2388.04,9062.33,1.3,47.28,522.31,2388.02,8150.97,8.4227,0.03,391,2388,100.0,38.97,23.3767,108
98,49,0.0006,-0.0001,100.0,518.67,642.44,1584.88,1399.16,14.62,21.61,554.09,2387.96,9060.72,1.3,47.31,522.52,2388.03,8150.57,8.4078,0.03,391,2388,100.0,38.83,23.4616,107
98,50,0.0008,-0.0002,100.0,518.67,642.61,1582.93,1390.36,14.62,21.61,554.9,2388.05,9063.93,1.3,47.38,522.45,2388.12,8148.6,8.4068,0.03,391,2388,100.0,38.9,23.3734,106
98,51,0.0031,0.0002,100.0,518.67,642.37,1585.49,1397.87,14.62,21.61,553.86,2388.04,9063.93,1.3,47.37,522.18,2388.04,8151.65,8.4103,0.03,393,2388,100.0,39.06,23.2097,105
98,52,-0.005,-0.0002,100.0,518.67,641.94,1586.48,1401.36,14.62,21.61,554.23,2388.05,9074.7,1.3,47.28,522.13,2387.99,8147.34,8.3842,0.03,392,2388,100.0,39.14,23.3048,104
98,53,0.0003,0.0,100.0,518.67,642.13,1578.09,1406.78,14.62,21.61,553.9,2387.98,9071.23,1.3,47.43,522.07,2388.04,8149.6,8.4258,0.03,391,2388,100.0,38.91,23.4229,103
98,54,0.0037,-0.0002,100.0,518.67,641.98,1582.21,1403.17,14.62,21.61,553.77,2388.03,9067.85,1.3,47.22,521.58,2388.01,8147.18,8.418,0.03,392,2388,100.0,38.83,23.3561,102
98,55,-0.0017,-0.0,100.0,518.67,642.27,1586.97,1395.14,14.62,21.61,554.31,2388.02,9072.53,1.3,47.35,522.42,2388.03,8150.9,8.4046,0.03,391,2388,100.0,38.97,23.5461,101
98,56,-0.0005,-0.0002,100.0,518.67,642.07,1583.54,1409.74,14.62,21.61,554.37,2388.07,9066.47,1.3,47.32,521.73,2388.04,8152.07,8.4141,0.03,393,2388,100.0,38.96,23.42,100
98,57,0.0012,-0.0001,100.0,518.67,642.13,1586.22,1395.44,14.62,21.61,554.43,2388.04,9064.42,1.3,47.17,521.98,2387.97,8143.49,8.4328,0.03,391,2388,100.0,39.04,23.4336,99
98,58,-0.0003,-0.0001,100.0,518.67,642.54,1582.9,1397.63,14.62,21.61,554.28,2387.98,9063.01,1.3,47.28,522.09,2388.03,8141.48,8.3992,0.03,390,2388,100.0,38.84,23.3763,98
98,59,0.0027,0.0003,100.0,518.67,642.33,1584.25,1396.07,14.62,21.61,554.89,2388.0,9070.95,1.3,47.19,522.23,2388.04,8143.92,8.4193,0.03,393,2388,100.0,38.97,23.4885,97
98,60,0.0013,0.0003,100.0,518.67,642.2,1590.1,1399.36,14.62,21.61,553.39,2388.01,9069.8,1.3,47.19,522.38,2388.02,8147.98,8.3781,0.03,392,2388,100.0,39.0,23.4278,96
98,61,0.0005,0.0,100.0,518.67,642.32,1585.53,1404.77,14.62,21.61,553.82,2388.01,9066.49,1.3,47.29,521.96,2388.05,8148.61,8.4321,0.03,394,2388,100.0,39.11,23.4125,95
98,62,-0.0007,0.0,100.0,518.67,642.11,1590.76,1403.54,14.62,21.61,554.22,2388.05,9074.3,1.3,47.2,521.99,2388.0,8154.71,8.4251,0.03,392,2388,100.0,38.84,23.2169,94
98,63,0.0022,-0.0003,100.0,518.67,642.19,1594.98,1403.92,14.62,21.61,553.84,2388.04,9061.47,1.3,47.52,521.43,2388.04,8151.62,8.4291,0.03,392,2388,100.0,38.81,23.3579,93
98,64,-0.0001,-0.0005,100.0,518.67,642.32,1591.68,1407.83,14.62,21.61,554.05,2388.03,9072.34,1.3,47.29,522.05,2388.04,8146.77,8.4161,0.03,392,2388,100.0,38.88,23.4101,92
98,65,0.0008,-0.0003,100.0,518.67,642.6,1580.89,1401.02,14.62,21.61,554.45,2388.0,9068.84,1.3,47.31,522.25,2388.03,8151.2,8.4361,0.03,392,2388,100.0,38.84,23.3786,91
98,66,0.0011,0.0003,100.0,518.67,642.65,1592.52,1402.74,14.62,21.61,554.0,2387.97,9056.28,1.3,47.13,521.4,2387.99,8147.67,8.4204,0.03,392,2388,100.0,39.08,23.4166,90
98,67,0.0026,-0.0001,100.0,518.67,643.02,1590.13,1403.9,14.62,21.61,554.28,2388.01,9067.76,1.3,47.29,521.89,2388.02,8149.19,8.4218,0.03,392,2388,100.0,39.16,23.3795,89
98,68,-0.0021,-0.0004,100.0,518.67,642.3,1584.1,1404.16,14.62,21.61,554.05,2388.0,9070.03,1.3,47.39,522.21,2388.01,8148.3,8.4086,0.03,391,2388,100.0,39.12,23.4344,88
98,69,-0.0003,-0.0001,100.0,518.67,642.13,1592.26,1403.12,14.62,21.61,553.98,2388.01,9074.25,1.3,47.23,521.89,2388.06,8148.92,8.3906,0.03,392,2388,100.0,38.86,23.4807,87
98,70,-0.0017,0.0002,100.0,518.67,642.64,1587.58,1396.18,14.62,21.61,553.9,2388.05,9071.74,1.3,47.34,521.93,2388.03,8147.84,8.4357,0.03,394,2388,100.0,38.98,23.449,86
98,71,-0.0024,-0.0001,100.0,518.67,642.41,1584.12,1401.42,14.62,21.61,553.64,2388.05,9060.43,1.3,47.37,522.07,2388.02,8145.52,8.3863,0.03,393,2388,100.0,38.87,23.3731,85
98,72,0.0036,0.0003,100.0,518.67,642.38,1591.36,1403.37,14.62,21.61,553.46,2387.99,9064.82,1.3,47.59,522.55,2388.03,8144.82,8.4503,0.03,392,2388,100.0,38.9,23.4023,84
98,73,0.0,0.0003,100.0,518.67,642.94,1580.76,1402.19,14.62,21.61,554.45,2388.03,9078.04,1.3,47.28,521.74,2388.07,8148.09,8.4335,0.03,392,2388,100.0,39.02,23.3035,83
98,74,0.0027,-0.0001,100.0,518.67,642.57,1579.97,1395.71,14.62,21.61,553.5,2388.02,9065.03,1.3,47.38,522.44,2388.04,8153.23,8.4393,0.03,393,2388,100.0,38.92,23.38,82
98,75,0.0017,-0.0001,100.0,518.67,642.26,1587.36,1401.72,14.62,21.61,554.12,2388.04,9078.12,1.3,47.16,521.83,2388.02,8150.66,8.4247,0.03,391,2388,100.0,38.83,23.4185,81
98,76,0.0025,-0.0004,100.0,518.67,642.16,1586.25,1401.99,14.62,21.6,554.88,2388.01,9059.23,1.3,47.3,522.5,2388.03,8149.74,8.3935,0.03,393,2388,100.0,38.98,23.3505,80
98,77,-0.0014,0.0002,100.0,518.67,643.06,1588.13,1400.95,14.62,21.61,554.2,2388.04,9075.92,1.3,47.4,521.85,2388.05,8143.74,8.4026,0.03,391,2388,100.0,38.88,23.3291,79
98,78,0.0006,0.0003,100.0,518.67,642.74,1590.08,1407.36,14.62,21.61,553.68,2388.02,9067.37,1.3,47.45,522.03,2388.06,8142.59,8.4329,0.03,393,2388,100.0,38.86,23.3604,78
98,79,-0.0014,0.0003,100.0,518.67,642.35,1588.89,1401.75,14.62,21.61,554.17,2388.0,9069.95,1.3,47.48,521.51,2388.01,8147.85,8.4095,0.03,392,2388,100.0,38.66,23.1844,77
98,80,0.0009,0.0001,100.0,518.67,642.18,1588.39,1399.37,14.62,21.61,554.46,2387.99,9069.46,1.3,47.38,522.24,2388.05,8152.29,8.3976,0.03,392,2388,100.0,38.86,23.3362,76
98,81,0.0022,-0.0003,100.0,518.67,642.09,1594.45,1405.73,14.62,21.61,553.43,2387.98,9064.09,1.3,47.53,521.94,2388.09,8149.08,8.4383,0.03,394,2388,100.0,38.86,23.2744,75
98,82,-0.0012,-0.0001,100.0,518.67,642.53,1586.69,1397.63,14.62,21.61,553.47,2388.02,9074.76,1.3,47.16,521.79,2388.04,8149.9,8.4363,0.03,392,2388,100.0,39.01,23.3698,74
98,83,0.0022,-0.0003,100.0,518.67,642.26,1589.48,1408.3,14.62,21.61,553.93,2388.06,9067.82,1.3,47.34,521.98,2388.06,8148.65,8.4027,0.03,391,2388,100.0,38.82,23.3319,73
98,84,0.001,-0.0006,100.0,518.67,642.24,1580.32,1394.62,14.62,21.61,554.11,2388.04,9074.75,1.3,47.3,522.08,2388.03,8146.97,8.4341,0.03,392,2388,100.0,38.87,23.4319,72
98,85,0.0001,-0.0,100.0,518.67,642.3,1584.96,1399.72,14.62,21.61,554.08,2388.02,9065.43,1.3,47.56,522.16,2388.08,8146.19,8.4069,0.03,392,2388,100.0,38.71,23.2839,71
98,86,-0.001,0.0001,100.0,518.67,642.95,1591.44,1403.02,14.62,21.61,553.15,2388.03,9069.38,1.3,47.4,522.01,2388.08,8147.4,8.4127,0.03,393,2388,100.0,38.9,23.2703,70
98,87,0.0025,-0.0003,100.0,518.67,642.84,1584.84,1405.9,14.62,21.61,553.82,2388.1,9064.62,1.3,47.44,521.94,2388.06,8148.31,8.4223,0.03,391,2388,100.0,38.77,23.3793,69
98,88,-0.0002,0.0001,100.0,518.67,642.92,1585.14,1398.43,14.62,21.61,553.82,2388.03,9067.5,1.3,47.39,522.19,2388.05,8146.49,8.4494,0.03,393,2388,100.0,38.81,23.2808,68
98,89,0.0014,-0.0004,100.0,518.67,642.45,1588.13,1403.63,14.62,21.61,554.14,2388.03,9060.76,1.3,47.4,521.93,2388.06,8153.81,8.4368,0.03,393,2388,100.0,38.99,23.3648,67
98,90,-0.0006,0.0,100.0,518.67,642.26,1583.76,1395.52,14.62,21.61,553.66,2388.08,9063.01,1.3,47.4,521.37,2388.06,8142.75,8.4482,0.03,392,2388,100.0,38.92,23.4034,66
98,91,-0.0004,-0.0003,100.0,518.67,642.09,1591.18,1409.03,14.62,21.61,553.78,2388.03,9073.98,1.3,47.51,521.75,2388.05,8149.75,8.4447,0.03,393,2388,100.0,39.05,23.3836,65
98,92,0.0022,-0.0005,100.0,518.67,642.84,1592.3,1408.8,14.62,21.61,554.61,2388.07,9073.14,1.3,47.42,521.05,2388.03,8148.08,8.4334,0.03,393,2388,100.0,38.78,23.3295,64
98,93,-0.0006,0.0001,100.0,518.67,642.78,1592.95,1410.56,14.62,21.61,553.94,2388.01,9065.76,1.3,47.5,521.65,2388.06,8151.67,8.4319,0.03,392,2388,100.0,38.94,23.3429,63
98,94,-0.001,0.0004,100.0,518.67,641.95,1580.15,1400.39,14.62,21.61,553.35,2388.04,9067.45,1.3,47.53,522.01,2388.05,8152.23,8.4644,0.03,391,2388,100.0,38.87,23.4745,62
98,95,0.0016,0.0004,100.0,518.67,642.56,1585.3,1407.67,14.62,21.61,553.79,2388.03,9074.58,1.3,47.61,521.05,2388.03,8149.44,8.4146,0.03,393,2388,100.0,38.8,23.315,61
98,96,0.0059,-0.0,100.0,518.67,642.27,1589.45,1410.2,14.62,21.61,553.82,2388.09,9061.73,1.3,47.32,522.26,2388.06,8146.63,8.4384,0.03,392,2388,100.0,38.91,23.3839,60
98,97,-0.0047,0.0003,100.0,518.67,642.45,1590.32,1398.2,14.62,21.61,554.3,2388.08,9070.62,1.3,47.47,521.07,2388.1,8144.43,8.4309,0.03,392,2388,100.0,39.12,23.2567,59
98,98,0.0046,0.0002,100.0,518.67,642.69,1575.27,1406.36,14.62,21.61,553.34,2388.1,9071.23,1.3,47.33,522.02,2388.12,8143.7,8.455,0.03,392,2388,100.0,38.72,23.252,58
98,99,0.0,0.0001,100.0,518.67,643.49,1594.19,1406.57,14.62,21.61,553.36,2388.11,9066.45,1.3,47.48,521.61,2388.07,8146.22,8.4639,0.03,392,2388,100.0,38.76,23.3405,57
98,100,-0.0029,0.0003,100.0,518.67,642.52,1595.92,1401.31,14.62,21.61,554.4,2388.08,9070.59,1.3,47.39,521.62,2388.05,8146.55,8.4331,0.03,392,2388,100.0,38.78,23.4594,56
98,101,0.002,0.0001,100.0,518.67,642.84,1587.37,1403.4,14.62,21.61,553.55,2388.12,9065.87,1.3,47.59,521.1,2388.07,8143.06,8.4479,0.03,392,2388,100.0,38.79,23.3209,55
98,102,-0.0001,-0.0001,100.0,518.67,642.78,1590.35,1409.35,14.62,21.61,553.65,2388.1,9074.34,1.3,47.58,521.42,2388.06,8144.43,8.4143,0.03,392,2388,100.0,38.98,23.2586,54
98,103,0.0021,-0.0003,100.0,518.67,642.0,1589.82,1408.18,14.62,21.61,553.81,2388.03,9069.22,1.3,47.52,521.78,2388.07,8146.16,8.4346,0.03,394,2388,100.0,38.92,23.3236,53
98,104,0.0005,0.0001,100.0,518.67,642.66,1586.26,1406.16,14.62,21.61,554.5,2388.08,9064.37,1.3,47.2,521.1,2388.11,8143.17,8.4174,0.03,394,2388,100.0,39.01,23.3186,52
98,105,-0.0002,0.0,100.0,518.67,642.44,1592.8,1406.41,14.62,21.61,553.6,2388.05,9066.17,1.3,47.58,521.47,2388.15,8144.47,8.432,0.03,393,2388,100.0,38.81,23.2766,51
98,106,0.0032,-0.0002,100.0,518.67,642.49,1592.73,1413.18,14.62,21.61,553.19,2388.06,9066.1,1.3,47.66,521.65,2388.04,8145.73,8.4442,0.03,394,2388,100.0,38.83,23.3073,50
98,107,-0.0014,-0.0005,100.0,518.67,642.73,1588.13,1409.88,14.62,21.61,553.48,2388.08,9073.41,1.3,47.37,521.47,2388.09,8148.28,8.4404,0.03,393,2388,100.0,39.05,23.261,49
98,108,0.0,-0.0005,100.0,518.67,642.66,1590.02,1405.38,14.62,21.61,554.1,2388.06,9062.94,1.3,47.49,521.59,2388.14,8150.5,8.4212,0.03,395,2388,100.0,38.82,23.3297,48
98,109,0.0016,0.0001,100.0,518.67,643.28,1593.36,1407.74,14.62,21.61,553.41,2388.13,9062.57,1.3,47.6,521.21,2388.13,8145.4,8.4519,0.03,393,2388,100.0,38.94,23.2969,47
98,110,0.0003,-0.0003,100.0,518.67,642.85,1589.5,1405.17,14.62,21.61,553.76,2388.06,9070.56,1.3,47.43,521.32,2388.1,8150.81,8.38,0.03,395,2388,100.0,38.79,23.3736,46
98,111,0.0034,-0.0004,100.0,518.67,642.6,1590.83,1408.17,14.62,21.61,552.65,2388.08,9063.58,1.3,47.62,521.23,2388.05,8146.87,8.4403,0.03,394,2388,100.0,38.67,23.2976,45
98,112,0.0016,-0.0005,100.0,518.67,642.54,1590.85,1411.5,14.62,21.61,554.23,2388.09,9073.97,1.3,47.57,521.76,2388.09,8142.26,8.4659,0.03,393,2388,100.0,38.81,23.348,44
98,113,-0.0014,0.0003,100.0,518.67,641.62,1590.42,1410.84,14.62,21.61,552.93,2388.11,9071.05,1.3,47.6,521.27,2388.13,8141.18,8.4444,0.03,394,2388,100.0,38.82,23.2527,43
98,114,-0.0004,-0.0006,100.0,518.67,642.89,1588.31,1412.33,14.62,21.61,553.4,2388.13,9060.91,1.3,47.39,521.3,2388.08,8143.58,8.4732,0.03,393,2388,100.0,38.76,23.2057,42
98,115,0.0048,0.0001,100.0,518.67,642.78,1586.4,1405.91,14.62,21.61,552.91,2388.11,9069.53,1.3,47.58,520.99,2388.11,8146.98,8.4626,0.03,394,2388,100.0,38.89,23.3035,41
98,116,-0.0015,-0.0002,100.0,518.67,642.41,1592.92,1403.3,14.62,21.61,552.58,2388.06,9066.44,1.3,47.52,521.9,2388.14,8141.85,8.4435,0.03,392,2388,100.0,38.79,23.3524,40
98,117,-0.0027,0.0004,100.0,518.67,642.52,1590.2,1415.13,14.62,21.61,552.96,2388.12,9067.87,1.3,47.6,521.03,2388.12,8145.55,8.4495,0.03,393,2388,100.0,38.74,23.2222,39
98,118,-0.0,0.0001,100.0,518.67,643.49,1589.88,1409.32,14.62,21.61,553.19,2388.1,9062.92,1.3,47.6,521.63,2388.09,8145.59,8.4703,0.03,393,2388,100.0,38.55,23.2505,38
98,119,0.0004,0.0004,100.0,518.67,643.54,1595.95,1408.58,14.62,21.61,552.31,2388.1,9063.07,1.3,47.6,521.33,2388.11,8139.37,8.4701,0.03,394,2388,100.0,38.68,23.2997,37
98,120,-0.0017,0.0001,100.0,518.67,642.25,1592.89,1411.42,14.62,21.61,552.6,2388.14,9066.45,1.3,47.57,521.16,2388.12,8148.81,8.4521,0.03,394,2388,100.0,39.02,23.2368,36
98,121,-0.0018,-0.0001,100.0,518.67,643.13,1588.82,1408.53,14.62,21.61,552.63,2388.17,9072.97,1.3,47.69,521.07,2388.13,8141.8,8.4408,0.03,394,2388,100.0,38.75,23.3158,35
98,122,0.0005,-0.0006,100.0,518.67,643.46,1593.95,1415.53,14.62,21.61,552.89,2388.13,9061.16,1.3,47.52,520.96,2388.13,8142.28,8.4797,0.03,394,2388,100.0,38.78,23.338,34
98,123,0.0008,0.0002,100.0,518.67,642.67,1588.42,1411.25,14.62,21.61,553.1,2388.1,9067.88,1.3,47.67,521.53,2388.08,8144.93,8.458,0.03,394,2388,100.0,38.66,23.3001,33
98,124,-0.0044,-0.0005,100.0,518.67,642.52,1592.81,1415.81,14.62,21.61,553.23,2388.1,9061.55,1.3,47.61,520.91,2388.18,8143.45,8.4518,0.03,393,2388,100.0,38.7,23.1875,32
98,125,0.001,-0.0002,100.0,518.67,643.06,1589.57,1412.43,14.62,21.61,553.02,2388.09,9063.4,1.3,47.71,520.85,2388.12,8146.33,8.4502,0.03,393,2388,100.0,38.79,23.2527,31
98,126,-0.0003,0.0001,100.0,518.67,642.92,1590.67,1421.69,14.62,21.61,552.73,2388.19,9069.43,1.3,47.71,520.92,2388.16,8144.57,8.4457,0.03,394,2388,100.0,38.74,23.2362,30
98,127,-0.0018,0.0002,100.0,518.67,643.11,1595.68,1417.98,14.62,21.61,553.28,2388.17,9063.53,1.3,47.82,521.03,2388.14,8145.4,8.4623,0.03,393,2388,100.0,38.63,23.2736,29
98,128,0.0033,0.0003,100.0,518.67,643.27,1595.21,1413.42,14.62,21.61,553.25,2388.11,9060.99,1.3,47.74,521.15,2388.1,8146.7,8.438,0.03,393,2388,100.0,38.67,23.3541,28
98,129,-0.0001,-0.0002,100.0,518.67,643.6,1599.84,1411.23,14.62,21.61,553.2,2388.14,9062.5,1.3,47.79,521.0,2388.13,8142.18,8.4169,0.03,394,2388,100.0,38.78,23.225,27
98,130,0.0023,-0.0003,100.0,518.67,643.14,1590.61,1425.93,14.62,21.61,552.29,2388.19,9066.76,1.3,47.73,520.73,2388.2,8140.26,8.4698,0.03,394,2388,100.0,38.73,23.14,26
98,131,-0.0017,-0.0004,100.0,518.67,642.85,1598.3,1414.73,14.62,21.61,552.53,2388.14,9069.35,1.3,47.85,521.05,2388.12,8146.83,8.4344,0.03,395,2388,100.0,38.74,23.1894,25
98,132,0.0003,0.0003,100.0,518.67,642.42,1595.58,1418.83,14.62,21.61,552.94,2388.12,9055.72,1.3,47.58,521.39,2388.1,8140.46,8.476,0.03,394,2388,100.0,38.63,23.2456,24
98,133,0.0003,-0.0,100.0,518.67,643.36,1594.81,1420.22,14.62,21.61,552.73,2388.11,9066.42,1.3,47.79,520.7,2388.15,8144.19,8.4811,0.03,394,2388,100.0,38.68,23.2257,23
98,134,0.0025,-0.0003,100.0,518.67,643.45,1596.37,1421.27,14.62,21.61,553.08,2388.17,9059.07,1.3,47.81,521.01,2388.11,8147.81,8.4774,0.03,395,2388,100.0,38.56,23.2161,22
98,135,0.0006,0.0001,100.0,518.67,642.99,1594.73,1416.37,14.62,21.61,552.5,2388.14,9071.96,1.3,47.92,520.64,2388.1,8138.6,8.4526,0.03,394,2388,100.0,38.73,23.2071,21
98,136,-0.0006,0.0001,100.0,518.67,642.78,1592.86,1421.81,14.62,21.61,552.58,2388.2,9067.56,1.3,47.96,520.67,2388.14,8139.42,8.4943,0.03,395,2388,100.0,38.73,23.2364,20
98,137,-0.0014,0.0003,100.0,518.67,643.32,1594.91,1416.92,14.62,21.61,553.14,2388.12,9064.23,1.3,47.93,520.41,2388.16,8138.76,8.4502,0.03,395,2388,100.0,38.72,23.2724,19
98,138,0.0001,-0.0001,100.0,518.67,643.21,1596.61,1420.15,14.62,21.61,552.49,2388.18,9067.86,1.3,47.84,520.63,2388.08,8141.63,8.5024,0.03,395,2388,100.0,38.61,23.177,18
98,139,0.0002,0.0001,100.0,518.67,643.33,1596.31,1413.42,14.62,21.61,552.67,2388.19,9063.7,1.3,48.1,520.44,2388.1,8139.1,8.478,0.03,393,2388,100.0,38.51,23.1215,17
98,140,-0.0002,0.0003,100.0,518.67,643.43,1594.1,1421.17,14.62,21.61,552.4,2388.17,9065.09,1.3,47.89,520.36,2388.23,8133.02,8.4943,0.03,395,2388,100.0,38.58,23.314,16
98,141,0.0002,-0.0002,100.0,518.67,643.28,1587.88,1424.33,14.62,21.61,551.96,2388.21,9063.13,1.3,47.84,520.62,2388.17,8135.55,8.5124,0.03,395,2388,100.0,38.45,23.1511,15
98,142,0.0062,0.0002,100.0,518.67,643.59,1597.32,1419.68,14.62,21.61,552.4,2388.2,9069.51,1.3,47.88,520.39,2388.17,8139.2,8.4901,0.03,393,2388,100.0,38.69,23.2351,14
98,143,0.0007,0.0004,100.0,518.67,643.07,1597.23,1430.24,14.62,21.61,551.72,2388.19,9073.09,1.3,47.98,520.49,2388.26,8137.67,8.4828,0.03,394,2388,100.0,38.74,23.1984,13
98,144,0.0006,0.0003,100.0,518.67,643.61,1596.57,1419.65,14.62,21.61,552.02,2388.19,9057.36,1.3,48.09,520.52,2388.21,8138.49,8.4843,0.03,395,2388,100.0,38.63,23.163,12
98,145,-0.0022,-0.0004,100.0,518.67,643.02,1596.19,1425.81,14.62,21.61,551.73,2388.23,9064.02,1.3,47.87,520.35,2388.16,8133.04,8.491,0.03,396,2388,100.0,38.52,23.174,11
98,146,0.0009,-0.0002,100.0,518.67,642.88,1594.9,1423.26,14.62,21.61,552.54,2388.19,9064.64,1.3,48.07,520.16,2388.25,8133.11,8.506,0.03,394,2388,100.0,38.62,23.1121,10
98,147,0.0036,0.0004,100.0,518.67,644.39,1599.15,1419.19,14.62,21.61,551.93,2388.27,9055.47,1.3,48.07,520.35,2388.21,8135.38,8.5023,0.03,394,2388,100.0,38.55,23.0201,9
98,148,0.0002,-0.0005,100.0,518.67,643.35,1606.24,1427.64,14.62,21.61,551.48,2388.22,9060.29,1.3,48.0,519.87,2388.23,8128.91,8.5171,0.03,395,2388,100.0,38.55,23.1058,8
98,149,-0.0023,-0.0004,100.0,518.67,643.23,1604.83,1420.38,14.62,21.61,552.01,2388.22,9064.76,1.3,47.92,519.88,2388.19,8138.52,8.4739,0.03,394,2388,100.0,38.63,23.2567,7
98,150,0.0027,0.0001,100.0,518.67,643.25,1602.22,1428.44,14.62,21.61,551.39,2388.22,9058.24,1.3,48.1,519.88,2388.19,8130.35,8.5225,0.03,396,2388,100.0,38.67,23.1656,6
98,151,-0.0031,-0.0001,100.0,518.67,643.49,1605.44,1430.65,14.62,21.61,551.49,2388.21,9059.86,1.3,47.98,520.0,2388.27,8130.39,8.4897,0.03,396,2388,100.0,38.53,23.13,5
98,152,0.0011,-0.0,100.0,518.67,643.7,1601.54,1430.44,14.62,21.61,551.27,2388.22,9065.01,1.3,48.19,520.42,2388.22,8130.96,8.5174,0.03,396,2388,100.0,38.34,23.1092,4
98,153,-0.0013,-0.0001,100.0,518.67,643.9,1598.11,1424.08,14.62,21.61,552.29,2388.26,9058.62,1.3,48.23,519.83,2388.25,8136.99,8.4983,0.03,396,2388,100.0,38.53,23.0466,3
98,154,-0.0005,-0.0002,100.0,518.67,643.68,1602.37,1428.99,14.62,21.61,551.75,2388.23,9058.97,1.3,48.1,519.88,2388.23,8133.76,8.5023,0.03,395,2388,100.0,38.57,23.1139,2
98,155,-0.0003,-0.0003,100.0,518.67,643.96,1602.49,1424.95,14.62,21.61,551.84,2388.31,9055.83,1.3,48.23,519.44,2388.3,8126.76,8.5058,0.03,396,2388,100.0,38.48,23.0874,1
98,156,0.0077,-0.0003,100.0,518.67,643.02,1603.77,1432.16,14.62,21.61,551.52,2388.24,9058.54,1.3,48.29,519.55,2388.26,8122.22,8.5308,0.03,396,2388,100.0,38.33,23.1137,0
99,1,0.0011,0.0005,100.0,518.67,641.69,1586.17,1391.14,14.62,21.61,554.09,2388.03,9064.32,1.3,47.41,522.65,2388.06,8131.23,8.4038,0.03,391,2388,100.0,39.01,23.4007,184
99,2,0.0004,0.0001,100.0,518.67,641.93,1588.58,1402.26,14.62,21.61,554.39,2388.08,9053.22,1.3,47.25,521.61,2388.06,8132.7,8.4303,0.03,392,2388,100.0,39.05,23.422,183
99,3,0.0005,0.0002,100.0,518.67,642.21,1588.22,1404.55,14.62,21.61,554.26,2388.08,9056.56,1.3,47.3,522.55,2388.02,8132.44,8.4122,0.03,391,2388,100.0,39.0,23.4059,182
99,4,-0.0021,-0.0003,100.0,518.67,642.49,1587.64,1394.6,14.62,21.61,554.43,2388.06,9060.9,1.3,47.28,521.86,2388.07,8133.19,8.3839,0.03,391,2388,100.0,39.15,23.3759,181
99,5,0.0008,0.0002,100.0,518.67,642.25,1583.02,1403.49,14.62,21.61,554.19,2388.02,9052.97,1.3,47.18,521.95,2388.06,8132.3,8.4181,0.03,392,2388,100.0,38.98,23.3824,180
99,6,0.0033,-0.0004,100.0,518.67,641.46,1586.64,1401.9,14.62,21.61,554.11,2388.02,9055.16,1.3,47.15,522.38,2388.04,8140.25,8.3751,0.03,390,2388,100.0,38.85,23.4206,179
99,7,-0.0032,-0.0001,100.0,518.67,642.02,1584.95,1407.88,14.62,21.6,553.74,2388.02,9054.7,1.3,47.31,522.31,2388.07,8133.85,8.442,0.03,392,2388,100.0,39.11,23.4092,178
99,8,0.0002,-0.0005,100.0,518.67,642.68,1587.4,1391.01,14.62,21.61,554.67,2388.02,9054.3,1.3,47.45,521.96,2388.05,8140.33,8.4213,0.03,393,2388,100.0,39.09,23.3394,177
99,9,-0.0003,0.0004,100.0,518.67,642.18,1577.83,1402.74,14.62,21.61,553.46,2388.07,9058.03,1.3,47.3,521.87,2388.06,8136.49,8.3787,0.03,392,2388,100.0,38.92,23.4099,176
99,10,0.0021,0.0003,100.0,518.67,641.89,1584.64,1394.87,14.62,21.61,554.12,2388.02,9053.56,1.3,47.32,521.73,2388.05,8139.55,8.4089,0.03,391,2388,100.0,39.08,23.3028,175
99,11,0.0026,-0.0003,100.0,518.67,641.78,1584.18,1402.93,14.62,21.61,553.77,2388.03,9057.11,1.3,47.3,521.93,2388.08,8141.6,8.401,0.03,392,2388,100.0,38.85,23.3946,174
99,12,0.0004,0.0003,100.0,518.67,642.19,1586.32,1400.37,14.62,21.61,554.19,2388.04,9053.93,1.3,47.24,522.31,2388.04,8137.03,8.3713,0.03,392,2388,100.0,38.95,23.348,173
99,13,0.0024,-0.0003,100.0,518.67,642.61,1582.63,1401.53,14.62,21.61,554.26,2388.05,9057.7,1.3,47.26,522.52,2388.05,8143.03,8.4046,0.03,392,2388,100.0,39.04,23.398,172
99,14,0.0006,-0.0005,100.0,518.67,642.35,1586.21,1405.73,14.62,21.61,554.01,2388.1,9056.64,1.3,47.06,522.65,2388.08,8136.98,8.4146,0.03,393,2388,100.0,38.98,23.3352,171
99,15,0.0031,0.0003,100.0,518.67,643.11,1580.86,1397.06,14.62,21.61,554.61,2388.08,9057.25,1.3,47.2,521.97,2388.08,8137.24,8.4288,0.03,394,2388,100.0,38.99,23.4502,170
99,16,0.0018,0.0003,100.0,518.67,641.85,1581.41,1408.72,14.62,21.61,553.65,2388.05,9061.91,1.3,47.44,521.72,2388.06,8138.45,8.3972,0.03,393,2388,100.0,38.91,23.3309,169
99,17,-0.0022,-0.0004,100.0,518.67,642.31,1583.0,1400.57,14.62,21.61,553.56,2388.0,9056.2,1.3,47.2,522.55,2387.99,8131.89,8.3898,0.03,392,2388,100.0,38.89,23.4659,168
99,18,-0.0021,0.0004,100.0,518.67,642.6,1583.21,1405.55,14.62,21.61,554.18,2388.03,9050.81,1.3,47.17,521.82,2387.99,8138.21,8.4418,0.03,392,2388,100.0,39.0,23.3785,167
99,19,-0.0003,-0.0002,100.0,518.67,642.56,1583.55,1401.88,14.62,21.61,554.19,2388.09,9047.98,1.3,47.28,521.87,2388.04,8133.32,8.3837,0.03,393,2388,100.0,39.01,23.3041,166
99,20,-0.0025,-0.0004,100.0,518.67,642.38,1580.21,1398.14,14.62,21.61,553.91,2388.0,9051.56,1.3,47.37,522.32,2388.06,8137.24,8.378,0.03,391,2388,100.0,38.9,23.3528,165
99,21,-0.0023,-0.0005,100.0,518.67,642.46,1589.27,1401.16,14.62,21.61,554.25,2388.04,9059.85,1.3,47.16,522.05,2388.03,8138.26,8.3895,0.03,391,2388,100.0,39.13,23.3479,164
99,22,-0.0005,0.0004,100.0,518.67,642.19,1586.16,1404.0,14.62,21.61,554.22,2388.05,9058.75,1.3,47.24,522.27,2388.04,8133.68,8.4273,0.03,392,2388,100.0,39.04,23.386,163
99,23,0.0004,-0.0004,100.0,518.67,642.26,1583.33,1405.54,14.62,21.61,554.78,2388.02,9057.64,1.3,47.45,522.24,2388.13,8136.55,8.3916,0.03,392,2388,100.0,39.07,23.3914,162
99,24,-0.0018,0.0005,100.0,518.67,642.16,1581.29,1401.38,14.62,21.61,553.11,2388.08,9050.28,1.3,47.06,522.21,2388.03,8133.8,8.3879,0.03,393,2388,100.0,38.99,23.454,161
99,25,-0.0009,0.0004,100.0,518.67,642.1,1589.73,1394.99,14.62,21.61,553.33,2388.13,9056.55,1.3,47.36,522.05,2388.06,8136.86,8.414,0.03,391,2388,100.0,39.07,23.3418,160
99,26,-0.0018,0.0002,100.0,518.67,642.18,1591.84,1398.46,14.62,21.61,554.65,2388.04,9050.27,1.3,47.26,521.77,2388.07,8139.01,8.3824,0.03,392,2388,100.0,38.85,23.3222,159
99,27,-0.0036,0.0001,100.0,518.67,642.5,1587.57,1401.83,14.62,21.61,554.21,2388.02,9053.71,1.3,47.22,521.89,2388.0,8140.69,8.4322,0.03,392,2388,100.0,38.94,23.3923,158
99,28,-0.0014,0.0003,100.0,518.67,642.21,1582.97,1392.53,14.62,21.61,554.44,2388.02,9057.51,1.3,47.31,522.3,2388.08,8136.24,8.3945,0.03,392,2388,100.0,39.18,23.2712,157
99,29,-0.0016,0.0,100.0,518.67,642.15,1594.17,1399.51,14.62,21.61,554.0,2388.08,9051.46,1.3,47.23,522.14,2388.03,8136.91,8.4036,0.03,391,2388,100.0,38.96,23.3564,156
99,30,0.0013,-0.0,100.0,518.67,642.1,1586.84,1402.89,14.62,21.61,554.15,2388.07,9057.65,1.3,47.08,522.37,2388.08,8139.75,8.4196,0.03,392,2388,100.0,39.02,23.3313,155
99,31,0.0004,0.0003,100.0,518.67,642.81,1580.48,1400.89,14.62,21.61,553.88,2388.03,9054.22,1.3,47.17,521.6,2388.07,8142.22,8.4381,0.03,393,2388,100.0,38.79,23.3038,154
99,32,-0.0015,0.0002,100.0,518.67,642.29,1581.47,1401.43,14.62,21.61,553.85,2388.09,9056.37,1.3,47.37,521.9,2388.1,8133.84,8.439,0.03,393,2388,100.0,39.0,23.3889,153
99,33,-0.003,0.0004,100.0,518.67,642.7,1584.69,1406.07,14.62,21.61,553.19,2388.01,9055.64,1.3,47.19,522.08,2388.03,8142.88,8.4019,0.03,392,2388,100.0,38.97,23.452,152
99,34,-0.0017,0.0,100.0,518.67,642.43,1587.55,1398.13,14.62,21.61,554.41,2388.09,9053.68,1.3,47.42,521.84,2388.03,8138.06,8.4312,0.03,392,2388,100.0,39.01,23.307,151
99,35,0.0003,-0.0004,100.0,518.67,642.67,1582.74,1399.51,14.62,21.61,553.63,2388.07,9057.53,1.3,47.44,522.17,2388.05,8137.87,8.4283,0.03,393,2388,100.0,38.86,23.4327,150
99,36,-0.0018,-0.0002,100.0,518.67,641.75,1582.24,1403.9,14.62,21.61,554.96,2388.06,9053.59,1.3,47.43,522.62,2388.04,8138.2,8.4303,0.03,394,2388,100.0,38.96,23.452,149
99,37,-0.0015,-0.0001,100.0,518.67,642.38,1583.16,1400.86,14.62,21.61,554.19,2388.06,9061.12,1.3,47.38,522.68,2388.0,8134.8,8.3941,0.03,392,2388,100.0,38.88,23.3606,148
99,38,-0.001,-0.0002,100.0,518.67,642.13,1584.93,1408.46,14.62,21.61,555.07,2388.02,9063.85,1.3,47.22,522.75,2388.03,8139.57,8.4062,0.03,393,2388,100.0,39.17,23.3277,147
99,39,-0.0009,0.0003,100.0,518.67,642.26,1582.63,1399.6,14.62,21.61,555.03,2388.01,9060.91,1.3,47.21,521.81,2388.06,8139.83,8.3901,0.03,392,2388,100.0,38.95,23.3281,146
99,40,0.0013,0.0002,100.0,518.67,642.02,1589.95,1400.82,14.62,21.61,554.32,2388.0,9057.69,1.3,47.35,522.12,2388.02,8136.75,8.4319,0.03,391,2388,100.0,38.9,23.3708,145
99,41,0.0036,-0.0002,100.0,518.67,641.88,1588.07,1402.1,14.62,21.6,554.14,2388.11,9054.4,1.3,47.4,522.22,2388.07,8139.82,8.3759,0.03,392,2388,100.0,38.78,23.4523,144
99,42,0.0037,-0.0001,100.0,518.67,642.26,1586.81,1409.67,14.62,21.61,554.37,2388.06,9054.48,1.3,47.26,522.41,2388.08,8136.51,8.4311,0.03,393,2388,100.0,38.92,23.3913,143
99,43,-0.0001,-0.0003,100.0,518.67,642.08,1583.88,1395.34,14.62,21.61,554.02,2388.1,9058.25,1.3,47.34,522.02,2388.05,8135.4,8.4287,0.03,393,2388,100.0,39.01,23.3901,142
99,44,-0.0013,-0.0004,100.0,518.67,642.73,1581.72,1404.9,14.62,21.61,553.98,2388.06,9053.88,1.3,47.28,522.12,2388.05,8138.15,8.4027,0.03,392,2388,100.0,38.88,23.4643,141
99,45,-0.0012,-0.0001,100.0,518.67,642.33,1586.14,1402.87,14.62,21.61,554.17,2388.07,9058.63,1.3,47.28,522.04,2388.07,8141.55,8.3991,0.03,392,2388,100.0,38.87,23.3812,140
99,46,0.0,0.0002,100.0,518.67,642.57,1591.82,1406.86,14.62,21.61,553.98,2388.06,9059.5,1.3,47.24,522.09,2388.04,8140.39,8.4285,0.03,392,2388,100.0,38.99,23.2691,139
99,47,-0.0018,0.0,100.0,518.67,642.13,1586.01,1398.52,14.62,21.61,554.62,2388.09,9062.04,1.3,47.32,522.5,2388.05,8136.25,8.4356,0.03,393,2388,100.0,39.03,23.3823,138
99,48,0.0019,0.0003,100.0,518.67,642.26,1584.55,1404.46,14.62,21.61,553.97,2388.05,9055.06,1.3,47.31,521.64,2388.02,8133.88,8.4225,0.03,393,2388,100.0,38.93,23.3093,137
99,49,0.0003,-0.0004,100.0,518.67,642.68,1584.27,1403.95,14.62,21.61,554.62,2388.05,9057.64,1.3,47.4,521.7,2388.09,8136.28,8.4101,0.03,391,2388,100.0,39.04,23.4054,136
99,50,-0.0023,-0.0004,100.0,518.67,641.88,1591.72,1400.68,14.62,21.61,554.5,2388.11,9054.98,1.3,47.44,522.24,2388.06,8135.54,8.4188,0.03,391,2388,100.0,38.88,23.3519,135
99,51,-0.001,0.0003,100.0,518.67,642.63,1591.75,1403.08,14.62,21.61,554.11,2388.08,9054.64,1.3,47.23,522.85,2388.01,8136.06,8.4388,0.03,392,2388,100.0,38.79,23.396,134
99,52,0.0022,0.0003,100.0,518.67,641.95,1588.5,1397.35,14.62,21.61,553.34,2388.03,9050.36,1.3,47.55,521.63,2388.08,8138.11,8.4234,0.03,392,2388,100.0,38.97,23.249,133
99,53,-0.002,-0.0001,100.0,518.67,642.77,1587.76,1402.1,14.62,21.61,553.97,2388.06,9061.35,1.3,47.23,522.24,2388.06,8133.26,8.4128,0.03,392,2388,100.0,38.88,23.2709,132
99,54,-0.0049,0.0004,100.0,518.67,641.99,1589.97,1400.29,14.62,21.61,553.85,2388.05,9059.31,1.3,47.32,521.28,2388.11,8136.75,8.4318,0.03,391,2388,100.0,38.98,23.2592,131
99,55,-0.001,-0.0002,100.0,518.67,642.44,1586.52,1397.43,14.62,21.61,553.61,2387.97,9054.62,1.3,47.19,522.11,2388.07,8136.4,8.405,0.03,393,2388,100.0,38.9,23.443,130
99,56,0.0003,0.0005,100.0,518.67,642.09,1590.09,1400.65,14.62,21.61,554.22,2388.07,9063.6,1.3,47.52,521.81,2388.06,8139.41,8.4081,0.03,393,2388,100.0,38.88,23.467,129
99,57,0.0001,0.0005,100.0,518.67,642.07,1587.02,1401.42,14.62,21.61,553.59,2388.03,9052.5,1.3,47.3,522.29,2388.08,8137.97,8.4146,0.03,391,2388,100.0,38.86,23.4333,128
99,58,0.0012,0.0003,100.0,518.67,642.76,1589.86,1397.79,14.62,21.61,553.94,2388.01,9052.49,1.3,47.39,521.89,2388.02,8139.52,8.419,0.03,393,2388,100.0,38.9,23.4608,127
99,59,-0.0014,-0.0,100.0,518.67,642.19,1588.61,1410.52,14.62,21.61,553.36,2388.14,9054.42,1.3,47.34,521.94,2388.03,8134.36,8.4193,0.03,392,2388,100.0,38.72,23.397,126
99,60,-0.0028,0.0004,100.0,518.67,642.16,1586.33,1402.31,14.62,21.61,554.43,2388.04,9054.04,1.3,47.44,521.61,2388.06,8135.08,8.4072,0.03,393,2388,100.0,39.04,23.3517,125
99,61,0.0013,-0.0001,100.0,518.67,642.26,1584.33,1399.36,14.62,21.61,554.55,2388.01,9051.48,1.3,47.21,522.12,2388.06,8141.48,8.4131,0.03,393,2388,100.0,38.83,23.395,124
99,62,0.0003,-0.0002,100.0,518.67,642.42,1599.53,1398.57,14.62,21.61,554.3,2388.02,9063.57,1.3,47.34,522.0,2388.03,8137.2,8.4244,0.03,393,2388,100.0,38.91,23.3605,123
99,63,0.0008,0.0003,100.0,518.67,642.28,1580.25,1393.6,14.62,21.61,553.37,2388.02,9063.41,1.3,47.47,522.23,2388.05,8143.08,8.4238,0.03,394,2388,100.0,38.97,23.3743,122
99,64,0.0008,0.0002,100.0,518.67,641.8,1577.12,1395.95,14.62,21.61,553.78,2388.01,9056.64,1.3,47.32,521.66,2388.05,8140.57,8.4413,0.03,392,2388,100.0,39.0,23.4075,121
99,65,-0.0023,-0.0,100.0,518.67,642.44,1589.66,1406.99,14.62,21.61,554.37,2388.04,9052.37,1.3,47.19,522.25,2388.06,8134.78,8.4222,0.03,392,2388,100.0,39.13,23.4986,120
99,66,0.0023,-0.0004,100.0,518.67,642.81,1592.3,1398.55,14.62,21.61,554.17,2388.06,9056.93,1.3,47.41,521.87,2388.01,8145.15,8.3689,0.03,391,2388,100.0,39.11,23.3709,119
99,67,0.0013,0.0,100.0,518.67,642.5,1583.06,1402.83,14.62,21.61,553.15,2388.09,9059.87,1.3,47.15,521.92,2388.04,8134.75,8.4009,0.03,394,2388,100.0,39.03,23.3992,118
99,68,-0.0018,0.0003,100.0,518.67,642.79,1591.76,1399.98,14.62,21.61,553.68,2388.05,9057.9,1.3,47.17,521.99,2388.05,8128.86,8.3893,0.03,393,2388,100.0,38.98,23.4365,117
99,69,0.0009,0.0001,100.0,518.67,642.23,1583.23,1403.94,14.62,21.61,554.55,2388.06,9056.31,1.3,47.45,521.61,2388.08,8134.6,8.423,0.03,391,2388,100.0,38.86,23.363,116
99,70,0.0024,0.0003,100.0,518.67,642.64,1585.1,1396.42,14.62,21.61,553.7,2388.08,9058.42,1.3,47.32,521.5,2388.0,8133.57,8.4078,0.03,392,2388,100.0,38.87,23.3361,115
99,71,-0.0001,0.0001,100.0,518.67,642.21,1588.34,1405.04,14.62,21.61,554.41,2388.04,9058.36,1.3,47.44,521.66,2388.03,8130.53,8.4073,0.03,392,2388,100.0,39.11,23.4205,114
99,72,0.0016,0.0,100.0,518.67,642.15,1590.18,1404.94,14.62,21.61,554.76,2388.07,9058.68,1.3,47.29,521.77,2388.05,8135.46,8.3707,0.03,392,2388,100.0,38.93,23.4045,113
99,73,0.0008,0.0003,100.0,518.67,642.13,1590.01,1403.5,14.62,21.61,553.97,2388.01,9056.24,1.3,47.45,521.9,2388.03,8139.7,8.4189,0.03,393,2388,100.0,39.0,23.2735,112
99,74,0.0009,0.0001,100.0,518.67,642.56,1586.01,1406.32,14.62,21.61,553.38,2388.03,9056.89,1.3,47.18,522.0,2388.05,8133.04,8.4336,0.03,391,2388,100.0,38.98,23.4097,111
99,75,0.0006,0.0005,100.0,518.67,642.14,1586.56,1403.68,14.62,21.61,554.16,2388.11,9055.87,1.3,47.14,521.53,2388.05,8140.01,8.3879,0.03,392,2388,100.0,38.85,23.4856,110
99,76,0.0005,0.0,100.0,518.67,641.72,1590.66,1399.15,14.62,21.61,554.54,2388.06,9060.54,1.3,47.42,521.69,2388.05,8141.56,8.39,0.03,392,2388,100.0,39.04,23.3697,109
99,77,0.0029,0.0003,100.0,518.67,642.01,1588.38,1401.42,14.62,21.61,555.02,2388.08,9056.92,1.3,47.4,521.92,2388.06,8139.9,8.4333,0.03,393,2388,100.0,38.82,23.3636,108
99,78,-0.0025,-0.0001,100.0,518.67,642.45,1588.97,1399.74,14.62,21.61,554.55,2388.07,9056.35,1.3,47.36,521.76,2388.05,8141.79,8.4294,0.03,392,2388,100.0,38.99,23.3855,107
99,79,-0.0025,0.0003,100.0,518.67,642.22,1586.26,1402.84,14.62,21.61,553.7,2388.06,9064.16,1.3,47.3,521.68,2388.09,8145.14,8.4071,0.03,393,2388,100.0,38.82,23.3907,106
99,80,-0.0034,-0.0003,100.0,518.67,642.66,1584.48,1405.68,14.62,21.61,554.09,2388.07,9053.94,1.3,47.42,521.89,2388.1,8134.92,8.4008,0.03,392,2388,100.0,38.81,23.2832,105
99,81,0.0031,0.0002,100.0,518.67,642.46,1585.62,1404.45,14.62,21.61,553.66,2388.02,9051.04,1.3,47.3,521.98,2388.07,8140.13,8.4434,0.03,393,2388,100.0,38.88,23.2988,104
99,82,0.004,0.0,100.0,518.67,642.39,1589.81,1401.18,14.62,21.61,553.91,2388.08,9048.36,1.3,47.39,522.01,2388.04,8141.53,8.4046,0.03,391,2388,100.0,38.97,23.3228,103
99,83,0.0008,0.0001,100.0,518.67,642.03,1586.95,1403.33,14.62,21.61,553.57,2388.04,9057.63,1.3,47.4,521.94,2388.03,8135.91,8.4222,0.03,394,2388,100.0,39.07,23.3777,102
99,84,0.0027,0.0003,100.0,518.67,642.6,1587.84,1406.72,14.62,21.61,553.76,2388.06,9053.41,1.3,47.41,522.27,2388.08,8142.88,8.4176,0.03,393,2388,100.0,38.88,23.3038,101
99,85,-0.0011,-0.0004,100.0,518.67,642.83,1596.34,1416.6,14.62,21.61,553.59,2388.12,9062.86,1.3,47.45,521.4,2388.1,8143.82,8.414,0.03,393,2388,100.0,38.75,23.3077,100
99,86,-0.0036,0.0002,100.0,518.67,642.57,1590.87,1403.88,14.62,21.61,553.92,2387.98,9064.16,1.3,47.36,521.83,2388.03,8135.04,8.4129,0.03,393,2388,100.0,38.81,23.3359,99
99,87,-0.0034,-0.0001,100.0,518.67,642.1,1583.11,1400.87,14.62,21.61,553.89,2388.03,9051.89,1.3,47.43,522.09,2388.07,8139.46,8.4363,0.03,393,2388,100.0,38.89,23.3552,98
99,88,0.0001,-0.0003,100.0,518.67,642.15,1586.41,1407.61,14.62,21.61,553.89,2388.06,9056.19,1.3,47.35,521.94,2388.05,8143.94,8.4136,0.03,392,2388,100.0,39.2,23.2502,97
99,89,0.0004,0.0002,100.0,518.67,642.54,1580.09,1398.89,14.62,21.61,553.79,2388.13,9059.83,1.3,47.43,521.45,2388.01,8137.67,8.4359,0.03,392,2388,100.0,38.87,23.4736,96
99,90,-0.0038,0.0002,100.0,518.67,642.51,1590.24,1403.56,14.62,21.61,554.25,2388.05,9059.34,1.3,47.41,522.23,2388.04,8132.05,8.4149,0.03,392,2388,100.0,39.16,23.4668,95
99,91,0.0021,-0.0003,100.0,518.67,642.77,1589.57,1400.7,14.62,21.61,554.0,2387.97,9053.69,1.3,47.41,521.89,2388.06,8139.02,8.4008,0.03,394,2388,100.0,39.04,23.3295,94
99,92,0.001,-0.0003,100.0,518.67,642.56,1580.68,1403.9,14.62,21.61,553.44,2388.1,9054.66,1.3,47.43,521.86,2388.04,8138.09,8.4253,0.03,393,2388,100.0,38.87,23.3287,93
99,93,0.0025,0.0002,100.0,518.67,642.55,1589.25,1402.97,14.62,21.61,553.96,2388.06,9051.24,1.3,47.39,521.89,2388.04,8140.99,8.4355,0.03,393,2388,100.0,38.97,23.2884,92
99,94,-0.0025,-0.0003,100.0,518.67,643.22,1591.12,1402.43,14.62,21.61,553.71,2388.04,9057.28,1.3,47.33,522.25,2388.04,8137.11,8.4333,0.03,392,2388,100.0,39.05,23.288,91
99,95,-0.004,0.0002,100.0,518.67,642.23,1591.63,1401.97,14.62,21.61,554.35,2388.07,9063.61,1.3,47.34,521.81,2388.02,8137.58,8.4034,0.03,393,2388,100.0,38.93,23.4009,90
99,96,-0.0002,-0.0002,100.0,518.67,642.51,1596.06,1406.14,14.62,21.61,554.17,2388.03,9054.24,1.3,47.45,521.55,2388.07,8137.5,8.4015,0.03,393,2388,100.0,38.96,23.3917,89
99,97,-0.0019,-0.0004,100.0,518.67,642.56,1584.88,1399.62,14.62,21.61,553.95,2388.07,9055.14,1.3,47.25,521.11,2388.08,8140.77,8.4282,0.03,395,2388,100.0,39.01,23.3544,88
99,98,0.0022,-0.0001,100.0,518.67,642.42,1591.57,1409.28,14.62,21.61,554.38,2388.01,9060.14,1.3,47.49,521.53,2388.03,8137.11,8.4175,0.03,393,2388,100.0,38.87,23.2451,87
99,99,0.0012,-0.0001,100.0,518.67,642.73,1585.3,1412.48,14.62,21.61,554.4,2388.08,9050.42,1.3,47.4,521.81,2388.1,8131.38,8.4064,0.03,394,2388,100.0,39.04,23.3335,86
99,100,-0.002,-0.0002,100.0,518.67,642.15,1591.06,1407.6,14.62,21.61,553.65,2388.09,9052.75,1.3,47.47,521.48,2388.12,8139.56,8.4152,0.03,392,2388,100.0,38.91,23.2626,85
99,101,-0.0013,-0.0,100.0,518.67,642.33,1588.88,1402.33,14.62,21.61,553.59,2388.09,9060.7,1.3,47.56,521.42,2388.1,8145.55,8.4096,0.03,394,2388,100.0,38.89,23.2587,84
99,102,0.0026,0.0002,100.0,518.67,643.0,1592.56,1404.95,14.62,21.61,553.66,2388.08,9059.93,1.3,47.3,521.16,2388.07,8140.44,8.4199,0.03,393,2388,100.0,38.96,23.4268,83
99,103,0.0007,0.0001,100.0,518.67,642.22,1584.21,1408.0,14.62,21.61,553.67,2388.02,9054.73,1.3,47.57,522.05,2388.12,8136.66,8.4338,0.03,393,2388,100.0,38.84,23.2674,82
99,104,-0.0025,-0.0001,100.0,518.67,642.76,1585.59,1406.4,14.62,21.61,553.98,2388.1,9056.11,1.3,47.43,522.38,2388.08,8133.3,8.4117,0.03,391,2388,100.0,38.91,23.3027,81
99,105,0.0044,-0.0,100.0,518.67,642.26,1590.99,1413.3,14.62,21.61,553.75,2388.01,9056.42,1.3,47.41,522.07,2388.11,8136.82,8.4642,0.03,390,2388,100.0,38.82,23.2148,80
99,106,-0.0005,-0.0002,100.0,518.67,642.52,1594.67,1403.25,14.62,21.61,553.25,2388.07,9059.24,1.3,47.51,521.88,2388.11,8132.09,8.4303,0.03,393,2388,100.0,38.7,23.3228,79
99,107,-0.0015,-0.0004,100.0,518.67,642.63,1584.12,1404.87,14.62,21.61,553.6,2388.11,9062.43,1.3,47.49,521.86,2388.14,8132.64,8.471,0.03,394,2388,100.0,38.88,23.2396,78
99,108,-0.0002,0.0002,100.0,518.67,642.43,1586.46,1400.47,14.62,21.61,554.05,2388.08,9053.91,1.3,47.43,522.03,2388.07,8136.71,8.4337,0.03,393,2388,100.0,38.92,23.4021,77
99,109,0.0024,0.0002,100.0,518.67,642.49,1585.56,1410.12,14.62,21.61,553.73,2388.15,9056.28,1.3,47.55,521.96,2388.12,8136.89,8.3877,0.03,392,2388,100.0,38.78,23.2756,76
99,110,-0.0021,0.0002,100.0,518.67,642.51,1591.79,1410.84,14.62,21.61,553.76,2388.12,9054.64,1.3,47.42,521.6,2388.05,8138.76,8.468,0.03,391,2388,100.0,38.85,23.3668,75
99,111,-0.0046,0.0002,100.0,518.67,642.76,1593.84,1410.1,14.62,21.61,553.47,2388.06,9053.64,1.3,47.64,521.63,2388.11,8136.72,8.4347,0.03,392,2388,100.0,39.01,23.355,74
99,112,0.0031,-0.0002,100.0,518.67,642.45,1589.53,1411.06,14.62,21.61,553.68,2388.02,9052.55,1.3,47.46,521.63,2388.1,8145.06,8.3894,0.03,393,2388,100.0,38.83,23.2951,73
99,113,-0.0,-0.0003,100.0,518.67,643.2,1590.71,1402.66,14.62,21.61,553.72,2388.13,9055.8,1.3,47.47,521.29,2388.06,8145.61,8.4388,0.03,393,2388,100.0,39.1,23.3315,72
99,114,-0.0012,-0.0004,100.0,518.67,643.2,1585.4,1404.81,14.62,21.61,553.8,2388.1,9060.98,1.3,47.84,520.96,2388.1,8137.13,8.4255,0.03,393,2388,100.0,38.86,23.332,71
99,115,-0.0044,-0.0002,100.0,518.67,642.49,1589.41,1408.43,14.62,21.61,553.49,2388.05,9060.78,1.3,47.51,521.38,2388.08,8138.32,8.4265,0.03,394,2388,100.0,38.93,23.2668,70
99,116,-0.0016,0.0002,100.0,518.67,642.41,1594.89,1404.82,14.62,21.61,553.57,2388.1,9063.32,1.3,47.56,521.69,2388.08,8138.79,8.3947,0.03,393,2388,100.0,38.76,23.2987,69
99,117,0.0004,0.0003,100.0,518.67,642.27,1592.28,1404.82,14.62,21.61,553.24,2388.06,9053.64,1.3,47.35,521.59,2388.1,8132.91,8.4047,0.03,391,2388,100.0,38.81,23.2542,68
99,118,0.0009,-0.0,100.0,518.67,642.24,1583.29,1407.97,14.62,21.61,554.01,2388.07,9055.49,1.3,47.37,522.07,2388.09,8135.85,8.4033,0.03,392,2388,100.0,38.81,23.3944,67
99,119,0.0002,-0.0002,100.0,518.67,642.81,1587.63,1409.06,14.62,21.61,553.18,2388.11,9061.86,1.3,47.48,521.54,2388.11,8138.43,8.4483,0.03,392,2388,100.0,38.66,23.2476,66
99,120,-0.0024,-0.0002,100.0,518.67,641.98,1592.68,1396.96,14.62,21.61,553.28,2388.08,9055.34,1.3,47.32,521.4,2388.09,8138.79,8.4516,0.03,393,2388,100.0,38.86,23.3471,65
99,121,-0.0006,0.0,100.0,518.67,642.61,1591.59,1407.89,14.62,21.61,553.41,2388.09,9056.11,1.3,47.49,521.72,2388.1,8139.5,8.4493,0.03,394,2388,100.0,38.92,23.3184,64
99,122,0.0008,0.0003,100.0,518.67,642.52,1587.8,1403.28,14.62,21.61,553.79,2388.13,9044.04,1.3,47.51,521.59,2388.09,8137.31,8.4532,0.03,395,2388,100.0,38.82,23.2366,63
99,123,-0.0037,-0.0001,100.0,518.67,642.57,1592.45,1409.76,14.62,21.61,553.77,2388.11,9057.6,1.3,47.67,521.58,2388.11,8142.04,8.4157,0.03,392,2388,100.0,38.91,23.217,62
99,124,-0.0033,0.0005,100.0,518.67,642.54,1585.3,1410.71,14.62,21.61,553.42,2388.11,9058.02,1.3,47.37,521.46,2388.16,8134.37,8.4694,0.03,394,2388,100.0,38.82,23.3309,61
99,125,-0.002,-0.0001,100.0,518.67,643.0,1592.82,1412.87,14.62,21.61,553.07,2388.14,9057.44,1.3,47.41,521.56,2388.08,8129.7,8.4111,0.03,395,2388,100.0,38.83,23.2922,60
99,126,-0.0015,-0.0003,100.0,518.67,642.88,1589.06,1410.82,14.62,21.61,553.5,2388.12,9053.92,1.3,47.4,521.4,2388.1,8135.46,8.4402,0.03,393,2388,100.0,38.74,23.2894,59
99,127,-0.0008,-0.0003,100.0,518.67,642.76,1592.09,1409.56,14.62,21.61,553.3,2388.11,9059.83,1.3,47.45,521.55,2388.1,8140.49,8.4312,0.03,394,2388,100.0,38.86,23.3106,58
99,128,0.0006,0.0002,100.0,518.67,642.66,1586.95,1414.18,14.62,21.61,553.66,2388.1,9052.85,1.3,47.33,521.53,2388.11,8135.88,8.4452,0.03,393,2388,100.0,38.94,23.2365,57
99,129,-0.0017,-0.0002,100.0,518.67,642.48,1590.45,1408.14,14.62,21.61,553.01,2388.09,9058.22,1.3,47.57,521.06,2388.1,8139.85,8.4071,0.03,395,2388,100.0,38.74,23.3063,56
99,130,0.0011,0.0,100.0,518.67,643.04,1587.66,1407.25,14.62,21.61,553.49,2388.13,9062.15,1.3,47.69,521.27,2388.06,8137.83,8.4387,0.03,393,2388,100.0,38.93,23.3177,55
99,131,-0.0031,-0.0002,100.0,518.67,643.03,1591.33,1414.63,14.62,21.61,553.63,2388.12,9054.7,1.3,47.54,521.46,2388.11,8136.04,8.4708,0.03,395,2388,100.0,38.8,23.2895,54
99,132,0.0038,0.0002,100.0,518.67,642.63,1589.21,1421.31,14.62,21.61,553.14,2388.08,9056.36,1.3,47.56,521.06,2388.09,8134.29,8.4382,0.03,395,2388,100.0,38.77,23.2553,53
99,133,0.0059,0.0,100.0,518.67,643.3,1595.48,1415.53,14.62,21.61,553.67,2388.1,9057.28,1.3,47.57,521.19,2388.09,8134.3,8.4649,0.03,394,2388,100.0,38.86,23.2886,52
99,134,-0.0006,-0.0,100.0,518.67,642.18,1584.97,1408.22,14.62,21.61,553.65,2388.18,9062.28,1.3,47.34,521.55,2388.14,8134.13,8.4438,0.03,393,2388,100.0,38.83,23.2863,51
99,135,0.0034,0.0002,100.0,518.67,642.7,1593.27,1414.14,14.62,21.61,553.27,2388.14,9053.98,1.3,47.53,521.09,2388.15,8135.31,8.4574,0.03,393,2388,100.0,38.52,23.2615,50
99,136,0.0004,-0.0001,100.0,518.67,642.9,1588.16,1415.75,14.62,21.61,553.42,2388.1,9052.69,1.3,47.58,521.53,2388.13,8136.49,8.4513,0.03,394,2388,100.0,38.72,23.3528,49
99,137,-0.0018,0.0004,100.0,518.67,642.55,1587.37,1420.92,14.62,21.61,553.01,2388.11,9058.18,1.3,47.53,520.93,2388.15,8135.36,8.4433,0.03,394,2388,100.0,38.93,23.2642,48
99,138,0.003,0.0002,100.0,518.67,642.74,1591.33,1414.33,14.62,21.61,552.29,2388.16,9049.21,1.3,47.75,521.69,2388.08,8132.83,8.5135,0.03,393,2388,100.0,38.86,23.362,47
99,139,-0.0002,0.0004,100.0,518.67,642.55,1592.34,1405.81,14.62,21.61,553.65,2388.11,9056.76,1.3,47.61,520.91,2388.16,8139.57,8.4625,0.03,393,2388,100.0,38.79,23.1976,46
99,140,-0.0025,-0.0001,100.0,518.67,642.93,1595.86,1409.95,14.62,21.61,552.99,2388.02,9058.8,1.3,47.64,520.85,2388.13,8138.33,8.4712,0.03,394,2388,100.0,38.76,23.2131,45
99,141,0.0004,0.0001,100.0,518.67,642.79,1593.26,1412.81,14.62,21.61,552.91,2388.14,9056.61,1.3,47.61,521.41,2388.13,8141.23,8.465,0.03,394,2388,100.0,38.69,23.2406,44
99,142,-0.0033,-0.0002,100.0,518.67,642.61,1592.68,1410.71,14.62,21.61,552.89,2388.16,9051.01,1.3,47.7,521.32,2388.08,8135.86,8.4563,0.03,395,2388,100.0,38.78,23.2047,43
99,143,0.0002,-0.0004,100.0,518.67,642.71,1592.74,1412.67,14.62,21.61,553.53,2388.15,9057.33,1.3,47.56,521.2,2388.18,8140.99,8.4053,0.03,394,2388,100.0,38.84,23.3185,42
99,144,-0.0014,0.0004,100.0,518.67,643.05,1591.17,1417.14,14.62,21.61,552.66,2388.19,9061.7,1.3,47.59,521.06,2388.09,8132.13,8.4578,0.03,392,2388,100.0,38.77,23.2809,41
99,145,0.0022,-0.0002,100.0,518.67,642.99,1588.93,1411.67,14.62,21.61,552.04,2388.12,9057.82,1.3,47.77,520.63,2388.19,8141.7,8.4887,0.03,393,2388,100.0,38.83,23.1053,40
99,146,-0.0024,-0.0002,100.0,518.67,642.76,1589.84,1415.07,14.62,21.61,552.24,2388.11,9061.93,1.3,47.58,521.29,2388.12,8136.11,8.4493,0.03,394,2388,100.0,38.83,23.3851,39
99,147,0.002,0.0001,100.0,518.67,642.75,1593.61,1418.73,14.62,21.61,553.16,2388.17,9055.58,1.3,47.86,521.38,2388.15,8136.9,8.4573,0.03,395,2388,100.0,38.62,23.3479,38
99,148,-0.0029,0.0002,100.0,518.67,642.34,1588.7,1413.67,14.62,21.61,553.47,2388.12,9059.64,1.3,47.68,521.16,2388.16,8134.82,8.474,0.03,394,2388,100.0,38.83,23.1142,37
99,149,-0.0005,0.0005,100.0,518.67,643.31,1594.62,1408.22,14.62,21.61,552.93,2388.17,9061.51,1.3,47.64,520.59,2388.1,8139.72,8.4476,0.03,395,2388,100.0,38.89,23.2288,36
99,150,0.0006,-0.0001,100.0,518.67,643.04,1587.67,1413.24,14.62,21.61,552.77,2388.14,9061.79,1.3,47.78,520.71,2388.12,8137.15,8.4683,0.03,394,2388,100.0,38.75,23.1938,35
99,151,0.005,0.0004,100.0,518.67,642.46,1593.87,1412.51,14.62,21.61,552.61,2388.16,9061.25,1.3,47.71,521.2,2388.18,8135.73,8.4461,0.03,393,2388,100.0,38.94,23.2105,34
99,152,-0.0034,0.0003,100.0,518.67,642.99,1596.35,1413.5,14.62,21.61,552.2,2388.14,9058.32,1.3,47.91,520.47,2388.11,8136.35,8.4645,0.03,394,2388,100.0,38.63,23.2544,33
99,153,0.0031,0.0001,100.0,518.67,643.67,1593.08,1413.79,14.62,21.61,553.58,2388.18,9048.05,1.3,47.69,520.73,2388.17,8139.16,8.4957,0.03,394,2388,100.0,38.86,23.2623,32
99,154,0.0018,-0.0,100.0,518.67,643.34,1595.65,1406.34,14.62,21.61,552.84,2388.13,9062.73,1.3,47.87,520.54,2388.13,8131.85,8.4735,0.03,393,2388,100.0,38.74,23.2378,31
99,155,-0.0031,0.0,100.0,518.67,642.79,1591.83,1410.65,14.62,21.61,553.18,2388.18,9058.64,1.3,47.72,520.89,2388.22,8139.6,8.4634,0.03,394,2388,100.0,38.62,23.2935,30
99,156,0.0003,0.0001,100.0,518.67,642.7,1595.69,1418.76,14.62,21.61,552.63,2388.18,9054.81,1.3,47.75,520.85,2388.19,8132.33,8.471,0.03,395,2388,100.0,38.56,23.2711,29
99,157,-0.0019,0.0001,100.0,518.67,643.21,1593.98,1411.48,14.62,21.61,552.36,2388.17,9057.03,1.3,47.69,521.02,2388.17,8136.29,8.4301,0.03,395,2388,100.0,38.76,23.2735,28
99,158,-0.0008,-0.0,100.0,518.67,642.98,1586.36,1419.16,14.62,21.61,552.35,2388.2,9054.63,1.3,47.77,521.35,2388.16,8136.11,8.4548,0.03,396,2388,100.0,38.48,23.1447,27
99,159,0.001,0.0005,100.0,518.67,643.58,1589.34,1423.07,14.62,21.61,552.92,2388.15,9059.55,1.3,47.78,520.47,2388.18,8127.92,8.4303,0.03,394,2388,100.0,38.78,23.1769,26
99,160,0.0031,-0.0001,100.0,518.67,643.03,1589.34,1420.74,14.62,21.61,553.19,2388.17,9052.95,1.3,47.79,520.77,2388.18,8133.27,8.4822,0.03,395,2388,100.0,38.65,23.1901,25
99,161,0.003,0.0002,100.0,518.67,642.73,1595.02,1423.85,14.62,21.61,552.24,2388.21,9046.66,1.3,47.95,520.9,2388.2,8131.13,8.4929,0.03,394,2388,100.0,38.86,23.1594,24
99,162,-0.0007,0.0001,100.0,518.67,643.03,1592.73,1421.55,14.62,21.61,552.93,2388.21,9059.79,1.3,47.94,520.72,2388.18,8131.59,8.477,0.03,395,2388,100.0,38.73,23.1239,23
99,163,-0.0018,0.0002,100.0,518.67,643.32,1602.25,1423.21,14.62,21.61,552.32,2388.25,9059.23,1.3,47.8,519.99,2388.22,8133.63,8.514,0.03,395,2388,100.0,38.66,23.2784,22
99,164,-0.004,0.0,100.0,518.67,643.19,1587.96,1418.84,14.62,21.61,552.57,2388.18,9053.15,1.3,47.81,520.27,2388.16,8135.12,8.5064,0.03,394,2388,100.0,38.76,23.087,21
99,165,0.0007,-0.0002,100.0,518.67,643.35,1594.52,1411.23,14.62,21.61,552.19,2388.18,9060.26,1.3,47.79,520.43,2388.17,8134.39,8.5103,0.03,395,2388,100.0,38.74,23.2613,20
99,166,0.0011,-0.0005,100.0,518.67,642.94,1594.5,1416.34,14.62,21.61,552.06,2388.2,9058.1,1.3,47.87,520.2,2388.21,8137.3,8.4852,0.03,397,2388,100.0,38.54,23.1342,19
99,167,0.0039,-0.0004,100.0,518.67,643.32,1596.06,1414.56,14.62,21.61,551.99,2388.21,9055.62,1.3,47.95,520.46,2388.26,8126.58,8.4931,0.03,394,2388,100.0,38.66,23.0035,18
99,168,0.0015,0.0005,100.0,518.67,643.29,1594.27,1419.05,14.62,21.61,551.48,2388.23,9060.87,1.3,47.89,519.76,2388.24,8130.7,8.4851,0.03,396,2388,100.0,38.54,23.0252,17
99,169,0.0028,-0.0003,100.0,518.67,643.18,1601.47,1412.04,14.62,21.61,552.39,2388.19,9066.55,1.3,47.97,519.81,2388.23,8133.79,8.4988,0.03,395,2388,100.0,38.64,23.1979,16
99,170,0.0011,0.0002,100.0,518.67,643.13,1598.69,1425.74,14.62,21.61,552.5,2388.25,9060.82,1.3,48.0,520.15,2388.2,8129.26,8.4981,0.03,396,2388,100.0,38.67,23.2425,15
99,171,0.0005,-0.0002,100.0,518.67,643.28,1597.62,1424.06,14.62,21.61,552.19,2388.23,9054.31,1.3,47.83,520.42,2388.27,8128.8,8.4701,0.03,397,2388,100.0,38.61,23.1183,14
99,172,-0.0012,0.0003,100.0,518.67,643.2,1601.71,1424.56,14.62,21.61,551.69,2388.22,9064.97,1.3,48.05,520.6,2388.21,8129.73,8.4742,0.03,395,2388,100.0,38.65,23.1243,13
99,173,0.0007,-0.0002,100.0,518.67,643.94,1593.05,1420.66,14.62,21.61,551.89,2388.22,9049.51,1.3,48.04,520.33,2388.24,8127.56,8.5194,0.03,393,2388,100.0,38.39,23.1984,12
99,174,-0.002,0.0004,100.0,518.67,643.6,1597.44,1422.01,14.62,21.61,551.7,2388.21,9055.57,1.3,48.02,519.91,2388.19,8131.05,8.5154,0.03,396,2388,100.0,38.67,23.0744,11
99,175,0.0022,-0.0005,100.0,518.67,643.85,1598.4,1423.7,14.62,21.61,551.85,2388.27,9053.73,1.3,47.99,520.42,2388.26,8132.04,8.5181,0.03,396,2388,100.0,38.51,23.148,10
99,176,-0.0005,-0.0004,100.0,518.67,643.44,1595.16,1420.93,14.62,21.61,551.99,2388.21,9057.85,1.3,48.06,519.5,2388.26,8136.92,8.4987,0.03,394,2388,100.0,38.48,23.224,9
99,177,-0.0023,0.0003,100.0,518.67,643.69,1592.46,1429.64,14.62,21.61,551.83,2388.25,9055.1,1.3,48.04,520.04,2388.21,8133.64,8.4787,0.03,397,2388,100.0,38.63,23.1627,8
99,178,-0.0014,0.0,100.0,518.67,643.65,1603.89,1427.84,14.62,21.61,551.81,2388.22,9057.31,1.3,48.09,519.46,2388.23,8124.86,8.5163,0.03,396,2388,100.0,38.56,23.0589,7
99,179,0.0009,0.0002,100.0,518.67,643.27,1598.04,1430.96,14.62,21.61,551.14,2388.29,9058.47,1.3,48.14,519.64,2388.31,8136.11,8.5199,0.03,397,2388,100.0,38.45,23.1405,6
99,180,0.0009,-0.0001,100.0,518.67,643.35,1616.91,1428.75,14.62,21.61,551.23,2388.24,9059.16,1.3,48.26,519.32,2388.22,8128.96,8.4729,0.03,396,2388,100.0,38.49,22.9396,5
99,181,-0.0015,-0.0001,100.0,518.67,643.72,1600.39,1428.03,14.62,21.61,551.09,2388.27,9054.88,1.3,48.23,519.6,2388.29,8123.55,8.4885,0.03,396,2388,100.0,38.5,23.0425,4
99,182,-0.0027,-0.0003,100.0,518.67,643.52,1605.33,1430.32,14.62,21.61,551.61,2388.26,9063.31,1.3,48.16,519.32,2388.27,8130.99,8.5124,0.03,393,2388,100.0,38.39,22.9674,3
99,183,-0.0031,-0.0003,100.0,518.67,643.96,1606.95,1427.9,14.62,21.61,550.86,2388.32,9055.8,1.3,48.48,519.69,2388.31,8126.9,8.5374,0.03,395,2388,100.0,38.57,23.144,2
99,184,-0.001,-0.0001,100.0,518.67,644.1,1600.2,1436.54,14.62,21.61,551.51,2388.29,9060.79,1.3,48.12,519.84,2388.33,8125.66,8.5592,0.03,395,2388,100.0,38.45,23.0478,1
99,185,-0.0019,-0.0004,100.0,518.67,643.93,1598.42,1421.56,14.62,21.61,550.64,2388.29,9050.61,1.3,48.29,519.99,2388.24,8127.53,8.5425,0.03,397,2388,100.0,38.49,23.1931,0
100,1,-0.0033,0.0003,100.0,518.67,642.25,1596.57,1404.52,14.62,21.61,553.99,2388.07,9055.97,1.3,47.36,522.13,2388.14,8146.76,8.4177,0.03,393,2388,100.0,38.72,23.3899,199
100,2,0.001,-0.0004,100.0,518.67,642.37,1589.43,1397.4,14.62,21.6,554.33,2388.06,9060.51,1.3,47.39,521.81,2388.1,8143.56,8.4186,0.03,393,2388,100.0,39.18,23.246,198
100,3,0.0024,-0.0004,100.0,518.67,643.13,1588.55,1397.71,14.62,21.61,554.24,2388.06,9061.79,1.3,47.42,522.17,2388.09,8146.62,8.4391,0.03,393,2388,100.0,38.95,23.2034,197
100,4,0.0014,0.0001,100.0,518.67,642.33,1588.13,1397.93,14.62,21.61,553.94,2388.1,9055.39,1.3,47.5,521.62,2387.97,8146.6,8.4274,0.03,393,2388,100.0,38.77,23.2495,196
100,5,-0.0018,0.0003,100.0,518.67,641.9,1590.02,1400.6,14.62,21.61,553.6,2388.07,9061.86,1.3,47.4,522.04,2388.09,8141.82,8.365,0.03,392,2388,100.0,39.06,23.2351,195
100,6,-0.0013,-0.0004,100.0,518.67,642.19,1588.84,1403.2,14.62,21.61,553.79,2388.04,9059.83,1.3,47.37,522.02,2388.06,8142.28,8.412,0.03,392,2388,100.0,38.91,23.5751,194
100,7,-0.0009,-0.0003,100.0,518.67,642.88,1590.24,1397.64,14.62,21.61,553.7,2388.02,9060.9,1.3,47.54,521.84,2388.07,8139.49,8.4064,0.03,393,2388,100.0,38.99,23.2404,193
100,8,0.0043,0.0002,100.0,518.67,642.76,1585.19,1405.63,14.62,21.61,553.56,2388.07,9057.62,1.3,47.41,521.63,2388.07,8139.02,8.4221,0.03,391,2388,100.0,38.98,23.247,192
100,9,0.0022,0.0,100.0,518.67,642.36,1586.99,1405.23,14.62,21.61,553.97,2388.07,9051.22,1.3,47.41,521.76,2388.06,8137.87,8.4469,0.03,392,2388,100.0,38.93,23.3107,191
100,10,0.005,-0.0002,100.0,518.67,642.4,1589.51,1408.18,14.62,21.61,553.98,2388.06,9063.84,1.3,47.26,521.76,2388.04,8143.77,8.429,0.03,392,2388,100.0,39.06,23.4296,190
100,11,-0.0011,-0.0005,100.0,518.67,642.38,1587.75,1403.69,14.62,21.61,553.43,2388.02,9062.92,1.3,47.46,522.23,2388.02,8146.18,8.3973,0.03,393,2388,100.0,39.04,23.4191,189
100,12,-0.0032,0.0004,100.0,518.67,642.82,1584.34,1406.55,14.62,21.61,553.81,2388.07,9066.16,1.3,47.43,521.76,2388.07,8142.0,8.3963,0.03,393,2388,100.0,38.78,23.3514,188
100,13,0.0004,-0.0005,100.0,518.67,642.39,1587.66,1397.0,14.62,21.61,553.63,2388.01,9067.1,1.3,47.52,521.62,2388.06,8145.4,8.4317,0.03,392,2388,100.0,39.02,23.3646,187
100,14,0.0037,0.0004,100.0,518.67,642.2,1591.53,1404.71,14.62,21.61,553.2,2388.08,9065.8,1.3,47.48,522.16,2388.08,8137.55,8.4267,0.03,391,2388,100.0,38.94,23.3218,186
100,15,-0.0011,-0.0001,100.0,518.67,642.89,1584.27,1406.16,14.62,21.61,553.92,2388.08,9065.53,1.3,47.45,522.12,2388.1,8146.1,8.427,0.03,392,2388,100.0,38.83,23.3122,185
100,16,-0.0001,0.0003,100.0,518.67,641.85,1585.17,1402.02,14.62,21.61,554.67,2388.1,9058.6,1.3,47.39,521.61,2388.09,8137.47,8.4239,0.03,394,2388,100.0,38.93,23.375,184
100,17,0.0023,0.0003,100.0,518.67,641.93,1589.53,1402.42,14.62,21.61,554.03,2388.04,9062.5,1.3,47.17,521.68,2388.05,8143.76,8.4283,0.03,392,2388,100.0,38.89,23.2414,183
100,18,-0.0033,-0.0005,100.0,518.67,642.68,1587.3,1401.1,14.62,21.61,554.24,2388.02,9068.87,1.3,47.4,521.91,2388.04,8143.96,8.3894,0.03,394,2388,100.0,38.91,23.3639,182
100,19,0.0015,0.0,100.0,518.67,641.76,1584.41,1401.32,14.62,21.61,553.6,2388.08,9064.41,1.3,47.36,522.04,2388.07,8144.05,8.4547,0.03,393,2388,100.0,38.89,23.4532,181
100,20,-0.0009,0.0,100.0,518.67,642.25,1589.1,1403.74,14.62,21.61,553.46,2388.06,9065.2,1.3,47.44,521.61,2388.09,8141.29,8.4159,0.03,392,2388,100.0,38.84,23.3421,180
100,21,-0.0,-0.0005,100.0,518.67,643.12,1592.96,1400.04,14.62,21.61,554.4,2388.07,9060.51,1.3,47.4,522.01,2388.04,8143.53,8.403,0.03,393,2388,100.0,38.81,23.4146,179
100,22,-0.0019,0.0,100.0,518.67,641.97,1584.66,1408.27,14.62,21.61,553.85,2388.07,9069.04,1.3,47.36,521.84,2388.1,8146.07,8.4204,0.03,393,2388,100.0,39.02,23.3341,178
100,23,-0.0002,0.0001,100.0,518.67,642.36,1585.63,1408.06,14.62,21.61,553.77,2388.07,9058.47,1.3,47.28,521.65,2388.09,8139.37,8.4358,0.03,392,2388,100.0,38.8,23.3439,177
100,24,0.0017,-0.0001,100.0,518.67,642.39,1582.67,1399.26,14.62,21.61,554.22,2388.06,9046.8,1.3,47.4,521.91,2388.06,8141.12,8.443,0.03,390,2388,100.0,38.94,23.2103,176
100,25,0.0019,-0.0005,100.0,518.67,642.8,1591.79,1404.26,14.62,21.61,553.44,2388.07,9054.88,1.3,47.24,521.69,2388.08,8135.5,8.4473,0.03,391,2388,100.0,38.83,23.3884,175
100,26,-0.0003,-0.0,100.0,518.67,642.37,1593.05,1409.27,14.62,21.61,553.96,2388.12,9057.56,1.3,47.51,522.19,2388.07,8138.24,8.4029,0.03,390,2388,100.0,38.71,23.3509,174
100,27,0.0002,0.0003,100.0,518.67,642.5,1587.63,1405.48,14.62,21.61,553.96,2388.06,9060.08,1.3,47.36,521.84,2388.11,8140.89,8.4242,0.03,392,2388,100.0,38.92,23.3996,173
100,28,0.0,0.0003,100.0,518.67,642.5,1586.03,1404.55,14.62,21.61,554.32,2388.1,9058.6,1.3,47.25,521.56,2388.07,8144.37,8.4474,0.03,394,2388,100.0,38.81,23.3865,172
100,29,0.0019,0.0001,100.0,518.67,642.64,1587.14,1410.27,14.62,21.61,552.83,2388.04,9051.46,1.3,47.33,521.48,2388.01,8142.37,8.4258,0.03,393,2388,100.0,38.83,23.3288,171
100,30,-0.0009,-0.0003,100.0,518.67,642.4,1586.59,1398.54,14.62,21.61,554.08,2388.08,9061.48,1.3,47.37,521.57,2388.03,8141.65,8.4058,0.03,392,2388,100.0,38.88,23.3513,170
100,31,-0.0002,-0.0003,100.0,518.67,642.49,1589.08,1402.83,14.62,21.61,552.97,2388.02,9065.03,1.3,47.32,521.48,2388.11,8144.22,8.4134,0.03,394,2388,100.0,38.9,23.4513,169
100,32,0.0014,0.0003,100.0,518.67,642.83,1591.57,1402.16,14.62,21.61,554.13,2388.07,9061.1,1.3,47.38,521.56,2388.05,8143.26,8.4457,0.03,392,2388,100.0,38.84,23.3812,168
100,33,-0.0029,0.0003,100.0,518.67,642.08,1586.01,1400.43,14.62,21.61,553.56,2388.07,9059.64,1.3,47.4,521.99,2388.08,8139.83,8.4507,0.03,392,2388,100.0,38.83,23.3339,167
100,34,-0.0035,-0.0004,100.0,518.67,642.68,1584.24,1403.31,14.62,21.61,553.35,2388.06,9061.18,1.3,47.33,521.94,2388.08,8141.62,8.4589,0.03,393,2388,100.0,38.99,23.4216,166
100,35,0.0003,0.0001,100.0,518.67,642.34,1588.33,1408.75,14.62,21.61,553.57,2388.02,9060.37,1.3,47.28,521.46,2388.06,8139.44,8.4023,0.03,393,2388,100.0,38.88,23.3595,165
100,36,-0.0019,0.0003,100.0,518.67,642.1,1589.13,1404.27,14.62,21.61,552.88,2388.16,9057.48,1.3,47.44,521.84,2388.03,8142.51,8.447,0.03,393,2388,100.0,38.93,23.4056,164
100,37,-0.0018,-0.0005,100.0,518.67,642.35,1584.41,1402.96,14.62,21.61,552.92,2388.09,9061.4,1.3,47.4,521.76,2388.08,8145.12,8.4212,0.03,393,2388,100.0,38.96,23.3381,163
100,38,-0.0033,-0.0003,100.0,518.67,642.09,1591.0,1397.88,14.62,21.61,553.7,2388.03,9059.62,1.3,47.4,521.82,2388.09,8142.76,8.4515,0.03,393,2388,100.0,38.81,23.3758,162
100,39,0.0021,0.0004,100.0,518.67,641.96,1584.63,1410.99,14.62,21.61,553.62,2388.04,9063.22,1.3,47.51,521.72,2388.09,8147.27,8.4308,0.03,394,2388,100.0,38.91,23.3452,161
100,40,-0.0007,0.0002,100.0,518.67,642.55,1586.92,1409.9,14.62,21.61,553.36,2388.07,9066.42,1.3,47.5,522.24,2388.04,8143.32,8.4446,0.03,392,2388,100.0,39.05,23.3823,160
100,41,0.001,0.0001,100.0,518.67,642.52,1590.51,1396.0,14.62,21.61,553.94,2388.04,9063.69,1.3,47.39,521.99,2388.1,8144.18,8.4582,0.03,392,2388,100.0,39.09,23.4122,159
100,42,-0.0018,-0.0005,100.0,518.67,641.65,1593.0,1406.24,14.62,21.61,553.89,2388.06,9054.22,1.3,47.43,521.73,2388.08,8138.65,8.4419,0.03,392,2388,100.0,39.1,23.3482,158
100,43,-0.0051,-0.0005,100.0,518.67,642.8,1587.73,1397.11,14.62,21.61,552.69,2388.05,9058.7,1.3,47.38,521.77,2388.02,8144.75,8.4069,0.03,392,2388,100.0,38.79,23.3366,157
100,44,0.0012,-0.0002,100.0,518.67,642.34,1593.33,1399.12,14.62,21.61,553.79,2388.1,9058.39,1.3,47.43,522.11,2388.06,8138.12,8.4225,0.03,393,2388,100.0,38.99,23.3048,156
100,45,0.0006,-0.0004,100.0,518.67,642.11,1595.56,1403.01,14.62,21.61,553.38,2388.13,9066.29,1.3,47.45,521.59,2388.09,8143.03,8.4261,0.03,394,2388,100.0,38.93,23.3881,155
100,46,0.0006,0.0002,100.0,518.67,641.89,1590.41,1407.74,14.62,21.61,553.46,2388.03,9060.94,1.3,47.4,522.11,2388.1,8143.25,8.4179,0.03,392,2388,100.0,39.0,23.3354,154
100,47,0.0049,-0.0003,100.0,518.67,642.4,1589.47,1400.46,14.62,21.61,553.56,2388.07,9064.08,1.3,47.33,522.27,2388.01,8140.73,8.4014,0.03,393,2388,100.0,38.95,23.4195,153
100,48,-0.0008,0.0003,100.0,518.67,642.22,1593.61,1407.74,14.62,21.61,554.66,2388.0,9057.82,1.3,47.43,521.79,2388.08,8140.01,8.465,0.03,394,2388,100.0,38.9,23.26,152
100,49,0.0018,0.0001,100.0,518.67,642.71,1587.37,1407.65,14.62,21.61,554.22,2388.07,9063.27,1.3,47.12,522.14,2388.07,8144.3,8.384,0.03,393,2388,100.0,38.88,23.405,151
100,50,0.0005,0.0004,100.0,518.67,642.47,1584.2,1403.28,14.62,21.61,553.53,2388.07,9063.38,1.3,47.31,521.64,2388.05,8141.99,8.4159,0.03,394,2388,100.0,38.88,23.3556,150
100,51,0.0004,0.0001,100.0,518.67,642.61,1586.94,1411.15,14.62,21.61,553.46,2388.06,9063.29,1.3,47.42,521.86,2388.06,8140.0,8.4078,0.03,393,2388,100.0,39.0,23.2991,149
100,52,0.0025,-0.0004,100.0,518.67,642.89,1588.31,1404.65,14.62,21.61,553.95,2388.06,9058.2,1.3,47.34,521.73,2388.06,8142.66,8.3916,0.03,393,2388,100.0,38.89,23.3739,148
100,53,0.0038,0.0004,100.0,518.67,642.46,1587.91,1400.06,14.62,21.61,553.0,2388.06,9062.4,1.3,47.48,521.82,2388.01,8146.28,8.4381,0.03,394,2388,100.0,38.89,23.2749,147
100,54,-0.0009,-0.0002,100.0,518.67,642.56,1588.37,1401.73,14.62,21.61,553.89,2388.08,9057.81,1.3,47.52,521.69,2388.09,8135.19,8.4083,0.03,392,2388,100.0,38.83,23.2969,146
100,55,-0.0044,-0.0002,100.0,518.67,642.32,1587.76,1404.22,14.62,21.61,554.69,2388.08,9062.75,1.3,47.17,521.31,2388.04,8143.46,8.4419,0.03,393,2388,100.0,38.89,23.3735,145
100,56,0.0019,0.0001,100.0,518.67,642.68,1579.42,1403.78,14.62,21.61,554.32,2388.07,9058.01,1.3,47.46,521.39,2388.09,8143.36,8.4091,0.03,393,2388,100.0,38.95,23.284,144
100,57,-0.0036,-0.0005,100.0,518.67,642.7,1591.41,1397.21,14.62,21.61,553.79,2388.06,9067.46,1.3,47.41,521.65,2388.06,8138.76,8.44,0.03,393,2388,100.0,38.83,23.2574,143
100,58,0.0006,-0.0005,100.0,518.67,642.81,1583.0,1403.22,14.62,21.61,553.78,2388.05,9074.49,1.3,47.48,521.39,2388.06,8143.06,8.4515,0.03,393,2388,100.0,38.99,23.2474,142
100,59,0.0007,-0.0001,100.0,518.67,642.44,1592.61,1406.87,14.62,21.61,554.13,2388.03,9066.0,1.3,47.38,521.29,2387.99,8140.58,8.4109,0.03,392,2388,100.0,38.8,23.3673,141
100,60,-0.0033,0.0004,100.0,518.67,643.01,1593.27,1410.68,14.62,21.6,553.32,2388.09,9065.5,1.3,47.46,521.89,2388.02,8146.78,8.4118,0.03,394,2388,100.0,38.89,23.2747,140
100,61,0.0005,-0.0005,100.0,518.67,642.22,1590.65,1404.25,14.62,21.61,553.08,2388.09,9062.26,1.3,47.39,521.73,2388.06,8148.14,8.3933,0.03,392,2388,100.0,38.86,23.1918,139
100,62,-0.0024,-0.0001,100.0,518.67,642.83,1584.5,1411.47,14.62,21.61,553.36,2388.06,9069.14,1.3,47.46,521.62,2388.05,8140.58,8.4139,0.03,393,2388,100.0,38.9,23.2975,138
100,63,-0.0035,-0.0,100.0,518.67,642.28,1583.2,1409.0,14.62,21.61,553.45,2388.13,9067.22,1.3,47.56,521.54,2388.04,8147.91,8.4332,0.03,393,2388,100.0,38.94,23.2606,137
100,64,-0.0011,-0.0004,100.0,518.67,641.92,1587.59,1409.97,14.62,21.61,553.62,2388.07,9060.04,1.3,47.21,521.87,2388.02,8139.29,8.4417,0.03,393,2388,100.0,38.84,23.3614,136
100,65,-0.0002,-0.0001,100.0,518.67,642.5,1593.72,1410.59,14.62,21.61,553.85,2388.1,9057.44,1.3,47.5,522.07,2388.09,8137.73,8.4227,0.03,394,2388,100.0,39.09,23.363,135
100,66,-0.0005,-0.0002,100.0,518.67,642.66,1591.48,1407.63,14.62,21.61,554.37,2388.1,9068.59,1.3,47.46,522.12,2388.05,8145.86,8.4628,0.03,392,2388,100.0,38.85,23.4266,134
100,67,-0.001,-0.0,100.0,518.67,642.95,1582.47,1409.41,14.62,21.61,553.92,2388.05,9058.27,1.3,47.46,521.32,2388.03,8142.33,8.4598,0.03,394,2388,100.0,38.85,23.3233,133
100,68,-0.0015,0.0004,100.0,518.67,642.79,1590.2,1404.67,14.62,21.61,554.16,2388.04,9066.29,1.3,47.45,521.29,2388.05,8147.27,8.4187,0.03,392,2388,100.0,38.96,23.2107,132
100,69,-0.0013,-0.0005,100.0,518.67,642.55,1587.13,1415.27,14.62,21.61,553.54,2388.08,9062.93,1.3,47.5,521.81,2388.08,8142.69,8.4097,0.03,391,2388,100.0,38.74,23.401,131
100,70,0.0015,-0.0004,100.0,518.67,642.0,1586.98,1410.26,14.62,21.61,554.08,2388.04,9065.12,1.3,47.41,521.69,2388.09,8145.55,8.4377,0.03,393,2388,100.0,38.85,23.3086,130
100,71,-0.0014,-0.0003,100.0,518.67,642.38,1583.54,1406.45,14.62,21.61,552.98,2388.08,9064.33,1.3,47.39,521.74,2388.01,8138.64,8.4235,0.03,392,2388,100.0,38.98,23.3037,129
100,72,0.0015,-0.0004,100.0,518.67,642.42,1588.02,1410.46,14.62,21.61,554.11,2388.1,9059.96,1.3,47.49,521.96,2388.05,8142.66,8.4446,0.03,393,2388,100.0,38.82,23.3201,128
100,73,0.0001,0.0002,100.0,518.67,642.4,1587.35,1408.64,14.62,21.61,554.03,2388.06,9067.13,1.3,47.52,522.2,2388.07,8141.5,8.4052,0.03,395,2388,100.0,38.98,23.2318,127
100,74,-0.0001,-0.0006,100.0,518.67,642.19,1586.92,1399.46,14.62,21.61,554.54,2388.06,9060.54,1.3,47.48,521.59,2388.07,8142.66,8.4239,0.03,392,2388,100.0,38.94,23.3564,126
100,75,-0.0018,0.0004,100.0,518.67,642.7,1593.66,1407.71,14.62,21.61,553.56,2388.04,9065.47,1.3,47.35,522.3,2388.06,8142.78,8.4152,0.03,392,2388,100.0,38.86,23.3278,125
100,76,0.002,-0.0006,100.0,518.67,642.55,1586.38,1412.76,14.62,21.61,554.18,2388.09,9058.75,1.3,47.47,521.69,2388.07,8144.65,8.4369,0.03,392,2388,100.0,38.72,23.3806,124
100,77,0.0039,0.0001,100.0,518.67,642.68,1586.45,1408.87,14.62,21.61,552.69,2388.06,9061.88,1.3,47.56,521.8,2388.09,8140.46,8.4007,0.03,394,2388,100.0,38.85,23.2574,123
100,78,0.0001,0.0003,100.0,518.67,642.31,1587.27,1405.75,14.62,21.61,553.91,2388.07,9057.17,1.3,47.36,521.55,2388.05,8144.34,8.4056,0.03,392,2388,100.0,38.94,23.2741,122
100,79,-0.0009,-0.0003,100.0,518.67,642.82,1592.63,1399.94,14.62,21.61,554.0,2388.08,9056.65,1.3,47.6,522.08,2388.05,8140.46,8.4616,0.03,393,2388,100.0,38.74,23.3852,121
100,80,0.0023,-0.0003,100.0,518.67,641.8,1590.87,1405.64,14.62,21.61,552.95,2388.1,9058.89,1.3,47.52,521.69,2388.08,8146.79,8.4675,0.03,396,2388,100.0,38.98,23.1682,120
100,81,0.0011,0.0002,100.0,518.67,642.91,1591.13,1403.38,14.62,21.61,553.47,2388.04,9066.5,1.3,47.44,521.64,2388.09,8143.15,8.4029,0.03,393,2388,100.0,39.03,23.351,119
100,82,0.0045,0.0002,100.0,518.67,642.64,1587.28,1404.68,14.62,21.61,553.45,2388.09,9059.24,1.3,47.55,521.65,2388.06,8141.91,8.4522,0.03,393,2388,100.0,38.53,23.2628,118
100,83,0.0041,0.0001,100.0,518.67,642.23,1593.53,1411.11,14.62,21.61,553.16,2388.07,9063.2,1.3,47.76,521.66,2388.06,8142.35,8.4351,0.03,394,2388,100.0,38.68,23.3406,117
100,84,-0.0007,-0.0002,100.0,518.67,642.24,1593.81,1407.46,14.62,21.61,553.88,2388.09,9062.73,1.3,47.61,521.16,2388.13,8139.42,8.4455,0.03,392,2388,100.0,38.99,23.3335,116
100,85,0.0016,-0.0004,100.0,518.67,642.26,1592.0,1412.81,14.62,21.61,553.89,2388.08,9064.63,1.3,47.33,521.77,2388.07,8137.63,8.4489,0.03,394,2388,100.0,38.72,23.2257,115
100,86,-0.0001,-0.0005,100.0,518.67,643.21,1594.06,1406.27,14.62,21.61,554.0,2388.1,9067.74,1.3,47.62,521.19,2388.14,8150.57,8.4124,0.03,394,2388,100.0,38.9,23.3466,114
100,87,-0.004,-0.0003,100.0,518.67,642.26,1590.8,1402.2,14.62,21.61,553.2,2388.13,9064.03,1.3,47.47,521.71,2388.08,8142.98,8.4472,0.03,393,2388,100.0,38.82,23.2879,113
100,88,-0.0021,-0.0002,100.0,518.67,642.97,1592.72,1404.73,14.62,21.61,553.62,2388.12,9069.74,1.3,47.35,522.09,2388.09,8144.57,8.44,0.03,393,2388,100.0,38.83,23.1952,112
100,89,-0.0022,-0.0005,100.0,518.67,642.54,1591.42,1402.37,14.62,21.61,553.6,2388.09,9059.75,1.3,47.48,520.71,2388.11,8143.71,8.4265,0.03,394,2388,100.0,38.96,23.3632,111
100,90,0.0022,-0.0005,100.0,518.67,642.37,1594.18,1410.9,14.62,21.61,553.2,2388.05,9055.89,1.3,47.53,521.21,2388.11,8141.61,8.4351,0.03,393,2388,100.0,39.1,23.3733,110
100,91,-0.0015,0.0004,100.0,518.67,642.87,1583.41,1406.11,14.62,21.61,553.02,2388.05,9066.52,1.3,47.47,521.5,2388.08,8144.36,8.4711,0.03,392,2388,100.0,38.92,23.3175,109
100,92,0.0008,0.0001,100.0,518.67,642.86,1587.74,1405.16,14.62,21.61,553.48,2388.08,9063.38,1.3,47.47,521.67,2388.09,8141.18,8.4358,0.03,392,2388,100.0,38.99,23.3381,108
100,93,-0.0043,0.0001,100.0,518.67,642.63,1591.57,1415.6,14.62,21.61,553.58,2388.02,9064.71,1.3,47.45,521.68,2388.05,8147.07,8.4364,0.03,394,2388,100.0,38.8,23.3228,107
100,94,-0.0028,-0.0002,100.0,518.67,642.88,1589.58,1404.38,14.62,21.61,552.61,2388.11,9058.25,1.3,47.62,522.08,2388.07,8140.36,8.4,0.03,392,2388,100.0,38.94,23.3167,106
100,95,-0.0025,0.0001,100.0,518.67,642.64,1588.7,1405.42,14.62,21.61,553.16,2388.05,9065.4,1.3,47.47,521.8,2388.08,8143.9,8.4224,0.03,393,2388,100.0,38.73,23.3069,105
100,96,0.0003,-0.0005,100.0,518.67,642.92,1580.58,1410.85,14.62,21.61,553.22,2388.06,9066.69,1.3,47.48,521.21,2388.1,8148.3,8.4191,0.03,394,2388,100.0,38.77,23.199,104
100,97,0.0037,-0.0001,100.0,518.67,642.54,1594.51,1405.88,14.62,21.61,553.37,2388.11,9073.86,1.3,47.47,521.1,2388.04,8145.78,8.4248,0.03,391,2388,100.0,38.84,23.389,103
100,98,-0.0024,0.0003,100.0,518.67,642.79,1589.34,1404.17,14.62,21.61,553.11,2388.08,9068.4,1.3,47.64,521.56,2388.09,8144.6,8.4425,0.03,393,2388,100.0,38.83,23.2491,102
100,99,-0.0004,0.0,100.0,518.67,642.95,1594.81,1405.84,14.62,21.61,553.31,2388.09,9062.18,1.3,47.48,521.58,2388.06,8140.79,8.4007,0.03,393,2388,100.0,38.91,23.3667,101
100,100,-0.0013,-0.0002,100.0,518.67,642.35,1594.59,1404.4,14.62,21.61,552.82,2388.13,9066.9,1.3,47.68,521.05,2388.05,8141.88,8.4521,0.03,395,2388,100.0,38.76,23.2905,100
100,101,-0.003,-0.0004,100.0,518.67,642.19,1585.58,1415.4,14.62,21.61,553.87,2388.06,9062.9,1.3,47.65,521.65,2388.12,8144.1,8.4287,0.03,394,2388,100.0,38.83,23.3244,99
100,102,0.0028,-0.0004,100.0,518.67,642.81,1587.36,1401.05,14.62,21.61,553.26,2388.09,9067.09,1.3,47.59,521.41,2388.06,8139.92,8.442,0.03,394,2388,100.0,38.98,23.1838,98
100,103,-0.0014,0.0001,100.0,518.67,642.7,1588.14,1405.28,14.62,21.61,552.47,2388.08,9066.73,1.3,47.59,521.45,2388.13,8141.16,8.4459,0.03,395,2388,100.0,38.67,23.1666,97
100,104,0.0017,-0.0001,100.0,518.67,642.25,1584.94,1405.65,14.62,21.61,553.85,2388.07,9060.21,1.3,47.38,521.94,2388.09,8148.56,8.4466,0.03,392,2388,100.0,38.88,23.2623,96
100,105,0.0008,-0.0001,100.0,518.67,642.51,1588.76,1407.18,14.62,21.61,553.42,2388.14,9067.65,1.3,47.39,522.01,2388.08,8145.01,8.4303,0.03,393,2388,100.0,38.82,23.3207,95
100,106,-0.0033,-0.0005,100.0,518.67,642.41,1592.35,1406.61,14.62,21.61,553.62,2388.1,9066.56,1.3,47.44,521.3,2388.08,8137.57,8.4096,0.03,393,2388,100.0,38.83,23.2998,94
100,107,-0.0028,0.0002,100.0,518.67,642.17,1586.39,1404.62,14.62,21.61,553.13,2388.11,9066.82,1.3,47.51,521.56,2388.1,8139.24,8.4267,0.03,393,2388,100.0,38.96,23.2582,93
100,108,-0.0049,-0.0002,100.0,518.67,642.11,1595.71,1404.27,14.62,21.61,553.35,2388.13,9068.53,1.3,47.46,521.22,2388.09,8143.72,8.4318,0.03,394,2388,100.0,38.73,23.4211,92
100,109,0.0029,0.0001,100.0,518.67,642.23,1594.45,1406.13,14.62,21.61,552.91,2388.09,9064.06,1.3,47.39,521.83,2388.06,8147.51,8.4285,0.03,394,2388,100.0,38.93,23.3845,91
100,110,0.0006,-0.0004,100.0,518.67,643.37,1587.51,1406.25,14.62,21.61,553.23,2388.14,9062.22,1.3,47.46,520.96,2388.14,8136.26,8.4458,0.03,394,2388,100.0,38.52,23.2913,90
100,111,-0.0019,-0.0005,100.0,518.67,643.12,1585.29,1410.89,14.62,21.61,553.99,2388.08,9065.76,1.3,47.54,521.82,2388.12,8146.75,8.448,0.03,394,2388,100.0,38.78,23.323,89
100,112,-0.0029,0.0003,100.0,518.67,642.88,1588.53,1399.33,14.62,21.61,553.62,2388.06,9058.52,1.3,47.56,521.34,2388.08,8140.4,8.4062,0.03,392,2388,100.0,38.88,23.2731,88
100,113,0.0003,-0.0002,100.0,518.67,642.91,1585.4,1411.93,14.62,21.61,553.45,2388.09,9061.44,1.3,47.52,521.35,2388.08,8150.45,8.4392,0.03,395,2388,100.0,38.62,23.252,87
100,114,-0.0001,-0.0005,100.0,518.67,642.77,1589.75,1408.96,14.62,21.61,553.7,2388.06,9066.23,1.3,47.29,520.96,2388.1,8146.35,8.4242,0.03,394,2388,100.0,38.73,23.328,86
100,115,-0.0012,-0.0001,100.0,518.67,643.23,1593.19,1410.42,14.62,21.61,553.35,2388.09,9067.02,1.3,47.33,521.31,2388.06,8139.14,8.4303,0.03,393,2388,100.0,38.86,23.3282,85
100,116,0.0006,0.0,100.0,518.67,642.36,1591.22,1407.75,14.62,21.61,553.4,2388.11,9071.17,1.3,47.56,521.41,2388.07,8145.15,8.4126,0.03,392,2388,100.0,39.05,23.3016,84
100,117,0.0006,-0.0001,100.0,518.67,642.77,1590.85,1412.0,14.62,21.61,552.79,2388.1,9060.4,1.3,47.51,521.74,2388.13,8143.03,8.4345,0.03,394,2388,100.0,38.79,23.3007,83
100,118,0.0018,-0.0002,100.0,518.67,642.21,1586.56,1405.31,14.62,21.61,553.25,2388.09,9067.24,1.3,47.52,521.33,2388.09,8139.82,8.459,0.03,393,2388,100.0,38.81,23.2483,82
100,119,0.002,-0.0003,100.0,518.67,642.57,1588.46,1405.24,14.62,21.61,553.85,2388.13,9066.63,1.3,47.81,521.1,2388.07,8146.76,8.4512,0.03,394,2388,100.0,38.77,23.2437,81
100,120,0.0004,0.0003,100.0,518.67,642.66,1588.09,1407.57,14.62,21.61,553.76,2388.07,9060.17,1.3,47.7,520.73,2388.07,8145.3,8.4193,0.03,394,2388,100.0,38.78,23.3422,80
100,121,0.0001,-0.0003,100.0,518.67,642.82,1595.0,1408.18,14.62,21.61,552.88,2388.09,9066.41,1.3,47.67,521.09,2388.11,8148.57,8.4716,0.03,393,2388,100.0,38.8,23.2392,79
100,122,-0.0003,-0.0,100.0,518.67,642.09,1595.79,1409.35,14.62,21.61,553.2,2388.11,9065.94,1.3,47.5,521.51,2388.17,8145.34,8.4376,0.03,394,2388,100.0,38.94,23.2959,78
100,123,-0.0012,-0.0005,100.0,518.67,643.57,1585.7,1406.45,14.62,21.61,552.96,2388.09,9063.13,1.3,47.59,521.67,2388.05,8138.76,8.4335,0.03,392,2388,100.0,38.81,23.3136,77
100,124,-0.0016,0.0002,100.0,518.67,642.83,1593.15,1411.26,14.62,21.61,553.62,2388.1,9067.61,1.3,47.77,521.18,2388.08,8140.37,8.4668,0.03,392,2388,100.0,38.91,23.3014,76
100,125,-0.0017,-0.0001,100.0,518.67,642.91,1585.48,1408.02,14.62,21.61,553.26,2388.11,9071.88,1.3,47.74,520.96,2388.13,8140.17,8.4664,0.03,394,2388,100.0,38.73,23.2742,75
100,126,0.0056,0.0002,100.0,518.67,642.79,1596.77,1411.89,14.62,21.61,552.67,2388.1,9066.84,1.3,47.62,521.41,2388.14,8145.54,8.4438,0.03,393,2388,100.0,38.77,23.2112,74
100,127,-0.0017,-0.0005,100.0,518.67,642.65,1589.32,1410.21,14.62,21.61,552.94,2388.13,9066.14,1.3,47.7,521.08,2388.16,8147.55,8.4465,0.03,394,2388,100.0,38.7,23.1842,73
100,128,-0.0021,0.0,100.0,518.67,643.19,1592.88,1415.34,14.62,21.61,552.98,2388.03,9064.52,1.3,47.6,521.22,2388.15,8144.14,8.4586,0.03,394,2388,100.0,38.9,23.2595,72
100,129,0.0042,-0.0005,100.0,518.67,642.47,1587.63,1410.71,14.62,21.61,552.83,2388.04,9067.77,1.3,47.59,521.44,2388.17,8141.62,8.4431,0.03,394,2388,100.0,38.77,23.3381,71
100,130,-0.0022,0.0001,100.0,518.67,642.51,1590.18,1405.59,14.62,21.61,553.51,2388.07,9058.88,1.3,47.49,521.14,2388.08,8137.59,8.4389,0.03,393,2388,100.0,38.73,23.2763,70
100,131,0.002,0.0004,100.0,518.67,643.61,1594.07,1411.33,14.62,21.61,552.92,2388.09,9066.6,1.3,47.71,521.53,2388.09,8143.99,8.4567,0.03,393,2388,100.0,38.8,23.2973,69
100,132,-0.0021,-0.0003,100.0,518.67,643.02,1593.41,1411.12,14.62,21.61,552.85,2388.17,9064.98,1.3,47.63,521.31,2388.11,8145.61,8.4516,0.03,393,2388,100.0,38.82,23.3347,68
100,133,0.0002,-0.0001,100.0,518.67,642.53,1591.15,1411.94,14.62,21.61,552.8,2388.17,9063.15,1.3,47.64,521.2,2388.14,8137.24,8.4328,0.03,395,2388,100.0,38.9,23.1969,67
100,134,-0.0006,-0.0004,100.0,518.67,643.12,1603.18,1411.99,14.62,21.61,553.29,2388.12,9054.82,1.3,47.46,521.09,2388.12,8147.61,8.4667,0.03,393,2388,100.0,38.7,23.2011,66
100,135,-0.0027,0.0,100.0,518.67,643.44,1589.27,1414.95,14.62,21.61,552.43,2388.1,9066.88,1.3,47.51,520.78,2388.05,8140.82,8.4929,0.03,394,2388,100.0,38.69,23.3241,65
100,136,0.0016,-0.0004,100.0,518.67,642.82,1599.46,1410.87,14.62,21.61,553.97,2388.12,9066.74,1.3,47.7,521.35,2388.11,8144.55,8.4474,0.03,393,2388,100.0,38.76,23.3341,64
100,137,-0.0009,0.0003,100.0,518.67,642.7,1591.19,1409.19,14.62,21.61,553.47,2388.13,9063.52,1.3,47.43,521.22,2388.13,8144.7,8.5138,0.03,392,2388,100.0,38.56,23.2542,63
100,138,-0.002,-0.0005,100.0,518.67,642.83,1587.62,1404.92,14.62,21.61,553.41,2388.11,9064.25,1.3,47.56,521.15,2388.16,8144.65,8.4818,0.03,394,2388,100.0,38.79,23.2457,62
100,139,-0.0017,0.0002,100.0,518.67,642.86,1596.71,1408.67,14.62,21.61,552.64,2388.1,9064.89,1.3,47.62,521.29,2388.12,8137.65,8.439,0.03,394,2388,100.0,38.85,23.3012,61
100,140,0.0023,-0.0003,100.0,518.67,642.41,1597.2,1414.0,14.62,21.61,553.06,2388.13,9067.07,1.3,47.63,521.31,2388.12,8139.44,8.4449,0.03,395,2388,100.0,38.74,23.2543,60
100,141,-0.0002,-0.0002,100.0,518.67,642.86,1589.13,1415.16,14.62,21.61,553.79,2388.04,9063.08,1.3,47.54,521.42,2388.13,8142.49,8.4557,0.03,393,2388,100.0,38.75,23.2786,59
100,142,-0.0009,-0.0003,100.0,518.67,642.81,1590.02,1410.49,14.62,21.61,552.93,2388.14,9069.61,1.3,47.68,520.76,2388.08,8146.01,8.4382,0.03,395,2388,100.0,38.58,23.3425,58
100,143,-0.0031,-0.0003,100.0,518.67,642.83,1588.03,1413.06,14.62,21.61,553.04,2388.11,9059.99,1.3,47.77,520.98,2388.13,8145.26,8.4352,0.03,394,2388,100.0,38.52,23.1846,57
100,144,-0.0033,-0.0002,100.0,518.67,642.8,1598.73,1409.35,14.62,21.61,552.95,2388.07,9065.98,1.3,47.71,521.25,2388.11,8149.58,8.4737,0.03,394,2388,100.0,38.72,23.2196,56
100,145,0.0036,0.0004,100.0,518.67,643.41,1593.38,1408.33,14.62,21.61,552.45,2388.11,9066.79,1.3,47.71,521.28,2388.16,8146.83,8.4459,0.03,395,2388,100.0,38.66,23.2525,55
100,146,0.0017,-0.0003,100.0,518.67,642.77,1597.53,1412.87,14.62,21.61,552.33,2388.15,9075.81,1.3,47.53,521.49,2388.16,8144.97,8.4497,0.03,394,2388,100.0,38.91,23.153,54
100,147,-0.0019,0.0003,100.0,518.67,643.19,1598.86,1419.67,14.62,21.61,553.15,2388.14,9057.93,1.3,47.71,521.16,2388.12,8141.9,8.4466,0.03,393,2388,100.0,38.75,23.153,53
100,148,0.0017,0.0003,100.0,518.67,642.73,1589.99,1413.27,14.62,21.61,553.04,2388.12,9063.57,1.3,47.65,521.17,2388.13,8141.62,8.4855,0.03,394,2388,100.0,38.84,23.3424,52
100,149,0.0028,-0.0001,100.0,518.67,643.01,1596.05,1426.01,14.62,21.61,552.96,2388.19,9070.91,1.3,47.83,521.14,2388.13,8144.49,8.4962,0.03,394,2388,100.0,38.51,23.2242,51
100,150,-0.0001,-0.0003,100.0,518.67,642.43,1601.62,1411.04,14.62,21.61,552.98,2388.09,9066.81,1.3,47.76,521.05,2388.13,8140.0,8.4376,0.03,395,2388,100.0,38.62,23.2022,50
100,151,0.0045,0.0003,100.0,518.67,642.67,1586.29,1418.1,14.62,21.61,552.88,2388.17,9066.86,1.3,47.75,521.6,2388.13,8142.62,8.4643,0.03,394,2388,100.0,38.75,23.2139,49
100,152,-0.001,-0.0002,100.0,518.67,643.14,1598.52,1410.88,14.62,21.61,552.67,2388.12,9074.93,1.3,47.79,521.01,2388.1,8144.55,8.4919,0.03,394,2388,100.0,38.82,23.2959,48
100,153,-0.001,-0.0003,100.0,518.67,642.87,1594.54,1411.08,14.62,21.61,552.67,2388.15,9062.27,1.3,47.65,521.16,2388.14,8143.11,8.4594,0.03,394,2388,100.0,38.77,23.1241,47
100,154,0.0003,0.0003,100.0,518.67,642.99,1597.59,1412.94,14.62,21.61,552.55,2388.14,9062.72,1.3,47.76,520.76,2388.16,8146.76,8.475,0.03,394,2388,100.0,38.73,23.1611,46
100,155,0.0019,0.0001,100.0,518.67,642.81,1593.42,1420.62,14.62,21.61,552.37,2388.16,9063.61,1.3,47.88,520.59,2388.18,8145.0,8.4722,0.03,396,2388,100.0,38.83,23.2825,45
100,156,0.0018,-0.0004,100.0,518.67,643.04,1592.9,1413.23,14.62,21.61,552.58,2388.12,9062.58,1.3,47.8,520.44,2388.14,8134.58,8.4768,0.03,392,2388,100.0,38.55,23.2019,44
100,157,0.002,-0.0002,100.0,518.67,643.17,1595.25,1417.47,14.62,21.61,552.59,2388.09,9069.23,1.3,47.82,521.34,2388.14,8144.93,8.4383,0.03,394,2388,100.0,38.65,23.2264,43
100,158,0.0014,-0.0002,100.0,518.67,643.47,1595.56,1408.43,14.62,21.61,552.78,2388.09,9068.32,1.3,47.98,520.67,2388.15,8150.68,8.4588,0.03,395,2388,100.0,38.81,23.1768,42
100,159,-0.0011,0.0002,100.0,518.67,643.33,1594.51,1424.49,14.62,21.61,553.07,2388.14,9067.19,1.3,47.73,520.63,2388.19,8136.18,8.4446,0.03,393,2388,100.0,38.59,23.3186,41
100,160,0.001,0.0001,100.0,518.67,643.15,1597.87,1416.23,14.62,21.61,553.32,2388.17,9070.9,1.3,47.97,520.87,2388.12,8145.44,8.4628,0.03,395,2388,100.0,38.62,23.1095,40
100,161,-0.0052,-0.0002,100.0,518.67,642.92,1594.62,1414.97,14.62,21.61,552.62,2388.18,9063.21,1.3,47.9,520.88,2388.11,8138.05,8.4391,0.03,393,2388,100.0,38.55,23.1508,39
100,162,0.0014,-0.0,100.0,518.67,642.97,1594.75,1410.76,14.62,21.61,553.33,2388.16,9063.32,1.3,47.79,520.25,2388.16,8139.85,8.4718,0.03,394,2388,100.0,38.83,23.2636,38
100,163,0.0009,0.0003,100.0,518.67,643.34,1593.58,1412.89,14.62,21.61,552.34,2388.12,9072.13,1.3,48.01,521.09,2388.15,8144.7,8.4537,0.03,396,2388,100.0,38.44,23.1556,37
100,164,-0.0047,-0.0004,100.0,518.67,642.9,1593.06,1425.39,14.62,21.61,552.14,2388.15,9067.03,1.3,47.86,521.08,2388.14,8143.49,8.4723,0.03,395,2388,100.0,38.74,23.0972,36
100,165,0.001,0.0004,100.0,518.67,643.23,1599.78,1417.44,14.62,21.61,552.29,2388.17,9057.78,1.3,47.82,520.31,2388.19,8146.01,8.4663,0.03,395,2388,100.0,38.41,23.0551,35
100,166,0.0008,-0.0002,100.0,518.67,643.2,1597.24,1419.21,14.62,21.61,551.67,2388.15,9068.65,1.3,47.64,520.35,2388.13,8144.95,8.4679,0.03,395,2388,100.0,38.71,23.0986,34
100,167,0.0018,-0.0004,100.0,518.67,643.57,1596.86,1416.92,14.62,21.61,552.52,2388.14,9076.28,1.3,47.76,520.89,2388.17,8147.65,8.4668,0.03,396,2388,100.0,38.61,23.2275,33
100,168,-0.0027,-0.0002,100.0,518.67,642.97,1593.42,1423.07,14.62,21.61,552.17,2388.22,9062.91,1.3,47.81,520.01,2388.2,8137.79,8.4975,0.03,395,2388,100.0,38.61,23.2625,32
100,169,-0.0019,-0.0003,100.0,518.67,642.85,1593.42,1425.93,14.62,21.61,552.57,2388.13,9072.65,1.3,47.96,520.42,2388.14,8140.16,8.4933,0.03,395,2388,100.0,38.71,23.2161,31
100,170,-0.0034,0.0003,100.0,518.67,642.71,1593.42,1427.68,14.62,21.61,552.22,2388.15,9071.43,1.3,48.01,520.06,2388.19,8147.15,8.5044,0.03,394,2388,100.0,38.63,23.1563,30
100,171,-0.0005,-0.0004,100.0,518.67,643.05,1593.56,1420.48,14.62,21.61,551.8,2388.19,9059.15,1.3,47.9,520.5,2388.18,8144.03,8.5085,0.03,396,2388,100.0,38.81,23.1513,29
100,172,-0.0037,0.0001,100.0,518.67,642.97,1602.35,1424.93,14.62,21.61,552.26,2388.18,9068.14,1.3,48.05,521.04,2388.19,8142.08,8.497,0.03,394,2388,100.0,38.49,23.1922,28
100,173,0.0006,0.0004,100.0,518.67,643.4,1595.53,1418.63,14.62,21.61,552.3,2388.22,9065.81,1.3,47.95,520.22,2388.17,8143.13,8.4856,0.03,393,2388,100.0,38.42,23.1793,27
100,174,0.0011,0.0002,100.0,518.67,642.91,1602.24,1425.52,14.62,21.61,552.22,2388.16,9061.27,1.3,48.02,520.44,2388.15,8143.61,8.499,0.03,395,2388,100.0,38.8,23.1784,26
100,175,-0.0013,-0.0005,100.0,518.67,642.85,1602.03,1416.24,14.62,21.61,551.81,2388.23,9071.42,1.3,47.69,521.17,2388.17,8140.88,8.4851,0.03,394,2388,100.0,38.54,23.0713,25
100,176,-0.0017,-0.0003,100.0,518.67,643.33,1601.44,1421.4,14.62,21.61,552.69,2388.18,9064.75,1.3,47.88,520.76,2388.19,8139.27,8.4405,0.03,396,2388,100.0,38.46,23.102,24
100,177,-0.0011,-0.0005,100.0,518.67,643.34,1593.22,1418.91,14.62,21.61,552.7,2388.15,9075.12,1.3,48.09,520.28,2388.18,8142.95,8.5133,0.03,395,2388,100.0,38.6,23.0352,23
100,178,0.0005,-0.0003,100.0,518.67,642.98,1594.8,1422.69,14.62,21.61,551.86,2388.18,9064.38,1.3,47.92,519.81,2388.16,8141.85,8.4876,0.03,395,2388,100.0,38.55,23.2252,22
100,179,0.002,0.0004,100.0,518.67,643.22,1599.36,1423.94,14.62,21.61,551.83,2388.23,9069.16,1.3,47.94,520.36,2388.19,8138.58,8.5218,0.03,396,2388,100.0,38.62,23.1685,21
100,180,-0.001,0.0001,100.0,518.67,643.64,1595.98,1416.45,14.62,21.61,552.05,2388.24,9062.98,1.3,47.77,520.8,2388.22,8138.98,8.515,0.03,395,2388,100.0,38.54,23.2345,20
100,181,0.0024,-0.0005,100.0,518.67,643.25,1597.83,1414.63,14.62,21.61,552.24,2388.18,9065.34,1.3,47.99,520.42,2388.22,8139.3,8.5518,0.03,396,2388,100.0,38.52,23.1774,19
100,182,0.0007,-0.0001,100.0,518.67,643.52,1604.31,1417.73,14.62,21.61,551.47,2388.19,9063.62,1.3,47.75,520.05,2388.22,8140.87,8.4855,0.03,396,2388,100.0,38.41,23.1289,18
100,183,-0.0011,-0.0002,100.0,518.67,643.34,1594.6,1427.27,14.62,21.61,551.83,2388.2,9066.08,1.3,48.0,520.64,2388.23,8144.21,8.5006,0.03,395,2388,100.0,38.49,23.0709,17
100,184,0.0027,-0.0004,100.0,518.67,642.91,1598.88,1420.89,14.62,21.61,551.72,2388.25,9064.14,1.3,47.98,520.05,2388.2,8142.28,8.4989,0.03,396,2388,100.0,38.44,23.1229,16
100,185,-0.0014,0.0004,100.0,518.67,643.95,1600.81,1420.34,14.62,21.61,551.92,2388.19,9069.95,1.3,47.75,520.71,2388.2,8142.32,8.4804,0.03,395,2388,100.0,38.6,23.2127,15
100,186,0.0026,0.0004,100.0,518.67,643.61,1593.55,1425.32,14.62,21.61,552.28,2388.2,9066.46,1.3,48.06,520.66,2388.27,8138.08,8.4735,0.03,394,2388,100.0,38.51,23.1173,14
100,187,0.0015,0.0002,100.0,518.67,643.63,1596.96,1421.49,14.62,21.61,551.53,2388.22,9065.94,1.3,48.04,520.15,2388.22,8140.49,8.5087,0.03,396,2388,100.0,38.67,23.2308,13
100,188,-0.0008,-0.0002,100.0,518.67,643.19,1597.77,1426.57,14.62,21.61,550.77,2388.26,9067.68,1.3,48.29,519.98,2388.21,8139.94,8.4814,0.03,395,2388,100.0,38.36,23.0552,12
100,189,0.0015,0.0001,100.0,518.67,643.69,1599.85,1423.15,14.62,21.61,551.61,2388.18,9069.69,1.3,47.99,519.5,2388.24,8139.78,8.487,0.03,397,2388,100.0,38.65,23.0591,11
100,190,-0.0001,0.0002,100.0,518.67,643.12,1594.45,1426.04,14.62,21.61,551.06,2388.21,9064.74,1.3,47.99,519.52,2388.26,8142.28,8.5162,0.03,395,2388,100.0,38.42,23.0603,10
100,191,-0.0005,-0.0,100.0,518.67,643.69,1610.87,1427.19,14.62,21.61,551.78,2388.26,9068.9,1.3,48.07,519.8,2388.28,8143.56,8.5092,0.03,398,2388,100.0,38.39,23.1218,9
100,192,-0.0009,0.0001,100.0,518.67,643.53,1601.23,1419.48,14.62,21.61,551.14,2388.17,9060.45,1.3,48.18,520.59,2388.21,8143.46,8.4892,0.03,397,2388,100.0,38.56,23.077,8
100,193,-0.0001,0.0002,100.0,518.67,643.09,1599.81,1428.93,14.62,21.61,552.04,2388.29,9067.57,1.3,48.19,520.11,2388.19,8142.02,8.5424,0.03,397,2388,100.0,38.47,23.023,7
100,194,-0.0011,0.0003,100.0,518.67,643.72,1597.29,1427.41,14.62,21.61,551.99,2388.23,9068.85,1.3,48.12,519.55,2388.22,8139.67,8.5215,0.03,394,2388,100.0,38.38,23.1324,6
100,195,-0.0002,-0.0001,100.0,518.67,643.41,1600.04,1431.9,14.62,21.61,551.42,2388.23,9069.69,1.3,48.22,519.71,2388.28,8142.9,8.5519,0.03,394,2388,100.0,38.14,23.1923,5
100,196,-0.0004,-0.0003,100.0,518.67,643.49,1597.98,1428.63,14.62,21.61,551.43,2388.19,9065.52,1.3,48.07,519.49,2388.26,8137.6,8.4956,0.03,397,2388,100.0,38.49,22.9735,4
100,197,-0.0016,-0.0005,100.0,518.67,643.54,1604.5,1433.58,14.62,21.61,550.86,2388.23,9065.11,1.3,48.04,519.68,2388.22,8136.5,8.5139,0.03,395,2388,100.0,38.3,23.1594,3
100,198,0.0004,0.0,100.0,518.67,643.42,1602.46,1428.18,14.62,21.61,550.94,2388.24,9065.9,1.3,48.09,520.01,2388.24,8141.05,8.5646,0.03,398,2388,100.0,38.44,22.9333,2
100,199,-0.0011,0.0003,100.0,518.67,643.23,1605.26,1426.53,14.62,21.61,550.68,2388.25,9073.72,1.3,48.39,519.67,2388.23,8139.29,8.5389,0.03,395,2388,100.0,38.29,23.064,1
100,200,-0.0032,-0.0005,100.0,518.67,643.85,1600.38,1432.14,14.62,21.61,550.79,2388.26,9061.48,1.3,48.2,519.3,2388.26,8137.33,8.5036,0.03,396,2388,100.0,38.37,23.0522,0
